{
    "HF": -2.145934886474525,
    "coordinates": [
        [
            0.681013,
            0.101525,
            0.030666
        ],
        [
            1.488667,
            -0.107386,
            -0.188808
        ],
        [
            2.208387,
            -0.126442,
            0.109558
        ],
        [
            3.016692,
            0.161257,
            -0.066233
        ]
    ],
    "elements": [
        "H",
        "H",
        "H",
        "H"
    ],
    "Enn": 2.8052095693406867,
    "S": [
        [
            0.9999999999999999,
            0.6848602514927513,
            0.0,
            0.0,
            0.0,
            0.47435505023681984,
            0.5279920274511497,
            0.12616699308080145,
            -0.46428860197418204,
            0.12009473874583468,
            0.11135056149778715,
            0.2971489604989765,
            -0.007517621502323815,
            -0.14554352310107913,
            0.021722983585411103,
            0.008845243393230309,
            0.10181490004527373,
            0.0004230715444179539,
            -0.010197827859880718,
            -0.0002607963909965349
        ],
        [
            0.6848602514927513,
            1.0000000000000002,
            0.0,
            0.0,
            0.0,
            0.5279920274511497,
            0.8503605617222801,
            0.0452453026484042,
            -0.1665005862434466,
            0.04306770470115262,
            0.2971489604989765,
            0.5940110429899124,
            -0.008798023427462852,
            -0.17033250816936618,
            0.025422843972626143,
            0.10181490004527373,
            0.3038568480925902,
            0.0034283806641930373,
            -0.08263858988598159,
            -0.0021133761321951603
        ],
        [
            0.0,
            0.0,
            1.0000000000000004,
            0.0,
            0.0,
            -0.12616699308080148,
            -0.04524530264840419,
            0.3330312037290954,
            0.17516379726349895,
            -0.04530856536352799,
            0.007517621502323811,
            0.008798023427462848,
            0.04415328452986948,
            -0.014039393083256779,
            0.002095438525869104,
            -0.000423071544417954,
            -0.003428380664193037,
            0.0008063034695070577,
            0.0004856024359181706,
            1.2418660570337005e-05
        ],
        [
            0.0,
            0.0,
            0.0,
            1.0000000000000004,
            0.0,
            0.46428860197418204,
            0.16650058624344677,
            0.1751637972634989,
            -0.26396386757515455,
            0.1667333900603936,
            0.14554352310107907,
            0.17033250816936615,
            -0.014039393083256763,
            -0.2269286296852206,
            0.04056835069475733,
            0.010197827859880722,
            0.08263858988598156,
            0.0004856024359181705,
            -0.010878639542413646,
            -0.0002993426630023443
        ],
        [
            0.0,
            0.0,
            0.0,
            0.0,
            1.0000000000000004,
            -0.12009473874583462,
            -0.0430677047011526,
            -0.04530856536352797,
            0.16673339006039353,
            0.33750274722383733,
            -0.021722983585411096,
            -0.02542284397262615,
            0.0020954385258691033,
            0.04056835069475735,
            0.03882345083903315,
            0.0002607963909965349,
            0.002113376132195156,
            1.2418660570337008e-05,
            -0.0002993426630023444,
            0.0008187940790863616
        ],
        [
            0.47435505023681984,
            0.5279920274511497,
            -0.12616699308080145,
            0.46428860197418204,
            -0.12009473874583468,
            0.9999999999999999,
            0.6848602514927513,
            0.0,
            0.0,
            0.0,
            0.5392041819710954,
            0.5538325446346034,
            -0.2017288498975996,
            -0.48661136941977456,
            0.012883991351724577,
            0.10845938195344282,
            0.2939554769942044,
            -0.011312034116308631,
            -0.1410162833414032,
            -0.02479215811631653
        ],
        [
            0.5279920274511497,
            0.8503605617222801,
            -0.045245302648404186,
            0.16650058624344677,
            -0.04306770470115262,
            0.6848602514927513,
            1.0000000000000002,
            0.0,
            0.0,
            0.0,
            0.5538325446346034,
            0.8760701676969156,
            -0.06472821191332488,
            -0.15613772574039325,
            0.004134052828473485,
            0.2939554769942044,
            0.5900145727663781,
            -0.013512418074025643,
            -0.16844636041250707,
            -0.029614656566677285
        ],
        [
            0.12616699308080148,
            0.0452453026484042,
            0.3330312037290954,
            0.17516379726349895,
            -0.04530856536352799,
            0.0,
            0.0,
            1.0000000000000004,
            0.0,
            0.0,
            0.20172884989759954,
            0.06472821191332477,
            0.34950138289506694,
            -0.2534156095992008,
            0.006709675785753301,
            0.011312034116308631,
            0.013512418074025628,
            0.04142741110001216,
            -0.020961956164672342,
            -0.0036853341993397177
        ],
        [
            -0.46428860197418204,
            -0.1665005862434466,
            0.1751637972634989,
            -0.26396386757515455,
            0.1667333900603936,
            0.0,
            0.0,
            0.0,
            1.0000000000000004,
            0.0,
            0.48661136941977423,
            0.1561377257403932,
            -0.2534156095992008,
            -0.1567334745212242,
            0.01618511444508546,
            0.14101628334140315,
            0.16844636041250668,
            -0.02096195616467235,
            -0.21820367336784996,
            -0.045941527962032006
        ],
        [
            0.12009473874583462,
            0.0430677047011526,
            -0.04530856536352797,
            0.16673339006039353,
            0.33750274722383733,
            0.0,
            0.0,
            0.0,
            0.0,
            1.0000000000000004,
            -0.012883991351724577,
            -0.004134052828473483,
            0.006709675785753305,
            0.01618511444508547,
            0.4541284298477841,
            0.024792158116316534,
            0.029614656566677278,
            -0.0036853341993397194,
            -0.04594152796203201,
            0.035031927963663306
        ],
        [
            0.11135056149778715,
            0.2971489604989765,
            0.007517621502323815,
            0.14554352310107918,
            -0.021722983585411103,
            0.5392041819710954,
            0.5538325446346034,
            0.2017288498975996,
            0.48661136941977423,
            -0.012883991351724577,
            0.9999999999999999,
            0.6848602514927513,
            0.0,
            0.0,
            0.0,
            0.46437582568944225,
            0.5237819206864914,
            0.0983717341991169,
            -0.4523232964817149,
            -0.16099487207736307
        ],
        [
            0.2971489604989765,
            0.5940110429899124,
            0.008798023427462848,
            0.17033250816936618,
            -0.025422843972626143,
            0.5538325446346034,
            0.8760701676969156,
            0.06472821191332488,
            0.15613772574039325,
            -0.004134052828473485,
            0.6848602514927513,
            1.0000000000000002,
            0.0,
            0.0,
            0.0,
            0.5237819206864914,
            0.8461268576890029,
            0.03593145190402249,
            -0.16521649135212219,
            -0.05880530164419894
        ],
        [
            -0.007517621502323811,
            -0.00879802342746285,
            0.04415328452986949,
            -0.014039393083256767,
            0.002095438525869103,
            -0.20172884989759954,
            -0.06472821191332477,
            0.34950138289506694,
            -0.2534156095992006,
            0.006709675785753301,
            0.0,
            0.0,
            1.0000000000000004,
            0.0,
            0.0,
            -0.09837173419911689,
            -0.03593145190402248,
            0.33983419113736624,
            0.1362984403264317,
            0.04851253547048962
        ],
        [
            -0.14554352310107907,
            -0.17033250816936615,
            -0.014039393083256775,
            -0.22692862968522054,
            0.04056835069475734,
            -0.48661136941977423,
            -0.1561377257403932,
            -0.25341560959920095,
            -0.15673347452122402,
            0.01618511444508547,
            0.0,
            0.0,
            0.0,
            1.0000000000000004,
            0.0,
            0.4523232964817149,
            0.16521649135212213,
            0.13629844032643185,
            -0.2572376551907398,
            -0.2230656005340098
        ],
        [
            0.021722983585411096,
            0.02542284397262615,
            0.002095438525869104,
            0.04056835069475734,
            0.03882345083903315,
            0.012883991351724577,
            0.004134052828473483,
            0.006709675785753305,
            0.01618511444508546,
            0.4541284298477841,
            0.0,
            0.0,
            0.0,
            0.0,
            1.0000000000000004,
            0.16099487207736304,
            0.05880530164419888,
            0.0485125354704896,
            -0.22306560053400948,
            0.2900810520566848
        ],
        [
            0.008845243393230309,
            0.10181490004527373,
            -0.0004230715444179539,
            0.010197827859880722,
            0.0002607963909965347,
            0.10845938195344282,
            0.2939554769942044,
            0.011312034116308631,
            0.14101628334140315,
            0.02479215811631653,
            0.46437582568944225,
            0.5237819206864914,
            -0.0983717341991169,
            0.4523232964817149,
            0.16099487207736307,
            0.9999999999999999,
            0.6848602514927513,
            0.0,
            0.0,
            0.0
        ],
        [
            0.10181490004527373,
            0.3038568480925902,
            -0.0034283806641930386,
            0.08263858988598165,
            0.0021133761321951564,
            0.2939554769942044,
            0.5900145727663781,
            0.013512418074025654,
            0.1684463604125069,
            0.029614656566677285,
            0.5237819206864914,
            0.8461268576890029,
            -0.03593145190402249,
            0.16521649135212219,
            0.05880530164419894,
            0.6848602514927513,
            1.0000000000000002,
            0.0,
            0.0,
            0.0
        ],
        [
            0.000423071544417954,
            0.003428380664193037,
            0.0008063034695070577,
            0.0004856024359181706,
            1.2418660570337005e-05,
            -0.011312034116308628,
            -0.013512418074025628,
            0.04142741110001216,
            -0.02096195616467235,
            -0.0036853341993397177,
            0.09837173419911689,
            0.035931451904022485,
            0.33983419113736624,
            0.13629844032643185,
            0.04851253547048962,
            0.0,
            0.0,
            1.0000000000000004,
            0.0,
            0.0
        ],
        [
            -0.010197827859880724,
            -0.08263858988598156,
            0.0004856024359181705,
            -0.010878639542413646,
            -0.0002993426630023443,
            -0.1410162833414032,
            -0.16844636041250668,
            -0.020961956164672342,
            -0.21820367336785002,
            -0.04594152796203199,
            -0.4523232964817149,
            -0.16521649135212213,
            0.1362984403264317,
            -0.2572376551907398,
            -0.22306560053400956,
            0.0,
            0.0,
            0.0,
            1.0000000000000004,
            0.0
        ],
        [
            -0.0002607963909965347,
            -0.0021133761321951595,
            1.2418660570337008e-05,
            -0.0002993426630023444,
            0.0008187940790863616,
            -0.024792158116316534,
            -0.029614656566677288,
            -0.0036853341993397194,
            -0.045941527962032026,
            0.035031927963663306,
            -0.16099487207736304,
            -0.05880530164419886,
            0.0485125354704896,
            -0.22306560053400973,
            0.2900810520566848,
            0.0,
            0.0,
            0.0,
            0.0,
            1.0000000000000004
        ]
    ],
    "h": [
        [
            -0.21752287576826146,
            -0.4450938051430515,
            0.05616107367780409,
            -0.22556597557514302,
            0.05872018070751869,
            -0.5263319016585783,
            -0.43290700278431826,
            -0.03127382740796181,
            0.047430716572851916,
            -0.011126829327505222,
            -0.23119959610573107,
            -0.2949100486047469,
            0.052859259496196805,
            0.28276754493841344,
            -0.01630221265314296,
            0.00070792165992134,
            -0.11477087181148429,
            0.00025730528204443576,
            0.05160193663713915,
            0.005694311921584419
        ],
        [
            -0.4450938051430515,
            -0.3103056134066027,
            0.04878734887173543,
            -0.20766040550536485,
            0.053057091938956545,
            -0.5132255600162247,
            -0.3665937493291407,
            -0.08815431227296355,
            0.0847303472453293,
            -0.04110815899501956,
            -0.3252278912352937,
            -0.30793206268073514,
            0.07075316081187948,
            0.18346984135123898,
            -0.017427008777787314,
            -0.11429003231531909,
            -0.1818729665632302,
            -0.009604076609515063,
            0.09966696925446082,
            0.02439580365704656
        ],
        [
            0.05616107367780409,
            0.04878734887173543,
            1.475658635831271,
            0.049491608466505375,
            -0.013025898164280257,
            0.011232079939514944,
            0.041730477690803264,
            0.20880175775441295,
            0.22619268025336092,
            -0.05879417350431661,
            0.019980103377561526,
            0.03482022361756863,
            -0.05282656060240848,
            -0.03488401405806463,
            0.0018954257758191022,
            0.00046580510534772156,
            0.013539540278707133,
            -0.0028848571592223226,
            -0.004566738481856554,
            -0.00048464783689277724
        ],
        [
            -0.22556597557514302,
            -0.20766040550536485,
            0.049491608466505375,
            1.2828066006342196,
            0.05200517122749422,
            -0.0958035461400919,
            -0.19912798861840875,
            0.19787352312450074,
            -0.5883735754278793,
            0.21124901244378225,
            -0.22150290002493783,
            -0.16528767851891196,
            0.05673493583190316,
            0.16021616512773829,
            -0.01578105470532297,
            -0.05210085160365327,
            -0.10205854675983571,
            -0.003463703511353863,
            0.06786891109658297,
            0.008441328758684336
        ],
        [
            0.05872018070751869,
            0.053057091938956545,
            -0.013025898164280257,
            0.05200517122749422,
            1.4763143285759988,
            0.02140226709102186,
            0.048830016230357494,
            -0.05316363787477486,
            0.21781850175221784,
            0.21415865913211107,
            0.04302700837476557,
            0.039869957673241904,
            -0.012514262777524248,
            -0.047293163880786054,
            -0.04076835639544646,
            0.003536361022401652,
            0.018044316167681977,
            0.0001654811331853348,
            -0.004576608713249718,
            -0.003757260707883148
        ],
        [
            -0.5263319016585783,
            -0.5132255600162247,
            0.011232079939514944,
            -0.0958035461400919,
            0.02140226709102186,
            -0.40605898287168185,
            -0.5847683394992043,
            -0.14508656550614135,
            -0.006780410403634862,
            -0.047392830183343164,
            -0.5274196240243045,
            -0.5108407689248513,
            0.024822206399799318,
            0.058604115662604594,
            -0.021448264940040457,
            -0.22588633724677293,
            -0.32259107024554434,
            -0.010662243465155445,
            0.21534633504532033,
            0.05405613477905001
        ],
        [
            -0.43290700278431826,
            -0.3665937493291407,
            0.041730477690803264,
            -0.19912798861840875,
            0.048830016230357494,
            -0.5847683394992043,
            -0.4369925198868838,
            -0.12381744218227583,
            -0.021780933644229783,
            -0.04238289731690094,
            -0.5094050907966916,
            -0.4173458969150434,
            0.09747006712408324,
            0.1327430101463869,
            -0.04279125164649698,
            -0.2907644652780712,
            -0.3061181075388829,
            -0.02573995037741483,
            0.15936240418557635,
            0.051911829553625
        ],
        [
            -0.03127382740796181,
            -0.08815431227296355,
            0.20880175775441295,
            0.19787352312450074,
            -0.05316363787477486,
            -0.14508656550614135,
            -0.12381744218227583,
            1.35758188127164,
            -0.03795111759190759,
            -0.01130270637876974,
            -0.028607999197024392,
            -0.10447464970056182,
            0.22521805023576563,
            -0.3331251602883298,
            0.003561435268428826,
            -0.05434354067619054,
            -0.072703554104838,
            -0.04956750418317919,
            0.057224725295562204,
            0.016599237981683383
        ],
        [
            0.047430716572851916,
            0.0847303472453293,
            0.22619268025336092,
            -0.5883735754278793,
            0.21781850175221784,
            -0.006780410403634862,
            -0.021780933644229783,
            -0.03795111759190759,
            0.9512049338217725,
            0.05160188354628749,
            -0.05409311823255447,
            -0.12820971222028554,
            -0.3377093653465447,
            -0.6106564375321801,
            0.0013742214334953248,
            -0.2783945330003583,
            -0.18137663779124394,
            -0.023579325505222033,
            0.15922504820053585,
            0.06127137225090326
        ],
        [
            -0.011126829327505222,
            -0.04110815899501956,
            -0.05879417350431661,
            0.21124901244378225,
            0.21415865913211107,
            -0.047392830183343164,
            -0.04238289731690094,
            -0.01130270637876974,
            0.05160188354628749,
            1.3954582906856627,
            -0.017957102147028572,
            -0.026056482058033573,
            0.013226982065692844,
            0.0358565230723446,
            0.3586838498670598,
            -0.015233568490353261,
            -0.008654972699224439,
            -0.0006900256133071077,
            0.011830041846260173,
            -0.04039441478974135
        ],
        [
            -0.23119959610573107,
            -0.3252278912352937,
            0.019980103377561526,
            -0.22150290002493783,
            0.04302700837476557,
            -0.5274196240243045,
            -0.5094050907966916,
            -0.028607999197024392,
            -0.05409311823255447,
            -0.017957102147028572,
            -0.3991496278888458,
            -0.5817188003343448,
            0.13186215220063535,
            0.01641140230942821,
            -0.07578426947067982,
            -0.5181075575157346,
            -0.508414643841105,
            -0.007375192333138436,
            0.09522250218030526,
            0.02754974108626712
        ],
        [
            -0.2949100486047469,
            -0.30793206268073514,
            0.03482022361756863,
            -0.16528767851891196,
            0.039869957673241904,
            -0.5108407689248513,
            -0.4173458969150434,
            -0.10447464970056182,
            -0.12820971222028554,
            -0.026056482058033573,
            -0.5817188003343448,
            -0.43647653154472454,
            0.1126710442684418,
            0.028267889329542946,
            -0.06661472114502534,
            -0.42822999501633785,
            -0.3652559493158254,
            -0.03049859848865251,
            0.19173458307814983,
            0.0630886933203493
        ],
        [
            0.052859259496196805,
            0.07075316081187948,
            -0.05282656060240848,
            0.05673493583190316,
            -0.012514262777524248,
            0.024822206399799318,
            0.09747006712408324,
            0.22521805023576563,
            -0.3377093653465447,
            0.013226982065692844,
            0.13186215220063535,
            0.1126710442684418,
            1.3651349694832275,
            -0.050436276084253676,
            0.016427217160485896,
            0.02821835702533118,
            0.0770703742486554,
            0.21691165736250484,
            0.14798570173633502,
            0.055789885777710824
        ],
        [
            0.28276754493841344,
            0.18346984135123898,
            -0.03488401405806463,
            0.16021616512773829,
            -0.047293163880786054,
            0.058604115662604594,
            0.1327430101463869,
            -0.3331251602883298,
            -0.6106564375321801,
            0.0358565230723446,
            0.01641140230942821,
            0.028267889329542946,
            -0.050436276084253676,
            0.9629043289966694,
            -0.05664201463982506,
            -0.05047781217597991,
            -0.0803124376940145,
            0.17342416532377464,
            -0.5693009029963363,
            -0.28799367666561837
        ],
        [
            -0.01630221265314296,
            -0.017427008777787314,
            0.0018954257758191022,
            -0.01578105470532297,
            -0.04076835639544646,
            -0.021448264940040457,
            -0.04279125164649698,
            0.003561435268428826,
            0.0013742214334953248,
            0.3586838498670598,
            -0.07578426947067982,
            -0.06661472114502534,
            0.016427217160485896,
            -0.05664201463982506,
            1.3874072936666624,
            -0.02035154095487357,
            -0.061570852954096644,
            0.06227741776936231,
            -0.2757769374543487,
            0.15531364497998035
        ],
        [
            0.00070792165992134,
            -0.11429003231531909,
            0.00046580510534772156,
            -0.05210085160365327,
            0.003536361022401652,
            -0.22588633724677293,
            -0.2907644652780712,
            -0.05434354067619054,
            -0.2783945330003583,
            -0.015233568490353261,
            -0.5181075575157346,
            -0.42822999501633785,
            0.02821835702533118,
            -0.05047781217597991,
            -0.02035154095487357,
            -0.20996992499080402,
            -0.4414264503270131,
            -0.04212773847574885,
            0.2161295931482184,
            0.07620208644339178
        ],
        [
            -0.11477087181148429,
            -0.1818729665632302,
            0.013539540278707133,
            -0.10205854675983571,
            0.018044316167681977,
            -0.32259107024554434,
            -0.3061181075388829,
            -0.072703554104838,
            -0.18137663779124394,
            -0.008654972699224439,
            -0.508414643841105,
            -0.3652559493158254,
            0.0770703742486554,
            -0.0803124376940145,
            -0.061570852954096644,
            -0.4414264503270131,
            -0.3087186032090441,
            -0.03660944202000714,
            0.20075800076382455,
            0.069247290113462
        ],
        [
            0.00025730528204443576,
            -0.009604076609515063,
            -0.0028848571592223226,
            -0.003463703511353863,
            0.0001654811331853348,
            -0.010662243465155445,
            -0.02573995037741483,
            -0.04956750418317919,
            -0.023579325505222033,
            -0.0006900256133071077,
            -0.007375192333138436,
            -0.03049859848865251,
            0.21691165736250484,
            0.17342416532377464,
            0.06227741776936231,
            -0.04212773847574885,
            -0.03660944202000714,
            1.4841265960390955,
            0.03636080529105675,
            0.013330891434345873
        ],
        [
            0.05160193663713915,
            0.09966696925446082,
            -0.004566738481856554,
            0.06786891109658297,
            -0.004576608713249718,
            0.21534633504532033,
            0.15936240418557635,
            0.057224725295562204,
            0.15922504820053585,
            0.011830041846260173,
            0.09522250218030526,
            0.19173458307814983,
            0.14798570173633502,
            -0.5693009029963363,
            -0.2757769374543487,
            0.2161295931482184,
            0.20075800076382455,
            0.03636080529105675,
            1.2981131488003623,
            -0.06646702530600444
        ],
        [
            0.005694311921584419,
            0.02439580365704656,
            -0.00048464783689277724,
            0.008441328758684336,
            -0.003757260707883148,
            0.05405613477905001,
            0.051911829553625,
            0.016599237981683383,
            0.06127137225090326,
            -0.04039441478974135,
            0.02754974108626712,
            0.0630886933203493,
            0.055789885777710824,
            -0.28799367666561837,
            0.15531364497998035,
            0.07620208644339178,
            0.069247290113462,
            0.013330891434345873,
            -0.06646702530600444,
            1.4694141450856013
        ]
    ]
}