{
    "HF": -2.103286004008993,
    "coordinates": [
        [
            0.786403,
            0.045796,
            0.016236
        ],
        [
            1.526728,
            0.093614,
            -0.050237
        ],
        [
            2.178608,
            0.166809,
            0.04087
        ],
        [
            2.963623,
            -0.152172,
            0.192661
        ]
    ],
    "elements": [
        "H",
        "H",
        "H",
        "H"
    ],
    "Enn": 3.1021662810031163,
    "S": [
        [
            0.9999999999999999,
            0.6848602514927513,
            0.0,
            0.0,
            0.0,
            0.5668161353087262,
            0.56410702262116,
            0.04787375600904718,
            -0.533180966970016,
            -0.034438452677637815,
            0.16190081736625225,
            0.34614169218399166,
            -0.0037077833310764563,
            -0.20954755591626611,
            -0.018214256078734888,
            0.015057628045842073,
            0.12796880136447988,
            -0.0014766639585338992,
            -0.018223167373100053,
            0.0016569772455323167
        ],
        [
            0.6848602514927513,
            1.0000000000000002,
            0.0,
            0.0,
            0.0,
            0.56410702262116,
            0.8861652315990323,
            0.014706561827083579,
            -0.163790341712209,
            -0.010579308492884087,
            0.34614169218399166,
            0.6534184929822053,
            -0.0032343241809363087,
            -0.18278973355201908,
            -0.01588841731377956,
            0.12796880136447988,
            0.3506671797607838,
            -0.007978081410870431,
            -0.0984556520299012,
            0.008952273321508842
        ],
        [
            0.0,
            0.0,
            1.0000000000000004,
            0.0,
            0.0,
            -0.04787375600904718,
            -0.014706561827083587,
            0.48109234024594816,
            0.0621783389513233,
            0.004016133200924428,
            0.0037077833310764554,
            0.0032343241809363096,
            0.07907476454444498,
            -0.007051685311723575,
            -0.0006129453597908388,
            0.001476663958533899,
            0.007978081410870424,
            0.0017841401677882894,
            -0.0019356068428398115,
            0.00017599884966301604
        ],
        [
            0.0,
            0.0,
            0.0,
            1.0000000000000004,
            0.0,
            0.5331809669700158,
            0.16379034171220874,
            0.0621783389513233,
            -0.20581911028711283,
            -0.04472859374444326,
            0.20954755591626611,
            0.18278973355201902,
            -0.0070516853117235665,
            -0.31933060456470697,
            -0.03464096755003671,
            0.018223167373100042,
            0.09845565202990106,
            -0.0019356068428398106,
            -0.02194588833418135,
            0.0021719609775446317
        ],
        [
            0.0,
            0.0,
            0.0,
            0.0,
            1.0000000000000004,
            0.0344384526776378,
            0.010579308492884071,
            0.004016133200924428,
            -0.04472859374444326,
            0.4837862231074475,
            0.018214256078734888,
            0.015888417313779563,
            -0.0006129453597908387,
            -0.034640967550036754,
            0.07618848257435898,
            -0.0016569772455323163,
            -0.008952273321508834,
            0.000175998849663016,
            0.002171960977544632,
            0.0017434969008908042
        ],
        [
            0.5668161353087262,
            0.56410702262116,
            -0.04787375600904718,
            0.5331809669700158,
            0.0344384526776378,
            0.9999999999999999,
            0.6848602514927513,
            0.0,
            0.0,
            0.0,
            0.6339178237935066,
            0.5874859435652946,
            -0.07556045459034644,
            -0.5406428610134791,
            -0.06070496749690374,
            0.13282760540894617,
            0.3193904245879685,
            -0.02869797645331373,
            -0.1697666463943064,
            0.0290391886329001
        ],
        [
            0.56410702262116,
            0.8861652315990323,
            -0.014706561827083582,
            0.163790341712209,
            0.010579308492884075,
            0.6848602514927513,
            1.0000000000000002,
            0.0,
            0.0,
            0.0,
            0.5874859435652946,
            0.9088787199036392,
            -0.02104947321308976,
            -0.15061115609282474,
            -0.016911062726597363,
            0.3193904245879685,
            0.6214073780055089,
            -0.02926254440590128,
            -0.17310642221886388,
            0.02961046916544744
        ],
        [
            0.04787375600904718,
            0.014706561827083584,
            0.48109234024594816,
            0.06217833895132332,
            0.004016133200924429,
            0.0,
            0.0,
            1.0000000000000004,
            0.0,
            0.0,
            0.07556045459034644,
            0.021049473213089757,
            0.5537007110813241,
            -0.08725448016016353,
            -0.009797189168747574,
            0.028697976453313727,
            0.029262544405901283,
            0.049718922244111494,
            -0.053199521928304946,
            0.009099967427453193
        ],
        [
            -0.5331809669700157,
            -0.1637903417122089,
            0.06217833895132328,
            -0.205819110287113,
            -0.04472859374444326,
            0.0,
            0.0,
            0.0,
            1.0000000000000004,
            0.0,
            0.5406428610134791,
            0.15061115609282436,
            -0.08725448016016353,
            -0.058419391574699046,
            -0.07009990094419938,
            0.1697666463943064,
            0.17310642221886346,
            -0.053199521928304926,
            -0.2559967900263213,
            0.053832051711707594
        ],
        [
            -0.034438452677637815,
            -0.010579308492884082,
            0.004016133200924426,
            -0.04472859374444326,
            0.4837862231074475,
            0.0,
            0.0,
            0.0,
            0.0,
            1.0000000000000004,
            0.06070496749690374,
            0.01691106272659736,
            -0.009797189168747578,
            -0.0700999009441994,
            0.5580244081948132,
            -0.0290391886329001,
            -0.029610469165447444,
            0.009099967427453198,
            0.05383205171170764,
            0.04950380062097802
        ],
        [
            0.16190081736625225,
            0.34614169218399166,
            0.0037077833310764554,
            0.20954755591626617,
            0.01821425607873489,
            0.6339178237935066,
            0.5874859435652946,
            0.07556045459034644,
            0.5406428610134791,
            0.06070496749690376,
            0.9999999999999999,
            0.6848602514927513,
            0.0,
            0.0,
            0.0,
            0.4757146312386839,
            0.5285604946691813,
            -0.08757543824148105,
            -0.4529124431035848,
            0.18403529106274988
        ],
        [
            0.34614169218399166,
            0.6534184929822053,
            0.0032343241809363104,
            0.1827897335520192,
            0.015888417313779567,
            0.5874859435652946,
            0.9088787199036392,
            0.02104947321308976,
            0.15061115609282474,
            0.016911062726597363,
            0.6848602514927513,
            1.0000000000000002,
            0.0,
            0.0,
            0.0,
            0.5285604946691813,
            0.8509312295286587,
            -0.03132819779647202,
            -0.16201952153419782,
            0.0658346006108165
        ],
        [
            -0.0037077833310764563,
            -0.003234324180936308,
            0.07907476454444498,
            -0.007051685311723573,
            -0.0006129453597908387,
            -0.07556045459034644,
            -0.021049473213089757,
            0.5537007110813241,
            -0.08725448016016353,
            -0.009797189168747578,
            0.0,
            0.0,
            1.0000000000000004,
            0.0,
            0.0,
            0.08757543824148104,
            0.03132819779647203,
            0.3592959950459426,
            -0.11822139413248997,
            0.04803778083447552
        ],
        [
            -0.20954755591626611,
            -0.18278973355201902,
            -0.007051685311723568,
            -0.31933060456470685,
            -0.03464096755003672,
            -0.5406428610134791,
            -0.15061115609282436,
            -0.08725448016016353,
            -0.058419391574699046,
            -0.0700999009441994,
            0.0,
            0.0,
            0.0,
            1.0000000000000004,
            0.0,
            0.45291244310358425,
            0.1620195215341985,
            -0.11822139413248993,
            -0.22924826642393,
            0.24843619530654498
        ],
        [
            -0.018214256078734888,
            -0.015888417313779556,
            -0.0006129453597908387,
            -0.03464096755003674,
            0.07618848257435898,
            -0.06070496749690374,
            -0.01691106272659736,
            -0.009797189168747574,
            -0.07009990094419938,
            0.5580244081948132,
            0.0,
            0.0,
            0.0,
            0.0,
            1.0000000000000004,
            -0.18403529106274985,
            -0.06583460061081649,
            0.048037780834475505,
            0.24843619530654498,
            0.2812064268487588
        ],
        [
            0.015057628045842073,
            0.12796880136447988,
            0.0014766639585338992,
            0.01822316737310005,
            -0.0016569772455323167,
            0.13282760540894617,
            0.3193904245879685,
            0.028697976453313727,
            0.1697666463943064,
            -0.0290391886329001,
            0.4757146312386839,
            0.5285604946691813,
            0.08757543824148104,
            0.4529124431035848,
            -0.18403529106274988,
            0.9999999999999999,
            0.6848602514927513,
            0.0,
            0.0,
            0.0
        ],
        [
            0.12796880136447988,
            0.3506671797607838,
            0.007978081410870431,
            0.09845565202990117,
            -0.008952273321508844,
            0.3193904245879685,
            0.6214073780055089,
            0.029262544405901286,
            0.1731064222188637,
            -0.02961046916544744,
            0.5285604946691813,
            0.8509312295286587,
            0.031328197796472036,
            0.16201952153419782,
            -0.0658346006108165,
            0.6848602514927513,
            1.0000000000000002,
            0.0,
            0.0,
            0.0
        ],
        [
            -0.001476663958533899,
            -0.007978081410870419,
            0.0017841401677882894,
            -0.0019356068428398115,
            0.00017599884966301604,
            -0.028697976453313727,
            -0.029262544405901276,
            0.049718922244111494,
            -0.05319952192830491,
            0.009099967427453193,
            -0.08757543824148105,
            -0.03132819779647202,
            0.3592959950459426,
            -0.11822139413248997,
            0.04803778083447552,
            0.0,
            0.0,
            1.0000000000000004,
            0.0,
            0.0
        ],
        [
            -0.018223167373100042,
            -0.09845565202990102,
            -0.0019356068428398106,
            -0.02194588833418135,
            0.0021719609775446317,
            -0.1697666463943064,
            -0.17310642221886346,
            -0.05319952192830496,
            -0.2559967900263213,
            0.05383205171170763,
            -0.45291244310358425,
            -0.1620195215341985,
            -0.11822139413248993,
            -0.22924826642393,
            0.24843619530654498,
            0.0,
            0.0,
            0.0,
            1.0000000000000004,
            0.0
        ],
        [
            0.0016569772455323163,
            0.008952273321508835,
            0.000175998849663016,
            0.002171960977544632,
            0.0017434969008908042,
            0.0290391886329001,
            0.02961046916544745,
            0.009099967427453198,
            0.053832051711707615,
            0.04950380062097802,
            0.18403529106274985,
            0.06583460061081649,
            0.048037780834475505,
            0.24843619530654498,
            0.2812064268487588,
            0.0,
            0.0,
            0.0,
            0.0,
            1.0000000000000004
        ]
    ],
    "h": [
        [
            -0.290509935410626,
            -0.4766179886416314,
            0.026026594060599685,
            -0.304311822988093,
            -0.022493950214128037,
            -0.6058855148900102,
            -0.46997284299708153,
            -0.008108436882271197,
            0.010370765609336363,
            -0.008630089344530148,
            -0.31867390321761785,
            -0.34522363435620557,
            0.03164232189456866,
            0.36207942800559806,
            0.024471658966522022,
            -0.014778425446913775,
            -0.145078215837946,
            0.009776755825616617,
            0.07681635338996212,
            -0.011783358776961534
        ],
        [
            -0.4766179886416314,
            -0.3192205397946286,
            0.02037641683295583,
            -0.2586634672318665,
            -0.019334688492560717,
            -0.5697363250487241,
            -0.37459476387902435,
            -0.036401867341015304,
            0.09083331379249163,
            -0.0018672102319835203,
            -0.3885009339167519,
            -0.3305198649277221,
            0.02312233406827721,
            0.2294765072291845,
            0.03699774621020804,
            -0.13893444687304057,
            -0.2026835769718759,
            0.01964497859447242,
            0.11495953257921226,
            -0.03334874609070171
        ],
        [
            0.026026594060599685,
            0.02037641683295583,
            1.4645607216104164,
            0.023882911319894756,
            0.0015880380923217823,
            0.0023725590144118014,
            0.017540511907896458,
            0.4078829993360503,
            0.08682095597244355,
            0.005956355410177876,
            0.010399925768189091,
            0.014727275851864039,
            -0.04894791505895585,
            -0.022689164643149483,
            -0.0017162078363286714,
            -0.003535382118936512,
            0.003917817803965841,
            -0.005646944957449404,
            0.004252293082088771,
            -0.0005379564686772602
        ],
        [
            -0.304311822988093,
            -0.2586634672318665,
            0.023882911319894756,
            1.161551312581137,
            -0.021308045888928713,
            -0.11019012375954063,
            -0.25724799685321914,
            0.07287678041621573,
            -0.6151906705749045,
            -0.07157898398902364,
            -0.30072585146127484,
            -0.2207423428907772,
            0.027705037751124963,
            0.1302879500308053,
            0.02284011131183568,
            -0.0815736453990755,
            -0.13689354008857052,
            0.013636304367544507,
            0.10738918333274206,
            -0.019024700241636355
        ],
        [
            -0.022493950214128037,
            -0.019334688492560717,
            0.0015880380923217823,
            -0.021308045888928713,
            1.465237241456602,
            -0.0104483656001111,
            -0.01917392244930658,
            0.004454947875775439,
            -0.0654425505461992,
            0.4110605291851319,
            -0.021890840929872694,
            -0.015603014351419538,
            0.002121266231818562,
            0.01214385573049169,
            -0.04557772237300228,
            0.00014591761318659673,
            -0.006983609550579514,
            -8.784617542438968e-05,
            -0.002790256144161886,
            -0.0060599828569811096
        ],
        [
            -0.6058855148900102,
            -0.5697363250487241,
            0.0023725590144118014,
            -0.11019012375954063,
            -0.0104483656001111,
            -0.5451550362213826,
            -0.6441195044153406,
            -0.0654477960280822,
            -0.011466432322878903,
            -0.013985978731403254,
            -0.6208524661050951,
            -0.5742296609049937,
            -0.0034792228922396196,
            0.0700002287582504,
            0.02640830219909371,
            -0.26444096919705273,
            -0.36582154790278665,
            0.0439935981349525,
            0.24628386193598048,
            -0.06866570378553428
        ],
        [
            -0.46997284299708153,
            -0.37459476387902435,
            0.017540511907896458,
            -0.25724799685321914,
            -0.01917392244930658,
            -0.6441195044153406,
            -0.4474347639396643,
            -0.0528227202154926,
            -0.02759554717382376,
            -0.007744835885139358,
            -0.5605193825000863,
            -0.4291310145770326,
            0.012918447235761174,
            0.18087574169928336,
            0.06844054178503947,
            -0.30703048122443544,
            -0.31671547997027294,
            0.032291241450010444,
            0.1700000129428454,
            -0.06199865215189569
        ],
        [
            -0.008108436882271197,
            -0.036401867341015304,
            0.4078829993360503,
            0.07287678041621573,
            0.004454947875775439,
            -0.0654477960280822,
            -0.0528227202154926,
            1.3592019906452089,
            -0.02435986851851316,
            -0.002446456028171751,
            -0.019167263567142934,
            -0.04989708878923364,
            0.5055053343673512,
            -0.12844170661583185,
            -0.008819081078120655,
            -0.04327890315500217,
            -0.037475420331887666,
            -0.04081058018342493,
            0.02790669575615544,
            -0.010677140361908269
        ],
        [
            0.010370765609336363,
            0.09083331379249163,
            0.08682095597244355,
            -0.6151906705749045,
            -0.0654425505461992,
            -0.011466432322878903,
            -0.02759554717382376,
            -0.02435986851851316,
            0.7288372389618081,
            -0.04363872478040605,
            -0.021965499373951314,
            -0.14274219186865983,
            -0.15225185403524458,
            -0.5888854931381586,
            -0.07366124070982405,
            -0.3202358941545452,
            -0.20951212468029512,
            0.03642791263745536,
            0.13925780068416627,
            -0.07367924912374492
        ],
        [
            -0.008630089344530148,
            -0.0018672102319835203,
            0.005956355410177876,
            -0.07157898398902364,
            0.4110605291851319,
            -0.013985978731403254,
            -0.007744835885139358,
            -0.002446456028171751,
            -0.04363872478040605,
            1.3630348160009245,
            0.013118127447873842,
            -0.009023565218179149,
            -0.013958285309117649,
            -0.10320843209397892,
            0.5109294706351603,
            0.007532044136114732,
            -0.009362585987143165,
            0.0018376922276750682,
            0.010751429123813022,
            -0.04826957997061089
        ],
        [
            -0.31867390321761785,
            -0.3885009339167519,
            0.010399925768189091,
            -0.30072585146127484,
            -0.021890840929872694,
            -0.6208524661050951,
            -0.5605193825000863,
            -0.019167263567142934,
            -0.021965499373951314,
            0.013118127447873842,
            -0.4758085973087893,
            -0.6164289937702603,
            0.0016099444231849301,
            0.09830596633988868,
            0.11348102926355229,
            -0.5274335382126953,
            -0.5263272013948301,
            0.019317382593891652,
            0.10338822458770214,
            -0.02978001934297997
        ],
        [
            -0.34522363435620557,
            -0.3305198649277221,
            0.014727275851864039,
            -0.2207423428907772,
            -0.015603014351419538,
            -0.5742296609049937,
            -0.4291310145770326,
            -0.04989708878923364,
            -0.14274219186865983,
            -0.009023565218179149,
            -0.6164289937702603,
            -0.443617124473471,
            -0.001447454907074118,
            0.0783034891495108,
            0.09422473304158704,
            -0.42769021038241517,
            -0.36485727633165077,
            0.037744993958460045,
            0.1972478010510827,
            -0.07114012903777533
        ],
        [
            0.03164232189456866,
            0.02312233406827721,
            -0.04894791505895585,
            0.027705037751124963,
            0.002121266231818562,
            -0.0034792228922396196,
            0.012918447235761174,
            0.5055053343673512,
            -0.15225185403524458,
            -0.013958285309117649,
            0.0016099444231849301,
            -0.001447454907074118,
            1.3752084276782373,
            -0.08139436148196966,
            0.009607910486213185,
            -0.006040637058927545,
            -0.0169557645582539,
            0.2419261843738723,
            -0.15739340232843238,
            0.06322675757006793
        ],
        [
            0.36207942800559806,
            0.2294765072291845,
            -0.022689164643149483,
            0.1302879500308053,
            0.01214385573049169,
            0.0700002287582504,
            0.18087574169928336,
            -0.12844170661583185,
            -0.5888854931381586,
            -0.10320843209397892,
            0.09830596633988868,
            0.0783034891495108,
            -0.08139436148196966,
            0.8262207942117505,
            0.041016575048681204,
            -0.04393665448409312,
            -0.06040315908894378,
            -0.15876299221954623,
            -0.5577479600073366,
            0.32871761925866444
        ],
        [
            0.024471658966522022,
            0.03699774621020804,
            -0.0017162078363286714,
            0.02284011131183568,
            -0.04557772237300228,
            0.02640830219909371,
            0.06844054178503947,
            -0.008819081078120655,
            -0.07366124070982405,
            0.5109294706351603,
            0.11348102926355229,
            0.09422473304158704,
            0.009607910486213185,
            0.041016575048681204,
            1.354427440312592,
            0.027442710915541402,
            0.08214507999152323,
            0.05909222361997135,
            0.3046813229784489,
            0.14526294291412822
        ],
        [
            -0.014778425446913775,
            -0.13893444687304057,
            -0.003535382118936512,
            -0.0815736453990755,
            0.00014591761318659673,
            -0.26444096919705273,
            -0.30703048122443544,
            -0.04327890315500217,
            -0.3202358941545452,
            0.007532044136114732,
            -0.5274335382126953,
            -0.42769021038241517,
            -0.006040637058927545,
            -0.04393665448409312,
            0.027442710915541402,
            -0.21399604623540114,
            -0.44257801268897246,
            0.04340106703084596,
            0.2212019230820676,
            -0.08751092147860923
        ],
        [
            -0.145078215837946,
            -0.2026835769718759,
            0.003917817803965841,
            -0.13689354008857052,
            -0.006983609550579514,
            -0.36582154790278665,
            -0.31671547997027294,
            -0.037475420331887666,
            -0.20951212468029512,
            -0.009362585987143165,
            -0.5263272013948301,
            -0.36485727633165077,
            -0.0169557645582539,
            -0.06040315908894378,
            0.08214507999152323,
            -0.44257801268897246,
            -0.30686764149605583,
            0.03981042663722627,
            0.20435919020337462,
            -0.07852128339570973
        ],
        [
            0.009776755825616617,
            0.01964497859447242,
            -0.005646944957449404,
            0.013636304367544507,
            -8.784617542438968e-05,
            0.0439935981349525,
            0.032291241450010444,
            -0.04081058018342493,
            0.03642791263745536,
            0.0018376922276750682,
            0.019317382593891652,
            0.037744993958460045,
            0.2419261843738723,
            -0.15876299221954623,
            0.05909222361997135,
            0.04340106703084596,
            0.03981042663722627,
            1.491008457849634,
            -0.03848283901845487,
            0.014786076991585826
        ],
        [
            0.07681635338996212,
            0.11495953257921226,
            0.004252293082088771,
            0.10738918333274206,
            -0.002790256144161886,
            0.24628386193598048,
            0.1700000129428454,
            0.02790669575615544,
            0.13925780068416627,
            0.010751429123813022,
            0.10338822458770214,
            0.1972478010510827,
            -0.15739340232843238,
            -0.5577479600073366,
            0.3046813229784489,
            0.2212019230820676,
            0.20435919020337462,
            -0.03848283901845487,
            1.29827479198934,
            0.07631235012477465
        ],
        [
            -0.011783358776961534,
            -0.03334874609070171,
            -0.0005379564686772602,
            -0.019024700241636355,
            -0.0060599828569811096,
            -0.06866570378553428,
            -0.06199865215189569,
            -0.010677140361908269,
            -0.07367924912374492,
            -0.04826957997061089,
            -0.02978001934297997,
            -0.07114012903777533,
            0.06322675757006793,
            0.32871761925866444,
            0.14526294291412822,
            -0.08751092147860923,
            -0.07852128339570973,
            0.014786076991585826,
            0.07631235012477465,
            1.4681233179259032
        ]
    ]
}