{
    "HF": -2.150962745798758,
    "coordinates": [
        [
            0.692516,
            -0.198897,
            0.017551
        ],
        [
            1.524477,
            0.121338,
            -0.087998
        ],
        [
            2.295995,
            0.102638,
            -0.054106
        ],
        [
            3.128716,
            0.14723,
            -0.169026
        ]
    ],
    "elements": [
        "H",
        "H",
        "H",
        "H"
    ],
    "Enn": 2.771004300493876,
    "S": [
        [
            0.9999999999999999,
            0.6848602514927513,
            0.0,
            0.0,
            0.0,
            0.44800002893070673,
            0.5167256379626715,
            0.056441351017564784,
            -0.44488344592487095,
            -0.17124270284995458,
            0.0881552944274476,
            0.2698770456736058,
            0.005139835894245471,
            -0.11501484739619064,
            -0.021628597574156153,
            0.005364727056192009,
            0.08204985862584227,
            0.0004410361868436743,
            -0.005758761039080699,
            -0.0008181851581043776
        ],
        [
            0.6848602514927513,
            1.0000000000000002,
            0.0,
            0.0,
            0.0,
            0.5167256379626715,
            0.8390018805255814,
            0.021263886163151478,
            -0.16760674185621519,
            -0.06451449644673857,
            0.2698770456736058,
            0.5593331319739164,
            0.007208929414237079,
            -0.16131525082282894,
            -0.03033541078920378,
            0.08204985862584231,
            0.2653922594215137,
            0.0052355186302405175,
            -0.06836196576744158,
            -0.009712635303007653
        ],
        [
            0.0,
            0.0,
            1.0000000000000004,
            0.0,
            0.0,
            -0.056441351017564784,
            -0.021263886163151464,
            0.34115821318997697,
            0.0800924007300903,
            0.03082883686591135,
            -0.005139835894245469,
            -0.00720892941423707,
            0.030941139743485245,
            0.00935445924261128,
            0.0017591105762662265,
            -0.00044103618684367433,
            -0.005235518630240513,
            0.00033558537950951654,
            0.000435355301818734,
            6.185379876554179e-05
        ],
        [
            0.0,
            0.0,
            0.0,
            1.0000000000000004,
            0.0,
            0.4448834459248711,
            0.16760674185621519,
            0.08009240073009034,
            -0.27998699482401634,
            -0.24299983844281312,
            0.11501484739619063,
            0.1613152508228288,
            0.009354459242611284,
            -0.177966904441413,
            -0.03936387049026324,
            0.005758761039080698,
            0.06836196576744152,
            0.0004353553018187337,
            -0.005315656594631233,
            -0.0008076463044888321
        ],
        [
            0.0,
            0.0,
            0.0,
            0.0,
            1.0000000000000004,
            0.17124270284995458,
            0.06451449644673854,
            0.030828836865911348,
            -0.24299983844281295,
            0.257784857396768,
            0.021628597574156153,
            0.03033541078920377,
            0.0017591105762662272,
            -0.03936387049026324,
            0.023956781231566023,
            0.0008181851581043775,
            0.009712635303007646,
            6.185379876554177e-05,
            -0.0008076463044888326,
            0.00025417953996991713
        ],
        [
            0.44800002893070673,
            0.5167256379626715,
            -0.056441351017564784,
            0.44488344592487106,
            0.17124270284995458,
            0.9999999999999999,
            0.6848602514927513,
            0.0,
            0.0,
            0.0,
            0.5446638677413674,
            0.5558965281798491,
            -0.023208780516049257,
            -0.5283250302779796,
            0.012805505595719375,
            0.09481945228722326,
            0.2781270924627758,
            0.006350114257218107,
            -0.1257232184662749,
            -0.0020291400299636067
        ],
        [
            0.5167256379626715,
            0.8390018805255814,
            -0.021263886163151488,
            0.16760674185621519,
            0.06451449644673855,
            0.6848602514927513,
            1.0000000000000002,
            0.0,
            0.0,
            0.0,
            0.5558965281798491,
            0.8781037919955945,
            -0.007381863322902152,
            -0.16804084819895035,
            0.004072962473098967,
            0.27812709246277584,
            0.5699580461469497,
            0.008418665447295607,
            -0.1666775860011857,
            -0.0026901328647057636
        ],
        [
            0.056441351017564784,
            0.021263886163151474,
            0.34115821318997697,
            0.08009240073009033,
            0.03082883686591135,
            0.0,
            0.0,
            1.0000000000000004,
            0.0,
            0.0,
            0.023208780516049257,
            0.00738186332290214,
            0.4595065990709279,
            -0.03128702114973544,
            0.0007583326578252907,
            -0.006350114257218107,
            -0.008418665447295604,
            0.03448238654230756,
            0.011838593471313621,
            0.00019107181795184657
        ],
        [
            -0.444883445924871,
            -0.16760674185621519,
            0.08009240073009033,
            -0.27998699482401623,
            -0.24299983844281303,
            0.0,
            0.0,
            0.0,
            1.0000000000000004,
            0.0,
            0.5283250302779796,
            0.16804084819894996,
            -0.03128702114973544,
            -0.25133721605338066,
            0.017262696078722186,
            0.12572321846627485,
            0.16667758600118546,
            0.01183859347131361,
            -0.19930695190482134,
            -0.0037829498711464214
        ],
        [
            -0.17124270284995458,
            -0.06451449644673857,
            0.030828836865911348,
            -0.242999838442813,
            0.257784857396768,
            0.0,
            0.0,
            0.0,
            0.0,
            1.0000000000000004,
            -0.012805505595719375,
            -0.004072962473098967,
            0.0007583326578252919,
            0.01726269607872221,
            0.4604625940109484,
            0.0020291400299636093,
            0.0026901328647057515,
            0.00019107181795184627,
            -0.00378294987114642,
            0.03501928248719474
        ],
        [
            0.0881552944274476,
            0.2698770456736058,
            -0.005139835894245471,
            0.11501484739619063,
            0.021628597574156153,
            0.5446638677413674,
            0.5558965281798491,
            0.023208780516049257,
            0.5283250302779796,
            -0.012805505595719396,
            0.9999999999999999,
            0.6848602514927513,
            0.0,
            0.0,
            0.0,
            0.490295863635376,
            0.5345819153987448,
            0.0688863441102085,
            -0.4991568513208924,
            -0.026729723777953514
        ],
        [
            0.2698770456736058,
            0.5593331319739164,
            -0.007208929414237079,
            0.16131525082282885,
            0.03033541078920378,
            0.5558965281798491,
            0.8781037919955945,
            0.007381863322902141,
            0.16804084819895035,
            -0.004072962473098967,
            0.6848602514927513,
            1.0000000000000002,
            0.0,
            0.0,
            0.0,
            0.5345819153987448,
            0.8569616962629933,
            0.024006976741050276,
            -0.17395678453519087,
            -0.009315342036520303
        ],
        [
            0.005139835894245469,
            0.007208929414237071,
            0.030941139743485245,
            0.009354459242611282,
            0.0017591105762662265,
            -0.023208780516049257,
            -0.007381863322902151,
            0.4595065990709279,
            -0.03128702114973544,
            0.0007583326578252919,
            0.0,
            0.0,
            1.0000000000000004,
            0.0,
            0.0,
            -0.06888634411020848,
            -0.024006976741050255,
            0.3849144733956114,
            0.09902462952529635,
            0.005302743992035769
        ],
        [
            -0.1150148473961906,
            -0.16131525082282872,
            0.009354459242611282,
            -0.177966904441413,
            -0.039363870490263235,
            -0.5283250302779796,
            -0.16804084819895032,
            -0.03128702114973544,
            -0.25133721605338066,
            0.01726269607872221,
            0.0,
            0.0,
            0.0,
            1.0000000000000004,
            0.0,
            0.4991568513208924,
            0.17395678453519087,
            0.0990246295252964,
            -0.3189612606823724,
            -0.03842417577264201
        ],
        [
            -0.021628597574156153,
            -0.03033541078920377,
            0.0017591105762662272,
            -0.03936387049026324,
            0.023956781231566023,
            0.012805505595719375,
            0.004072962473098967,
            0.0007583326578252907,
            0.017262696078722186,
            0.4604625940109484,
            0.0,
            0.0,
            0.0,
            0.0,
            1.0000000000000004,
            0.026729723777953514,
            0.009315342036520303,
            0.005302743992035766,
            -0.03842417577264196,
            0.3965228026907695
        ],
        [
            0.005364727056192009,
            0.08204985862584227,
            -0.0004410361868436743,
            0.0057587610390807,
            0.0008181851581043776,
            0.09481945228722326,
            0.2781270924627758,
            -0.006350114257218107,
            0.12572321846627482,
            0.0020291400299636093,
            0.490295863635376,
            0.5345819153987448,
            -0.0688863441102085,
            0.4991568513208924,
            0.026729723777953514,
            0.9999999999999999,
            0.6848602514927513,
            0.0,
            0.0,
            0.0
        ],
        [
            0.08204985862584231,
            0.2653922594215137,
            -0.005235518630240516,
            0.06836196576744157,
            0.009712635303007653,
            0.27812709246277584,
            0.5699580461469497,
            -0.008418665447295607,
            0.16667758600118554,
            0.0026901328647057528,
            0.5345819153987448,
            0.8569616962629933,
            -0.024006976741050276,
            0.17395678453519087,
            0.009315342036520303,
            0.6848602514927513,
            1.0000000000000002,
            0.0,
            0.0,
            0.0
        ],
        [
            0.00044103618684367433,
            0.005235518630240517,
            0.00033558537950951654,
            0.000435355301818734,
            6.185379876554179e-05,
            0.006350114257218107,
            0.008418665447295604,
            0.03448238654230756,
            0.01183859347131361,
            0.00019107181795184627,
            0.06888634411020848,
            0.024006976741050276,
            0.3849144733956114,
            0.09902462952529643,
            0.005302743992035768,
            0.0,
            0.0,
            1.0000000000000004,
            0.0,
            0.0
        ],
        [
            -0.005758761039080699,
            -0.06836196576744158,
            0.0004353553018187337,
            -0.005315656594631233,
            -0.0008076463044888321,
            -0.12572321846627485,
            -0.16667758600118562,
            0.011838593471313621,
            -0.19930695190482134,
            -0.00378294987114642,
            -0.4991568513208924,
            -0.17395678453519087,
            0.09902462952529632,
            -0.3189612606823724,
            -0.03842417577264196,
            0.0,
            0.0,
            0.0,
            1.0000000000000004,
            0.0
        ],
        [
            -0.0008181851581043775,
            -0.009712635303007646,
            6.185379876554177e-05,
            -0.0008076463044888326,
            0.00025417953996991713,
            -0.0020291400299636067,
            -0.0026901328647057623,
            0.00019107181795184657,
            -0.0037829498711464214,
            0.03501928248719474,
            -0.026729723777953514,
            -0.009315342036520303,
            0.005302743992035768,
            -0.03842417577264201,
            0.3965228026907695,
            0.0,
            0.0,
            0.0,
            0.0,
            1.0000000000000004
        ]
    ],
    "h": [
        [
            -0.19506692772767775,
            -0.4328787062148921,
            0.024874072475999695,
            -0.2037367695410411,
            -0.07704545386439768,
            -0.5019509433291665,
            -0.41850492274376205,
            -0.010763814255025456,
            0.05383898872261317,
            0.026239660012012667,
            -0.20187304571497425,
            -0.2738580464040161,
            -0.0034488238339801377,
            0.27171990787033456,
            0.022362973201106584,
            0.010656918415437519,
            -0.09476016461131746,
            -0.002202374633069215,
            0.03696731945303053,
            0.0026076323458412297
        ],
        [
            -0.4328787062148921,
            -0.30102314661069274,
            0.022799692852216037,
            -0.19086569319459962,
            -0.07101325326307428,
            -0.4963072587926438,
            -0.3565435904574763,
            -0.02559695172189324,
            0.07619862368802843,
            0.06560626503683956,
            -0.30267952100564455,
            -0.291597531382658,
            0.007530445301183962,
            0.18917430080597508,
            0.0028352509945768906,
            -0.09651810761649125,
            -0.16258864043762117,
            -0.00952407897231478,
            0.09438004807019412,
            0.005559714503018056
        ],
        [
            0.024874072475999695,
            0.022799692852216037,
            1.4929576075289677,
            0.021835558366747727,
            0.008338205819790208,
            0.008519310097351795,
            0.02033607706476563,
            0.21990008080242013,
            0.10141392410898983,
            0.03798502299748162,
            0.01595443597015533,
            0.016753805300499143,
            -0.04037196509920392,
            -0.021368597741000514,
            -0.0014438972681252186,
            0.0020901757793877268,
            0.008047323115886157,
            -0.0008709077710239202,
            -0.003799450816790229,
            -0.0003270962237870807
        ],
        [
            -0.2037367695410411,
            -0.19086569319459962,
            0.021835558366747727,
            1.3142694456713726,
            -0.06740355353465478,
            -0.09053719167095264,
            -0.17931830076847727,
            0.09540350749404361,
            -0.5780237163768909,
            -0.2951235346035622,
            -0.19976577806623846,
            -0.14802149354957927,
            -0.00013920872644476376,
            0.199244627308524,
            0.01977180645931191,
            -0.03581484356094401,
            -0.08604243906531953,
            -0.003971008643279221,
            0.04682444774725986,
            0.004359247998284508
        ],
        [
            -0.07704545386439768,
            -0.07101325326307428,
            0.008338205819790208,
            -0.06740355353465478,
            1.4701448748010006,
            -0.028577632675085285,
            -0.06405347483389129,
            0.03727365649135834,
            -0.3078759862437337,
            0.11757616406187005,
            -0.05422363896643559,
            -0.052513050933941194,
            0.00010922203304556842,
            0.0711967271869231,
            -0.03519335206913246,
            -0.005961738836626195,
            -0.024235234903723972,
            -0.000773945304890322,
            0.00985491392370132,
            -0.0003937743724288284
        ],
        [
            -0.5019509433291665,
            -0.4963072587926438,
            0.008519310097351795,
            -0.09053719167095264,
            -0.028577632675085285,
            -0.3898324517001164,
            -0.5763792624306558,
            -0.03449648016318982,
            -0.04038557555469019,
            0.07872363435841867,
            -0.5196219400563599,
            -0.5004253860679055,
            0.004376650643617072,
            0.04218943367821881,
            0.0058533558023157115,
            -0.21780990572023534,
            -0.3099196794909356,
            -0.0199517236063448,
            0.2225376925120783,
            0.007508760101359296
        ],
        [
            -0.41850492274376205,
            -0.3565435904574763,
            0.02033607706476563,
            -0.17931830076847727,
            -0.06405347483389129,
            -0.5763792624306558,
            -0.4317892975134294,
            -0.02894861951647506,
            -0.042700398446409285,
            0.0677977994280754,
            -0.5062432034493505,
            -0.40837334729006547,
            0.02089953391108356,
            0.13331673577755387,
            -0.004143733812800868,
            -0.28721478179680154,
            -0.2966478049436684,
            -0.021048137092741587,
            0.1708798418744086,
            0.007721688319078409
        ],
        [
            -0.010763814255025456,
            -0.02559695172189324,
            0.21990008080242013,
            0.09540350749404361,
            0.03727365649135834,
            -0.03449648016318982,
            -0.02894861951647506,
            1.4117179796219552,
            0.013337540503260505,
            0.008858452983666762,
            -0.002565270054007751,
            -0.017667910754455125,
            0.3723259132461081,
            -0.03297879843386751,
            0.0019555639259231463,
            0.0037300848592848376,
            -0.006992828427091427,
            -0.042788377929411044,
            5.5606049937730745e-05,
            5.832735904010087e-05
        ],
        [
            0.05383898872261317,
            0.07619862368802843,
            0.10141392410898983,
            -0.5780237163768909,
            -0.3078759862437337,
            -0.04038557555469019,
            -0.042700398446409285,
            0.013337540503260505,
            0.9459584223043613,
            -0.06404832664933381,
            -0.055292305793744,
            -0.14835626351564823,
            -0.03105926450334015,
            -0.7393623106893997,
            0.012888445852148576,
            -0.2870859935094716,
            -0.19562314720567792,
            -0.02665434908428305,
            0.21872611374763745,
            0.009368918511354705
        ],
        [
            0.026239660012012667,
            0.06560626503683956,
            0.03798502299748162,
            -0.2951235346035622,
            0.11757616406187005,
            0.07872363435841867,
            0.0677977994280754,
            0.008858452983666762,
            -0.06404832664933381,
            1.3893123491042618,
            0.011275842487559376,
            0.03675666302428521,
            0.0018756511507583748,
            -0.0034750717587877754,
            0.37156182023807216,
            -0.006916758000205669,
            0.008731192044463027,
            2.7443839125612895e-05,
            -0.0014630418195994326,
            -0.04277613431922881
        ],
        [
            -0.20187304571497425,
            -0.30267952100564455,
            0.01595443597015533,
            -0.19976577806623846,
            -0.05422363896643559,
            -0.5196219400563599,
            -0.5062432034493505,
            -0.002565270054007751,
            -0.055292305793744,
            0.011275842487559376,
            -0.41903231404149555,
            -0.5902702356053652,
            0.04222472588176744,
            0.0002880439381605371,
            -0.01892429161158245,
            -0.5339510476390175,
            -0.5153632204125698,
            -0.008649551924861415,
            0.08868842024024737,
            0.002374669050627859
        ],
        [
            -0.2738580464040161,
            -0.291597531382658,
            0.016753805300499143,
            -0.14802149354957927,
            -0.052513050933941194,
            -0.5004253860679055,
            -0.40837334729006547,
            -0.017667910754455125,
            -0.14835626351564823,
            0.03675666302428521,
            -0.5902702356053652,
            -0.43544703402447826,
            0.03457262216821144,
            0.01635383713021582,
            -0.013361465847365233,
            -0.43619031265067987,
            -0.3606847842768619,
            -0.02599431778438631,
            0.2092024390456142,
            0.009191907084139389
        ],
        [
            -0.0034488238339801377,
            0.007530445301183962,
            -0.04037196509920392,
            -0.00013920872644476376,
            0.00010922203304556842,
            0.004376650643617072,
            0.02089953391108356,
            0.3723259132461081,
            -0.03105926450334015,
            0.0018756511507583748,
            0.04222472588176744,
            0.03457262216821144,
            1.4031824918176732,
            0.022267240127903123,
            0.0022489929614783596,
            0.010541657884680256,
            0.031131072888826647,
            0.2775712321695768,
            0.12464823479986362,
            0.006901012257483697
        ],
        [
            0.27171990787033456,
            0.18917430080597508,
            -0.021368597741000514,
            0.199244627308524,
            0.0711967271869231,
            0.04218943367821881,
            0.13331673577755387,
            -0.03297879843386751,
            -0.7393623106893997,
            -0.0034750717587877754,
            0.0002880439381605371,
            0.01635383713021582,
            0.022267240127903123,
            0.8886585648380754,
            -0.011903377161545088,
            -0.04179563002653952,
            -0.09727085105986039,
            0.13195947348742862,
            -0.6737730797346063,
            -0.05185894292995119
        ],
        [
            0.022362973201106584,
            0.0028352509945768906,
            -0.0014438972681252186,
            0.01977180645931191,
            -0.03519335206913246,
            0.0058533558023157115,
            -0.004143733812800868,
            0.0019555639259231463,
            0.012888445852148576,
            0.37156182023807216,
            -0.01892429161158245,
            -0.013361465847365233,
            0.0022489929614783596,
            -0.011903377161545088,
            1.4066036535162956,
            -0.007918357566298141,
            -0.014517185025119249,
            0.006611562873060342,
            -0.04703965704023581,
            0.29248487213522767
        ],
        [
            0.010656918415437519,
            -0.09651810761649125,
            0.0020901757793877268,
            -0.03581484356094401,
            -0.005961738836626195,
            -0.21780990572023534,
            -0.28721478179680154,
            0.0037300848592848376,
            -0.2870859935094716,
            -0.006916758000205669,
            -0.5339510476390175,
            -0.43619031265067987,
            0.010541657884680256,
            -0.04179563002653952,
            -0.007918357566298141,
            -0.22465692679197202,
            -0.44712688064498085,
            -0.03263590005720647,
            0.24422052238743983,
            0.011655588869140098
        ],
        [
            -0.09476016461131746,
            -0.16258864043762117,
            0.008047323115886157,
            -0.08604243906531953,
            -0.024235234903723972,
            -0.3099196794909356,
            -0.2966478049436684,
            -0.006992828427091427,
            -0.19562314720567792,
            0.008731192044463027,
            -0.5153632204125698,
            -0.3606847842768619,
            0.031131072888826647,
            -0.09727085105986039,
            -0.014517185025119249,
            -0.44712688064498085,
            -0.30597392179824756,
            -0.028681820631709893,
            0.21977420401153522,
            0.010152681165155464
        ],
        [
            -0.002202374633069215,
            -0.00952407897231478,
            -0.0008709077710239202,
            -0.003971008643279221,
            -0.000773945304890322,
            -0.0199517236063448,
            -0.021048137092741587,
            -0.042788377929411044,
            -0.02665434908428305,
            2.7443839125612895e-05,
            -0.008649551924861415,
            -0.02599431778438631,
            0.2775712321695768,
            0.13195947348742862,
            0.006611562873060342,
            -0.03263590005720647,
            -0.028681820631709893,
            1.481805861845301,
            0.031024942408937214,
            0.0016018296487225292
        ],
        [
            0.03696731945303053,
            0.09438004807019412,
            -0.003799450816790229,
            0.04682444774725986,
            0.00985491392370132,
            0.2225376925120783,
            0.1708798418744086,
            5.5606049937730745e-05,
            0.21872611374763745,
            -0.0014630418195994326,
            0.08868842024024737,
            0.2092024390456142,
            0.12464823479986362,
            -0.6737730797346063,
            -0.04703965704023581,
            0.24422052238743983,
            0.21977420401153522,
            0.031024942408937214,
            1.2505822031486493,
            -0.011567999158989524
        ],
        [
            0.0026076323458412297,
            0.005559714503018056,
            -0.0003270962237870807,
            0.004359247998284508,
            -0.0003937743724288284,
            0.007508760101359296,
            0.007721688319078409,
            5.832735904010087e-05,
            0.009368918511354705,
            -0.04277613431922881,
            0.002374669050627859,
            0.009191907084139389,
            0.006901012257483697,
            -0.05185894292995119,
            0.29248487213522767,
            0.011655588869140098,
            0.010152681165155464,
            0.0016018296487225292,
            -0.011567999158989524,
            1.4854047849197198
        ]
    ]
}