{
    "HF": -2.1221766664194397,
    "coordinates": [
        [
            0.770555,
            0.004675,
            -0.171427
        ],
        [
            1.570463,
            0.007076,
            0.165121
        ],
        [
            2.24021,
            0.087823,
            -0.073804
        ],
        [
            2.947483,
            0.014204,
            -0.053165
        ]
    ],
    "elements": [
        "H",
        "H",
        "H",
        "H"
    ],
    "Enn": 3.0740381517525113,
    "S": [
        [
            0.9999999999999999,
            0.6848602514927513,
            0.0,
            0.0,
            0.0,
            0.47040440593480237,
            0.5263332576596667,
            -0.19143069231655513,
            -0.45499287539831135,
            -0.001365704423297862,
            0.13371047158497698,
            0.3202546394170873,
            -0.011627656813777575,
            -0.17504731441004973,
            -0.009903571993812707,
            0.015777140457877765,
            0.13055372326418668,
            -0.0010478931454540722,
            -0.01928927237275746,
            -8.443433886651548e-05
        ],
        [
            0.6848602514927513,
            1.0000000000000002,
            0.0,
            0.0,
            0.0,
            0.5263332576596667,
            0.8486940331813623,
            -0.06914779904046056,
            -0.16435063537699418,
            -0.0004933140755438922,
            0.3202546394170873,
            0.6224570356933482,
            -0.01179493607255808,
            -0.17756560209904787,
            -0.010046048006730583,
            0.13055372326418668,
            0.35508800215795444,
            -0.005463885893367577,
            -0.10057741447021772,
            -0.00044025442388848166
        ],
        [
            0.0,
            0.0,
            1.0000000000000004,
            0.0,
            0.0,
            0.19143069231655507,
            0.0691477990404605,
            0.26558209492343876,
            -0.2629336238823257,
            -0.0007892202990112162,
            0.011627656813777575,
            0.01179493607255809,
            0.05783808445319451,
            -0.022089918433637824,
            -0.0012497712306086242,
            0.0010478931454540714,
            0.0054638858933675795,
            0.0020154978246682597,
            -0.0013978683531384848,
            -6.118846161681336e-06
        ],
        [
            0.0,
            0.0,
            0.0,
            1.0000000000000004,
            0.0,
            0.4549928753983115,
            0.1643506353769943,
            -0.2629336238823258,
            -0.24873414639915167,
            -0.001875820480114171,
            0.17504731441004961,
            0.17756560209904781,
            -0.02208991843363781,
            -0.2732448868438168,
            -0.01881454716532084,
            0.01928927237275744,
            0.10057741447021776,
            -0.0013978683531384844,
            -0.023640063618995476,
            -0.00011263370767496426
        ],
        [
            0.0,
            0.0,
            0.0,
            0.0,
            1.0000000000000004,
            0.001365704423297862,
            0.000493314075543892,
            -0.0007892202990112166,
            -0.0018758204801141716,
            0.3762014179023015,
            0.009903571993812707,
            0.010046048006730578,
            -0.0012497712306086242,
            -0.01881454716532085,
            0.05824096277466786,
            8.443433886651539e-05,
            0.00044025442388848166,
            -6.118846161681329e-06,
            -0.00011263370767496416,
            0.002090944243005673
        ],
        [
            0.47040440593480237,
            0.5263332576596667,
            0.19143069231655513,
            0.4549928753983115,
            0.001365704423297862,
            0.9999999999999999,
            0.6848602514927513,
            0.0,
            0.0,
            0.0,
            0.5904065460576415,
            0.5725729259255057,
            0.18116959962163212,
            -0.5078488891400617,
            -0.0612280073690402,
            0.16324657146482469,
            0.3473031603655418,
            0.03319042916188673,
            -0.20937616138690185,
            -0.001083813799629517
        ],
        [
            0.5263332576596667,
            0.8486940331813623,
            0.06914779904046056,
            0.16435063537699435,
            0.0004933140755438922,
            0.6848602514927513,
            1.0000000000000002,
            0.0,
            0.0,
            0.0,
            0.5725729259255057,
            0.8944308205328528,
            0.05370723177506472,
            -0.1505504127222108,
            -0.01815087514551072,
            0.3473031603655418,
            0.6547866577086172,
            0.028762737745936264,
            -0.18144482527926295,
            -0.000939230159758453
        ],
        [
            -0.19143069231655507,
            -0.0691477990404605,
            0.26558209492343876,
            -0.2629336238823256,
            -0.0007892202990112162,
            0.0,
            0.0,
            1.0000000000000004,
            0.0,
            0.0,
            -0.1811695996216321,
            -0.05370723177506468,
            0.43812972482897294,
            0.2136834270319665,
            0.02576240831620031,
            -0.03319042916188673,
            -0.028762737745936254,
            0.07027269780930112,
            0.0625797893083192,
            0.00032393773379449777
        ],
        [
            -0.45499287539831135,
            -0.16435063537699413,
            -0.2629336238823259,
            -0.2487341463991518,
            -0.0018758204801141716,
            0.0,
            0.0,
            0.0,
            1.0000000000000004,
            0.0,
            0.5078488891400617,
            0.15055041272221076,
            0.21368342703196663,
            -0.08463164456723775,
            -0.07221636782484132,
            0.2093761613869019,
            0.18144482527926273,
            0.0625797893083192,
            -0.3145810453081096,
            -0.00204350594261519
        ],
        [
            -0.001365704423297862,
            -0.000493314075543892,
            -0.0007892202990112166,
            -0.001875820480114171,
            0.3762014179023015,
            0.0,
            0.0,
            0.0,
            0.0,
            1.0000000000000004,
            0.061228007369040174,
            0.018150875145510715,
            0.0257624083162003,
            -0.07221636782484124,
            0.5056523232890783,
            0.0010838137996295168,
            0.0009392301597584529,
            0.00032393773379449777,
            -0.00204350594261519,
            0.08018230389969691
        ],
        [
            0.13371047158497698,
            0.3202546394170873,
            0.011627656813777575,
            0.17504731441004975,
            0.009903571993812707,
            0.5904065460576415,
            0.5725729259255057,
            -0.18116959962163212,
            0.5078488891400617,
            0.061228007369040195,
            0.9999999999999999,
            0.6848602514927513,
            0.0,
            0.0,
            0.0,
            0.5938683503568689,
            0.5737920820472314,
            -0.015765842368107144,
            -0.5402759159464241,
            0.05623652063073213
        ],
        [
            0.3202546394170873,
            0.6224570356933482,
            0.011794936072558068,
            0.17756560209904795,
            0.010046048006730583,
            0.5725729259255057,
            0.8944308205328528,
            -0.05370723177506472,
            0.15055041272221117,
            0.018150875145510725,
            0.6848602514927513,
            1.0000000000000002,
            0.0,
            0.0,
            0.0,
            0.5737920820472314,
            0.8956172865753158,
            -0.004649923307247913,
            -0.15934711988406178,
            0.016586205918711384
        ],
        [
            -0.011627656813777575,
            -0.011794936072558078,
            0.05783808445319451,
            -0.02208991843363782,
            -0.0012497712306086242,
            0.1811695996216321,
            0.05370723177506468,
            0.43812972482897294,
            0.21368342703196663,
            0.02576240831620031,
            0.0,
            0.0,
            1.0000000000000004,
            0.0,
            0.0,
            0.015765842368107144,
            0.004649923307247913,
            0.5178648729914549,
            -0.019647390355376573,
            0.002045067789343672
        ],
        [
            -0.17504731441004967,
            -0.17756560209904781,
            -0.022089918433637813,
            -0.2732448868438168,
            -0.018814547165320845,
            -0.5078488891400617,
            -0.15055041272221076,
            0.2136834270319665,
            -0.08463164456723775,
            -0.07221636782484128,
            0.0,
            0.0,
            0.0,
            1.0000000000000004,
            0.0,
            0.5402759159464241,
            0.15934711988406178,
            -0.01964739035537653,
            -0.15485355873946027,
            0.07008194343584793
        ],
        [
            -0.009903571993812707,
            -0.010046048006730582,
            -0.0012497712306086242,
            -0.018814547165320848,
            0.05824096277466786,
            -0.06122800736904019,
            -0.018150875145510715,
            0.0257624083162003,
            -0.0722163678248413,
            0.5056523232890783,
            0.0,
            0.0,
            0.0,
            0.0,
            1.0000000000000004,
            -0.056236520630732104,
            -0.016586205918711378,
            0.0020450677893436697,
            0.070081943435848,
            0.5111434795489525
        ],
        [
            0.015777140457877765,
            0.13055372326418668,
            0.0010478931454540722,
            0.019289272372757463,
            8.443433886651551e-05,
            0.16324657146482469,
            0.3473031603655418,
            -0.03319042916188673,
            0.20937616138690193,
            0.0010838137996295166,
            0.5938683503568689,
            0.5737920820472314,
            0.015765842368107144,
            0.5402759159464241,
            -0.05623652063073213,
            0.9999999999999999,
            0.6848602514927513,
            0.0,
            0.0,
            0.0
        ],
        [
            0.13055372326418668,
            0.35508800215795444,
            0.0054638858933675795,
            0.10057741447021776,
            0.00044025442388848194,
            0.3473031603655418,
            0.6547866577086172,
            -0.028762737745936257,
            0.18144482527926273,
            0.000939230159758453,
            0.5737920820472314,
            0.8956172865753158,
            0.004649923307247913,
            0.15934711988406178,
            -0.016586205918711378,
            0.6848602514927513,
            1.0000000000000002,
            0.0,
            0.0,
            0.0
        ],
        [
            -0.0010478931454540711,
            -0.005463885893367577,
            0.0020154978246682597,
            -0.0013978683531384846,
            -6.118846161681334e-06,
            0.03319042916188673,
            0.028762737745936243,
            0.07027269780930112,
            0.06257978930831919,
            0.00032393773379449766,
            -0.015765842368107144,
            -0.004649923307247913,
            0.5178648729914549,
            -0.01964739035537653,
            0.00204506778934367,
            0.0,
            0.0,
            1.0000000000000004,
            0.0,
            0.0
        ],
        [
            -0.01928927237275744,
            -0.10057741447021772,
            -0.0013978683531384846,
            -0.023640063618995476,
            -0.00011263370767496423,
            -0.2093761613869019,
            -0.1814448252792625,
            0.06257978930831923,
            -0.3145810453081095,
            -0.00204350594261519,
            -0.5402759159464241,
            -0.15934711988406178,
            -0.019647390355376573,
            -0.15485355873946027,
            0.07008194343584803,
            0.0,
            0.0,
            0.0,
            1.0000000000000004,
            0.0
        ],
        [
            -8.44343388665154e-05,
            -0.00044025442388848166,
            -6.118846161681331e-06,
            -0.00011263370767496419,
            0.002090944243005673,
            -0.0010838137996295166,
            -0.0009392301597584529,
            0.0003239377337944978,
            -0.00204350594261519,
            0.08018230389969691,
            0.05623652063073211,
            0.016586205918711374,
            0.002045067789343671,
            0.07008194343584792,
            0.5111434795489525,
            0.0,
            0.0,
            0.0,
            0.0,
            1.0000000000000004
        ]
    ],
    "h": [
        [
            -0.2135132688577559,
            -0.4443494447840043,
            -0.08854368901954698,
            -0.22387323673956447,
            -0.00218308349165647,
            -0.524943088791598,
            -0.43007935357733595,
            0.037931979342658795,
            0.04879302149632481,
            -0.004854495494532242,
            -0.2550870707692361,
            -0.3068172987412332,
            -0.037094631093064184,
            0.3078154587020865,
            0.02201868210438316,
            -0.019722556916044305,
            -0.1446141782135334,
            -0.0031307752800526023,
            0.08462489940203585,
            -0.0002483243098350333
        ],
        [
            -0.4443494447840043,
            -0.3103316859492782,
            -0.07858833013338809,
            -0.20754998107953415,
            -0.002521178649283964,
            -0.5195022079482752,
            -0.3676218466851967,
            0.10980363075173544,
            0.06979264622316694,
            -0.01245968761801325,
            -0.35664091499871936,
            -0.3175373945883394,
            -0.05741819593789359,
            0.19266204677990179,
            0.026653909923585826,
            -0.15303610289018527,
            -0.20871516048407096,
            -0.00428132527356101,
            0.14098799856027378,
            -0.007320699517434175
        ],
        [
            -0.08854368901954698,
            -0.07858833013338809,
            1.4678987615966983,
            -0.07688649080020443,
            -0.00033954543280102594,
            -0.024900420884440277,
            -0.0690056086773698,
            0.12640408811823267,
            -0.3420772128693047,
            -0.002287980462392909,
            -0.0537311718167806,
            -0.060039366932727024,
            -0.058304692830983856,
            0.06864759451145772,
            0.006336778678297027,
            -0.007974934609423836,
            -0.030647372610728627,
            -0.007176593841122673,
            0.014905659128936603,
            -0.00013016792950777727
        ],
        [
            -0.22387323673956447,
            -0.20754998107953415,
            -0.07688649080020443,
            1.2967190666796597,
            -0.0021487827901839405,
            -0.10321027739611766,
            -0.1990550559972214,
            -0.30607051657507806,
            -0.5742250835998647,
            -0.00979463061190901,
            -0.238046651274692,
            -0.16911702164111542,
            -0.04867902824037785,
            0.11948021868810221,
            0.019014196611402773,
            -0.08044863665060169,
            -0.11736321612141432,
            0.0006288069620918393,
            0.11172214393589416,
            -0.001674033007167901
        ],
        [
            -0.00218308349165647,
            -0.002521178649283964,
            -0.00033954543280102594,
            -0.0021487827901839405,
            1.499811290006451,
            -0.0035662039337082257,
            -0.003242682556032208,
            0.00049527626229508,
            -0.0035181423456846434,
            0.2636713841014424,
            -0.00744307473281584,
            -0.0023086505090519106,
            -0.001192421510011879,
            0.00109968435109941,
            -0.044293960849570324,
            -0.0019396893772517204,
            -0.0023673790347184444,
            2.051334433394832e-05,
            0.001696398354657341,
            -0.006596022889687472
        ],
        [
            -0.524943088791598,
            -0.5195022079482752,
            -0.024900420884440277,
            -0.10321027739611766,
            -0.0035662039337082257,
            -0.4340725290243501,
            -0.5982441352449682,
            0.17167013610119047,
            -0.05594515343932195,
            -0.028841293316316047,
            -0.5861672722711535,
            -0.5401024520605138,
            -0.006637608787166682,
            0.03216321042086212,
            0.013121166477605167,
            -0.31477151702054973,
            -0.37906834378352006,
            -0.017996257865015457,
            0.2909778091417898,
            -0.014114299730867585
        ],
        [
            -0.43007935357733595,
            -0.3676218466851967,
            -0.0690056086773698,
            -0.1990550559972214,
            -0.003242682556032208,
            -0.5982441352449682,
            -0.4396876647885377,
            0.14410769532963102,
            -0.05414464251919115,
            -0.023113411640843424,
            -0.5582756775715567,
            -0.4273076456047551,
            -0.07225912042521783,
            0.12146528397711631,
            0.040049286117661356,
            -0.3510459344655329,
            -0.33168171058249474,
            -0.003010823867869189,
            0.22345100986784433,
            -0.017847634151679014
        ],
        [
            0.037931979342658795,
            0.10980363075173544,
            0.12640408811823267,
            -0.30607051657507806,
            0.00049527626229508,
            0.17167013610119047,
            0.14410769532963102,
            1.335507439977526,
            0.01591543550324919,
            0.010320126542870315,
            0.04025409715577022,
            0.11943826623331327,
            0.34163802586432623,
            0.28518665094843815,
            0.032021466067781466,
            0.07565349416988998,
            0.08406583780006101,
            -0.046152641005567235,
            -0.06695385818642047,
            0.0059214026067052365
        ],
        [
            0.04879302149632481,
            0.06979264622316694,
            -0.3420772128693047,
            -0.5742250835998647,
            -0.0035181423456846434,
            -0.05594515343932195,
            -0.05414464251919115,
            0.01591543550324919,
            0.8880810195653397,
            -0.03125463607184106,
            -0.08064999826572117,
            -0.15848563483347036,
            0.30099813026850425,
            -0.5970136183050692,
            -0.09463095728073409,
            -0.35125528982322807,
            -0.21116808187529915,
            0.013695055917539944,
            0.11182262474330629,
            -0.02315236138669619
        ],
        [
            -0.004854495494532242,
            -0.01245968761801325,
            -0.002287980462392909,
            -0.00979463061190901,
            0.2636713841014424,
            -0.028841293316316047,
            -0.023113411640843424,
            0.010320126542870315,
            -0.03125463607184106,
            1.3956096451269684,
            -0.0036362311618319543,
            -0.023640122313739225,
            0.03649272845546462,
            -0.10676966850713338,
            0.4343573468558327,
            -0.020930749117648712,
            -0.021652034633967632,
            -0.0007048016242867292,
            0.023587283523137804,
            -0.047577806417697904
        ],
        [
            -0.2550870707692361,
            -0.35664091499871936,
            -0.0537311718167806,
            -0.238046651274692,
            -0.00744307473281584,
            -0.5861672722711535,
            -0.5582756775715567,
            0.04025409715577022,
            -0.08064999826572117,
            -0.0036362311618319543,
            -0.5292754599261866,
            -0.6373449811351101,
            -0.09707463327715381,
            -0.047256277909353384,
            0.060693457975225414,
            -0.6250885378275177,
            -0.5745144212463251,
            -0.012935406835717669,
            0.0987549951350073,
            -0.002347455275090088
        ],
        [
            -0.3068172987412332,
            -0.3175373945883394,
            -0.060039366932727024,
            -0.16911702164111542,
            -0.0023086505090519106,
            -0.5401024520605138,
            -0.4273076456047551,
            0.11943826623331327,
            -0.15848563483347036,
            -0.023640122313739225,
            -0.6373449811351101,
            -0.44659861192080474,
            -0.07606690833178043,
            -0.0005043726260836323,
            0.04783435104319586,
            -0.48337971083098363,
            -0.3774630923627418,
            -0.004576394362010251,
            0.26557200072499804,
            -0.021437692833411324
        ],
        [
            -0.037094631093064184,
            -0.05741819593789359,
            -0.058304692830983856,
            -0.04867902824037785,
            -0.001192421510011879,
            -0.006637608787166682,
            -0.07225912042521783,
            0.34163802586432623,
            0.30099813026850425,
            0.03649272845546462,
            -0.09707463327715381,
            -0.07606690833178043,
            1.3436459826017437,
            0.07722966840125779,
            0.011431757818348346,
            -0.02456761270564021,
            -0.05049483321123145,
            0.46080276947273213,
            0.003258183862201433,
            0.002068284663916028
        ],
        [
            0.3078154587020865,
            0.19266204677990179,
            0.06864759451145772,
            0.11948021868810221,
            0.00109968435109941,
            0.03216321042086212,
            0.12146528397711631,
            0.28518665094843815,
            -0.5970136183050692,
            -0.10676966850713338,
            -0.047256277909353384,
            -0.0005043726260836323,
            0.07722966840125779,
            0.7664796496919046,
            -0.0013737820143883838,
            -0.004404180022512083,
            -0.1052322547457524,
            -0.02440669526440552,
            -0.5593564761484011,
            0.10178874614286504
        ],
        [
            0.02201868210438316,
            0.026653909923585826,
            0.006336778678297027,
            0.019014196611402773,
            -0.044293960849570324,
            0.013121166477605167,
            0.040049286117661356,
            0.032021466067781466,
            -0.09463095728073409,
            0.4343573468558327,
            0.060693457975225414,
            0.04783435104319586,
            0.011431757818348346,
            -0.0013737820143883838,
            1.367751133971943,
            0.009616590045237322,
            0.03744125060321615,
            0.004588838664891765,
            0.08791564944500677,
            0.45456833654993334
        ],
        [
            -0.019722556916044305,
            -0.15303610289018527,
            -0.007974934609423836,
            -0.08044863665060169,
            -0.0019396893772517204,
            -0.31477151702054973,
            -0.3510459344655329,
            0.07565349416988998,
            -0.35125528982322807,
            -0.020930749117648712,
            -0.6250885378275177,
            -0.48337971083098363,
            -0.02456761270564021,
            -0.004404180022512083,
            0.009616590045237322,
            -0.31502083445039797,
            -0.48832029373965957,
            0.0021380787188751025,
            0.3243027026233921,
            -0.03132523317905343
        ],
        [
            -0.1446141782135334,
            -0.20871516048407096,
            -0.030647372610728627,
            -0.11736321612141432,
            -0.0023673790347184444,
            -0.37906834378352006,
            -0.33168171058249474,
            0.08406583780006101,
            -0.21116808187529915,
            -0.021652034633967632,
            -0.5745144212463251,
            -0.3774630923627418,
            -0.05049483321123145,
            -0.1052322547457524,
            0.03744125060321615,
            -0.48832029373965957,
            -0.3236053331712918,
            -0.0011721409714007328,
            0.26797652404338557,
            -0.024071503742659046
        ],
        [
            -0.0031307752800526023,
            -0.00428132527356101,
            -0.007176593841122673,
            0.0006288069620918393,
            2.051334433394832e-05,
            -0.017996257865015457,
            -0.003010823867869189,
            -0.046152641005567235,
            0.013695055917539944,
            -0.0007048016242867292,
            -0.012935406835717669,
            -0.004576394362010251,
            0.46080276947273213,
            -0.02440669526440552,
            0.004588838664891765,
            0.0021380787188751025,
            -0.0011721409714007328,
            1.4617175056576066,
            -0.0015857434758770337,
            0.000842907565370584
        ],
        [
            0.08462489940203585,
            0.14098799856027378,
            0.014905659128936603,
            0.11172214393589416,
            0.001696398354657341,
            0.2909778091417898,
            0.22345100986784433,
            -0.06695385818642047,
            0.11182262474330629,
            0.023587283523137804,
            0.0987549951350073,
            0.26557200072499804,
            0.003258183862201433,
            -0.5593564761484011,
            0.08791564944500677,
            0.3243027026233921,
            0.26797652404338557,
            -0.0015857434758770337,
            1.1414917811725496,
            0.02952789210517505
        ],
        [
            -0.0002483243098350333,
            -0.007320699517434175,
            -0.00013016792950777727,
            -0.001674033007167901,
            -0.006596022889687472,
            -0.014114299730867585,
            -0.017847634151679014,
            0.0059214026067052365,
            -0.02315236138669619,
            -0.047577806417697904,
            -0.002347455275090088,
            -0.021437692833411324,
            0.002068284663916028,
            0.10178874614286504,
            0.45456833654993334,
            -0.03132523317905343,
            -0.024071503742659046,
            0.000842907565370584,
            0.02952789210517505,
            1.4599291903301053
        ]
    ]
}