{
    "HF": -2.1688282582504854,
    "coordinates": [
        [
            0.734448,
            0.141111,
            0.022346
        ],
        [
            1.565549,
            0.053292,
            0.173437
        ],
        [
            2.337629,
            0.170845,
            -0.17168
        ],
        [
            2.99635,
            0.081582,
            0.13211
        ]
    ],
    "elements": [
        "H",
        "H",
        "H",
        "H"
    ],
    "Enn": 2.8977466359847774,
    "S": [
        [
            0.9999999999999999,
            0.6848602514927513,
            0.0,
            0.0,
            0.0,
            0.48454689347775404,
            0.532224118942296,
            -0.08922573644715924,
            -0.4908009000335591,
            0.051860898061784455,
            0.09261195238076447,
            0.2754351491622584,
            0.014776555070299511,
            -0.12209442205765131,
            -0.0022644701661647696,
            0.01160809632476037,
            0.11444834103542,
            -0.0006684696114250996,
            -0.013775124367020669,
            0.00036253532577643625
        ],
        [
            0.6848602514927513,
            1.0000000000000002,
            0.0,
            0.0,
            0.0,
            0.532224118942296,
            0.8546034513921364,
            -0.03141455130639397,
            -0.17280092795265983,
            0.018259158263405552,
            0.2754351491622584,
            0.5665044760952551,
            0.019950214629416086,
            -0.16484288208694653,
            -0.003057320574516092,
            0.11444834103541998,
            0.3269710042434746,
            -0.004403107742481685,
            -0.09073465078654946,
            0.002387965096044168
        ],
        [
            0.0,
            0.0,
            1.0000000000000004,
            0.0,
            0.0,
            0.08922573644715918,
            0.0314145513063939,
            0.3688510225995181,
            -0.12782297785124125,
            0.013506524588369113,
            -0.014776555070299511,
            -0.019950214629416062,
            0.030525908448554732,
            0.027321800989953998,
            0.0005067340684771665,
            0.0006684696114250996,
            0.004403107742481684,
            0.0012392283826795462,
            -0.0008245527869889921,
            2.1700676181668213e-05
        ],
        [
            0.0,
            0.0,
            0.0,
            1.0000000000000004,
            0.0,
            0.4908009000335591,
            0.17280092795265944,
            -0.1278229778512413,
            -0.31102264748701886,
            0.07429486926367658,
            0.12209442205765127,
            0.16484288208694645,
            0.027321800989953998,
            -0.19191963195593878,
            -0.004186997776768538,
            0.013775124367020657,
            0.09073465078654934,
            -0.0008245527869889917,
            -0.015712281910002398,
            0.0004471848953816159
        ],
        [
            0.0,
            0.0,
            0.0,
            0.0,
            1.0000000000000004,
            -0.051860898061784455,
            -0.01825915826340555,
            0.013506524588369113,
            0.07429486926367657,
            0.3842383226059614,
            0.002264470166164769,
            0.00305732057451609,
            0.0005067340684771663,
            -0.004186997776768536,
            0.03375489105687056,
            -0.00036253532577643625,
            -0.002387965096044164,
            2.1700676181668203e-05,
            0.00044718489538161585,
            0.0012674726401557266
        ],
        [
            0.48454689347775404,
            0.532224118942296,
            0.08922573644715923,
            0.4908009000335591,
            -0.051860898061784455,
            0.9999999999999999,
            0.6848602514927513,
            0.0,
            0.0,
            0.0,
            0.48105689091943216,
            0.5307824971107762,
            0.2019496050762184,
            -0.4517924387591651,
            -0.06878763412270246,
            0.14903786851518228,
            0.33471668953454586,
            0.005620580204137813,
            -0.1945926821850263,
            -0.0038475140701008698
        ],
        [
            0.532224118942296,
            0.8546034513921364,
            0.03141455130639395,
            0.17280092795265967,
            -0.018259158263405552,
            0.6848602514927513,
            1.0000000000000002,
            0.0,
            0.0,
            0.0,
            0.5307824971107762,
            0.8531595974485199,
            0.07154856829447867,
            -0.16006519125050678,
            -0.024370717318245288,
            0.33471668953454586,
            0.6398661591700955,
            0.005234725331250317,
            -0.18123382386038833,
            -0.0035833808314436402
        ],
        [
            -0.08922573644715923,
            -0.03141455130639392,
            0.3688510225995181,
            -0.12782297785124125,
            0.013506524588369108,
            0.0,
            0.0,
            1.0000000000000004,
            0.0,
            0.0,
            -0.20194960507621834,
            -0.07154856829447864,
            0.26813239471887945,
            0.2685153463741971,
            0.04088279001181997,
            -0.005620580204137811,
            -0.005234725331250302,
            0.06959083643869017,
            0.010730680865641468,
            0.0002121685417392056
        ],
        [
            -0.4908009000335591,
            -0.17280092795265944,
            -0.1278229778512413,
            -0.31102264748701886,
            0.07429486926367657,
            0.0,
            0.0,
            0.0,
            1.0000000000000004,
            0.0,
            0.45179243875916497,
            0.16006519125050672,
            0.26851534637419694,
            -0.21255248221705025,
            -0.09146111177463286,
            0.19459268218502634,
            0.18123382386038828,
            0.010730680865641475,
            -0.3016110387559921,
            -0.007345584283615973
        ],
        [
            0.051860898061784455,
            0.01825915826340555,
            0.013506524588369118,
            0.07429486926367658,
            0.38423832260596147,
            0.0,
            0.0,
            0.0,
            0.0,
            1.0000000000000004,
            0.06878763412270242,
            0.024370717318245257,
            0.040882790011819985,
            -0.09146111177463294,
            0.37423238788303387,
            0.003847514070100871,
            0.003583380831443639,
            0.0002121685417392058,
            -0.007345584283615974,
            0.06975554157151498
        ],
        [
            0.09261195238076447,
            0.2754351491622584,
            -0.014776555070299511,
            0.12209442205765131,
            0.0022644701661647696,
            0.48105689091943216,
            0.5307824971107762,
            -0.2019496050762184,
            0.451792438759165,
            0.06878763412270245,
            0.9999999999999999,
            0.6848602514927513,
            0.0,
            0.0,
            0.0,
            0.5780866082318923,
            0.5681864529142664,
            -0.22430116474401302,
            -0.48636191955410335,
            0.06590669498187836
        ],
        [
            0.2754351491622584,
            0.5665044760952551,
            -0.019950214629416076,
            0.16484288208694653,
            0.003057320574516092,
            0.5307824971107762,
            0.8531595974485199,
            -0.07154856829447867,
            0.16006519125050678,
            0.024370717318245267,
            0.6848602514927513,
            1.0000000000000002,
            0.0,
            0.0,
            0.0,
            0.5681864529142664,
            0.8901539878879229,
            -0.06772978060857952,
            -0.14686141351678483,
            0.019901127115651056
        ],
        [
            0.014776555070299511,
            0.019950214629416055,
            0.030525908448554732,
            0.027321800989954008,
            0.0005067340684771665,
            0.20194960507621834,
            0.07154856829447864,
            0.26813239471887945,
            0.26851534637419694,
            0.040882790011819985,
            0.0,
            0.0,
            1.0000000000000004,
            0.0,
            0.0,
            0.22430116474401302,
            0.06772978060857951,
            0.38010754712197226,
            -0.25969828366741365,
            0.03519160296241406
        ],
        [
            -0.12209442205765123,
            -0.16484288208694645,
            0.027321800989953987,
            -0.19191963195593875,
            -0.004186997776768536,
            -0.45179243875916497,
            -0.16006519125050672,
            0.2685153463741971,
            -0.21255248221705025,
            -0.09146111177463294,
            0.0,
            0.0,
            0.0,
            1.0000000000000004,
            0.0,
            0.48636191955410335,
            0.14686141351678478,
            -0.2596982836674136,
            -0.06323940868203227,
            0.07630747521315495
        ],
        [
            -0.002264470166164769,
            -0.00305732057451609,
            0.0005067340684771663,
            -0.004186997776768538,
            0.03375489105687056,
            -0.06878763412270242,
            -0.024370717318245236,
            0.04088279001181997,
            -0.09146111177463286,
            0.37423238788303387,
            0.0,
            0.0,
            0.0,
            0.0,
            1.0000000000000004,
            -0.06590669498187834,
            -0.019901127115651045,
            0.03519160296241404,
            0.07630747521315492,
            0.48953522201828165
        ],
        [
            0.01160809632476037,
            0.11444834103542,
            0.0006684696114250996,
            0.013775124367020665,
            -0.00036253532577643625,
            0.14903786851518228,
            0.33471668953454586,
            -0.005620580204137809,
            0.1945926821850264,
            0.0038475140701008698,
            0.5780866082318923,
            0.5681864529142664,
            0.22430116474401302,
            0.48636191955410335,
            -0.06590669498187839,
            0.9999999999999999,
            0.6848602514927513,
            0.0,
            0.0,
            0.0
        ],
        [
            0.11444834103541998,
            0.3269710042434746,
            0.004403107742481685,
            0.09073465078654946,
            -0.002387965096044164,
            0.33471668953454586,
            0.6398661591700955,
            -0.005234725331250305,
            0.18123382386038833,
            0.0035833808314436402,
            0.5681864529142664,
            0.8901539878879229,
            0.06772978060857952,
            0.14686141351678483,
            -0.019901127115651056,
            0.6848602514927513,
            1.0000000000000002,
            0.0,
            0.0,
            0.0
        ],
        [
            -0.0006684696114250996,
            -0.004403107742481682,
            0.0012392283826795462,
            -0.0008245527869889921,
            2.1700676181668203e-05,
            0.005620580204137805,
            0.005234725331250315,
            0.06959083643869017,
            0.010730680865641475,
            0.0002121685417392058,
            -0.22430116474401302,
            -0.06772978060857951,
            0.38010754712197226,
            -0.25969828366741365,
            0.03519160296241405,
            0.0,
            0.0,
            1.0000000000000004,
            0.0,
            0.0
        ],
        [
            -0.01377512436702066,
            -0.09073465078654934,
            -0.0008245527869889917,
            -0.015712281910002398,
            0.0004471848953816157,
            -0.19459268218502634,
            -0.18123382386038828,
            0.010730680865641468,
            -0.30161103875599204,
            -0.007345584283615974,
            -0.48636191955410335,
            -0.14686141351678478,
            -0.2596982836674136,
            -0.06323940868203227,
            0.07630747521315492,
            0.0,
            0.0,
            0.0,
            1.0000000000000004,
            0.0
        ],
        [
            0.00036253532577643625,
            0.002387965096044168,
            2.1700676181668213e-05,
            0.0004471848953816161,
            0.0012674726401557266,
            -0.003847514070100871,
            -0.003583380831443639,
            0.0002121685417392056,
            -0.007345584283615973,
            0.06975554157151498,
            0.06590669498187836,
            0.019901127115651045,
            0.03519160296241405,
            0.07630747521315495,
            0.48953522201828165,
            0.0,
            0.0,
            0.0,
            0.0,
            1.0000000000000004
        ]
    ],
    "h": [
        [
            -0.2160803935995801,
            -0.4461622420770919,
            -0.03919988028058545,
            -0.2415399930286344,
            0.023820456510980016,
            -0.5239885984190089,
            -0.4335296594740131,
            0.021660408246540752,
            0.05153285626595627,
            -0.00957510310237411,
            -0.1930374018147239,
            -0.27858078827074817,
            -0.055112337550251356,
            0.2558244799789613,
            0.01626552823387264,
            -0.013364943397287214,
            -0.13563276185674603,
            0.0012057875515904854,
            0.066898921817696,
            -0.0004135595149849518
        ],
        [
            -0.4461622420770919,
            -0.3063837337188451,
            -0.033079489431860384,
            -0.2172335530778544,
            0.020534854942489453,
            -0.5036893281030537,
            -0.3616154699508013,
            0.06975063200329276,
            0.10925831509335868,
            -0.03181615621690503,
            -0.2965410982508986,
            -0.294488237980818,
            -0.07837674631825542,
            0.15217709742407634,
            0.025254465031292632,
            -0.13899972332569144,
            -0.19880977614872403,
            0.025690596555783637,
            0.11926907631237037,
            -0.007314654530580307
        ],
        [
            -0.03919988028058545,
            -0.033079489431860384,
            1.4986022390707168,
            -0.03607511339187849,
            0.0041359762303781085,
            -0.0027094361824497037,
            -0.026865187879968333,
            0.2599968275525985,
            -0.16791024538325697,
            0.01813775955211874,
            -0.0019637304044168927,
            -0.021394173818431006,
            -0.04336934925267709,
            0.01041281108281418,
            0.0011972226591165757,
            -0.0002449919806733259,
            -0.009652286170911734,
            -0.004657746690100408,
            0.004476428787802697,
            7.297251732196953e-05
        ],
        [
            -0.2415399930286344,
            -0.2172335530778544,
            -0.03607511339187849,
            1.280145724066664,
            0.02191586704470052,
            -0.07552231651497876,
            -0.201240554547842,
            -0.14666182664848504,
            -0.6542997467078002,
            0.08971878639362216,
            -0.19843827411090556,
            -0.15837412836795461,
            -0.0637837281743335,
            0.17980212420968417,
            0.01918102247663684,
            -0.061936187668133955,
            -0.1089328410906237,
            0.007504125490540435,
            0.08459969422408238,
            -0.0026356827638736717
        ],
        [
            0.023820456510980016,
            0.020534854942489453,
            0.0041359762303781085,
            0.02191586704470052,
            1.5035831544391498,
            0.003642568025302273,
            0.017441529792902276,
            0.017402177890252137,
            0.09808268976646092,
            0.2811203849778061,
            0.006860137677497817,
            0.01374103882783314,
            0.00339265055468583,
            -0.011257937817255521,
            -0.0410009267419291,
            0.0012269235807936124,
            0.006951038897114557,
            -3.86528884877426e-05,
            -0.003231458467792464,
            -0.004383855751272661
        ],
        [
            -0.5239885984190089,
            -0.5036893281030537,
            -0.0027094361824497037,
            -0.07552231651497876,
            0.003642568025302273,
            -0.3636256584314175,
            -0.5666682880409373,
            0.11653734125539375,
            0.042221962729858675,
            -0.04940010105764165,
            -0.4833132068175199,
            -0.47991007631281235,
            -0.047488023104859556,
            0.04549039674934574,
            0.014111192789708543,
            -0.2728293316683533,
            -0.3407343516508694,
            0.04303457216073367,
            0.2371548858892938,
            -0.011227925906723743
        ],
        [
            -0.4335296594740131,
            -0.3616154699508013,
            -0.026865187879968333,
            -0.201240554547842,
            0.017441529792902276,
            -0.5666682880409373,
            -0.4331170419843866,
            0.10365699369454162,
            0.005965290337557272,
            -0.04366531812068772,
            -0.4954928144901165,
            -0.40859259086002253,
            -0.12644107752952843,
            0.08053483523625615,
            0.03997360986824636,
            -0.33828960899470434,
            -0.32388585978536144,
            0.06612853968984368,
            0.19161668298501366,
            -0.018879607128884625
        ],
        [
            0.021660408246540752,
            0.06975063200329276,
            0.2599968275525985,
            -0.14666182664848504,
            0.017402177890252137,
            0.11653734125539375,
            0.10365699369454162,
            1.3871707059883518,
            0.03940391629012316,
            0.015631633477385484,
            0.028057047457299977,
            0.08787423669491681,
            0.12640541028273528,
            0.34526127226739795,
            0.04998794407760508,
            0.062398518993263395,
            0.07329567639538818,
            -0.06202810477279548,
            -0.06533958912371958,
            0.005282109113729481
        ],
        [
            0.05153285626595627,
            0.10925831509335868,
            -0.16791024538325697,
            -0.6542997467078002,
            0.09808268976646092,
            0.042221962729858675,
            0.005965290337557272,
            0.03940391629012316,
            0.9702354928766532,
            -0.003911767282687802,
            -0.1023759001468636,
            -0.11870532814777157,
            0.3096308033691265,
            -0.6448849867257375,
            -0.10657727944383882,
            -0.30531433687915954,
            -0.17122658592722628,
            0.07209704686232318,
            0.0745903387457143,
            -0.02137940188007568
        ],
        [
            -0.00957510310237411,
            -0.03181615621690503,
            0.01813775955211874,
            0.08971878639362216,
            0.2811203849778061,
            -0.04940010105764165,
            -0.04366531812068772,
            0.015631633477385484,
            -0.003911767282687802,
            1.4217556685147328,
            -0.011506862116963584,
            -0.03449784273447853,
            0.04889996324038769,
            -0.11494855593920583,
            0.2551203705864322,
            -0.021873248413877076,
            -0.026721311810057734,
            0.006589683535569513,
            0.022234335664929158,
            -0.04500609011152065
        ],
        [
            -0.1930374018147239,
            -0.2965410982508986,
            -0.0019637304044168927,
            -0.19843827411090556,
            0.006860137677497817,
            -0.4833132068175199,
            -0.4954928144901165,
            0.028057047457299977,
            -0.1023759001468636,
            -0.011506862116963584,
            -0.4377433871722447,
            -0.5908526009635293,
            -0.19811718393936456,
            -0.09789518743036385,
            0.06204295290568719,
            -0.6124223823997209,
            -0.5515114743067123,
            0.010485560864975818,
            0.08292356927046374,
            -0.002202076697462557
        ],
        [
            -0.27858078827074817,
            -0.294488237980818,
            -0.021394173818431006,
            -0.15837412836795461,
            0.01374103882783314,
            -0.47991007631281235,
            -0.40859259086002253,
            0.08787423669491681,
            -0.11870532814777157,
            -0.03449784273447853,
            -0.5908526009635293,
            -0.42729007158348375,
            -0.1633858819140825,
            -0.03498534639250059,
            0.05120781632511652,
            -0.4857397868259501,
            -0.37761056805074644,
            0.08491975895702776,
            0.23823007674808894,
            -0.02419028890905329
        ],
        [
            -0.055112337550251356,
            -0.07837674631825542,
            -0.04336934925267709,
            -0.0637837281743335,
            0.00339265055468583,
            -0.047488023104859556,
            -0.12644107752952843,
            0.12640541028273528,
            0.3096308033691265,
            0.04889996324038769,
            -0.19811718393936456,
            -0.1633858819140825,
            1.3204499950905277,
            -0.029710283994001607,
            0.026181120596288375,
            -0.03609497960660274,
            -0.13490444382438524,
            0.27042012633551693,
            -0.32914025003493474,
            0.04953716476305961
        ],
        [
            0.2558244799789613,
            0.15217709742407634,
            0.01041281108281418,
            0.17980212420968417,
            -0.011257937817255521,
            0.04549039674934574,
            0.08053483523625615,
            0.34526127226739795,
            -0.6448849867257375,
            -0.11494855593920583,
            -0.09789518743036385,
            -0.03498534639250059,
            -0.029710283994001607,
            0.9605999708982795,
            0.005574582914805154,
            -0.008148251789318217,
            -0.10456662414162057,
            -0.3724640985305548,
            -0.40491366945748486,
            0.10928268065616656
        ],
        [
            0.01626552823387264,
            0.025254465031292632,
            0.0011972226591165757,
            0.01918102247663684,
            -0.0410009267419291,
            0.014111192789708543,
            0.03997360986824636,
            0.04998794407760508,
            -0.10657727944383882,
            0.2551203705864322,
            0.06204295290568719,
            0.05120781632511652,
            0.026181120596288375,
            0.005574582914805154,
            1.3958136481669499,
            0.012044179727182441,
            0.04189947842943668,
            0.0488945421756289,
            0.09519265906351596,
            0.4230956975373894
        ],
        [
            -0.013364943397287214,
            -0.13899972332569144,
            -0.0002449919806733259,
            -0.061936187668133955,
            0.0012269235807936124,
            -0.2728293316683533,
            -0.33828960899470434,
            0.062398518993263395,
            -0.30531433687915954,
            -0.021873248413877076,
            -0.6124223823997209,
            -0.4857397868259501,
            -0.03609497960660274,
            -0.008148251789318217,
            0.012044179727182441,
            -0.30585025141311206,
            -0.48755522905952975,
            0.12140174633013005,
            0.2893962074606573,
            -0.035087540321482785
        ],
        [
            -0.13563276185674603,
            -0.19880977614872403,
            -0.009652286170911734,
            -0.1089328410906237,
            0.006951038897114557,
            -0.3407343516508694,
            -0.32388585978536144,
            0.07329567639538818,
            -0.17122658592722628,
            -0.026721311810057734,
            -0.5515114743067123,
            -0.37761056805074644,
            -0.13490444382438524,
            -0.10456662414162057,
            0.04189947842943668,
            -0.48755522905952975,
            -0.32734713421006445,
            0.09485857678630819,
            0.24288469017278683,
            -0.027232833736788732
        ],
        [
            0.0012057875515904854,
            0.025690596555783637,
            -0.004657746690100408,
            0.007504125490540435,
            -3.86528884877426e-05,
            0.04303457216073367,
            0.06612853968984368,
            -0.06202810477279548,
            0.07209704686232318,
            0.006589683535569513,
            0.010485560864975818,
            0.08491975895702776,
            0.27042012633551693,
            -0.3724640985305548,
            0.0488945421756289,
            0.12140174633013005,
            0.09485857678630819,
            1.414656210559924,
            -0.10420520737565953,
            0.014271420370001894
        ],
        [
            0.066898921817696,
            0.11926907631237037,
            0.004476428787802697,
            0.08459969422408238,
            -0.003231458467792464,
            0.2371548858892938,
            0.19161668298501366,
            -0.06533958912371958,
            0.0745903387457143,
            0.022234335664929158,
            0.08292356927046374,
            0.23823007674808894,
            -0.32914025003493474,
            -0.40491366945748486,
            0.09519265906351596,
            0.2893962074606573,
            0.24288469017278683,
            -0.10420520737565953,
            1.202545277337039,
            0.03014043682465647
        ],
        [
            -0.0004135595149849518,
            -0.007314654530580307,
            7.297251732196953e-05,
            -0.0026356827638736717,
            -0.004383855751272661,
            -0.011227925906723743,
            -0.018879607128884625,
            0.005282109113729481,
            -0.02137940188007568,
            -0.04500609011152065,
            -0.002202076697462557,
            -0.02419028890905329,
            0.04953716476305961,
            0.10928268065616656,
            0.4230956975373894,
            -0.035087540321482785,
            -0.027232833736788732,
            0.014271420370001894,
            0.03014043682465647,
            1.4590613998885067
        ]
    ]
}