{
    "HF": -2.150042478556741,
    "coordinates": [
        [
            0.832166,
            0.107384,
            -0.008269
        ],
        [
            1.586075,
            0.136208,
            -0.191586
        ],
        [
            2.292422,
            -0.186665,
            0.023669
        ],
        [
            2.946009,
            -0.144686,
            0.135797
        ]
    ],
    "elements": [
        "H",
        "H",
        "H",
        "H"
    ],
    "Enn": 3.1086704678569683,
    "S": [
        [
            0.9999999999999999,
            0.6848602514927513,
            0.0,
            0.0,
            0.0,
            0.5415392856479755,
            0.5547173059225904,
            0.12462245436937969,
            -0.5125219698727597,
            -0.019595114608808778,
            0.12883106882119116,
            0.315432406559183,
            -0.003635309033939164,
            -0.16621209307608084,
            0.03346981608493886,
            0.018569030091789753,
            0.13998026864162574,
            -0.0015572786172830893,
            -0.022849544682253527,
            0.002724745748882792
        ],
        [
            0.6848602514927513,
            1.0000000000000002,
            0.0,
            0.0,
            0.0,
            0.5547173059225904,
            0.8769422675247592,
            0.03983703932553661,
            -0.16383370053446206,
            -0.006263809802251117,
            0.315432406559183,
            0.6165862291053392,
            -0.0037966698978994127,
            -0.1735897676256186,
            0.03495544451147296,
            0.13998026864162574,
            0.3709376864365713,
            -0.0071729424962429745,
            -0.10524672223207242,
            0.012550383956158751
        ],
        [
            0.0,
            0.0,
            1.0000000000000004,
            0.0,
            0.0,
            -0.12462245436937969,
            -0.039837039325536595,
            0.4173666772918762,
            0.16406543196636106,
            0.006272669527752542,
            0.003635309033939165,
            0.0037966698978994114,
            0.05590081252920951,
            -0.006786386608558187,
            0.001366561887682657,
            0.0015572786172830888,
            0.007172942496242973,
            0.002566858966415278,
            -0.002144982358644798,
            0.00025578328340543463
        ],
        [
            0.0,
            0.0,
            0.0,
            1.0000000000000004,
            0.0,
            0.5125219698727594,
            0.16383370053446197,
            0.1640654319663611,
            -0.2174749898519436,
            -0.02579696378949247,
            0.1662120930760808,
            0.17358976762561848,
            -0.006786386608558192,
            -0.2542351150136227,
            0.06248137628717914,
            0.022849544682253524,
            0.10524672223207236,
            -0.002144982358644798,
            -0.028759721810373576,
            0.003753041683281234
        ],
        [
            0.0,
            0.0,
            0.0,
            0.0,
            1.0000000000000004,
            0.019595114608808778,
            0.006263809802251114,
            0.006272669527752542,
            -0.025796963789492464,
            0.45627377497542837,
            -0.03346981608493886,
            -0.03495544451147298,
            0.0013665618876826575,
            0.06248137628717912,
            0.043467483989306506,
            -0.0027247457488827915,
            -0.01255038395615875,
            0.00025578328340543463,
            0.003753041683281234,
            0.0022655072630843403
        ],
        [
            0.5415392856479755,
            0.5547173059225904,
            -0.12462245436937969,
            0.5125219698727594,
            0.019595114608808778,
            0.9999999999999999,
            0.6848602514927513,
            0.0,
            0.0,
            0.0,
            0.5182055883197847,
            0.5457390816561216,
            -0.13839970913509278,
            -0.4541507484074492,
            0.20759345561113476,
            0.15086697747466937,
            0.3363785562868121,
            -0.045194584821195996,
            -0.18773623711135995,
            0.03877686901508333
        ],
        [
            0.5547173059225904,
            0.8769422675247592,
            -0.03983703932553662,
            0.16383370053446206,
            0.006263809802251117,
            0.6848602514927513,
            1.0000000000000002,
            0.0,
            0.0,
            0.0,
            0.5457390816561216,
            0.8680677657557111,
            -0.04596977245684383,
            -0.15084718527130303,
            0.06895262986903225,
            0.3363785562868121,
            0.6418482411243999,
            -0.041688525447113475,
            -0.17317222691891407,
            0.03576867664766187
        ],
        [
            0.12462245436937969,
            0.039837039325536595,
            0.4173666772918762,
            0.1640654319663611,
            0.006272669527752542,
            0.0,
            0.0,
            1.0000000000000004,
            0.0,
            0.0,
            0.1383997091350928,
            0.045969772456843846,
            0.3785980340059218,
            -0.16988051551431482,
            0.07765281325701581,
            0.04519458482119598,
            0.04168852544711347,
            0.05138891959560909,
            -0.08229858153566123,
            0.0169987497642371
        ],
        [
            -0.5125219698727597,
            -0.16383370053446197,
            0.16406543196636106,
            -0.2174749898519439,
            -0.025796963789492464,
            0.0,
            0.0,
            0.0,
            1.0000000000000004,
            0.0,
            0.45415074840744885,
            0.150847185271303,
            -0.16988051551431493,
            -0.1270851188584322,
            0.254813275815444,
            0.1877362371113599,
            0.17317222691891385,
            -0.0822985815356612,
            -0.2706635159116053,
            0.07061202860832119
        ],
        [
            -0.019595114608808778,
            -0.006263809802251114,
            0.006272669527752542,
            -0.02579696378949247,
            0.45627377497542837,
            0.0,
            0.0,
            0.0,
            0.0,
            1.0000000000000004,
            -0.20759345561113476,
            -0.06895262986903228,
            0.07765281325701584,
            0.2548132758154439,
            0.3138923066009411,
            -0.03877686901508333,
            -0.03576867664766187,
            0.016998749764237108,
            0.07061202860832125,
            0.056616130147726755
        ],
        [
            0.12883106882119116,
            0.315432406559183,
            0.003635309033939164,
            0.1662120930760808,
            -0.03346981608493886,
            0.5182055883197847,
            0.5457390816561216,
            0.13839970913509278,
            0.4541507484074492,
            -0.20759345561113476,
            0.9999999999999999,
            0.6848602514927513,
            0.0,
            0.0,
            0.0,
            0.6321279698162652,
            0.5868896069218652,
            -0.09266425281304162,
            -0.5401340521842661,
            -0.034692072175002434
        ],
        [
            0.315432406559183,
            0.6165862291053392,
            0.003796669897899411,
            0.1735897676256185,
            -0.03495544451147296,
            0.5457390816561216,
            0.8680677657557111,
            0.04596977245684385,
            0.15084718527130267,
            -0.06895262986903225,
            0.6848602514927513,
            1.0000000000000002,
            0.0,
            0.0,
            0.0,
            0.5868896069218652,
            0.9083036818831745,
            -0.025878126658799464,
            -0.150841958908968,
            -0.009688372922104584
        ],
        [
            -0.003635309033939165,
            -0.0037966698978994123,
            0.05590081252920951,
            -0.006786386608558188,
            0.001366561887682657,
            -0.1383997091350928,
            -0.04596977245684385,
            0.3785980340059218,
            -0.16988051551431493,
            0.07765281325701581,
            0.0,
            0.0,
            1.0000000000000004,
            0.0,
            0.0,
            0.0926642528130416,
            0.025878126658799454,
            0.5453635050168171,
            -0.10726250004468793,
            -0.006889323822805457
        ],
        [
            -0.16621209307608084,
            -0.17358976762561856,
            -0.00678638660855819,
            -0.2542351150136227,
            0.06248137628717913,
            -0.4541507484074492,
            -0.150847185271303,
            -0.16988051551431482,
            -0.12708511885843207,
            0.25481327581544383,
            0.0,
            0.0,
            0.0,
            1.0000000000000004,
            0.0,
            0.5401340521842661,
            0.150841958908968,
            -0.10726250004468774,
            -0.06146107725802033,
            -0.040157431590467536
        ],
        [
            0.03346981608493886,
            0.034955444511472984,
            0.0013665618876826575,
            0.06248137628717914,
            0.043467483989306506,
            0.20759345561113476,
            0.06895262986903228,
            0.07765281325701584,
            0.25481327581544405,
            0.3138923066009411,
            0.0,
            0.0,
            0.0,
            0.0,
            1.0000000000000004,
            0.034692072175002434,
            0.009688372922104583,
            -0.006889323822805454,
            -0.04015743159046759,
            0.561185975145927
        ],
        [
            0.018569030091789753,
            0.13998026864162574,
            0.001557278617283089,
            0.022849544682253524,
            -0.002724745748882792,
            0.15086697747466937,
            0.3363785562868121,
            0.045194584821195996,
            0.1877362371113599,
            -0.03877686901508333,
            0.6321279698162652,
            0.5868896069218652,
            0.09266425281304162,
            0.5401340521842661,
            0.034692072175002434,
            0.9999999999999999,
            0.6848602514927513,
            0.0,
            0.0,
            0.0
        ],
        [
            0.13998026864162574,
            0.3709376864365713,
            0.007172942496242972,
            0.10524672223207238,
            -0.012550383956158751,
            0.3363785562868121,
            0.6418482411243999,
            0.041688525447113475,
            0.17317222691891387,
            -0.03576867664766187,
            0.5868896069218652,
            0.9083036818831745,
            0.025878126658799457,
            0.150841958908968,
            0.009688372922104584,
            0.6848602514927513,
            1.0000000000000002,
            0.0,
            0.0,
            0.0
        ],
        [
            -0.0015572786172830888,
            -0.007172942496242974,
            0.002566858966415278,
            -0.0021449823586447976,
            0.00025578328340543463,
            -0.04519458482119598,
            -0.041688525447113454,
            0.05138891959560909,
            -0.0822985815356612,
            0.0169987497642371,
            -0.0926642528130416,
            -0.02587812665879946,
            0.5453635050168171,
            -0.10726250004468774,
            -0.006889323822805454,
            0.0,
            0.0,
            1.0000000000000004,
            0.0,
            0.0
        ],
        [
            -0.022849544682253527,
            -0.1052467222320724,
            -0.002144982358644798,
            -0.028759721810373576,
            0.0037530416832812345,
            -0.18773623711135995,
            -0.17317222691891407,
            -0.08229858153566123,
            -0.2706635159116052,
            0.07061202860832122,
            -0.5401340521842661,
            -0.150841958908968,
            -0.10726250004468793,
            -0.06146107725802033,
            -0.04015743159046759,
            0.0,
            0.0,
            0.0,
            1.0000000000000004,
            0.0
        ],
        [
            0.0027247457488827915,
            0.01255038395615875,
            0.00025578328340543463,
            0.0037530416832812336,
            0.0022655072630843403,
            0.03877686901508333,
            0.03576867664766187,
            0.016998749764237108,
            0.07061202860832122,
            0.056616130147726755,
            -0.034692072175002434,
            -0.009688372922104583,
            -0.006889323822805457,
            -0.040157431590467536,
            0.561185975145927,
            0.0,
            0.0,
            0.0,
            0.0,
            1.0000000000000004
        ]
    ],
    "h": [
        [
            -0.26222545047809587,
            -0.46689176769168994,
            0.0647944596140193,
            -0.27972463405451753,
            -0.00620550933908892,
            -0.573698854762499,
            -0.4605778214965428,
            -0.015944162862455535,
            0.027641399188228055,
            0.014014526298443158,
            -0.24527175837673237,
            -0.315254679406241,
            0.045831031996008,
            0.2911837577935614,
            -0.0863953572885123,
            -0.03023491366004681,
            -0.16122647586141414,
            0.012568704754397052,
            0.08803115479085666,
            -0.012442137249091021
        ],
        [
            -0.46689176769168994,
            -0.3149319881270709,
            0.052646877843826594,
            -0.2402692582964115,
            -0.002697971661484685,
            -0.5353785071778168,
            -0.3694934858403094,
            -0.07619139578046322,
            0.11344679512922179,
            0.04905265120503559,
            -0.33941891603612007,
            -0.3146218551123525,
            0.0398016016286585,
            0.15750223551304898,
            -0.07998192431201459,
            -0.16675742850851202,
            -0.21670372365646146,
            0.024664999364890645,
            0.1380275978753544,
            -0.006324791615074883
        ],
        [
            0.0647944596140193,
            0.052646877843826594,
            1.4758809804084885,
            0.058999142511459976,
            0.002404841431042863,
            0.006906502095647055,
            0.04576757292256813,
            0.32694404617291783,
            0.22844366449085757,
            0.007760457111400703,
            0.022321959932725725,
            0.03630329661925295,
            -0.051787585805608494,
            -0.0390657206016205,
            0.013021417279877032,
            -0.0016773662108947856,
            0.016353517783158217,
            -0.00853190428615319,
            0.0005547732493647005,
            0.0003087061197232777
        ],
        [
            -0.27972463405451753,
            -0.2402692582964115,
            0.058999142511459976,
            1.2248582653111595,
            -0.004507117061077125,
            -0.07621315345394264,
            -0.22929348967677715,
            0.2071370671434078,
            -0.5889054662678426,
            -0.010279291406130278,
            -0.23428495290741916,
            -0.1845101356504646,
            0.04272029829925092,
            0.12854275700219692,
            -0.07205942047135092,
            -0.08625429408423323,
            -0.12719578368560108,
            0.0148817856244855,
            0.11751611176859704,
            -0.013582723956031315
        ],
        [
            -0.00620550933908892,
            -0.002697971661484685,
            0.002404841431042863,
            -0.004507117061077125,
            1.4890650151980425,
            0.00874327585536084,
            0.0011522939281581358,
            0.012175133493293114,
            -0.03161688824781142,
            0.3769072042111432,
            0.021430462403085104,
            0.0007549246022618833,
            -0.0012381280229352893,
            0.002729470015416277,
            -0.04291652675737764,
            0.01144800703661595,
            0.006336787209881241,
            -0.0013898487375667737,
            -0.013335075216910942,
            -0.0070538223057205985
        ],
        [
            -0.573698854762499,
            -0.5353785071778168,
            0.006906502095647055,
            -0.07621315345394264,
            0.00874327585536084,
            -0.4210537266378451,
            -0.5895726439864839,
            -0.11869644481463223,
            0.07052953650157409,
            0.09396778855031836,
            -0.5163773143254042,
            -0.5048133049739492,
            0.003320540801281635,
            0.05070290484130535,
            -0.032682171756525824,
            -0.28573138563121536,
            -0.3542863557513613,
            0.052363848772181004,
            0.2579666276076892,
            -0.019969363472991483
        ],
        [
            -0.4605778214965428,
            -0.3694934858403094,
            0.04576757292256813,
            -0.22929348967677715,
            0.0011522939281581358,
            -0.5895726439864839,
            -0.43121806120933437,
            -0.1027598140210078,
            0.022847788477265596,
            0.08473222595735636,
            -0.5183069756710257,
            -0.41144675763877525,
            0.029816563383817524,
            0.0849107917294436,
            -0.09229717573580057,
            -0.34674604424141175,
            -0.3242202353987451,
            0.03924325937441106,
            0.21147365508594196,
            0.0017575319470337428
        ],
        [
            -0.015944162862455535,
            -0.07619139578046322,
            0.32694404617291783,
            0.2071370671434078,
            0.012175133493293114,
            -0.11869644481463223,
            -0.1027598140210078,
            1.3803434733888333,
            -0.004242171812881276,
            0.028862119331337265,
            -0.040231230571080634,
            -0.08799911752239549,
            0.26069379131359355,
            -0.2270146420361206,
            0.09644097478969554,
            -0.07652706823870475,
            -0.06772019507754573,
            -0.03656713530249642,
            0.049873242981681415,
            0.0027455940197382706
        ],
        [
            0.027641399188228055,
            0.11344679512922179,
            0.22844366449085757,
            -0.5889054662678426,
            -0.03161688824781142,
            0.07052953650157409,
            0.022847788477265596,
            -0.004242171812881276,
            0.9185685330067201,
            0.08435899587334092,
            -0.07892370302389573,
            -0.10269802629976144,
            -0.2524907529232001,
            -0.5918202071558031,
            0.3538003389609544,
            -0.3169111300812497,
            -0.16520347150265247,
            0.025310555502755183,
            0.10491732059174974,
            0.017799536216733414
        ],
        [
            0.014014526298443158,
            0.04905265120503559,
            0.007760457111400703,
            -0.010279291406130278,
            0.3769072042111432,
            0.09396778855031836,
            0.08473222595735636,
            0.028862119331337265,
            0.08435899587334092,
            1.3731105109815314,
            0.03474827554195442,
            0.0883031671382816,
            0.10777303275861638,
            0.36196589992676553,
            0.17783853467237049,
            0.09818386557019293,
            0.08172738583147272,
            -0.013725981458938115,
            -0.0745276511162335,
            -0.04720036544995068
        ],
        [
            -0.24527175837673237,
            -0.33941891603612007,
            0.022321959932725725,
            -0.23428495290741916,
            0.021430462403085104,
            -0.5163773143254042,
            -0.5183069756710257,
            -0.040231230571080634,
            -0.07892370302389573,
            0.03474827554195442,
            -0.4987105091270485,
            -0.6183481604253414,
            0.0020100140588639633,
            -0.1352014117143533,
            -0.10485221060707452,
            -0.6453879669281397,
            -0.5731256202795224,
            0.017262012511362224,
            0.06714831866317583,
            -0.011915292066341579
        ],
        [
            -0.315254679406241,
            -0.3146218551123525,
            0.03630329661925295,
            -0.1845101356504646,
            0.0007549246022618833,
            -0.5048133049739492,
            -0.41144675763877525,
            -0.08799911752239549,
            -0.10269802629976144,
            0.0883031671382816,
            -0.6183481604253414,
            -0.4335494431146869,
            0.01067645982808747,
            -0.04936368165112609,
            -0.09204283138692917,
            -0.49799943775254496,
            -0.37371387783628385,
            0.049791008133319305,
            0.26361603701876785,
            0.003279619564366113
        ],
        [
            0.045831031996008,
            0.0398016016286585,
            -0.051787585805608494,
            0.04272029829925092,
            -0.0012381280229352893,
            0.003320540801281635,
            0.029816563383817524,
            0.26069379131359355,
            -0.2524907529232001,
            0.10777303275861638,
            0.0020100140588639633,
            0.01067645982808747,
            1.3678785909435753,
            -0.11138033729225325,
            0.022422556813202547,
            0.011138725311088449,
            -0.007708496217370825,
            0.5119370267780514,
            -0.17723711544045695,
            -0.00826885388522182
        ],
        [
            0.2911837577935614,
            0.15750223551304898,
            -0.0390657206016205,
            0.12854275700219692,
            0.002729470015416277,
            0.05070290484130535,
            0.0849107917294436,
            -0.2270146420361206,
            -0.5918202071558031,
            0.36196589992676553,
            -0.1352014117143533,
            -0.04936368165112609,
            -0.11138033729225325,
            0.8507028638028009,
            0.0728588636239005,
            0.0052322606573727,
            -0.1276981780008393,
            -0.16795358567574484,
            -0.43361529762114354,
            -0.053815447575409375
        ],
        [
            -0.0863953572885123,
            -0.07998192431201459,
            0.013021417279877032,
            -0.07205942047135092,
            -0.04291652675737764,
            -0.032682171756525824,
            -0.09229717573580057,
            0.09644097478969554,
            0.3538003389609544,
            0.17783853467237049,
            -0.10485221060707452,
            -0.09204283138692917,
            0.022422556813202547,
            0.0728588636239005,
            1.353147696121383,
            -0.018894234777450752,
            -0.06012011836412717,
            -0.003155839841759718,
            -0.027802289025996685,
            0.5343894617450387
        ],
        [
            -0.03023491366004681,
            -0.16675742850851202,
            -0.0016773662108947856,
            -0.08625429408423323,
            0.01144800703661595,
            -0.28573138563121536,
            -0.34674604424141175,
            -0.07652706823870475,
            -0.3169111300812497,
            0.09818386557019293,
            -0.6453879669281397,
            -0.49799943775254496,
            0.011138725311088449,
            0.0052322606573727,
            -0.018894234777450752,
            -0.3434317110890521,
            -0.49904409591531973,
            0.06255482976832219,
            0.3428303060414352,
            0.015877976778284363
        ],
        [
            -0.16122647586141414,
            -0.21670372365646146,
            0.016353517783158217,
            -0.12719578368560108,
            0.006336787209881241,
            -0.3542863557513613,
            -0.3242202353987451,
            -0.06772019507754573,
            -0.16520347150265247,
            0.08172738583147272,
            -0.5731256202795224,
            -0.37371387783628385,
            -0.007708496217370825,
            -0.1276981780008393,
            -0.06012011836412717,
            -0.49904409591531973,
            -0.3223114379753247,
            0.05028419651981138,
            0.2704050627181289,
            0.008307744805877572
        ],
        [
            0.012568704754397052,
            0.024664999364890645,
            -0.00853190428615319,
            0.0148817856244855,
            -0.0013898487375667737,
            0.052363848772181004,
            0.03924325937441106,
            -0.03656713530249642,
            0.025310555502755183,
            -0.013725981458938115,
            0.017262012511362224,
            0.049791008133319305,
            0.5119370267780514,
            -0.16795358567574484,
            -0.003155839841759718,
            0.06255482976832219,
            0.05028419651981138,
            1.45314557863747,
            -0.0588313563667226,
            -0.0017159996301818708
        ],
        [
            0.08803115479085666,
            0.1380275978753544,
            0.0005547732493647005,
            0.11751611176859704,
            -0.013335075216910942,
            0.2579666276076892,
            0.21147365508594196,
            0.049873242981681415,
            0.10491732059174974,
            -0.0745276511162335,
            0.06714831866317583,
            0.26361603701876785,
            -0.17723711544045695,
            -0.43361529762114354,
            -0.027802289025996685,
            0.3428303060414352,
            0.2704050627181289,
            -0.0588313563667226,
            1.1373369348124647,
            -0.01285941247031734
        ],
        [
            -0.012442137249091021,
            -0.006324791615074883,
            0.0003087061197232777,
            -0.013582723956031315,
            -0.0070538223057205985,
            -0.019969363472991483,
            0.0017575319470337428,
            0.0027455940197382706,
            0.017799536216733414,
            -0.04720036544995068,
            -0.011915292066341579,
            0.003279619564366113,
            -0.00826885388522182,
            -0.053815447575409375,
            0.5343894617450387,
            0.015877976778284363,
            0.008307744805877572,
            -0.0017159996301818708,
            -0.01285941247031734,
            1.4613840412074537
        ]
    ]
}