{
    "HF": -2.1820360466887774,
    "coordinates": [
        [
            0.800733,
            0.134525,
            0.044306
        ],
        [
            1.56965,
            -0.020644,
            -0.198243
        ],
        [
            2.397918,
            -0.104691,
            0.136111
        ],
        [
            3.135406,
            0.088279,
            -0.104812
        ]
    ],
    "elements": [
        "H",
        "H",
        "H",
        "H"
    ],
    "Enn": 2.786094828406835,
    "S": [
        [
            0.9999999999999999,
            0.6848602514927513,
            0.0,
            0.0,
            0.0,
            0.5063610237333873,
            0.5410615253767009,
            0.15144917940326785,
            -0.48011679569580784,
            0.09688853682689139,
            0.09199405070900965,
            0.2746745509234612,
            -0.0069350049373897785,
            -0.12065231589700878,
            0.018070520571892963,
            0.008797439562225335,
            0.10157746625296879,
            0.0006467564530287119,
            -0.010125972910459512,
            0.0002005787291055796
        ],
        [
            0.6848602514927513,
            1.0000000000000002,
            0.0,
            0.0,
            0.0,
            0.5410615253767009,
            0.8634222482718757,
            0.05132483400981187,
            -0.16270748340468316,
            0.03283469801346736,
            0.27467455092346116,
            0.5655263711694255,
            -0.00941171342800837,
            -0.16374105453421423,
            0.024524072102766213,
            0.1015774662529688,
            0.3034124273465334,
            0.005262731006632585,
            -0.08239619621674052,
            0.001632131990321292
        ],
        [
            0.0,
            0.0,
            1.0000000000000004,
            0.0,
            0.0,
            -0.15144917940326785,
            -0.05132483400981185,
            0.35316188135035975,
            0.20182004980288898,
            -0.04072769272608681,
            0.0069350049373897785,
            0.009411713428008369,
            0.03275324175046998,
            -0.012747242437607791,
            0.0019091992142142493,
            -0.0006467564530287116,
            -0.00526273100663258,
            0.0007719768244540805,
            0.0007404855809182822,
            -1.466779123892163e-05
        ],
        [
            0.0,
            0.0,
            0.0,
            1.0000000000000004,
            0.0,
            0.4801167956958079,
            0.16270748340468316,
            0.20182004980288898,
            -0.2229755942700612,
            0.12911294339644563,
            0.12065231589700878,
            0.16374105453421428,
            -0.012747242437607791,
            -0.18828524971059346,
            0.03321544956107821,
            0.010125972910459512,
            0.08239619621674049,
            0.0007404855809182824,
            -0.010774175010933388,
            0.00022964696532374958
        ],
        [
            0.0,
            0.0,
            0.0,
            0.0,
            1.0000000000000004,
            -0.09688853682689136,
            -0.032834698013467355,
            -0.0407276927260868,
            0.12911294339644558,
            0.3907692238148362,
            -0.018070520571892956,
            -0.02452407210276619,
            0.0019091992142142489,
            0.0332154495610782,
            0.02851114932522287,
            -0.0002005787291055796,
            -0.0016321319903212915,
            -1.4667791238921636e-05,
            0.00022964696532374958,
            0.0008147234854627145
        ],
        [
            0.5063610237333873,
            0.5410615253767009,
            -0.15144917940326785,
            0.48011679569580784,
            -0.09688853682689137,
            0.9999999999999999,
            0.6848602514927513,
            0.0,
            0.0,
            0.0,
            0.4483995309314124,
            0.5169000237535106,
            -0.17899444275152165,
            -0.44340839083401823,
            0.0449940659598424,
            0.10394586539824288,
            0.28886223181627463,
            -0.00818779180612809,
            -0.13721445930361328,
            -0.009545427608597681
        ],
        [
            0.5410615253767009,
            0.8634222482718757,
            -0.05132483400981187,
            0.16270748340468316,
            -0.032834698013467355,
            0.6848602514927513,
            1.0000000000000002,
            0.0,
            0.0,
            0.0,
            0.5169000237535107,
            0.8391784082631325,
            -0.06738318173767952,
            -0.1669228816508977,
            0.016938198064048136,
            0.28886223181627463,
            0.5836064566662411,
            -0.01010880668655289,
            -0.16940763474981874,
            -0.011784970199606148
        ],
        [
            0.15144917940326785,
            0.05132483400981183,
            0.35316188135035975,
            0.20182004980288898,
            -0.04072769272608681,
            0.0,
            0.0,
            1.0000000000000004,
            0.0,
            0.0,
            0.17899444275152163,
            0.06738318173767946,
            0.24966806157862226,
            -0.25290422392474865,
            0.025662999546286164,
            0.008187791806128084,
            0.010108806686552903,
            0.039477549482953414,
            -0.015340976231897977,
            -0.0010672066108046354
        ],
        [
            -0.4801167956958079,
            -0.16270748340468316,
            0.20182004980288898,
            -0.2229755942700612,
            0.12911294339644563,
            0.0,
            0.0,
            0.0,
            1.0000000000000004,
            0.0,
            0.44340839083401823,
            0.16692288165089797,
            -0.25290422392474865,
            -0.27473902274950296,
            0.06357286381560666,
            0.13721445930361326,
            0.16940763474981874,
            -0.015340976231897964,
            -0.21669756446033653,
            -0.0178846973071788
        ],
        [
            0.09688853682689136,
            0.03283469801346736,
            -0.0407276927260868,
            0.12911294339644558,
            0.3907692238148362,
            0.0,
            0.0,
            0.0,
            0.0,
            1.0000000000000004,
            -0.04499406595984237,
            -0.016938198064048126,
            0.025662999546286158,
            0.06357286381560665,
            0.3453091226856856,
            0.009545427608597673,
            0.011784970199606132,
            -0.0010672066108046347,
            -0.0178846973071788,
            0.03914880596578511
        ],
        [
            0.09199405070900965,
            0.2746745509234612,
            0.0069350049373897785,
            0.12065231589700878,
            -0.018070520571892963,
            0.4483995309314124,
            0.5169000237535106,
            0.17899444275152165,
            0.44340839083401823,
            -0.044994065959842386,
            0.9999999999999999,
            0.6848602514927513,
            0.0,
            0.0,
            0.0,
            0.5232705493514268,
            0.5477142175044926,
            0.1568224041862104,
            -0.4800481532210704,
            -0.12560867719484242
        ],
        [
            0.27467455092346116,
            0.5655263711694255,
            0.00941171342800837,
            0.1637410545342144,
            -0.024524072102766213,
            0.5169000237535107,
            0.8391784082631325,
            0.06738318173767952,
            0.1669228816508977,
            -0.016938198064048147,
            0.6848602514927513,
            1.0000000000000002,
            0.0,
            0.0,
            0.0,
            0.5477142175044926,
            0.8700248209261394,
            0.05165023674317425,
            -0.15810624056337558,
            -0.041369840921499146
        ],
        [
            -0.0069350049373897785,
            -0.009411713428008369,
            0.03275324175046998,
            -0.012747242437607791,
            0.0019091992142142493,
            -0.17899444275152163,
            -0.06738318173767946,
            0.24966806157862226,
            -0.25290422392474865,
            0.025662999546286164,
            0.0,
            0.0,
            1.0000000000000004,
            0.0,
            0.0,
            -0.15682240418621035,
            -0.05165023674317421,
            0.37045337341392015,
            0.20120252816783593,
            0.052646350666786794
        ],
        [
            -0.12065231589700878,
            -0.1637410545342142,
            -0.012747242437607791,
            -0.18828524971059346,
            0.03321544956107821,
            -0.44340839083401823,
            -0.16692288165089766,
            -0.25290422392474865,
            -0.27473902274950296,
            0.06357286381560666,
            0.0,
            0.0,
            0.0,
            1.0000000000000004,
            0.0,
            0.4800481532210704,
            0.15810624056337552,
            0.20120252816783568,
            -0.17971756377031992,
            -0.16115543912597488
        ],
        [
            0.018070520571892956,
            0.02452407210276619,
            0.0019091992142142489,
            0.0332154495610782,
            0.02851114932522287,
            0.04499406595984238,
            0.016938198064048116,
            0.025662999546286158,
            0.06357286381560665,
            0.3453091226856856,
            0.0,
            0.0,
            0.0,
            0.0,
            1.0000000000000004,
            0.1256086771948424,
            0.04136984092149909,
            0.05264635066678678,
            -0.16115543912597505,
            0.394014640316758
        ],
        [
            0.008797439562225335,
            0.10157746625296879,
            -0.0006467564530287119,
            0.010125972910459512,
            -0.0002005787291055796,
            0.10394586539824288,
            0.28886223181627463,
            0.008187791806128088,
            0.13721445930361328,
            0.009545427608597681,
            0.5232705493514268,
            0.5477142175044926,
            -0.1568224041862104,
            0.4800481532210704,
            0.12560867719484242,
            0.9999999999999999,
            0.6848602514927513,
            0.0,
            0.0,
            0.0
        ],
        [
            0.1015774662529688,
            0.3034124273465334,
            -0.005262731006632585,
            0.08239619621674052,
            -0.001632131990321292,
            0.28886223181627463,
            0.5836064566662411,
            0.010108806686552903,
            0.16940763474981874,
            0.011784970199606143,
            0.5477142175044926,
            0.8700248209261394,
            -0.05165023674317425,
            0.15810624056337558,
            0.041369840921499146,
            0.6848602514927513,
            1.0000000000000002,
            0.0,
            0.0,
            0.0
        ],
        [
            0.0006467564530287116,
            0.00526273100663258,
            0.0007719768244540805,
            0.0007404855809182822,
            -1.466779123892163e-05,
            -0.00818779180612808,
            -0.01010880668655289,
            0.039477549482953414,
            -0.015340976231897964,
            -0.001067206610804635,
            0.15682240418621035,
            0.05165023674317419,
            0.37045337341392015,
            0.20120252816783568,
            0.052646350666786794,
            0.0,
            0.0,
            1.0000000000000004,
            0.0,
            0.0
        ],
        [
            -0.010125972910459512,
            -0.08239619621674049,
            0.0007404855809182824,
            -0.010774175010933388,
            0.00022964696532374958,
            -0.13721445930361326,
            -0.16940763474981874,
            -0.015340976231897977,
            -0.21669756446033653,
            -0.017884697307178808,
            -0.4800481532210704,
            -0.15810624056337552,
            0.20120252816783593,
            -0.17971756377032005,
            -0.1611554391259751,
            0.0,
            0.0,
            0.0,
            1.0000000000000004,
            0.0
        ],
        [
            0.0002005787291055796,
            0.0016321319903212915,
            -1.4667791238921636e-05,
            0.00022964696532374958,
            0.0008147234854627145,
            -0.009545427608597673,
            -0.011784970199606126,
            -0.001067206610804635,
            -0.017884697307178794,
            0.03914880596578511,
            -0.1256086771948424,
            -0.04136984092149909,
            0.05264635066678678,
            -0.16115543912597485,
            0.394014640316758,
            0.0,
            0.0,
            0.0,
            0.0,
            1.0000000000000004
        ]
    ],
    "h": [
        [
            -0.2349762057909015,
            -0.454482316178078,
            0.0721289775990687,
            -0.24463051192677235,
            0.05007223828817186,
            -0.5436670472512898,
            -0.4465820107117413,
            -0.025850116516036914,
            0.038549098349841215,
            -0.005175052406066333,
            -0.19369335608528576,
            -0.2829564088568498,
            0.04509374959388833,
            0.2520458942814745,
            -0.025089119134790963,
            -0.004714264989336758,
            -0.12193367258063449,
            -0.0006418490458724047,
            0.050774858885840504,
            0.0013890203033543626
        ],
        [
            -0.454482316178078,
            -0.30987756449739456,
            0.06077907038619436,
            -0.21596499855151113,
            0.04381785959720255,
            -0.5096253572498186,
            -0.3634479754979518,
            -0.09028461316660207,
            0.11059009337511566,
            -0.028386184691514285,
            -0.2881304264959376,
            -0.29379587884048775,
            0.0640289783346712,
            0.14783837147093834,
            -0.025186935954266965,
            -0.12201985749628122,
            -0.1849901817264345,
            -0.0167566012159933,
            0.10154993730662389,
            0.015650831242894334
        ],
        [
            0.0721289775990687,
            0.06077907038619436,
            1.4721230374909153,
            0.06396581096093903,
            -0.013024636041232388,
            0.009514021422767638,
            0.052534644969175634,
            0.23939661968670672,
            0.2718472426001717,
            -0.055210159649586726,
            0.018147214450216012,
            0.039431658056608365,
            -0.04776761399035865,
            -0.03079569245607441,
            0.0029902170365054474,
            0.0011898744005998047,
            0.017115449111846093,
            -0.0029340835576326953,
            -0.005847043237530021,
            -0.00010455229027456063
        ],
        [
            -0.24463051192677235,
            -0.21596499855151113,
            0.06396581096093903,
            1.2712565345088556,
            0.04446111195824529,
            -0.07018030728093538,
            -0.2030129192840569,
            0.24926936658323934,
            -0.5567447228101363,
            0.1748047312802138,
            -0.19208076030329563,
            -0.1566815263249358,
            0.05014729901017429,
            0.17304333818164302,
            -0.027329111150240983,
            -0.04961134075907972,
            -0.09967757203849298,
            -0.005400338040388976,
            0.06475898019424246,
            0.0030310631695261935
        ],
        [
            0.05007223828817186,
            0.04381785959720255,
            -0.013024636041232388,
            0.04446111195824529,
            1.4838758924910342,
            0.013568847069849926,
            0.04037500782617604,
            -0.05093550350637682,
            0.17587564058659988,
            0.28889398437345815,
            0.032255180782447,
            0.030481818257596785,
            -0.009031022901653033,
            -0.038701561420928926,
            -0.034953179276072194,
            0.0041757120836775205,
            0.015535647034573387,
            0.0004183341119419393,
            -0.0052779764787185875,
            -0.0033305263677931686
        ],
        [
            -0.5436670472512898,
            -0.5096253572498186,
            0.009514021422767638,
            -0.07018030728093538,
            0.013568847069849926,
            -0.36087887049421874,
            -0.5602449759808514,
            -0.13516389740759316,
            0.07391159713245055,
            -0.029622128733636996,
            -0.4443638712504141,
            -0.45994034885774815,
            0.033836380225016394,
            0.06766022528312476,
            -0.020737742533333492,
            -0.21056177065603768,
            -0.2983962007976469,
            -0.019669034313019088,
            0.201971835816687,
            0.029212969589240936
        ],
        [
            -0.4465820107117413,
            -0.3634479754979518,
            0.052534644969175634,
            -0.2030129192840569,
            0.04037500782617604,
            -0.5602449759808514,
            -0.42488204970373045,
            -0.11953622503284468,
            0.02746010462645916,
            -0.023517581311277406,
            -0.463243977709507,
            -0.3974723112496026,
            0.093618733499283,
            0.08561252346250697,
            -0.04513199695787552,
            -0.2958911945542495,
            -0.30096011440721937,
            -0.04150152029772646,
            0.16358668883198113,
            0.03715247768089276
        ],
        [
            -0.025850116516036914,
            -0.09028461316660207,
            0.23939661968670672,
            0.24926936658323934,
            -0.05093550350637682,
            -0.13516389740759316,
            -0.11953622503284468,
            1.383576725878476,
            0.001385762805639604,
            -0.006782589657838236,
            -0.03276084852975353,
            -0.09113030613453556,
            0.10788491109994153,
            -0.30141737757219766,
            0.026986723662562995,
            -0.048277082262391906,
            -0.06517295238558463,
            -0.05065380228055666,
            0.05224237405285863,
            0.009633023462802244
        ],
        [
            0.038549098349841215,
            0.11059009337511566,
            0.2718472426001717,
            -0.5567447228101363,
            0.17587564058659988,
            0.07391159713245055,
            0.02746010462645916,
            0.001385762805639604,
            1.0148886400282673,
            0.05880984580715283,
            -0.07944750444881488,
            -0.09448347051815048,
            -0.29719912126911796,
            -0.6703146102839836,
            0.06646949585106673,
            -0.26382828369120404,
            -0.15185851035245723,
            -0.03528129485165336,
            0.1565759423702685,
            0.038188132391388074
        ],
        [
            -0.005175052406066333,
            -0.028386184691514285,
            -0.055210159649586726,
            0.1748047312802138,
            0.28889398437345815,
            -0.029622128733636996,
            -0.023517581311277406,
            -0.006782589657838236,
            0.05880984580715283,
            1.4202225362509915,
            -0.004182547687655538,
            -0.006013773233963973,
            0.03331460478529272,
            0.09159785287844344,
            0.21856423176421536,
            0.0060936747477740374,
            0.006391563229803249,
            0.0017535672344729082,
            -0.005278866829084426,
            -0.04315173351468682
        ],
        [
            -0.19369335608528576,
            -0.2881304264959376,
            0.018147214450216012,
            -0.19208076030329563,
            0.032255180782447,
            -0.4443638712504141,
            -0.463243977709507,
            -0.03276084852975353,
            -0.07944750444881488,
            -0.004182547687655538,
            -0.37459195460725914,
            -0.5645724163080239,
            0.14050383948677242,
            -0.08425556502871834,
            -0.07657014831637836,
            -0.5603104429931749,
            -0.5189945098226618,
            -0.00874602151659526,
            0.07247516373981222,
            0.012859493217806661
        ],
        [
            -0.2829564088568498,
            -0.29379587884048775,
            0.039431658056608365,
            -0.1566815263249358,
            0.030481818257596785,
            -0.45994034885774815,
            -0.3974723112496026,
            -0.09113030613453556,
            -0.09448347051815048,
            -0.006013773233963973,
            -0.5645724163080239,
            -0.4231518236006808,
            0.1226072835606777,
            -0.03370394000612034,
            -0.06595552888134099,
            -0.45680959635979024,
            -0.36731006826978874,
            -0.055163351754221684,
            0.2107691173596406,
            0.04946105223225687
        ],
        [
            0.04509374959388833,
            0.0640289783346712,
            -0.04776761399035865,
            0.05014729901017429,
            -0.009031022901653033,
            0.033836380225016394,
            0.093618733499283,
            0.10788491109994153,
            -0.29719912126911796,
            0.03331460478529272,
            0.14050383948677242,
            0.1226072835606777,
            1.376667409319084,
            0.005326737109369201,
            0.024695709525552542,
            0.027306476571003047,
            0.09495712813507778,
            0.26086497786936724,
            0.24942542623630687,
            0.06855677707371038
        ],
        [
            0.2520458942814745,
            0.14783837147093834,
            -0.03079569245607441,
            0.17304333818164302,
            -0.038701561420928926,
            0.06766022528312476,
            0.08561252346250697,
            -0.30141737757219766,
            -0.6703146102839836,
            0.09159785287844344,
            -0.08425556502871834,
            -0.03370394000612034,
            0.005326737109369201,
            1.01316204540041,
            -0.03760562468499109,
            -0.030396241355468256,
            -0.10942014132999855,
            0.2750832823964522,
            -0.515056005133834,
            -0.2214430060477613
        ],
        [
            -0.025089119134790963,
            -0.025186935954266965,
            0.0029902170365054474,
            -0.027329111150240983,
            -0.034953179276072194,
            -0.020737742533333492,
            -0.04513199695787552,
            0.026986723662562995,
            0.06646949585106673,
            0.21856423176421536,
            -0.07657014831637836,
            -0.06595552888134099,
            0.024695709525552542,
            -0.03760562468499109,
            1.409222787253759,
            -0.012108748960180271,
            -0.05622468004321181,
            0.07189168854543287,
            -0.2109158918730158,
            0.29297966806681386
        ],
        [
            -0.004714264989336758,
            -0.12201985749628122,
            0.0011898744005998047,
            -0.04961134075907972,
            0.0041757120836775205,
            -0.21056177065603768,
            -0.2958911945542495,
            -0.048277082262391906,
            -0.26382828369120404,
            0.0060936747477740374,
            -0.5603104429931749,
            -0.45680959635979024,
            0.027306476571003047,
            -0.030396241355468256,
            -0.012108748960180271,
            -0.25144033528288356,
            -0.4623429132515594,
            -0.07657020650785505,
            0.25355501265047165,
            0.06483797426374466
        ],
        [
            -0.12193367258063449,
            -0.1849901817264345,
            0.017115449111846093,
            -0.09967757203849298,
            0.015535647034573387,
            -0.2983962007976469,
            -0.30096011440721937,
            -0.06517295238558463,
            -0.15185851035245723,
            0.006391563229803249,
            -0.5189945098226618,
            -0.36731006826978874,
            0.09495712813507778,
            -0.10942014132999855,
            -0.05622468004321181,
            -0.4623429132515594,
            -0.3146290674093164,
            -0.06326294293223983,
            0.2212855561882835,
            0.05481134186180101
        ],
        [
            -0.0006418490458724047,
            -0.0167566012159933,
            -0.0029340835576326953,
            -0.005400338040388976,
            0.0004183341119419393,
            -0.019669034313019088,
            -0.04150152029772646,
            -0.05065380228055666,
            -0.03528129485165336,
            0.0017535672344729082,
            -0.00874602151659526,
            -0.055163351754221684,
            0.26086497786936724,
            0.2750832823964522,
            0.07189168854543287,
            -0.07657020650785505,
            -0.06326294293223983,
            1.4616038843262993,
            0.06715046142000501,
            0.01793105930461404
        ],
        [
            0.050774858885840504,
            0.10154993730662389,
            -0.005847043237530021,
            0.06475898019424246,
            -0.0052779764787185875,
            0.201971835816687,
            0.16358668883198113,
            0.05224237405285863,
            0.1565759423702685,
            -0.005278866829084426,
            0.07247516373981222,
            0.2107691173596406,
            0.24942542623630687,
            -0.515056005133834,
            -0.2109158918730158,
            0.25355501265047165,
            0.2212855561882835,
            0.06715046142000501,
            1.2555424838723916,
            -0.056713342387683705
        ],
        [
            0.0013890203033543626,
            0.015650831242894334,
            -0.00010455229027456063,
            0.0030310631695261935,
            -0.0033305263677931686,
            0.029212969589240936,
            0.03715247768089276,
            0.009633023462802244,
            0.038188132391388074,
            -0.04315173351468682,
            0.012859493217806661,
            0.04946105223225687,
            0.06855677707371038,
            -0.2214430060477613,
            0.29297966806681386,
            0.06483797426374466,
            0.05481134186180101,
            0.01793105930461404,
            -0.056713342387683705,
            1.4695037864256786
        ]
    ]
}