{
    "HF": -2.1799452742461267,
    "coordinates": [
        [
            0.736818,
            -0.138621,
            -0.14054
        ],
        [
            1.402384,
            0.199086,
            -0.187916
        ],
        [
            2.21735,
            0.016792,
            0.183675
        ],
        [
            2.894097,
            0.006202,
            -0.079343
        ]
    ],
    "elements": [
        "H",
        "H",
        "H",
        "H"
    ],
    "Enn": 2.9581805980536404,
    "S": [
        [
            0.9999999999999999,
            0.6848602514927513,
            0.0,
            0.0,
            0.0,
            0.5643999524731546,
            0.5632240129142696,
            0.03393635973195798,
            -0.4767580040813988,
            -0.2419061599966298,
            0.11816082628793267,
            0.3044721021484044,
            -0.03321109872674188,
            -0.15165891282050678,
            -0.015919795464180056,
            0.01676154851039754,
            0.1339811886413111,
            -0.0005838259534766903,
            -0.02058067338415676,
            -0.0013816269761647583
        ],
        [
            0.6848602514927513,
            1.0000000000000002,
            0.0,
            0.0,
            0.0,
            0.5632240129142696,
            0.8853004051303661,
            0.010464007571661731,
            -0.14700455216651095,
            -0.07458984728561238,
            0.3044721021484043,
            0.603114638255606,
            -0.03711056748634681,
            -0.16946588745645924,
            -0.017789012305894594,
            0.13398118864131112,
            0.3608992663747022,
            -0.0029071027860439642,
            -0.10247939917273942,
            -0.006879672970623478
        ],
        [
            0.0,
            0.0,
            1.0000000000000004,
            0.0,
            0.0,
            -0.03393635973195798,
            -0.010464007571661727,
            0.4810324058527383,
            0.039609016268335275,
            0.020097544130755925,
            0.03321109872674187,
            0.0371105674863468,
            0.035726898135979505,
            -0.061232539194512325,
            -0.006427643991373876,
            0.0005838259534766908,
            0.002907102786043964,
            0.0022814590769777063,
            -0.0007896315764672357,
            -5.3009746907430375e-05
        ],
        [
            0.0,
            0.0,
            0.0,
            1.0000000000000004,
            0.0,
            0.4767580040813986,
            0.14700455216651073,
            0.03960901626833526,
            -0.07259899412716181,
            -0.28234215756777054,
            0.15165891282050672,
            0.1694658874564595,
            -0.06123253919451237,
            -0.23048324925107536,
            -0.029351919602229232,
            0.02058067338415677,
            0.10247939917273945,
            -0.000789631576467236,
            -0.025531747516247198,
            -0.0018686669901909325
        ],
        [
            0.0,
            0.0,
            0.0,
            0.0,
            1.0000000000000004,
            0.24190615999662973,
            0.07458984728561233,
            0.02009754413075592,
            -0.28234215756777054,
            0.34059192924935056,
            0.01591979546418005,
            0.01778901230589459,
            -0.006427643991373876,
            -0.02935191960222921,
            0.046054832833647356,
            0.0013816269761647588,
            0.006879672970623475,
            -5.3009746907430355e-05,
            -0.001868666990190931,
            0.002178411267243613
        ],
        [
            0.5643999524731546,
            0.5632240129142696,
            -0.03393635973195798,
            0.4767580040813987,
            0.2419061599966298,
            0.9999999999999999,
            0.6848602514927513,
            0.0,
            0.0,
            0.0,
            0.435933438229706,
            0.5114040189111687,
            -0.19195970488202385,
            -0.4210022117028762,
            0.09417101717146986,
            0.1229917614234411,
            0.3095081260163848,
            -0.01167842285464347,
            -0.16045292284240803,
            0.020747155498098517
        ],
        [
            0.5632240129142696,
            0.8853004051303661,
            -0.010464007571661731,
            0.14700455216651076,
            0.07458984728561238,
            0.6848602514927513,
            1.0000000000000002,
            0.0,
            0.0,
            0.0,
            0.5114040189111687,
            0.8336039507972366,
            -0.07403771124993197,
            -0.16237803764491635,
            0.03632119866895351,
            0.3095081260163848,
            0.6093269723007851,
            -0.01264760597394233,
            -0.1737687845984494,
            0.022468945600452143
        ],
        [
            0.03393635973195798,
            0.010464007571661727,
            0.4810324058527383,
            0.03960901626833526,
            0.020097544130755925,
            0.0,
            0.0,
            1.0000000000000004,
            0.0,
            0.0,
            0.19195970488202385,
            0.07403771124993197,
            0.21687499796082568,
            -0.2657876282343025,
            0.05945216107339932,
            0.011678422854643466,
            0.012647605973942317,
            0.050631561585516655,
            -0.02196136254211725,
            0.0028396852830093614
        ],
        [
            -0.4767580040813988,
            -0.1470045521665109,
            0.039609016268335275,
            -0.07259899412716181,
            -0.2823421575677706,
            0.0,
            0.0,
            0.0,
            1.0000000000000004,
            0.0,
            0.42100221170287594,
            0.16237803764491632,
            -0.2657876282343025,
            -0.24485691442636337,
            0.13038929872183108,
            0.16045292284240803,
            0.1737687845984492,
            -0.021961362542117235,
            -0.24950293569365473,
            0.03901518289605833
        ],
        [
            -0.24190615999662973,
            -0.07458984728561233,
            0.02009754413075592,
            -0.2823421575677704,
            0.34059192924935056,
            0.0,
            0.0,
            0.0,
            0.0,
            1.0000000000000004,
            -0.09417101717146986,
            -0.0363211986689535,
            0.05945216107339932,
            0.13038929872183108,
            0.308897369129703,
            -0.020747155498098517,
            -0.022468945600452147,
            0.0028396852830093605,
            0.03901518289605834,
            0.04718519253031769
        ],
        [
            0.11816082628793267,
            0.3044721021484044,
            0.03321109872674188,
            0.1516589128205068,
            0.015919795464180056,
            0.435933438229706,
            0.5114040189111687,
            0.19195970488202385,
            0.4210022117028762,
            -0.09417101717146986,
            0.9999999999999999,
            0.6848602514927513,
            0.0,
            0.0,
            0.0,
            0.5819129665069491,
            0.5695568634697012,
            0.19582257241475526,
            -0.5038527340865203,
            0.007884483350463687
        ],
        [
            0.3044721021484043,
            0.603114638255606,
            0.03711056748634681,
            0.16946588745645932,
            0.017789012305894594,
            0.5114040189111687,
            0.8336039507972366,
            0.07403771124993197,
            0.16237803764491635,
            -0.03632119866895351,
            0.6848602514927513,
            1.0000000000000002,
            0.0,
            0.0,
            0.0,
            0.5695568634697012,
            0.8914914903527912,
            0.058790666844674634,
            -0.1512687626517308,
            0.0023671123721004054
        ],
        [
            -0.03321109872674187,
            -0.0371105674863468,
            0.035726898135979505,
            -0.06123253919451233,
            -0.006427643991373876,
            -0.19195970488202385,
            -0.07403771124993197,
            0.21687499796082568,
            -0.2657876282343025,
            0.05945216107339932,
            0.0,
            0.0,
            1.0000000000000004,
            0.0,
            0.0,
            -0.1958225724147552,
            -0.05879066684467461,
            0.4137842454723407,
            0.23307277353511888,
            -0.0036472133186211523
        ],
        [
            -0.15165891282050678,
            -0.1694658874564594,
            -0.06123253919451235,
            -0.23048324925107536,
            -0.029351919602229222,
            -0.42100221170287594,
            -0.16237803764491632,
            -0.2657876282343025,
            -0.24485691442636337,
            0.13038929872183108,
            0.0,
            0.0,
            0.0,
            1.0000000000000004,
            0.0,
            0.5038527340865203,
            0.1512687626517315,
            0.23307277353511888,
            -0.09532966554534064,
            0.009384303248207002
        ],
        [
            -0.015919795464180046,
            -0.01778901230589459,
            -0.006427643991373876,
            -0.029351919602229215,
            0.046054832833647356,
            0.09417101717146986,
            0.036321198668953496,
            0.05945216107339932,
            0.13038929872183108,
            0.308897369129703,
            0.0,
            0.0,
            0.0,
            0.0,
            1.0000000000000004,
            -0.007884483350463689,
            -0.0023671123721004063,
            -0.0036472133186211536,
            0.009384303248207007,
            0.504221225581985
        ],
        [
            0.01676154851039754,
            0.1339811886413111,
            0.0005838259534766903,
            0.020580673384156756,
            0.0013816269761647586,
            0.1229917614234411,
            0.3095081260163848,
            0.011678422854643466,
            0.16045292284240803,
            -0.020747155498098517,
            0.5819129665069491,
            0.5695568634697012,
            -0.19582257241475526,
            0.5038527340865203,
            -0.007884483350463689,
            0.9999999999999999,
            0.6848602514927513,
            0.0,
            0.0,
            0.0
        ],
        [
            0.13398118864131112,
            0.3608992663747022,
            0.0029071027860439642,
            0.10247939917273946,
            0.006879672970623481,
            0.3095081260163848,
            0.6093269723007851,
            0.012647605973942343,
            0.17376878459844922,
            -0.02246894560045215,
            0.5695568634697012,
            0.8914914903527912,
            -0.058790666844674634,
            0.1512687626517308,
            -0.002367112372100404,
            0.6848602514927513,
            1.0000000000000002,
            0.0,
            0.0,
            0.0
        ],
        [
            -0.0005838259534766908,
            -0.002907102786043964,
            0.0022814590769777063,
            -0.0007896315764672357,
            -5.3009746907430375e-05,
            -0.011678422854643466,
            -0.012647605973942317,
            0.05063156158551666,
            -0.021961362542117238,
            0.0028396852830093596,
            0.1958225724147552,
            0.05879066684467463,
            0.4137842454723407,
            0.23307277353511888,
            -0.003647213318621153,
            0.0,
            0.0,
            1.0000000000000004,
            0.0,
            0.0
        ],
        [
            -0.02058067338415677,
            -0.1024793991727394,
            -0.000789631576467236,
            -0.025531747516247198,
            -0.0018686669901909325,
            -0.16045292284240803,
            -0.173768784598449,
            -0.02196136254211725,
            -0.24950293569365473,
            0.03901518289605833,
            -0.5038527340865203,
            -0.1512687626517315,
            0.23307277353511888,
            -0.09532966554534064,
            0.009384303248207004,
            0.0,
            0.0,
            0.0,
            1.0000000000000004,
            0.0
        ],
        [
            -0.0013816269761647588,
            -0.0068796729706234756,
            -5.3009746907430355e-05,
            -0.001868666990190931,
            0.002178411267243613,
            0.020747155498098517,
            0.02246894560045214,
            0.002839685283009362,
            0.03901518289605834,
            0.04718519253031769,
            0.007884483350463687,
            0.002367112372100405,
            -0.003647213318621153,
            0.009384303248207004,
            0.504221225581985,
            0.0,
            0.0,
            0.0,
            0.0,
            1.0000000000000004
        ]
    ],
    "h": [
        [
            -0.2808517655093963,
            -0.475307584583899,
            0.013132611739301312,
            -0.2703265246428188,
            -0.13232153210144743,
            -0.5882334366193052,
            -0.4723313191109145,
            -0.016258456460791756,
            0.016911895608883065,
            0.020201381421327547,
            -0.22227289902060918,
            -0.30920920901917404,
            0.07608793641985465,
            0.2656114004950929,
            -0.012733905536089978,
            -0.026943766215936547,
            -0.1570614028369974,
            0.001578902061014903,
            0.07786254304092824,
            -0.001006616729154068
        ],
        [
            -0.475307584583899,
            -0.31788218836410875,
            0.007915048340907558,
            -0.22738488987920857,
            -0.10672777834742046,
            -0.5328104012130632,
            -0.3698491006925777,
            -0.05054277349222531,
            0.11196448074410903,
            0.11406947491102537,
            -0.31168495104093386,
            -0.30824213769715714,
            0.08284895323167342,
            0.13550374557405553,
            -0.02485084816944778,
            -0.15793739257680794,
            -0.21239349896828696,
            -0.02313429155124632,
            0.12183631423884156,
            -0.00452819313120742
        ],
        [
            0.013132611739301312,
            0.007915048340907558,
            1.481877892197988,
            0.010268143078581688,
            0.00722826314051133,
            -0.008313676614646603,
            0.003856633450592406,
            0.41551736897704217,
            0.05266743793390259,
            0.032102611219610534,
            -0.01989971716398102,
            0.00247912079741798,
            -0.040220700222574735,
            0.000381060737901312,
            -0.0010783833509450426,
            -0.007072235659926783,
            -0.0033272823252386134,
            -0.00801259491888925,
            0.0051331794939479675,
            0.000187221526533314
        ],
        [
            -0.2703265246428188,
            -0.22738488987920857,
            0.010268143078581688,
            1.2482384478666813,
            -0.11194144702833972,
            -0.059128396566616725,
            -0.217372733623672,
            0.03316710654209179,
            -0.3982471513599093,
            -0.38291771675993036,
            -0.2037509174344151,
            -0.16697804489465212,
            0.06539534155045781,
            0.11639387479739788,
            -0.02092059528017326,
            -0.07654867299039217,
            -0.11611269929052451,
            -0.002772967422328229,
            0.1023021324559907,
            0.0021664961079626097
        ],
        [
            -0.13232153210144743,
            -0.10672777834742046,
            0.00722826314051133,
            -0.11194144702833972,
            1.4279857871556354,
            -0.015353808151411408,
            -0.09617130179799269,
            0.023743193743737595,
            -0.4057579405601518,
            0.22256626744957697,
            -0.053312821017122335,
            -0.07154965402377318,
            0.02366009990886591,
            0.06678200195274853,
            -0.049441882282209026,
            -0.008433350576614734,
            -0.0375784116389567,
            0.00010873467889958465,
            0.015223529880033579,
            -0.007404577670434873
        ],
        [
            -0.5882334366193052,
            -0.5328104012130632,
            -0.008313676614646603,
            -0.059128396566616725,
            -0.015353808151411408,
            -0.39061890704776747,
            -0.5702266986976612,
            -0.08240419107540542,
            0.11100402470874948,
            0.15845519704741645,
            -0.44180484177928436,
            -0.4637665826085893,
            0.05122718993755898,
            0.07804385492220711,
            -0.004713450000481567,
            -0.23015372890979688,
            -0.3151172041070937,
            -0.02457724449054906,
            0.21435967589788846,
            -0.016348698341589196
        ],
        [
            -0.4723313191109145,
            -0.3698491006925777,
            0.003856633450592406,
            -0.217372733623672,
            -0.09617130179799269,
            -0.5702266986976612,
            -0.42176417971112046,
            -0.07686275514275155,
            0.043206896926345245,
            0.13079398010680376,
            -0.4663206065305452,
            -0.3975049697962407,
            0.11312009975546386,
            0.0718420137427756,
            -0.024859975953407998,
            -0.3157121314174796,
            -0.3106349962800552,
            -0.05314697280430667,
            0.17896771829519453,
            -0.0067343591880595285
        ],
        [
            -0.016258456460791756,
            -0.05054277349222531,
            0.41551736897704217,
            0.03316710654209179,
            0.023743193743737595,
            -0.08240419107540542,
            -0.07686275514275155,
            1.3958512058992132,
            -0.052896422231110726,
            0.02228504949703628,
            -0.031022667511173496,
            -0.07264934714004137,
            0.07024909358314307,
            -0.3304519958565923,
            0.07282552077773875,
            -0.06402259137322991,
            -0.06605132753668652,
            -0.056820868243884715,
            0.06034708827074606,
            -0.00336626506389756
        ],
        [
            0.016911895608883065,
            0.11196448074410903,
            0.05266743793390259,
            -0.3982471513599093,
            -0.4057579405601518,
            0.11100402470874948,
            0.043206896926345245,
            -0.052896422231110726,
            1.014470884528599,
            -0.07919768281305696,
            -0.08625544845373811,
            -0.0811097873301393,
            -0.30842240897761125,
            -0.6346521973421559,
            0.1598306695304471,
            -0.27264926472897544,
            -0.13946901353205354,
            -0.049931577440120764,
            0.11723128035154429,
            -0.007044148893836449
        ],
        [
            0.020201381421327547,
            0.11406947491102537,
            0.032102611219610534,
            -0.38291771675993036,
            0.22256626744957697,
            0.15845519704741645,
            0.13079398010680376,
            0.02228504949703628,
            -0.07919768281305696,
            1.3634117693230159,
            0.03656261242641609,
            0.08649904492383034,
            0.059748353169789645,
            0.13092323150652685,
            0.1754543081415431,
            0.03680185046212506,
            0.05244546991126487,
            0.007501084317853357,
            -0.03569843536634899,
            -0.04088971295306078
        ],
        [
            -0.22227289902060918,
            -0.31168495104093386,
            -0.01989971716398102,
            -0.2037509174344151,
            -0.053312821017122335,
            -0.44180484177928436,
            -0.4663206065305452,
            -0.031022667511173496,
            -0.08625544845373811,
            0.03656261242641609,
            -0.40515762395396226,
            -0.575629153961525,
            0.17034942671177294,
            -0.13424459304133912,
            -0.028052619519894146,
            -0.6019570518738047,
            -0.5400597719585378,
            -0.004063765518254159,
            0.0593545844061244,
            -0.007341042616292559
        ],
        [
            -0.30920920901917404,
            -0.30824213769715714,
            0.00247912079741798,
            -0.16697804489465212,
            -0.07154965402377318,
            -0.4637665826085893,
            -0.3975049697962407,
            -0.07264934714004137,
            -0.0811097873301393,
            0.08649904492383034,
            -0.575629153961525,
            -0.4219350211652144,
            0.14590576934589064,
            -0.05766694357193816,
            -0.025859428829044406,
            -0.4797676631763913,
            -0.37086039959422323,
            -0.07258922226660064,
            0.23329544896115378,
            -0.009336835647471814
        ],
        [
            0.07608793641985465,
            0.08284895323167342,
            -0.040220700222574735,
            0.06539534155045781,
            0.02366009990886591,
            0.05122718993755898,
            0.11312009975546386,
            0.07024909358314307,
            -0.30842240897761125,
            0.059748353169789645,
            0.17034942671177294,
            0.14590576934589064,
            1.3556681064821414,
            0.026975049519415237,
            0.012715088745351353,
            0.02270401229489427,
            0.11615202601757993,
            0.3235631868130885,
            0.306006210244264,
            -0.0017842664324434323
        ],
        [
            0.2656114004950929,
            0.13550374557405553,
            0.000381060737901312,
            0.11639387479739788,
            0.06678200195274853,
            0.07804385492220711,
            0.0718420137427756,
            -0.3304519958565923,
            -0.6346521973421559,
            0.13092323150652685,
            -0.13424459304133912,
            -0.05766694357193816,
            0.026975049519415237,
            0.9828732618620752,
            0.033148338592798546,
            -0.011535615530324672,
            -0.1232480165000086,
            0.33623088269000945,
            -0.4431329940197129,
            0.015225430104424665
        ],
        [
            -0.012733905536089978,
            -0.02485084816944778,
            -0.0010783833509450426,
            -0.02092059528017326,
            -0.049441882282209026,
            -0.004713450000481567,
            -0.024859975953407998,
            0.07282552077773875,
            0.1598306695304471,
            0.1754543081415431,
            -0.028052619519894146,
            -0.025859428829044406,
            0.012715088745351353,
            0.033148338592798546,
            1.4158612541850324,
            -0.009933734987256224,
            -0.016009159434686164,
            -0.006311642729909746,
            0.025423265887804747,
            0.4522527067982093
        ],
        [
            -0.026943766215936547,
            -0.15793739257680794,
            -0.007072235659926783,
            -0.07654867299039217,
            -0.008433350576614734,
            -0.23015372890979688,
            -0.3157121314174796,
            -0.06402259137322991,
            -0.27264926472897544,
            0.03680185046212506,
            -0.6019570518738047,
            -0.4797676631763913,
            0.02270401229489427,
            -0.011535615530324672,
            -0.009933734987256224,
            -0.2962680335884531,
            -0.4816598402436515,
            -0.10709407562140033,
            0.29427749212859555,
            -0.008702914735741361
        ],
        [
            -0.1570614028369974,
            -0.21239349896828696,
            -0.0033272823252386134,
            -0.11611269929052451,
            -0.0375784116389567,
            -0.3151172041070937,
            -0.3106349962800552,
            -0.06605132753668652,
            -0.13946901353205354,
            0.05244546991126487,
            -0.5400597719585378,
            -0.37086039959422323,
            0.11615202601757993,
            -0.1232480165000086,
            -0.016009159434686164,
            -0.4816598402436515,
            -0.31964352353547043,
            -0.08284291676551542,
            0.2433308430037402,
            -0.008453347198186977
        ],
        [
            0.001578902061014903,
            -0.02313429155124632,
            -0.00801259491888925,
            -0.002772967422328229,
            0.00010873467889958465,
            -0.02457724449054906,
            -0.05314697280430667,
            -0.056820868243884715,
            -0.049931577440120764,
            0.007501084317853357,
            -0.004063765518254159,
            -0.07258922226660064,
            0.3235631868130885,
            0.33623088269000945,
            -0.006311642729909746,
            -0.10709407562140033,
            -0.08284291676551542,
            1.4416312097398178,
            0.09384126982024592,
            -0.0013568130041578933
        ],
        [
            0.07786254304092824,
            0.12183631423884156,
            0.0051331794939479675,
            0.1023021324559907,
            0.015223529880033579,
            0.21435967589788846,
            0.17896771829519453,
            0.06034708827074606,
            0.11723128035154429,
            -0.03569843536634899,
            0.0593545844061244,
            0.23329544896115378,
            0.306006210244264,
            -0.4431329940197129,
            0.025423265887804747,
            0.29427749212859555,
            0.2433308430037402,
            0.09384126982024592,
            1.2109128241305636,
            0.00758188932686125
        ],
        [
            -0.001006616729154068,
            -0.00452819313120742,
            0.000187221526533314,
            0.0021664961079626097,
            -0.007404577670434873,
            -0.016348698341589196,
            -0.0067343591880595285,
            -0.00336626506389756,
            -0.007044148893836449,
            -0.04088971295306078,
            -0.007341042616292559,
            -0.009336835647471814,
            -0.0017842664324434323,
            0.015225430104424665,
            0.4522527067982093,
            -0.008702914735741361,
            -0.008453347198186977,
            -0.0013568130041578933,
            0.00758188932686125,
            1.4785014243883068
        ]
    ]
}