{
    "HF": -2.104831134420926,
    "coordinates": [
        [
            0.762049,
            0.028621,
            -0.042387
        ],
        [
            1.542318,
            -0.014922,
            -0.078439
        ],
        [
            2.183744,
            -0.048813,
            0.103337
        ],
        [
            2.879094,
            -0.129382,
            0.081982
        ]
    ],
    "elements": [
        "H",
        "H",
        "H",
        "H"
    ],
    "Enn": 3.234960410747969,
    "S": [
        [
            0.9999999999999999,
            0.6848602514927513,
            0.0,
            0.0,
            0.0,
            0.5368473919287996,
            0.5529365198862877,
            0.0242404395839498,
            -0.5246328512628683,
            0.029277195739596328,
            0.14919817141597339,
            0.33486285067206956,
            -0.019844932553208766,
            -0.19360874932224023,
            0.01054508871102336,
            0.01903285599110669,
            0.14146400902148398,
            -0.0013854200398425523,
            -0.023583019629075382,
            0.0017600891102705879
        ],
        [
            0.6848602514927513,
            1.0000000000000002,
            0.0,
            0.0,
            0.0,
            0.5529365198862877,
            0.875186425112891,
            0.007807697411354634,
            -0.16898103437979245,
            0.009430005780057014,
            0.33486285067206956,
            0.6400406326202922,
            -0.01846689505013536,
            -0.18016450521741237,
            0.009812834888640041,
            0.14146400902148398,
            0.3733952921081979,
            -0.006262670055668584,
            -0.1066049765456254,
            0.007956328802240127
        ],
        [
            0.0,
            0.0,
            1.0000000000000004,
            0.0,
            0.0,
            -0.0242404395839498,
            -0.007807697411354644,
            0.450306713475446,
            0.032997590148976734,
            -0.0018414342590271997,
            0.019844932553208763,
            0.01846689505013536,
            0.06615448302692832,
            -0.0376580001816705,
            0.0020510795818142946,
            0.001385420039842552,
            0.0062626700556685806,
            0.002708616349789929,
            -0.0019289522109593388,
            0.0001439649304517421
        ],
        [
            0.0,
            0.0,
            0.0,
            1.0000000000000004,
            0.0,
            0.5246328512628684,
            0.16898103437979242,
            0.032997590148976734,
            -0.26233143021387845,
            0.039853935089784055,
            0.1936087493222402,
            0.18016450521741226,
            -0.03765800018167049,
            -0.2973800269175495,
            0.020010496459522614,
            0.02358301962907538,
            0.10660497654562551,
            -0.0019289522109593392,
            -0.030013245506257065,
            0.002450612581818688
        ],
        [
            0.0,
            0.0,
            0.0,
            0.0,
            1.0000000000000004,
            -0.029277195739596317,
            -0.009430005780057009,
            -0.001841434259027199,
            0.03985393508978404,
            0.4496072998430146,
            -0.010545088711023354,
            -0.00981283488864004,
            0.002051079581814294,
            0.020010496459522614,
            0.06892454385968577,
            -0.0017600891102705879,
            -0.007956328802240132,
            0.0001439649304517422,
            0.0024506125818186887,
            0.0026390371569809446
        ],
        [
            0.5368473919287996,
            0.5529365198862877,
            -0.0242404395839498,
            0.5246328512628684,
            -0.029277195739596328,
            0.9999999999999999,
            0.6848602514927513,
            0.0,
            0.0,
            0.0,
            0.6296078946556685,
            0.5860475565835116,
            -0.14946928301059426,
            -0.527426526738147,
            0.02786761437435112,
            0.1807843709329634,
            0.3619097271862019,
            -0.027647540687114332,
            -0.23038485515959853,
            0.019726454186466277
        ],
        [
            0.5529365198862877,
            0.875186425112891,
            -0.007807697411354645,
            0.16898103437979245,
            -0.00943000578005701,
            0.6848602514927513,
            1.0000000000000002,
            0.0,
            0.0,
            0.0,
            0.5860475565835116,
            0.9074913270744929,
            -0.04188801668723666,
            -0.1478086380579806,
            0.007809759118624775,
            0.36190972718620196,
            0.6718471763688018,
            -0.022090039374258182,
            -0.1840746191244502,
            0.015761190285421448
        ],
        [
            0.0242404395839498,
            0.007807697411354633,
            0.450306713475446,
            0.03299759014897673,
            -0.0018414342590271989,
            0.0,
            0.0,
            1.0000000000000004,
            0.0,
            0.0,
            0.14946928301059423,
            0.04188801668723665,
            0.5126625383924369,
            -0.1697453606824704,
            0.008968828857716412,
            0.027647540687114336,
            0.022090039374258193,
            0.08723106868220928,
            -0.052042009721336616,
            0.004456040827112538
        ],
        [
            -0.5246328512628683,
            -0.16898103437979242,
            0.03299759014897674,
            -0.2623314302138788,
            0.03985393508978404,
            0.0,
            0.0,
            0.0,
            1.0000000000000004,
            0.0,
            0.527426526738147,
            0.14780863805798058,
            -0.1697453606824705,
            -0.038206663340760554,
            0.03164796243117688,
            0.23038485515959853,
            0.1840746191244498,
            -0.052042009721336616,
            -0.34018569486450156,
            0.03713184952533764
        ],
        [
            0.029277195739596317,
            0.009430005780057007,
            -0.0018414342590272,
            0.039853935089784055,
            0.4496072998430146,
            0.0,
            0.0,
            0.0,
            0.0,
            1.0000000000000004,
            -0.027867614374351132,
            -0.007809759118624778,
            0.008968828857716412,
            0.03164796243117685,
            0.5590950989507268,
            -0.019726454186466277,
            -0.015761190285421434,
            0.004456040827112536,
            0.03713184952533763,
            0.09029704214734958
        ],
        [
            0.14919817141597339,
            0.33486285067206956,
            0.019844932553208766,
            0.1936087493222403,
            -0.01054508871102336,
            0.6296078946556685,
            0.5860475565835116,
            0.14946928301059426,
            0.527426526738147,
            -0.027867614374351122,
            0.9999999999999999,
            0.6848602514927513,
            0.0,
            0.0,
            0.0,
            0.6028656447952203,
            0.5769336876332554,
            0.01662521280803694,
            -0.5413412187341832,
            0.0627242692920032
        ],
        [
            0.33486285067206956,
            0.6400406326202922,
            0.018466895050135355,
            0.18016450521741229,
            -0.009812834888640041,
            0.5860475565835116,
            0.9074913270744929,
            0.04188801668723666,
            0.1478086380579806,
            -0.007809759118624779,
            0.6848602514927513,
            1.0000000000000002,
            0.0,
            0.0,
            0.0,
            0.5769336876332554,
            0.8986702405581032,
            0.004839358083759239,
            -0.15757656958754346,
            0.018258124160636754
        ],
        [
            -0.019844932553208763,
            -0.01846689505013536,
            0.06615448302692832,
            -0.037658000181670495,
            0.0020510795818142946,
            -0.14946928301059423,
            -0.04188801668723665,
            0.5126625383924369,
            -0.1697453606824705,
            0.008968828857716412,
            0.0,
            0.0,
            1.0000000000000004,
            0.0,
            0.0,
            -0.01662521280803694,
            -0.004839358083759239,
            0.5284322336439169,
            0.020395716465078574,
            -0.002363216336916539
        ],
        [
            -0.19360874932224015,
            -0.18016450521741237,
            -0.037658000181670495,
            -0.29738002691754944,
            0.020010496459522617,
            -0.527426526738147,
            -0.14780863805798058,
            -0.1697453606824704,
            -0.038206663340760554,
            0.03164796243117685,
            0.0,
            0.0,
            0.0,
            1.0000000000000004,
            0.0,
            0.5413412187341832,
            0.15757656958754346,
            0.020395716465078605,
            -0.13505571696839344,
            0.0769497766272497
        ],
        [
            0.010545088711023354,
            0.00981283488864004,
            0.002051079581814294,
            0.02001049645952261,
            0.06892454385968577,
            0.02786761437435112,
            0.007809759118624774,
            0.008968828857716412,
            0.03164796243117688,
            0.5590950989507268,
            0.0,
            0.0,
            0.0,
            0.0,
            1.0000000000000004,
            -0.0627242692920032,
            -0.018258124160636754,
            -0.002363216336916543,
            0.0769497766272497,
            0.5201425722820573
        ],
        [
            0.01903285599110669,
            0.14146400902148398,
            0.0013854200398425523,
            0.02358301962907538,
            -0.0017600891102705879,
            0.1807843709329634,
            0.3619097271862019,
            0.027647540687114332,
            0.23038485515959853,
            -0.019726454186466277,
            0.6028656447952203,
            0.5769336876332554,
            -0.01662521280803694,
            0.5413412187341832,
            -0.0627242692920032,
            0.9999999999999999,
            0.6848602514927513,
            0.0,
            0.0,
            0.0
        ],
        [
            0.14146400902148398,
            0.3733952921081979,
            0.006262670055668584,
            0.10660497654562544,
            -0.007956328802240127,
            0.36190972718620196,
            0.6718471763688018,
            0.022090039374258182,
            0.18407461912444997,
            -0.015761190285421448,
            0.5769336876332554,
            0.8986702405581032,
            -0.004839358083759239,
            0.15757656958754346,
            -0.018258124160636754,
            0.6848602514927513,
            1.0000000000000002,
            0.0,
            0.0,
            0.0
        ],
        [
            -0.001385420039842552,
            -0.0062626700556685806,
            0.002708616349789929,
            -0.0019289522109593388,
            0.0001439649304517421,
            -0.027647540687114336,
            -0.022090039374258193,
            0.08723106868220928,
            -0.052042009721336636,
            0.004456040827112538,
            0.01662521280803694,
            0.004839358083759239,
            0.5284322336439169,
            0.020395716465078602,
            -0.0023632163369165424,
            0.0,
            0.0,
            1.0000000000000004,
            0.0,
            0.0
        ],
        [
            -0.023583019629075375,
            -0.10660497654562538,
            -0.0019289522109593392,
            -0.030013245506257065,
            0.002450612581818688,
            -0.23038485515959853,
            -0.18407461912445003,
            -0.052042009721336595,
            -0.34018569486450156,
            0.03713184952533763,
            -0.5413412187341832,
            -0.15757656958754346,
            0.020395716465078578,
            -0.13505571696839344,
            0.0769497766272497,
            0.0,
            0.0,
            0.0,
            1.0000000000000004,
            0.0
        ],
        [
            0.0017600891102705879,
            0.007956328802240132,
            0.0001439649304517422,
            0.0024506125818186887,
            0.0026390371569809446,
            0.019726454186466277,
            0.015761190285421434,
            0.004456040827112536,
            0.03713184952533764,
            0.09029704214734958,
            0.0627242692920032,
            0.018258124160636754,
            -0.0023632163369165394,
            0.0769497766272497,
            0.5201425722820573,
            0.0,
            0.0,
            0.0,
            0.0,
            1.0000000000000004
        ]
    ],
    "h": [
        [
            -0.25900533187304764,
            -0.46422161749882873,
            0.010005104626305886,
            -0.2843413703841311,
            0.015576569834979945,
            -0.5739355414313906,
            -0.4535212182291255,
            -0.013087566803305348,
            0.02717752662846684,
            -0.0025404180070757384,
            -0.2894885802448645,
            -0.32846867166993643,
            0.06064926787821349,
            0.3432542665130988,
            -0.019947140488424796,
            -0.029191479086487913,
            -0.16057084629018076,
            0.007710551985211769,
            0.09908773502837653,
            -0.008170334978851473
        ],
        [
            -0.46422161749882873,
            -0.31309629186537236,
            0.006824131273990933,
            -0.24701358087890235,
            0.013529545330718267,
            -0.5519147786507603,
            -0.36934550953206724,
            -0.04269751470824887,
            0.09187903024934818,
            -0.005576300713721352,
            -0.37937082584318216,
            -0.3233151783946051,
            0.059247500801557516,
            0.2080118728867539,
            -0.008876880909597326,
            -0.1653576347539834,
            -0.21695290387402577,
            0.005082389423573306,
            0.15039455380314787,
            -0.015025747429774455
        ],
        [
            0.010005104626305886,
            0.006824131273990933,
            1.4893737811984171,
            0.008543593044570105,
            -0.00048523990098609286,
            -0.005399568040941487,
            0.0036210685908225427,
            0.367414745174403,
            0.0426964217999365,
            -0.0023616647630354875,
            -0.007868041800522196,
            0.0037871449109690807,
            -0.047721207361869106,
            -0.012607514408749715,
            0.0007729167010545345,
            -0.005978100505293813,
            -0.0015883487805617384,
            -0.008226185404425667,
            0.006552618593282286,
            -0.0005703632095255333
        ],
        [
            -0.2843413703841311,
            -0.24701358087890235,
            0.008543593044570105,
            1.208729321498157,
            0.01557588475791018,
            -0.09953255812111084,
            -0.23956907865452814,
            0.023109726736227562,
            -0.6623803727683402,
            0.05737303367326234,
            -0.2805993522660516,
            -0.20373939644596556,
            0.05340289142727028,
            0.13808423063049435,
            -0.009419924955073926,
            -0.09604986661889252,
            -0.13890440920735977,
            0.008215428848802386,
            0.13438845769132393,
            -0.012016619320292382
        ],
        [
            0.015576569834979945,
            0.013529545330718267,
            -0.00048523990098609286,
            0.01557588475791018,
            1.4894184184054728,
            0.005289167965143907,
            0.01315765627224054,
            -0.0012997079261307986,
            0.057885940084636656,
            0.3678153471065757,
            0.015602490164008533,
            0.011292156365065576,
            -0.002948515325116221,
            -0.010115696130727166,
            -0.046122756836064344,
            0.006212496456911618,
            0.007995990730365485,
            -0.0005517716869865547,
            -0.009544042399392423,
            -0.007643455733424412
        ],
        [
            -0.5739355414313906,
            -0.5519147786507603,
            -0.005399568040941487,
            -0.09953255812111084,
            0.005289167965143907,
            -0.5087086850598603,
            -0.6315778110835026,
            -0.09073927900383535,
            -0.03082400245055937,
            0.001340610857989595,
            -0.6241448707712682,
            -0.5674592547796448,
            0.015299443313010141,
            0.030283803651585783,
            0.0024710103915198886,
            -0.33964993071183425,
            -0.40119883740149465,
            0.013084070424077603,
            0.309851222643199,
            -0.031205355468626832
        ],
        [
            -0.4535212182291255,
            -0.36934550953206724,
            0.0036210685908225427,
            -0.23956907865452814,
            0.01315765627224054,
            -0.6315778110835026,
            -0.4458124876629257,
            -0.07222558937285495,
            -0.03871523966119691,
            0.002512130052748685,
            -0.577694414341585,
            -0.42907142484705885,
            0.06983762451938846,
            0.13354847239747486,
            0.0011708378805811402,
            -0.36222115343550915,
            -0.33582049120717705,
            0.0009333265291918413,
            0.23241709931954146,
            -0.025334076863542464
        ],
        [
            -0.013087566803305348,
            -0.04269751470824887,
            0.367414745174403,
            0.023109726736227562,
            -0.0012997079261307986,
            -0.09073927900383535,
            -0.07222558937285495,
            1.3583395245429897,
            -0.07672047784868347,
            0.004289593194350767,
            -0.020115092131865075,
            -0.07272471631994154,
            0.44820632250517245,
            -0.2617215461658156,
            0.015052322890023402,
            -0.0707610885647881,
            -0.06352607298333837,
            -0.04471544247393397,
            0.05267086100440638,
            -0.006114864827385734
        ],
        [
            0.02717752662846684,
            0.09187903024934818,
            0.0426964217999365,
            -0.6623803727683402,
            0.057885940084636656,
            -0.03082400245055937,
            -0.03871523966119691,
            -0.07672047784868347,
            0.7476795201853625,
            0.03670079300957592,
            -0.07172660512405038,
            -0.15841776239642974,
            -0.2571941153324008,
            -0.5876136881931444,
            0.06713571319321257,
            -0.3748302962920247,
            -0.22176063202840246,
            -0.020607497733376404,
            0.08708071776966353,
            -0.0187467559228241
        ],
        [
            -0.0025404180070757384,
            -0.005576300713721352,
            -0.0023616647630354875,
            0.05737303367326234,
            0.3678153471065757,
            0.001340610857989595,
            0.002512130052748685,
            0.004289593194350767,
            0.03670079300957592,
            1.3798772722312482,
            0.0070098537569422,
            0.010166637837383983,
            0.013450046901689116,
            0.06125046923606656,
            0.5130643165905173,
            0.02538498452539763,
            0.013795563225114452,
            0.0018445215332685127,
            -0.0041662892940930035,
            -0.04231849361039883
        ],
        [
            -0.2894885802448645,
            -0.37937082584318216,
            -0.007868041800522196,
            -0.2805993522660516,
            0.015602490164008533,
            -0.6241448707712682,
            -0.577694414341585,
            -0.020115092131865075,
            -0.07172660512405038,
            0.0070098537569422,
            -0.5633756402318466,
            -0.6498010200302067,
            0.08742921688431579,
            -0.02275857246685853,
            0.020139413683159788,
            -0.6361313732199622,
            -0.5840717859804962,
            0.009787903449300712,
            0.10739717978910046,
            -0.010070259054501901
        ],
        [
            -0.32846867166993643,
            -0.3233151783946051,
            0.0037871449109690807,
            -0.20373939644596556,
            0.011292156365065576,
            -0.5674592547796448,
            -0.42907142484705885,
            -0.07272471631994154,
            -0.15841776239642974,
            0.010166637837383983,
            -0.6498010200302067,
            -0.4450126163322379,
            0.06876404120839533,
            0.013117085157849873,
            0.013134216577154769,
            -0.4868253001863013,
            -0.37656017107343964,
            0.001438424306447532,
            0.27172883086665495,
            -0.029707188825298058
        ],
        [
            0.06064926787821349,
            0.059247500801557516,
            -0.047721207361869106,
            0.05340289142727028,
            -0.002948515325116221,
            0.015299443313010141,
            0.06983762451938846,
            0.44820632250517245,
            -0.2571941153324008,
            0.013450046901689116,
            0.08742921688431579,
            0.06876404120839533,
            1.3419943027262746,
            -0.07664829459138083,
            0.003567323188828721,
            0.01702431964363947,
            0.043368927353865314,
            0.4772644544839615,
            0.0015870760743813689,
            -0.0008454506869154292
        ],
        [
            0.3432542665130988,
            0.2080118728867539,
            -0.012607514408749715,
            0.13808423063049435,
            -0.010115696130727166,
            0.030283803651585783,
            0.13354847239747486,
            -0.2617215461658156,
            -0.5876136881931444,
            0.06125046923606656,
            -0.02275857246685853,
            0.013117085157849873,
            -0.07664829459138083,
            0.713292648618318,
            0.05410796819796079,
            0.0020904949778862703,
            -0.09734765754056443,
            0.024570045951143225,
            -0.5459160390830706,
            0.11719639810697921
        ],
        [
            -0.019947140488424796,
            -0.008876880909597326,
            0.0007729167010545345,
            -0.009419924955073926,
            -0.046122756836064344,
            0.0024710103915198886,
            0.0011708378805811402,
            0.015052322890023402,
            0.06713571319321257,
            0.5130643165905173,
            0.020139413683159788,
            0.013134216577154769,
            0.003567323188828721,
            0.05410796819796079,
            1.3600082420008865,
            0.002179182045637079,
            0.019206589377406987,
            -0.003389130081749946,
            0.11302348363628306,
            0.4674855014348933
        ],
        [
            -0.029191479086487913,
            -0.1653576347539834,
            -0.005978100505293813,
            -0.09604986661889252,
            0.006212496456911618,
            -0.33964993071183425,
            -0.36222115343550915,
            -0.0707610885647881,
            -0.3748302962920247,
            0.02538498452539763,
            -0.6361313732199622,
            -0.4868253001863013,
            0.01702431964363947,
            0.0020904949778862703,
            0.002179182045637079,
            -0.32313929383107953,
            -0.4911964974155576,
            -0.00554223344441243,
            0.33231610034551506,
            -0.03793812663455902
        ],
        [
            -0.16057084629018076,
            -0.21695290387402577,
            -0.0015883487805617384,
            -0.13890440920735977,
            0.007995990730365485,
            -0.40119883740149465,
            -0.33582049120717705,
            -0.06352607298333837,
            -0.22176063202840246,
            0.013795563225114452,
            -0.5840717859804962,
            -0.37656017107343964,
            0.043368927353865314,
            -0.09734765754056443,
            0.019206589377406987,
            -0.4911964974155576,
            -0.3229346642900244,
            -0.0019250338765015394,
            0.2728273523527156,
            -0.030593746806975086
        ],
        [
            0.007710551985211769,
            0.005082389423573306,
            -0.008226185404425667,
            0.008215428848802386,
            -0.0005517716869865547,
            0.013084070424077603,
            0.0009333265291918413,
            -0.04471544247393397,
            -0.020607497733376404,
            0.0018445215332685127,
            0.009787903449300712,
            0.001438424306447532,
            0.4772644544839615,
            0.024570045951143225,
            -0.003389130081749946,
            -0.00554223344441243,
            -0.0019250338765015394,
            1.4610991400479156,
            0.0036526410050007024,
            -0.0005787114398575531
        ],
        [
            0.09908773502837653,
            0.15039455380314787,
            0.006552618593282286,
            0.13438845769132393,
            -0.009544042399392423,
            0.309851222643199,
            0.23241709931954146,
            0.05267086100440638,
            0.08708071776966353,
            -0.0041662892940930035,
            0.10739717978910046,
            0.27172883086665495,
            0.0015870760743813689,
            -0.5459160390830706,
            0.11302348363628306,
            0.33231610034551506,
            0.2728273523527156,
            0.0036526410050007024,
            1.1315485381023118,
            0.0371081112850646
        ],
        [
            -0.008170334978851473,
            -0.015025747429774455,
            -0.0005703632095255333,
            -0.012016619320292382,
            -0.007643455733424412,
            -0.031205355468626832,
            -0.025334076863542464,
            -0.006114864827385734,
            -0.0187467559228241,
            -0.04231849361039883,
            -0.010070259054501901,
            -0.029707188825298058,
            -0.0008454506869154292,
            0.11719639810697921,
            0.4674855014348933,
            -0.03793812663455902,
            -0.030593746806975086,
            -0.0005787114398575531,
            0.0371081112850646,
            1.4578120790617588
        ]
    ]
}