{
    "HF": -2.1435750698279885,
    "coordinates": [
        [
            0.662112,
            0.041206,
            -0.089115
        ],
        [
            1.468197,
            0.095519,
            0.173865
        ],
        [
            2.164988,
            -0.010348,
            -0.083746
        ],
        [
            2.972778,
            0.115342,
            -0.096504
        ]
    ],
    "elements": [
        "H",
        "H",
        "H",
        "H"
    ],
    "Enn": 2.9021869353235927,
    "S": [
        [
            0.9999999999999999,
            0.6848602514927513,
            0.0,
            0.0,
            0.0,
            0.484270761386925,
            0.532110341262551,
            -0.15518895516262965,
            -0.475684420572927,
            -0.03205102183340143,
            0.12434951951063743,
            0.31090113647766154,
            -0.0005852884460878302,
            -0.16383236332700618,
            0.005620033628163915,
            0.009773134945452427,
            0.10628413759998465,
            3.645436609335463e-05,
            -0.011399900430838732,
            -0.00036575732639016633
        ],
        [
            0.6848602514927513,
            1.0000000000000002,
            0.0,
            0.0,
            0.0,
            0.532110341262551,
            0.8544895516663964,
            -0.054665818021115066,
            -0.16756139599798675,
            -0.01129007747425974,
            0.31090113647766154,
            0.6110385836338467,
            -0.0006284435016716847,
            -0.17591221009840344,
            0.0060344154004808755,
            0.1062841375999846,
            0.31215088464798085,
            0.0002737696045417041,
            -0.08561241264690225,
            -0.002746810583611281
        ],
        [
            0.0,
            0.0,
            1.0000000000000004,
            0.0,
            0.0,
            0.15518895516262965,
            0.05466581802111503,
            0.3214350822063984,
            -0.2156131027960196,
            -0.014527741431933625,
            0.0005852884460878302,
            0.0006284435016716846,
            0.05310641467975131,
            -0.0011125721462758886,
            3.816518756644402e-05,
            -3.645436609335463e-05,
            -0.000273769604541704,
            0.0009701717426438277,
            4.300957682093295e-05,
            1.3799302829559464e-06
        ],
        [
            0.0,
            0.0,
            0.0,
            1.0000000000000004,
            0.0,
            0.4756844205729271,
            0.1675613959979867,
            -0.21561310279601953,
            -0.2691187623914539,
            -0.04453036144254398,
            0.16383236332700615,
            0.17591221009840352,
            -0.001112572146275888,
            -0.2583178052928629,
            0.01068309637346008,
            0.011399900430838727,
            0.08561241264690218,
            4.3009576820932755e-05,
            -0.012479517063337463,
            -0.0004315276745427896
        ],
        [
            0.0,
            0.0,
            0.0,
            0.0,
            1.0000000000000004,
            0.03205102183340143,
            0.011290077474259724,
            -0.014527741431933616,
            -0.04453036144254397,
            0.3887770576212347,
            -0.005620033628163915,
            -0.00603441540048087,
            3.816518756644404e-05,
            0.010683096373460092,
            0.052743921067115264,
            0.00036575732639016633,
            0.0027468105836112797,
            1.3799302829559403e-06,
            -0.0004315276745427896,
            0.0009564640333008181
        ],
        [
            0.484270761386925,
            0.532110341262551,
            0.15518895516262965,
            0.4756844205729271,
            0.03205102183340143,
            0.9999999999999999,
            0.6848602514927513,
            0.0,
            0.0,
            0.0,
            0.5623500686148911,
            0.562472499740592,
            0.18368486444989596,
            -0.49683422052982007,
            0.07548654966098939,
            0.11656171136713175,
            0.3027767574397219,
            0.027239355009725578,
            -0.15158474529213006,
            -0.001997143660544624
        ],
        [
            0.532110341262551,
            0.8544895516663964,
            0.054665818021115066,
            0.16756139599798675,
            0.01129007747425973,
            0.6848602514927513,
            1.0000000000000002,
            0.0,
            0.0,
            0.0,
            0.562472499740592,
            0.8845639608341201,
            0.0568178880470288,
            -0.15368207502853992,
            0.02334969917385049,
            0.3027767574397219,
            0.6010145550546986,
            0.030762880516969352,
            -0.17119287170904313,
            -0.0022554826200040846
        ],
        [
            -0.15518895516262965,
            -0.05466581802111504,
            0.3214350822063984,
            -0.21561310279601953,
            -0.014527741431933616,
            0.0,
            0.0,
            1.0000000000000004,
            0.0,
            0.0,
            -0.1836848644498959,
            -0.05681788804702874,
            0.3985076786999985,
            0.22436636720181352,
            -0.03408912313240899,
            -0.027239355009725574,
            -0.03076288051696936,
            0.03899204775568242,
            0.05082491269692691,
            0.0006696231338765953
        ],
        [
            -0.475684420572927,
            -0.1675613959979867,
            -0.2156131027960196,
            -0.26911876239145377,
            -0.04453036144254397,
            0.0,
            0.0,
            0.0,
            1.0000000000000004,
            0.0,
            0.49683422052982,
            0.15368207502854023,
            0.22436636720181366,
            -0.1254120050799719,
            0.09220489108211379,
            0.15158474529213006,
            0.1711928717090431,
            0.05082491269692691,
            -0.23471126985094357,
            -0.003726397051404494
        ],
        [
            -0.03205102183340143,
            -0.011290077474259714,
            -0.014527741431933625,
            -0.04453036144254398,
            0.38877705762123466,
            0.0,
            0.0,
            0.0,
            0.0,
            1.0000000000000004,
            -0.07548654966098936,
            -0.023349699173850474,
            -0.034089123132408986,
            0.09220489108211369,
            0.46744913893274576,
            0.001997143660544624,
            0.0022554826200040846,
            0.0006696231338765951,
            -0.003726397051404493,
            0.04807604685722993
        ],
        [
            0.12434951951063743,
            0.31090113647766154,
            0.0005852884460878302,
            0.16383236332700615,
            -0.005620033628163915,
            0.5623500686148911,
            0.562472499740592,
            -0.18368486444989596,
            0.49683422052982007,
            -0.07548654966098939,
            0.9999999999999999,
            0.6848602514927513,
            0.0,
            0.0,
            0.0,
            0.5090528085467051,
            0.5421318487349747,
            0.00801983739227774,
            -0.5077868354842473,
            -0.07901029642854583
        ],
        [
            0.31090113647766154,
            0.6110385836338467,
            0.0006284435016716847,
            0.17591221009840355,
            -0.006034415400480877,
            0.562472499740592,
            0.8845639608341201,
            -0.0568178880470288,
            0.15368207502854028,
            -0.023349699173850484,
            0.6848602514927513,
            1.0000000000000002,
            0.0,
            0.0,
            0.0,
            0.5421318487349747,
            0.8644865842895332,
            0.0027053717116936517,
            -0.1712942635984488,
            -0.026652937015423577
        ],
        [
            -0.0005852884460878302,
            -0.0006284435016716846,
            0.05310641467975131,
            -0.0011125721462758886,
            3.816518756644402e-05,
            0.1836848644498959,
            0.05681788804702876,
            0.3985076786999985,
            0.22436636720181366,
            -0.03408912313240899,
            0.0,
            0.0,
            1.0000000000000004,
            0.0,
            0.0,
            -0.00801983739227774,
            -0.0027053717116936513,
            0.41971826068725965,
            0.011234523002450234,
            0.0017480622391685592
        ],
        [
            -0.16383236332700613,
            -0.17591221009840344,
            -0.0011125721462758881,
            -0.2583178052928631,
            0.010683096373460084,
            -0.49683422052982,
            -0.15368207502854023,
            0.22436636720181352,
            -0.1254120050799719,
            0.09220489108211372,
            0.0,
            0.0,
            0.0,
            1.0000000000000004,
            0.0,
            0.5077868354842473,
            0.17129426359844876,
            0.01123452300245026,
            -0.2914333009344914,
            -0.1106809214749938
        ],
        [
            0.005620033628163915,
            0.006034415400480873,
            3.816518756644404e-05,
            0.010683096373460089,
            0.052743921067115264,
            0.07548654966098936,
            0.023349699173850474,
            -0.034089123132408986,
            0.09220489108211376,
            0.46744913893274576,
            0.0,
            0.0,
            0.0,
            0.0,
            1.0000000000000004,
            0.07901029642854582,
            0.026652937015423563,
            0.0017480622391685629,
            -0.11068092147499377,
            0.40267403511411975
        ],
        [
            0.009773134945452427,
            0.10628413759998465,
            -3.645436609335463e-05,
            0.011399900430838734,
            0.00036575732639016633,
            0.11656171136713175,
            0.3027767574397219,
            -0.027239355009725578,
            0.15158474529213012,
            0.001997143660544624,
            0.5090528085467051,
            0.5421318487349747,
            -0.00801983739227774,
            0.5077868354842473,
            0.07901029642854583,
            0.9999999999999999,
            0.6848602514927513,
            0.0,
            0.0,
            0.0
        ],
        [
            0.1062841375999846,
            0.31215088464798085,
            -0.0002737696045417041,
            0.08561241264690228,
            0.002746810583611281,
            0.3027767574397219,
            0.6010145550546986,
            -0.030762880516969363,
            0.17119287170904313,
            0.0022554826200040846,
            0.5421318487349747,
            0.8644865842895332,
            -0.0027053717116936517,
            0.1712942635984488,
            0.026652937015423588,
            0.6848602514927513,
            1.0000000000000002,
            0.0,
            0.0,
            0.0
        ],
        [
            3.645436609335463e-05,
            0.000273769604541704,
            0.0009701717426438277,
            4.3009576820932776e-05,
            1.3799302829559403e-06,
            0.027239355009725574,
            0.03076288051696936,
            0.03899204775568242,
            0.05082491269692693,
            0.0006696231338765953,
            0.00801983739227774,
            0.0027053717116936513,
            0.41971826068725965,
            0.01123452300245026,
            0.0017480622391685633,
            0.0,
            0.0,
            1.0000000000000004,
            0.0,
            0.0
        ],
        [
            -0.011399900430838729,
            -0.08561241264690223,
            4.300957682093293e-05,
            -0.012479517063337463,
            -0.0004315276745427894,
            -0.15158474529213006,
            -0.1711928717090431,
            0.0508249126969269,
            -0.2347112698509435,
            -0.003726397051404493,
            -0.5077868354842473,
            -0.17129426359844876,
            0.011234523002450234,
            -0.2914333009344914,
            -0.1106809214749938,
            0.0,
            0.0,
            0.0,
            1.0000000000000004,
            0.0
        ],
        [
            -0.00036575732639016633,
            -0.0027468105836112797,
            1.3799302829559464e-06,
            -0.00043152767454278986,
            0.0009564640333008181,
            -0.001997143660544624,
            -0.0022554826200040846,
            0.0006696231338765951,
            -0.003726397051404494,
            0.04807604685722993,
            -0.0790102964285458,
            -0.026652937015423553,
            0.0017480622391685588,
            -0.11068092147499377,
            0.40267403511411975,
            0.0,
            0.0,
            0.0,
            0.0,
            1.0000000000000004
        ]
    ],
    "h": [
        [
            -0.22595495521902031,
            -0.44957321886109136,
            -0.07239513268956782,
            -0.23700749923931466,
            -0.013637895420482495,
            -0.5367034601965303,
            -0.43810512303767823,
            0.031755253323981936,
            0.04378283345360823,
            0.011044152237130962,
            -0.24883932375743195,
            -0.30575885427045235,
            -0.04800110513085715,
            0.30045745520060085,
            -0.02112747656188585,
            -0.0033411516364725696,
            -0.1217853816207447,
            -0.004746839279825778,
            0.05816618779234354,
            0.0018881301099113587
        ],
        [
            -0.44957321886109136,
            -0.312225221178114,
            -0.06292423757866478,
            -0.21643563832577803,
            -0.01146152942942792,
            -0.5213594195205511,
            -0.3679269373007381,
            0.09631974445637027,
            0.085182895741518,
            0.028306054506243405,
            -0.3404515567096851,
            -0.31322936867239803,
            -0.059603183414696635,
            0.19061081420544637,
            -0.02994580548139184,
            -0.12360337635139976,
            -0.18796828667826276,
            -0.006991913530609786,
            0.11308484888000005,
            0.010693138735149793
        ],
        [
            -0.07239513268956782,
            -0.06292423757866478,
            1.466194856090629,
            -0.06481498620561756,
            -0.0043529965889677405,
            -0.01700011150777392,
            -0.05512037766071423,
            0.1942396692154128,
            -0.2823851764293716,
            -0.01778556256239308,
            -0.035091878266309155,
            -0.046430109820153206,
            -0.0564772437774623,
            0.05232853729947736,
            -0.005058690016205136,
            -0.0010650349858803278,
            -0.018585404058976178,
            -0.003894456865269782,
            0.004792686233393103,
            0.00014976601298043174
        ],
        [
            -0.23700749923931466,
            -0.21643563832577803,
            -0.06481498620561756,
            1.2659404052776593,
            -0.012277880334363308,
            -0.10097463590425626,
            -0.20865113237399546,
            -0.2514141215847016,
            -0.6081599710203361,
            -0.0471465943903283,
            -0.23676529125284948,
            -0.17473135384665822,
            -0.05151984555344039,
            0.14618971863569408,
            -0.02346713210253454,
            -0.05865301472946082,
            -0.10912914577847103,
            -0.003431847534195902,
            0.07775730894818887,
            0.004318430474323301
        ],
        [
            -0.013637895420482495,
            -0.01146152942942792,
            -0.0043529965889677405,
            -0.012277880334363308,
            1.4865026917820152,
            -0.00117964133040388,
            -0.00942912397562234,
            -0.019281818187620255,
            -0.058015643212512596,
            0.27943504184972034,
            -0.00289338920650423,
            -0.008234256501390516,
            -0.001709128589444362,
            0.00914356504187313,
            -0.04587785880293664,
            -0.0002097977267369979,
            -0.003182579978378383,
            -0.00013588193084083537,
            0.0019052225189998295,
            -0.0032808890398786927
        ],
        [
            -0.5367034601965303,
            -0.5213594195205511,
            -0.01700011150777392,
            -0.10097463590425626,
            -0.00117964133040388,
            -0.425791755177904,
            -0.5928892391004209,
            0.15426602366709463,
            -0.011513916964607837,
            0.04919369332007445,
            -0.549030145947724,
            -0.5234719829051288,
            -0.01010294253483085,
            0.053833777031262686,
            -0.013023944604788146,
            -0.2446315390418676,
            -0.33481046760479977,
            -0.02443390774197042,
            0.24116905971689206,
            0.019129443810510356
        ],
        [
            -0.43810512303767823,
            -0.3679269373007381,
            -0.05512037766071423,
            -0.20865113237399546,
            -0.00942912397562234,
            -0.5928892391004209,
            -0.43680590029083133,
            0.13061245583830125,
            -0.023518081617496675,
            0.04052183114239964,
            -0.5263369225456938,
            -0.42023395514538486,
            -0.06860252056908589,
            0.13107587738158766,
            -0.04673423525887694,
            -0.30440799520578976,
            -0.30979023806103156,
            -0.008536878783192772,
            0.18280213184811794,
            0.023874873129219227
        ],
        [
            0.031755253323981936,
            0.09631974445637027,
            0.1942396692154128,
            -0.2514141215847016,
            -0.019281818187620255,
            0.15426602366709463,
            0.13061245583830125,
            1.3493312533191961,
            0.022832712992344295,
            -0.017133138144485693,
            0.035104008247265284,
            0.11002506693930143,
            0.28900586395127703,
            0.29867571606786747,
            -0.043099547617753114,
            0.06732566011540939,
            0.07530679174544892,
            -0.040899276755097067,
            -0.06869015123041135,
            -0.007462022558220361
        ],
        [
            0.04378283345360823,
            0.085182895741518,
            -0.2823851764293716,
            -0.6081599710203361,
            -0.058015643212512596,
            -0.011513916964607837,
            -0.023518081617496675,
            0.022832712992344295,
            0.9157475430532447,
            0.020167408492505843,
            -0.05017462441925613,
            -0.1307538253933883,
            0.3209685188220268,
            -0.6059771955784066,
            0.1189003032909737,
            -0.29951309422520794,
            -0.18955423447574168,
            -0.013875732165134408,
            0.17657724209221354,
            0.026617952637431594
        ],
        [
            0.011044152237130962,
            0.028306054506243405,
            -0.01778556256239308,
            -0.0471465943903283,
            0.27943504184972034,
            0.04919369332007445,
            0.04052183114239964,
            -0.017133138144485693,
            0.020167408492505843,
            1.396085309404686,
            0.006425544751754747,
            0.035029075415496484,
            -0.046730001511890454,
            0.1243870442304752,
            0.3822316758523491,
            0.01660924944352378,
            0.025438493703363763,
            0.001557125292957018,
            -0.021395307418524787,
            -0.04801840107836432
        ],
        [
            -0.24883932375743195,
            -0.3404515567096851,
            -0.035091878266309155,
            -0.23676529125284948,
            -0.00289338920650423,
            -0.549030145947724,
            -0.5263369225456938,
            0.035104008247265284,
            -0.05017462441925613,
            0.006425544751754747,
            -0.44284875235524357,
            -0.6028895328871694,
            -0.08083412923023775,
            -0.00837499528539179,
            -0.07195428769902454,
            -0.5497971012393073,
            -0.5290708540927647,
            -0.010743641789424475,
            0.09102253387530301,
            0.0072018422972573715
        ],
        [
            -0.30575885427045235,
            -0.31322936867239803,
            -0.046430109820153206,
            -0.17473135384665822,
            -0.008234256501390516,
            -0.5234719829051288,
            -0.42023395514538486,
            0.11002506693930143,
            -0.1307538253933883,
            0.035029075415496484,
            -0.6028895328871694,
            -0.4422038132001118,
            -0.06687023125996729,
            0.013297049155592856,
            -0.05954179008523856,
            -0.44395370500987674,
            -0.36666784770790195,
            -0.011044848254560983,
            0.22090002211944687,
            0.028812194916051276
        ],
        [
            -0.04800110513085715,
            -0.059603183414696635,
            -0.0564772437774623,
            -0.05151984555344039,
            -0.001709128589444362,
            -0.01010294253483085,
            -0.06860252056908589,
            0.28900586395127703,
            0.3209685188220268,
            -0.046730001511890454,
            -0.08083412923023775,
            -0.06687023125996729,
            1.369533815864122,
            0.0899025138089993,
            -0.012155700885055624,
            -0.014542433549826263,
            -0.03530569451262262,
            0.32186837915610944,
            0.036286816000506816,
            0.0036231151978575013
        ],
        [
            0.30045745520060085,
            0.19061081420544637,
            0.05232853729947736,
            0.14618971863569408,
            0.00914356504187313,
            0.053833777031262686,
            0.13107587738158766,
            0.29867571606786747,
            -0.6059771955784066,
            0.1243870442304752,
            -0.00837499528539179,
            0.013297049155592856,
            0.0899025138089993,
            0.872281601036691,
            -0.001801333042969306,
            -0.03878957100983649,
            -0.10075407402275147,
            0.01815171170054181,
            -0.6606071529800116,
            -0.14985564932077167
        ],
        [
            -0.02112747656188585,
            -0.02994580548139184,
            -0.005058690016205136,
            -0.02346713210253454,
            -0.04587785880293664,
            -0.013023944604788146,
            -0.04673423525887694,
            -0.043099547617753114,
            0.1189003032909737,
            0.3822316758523491,
            -0.07195428769902454,
            -0.05954179008523856,
            -0.012155700885055624,
            -0.001801333042969306,
            1.3893942062047855,
            -0.013958710593206664,
            -0.04603261230993684,
            0.0005487770730954571,
            -0.1362661865979641,
            0.3022143356725853
        ],
        [
            -0.0033411516364725696,
            -0.12360337635139976,
            -0.0010650349858803278,
            -0.05865301472946082,
            -0.0002097977267369979,
            -0.2446315390418676,
            -0.30440799520578976,
            0.06732566011540939,
            -0.29951309422520794,
            0.01660924944352378,
            -0.5497971012393073,
            -0.44395370500987674,
            -0.014542433549826263,
            -0.03878957100983649,
            -0.013958710593206664,
            -0.2393340616614814,
            -0.45522250044608037,
            -0.008153644787838758,
            0.25944302065514135,
            0.0382918935107044
        ],
        [
            -0.1217853816207447,
            -0.18796828667826276,
            -0.018585404058976178,
            -0.10912914577847103,
            -0.003182579978378383,
            -0.33481046760479977,
            -0.30979023806103156,
            0.07530679174544892,
            -0.18955423447574168,
            0.025438493703363763,
            -0.5290708540927647,
            -0.36666784770790195,
            -0.03530569451262262,
            -0.10075407402275147,
            -0.04603261230993684,
            -0.45522250044608037,
            -0.31113312266706905,
            -0.008877978412879534,
            0.23026446403838088,
            0.03256668459808391
        ],
        [
            -0.004746839279825778,
            -0.006991913530609786,
            -0.003894456865269782,
            -0.003431847534195902,
            -0.00013588193084083537,
            -0.02443390774197042,
            -0.008536878783192772,
            -0.040899276755097067,
            -0.013875732165134408,
            0.001557125292957018,
            -0.010743641789424475,
            -0.011044848254560983,
            0.32186837915610944,
            0.01815171170054181,
            0.0005487770730954571,
            -0.008153644787838758,
            -0.008877978412879534,
            1.486911086438799,
            0.008078392411287471,
            0.0006371715773439656
        ],
        [
            0.05816618779234354,
            0.11308484888000005,
            0.004792686233393103,
            0.07775730894818887,
            0.0019052225189998295,
            0.24116905971689206,
            0.18280213184811794,
            -0.06869015123041135,
            0.17657724209221354,
            -0.021395307418524787,
            0.09102253387530301,
            0.22090002211944687,
            0.036286816000506816,
            -0.6606071529800116,
            -0.1362661865979641,
            0.25944302065514135,
            0.23026446403838088,
            0.008078392411287471,
            1.2363816562782957,
            -0.03611896066116577
        ],
        [
            0.0018881301099113587,
            0.010693138735149793,
            0.00014976601298043174,
            0.004318430474323301,
            -0.0032808890398786927,
            0.019129443810510356,
            0.023874873129219227,
            -0.007462022558220361,
            0.026617952637431594,
            -0.04801840107836432,
            0.0072018422972573715,
            0.028812194916051276,
            0.0036231151978575013,
            -0.14985564932077167,
            0.3022143356725853,
            0.0382918935107044,
            0.03256668459808391,
            0.0006371715773439656,
            -0.03611896066116577,
            1.4822409725005408
        ]
    ]
}