{
    "HF": -2.1304307034366516,
    "coordinates": [
        [
            0.723942,
            0.12475,
            0.140627
        ],
        [
            1.53271,
            0.161617,
            -0.12321
        ],
        [
            2.240042,
            0.186754,
            -0.096094
        ],
        [
            3.050589,
            0.101415,
            0.008343
        ]
    ],
    "elements": [
        "H",
        "H",
        "H",
        "H"
    ],
    "Enn": 2.931275471881996,
    "S": [
        [
            0.9999999999999999,
            0.6848602514927513,
            0.0,
            0.0,
            0.0,
            0.4828324811097039,
            0.5315169214296467,
            0.1551094333073762,
            -0.475473668049364,
            -0.021674061931203886,
            0.11448055061480839,
            0.3005484355875116,
            0.02333165546018939,
            -0.1494295936701565,
            -0.006111227838483201,
            0.009113395084346332,
            0.10313322411102287,
            0.0005990915856136318,
            -0.010536985881839071,
            0.00010568021945431108
        ],
        [
            0.6848602514927513,
            1.0000000000000002,
            0.0,
            0.0,
            0.0,
            0.5315169214296467,
            0.8538953450510813,
            0.05477866383197656,
            -0.1679189438557143,
            -0.007654441945191451,
            0.3005484355875116,
            0.5982474665524724,
            0.026722348657515625,
            -0.17114557981615253,
            -0.006999347358960957,
            0.10313322411102281,
            0.30631739126193613,
            0.0047454310626970754,
            -0.08346393324764127,
            0.0008370977128604822
        ],
        [
            0.0,
            0.0,
            1.0000000000000004,
            0.0,
            0.0,
            -0.1551094333073762,
            -0.05477866383197657,
            0.31964808278513657,
            0.21613791900481827,
            0.009852462832296334,
            -0.02333165546018939,
            -0.026722348657515608,
            0.04000840652066689,
            0.043624073362812,
            0.0017840954058358923,
            -0.0005990915856136316,
            -0.004745431062697079,
            0.0008277440274294583,
            0.0006928806411015371,
            -6.949214797132684e-06
        ],
        [
            0.0,
            0.0,
            0.0,
            1.0000000000000004,
            0.0,
            0.475473668049364,
            0.1679189438557139,
            0.21613791900481819,
            -0.27239408204819565,
            -0.03020181650015213,
            0.14942959367015657,
            0.17114557981615242,
            0.043624073362812016,
            -0.2325743418457267,
            -0.011426392439993901,
            0.010536985881839071,
            0.0834639332476412,
            0.0006928806411015371,
            -0.011319434823087842,
            0.00012222468144374506
        ],
        [
            0.0,
            0.0,
            0.0,
            0.0,
            1.0000000000000004,
            0.021674061931203904,
            0.00765444194519147,
            0.009852462832296321,
            -0.030201816500152107,
            0.3887800585403137,
            0.006111227838483207,
            0.006999347358960968,
            0.0017840954058358919,
            -0.011426392439993898,
            0.046352481603886234,
            -0.00010568021945431108,
            -0.0008370977128604823,
            -6.9492147971326755e-06,
            0.0001222246814437449,
            0.0008659126493931623
        ],
        [
            0.4828324811097039,
            0.5315169214296467,
            -0.1551094333073762,
            0.475473668049364,
            0.021674061931203904,
            0.9999999999999999,
            0.6848602514927513,
            0.0,
            0.0,
            0.0,
            0.5963835136215437,
            0.5746742173584823,
            -0.020824300148180888,
            -0.5432104245616268,
            -0.019304485647765976,
            0.1177949739883627,
            0.3040855063070799,
            -0.01342486213752775,
            -0.15489814992017273,
            0.0061435584928009645
        ],
        [
            0.5315169214296467,
            0.8538953450510813,
            -0.05477866383197656,
            0.16791894385571413,
            0.007654441945191472,
            0.6848602514927513,
            1.0000000000000002,
            0.0,
            0.0,
            0.0,
            0.5746742173584823,
            0.8964751703386915,
            -0.006119203003379449,
            -0.15962192428036542,
            -0.005672606796575808,
            0.3040855063070799,
            0.6026361390754955,
            -0.015037474998407331,
            -0.17350472823202465,
            0.006881531168837799
        ],
        [
            0.1551094333073762,
            0.05477866383197655,
            0.31964808278513657,
            0.21613791900481827,
            0.009852462832296325,
            0.0,
            0.0,
            1.0000000000000004,
            0.0,
            0.0,
            0.020824300148180888,
            0.0061192030033794705,
            0.5204091551151199,
            -0.02596305670640502,
            -0.0009226690669005542,
            0.013424862137527745,
            0.015037474998407317,
            0.0467068413149978,
            -0.025352174664519597,
            0.0010055159990706823
        ],
        [
            -0.475473668049364,
            -0.1679189438557139,
            0.21613791900481819,
            -0.27239408204819565,
            -0.030201816500152107,
            0.0,
            0.0,
            0.0,
            1.0000000000000004,
            0.0,
            0.5432104245616268,
            0.15962192428036573,
            -0.02596305670640502,
            -0.15585253592981113,
            -0.02406820166797841,
            0.15489814992017273,
            0.17350472823202437,
            -0.025352174664519604,
            -0.24361325120758937,
            0.011601800180561514
        ],
        [
            -0.021674061931203886,
            -0.007654441945191448,
            0.009852462832296328,
            -0.03020181650015213,
            0.3887800585403137,
            0.0,
            0.0,
            0.0,
            0.0,
            1.0000000000000004,
            0.019304485647765976,
            0.005672606796575806,
            -0.0009226690669005542,
            -0.02406820166797841,
            0.5205491344463574,
            -0.0061435584928009645,
            -0.006881531168837796,
            0.0010055159990706827,
            0.011601800180561514,
            0.04844393831625506
        ],
        [
            0.11448055061480839,
            0.3005484355875116,
            -0.02333165546018939,
            0.1494295936701565,
            0.006111227838483204,
            0.5963835136215437,
            0.5746742173584823,
            0.020824300148180888,
            0.5432104245616268,
            0.019304485647765976,
            0.9999999999999999,
            0.6848602514927513,
            0.0,
            0.0,
            0.0,
            0.5058699218934146,
            0.5408657817981133,
            -0.0651310717494441,
            -0.5054893841578817,
            0.05322079849120337
        ],
        [
            0.3005484355875116,
            0.5982474665524724,
            -0.026722348657515625,
            0.17114557981615253,
            0.006999347358960969,
            0.5746742173584823,
            0.8964751703386915,
            0.006119203003379449,
            0.15962192428036578,
            0.005672606796575808,
            0.6848602514927513,
            1.0000000000000002,
            0.0,
            0.0,
            0.0,
            0.5408657817981133,
            0.8632275130622626,
            -0.022090964831638873,
            -0.17145039853108004,
            0.018051273473646597
        ],
        [
            0.02333165546018939,
            0.026722348657515608,
            0.04000840652066689,
            0.043624073362812,
            0.0017840954058358915,
            -0.020824300148180888,
            -0.0061192030033794705,
            0.5204091551151199,
            -0.02596305670640502,
            -0.0009226690669005542,
            0.0,
            0.0,
            1.0000000000000004,
            0.0,
            0.0,
            0.06513107174944409,
            0.022090964831638863,
            0.40447738886689955,
            -0.09148169347297876,
            0.0096317132002099
        ],
        [
            -0.14942959367015657,
            -0.17114557981615233,
            0.043624073362812016,
            -0.2325743418457267,
            -0.011426392439993898,
            -0.5432104245616268,
            -0.15962192428036612,
            -0.02596305670640502,
            -0.15585253592981113,
            -0.02406820166797841,
            0.0,
            0.0,
            0.0,
            1.0000000000000004,
            0.0,
            0.5054893841578817,
            0.17145039853108002,
            -0.09148169347297888,
            -0.29373486505829355,
            0.07475278147869573
        ],
        [
            -0.006111227838483203,
            -0.006999347358960956,
            0.0017840954058358928,
            -0.011426392439993901,
            0.046352481603886234,
            -0.019304485647765976,
            -0.005672606796575806,
            -0.0009226690669005542,
            -0.02406820166797841,
            0.5205491344463574,
            0.0,
            0.0,
            0.0,
            0.0,
            1.0000000000000004,
            -0.05322079849120341,
            -0.018051273473646573,
            0.009631713200209897,
            0.07475278147869559,
            0.40839418333116523
        ],
        [
            0.009113395084346332,
            0.10313322411102287,
            -0.0005990915856136319,
            0.010536985881839074,
            -0.00010568021945431108,
            0.1177949739883627,
            0.3040855063070799,
            0.013424862137527749,
            0.15489814992017273,
            -0.0061435584928009645,
            0.5058699218934146,
            0.5408657817981133,
            0.0651310717494441,
            0.5054893841578817,
            -0.05322079849120341,
            0.9999999999999999,
            0.6848602514927513,
            0.0,
            0.0,
            0.0
        ],
        [
            0.10313322411102281,
            0.30631739126193613,
            -0.004745431062697078,
            0.08346393324764122,
            -0.0008370977128604858,
            0.3040855063070799,
            0.6026361390754955,
            0.015037474998407326,
            0.17350472823202445,
            -0.006881531168837799,
            0.5408657817981133,
            0.8632275130622626,
            0.022090964831638867,
            0.17145039853108004,
            -0.01805127347364662,
            0.6848602514927513,
            1.0000000000000002,
            0.0,
            0.0,
            0.0
        ],
        [
            0.0005990915856136316,
            0.004745431062697077,
            0.0008277440274294583,
            0.0006928806411015371,
            -6.9492147971326755e-06,
            -0.013424862137527745,
            -0.015037474998407315,
            0.0467068413149978,
            -0.025352174664519597,
            0.0010055159990706823,
            -0.06513107174944409,
            -0.022090964831638867,
            0.40447738886689955,
            -0.09148169347297885,
            0.009631713200209894,
            0.0,
            0.0,
            1.0000000000000004,
            0.0,
            0.0
        ],
        [
            -0.010536985881839071,
            -0.08346393324764118,
            0.0006928806411015371,
            -0.011319434823087842,
            0.0001222246814437449,
            -0.15489814992017273,
            -0.17350472823202456,
            -0.025352174664519604,
            -0.24361325120758937,
            0.011601800180561514,
            -0.5054893841578817,
            -0.17145039853108002,
            -0.09148169347297877,
            -0.29373486505829355,
            0.07475278147869559,
            0.0,
            0.0,
            0.0,
            1.0000000000000004,
            0.0
        ],
        [
            0.00010568021945431108,
            0.0008370977128604823,
            -6.949214797132684e-06,
            0.00012222468144374506,
            0.0008659126493931623,
            0.0061435584928009645,
            0.006881531168837785,
            0.0010055159990706827,
            0.011601800180561514,
            0.04844393831625506,
            0.05322079849120336,
            0.018051273473646597,
            0.009631713200209903,
            0.07475278147869573,
            0.4083941833311652,
            0.0,
            0.0,
            0.0,
            0.0,
            1.0000000000000004
        ]
    ],
    "h": [
        [
            -0.219306910834822,
            -0.4443279381866261,
            0.07464994407615366,
            -0.23183845657418362,
            -0.010996302899666556,
            -0.5312021145675504,
            -0.4317869750616323,
            -0.01888460157096372,
            0.04204277154471037,
            0.00031410113690488045,
            -0.24408789067843273,
            -0.2985137388263381,
            -0.014018386750314402,
            0.3094228981712242,
            0.008462555681055646,
            0.0009911285194312766,
            -0.115784123972795,
            0.0010809927805352103,
            0.05499684237828464,
            -0.0014791628795118666
        ],
        [
            -0.4443279381866261,
            -0.3060433034231398,
            0.0666203099584814,
            -0.21153184603481062,
            -0.009988252016035728,
            -0.5213743028036621,
            -0.3625758396674319,
            -0.06224850327559446,
            0.07693229145116282,
            0.003926145088727713,
            -0.34003592750761935,
            -0.30762565615690673,
            -0.0034205631501832284,
            0.20666912068018758,
            0.01060728930335423,
            -0.11708929277769164,
            -0.18128120048440877,
            0.00950249164397051,
            0.11015324401846671,
            -0.007670690203622797
        ],
        [
            0.07464994407615366,
            0.0666203099584814,
            1.4687920331618882,
            0.06783698444873716,
            0.0031304667609710493,
            0.02443524805579167,
            0.06087268132695958,
            0.1930204166653876,
            0.2868441022514234,
            0.013150279943131653,
            0.05531630433244402,
            0.0511312631185189,
            -0.043796243261320034,
            -0.06571870750630274,
            -0.0023162719777647476,
            0.00617139964436542,
            0.02408307945730123,
            -0.0032723105918499125,
            -0.00998556939152136,
            0.0004120828730647799
        ],
        [
            -0.23183845657418362,
            -0.21153184603481062,
            0.06783698444873716,
            1.2738150049061638,
            -0.009978137904418705,
            -0.0969653268615378,
            -0.20311490583609582,
            0.27231050410023344,
            -0.6132039182650075,
            -0.04061974635280938,
            -0.2380012018534898,
            -0.1713144495006646,
            -0.0071564342060307096,
            0.18514717398389957,
            0.008897283581462204,
            -0.054235899120690115,
            -0.10474655274387511,
            0.0008977855233710894,
            0.07325904939609253,
            -0.0026720316707577875
        ],
        [
            -0.010996302899666556,
            -0.009988252016035728,
            0.0031304667609710493,
            -0.009978137904418705,
            1.4900821319697781,
            -0.004576957749077931,
            -0.009433409140813228,
            0.01237202058112968,
            -0.04032033344277808,
            0.2811960503013841,
            -0.010099346619839002,
            -0.0078011787967721576,
            -0.0003190837790853266,
            0.010594874823494936,
            -0.04533490672376947,
            -0.0009139378493065101,
            -0.003687180760699231,
            9.952677650722992e-05,
            0.000935512254044724,
            -0.0029470120874199525
        ],
        [
            -0.5312021145675504,
            -0.5213743028036621,
            0.02443524805579167,
            -0.0969653268615378,
            -0.004576957749077931,
            -0.45007420710167567,
            -0.6043004403493648,
            -0.0801089706158458,
            -0.05305754796092825,
            0.0003643606574860402,
            -0.5723207531843709,
            -0.5355597097687812,
            -0.014112011869818475,
            0.0390159853344747,
            0.00789074590677527,
            -0.2528137456235843,
            -0.34325364157351945,
            0.026324433489241537,
            0.25152173771649533,
            -0.017574719984755575
        ],
        [
            -0.4317869750616323,
            -0.3625758396674319,
            0.06087268132695958,
            -0.20311490583609582,
            -0.009433409140813228,
            -0.6043004403493648,
            -0.43915013142364145,
            -0.06761680942971447,
            -0.04963417178997341,
            0.0012655944440676664,
            -0.5388357304354707,
            -0.4192433353306757,
            -0.011854786604783826,
            0.1497157448711386,
            0.020467343430341633,
            -0.30544095499377744,
            -0.3097676157588498,
            0.022771601947352667,
            0.18460321067369617,
            -0.01738163626333588
        ],
        [
            -0.01888460157096372,
            -0.06224850327559446,
            0.1930204166653876,
            0.27231050410023344,
            0.01237202058112968,
            -0.0801089706158458,
            -0.06761680942971447,
            1.3757700714508558,
            0.054947569860029855,
            0.0025331449664840492,
            -0.019321303687068317,
            -0.04387844367044397,
            0.45818406931141986,
            -0.013416389570383228,
            -0.00028325916523911027,
            -0.011086841254894928,
            -0.017723413279833358,
            -0.045248916867786954,
            0.013800023867199418,
            -0.001053166081980343
        ],
        [
            0.04204277154471037,
            0.07693229145116282,
            0.2868441022514234,
            -0.6132039182650075,
            -0.04032033344277808,
            -0.05305754796092825,
            -0.04963417178997341,
            0.054947569860029855,
            0.8519455791407426,
            -0.01832480968363745,
            -0.04705634920209412,
            -0.15825215147284483,
            -0.04289505545009812,
            -0.6760368157828965,
            -0.027188971383256336,
            -0.3179454749469188,
            -0.2105367290494295,
            0.029919243056195623,
            0.19646030428306005,
            -0.02202496036288442
        ],
        [
            0.00031410113690488045,
            0.003926145088727713,
            0.013150279943131653,
            -0.04061974635280938,
            0.2811960503013841,
            0.0003643606574860402,
            0.0012655944440676664,
            0.0025331449664840492,
            -0.01832480968363745,
            1.3966289781058245,
            0.003501623670537836,
            -0.0014205746727539055,
            -0.0010860516629180984,
            -0.03745560089906424,
            0.4602579553377213,
            -0.0003971339159435233,
            -0.003574021922535607,
            0.00030347197603696136,
            0.0025851830673194846,
            -0.04693298672080631
        ],
        [
            -0.24408789067843273,
            -0.34003592750761935,
            0.05531630433244402,
            -0.2380012018534898,
            -0.010099346619839002,
            -0.5723207531843709,
            -0.5388357304354707,
            -0.019321303687068317,
            -0.04705634920209412,
            0.003501623670537836,
            -0.46674886761690715,
            -0.6119891688532935,
            -0.02040714025323953,
            0.029747637728121834,
            0.034458191638510244,
            -0.5486861972561954,
            -0.5315223393842095,
            0.011372823092878764,
            0.09616563570244363,
            -0.007065385084150194
        ],
        [
            -0.2985137388263381,
            -0.30762565615690673,
            0.0511312631185189,
            -0.1713144495006646,
            -0.0078011787967721576,
            -0.5355597097687812,
            -0.4192433353306757,
            -0.04387844367044397,
            -0.15825215147284483,
            -0.0014205746727539055,
            -0.6119891688532935,
            -0.4412417449592698,
            -0.019138567561224208,
            0.03502195150605083,
            0.028468680092574382,
            -0.4411705156088206,
            -0.3644148498117772,
            0.02769551750244339,
            0.2198798565223536,
            -0.02085369528599495
        ],
        [
            -0.014018386750314402,
            -0.0034205631501832284,
            -0.043796243261320034,
            -0.0071564342060307096,
            -0.0003190837790853266,
            -0.014112011869818475,
            -0.011854786604783826,
            0.45818406931141986,
            -0.04289505545009812,
            -0.0010860516629180984,
            -0.02040714025323953,
            -0.019138567561224208,
            1.3889351877419938,
            -0.03611938530921746,
            0.0027311587960695684,
            -0.0017559772852044492,
            -0.019433045457495808,
            0.3030884407227531,
            -0.12227129008123849,
            0.012956048575030233
        ],
        [
            0.3094228981712242,
            0.20666912068018758,
            -0.06571870750630274,
            0.18514717398389957,
            0.010594874823494936,
            0.0390159853344747,
            0.1497157448711386,
            -0.013416389570383228,
            -0.6760368157828965,
            -0.03745560089906424,
            0.029747637728121834,
            0.03502195150605083,
            -0.03611938530921746,
            0.8176746469663885,
            0.0137935374087077,
            -0.035295081796434924,
            -0.08899263634575552,
            -0.12434041849696265,
            -0.6650821624792522,
            0.10139277594748292
        ],
        [
            0.008462555681055646,
            0.01060728930335423,
            -0.0023162719777647476,
            0.008897283581462204,
            -0.04533490672376947,
            0.00789074590677527,
            0.020467343430341633,
            -0.00028325916523911027,
            -0.027188971383256336,
            0.4602579553377213,
            0.034458191638510244,
            0.028468680092574382,
            0.0027311587960695684,
            0.0137935374087077,
            1.3903367466894496,
            0.006393407877549065,
            0.024181489009580302,
            0.012361987302143548,
            0.09523457094945634,
            0.3085818123167279
        ],
        [
            0.0009911285194312766,
            -0.11708929277769164,
            0.00617139964436542,
            -0.054235899120690115,
            -0.0009139378493065101,
            -0.2528137456235843,
            -0.30544095499377744,
            -0.011086841254894928,
            -0.3179454749469188,
            -0.0003971339159435233,
            -0.5486861972561954,
            -0.4411705156088206,
            -0.0017559772852044492,
            -0.035295081796434924,
            0.006393407877549065,
            -0.23616188126184623,
            -0.4520804540961123,
            0.033806062626722436,
            0.2554154905208942,
            -0.026411085605774078
        ],
        [
            -0.115784123972795,
            -0.18128120048440877,
            0.02408307945730123,
            -0.10474655274387511,
            -0.003687180760699231,
            -0.34325364157351945,
            -0.3097676157588498,
            -0.017723413279833358,
            -0.2105367290494295,
            -0.003574021922535607,
            -0.5315223393842095,
            -0.3644148498117772,
            -0.019433045457495808,
            -0.08899263634575552,
            0.024181489009580302,
            -0.4520804540961123,
            -0.30840128716244997,
            0.029737329645791274,
            0.2278392356332006,
            -0.022910743750474277
        ],
        [
            0.0010809927805352103,
            0.00950249164397051,
            -0.0032723105918499125,
            0.0008977855233710894,
            9.952677650722992e-05,
            0.026324433489241537,
            0.022771601947352667,
            -0.045248916867786954,
            0.029919243056195623,
            0.00030347197603696136,
            0.011372823092878764,
            0.02769551750244339,
            0.3030884407227531,
            -0.12434041849696265,
            0.012361987302143548,
            0.033806062626722436,
            0.029737329645791274,
            1.4809284046497502,
            -0.03175829093004154,
            0.00323170778206313
        ],
        [
            0.05499684237828464,
            0.11015324401846671,
            -0.00998556939152136,
            0.07325904939609253,
            0.000935512254044724,
            0.25152173771649533,
            0.18460321067369617,
            0.013800023867199418,
            0.19646030428306005,
            0.0025851830673194846,
            0.09616563570244363,
            0.2198798565223536,
            -0.12227129008123849,
            -0.6650821624792522,
            0.09523457094945634,
            0.2554154905208942,
            0.2278392356332006,
            -0.03175829093004154,
            1.2360652154907246,
            0.02497003516717286
        ],
        [
            -0.0014791628795118666,
            -0.007670690203622797,
            0.0004120828730647799,
            -0.0026720316707577875,
            -0.0029470120874199525,
            -0.017574719984755575,
            -0.01738163626333588,
            -0.001053166081980343,
            -0.02202496036288442,
            -0.04693298672080631,
            -0.007065385084150194,
            -0.02085369528599495,
            0.012956048575030233,
            0.10139277594748292,
            0.3085818123167279,
            -0.026411085605774078,
            -0.022910743750474277,
            0.00323170778206313,
            0.02497003516717286,
            1.4824355979035218
        ]
    ]
}