{
    "HF": -2.1122177203995234,
    "coordinates": [
        [
            0.803133,
            -0.169682,
            0.175203
        ],
        [
            1.517745,
            0.062292,
            -0.173569
        ],
        [
            2.206948,
            -0.010033,
            -0.111457
        ],
        [
            2.89526,
            -0.159693,
            0.001941
        ]
    ],
    "elements": [
        "H",
        "H",
        "H",
        "H"
    ],
    "Enn": 3.1365513498420627,
    "S": [
        [
            0.9999999999999999,
            0.6848602514927513,
            0.0,
            0.0,
            0.0,
            0.5007106314586306,
            0.5388005797961857,
            0.2147029995745322,
            -0.43991300887673185,
            -0.14280250026751726,
            0.14541588064001137,
            0.33138732662847614,
            0.03783064075680943,
            -0.18526205593393022,
            -0.021068945671470975,
            0.02090532832146385,
            0.1472476752506518,
            0.002163930764640826,
            -0.0261293184820429,
            -0.00012475617508742322
        ],
        [
            0.6848602514927513,
            1.0000000000000002,
            0.0,
            0.0,
            0.0,
            0.5388005797961857,
            0.8611713134283692,
            0.0734730607238831,
            -0.15054170308974232,
            -0.04886814247807179,
            0.33138732662847614,
            0.635884021566444,
            0.03592393109246849,
            -0.17592462613051593,
            -0.020007045541692275,
            0.1472476752506518,
            0.3828838230506063,
            0.009107831109657448,
            -0.10997644824574523,
            -0.00052508989250019
        ],
        [
            0.0,
            0.0,
            1.0000000000000004,
            0.0,
            0.0,
            -0.2147029995745322,
            -0.07347306072388307,
            0.28078840160246465,
            0.2655471550521499,
            0.08620067357680451,
            -0.03783064075680943,
            -0.03592393109246852,
            0.05298030299231552,
            0.07036146536510744,
            0.008001864621815579,
            -0.0021639307646408256,
            -0.009107831109657447,
            0.003021694347638129,
            0.0030839905300362055,
            1.4724718625844275e-05
        ],
        [
            0.0,
            0.0,
            0.0,
            1.0000000000000004,
            0.0,
            0.43991300887673185,
            0.15054170308974213,
            0.2655471550521499,
            -0.13369872480950448,
            -0.1766197852639186,
            0.18526205593393022,
            0.17592462613051593,
            0.0703614653651074,
            -0.2772219913550924,
            -0.03918627497409487,
            0.0261293184820429,
            0.10997644824574519,
            0.0030839905300362055,
            -0.03396187957280599,
            -0.00017779998732862193
        ],
        [
            0.0,
            0.0,
            0.0,
            0.0,
            1.0000000000000004,
            0.14280250026751723,
            0.048868142478071794,
            0.08620067357680451,
            -0.1766197852639186,
            0.35305728918766627,
            0.02106894567147097,
            0.020007045541692275,
            0.008001864621815576,
            -0.03918627497409487,
            0.06289170018369929,
            0.00012475617508742322,
            0.0005250898925001898,
            1.4724718625844187e-05,
            -0.0001777999873286209,
            0.003276249794387637
        ],
        [
            0.5007106314586306,
            0.5388005797961857,
            -0.2147029995745322,
            0.43991300887673185,
            0.14280250026751726,
            0.9999999999999999,
            0.6848602514927513,
            0.0,
            0.0,
            0.0,
            0.6065804614003659,
            0.5782195575206045,
            -0.048731245499768254,
            -0.5407283712032582,
            0.056744064444402637,
            0.1585680165299055,
            0.3432385532448317,
            -0.025751937152629915,
            -0.2021177124198336,
            0.03257104306778276
        ],
        [
            0.5388005797961857,
            0.8611713134283692,
            -0.0734730607238831,
            0.15054170308974213,
            0.0488681424780718,
            0.6848602514927513,
            1.0000000000000002,
            0.0,
            0.0,
            0.0,
            0.5782195575206045,
            0.8999179991411341,
            -0.014108981798476194,
            -0.15655513560109435,
            0.016428904375560115,
            0.3432385532448317,
            0.6499910715170342,
            -0.022836988807996103,
            -0.17923932902881162,
            0.028884217198695314
        ],
        [
            0.2147029995745322,
            0.07347306072388307,
            0.28078840160246465,
            0.2655471550521499,
            0.08620067357680451,
            0.0,
            0.0,
            1.0000000000000004,
            0.0,
            0.0,
            0.048731245499768205,
            0.014108981798476191,
            0.5281081212963217,
            -0.059285621308705176,
            0.006221436298379578,
            0.025751937152629908,
            0.022836988807996093,
            0.07061765663996722,
            -0.04817729633316836,
            0.007763717365341488
        ],
        [
            -0.43991300887673185,
            -0.15054170308974194,
            0.2655471550521499,
            -0.13369872480950448,
            -0.1766197852639186,
            0.0,
            0.0,
            0.0,
            1.0000000000000004,
            0.0,
            0.5407283712032581,
            0.1565551356010943,
            -0.05928562130870523,
            -0.12439009700507456,
            0.06903388332612222,
            0.20211771241983353,
            0.17923932902881157,
            -0.04817729633316836,
            -0.3013703538059219,
            0.060934631226245664
        ],
        [
            -0.14280250026751723,
            -0.04886814247807178,
            0.08620067357680451,
            -0.1766197852639186,
            0.35305728918766627,
            0.0,
            0.0,
            0.0,
            0.0,
            1.0000000000000004,
            -0.05674406444440264,
            -0.01642890437556012,
            0.006221436298379586,
            0.06903388332612224,
            0.5262066102744085,
            -0.03257104306778275,
            -0.028884217198695297,
            0.0077637173653414895,
            0.060934631226245685,
            0.06693640682902231
        ],
        [
            0.14541588064001137,
            0.33138732662847614,
            -0.03783064075680943,
            0.18526205593393022,
            0.021068945671470975,
            0.6065804614003659,
            0.5782195575206045,
            0.048731245499768205,
            0.5407283712032582,
            -0.056744064444402637,
            0.9999999999999999,
            0.6848602514927513,
            0.0,
            0.0,
            0.0,
            0.5921873192396454,
            0.573200794117342,
            -0.08631377827369212,
            -0.5239140844734611,
            0.11391488435810826
        ],
        [
            0.33138732662847614,
            0.635884021566444,
            -0.03592393109246849,
            0.17592462613051593,
            0.020007045541692275,
            0.5782195575206045,
            0.8999179991411341,
            0.014108981798476194,
            0.15655513560109435,
            -0.016428904375560112,
            0.6848602514927513,
            1.0000000000000002,
            0.0,
            0.0,
            0.0,
            0.573200794117342,
            0.8950419732181056,
            -0.025520231275755072,
            -0.15490468464944288,
            0.033680998013452625
        ],
        [
            0.03783064075680943,
            0.03592393109246852,
            0.05298030299231552,
            0.07036146536510744,
            0.008001864621815579,
            -0.048731245499768205,
            -0.014108981798476191,
            0.5281081212963216,
            -0.05928562130870523,
            0.0062214362983795835,
            0.0,
            0.0,
            1.0000000000000004,
            0.0,
            0.0,
            0.08631377827369209,
            0.02552023127575507,
            0.4992152755133669,
            -0.10465426330048845,
            0.022755025403525
        ],
        [
            -0.18526205593393022,
            -0.17592462613051593,
            0.0703614653651074,
            -0.2772219913550924,
            -0.03918627497409487,
            -0.5407283712032581,
            -0.1565551356010943,
            -0.059285621308705176,
            -0.12439009700507456,
            0.06903388332612222,
            0.0,
            0.0,
            0.0,
            1.0000000000000004,
            0.0,
            0.5239140844734611,
            0.15490468464944288,
            -0.10465426330048831,
            -0.11878173470643552,
            0.13812022298057358
        ],
        [
            -0.021068945671470975,
            -0.02000704554169227,
            0.008001864621815576,
            -0.03918627497409487,
            0.06289170018369929,
            0.05674406444440264,
            0.016428904375560112,
            0.006221436298379581,
            0.06903388332612224,
            0.5262066102744085,
            0.0,
            0.0,
            0.0,
            0.0,
            1.0000000000000004,
            -0.11391488435810826,
            -0.03368099801345265,
            0.022755025403525,
            0.13812022298057378,
            0.4864253075605724
        ],
        [
            0.02090532832146385,
            0.1472476752506518,
            -0.002163930764640826,
            0.0261293184820429,
            0.00012475617508742322,
            0.1585680165299055,
            0.3432385532448317,
            0.025751937152629915,
            0.20211771241983362,
            -0.03257104306778276,
            0.5921873192396454,
            0.573200794117342,
            0.08631377827369212,
            0.5239140844734611,
            -0.11391488435810826,
            0.9999999999999999,
            0.6848602514927513,
            0.0,
            0.0,
            0.0
        ],
        [
            0.1472476752506518,
            0.3828838230506063,
            -0.00910783110965745,
            0.10997644824574523,
            0.00052508989250019,
            0.3432385532448317,
            0.6499910715170342,
            0.0228369888079961,
            0.17923932902881162,
            -0.02888421719869531,
            0.573200794117342,
            0.8950419732181056,
            0.02552023127575507,
            0.15490468464944288,
            -0.03368099801345265,
            0.6848602514927513,
            1.0000000000000002,
            0.0,
            0.0,
            0.0
        ],
        [
            0.002163930764640826,
            0.009107831109657443,
            0.003021694347638129,
            0.0030839905300362055,
            1.4724718625844187e-05,
            -0.025751937152629908,
            -0.022836988807996086,
            0.07061765663996722,
            -0.04817729633316836,
            0.007763717365341488,
            -0.0863137782736921,
            -0.02552023127575507,
            0.4992152755133669,
            -0.10465426330048831,
            0.022755025403525,
            0.0,
            0.0,
            1.0000000000000004,
            0.0,
            0.0
        ],
        [
            -0.0261293184820429,
            -0.10997644824574519,
            0.0030839905300362055,
            -0.03396187957280599,
            -0.0001777999873286209,
            -0.20211771241983362,
            -0.17923932902881157,
            -0.04817729633316836,
            -0.3013703538059219,
            0.060934631226245664,
            -0.5239140844734611,
            -0.15490468464944288,
            -0.10465426330048845,
            -0.11878173470643569,
            0.13812022298057378,
            0.0,
            0.0,
            0.0,
            1.0000000000000004,
            0.0
        ],
        [
            -0.00012475617508742322,
            -0.0005250898925001898,
            1.4724718625844275e-05,
            -0.00017779998732862193,
            0.003276249794387637,
            0.03257104306778275,
            0.028884217198695293,
            0.0077637173653414895,
            0.060934631226245685,
            0.06693640682902231,
            0.11391488435810826,
            0.033680998013452625,
            0.022755025403525,
            0.13812022298057358,
            0.4864253075605724,
            0.0,
            0.0,
            0.0,
            0.0,
            1.0000000000000004
        ]
    ],
    "h": [
        [
            -0.23403012722985284,
            -0.4526332022090611,
            0.10778326302703153,
            -0.22673519006808013,
            -0.07169575057385544,
            -0.5504931045480173,
            -0.4429105782331715,
            -0.02649698718833332,
            0.029936913031016976,
            0.01780969777277358,
            -0.27607409413575323,
            -0.3197567032908984,
            -0.013062912063198165,
            0.3275589275413271,
            -0.004006112738709072,
            -0.028332142285633945,
            -0.1569788465664375,
            0.0018794566033650557,
            0.09577266646338717,
            -0.007454028386932326
        ],
        [
            -0.4526332022090611,
            -0.31281397378567877,
            0.09441476517974393,
            -0.20599718417921442,
            -0.06250145518643696,
            -0.5360014923141174,
            -0.3711064280494285,
            -0.09266639980306543,
            0.054260789884194804,
            0.06668936312725232,
            -0.37366568170732284,
            -0.3250867169009223,
            -0.0007562326705499722,
            0.20581028568713466,
            -0.0051991456324619115,
            -0.16372506830686867,
            -0.2161951688504533,
            0.016993264143422955,
            0.1412399193422169,
            -0.02398216858810856
        ],
        [
            0.10778326302703153,
            0.09441476517974393,
            1.4498284684092917,
            0.08965474622305902,
            0.028270666333853285,
            0.0330323742118146,
            0.08651851769794587,
            0.14241116605081894,
            0.3632179538908993,
            0.11102378064041896,
            0.0804353091009164,
            0.07396383222753014,
            -0.04721654012156129,
            -0.08105180700645405,
            0.004767496427560516,
            0.015161793862604162,
            0.041160591371580985,
            -0.00992861697430927,
            -0.023582567543285422,
            0.0022081467580946134
        ],
        [
            -0.22673519006808013,
            -0.20599718417921442,
            0.08965474622305902,
            1.2942946620277171,
            -0.059149534896672455,
            -0.0989837544651605,
            -0.20173330016099794,
            0.3357063510110657,
            -0.460234443338312,
            -0.2201623258538507,
            -0.2458127839749733,
            -0.17252900208919225,
            0.013588640107919159,
            0.1037992075518741,
            -0.015358724638958154,
            -0.09252682819025063,
            -0.12068119262498533,
            -0.00017896538307518063,
            0.12747293844853186,
            -0.008738031889814151
        ],
        [
            -0.07169575057385544,
            -0.06250145518643696,
            0.028270666333853285,
            -0.059149534896672455,
            1.473642185499908,
            -0.020921281220235288,
            -0.056727124782684935,
            0.11193879579509158,
            -0.24035225638742924,
            0.23619357046414596,
            -0.05027567281100005,
            -0.04839549452289552,
            0.0011267765602369414,
            0.054765474275920434,
            -0.047994725301134786,
            -0.006830598214387758,
            -0.025712821997407504,
            0.0007122370818301723,
            0.010685889308117633,
            -0.010338709816729245
        ],
        [
            -0.5504931045480173,
            -0.5360014923141174,
            0.0330323742118146,
            -0.0989837544651605,
            -0.020921281220235288,
            -0.46529381916758705,
            -0.6107889165756686,
            -0.12417934347099303,
            -0.07127123773385598,
            0.0952111136465067,
            -0.5976231586422149,
            -0.5494197220938333,
            -0.02215829598421963,
            0.04076562883805601,
            0.01815403871712977,
            -0.3112000605315952,
            -0.38316610407893026,
            0.04026806198549951,
            0.28877140136903207,
            -0.05299094284367008
        ],
        [
            -0.4429105782331715,
            -0.3711064280494285,
            0.08651851769794587,
            -0.20173330016099794,
            -0.056727124782684935,
            -0.6107889165756686,
            -0.43961182489205974,
            -0.10310136768788865,
            -0.06798000217666496,
            0.07991401197804254,
            -0.563019216693222,
            -0.42618832772446535,
            -0.011048043707287335,
            0.14502308246974577,
            0.009651097371355674,
            -0.3465427983683457,
            -0.33144552694112117,
            0.03360662802899761,
            0.21595508612862685,
            -0.04410943900613952
        ],
        [
            -0.02649698718833332,
            -0.09266639980306543,
            0.14241116605081894,
            0.3357063510110657,
            0.11193879579509158,
            -0.12417934347099303,
            -0.10310136768788865,
            1.3480639059786614,
            0.059173623074328954,
            0.030277560929315692,
            -0.0336686382044287,
            -0.07332959750861312,
            0.46371683533189534,
            -0.04926342055266397,
            0.011235393245252192,
            -0.026650131907807323,
            -0.03919012433576689,
            -0.044330808513766334,
            0.018817938195705555,
            -0.0037961749470381695
        ],
        [
            0.029936913031016976,
            0.054260789884194804,
            0.3632179538908993,
            -0.460234443338312,
            -0.24035225638742924,
            -0.07127123773385598,
            -0.06798000217666496,
            0.059173623074328954,
            0.852769650096481,
            -0.021835756174220303,
            -0.0718920404890051,
            -0.1711321963092327,
            -0.09546636846166469,
            -0.663192106241284,
            0.12091319094113018,
            -0.3594174417990629,
            -0.2193139674782695,
            0.033439221227719376,
            0.13140475384145733,
            -0.043193268151016595
        ],
        [
            0.01780969777277358,
            0.06668936312725232,
            0.11102378064041896,
            -0.2201623258538507,
            0.23619357046414596,
            0.0952111136465067,
            0.07991401197804254,
            0.030277560929315692,
            -0.021835756174220303,
            1.370089754043871,
            0.030275567041155277,
            0.06259003565374549,
            0.012960560011848477,
            0.08171992770250824,
            0.4626646368705538,
            0.03805371312644865,
            0.03912311500166052,
            -0.0033183959675613835,
            -0.02018072703982926,
            -0.04253921959100118
        ],
        [
            -0.27607409413575323,
            -0.37366568170732284,
            0.0804353091009164,
            -0.2458127839749733,
            -0.05027567281100005,
            -0.5976231586422149,
            -0.563019216693222,
            -0.0336686382044287,
            -0.0718920404890051,
            0.030275567041155277,
            -0.5383554712847398,
            -0.6416295857921654,
            -0.02374726104252272,
            -0.011713195398875123,
            0.0343804557175822,
            -0.6207660620763131,
            -0.574625828557288,
            0.014634539133502072,
            0.09404713744007576,
            -0.01788569017477251
        ],
        [
            -0.3197567032908984,
            -0.3250867169009223,
            0.07396383222753014,
            -0.17252900208919225,
            -0.04839549452289552,
            -0.5494197220938333,
            -0.42618832772446535,
            -0.07332959750861312,
            -0.1711321963092327,
            0.06259003565374549,
            -0.6416295857921654,
            -0.4467367223334482,
            -0.020423893990722558,
            0.023561041513113695,
            0.02635825893802627,
            -0.4790748650096943,
            -0.37589654043009557,
            0.04131018319710303,
            0.2556243940656159,
            -0.053495655820014816
        ],
        [
            -0.013062912063198165,
            -0.0007562326705499722,
            -0.04721654012156129,
            0.013588640107919159,
            0.0011267765602369414,
            -0.02215829598421963,
            -0.011048043707287335,
            0.46371683533189534,
            -0.09546636846166469,
            0.012960560011848477,
            -0.02374726104252272,
            -0.020423893990722558,
            1.3640099886407662,
            -0.06251423044613229,
            0.012076092202753871,
            0.005121511805918244,
            -0.023106827054589996,
            0.4390203544660427,
            -0.15469911110705845,
            0.03358145532862801
        ],
        [
            0.3275589275413271,
            0.20581028568713466,
            -0.08105180700645405,
            0.1037992075518741,
            0.054765474275920434,
            0.04076562883805601,
            0.14502308246974577,
            -0.04926342055266397,
            -0.663192106241284,
            0.08171992770250824,
            -0.011713195398875123,
            0.023561041513113695,
            -0.06251423044613229,
            0.7397141397314828,
            0.08693760795378508,
            -0.0008996228040775156,
            -0.08944435491327496,
            -0.15606657090860274,
            -0.5113400889774627,
            0.2071203494310812
        ],
        [
            -0.004006112738709072,
            -0.0051991456324619115,
            0.004767496427560516,
            -0.015358724638958154,
            -0.047994725301134786,
            0.01815403871712977,
            0.009651097371355674,
            0.011235393245252192,
            0.12091319094113018,
            0.4626646368705538,
            0.0343804557175822,
            0.02635825893802627,
            0.012076092202753871,
            0.08693760795378508,
            1.3581974576404319,
            -0.0018437473508930713,
            0.032754763968366046,
            0.03315845068116255,
            0.20280896511977636,
            0.42057381657337134
        ],
        [
            -0.028332142285633945,
            -0.16372506830686867,
            0.015161793862604162,
            -0.09252682819025063,
            -0.006830598214387758,
            -0.3112000605315952,
            -0.3465427983683457,
            -0.026650131907807323,
            -0.3594174417990629,
            0.03805371312644865,
            -0.6207660620763131,
            -0.4790748650096943,
            0.005121511805918244,
            -0.0008996228040775156,
            -0.0018437473508930713,
            -0.3079353828071967,
            -0.483486134359006,
            0.053349738860003916,
            0.3107737790439049,
            -0.06879835730792606
        ],
        [
            -0.1569788465664375,
            -0.2161951688504533,
            0.041160591371580985,
            -0.12068119262498533,
            -0.025712821997407504,
            -0.38316610407893026,
            -0.33144552694112117,
            -0.03919012433576689,
            -0.2193139674782695,
            0.03912311500166052,
            -0.574625828557288,
            -0.37589654043009557,
            -0.023106827054589996,
            -0.08944435491327496,
            0.032754763968366046,
            -0.483486134359006,
            -0.3200029491529526,
            0.043328095063784225,
            0.25772860126507174,
            -0.05588354354050661
        ],
        [
            0.0018794566033650557,
            0.016993264143422955,
            -0.00992861697430927,
            -0.00017896538307518063,
            0.0007122370818301723,
            0.04026806198549951,
            0.03360662802899761,
            -0.044330808513766334,
            0.033439221227719376,
            -0.0033183959675613835,
            0.014634539133502072,
            0.04131018319710303,
            0.4390203544660427,
            -0.15606657090860274,
            0.03315845068116255,
            0.053349738860003916,
            0.043328095063784225,
            1.4604931297678239,
            -0.0491088788182419,
            0.010632599737051746
        ],
        [
            0.09577266646338717,
            0.1412399193422169,
            -0.023582567543285422,
            0.12747293844853186,
            0.010685889308117633,
            0.28877140136903207,
            0.21595508612862685,
            0.018817938195705555,
            0.13140475384145733,
            -0.02018072703982926,
            0.09404713744007576,
            0.2556243940656159,
            -0.15469911110705845,
            -0.5113400889774627,
            0.20280896511977636,
            0.3107737790439049,
            0.25772860126507174,
            -0.0491088788182419,
            1.1679582049486252,
            0.06415421526418918
        ],
        [
            -0.007454028386932326,
            -0.02398216858810856,
            0.0022081467580946134,
            -0.008738031889814151,
            -0.010338709816729245,
            -0.05299094284367008,
            -0.04410943900613952,
            -0.0037961749470381695,
            -0.043193268151016595,
            -0.04253921959100118,
            -0.01788569017477251,
            -0.053495655820014816,
            0.03358145532862801,
            0.2071203494310812,
            0.42057381657337134,
            -0.06879835730792606,
            -0.05588354354050661,
            0.010632599737051746,
            0.06415421526418918,
            1.454815545743281
        ]
    ]
}