{
    "HF": -2.163618356625725,
    "coordinates": [
        [
            0.649263,
            0.076103,
            0.172992
        ],
        [
            1.440242,
            -0.164215,
            0.122222
        ],
        [
            2.245873,
            -0.131511,
            0.15806
        ],
        [
            2.945833,
            0.118447,
            -0.027941
        ]
    ],
    "elements": [
        "H",
        "H",
        "H",
        "H"
    ],
    "Enn": 2.887210112296584,
    "S": [
        [
            0.9999999999999999,
            0.6848602514927513,
            0.0,
            0.0,
            0.0,
            0.5007790607627378,
            0.5388280770465013,
            0.0312592686782296,
            -0.4870085696245294,
            0.14796464310054716,
            0.09388948236326407,
            0.27699781514270894,
            0.0011562771508795383,
            -0.12363539123130075,
            0.016076836619522156,
            0.009999244133358684,
            0.10733561077452473,
            0.001019478719471756,
            -0.011652163869435338,
            -0.00021484179750121701
        ],
        [
            0.6848602514927513,
            1.0000000000000002,
            0.0,
            0.0,
            0.0,
            0.5388280770465013,
            0.8611987104909183,
            0.010695900284365466,
            -0.16663841857449468,
            0.05062866583687489,
            0.27699781514270894,
            0.5685108120875956,
            0.0015446679111837298,
            -0.16516422673955602,
            0.021477008017177744,
            0.10733561077452473,
            0.3140830189202667,
            0.007523854918007058,
            -0.08599413480636565,
            -0.0015855539540448348
        ],
        [
            0.0,
            0.0,
            1.0000000000000004,
            0.0,
            0.0,
            -0.03125926867822956,
            -0.010695900284365463,
            0.40772178801191467,
            0.04279412834233652,
            -0.013001861408423776,
            -0.001156277150879539,
            -0.0015446679111837296,
            0.03453286396862765,
            0.0021386170969989898,
            -0.00027809349182101337,
            -0.001019478719471756,
            -0.00752385491800706,
            0.0009011376849591265,
            0.0012059874065612625,
            2.2235913010894545e-05
        ],
        [
            0.0,
            0.0,
            0.0,
            1.0000000000000004,
            0.0,
            0.4870085696245293,
            0.16663841857449482,
            0.04279412834233648,
            -0.2562491005611335,
            0.202564493499579,
            0.12363539123130078,
            0.165164226739556,
            0.002138617096998998,
            -0.19411961312691786,
            0.02973525649453182,
            0.011652163869435336,
            0.08599413480636564,
            0.0012059874065612618,
            -0.012777218012914865,
            -0.00025414606233635127
        ],
        [
            0.0,
            0.0,
            0.0,
            0.0,
            1.0000000000000004,
            -0.14796464310054713,
            -0.050628665836874864,
            -0.013001861408423764,
            0.202564493499579,
            0.34892473265027873,
            -0.016076836619522167,
            -0.02147700801717775,
            -0.00027809349182101456,
            0.029735256494531827,
            0.030686262913039032,
            0.00021484179750121701,
            0.0015855539540448346,
            2.2235913010894535e-05,
            -0.00025414606233635127,
            0.0010019667938907088
        ],
        [
            0.5007790607627378,
            0.5388280770465013,
            -0.0312592686782296,
            0.4870085696245293,
            -0.14796464310054716,
            0.9999999999999999,
            0.6848602514927513,
            0.0,
            0.0,
            0.0,
            0.5172869190539182,
            0.5453792430069195,
            -0.022990587078757573,
            -0.5168237529674246,
            -0.02098008147284134,
            0.11343339617551071,
            0.2994176561430513,
            0.014635622469706629,
            -0.14674228318419355,
            -0.027549624864528638
        ],
        [
            0.5388280770465013,
            0.8611987104909183,
            -0.010695900284365466,
            0.16663841857449488,
            -0.05062866583687489,
            0.6848602514927513,
            1.0000000000000002,
            0.0,
            0.0,
            0.0,
            0.5453792430069195,
            0.8677109311034746,
            -0.0076481617934261985,
            -0.1719291320330305,
            -0.006979337108438253,
            0.2994176561430513,
            0.5968403141992402,
            0.01688298621332955,
            -0.16927520158702902,
            -0.03177999007100388
        ],
        [
            0.0312592686782296,
            0.010695900284365442,
            0.40772178801191467,
            0.04279412834233647,
            -0.013001861408423762,
            0.0,
            0.0,
            1.0000000000000004,
            0.0,
            0.0,
            0.022990587078757573,
            0.007648161793426197,
            0.42788344675649675,
            -0.03218015284695038,
            -0.001306329720066215,
            -0.014635622469706622,
            -0.016882986213329534,
            0.043464690014456596,
            0.0270979935095444,
            0.00508741951924184
        ],
        [
            -0.4870085696245293,
            -0.16663841857449466,
            0.04279412834233653,
            -0.2562491005611335,
            0.202564493499579,
            0.0,
            0.0,
            0.0,
            1.0000000000000004,
            0.0,
            0.5168237529674246,
            0.1719291320330301,
            -0.03218015284695038,
            -0.2940883738762676,
            -0.029366028202094573,
            0.14674228318419355,
            0.169275201587029,
            0.02709799350954441,
            -0.2255273657767557,
            -0.05100839115757438
        ],
        [
            0.14796464310054713,
            0.05062866583687488,
            -0.013001861408423777,
            0.202564493499579,
            0.34892473265027873,
            0.0,
            0.0,
            0.0,
            0.0,
            1.0000000000000004,
            0.02098008147284136,
            0.006979337108438273,
            -0.0013063297200662162,
            -0.0293660282020946,
            0.4281228686896247,
            0.02754962486452863,
            0.03177999007100387,
            0.0050874195192418415,
            -0.05100839115757438,
            0.03659096543586348
        ],
        [
            0.09388948236326407,
            0.27699781514270894,
            -0.0011562771508795383,
            0.12363539123130075,
            -0.016076836619522156,
            0.5172869190539182,
            0.5453792430069195,
            0.022990587078757573,
            0.5168237529674246,
            0.02098008147284136,
            0.9999999999999999,
            0.6848602514927513,
            0.0,
            0.0,
            0.0,
            0.5497050438364781,
            0.5577879075122694,
            0.12886426718232905,
            -0.4849427285710453,
            -0.1731746307619884
        ],
        [
            0.27699781514270894,
            0.5685108120875956,
            -0.0015446679111837298,
            0.16516422673955602,
            -0.021477008017177744,
            0.5453792430069195,
            0.8677109311034746,
            0.0076481617934261985,
            0.1719291320330305,
            0.006979337108438274,
            0.6848602514927513,
            1.0000000000000002,
            0.0,
            0.0,
            0.0,
            0.5577879075122694,
            0.8799648294422627,
            0.04065919300407889,
            -0.15300890175394222,
            -0.054639978091050846
        ],
        [
            0.001156277150879539,
            0.0015446679111837296,
            0.03453286396862765,
            0.0021386170969989976,
            -0.00027809349182101445,
            -0.022990587078757573,
            -0.007648161793426197,
            0.42788344675649675,
            -0.03218015284695038,
            -0.0013063297200662162,
            0.0,
            0.0,
            1.0000000000000004,
            0.0,
            0.0,
            -0.12886426718232902,
            -0.040659193004078865,
            0.42481144466677245,
            0.1577569660959783,
            0.05633552736073286
        ],
        [
            -0.12363539123130078,
            -0.165164226739556,
            0.0021386170969989898,
            -0.19411961312691786,
            0.02973525649453182,
            -0.5168237529674246,
            -0.17192913203303045,
            -0.03218015284695038,
            -0.2940883738762676,
            -0.0293660282020946,
            0.0,
            0.0,
            0.0,
            1.0000000000000004,
            0.0,
            0.4849427285710453,
            0.15300890175394222,
            0.1577569660959784,
            -0.1269395490989843,
            -0.2120021705873547
        ],
        [
            0.016076836619522167,
            0.02147700801717775,
            -0.0002780934918210135,
            0.029735256494531827,
            0.030686262913039032,
            -0.020980081472841337,
            -0.006979337108438251,
            -0.001306329720066215,
            -0.029366028202094573,
            0.4281228686896247,
            0.0,
            0.0,
            0.0,
            0.0,
            1.0000000000000004,
            0.17317463076198836,
            0.05463997809105081,
            0.05633552736073287,
            -0.21200217058735463,
            0.39102567818746514
        ],
        [
            0.009999244133358684,
            0.10733561077452473,
            -0.001019478719471756,
            0.011652163869435338,
            0.00021484179750121701,
            0.11343339617551071,
            0.2994176561430513,
            -0.014635622469706629,
            0.14674228318419355,
            0.027549624864528638,
            0.5497050438364781,
            0.5577879075122694,
            -0.12886426718232905,
            0.4849427285710453,
            0.1731746307619884,
            0.9999999999999999,
            0.6848602514927513,
            0.0,
            0.0,
            0.0
        ],
        [
            0.10733561077452473,
            0.3140830189202667,
            -0.007523854918007054,
            0.08599413480636565,
            0.0015855539540448348,
            0.2994176561430513,
            0.5968403141992402,
            -0.01688298621332955,
            0.16927520158702902,
            0.03177999007100388,
            0.5577879075122694,
            0.8799648294422627,
            -0.04065919300407889,
            0.15300890175394222,
            0.054639978091050846,
            0.6848602514927513,
            1.0000000000000002,
            0.0,
            0.0,
            0.0
        ],
        [
            0.001019478719471756,
            0.007523854918007059,
            0.0009011376849591265,
            0.0012059874065612625,
            2.2235913010894545e-05,
            0.014635622469706622,
            0.016882986213329534,
            0.043464690014456596,
            0.0270979935095444,
            0.00508741951924184,
            0.12886426718232902,
            0.04065919300407886,
            0.42481144466677245,
            0.1577569660959783,
            0.05633552736073286,
            0.0,
            0.0,
            1.0000000000000004,
            0.0,
            0.0
        ],
        [
            -0.011652163869435336,
            -0.08599413480636564,
            0.0012059874065612618,
            -0.012777218012914865,
            -0.00025414606233635127,
            -0.14674228318419355,
            -0.169275201587029,
            0.02709799350954441,
            -0.2255273657767557,
            -0.05100839115757438,
            -0.4849427285710453,
            -0.15300890175394222,
            0.1577569660959784,
            -0.1269395490989843,
            -0.2120021705873547,
            0.0,
            0.0,
            0.0,
            1.0000000000000004,
            0.0
        ],
        [
            -0.00021484179750121701,
            -0.0015855539540448346,
            2.2235913010894535e-05,
            -0.00025414606233635127,
            0.0010019667938907088,
            -0.02754962486452863,
            -0.03177999007100387,
            0.0050874195192418415,
            -0.05100839115757438,
            0.03659096543586348,
            -0.17317463076198836,
            -0.05463997809105081,
            0.05633552736073287,
            -0.21200217058735463,
            0.39102567818746514,
            0.0,
            0.0,
            0.0,
            0.0,
            1.0000000000000004
        ]
    ],
    "h": [
        [
            -0.2273574867656214,
            -0.44896040193551867,
            0.01447191705218409,
            -0.243449306833664,
            0.07373424431496921,
            -0.5386048786281554,
            -0.4397844175257949,
            -0.00669593942231575,
            0.0382071577867068,
            -0.01242075451594049,
            -0.2067909197185065,
            -0.28530419781368377,
            -0.0004926016127329252,
            0.28021386869510506,
            -0.005129766997178889,
            -0.0043972388995868195,
            -0.12327420698307834,
            -0.005145186557437434,
            0.05505707873984355,
            0.005549172625942916
        ],
        [
            -0.44896040193551867,
            -0.30515121572915627,
            0.012441180141485778,
            -0.21624677195075356,
            0.06419611617321197,
            -0.5141672634112133,
            -0.3608496678125349,
            -0.016838836519622126,
            0.09730035550239563,
            -0.05897686514069975,
            -0.30650833083771634,
            -0.29684099839746714,
            0.013255043307988143,
            0.178537343454532,
            -0.007206382700473128,
            -0.12473775218481287,
            -0.18518079327404402,
            -0.019315151374897352,
            0.10552720935716263,
            0.025941593830449267
        ],
        [
            0.01447191705218409,
            0.012441180141485778,
            1.4945187129968007,
            0.01342865060649087,
            -0.0040998076894963485,
            0.002408443453140112,
            0.011041700763414444,
            0.3118807825289211,
            0.058225319189201374,
            -0.017390776829919997,
            0.007163612010147241,
            0.008925928073688435,
            -0.041785740975643956,
            -0.009786583202938934,
            0.00018644587736158153,
            0.0027818601827788825,
            0.005430500583166483,
            -0.0028522837863274434,
            -0.005127993110104305,
            -0.0003960081257061211
        ],
        [
            -0.243449306833664,
            -0.21624677195075356,
            0.01342865060649087,
            1.2697214412374551,
            0.06664343624871048,
            -0.07554048783794864,
            -0.20368975558560942,
            0.053466193895464906,
            -0.6019968930008766,
            0.2642531223225706,
            -0.20977854677415614,
            -0.16278682874220676,
            0.005302422011424965,
            0.20427330439347136,
            -0.010028099033438029,
            -0.05350502334392801,
            -0.10210066938323835,
            -0.00881085348558007,
            0.07178243982740486,
            0.008082825935885525
        ],
        [
            0.07373424431496921,
            0.06419611617321197,
            -0.0040998076894963485,
            0.06664343624871048,
            1.4753005958965801,
            0.018043958611204558,
            0.05784088281033867,
            -0.016531002851682273,
            0.27379584676071683,
            0.23423880184254753,
            0.042257122202561545,
            0.045249106952146685,
            -0.0009844572511759717,
            -0.057984408235366824,
            -0.040201424784502775,
            0.0032661440787017633,
            0.02094186933127229,
            0.0006839431134698364,
            -0.005248063903618434,
            -0.004370068612254786
        ],
        [
            -0.5386048786281554,
            -0.5141672634112133,
            0.002408443453140112,
            -0.07554048783794864,
            0.018043958611204558,
            -0.39755812926717793,
            -0.5799936034167645,
            -0.024098090319080064,
            0.018014478697555514,
            -0.07749351225434031,
            -0.4984078244623278,
            -0.4909092295216959,
            0.011391142138926537,
            0.049751558202387525,
            -0.01861483991925912,
            -0.2387826980954377,
            -0.32332138924447357,
            -0.03853794927222679,
            0.22583701756075006,
            0.05810234401661739
        ],
        [
            -0.4397844175257949,
            -0.3608496678125349,
            0.011041700763414444,
            -0.20368975558560942,
            0.05784088281033867,
            -0.5799936034167645,
            -0.43117823501932784,
            -0.018774438284638765,
            -0.01007776988857409,
            -0.06712887427644446,
            -0.49897051806398907,
            -0.40457272701618563,
            0.035145401044555435,
            0.11960737957354145,
            -0.03305826203793058,
            -0.30976726637348206,
            -0.30813136424851373,
            -0.041076161200666456,
            0.17514262186351492,
            0.057209833847063796
        ],
        [
            -0.00669593942231575,
            -0.016838836519622126,
            0.3118807825289211,
            0.053466193895464906,
            -0.016531002851682273,
            -0.024098090319080064,
            -0.018774438284638765,
            1.416986492186323,
            0.007484323373920522,
            -0.004399931684092221,
            0.0024965389046392797,
            -0.010277430413004935,
            0.3284139311797798,
            -0.03545620389685433,
            -0.0007779784331912003,
            0.008694234877049269,
            -0.004832839908618925,
            -0.04489601792100292,
            -0.0006473704064406047,
            -0.0003854556144850564
        ],
        [
            0.0382071577867068,
            0.09730035550239563,
            0.058225319189201374,
            -0.6019968930008766,
            0.27379584676071683,
            0.018014478697555514,
            -0.01007776988857409,
            0.007484323373920522,
            0.9178719730429541,
            0.05212726517616496,
            -0.06986984074805669,
            -0.13189443577466675,
            -0.021675049551004417,
            -0.7813969776768566,
            -0.06453606156203356,
            -0.3028156232336816,
            -0.1851272436628155,
            -0.04837840166122713,
            0.17687695544186033,
            0.06953843691680679
        ],
        [
            -0.01242075451594049,
            -0.05897686514069975,
            -0.017390776829919997,
            0.2642531223225706,
            0.23423880184254753,
            -0.07749351225434031,
            -0.06712887427644446,
            -0.004399931684092221,
            0.05212726517616496,
            1.3985182780688394,
            -0.02254565770958622,
            -0.043936433813992086,
            2.3198858558009725e-05,
            -0.025194498286962116,
            0.3267801832501728,
            -0.026082427772552236,
            -0.02245646289574505,
            -0.004112931810890645,
            0.0209980509774471,
            -0.039202077921685397
        ],
        [
            -0.2067909197185065,
            -0.30650833083771634,
            0.007163612010147241,
            -0.20977854677415614,
            0.042257122202561545,
            -0.4984078244623278,
            -0.49897051806398907,
            0.0024965389046392797,
            -0.06986984074805669,
            -0.02254565770958622,
            -0.43643165548535556,
            -0.594601510943078,
            0.07560715299991397,
            -0.04249714794656595,
            -0.07928589274173536,
            -0.5809416695117792,
            -0.5381316176510265,
            -0.012575880200708489,
            0.07357582059762735,
            0.02047998265890777
        ],
        [
            -0.28530419781368377,
            -0.29684099839746714,
            0.008925928073688435,
            -0.16278682874220676,
            0.045249106952146685,
            -0.4909092295216959,
            -0.40457272701618563,
            -0.010277430413004935,
            -0.13189443577466675,
            -0.043936433813992086,
            -0.594601510943078,
            -0.43087480311378457,
            0.05982875521387939,
            -0.0005402768602356389,
            -0.06303622628965828,
            -0.463693138305858,
            -0.36735938793636724,
            -0.05226198250858086,
            0.21861205556679758,
            0.07317777308193055
        ],
        [
            -0.0004926016127329252,
            0.013255043307988143,
            -0.041785740975643956,
            0.005302422011424965,
            -0.0009844572511759717,
            0.011391142138926537,
            0.035145401044555435,
            0.3284139311797798,
            -0.021675049551004417,
            2.3198858558009725e-05,
            0.07560715299991397,
            0.05982875521387939,
            1.3906952704986382,
            0.051493632400612464,
            0.020590431629691375,
            0.01199313512705058,
            0.05568279703496957,
            0.33579745766763347,
            0.21262137956401828,
            0.07667828833944279
        ],
        [
            0.28021386869510506,
            0.178537343454532,
            -0.009786583202938934,
            0.20427330439347136,
            -0.057984408235366824,
            0.049751558202387525,
            0.11960737957354145,
            -0.03545620389685433,
            -0.7813969776768566,
            -0.025194498286962116,
            -0.04249714794656595,
            -0.0005402768602356389,
            0.051493632400612464,
            0.9070066905688257,
            -0.08878643085425382,
            -0.016449705642430645,
            -0.09511081999679816,
            0.22466031799061215,
            -0.4711413075116831,
            -0.3023179239003247
        ],
        [
            -0.005129766997178889,
            -0.007206382700473128,
            0.00018644587736158153,
            -0.010028099033438029,
            -0.040201424784502775,
            -0.01861483991925912,
            -0.03305826203793058,
            -0.0007779784331912003,
            -0.06453606156203356,
            0.3267801832501728,
            -0.07928589274173536,
            -0.06303622628965828,
            0.020590431629691375,
            -0.08878643085425382,
            1.3786068476780073,
            -0.00887697394550968,
            -0.06317483784376277,
            0.07835008767287861,
            -0.2923183584144004,
            0.2884542055795828
        ],
        [
            -0.0043972388995868195,
            -0.12473775218481287,
            0.0027818601827788825,
            -0.05350502334392801,
            0.0032661440787017633,
            -0.2387826980954377,
            -0.30976726637348206,
            0.008694234877049269,
            -0.3028156232336816,
            -0.026082427772552236,
            -0.5809416695117792,
            -0.463693138305858,
            0.01199313512705058,
            -0.016449705642430645,
            -0.00887697394550968,
            -0.26947717348432243,
            -0.46790890203173496,
            -0.06862170290184516,
            0.26500320040208725,
            0.09442443711319011
        ],
        [
            -0.12327420698307834,
            -0.18518079327404402,
            0.005430500583166483,
            -0.10210066938323835,
            0.02094186933127229,
            -0.32332138924447357,
            -0.30813136424851373,
            -0.004832839908618925,
            -0.1851272436628155,
            -0.02245646289574505,
            -0.5381316176510265,
            -0.36735938793636724,
            0.05568279703496957,
            -0.09511081999679816,
            -0.06317483784376277,
            -0.46790890203173496,
            -0.31321285960761736,
            -0.05682831543949385,
            0.2261396126088479,
            0.07878945632555351
        ],
        [
            -0.005145186557437434,
            -0.019315151374897352,
            -0.0028522837863274434,
            -0.00881085348558007,
            0.0006839431134698364,
            -0.03853794927222679,
            -0.041076161200666456,
            -0.04489601792100292,
            -0.04837840166122713,
            -0.004112931810890645,
            -0.012575880200708489,
            -0.05226198250858086,
            0.33579745766763347,
            0.22466031799061215,
            0.07835008767287861,
            -0.06862170290184516,
            -0.05682831543949385,
            1.4617589031127693,
            0.060498263174705864,
            0.021437497109077313
        ],
        [
            0.05505707873984355,
            0.10552720935716263,
            -0.005127993110104305,
            0.07178243982740486,
            -0.005248063903618434,
            0.22583701756075006,
            0.17514262186351492,
            -0.0006473704064406047,
            0.17687695544186033,
            0.0209980509774471,
            0.07357582059762735,
            0.21861205556679758,
            0.21262137956401828,
            -0.4711413075116831,
            -0.2923183584144004,
            0.26500320040208725,
            0.2261396126088479,
            0.060498263174705864,
            1.2380660585621959,
            -0.08293801445253707
        ],
        [
            0.005549172625942916,
            0.025941593830449267,
            -0.0003960081257061211,
            0.008082825935885525,
            -0.004370068612254786,
            0.05810234401661739,
            0.057209833847063796,
            -0.0003854556144850564,
            0.06953843691680679,
            -0.039202077921685397,
            0.02047998265890777,
            0.07317777308193055,
            0.07667828833944279,
            -0.3023179239003247,
            0.2884542055795828,
            0.09442443711319011,
            0.07878945632555351,
            0.021437497109077313,
            -0.08293801445253707,
            1.4483547646956638
        ]
    ]
}