{
    "HF": -2.0990345728525766,
    "coordinates": [
        [
            0.74822,
            -0.090569,
            0.072329
        ],
        [
            1.499587,
            0.187952,
            -0.091626
        ],
        [
            2.167355,
            0.087199,
            -0.188161
        ],
        [
            2.815521,
            0.063792,
            -0.18367
        ]
    ],
    "elements": [
        "H",
        "H",
        "H",
        "H"
    ],
    "Enn": 3.2552784750546246,
    "S": [
        [
            0.9999999999999999,
            0.6848602514927513,
            0.0,
            0.0,
            0.0,
            0.5088036078139885,
            0.5420329421222577,
            0.10300027080865609,
            -0.4720258880588424,
            -0.17497324525569635,
            0.1411112325538512,
            0.32736146764996626,
            0.03313692949219053,
            -0.180528144784444,
            -0.02261386495438491,
            0.021669301492309834,
            0.149519826126784,
            0.003340174158559048,
            -0.026973329498018648,
            -0.0020140415520737698
        ],
        [
            0.6848602514927513,
            1.0000000000000002,
            0.0,
            0.0,
            0.0,
            0.5420329421222575,
            0.8643882645015332,
            0.034760372081497265,
            -0.15929856661741537,
            -0.05904970017694296,
            0.3273614676499663,
            0.6310485145545501,
            0.03222035008239589,
            -0.17553467125103034,
            -0.02198835730142173,
            0.14951982612678397,
            0.3865728785642067,
            0.013679865143479535,
            -0.11047073969421889,
            -0.008248616843865181
        ],
        [
            0.0,
            0.0,
            1.0000000000000004,
            0.0,
            0.0,
            -0.10300027080865606,
            -0.03476037208149722,
            0.3903273242670381,
            0.13420107614436982,
            0.049746419431257995,
            -0.03313692949219052,
            -0.03222035008239587,
            0.053016619167940156,
            0.06176146002900308,
            0.0077365516504319986,
            -0.0033401741585590465,
            -0.013679865143479521,
            0.0028794490851754935,
            0.004767373330038851,
            0.0003559696989447242
        ],
        [
            0.0,
            0.0,
            0.0,
            1.0000000000000004,
            0.0,
            0.4720258880588424,
            0.15929856661741534,
            0.13420107614436994,
            -0.1954006024501154,
            -0.22797607836788175,
            0.180528144784444,
            0.1755346712510302,
            0.06176146002900306,
            -0.27211971824292197,
            -0.042148302147628755,
            0.026973329498018648,
            0.11047073969421894,
            0.004767373330038852,
            -0.03502876617759853,
            -0.0028746069890824857
        ],
        [
            0.0,
            0.0,
            0.0,
            0.0,
            1.0000000000000004,
            0.17497324525569638,
            0.05904970017694299,
            0.04974641943125803,
            -0.22797607836788172,
            0.3351037279634334,
            0.022613864954384912,
            0.02198835730142174,
            0.007736551650432001,
            -0.04214830214762878,
            0.05907356466415816,
            0.0020140415520737698,
            0.008248616843865181,
            0.0003559696989447242,
            -0.002874606989082485,
            0.003255163891908937
        ],
        [
            0.5088036078139885,
            0.5420329421222577,
            -0.10300027080865609,
            0.4720258880588424,
            0.17497324525569635,
            0.9999999999999999,
            0.6848602514927513,
            0.0,
            0.0,
            0.0,
            0.6176485693313627,
            0.5820124609012635,
            0.07748435573678567,
            -0.5359877066519079,
            0.08086995694357868,
            0.1921412859529431,
            0.37088896255670234,
            0.017098051430093377,
            -0.24444729923306777,
            0.02306390493199332
        ],
        [
            0.5420329421222575,
            0.8643882645015332,
            -0.034760372081497265,
            0.15929856661741537,
            0.05904970017694296,
            0.6848602514927513,
            1.0000000000000002,
            0.0,
            0.0,
            0.0,
            0.5820124609012635,
            0.9035923484044671,
            0.022081857041536694,
            -0.1527483038578016,
            0.02304670163677367,
            0.37088896255670234,
            0.6822053738825691,
            0.01301099125813521,
            -0.1860154466372915,
            0.017550787390922463
        ],
        [
            0.10300027080865606,
            0.03476037208149722,
            0.3903273242670381,
            0.1342010761443699,
            0.049746419431257995,
            0.0,
            0.0,
            1.0000000000000004,
            0.0,
            0.0,
            -0.07748435573678567,
            -0.02208185704153669,
            0.5333389518728849,
            0.09147074603833454,
            -0.013801128648872537,
            -0.017098051430093363,
            -0.013010991258135193,
            0.10014716686441233,
            0.032200254934884445,
            -0.0030381338674395934
        ],
        [
            -0.4720258880588423,
            -0.15929856661741534,
            0.13420107614436985,
            -0.1954006024501154,
            -0.2279760783678816,
            0.0,
            0.0,
            0.0,
            1.0000000000000004,
            0.0,
            0.5359877066519074,
            0.15274830385780158,
            0.09147074603833454,
            -0.08617439838499533,
            0.095467468540947,
            0.24444729923306766,
            0.1860154466372917,
            0.032200254934884445,
            -0.3579609360650071,
            0.04343557051752698
        ],
        [
            -0.17497324525569638,
            -0.05904970017694299,
            0.04974641943125803,
            -0.22797607836788186,
            0.3351037279634334,
            0.0,
            0.0,
            0.0,
            0.0,
            1.0000000000000004,
            -0.08086995694357868,
            -0.023046701636773668,
            -0.013801128648872542,
            0.09546746854094704,
            0.5321581444830498,
            -0.02306390493199331,
            -0.01755078739092244,
            -0.003038133867439593,
            0.04343557051752697,
            0.0983012382918322
        ],
        [
            0.1411112325538512,
            0.32736146764996626,
            -0.03313692949219053,
            0.180528144784444,
            0.02261386495438491,
            0.6176485693313627,
            0.5820124609012635,
            -0.07748435573678567,
            0.5359877066519079,
            -0.08086995694357868,
            0.9999999999999999,
            0.6848602514927513,
            0.0,
            0.0,
            0.0,
            0.6450927772649725,
            0.5911772105700506,
            -0.0038073795299927034,
            -0.5495021065324519,
            0.019843984114571132
        ],
        [
            0.3273614676499663,
            0.6310485145545501,
            -0.032220350082395884,
            0.17553467125103034,
            0.02198835730142173,
            0.5820124609012635,
            0.9035923484044671,
            -0.022081857041536694,
            0.1527483038578016,
            -0.02304670163677367,
            0.6848602514927513,
            1.0000000000000002,
            0.0,
            0.0,
            0.0,
            0.5911772105700506,
            0.9124332184734136,
            -0.0010445654676166061,
            -0.15075747514655743,
            0.005444253818860429
        ],
        [
            0.03313692949219052,
            0.03222035008239586,
            0.053016619167940156,
            0.06176146002900306,
            0.0077365516504319986,
            0.07748435573678567,
            0.02208185704153669,
            0.5333389518728849,
            0.09147074603833454,
            -0.013801128648872542,
            0.0,
            0.0,
            1.0000000000000004,
            0.0,
            0.0,
            0.003807379529992703,
            0.001044565467616606,
            0.5791817780772169,
            -0.004377227077765031,
            0.00015807332413185214
        ],
        [
            -0.18052814478444393,
            -0.1755346712510303,
            0.06176146002900308,
            -0.2721197182429219,
            -0.04214830214762877,
            -0.5359877066519074,
            -0.15274830385780158,
            0.09147074603833454,
            -0.08617439838499533,
            0.09546746854094704,
            0.0,
            0.0,
            0.0,
            1.0000000000000004,
            0.0,
            0.5495021065324519,
            0.15075747514655818,
            -0.004377227077765025,
            -0.05253355464137311,
            0.022814017859996833
        ],
        [
            -0.022613864954384912,
            -0.02198835730142174,
            0.007736551650432001,
            -0.04214830214762877,
            0.05907356466415816,
            0.08086995694357868,
            0.023046701636773668,
            -0.013801128648872537,
            0.095467468540947,
            0.5321581444830498,
            0.0,
            0.0,
            0.0,
            0.0,
            1.0000000000000004,
            -0.019843984114571143,
            -0.005444253818860416,
            0.00015807332413185222,
            0.022814017859996885,
            0.5783882319960545
        ],
        [
            0.021669301492309834,
            0.149519826126784,
            -0.003340174158559048,
            0.026973329498018648,
            0.0020140415520737698,
            0.1921412859529431,
            0.37088896255670234,
            -0.01709805143009337,
            0.24444729923306766,
            -0.023063904931993322,
            0.6450927772649725,
            0.5911772105700506,
            0.0038073795299927034,
            0.5495021065324519,
            -0.019843984114571146,
            0.9999999999999999,
            0.6848602514927513,
            0.0,
            0.0,
            0.0
        ],
        [
            0.14951982612678397,
            0.3865728785642067,
            -0.01367986514347953,
            0.11047073969421899,
            0.008248616843865178,
            0.37088896255670234,
            0.6822053738825691,
            -0.013010991258135195,
            0.18601544663729172,
            -0.01755078739092247,
            0.5911772105700506,
            0.9124332184734136,
            0.0010445654676166061,
            0.1507574751465582,
            -0.0054442538188604166,
            0.6848602514927513,
            1.0000000000000002,
            0.0,
            0.0,
            0.0
        ],
        [
            0.0033401741585590465,
            0.013679865143479521,
            0.0028794490851754935,
            0.004767373330038852,
            0.0003559696989447242,
            0.017098051430093363,
            0.013010991258135207,
            0.10014716686441233,
            0.032200254934884445,
            -0.003038133867439594,
            -0.003807379529992703,
            -0.001044565467616606,
            0.5791817780772169,
            -0.004377227077765025,
            0.00015807332413185222,
            0.0,
            0.0,
            1.0000000000000004,
            0.0,
            0.0
        ],
        [
            -0.026973329498018648,
            -0.11047073969421886,
            0.004767373330038851,
            -0.03502876617759853,
            -0.002874606989082485,
            -0.24444729923306754,
            -0.18601544663729147,
            0.032200254934884445,
            -0.3579609360650071,
            0.043435570517526986,
            -0.5495021065324519,
            -0.15075747514655818,
            -0.004377227077765031,
            -0.05253355464137311,
            0.022814017859996885,
            0.0,
            0.0,
            0.0,
            1.0000000000000004,
            0.0
        ],
        [
            -0.0020140415520737698,
            -0.00824861684386518,
            0.0003559696989447242,
            -0.0028746069890824857,
            0.003255163891908937,
            0.023063904931993312,
            0.017550787390922445,
            -0.0030381338674395925,
            0.04343557051752696,
            0.0983012382918322,
            0.01984398411457113,
            0.005444253818860428,
            0.00015807332413185214,
            0.022814017859996833,
            0.5783882319960545,
            0.0,
            0.0,
            0.0,
            0.0,
            1.0000000000000004
        ]
    ],
    "h": [
        [
            -0.23581970861797008,
            -0.45421461246464745,
            0.053710446033225195,
            -0.24506008312388455,
            -0.08778446369470688,
            -0.5508432552132789,
            -0.44223087428740315,
            -0.00656561086315105,
            0.03418844620584727,
            0.023117746728102018,
            -0.2709683340103535,
            -0.31745915381852724,
            -0.04994274098582899,
            0.32893558822474944,
            -0.004951512114107701,
            -0.03458329059292211,
            -0.1647276508967272,
            -0.00982374259671237,
            0.10579176693691829,
            -0.0005046062042988169
        ],
        [
            -0.45421461246464745,
            -0.3105105197168565,
            0.047553573269361285,
            -0.2189871503711063,
            -0.07571134480814493,
            -0.5377923813731418,
            -0.36806413700388285,
            -0.023349746916914965,
            0.06943874343379874,
            0.08478013851341129,
            -0.3723926395219718,
            -0.320784547992375,
            -0.03716847842461116,
            0.20151975846002693,
            -0.019327740419165115,
            -0.17484838868329095,
            -0.22168860102522148,
            -0.00605500317131754,
            0.1578625100873425,
            -0.006812764641955262
        ],
        [
            0.053710446033225195,
            0.047553573269361285,
            1.4898134572919466,
            0.048189490875185995,
            0.016810623743472614,
            0.019114123168828323,
            0.04495822297751779,
            0.2860132324893255,
            0.1882858564756404,
            0.06335684052936233,
            0.05005013899980022,
            0.037983748954561254,
            -0.03989599390669556,
            -0.03892874211249474,
            0.004493442475708639,
            0.015473167569597929,
            0.025267135598139763,
            -0.007819772654745837,
            -0.02271096774316837,
            -0.00022494395875706464
        ],
        [
            -0.24506008312388455,
            -0.2189871503711063,
            0.048189490875185995,
            1.27667746152752,
            -0.07708699569962695,
            -0.0943679691753817,
            -0.21100082722526237,
            0.1854702266922112,
            -0.5459822875057585,
            -0.2882584561540238,
            -0.25286605409944996,
            -0.1790188121062672,
            -0.02660095424381273,
            0.12755090023972493,
            -0.022783764452331337,
            -0.09845716174785829,
            -0.12808798370430427,
            -0.013544924835834946,
            0.1382388109758959,
            0.0028834661849030507
        ],
        [
            -0.08778446369470688,
            -0.07571134480814493,
            0.016810623743472614,
            -0.07708699569962695,
            1.4722045255932696,
            -0.021570635189568588,
            -0.06809387086225402,
            0.0678941334483895,
            -0.31372470852317086,
            0.21559066906683577,
            -0.06033676300810303,
            -0.05850554691812411,
            -0.010386216043222705,
            0.06787986649013371,
            -0.0508151729526152,
            -0.012926422094112445,
            -0.033783485320297374,
            -0.0017941717792721347,
            0.021117514846051035,
            -0.009966284537223728
        ],
        [
            -0.5508432552132789,
            -0.5377923813731418,
            0.019114123168828323,
            -0.0943679691753817,
            -0.021570635189568588,
            -0.4766779196651785,
            -0.6181492310580909,
            -0.0077267551685884246,
            -0.06715115615453005,
            0.12304979978010797,
            -0.6156518673590037,
            -0.5572368666065668,
            -0.01656408351824004,
            0.019712446566743314,
            0.008152197681266127,
            -0.3580995753228714,
            -0.4068323292006639,
            -0.01044212973165463,
            0.3198172391487395,
            -0.019402009417876155
        ],
        [
            -0.44223087428740315,
            -0.36806413700388285,
            0.04495822297751779,
            -0.21100082722526237,
            -0.06809387086225402,
            -0.6181492310580909,
            -0.4428546437688903,
            -0.006460049799118517,
            -0.06456960137148637,
            0.10057853121824302,
            -0.5783061046567133,
            -0.4273248700320442,
            -0.04103569301147486,
            0.12579596211280997,
            -0.0216021066281857,
            -0.37754083405608696,
            -0.3408706456248347,
            -0.0030302595964595315,
            0.24542458279364998,
            -0.012387783048009582
        ],
        [
            -0.00656561086315105,
            -0.023349746916914965,
            0.2860132324893255,
            0.1854702266922112,
            0.0678941334483895,
            -0.0077267551685884246,
            -0.006460049799118517,
            1.3740970414934532,
            0.0956747723847444,
            0.010087055986300657,
            0.002420086742290023,
            0.012828347560187095,
            0.47243316458690443,
            0.16589713696544883,
            -0.019898412812113866,
            0.04533986835080094,
            0.025469922442479812,
            -0.04177110065630438,
            -0.024647207309488328,
            0.0008709857271972541
        ],
        [
            0.03418844620584727,
            0.06943874343379874,
            0.1882858564756404,
            -0.5459822875057585,
            -0.31372470852317086,
            -0.06715115615453005,
            -0.06456960137148637,
            0.0956747723847444,
            0.8024256176000764,
            -0.03099253685372376,
            -0.09660513852714514,
            -0.1771471002611848,
            0.14489549881496303,
            -0.6425216924693312,
            0.13821267824474148,
            -0.39158569403991467,
            -0.22930564873125808,
            0.012751156721241955,
            0.07328536829071841,
            0.0018994059328196478
        ],
        [
            0.023117746728102018,
            0.08478013851341129,
            0.06335684052936233,
            -0.2882584561540238,
            0.21559066906683577,
            0.12304979978010797,
            0.10057853121824302,
            0.010087055986300657,
            -0.03099253685372376,
            1.3565118890757577,
            0.02935412945632243,
            0.07597342271529907,
            -0.014477743077936762,
            0.11427168362986018,
            0.4725982292832758,
            0.0382003280920231,
            0.04859981496868273,
            -0.00027492179384944887,
            -0.027932841445361734,
            -0.040328636611754703
        ],
        [
            -0.2709683340103535,
            -0.3723926395219718,
            0.05005013899980022,
            -0.25286605409944996,
            -0.06033676300810303,
            -0.6156518673590037,
            -0.5783061046567133,
            0.002420086742290023,
            -0.09660513852714514,
            0.02935412945632243,
            -0.5917444787531925,
            -0.6585194500345916,
            -0.04173221071759936,
            -0.057084267162447716,
            -0.029317780886307127,
            -0.6717425015924228,
            -0.6004373919355339,
            -0.0055245396694565,
            0.10569808604445607,
            -0.010907101553406795
        ],
        [
            -0.31745915381852724,
            -0.320784547992375,
            0.037983748954561254,
            -0.1790188121062672,
            -0.05850554691812411,
            -0.5572368666065668,
            -0.4273248700320442,
            0.012828347560187095,
            -0.1771471002611848,
            0.07597342271529907,
            -0.6585194500345916,
            -0.44440474685520637,
            -0.03596892279854209,
            0.0017001879297464523,
            -0.021288106279149094,
            -0.5057843923460272,
            -0.37937796471786256,
            -0.0028351372116319157,
            0.28800039133782906,
            -0.015608099816490556
        ],
        [
            -0.04994274098582899,
            -0.03716847842461116,
            -0.03989599390669556,
            -0.02660095424381273,
            -0.010386216043222705,
            -0.01656408351824004,
            -0.04103569301147486,
            0.47243316458690443,
            0.14489549881496303,
            -0.014477743077936762,
            -0.04173221071759936,
            -0.03596892279854209,
            1.350443831411926,
            0.04909470886006098,
            -0.005519359100520375,
            -0.005755704694904464,
            -0.020641242448080646,
            0.5567565926081375,
            0.008771125378468764,
            -0.0009061587133885149
        ],
        [
            0.32893558822474944,
            0.20151975846002693,
            -0.03892874211249474,
            0.12755090023972493,
            0.06787986649013371,
            0.019712446566743314,
            0.12579596211280997,
            0.16589713696544883,
            -0.6425216924693312,
            0.11427168362986018,
            -0.057084267162447716,
            0.0017001879297464523,
            0.04909470886006098,
            0.6841292045333205,
            0.0487895429594689,
            0.020041420277348898,
            -0.09916418178837688,
            -0.0014298689812751132,
            -0.4590658231651682,
            0.037713251524918646
        ],
        [
            -0.004951512114107701,
            -0.019327740419165115,
            0.004493442475708639,
            -0.022783764452331337,
            -0.0508151729526152,
            0.008152197681266127,
            -0.0216021066281857,
            -0.019898412812113866,
            0.13821267824474148,
            0.4725982292832758,
            -0.029317780886307127,
            -0.021288106279149094,
            -0.005519359100520375,
            0.0487895429594689,
            1.3510832490182763,
            -0.013745966164780472,
            -0.01279506032544062,
            -0.00042138718681641695,
            0.04934739934612665,
            0.5554160941998021
        ],
        [
            -0.03458329059292211,
            -0.17484838868329095,
            0.015473167569597929,
            -0.09845716174785829,
            -0.012926422094112445,
            -0.3580995753228714,
            -0.37754083405608696,
            0.04533986835080094,
            -0.39158569403991467,
            0.0382003280920231,
            -0.6717425015924228,
            -0.5057843923460272,
            -0.005755704694904464,
            0.020041420277348898,
            -0.013745966164780472,
            -0.3645213784221635,
            -0.5068448999063595,
            0.001298975973673195,
            0.3636136136538586,
            -0.01753841300138636
        ],
        [
            -0.1647276508967272,
            -0.22168860102522148,
            0.025267135598139763,
            -0.12808798370430427,
            -0.033783485320297374,
            -0.4068323292006639,
            -0.3408706456248347,
            0.025469922442479812,
            -0.22930564873125808,
            0.04859981496868273,
            -0.6004373919355339,
            -0.37937796471786256,
            -0.020641242448080646,
            -0.09916418178837688,
            -0.01279506032544062,
            -0.5068448999063595,
            -0.32689471181441654,
            -0.0006852391064515496,
            0.2871887347819013,
            -0.014830341110428458
        ],
        [
            -0.00982374259671237,
            -0.00605500317131754,
            -0.007819772654745837,
            -0.013544924835834946,
            -0.0017941717792721347,
            -0.01044212973165463,
            -0.0030302595964595315,
            -0.04177110065630438,
            0.012751156721241955,
            -0.00027492179384944887,
            -0.0055245396694565,
            -0.0028351372116319157,
            0.5567565926081375,
            -0.0014298689812751132,
            -0.00042138718681641695,
            0.001298975973673195,
            -0.0006852391064515496,
            1.4485769255513328,
            0.0008537994597039101,
            -0.00021334029400420164
        ],
        [
            0.10579176693691829,
            0.1578625100873425,
            -0.02271096774316837,
            0.1382388109758959,
            0.021117514846051035,
            0.3198172391487395,
            0.24542458279364998,
            -0.024647207309488328,
            0.07328536829071841,
            -0.027932841445361734,
            0.10569808604445607,
            0.28800039133782906,
            0.008771125378468764,
            -0.4590658231651682,
            0.04934739934612665,
            0.3636136136538586,
            0.2871887347819013,
            0.0008537994597039101,
            1.0892347002382021,
            0.016562071217680063
        ],
        [
            -0.0005046062042988169,
            -0.006812764641955262,
            -0.00022494395875706464,
            0.0028834661849030507,
            -0.009966284537223728,
            -0.019402009417876155,
            -0.012387783048009582,
            0.0008709857271972541,
            0.0018994059328196478,
            -0.040328636611754703,
            -0.010907101553406795,
            -0.015608099816490556,
            -0.0009061587133885149,
            0.037713251524918646,
            0.5554160941998021,
            -0.01753841300138636,
            -0.014830341110428458,
            -0.00021334029400420164,
            0.016562071217680063,
            1.4478557078985805
        ]
    ]
}