{
    "HF": -2.167642364636104,
    "coordinates": [
        [
            0.728078,
            0.057448,
            0.129485
        ],
        [
            1.541482,
            -0.193561,
            0.005057
        ],
        [
            2.360404,
            -0.064639,
            -0.101442
        ],
        [
            3.125628,
            0.077611,
            0.19132
        ]
    ],
    "elements": [
        "H",
        "H",
        "H",
        "H"
    ],
    "Enn": 2.752404296979227,
    "S": [
        [
            0.9999999999999999,
            0.6848602514927513,
            0.0,
            0.0,
            0.0,
            0.47612341133534364,
            0.5287311761824055,
            0.07186653075512103,
            -0.46980200262270916,
            0.14497658098106678,
            0.08342451366834505,
            0.2637839747479326,
            0.015490750778445549,
            -0.109497612904411,
            0.008189684576892621,
            0.0070354750315385,
            0.09224473853348096,
            -0.0002039056688185881,
            -0.007906105543397853,
            -6.648904342830425e-05
        ],
        [
            0.6848602514927513,
            1.0000000000000002,
            0.0,
            0.0,
            0.0,
            0.5287311761824055,
            0.8511025261873909,
            0.025689592826754717,
            -0.16793661847537206,
            0.051823697285585876,
            0.2637839747479326,
            0.5514069998527187,
            0.022671052771392815,
            -0.1602521527847181,
            0.011985782605329972,
            0.09224473853348097,
            0.2856207570670104,
            -0.0019677530740836355,
            -0.07629637556026893,
            -0.0006416399326069133
        ],
        [
            0.0,
            0.0,
            1.0000000000000004,
            0.0,
            0.0,
            -0.07186653075512103,
            -0.02568959282675472,
            0.36723497250868803,
            0.1005350369020568,
            -0.0310241885677331,
            -0.015490750778445549,
            -0.022671052771392797,
            0.02481483347642595,
            0.028186607316487217,
            -0.002108168544425547,
            0.00020390566881858842,
            0.0019677530740836386,
            0.0005658608960577057,
            -0.00021997659578595755,
            -1.8499668832067174e-06
        ],
        [
            0.0,
            0.0,
            0.0,
            1.0000000000000004,
            0.0,
            0.4698020026227091,
            0.16793661847537203,
            0.1005350369020568,
            -0.2745981986947755,
            0.202809649578458,
            0.10949761290441096,
            0.1602521527847178,
            0.028186607316487217,
            -0.17043686736056698,
            0.014901758250217492,
            0.00790610554339786,
            0.07629637556026886,
            -0.00021997659578595766,
            -0.007957694901268901,
            -7.17294105414776e-05
        ],
        [
            0.0,
            0.0,
            0.0,
            0.0,
            1.0000000000000004,
            -0.14497658098106675,
            -0.05182369728558585,
            -0.0310241885677331,
            0.202809649578458,
            0.3200288194047076,
            -0.008189684576892618,
            -0.011985782605329964,
            -0.0021081685444255464,
            0.014901758250217488,
            0.027687873364463104,
            6.648904342830438e-05,
            0.0006416399326069116,
            -1.8499668832067172e-06,
            -7.172941054147754e-05,
            0.0005709310604737459
        ],
        [
            0.47612341133534364,
            0.5287311761824055,
            -0.07186653075512103,
            0.46980200262270916,
            -0.14497658098106678,
            0.9999999999999999,
            0.6848602514927513,
            0.0,
            0.0,
            0.0,
            0.4949057412403406,
            0.5364575120672049,
            0.06459952905876809,
            -0.4967368288515805,
            -0.07820073883618156,
            0.09190914647851664,
            0.2745697925948273,
            -0.014054641064198199,
            -0.11953315163658547,
            -0.02046152551317629
        ],
        [
            0.5287311761824055,
            0.8511025261873909,
            -0.025689592826754724,
            0.16793661847537206,
            -0.05182369728558587,
            0.6848602514927513,
            1.0000000000000002,
            0.0,
            0.0,
            0.0,
            0.5364575120672049,
            0.8588348251154981,
            0.022331162702760404,
            -0.1717150435484834,
            -0.0270329125904025,
            0.2745697925948273,
            0.5653915750362971,
            -0.019087614277280198,
            -0.1623380263761257,
            -0.02778880689561872
        ],
        [
            0.07186653075512103,
            0.02568959282675472,
            0.36723497250868803,
            0.1005350369020568,
            -0.0310241885677331,
            0.0,
            0.0,
            1.0000000000000004,
            0.0,
            0.0,
            -0.06459952905876806,
            -0.022331162702760383,
            0.3919099571777008,
            0.0914295775014522,
            0.014393658969526065,
            0.014054641064198195,
            0.019087614277280198,
            0.03042657623960525,
            -0.025615306536658746,
            -0.004384794017823374
        ],
        [
            -0.4698020026227091,
            -0.16793661847537203,
            0.1005350369020568,
            -0.2745981986947755,
            0.202809649578458,
            0.0,
            0.0,
            0.0,
            1.0000000000000004,
            0.0,
            0.4967368288515805,
            0.17171504354848335,
            0.0914295775014522,
            -0.2992457951671112,
            -0.11067976216342147,
            0.11953315163658547,
            0.16233802637612582,
            -0.025615306536658757,
            -0.18441690992392706,
            -0.03729218311827271
        ],
        [
            0.14497658098106675,
            0.05182369728558583,
            -0.0310241885677331,
            0.202809649578458,
            0.3200288194047076,
            0.0,
            0.0,
            0.0,
            0.0,
            1.0000000000000004,
            0.07820073883618153,
            0.027032912590402493,
            0.014393658969526062,
            -0.11067976216342146,
            0.3863759774784065,
            0.020461525513176277,
            0.0277888068956187,
            -0.004384794017823374,
            -0.03729218311827269,
            0.027054783463490814
        ],
        [
            0.08342451366834505,
            0.2637839747479326,
            -0.015490750778445549,
            0.109497612904411,
            -0.008189684576892621,
            0.4949057412403406,
            0.5364575120672049,
            -0.06459952905876809,
            0.4967368288515805,
            0.07820073883618157,
            0.9999999999999999,
            0.6848602514927513,
            0.0,
            0.0,
            0.0,
            0.49819332806515143,
            0.5377870492284218,
            -0.17907687644312092,
            -0.46807278164280447,
            -0.08701158508971096
        ],
        [
            0.2637839747479326,
            0.5514069998527187,
            -0.022671052771392815,
            0.16025215278471794,
            -0.011985782605329972,
            0.5364575120672049,
            0.8588348251154981,
            -0.02233116270276041,
            0.1717150435484834,
            0.0270329125904025,
            0.6848602514927513,
            1.0000000000000002,
            0.0,
            0.0,
            0.0,
            0.5377870492284218,
            0.860161104254864,
            -0.061550022885885854,
            -0.16088001418500042,
            -0.02990651367157374
        ],
        [
            0.015490750778445549,
            0.022671052771392797,
            0.02481483347642595,
            0.028186607316487217,
            -0.002108168544425547,
            0.06459952905876806,
            0.022331162702760376,
            0.3919099571777008,
            0.0914295775014522,
            0.014393658969526062,
            0.0,
            0.0,
            1.0000000000000004,
            0.0,
            0.0,
            0.17907687644312098,
            0.061550022885885895,
            0.31684826140445055,
            -0.2370256738659927,
            -0.0440614801776179
        ],
        [
            -0.10949761290441096,
            -0.16025215278471772,
            0.028186607316487217,
            -0.17043686736056698,
            0.014901758250217492,
            -0.4967368288515805,
            -0.17171504354848335,
            0.0914295775014522,
            -0.2992457951671112,
            -0.11067976216342146,
            0.0,
            0.0,
            0.0,
            1.0000000000000004,
            0.0,
            0.4680727816428045,
            0.16088001418500042,
            -0.23702567386599296,
            -0.2120095299941242,
            -0.11516830089778557
        ],
        [
            0.008189684576892618,
            0.011985782605329964,
            -0.0021081685444255464,
            0.014901758250217488,
            0.027687873364463104,
            -0.07820073883618156,
            -0.027032912590402493,
            0.014393658969526065,
            -0.11067976216342147,
            0.3863759774784065,
            0.0,
            0.0,
            0.0,
            0.0,
            1.0000000000000004,
            0.08701158508971095,
            0.02990651367157374,
            -0.0440614801776179,
            -0.11516830089778544,
            0.3861213363859537
        ],
        [
            0.0070354750315385,
            0.09224473853348096,
            0.00020390566881858823,
            0.007906105543397853,
            6.648904342830432e-05,
            0.09190914647851664,
            0.2745697925948273,
            0.014054641064198199,
            0.11953315163658547,
            0.02046152551317629,
            0.49819332806515143,
            0.5377870492284218,
            0.17907687644312092,
            0.4680727816428051,
            0.08701158508971096,
            0.9999999999999999,
            0.6848602514927513,
            0.0,
            0.0,
            0.0
        ],
        [
            0.09224473853348097,
            0.2856207570670104,
            0.0019677530740836386,
            0.07629637556026887,
            0.0006416399326069117,
            0.2745697925948273,
            0.5653915750362971,
            0.01908761427728021,
            0.16233802637612588,
            0.02778880689561871,
            0.5377870492284218,
            0.860161104254864,
            0.061550022885885874,
            0.16088001418500042,
            0.02990651367157374,
            0.6848602514927513,
            1.0000000000000002,
            0.0,
            0.0,
            0.0
        ],
        [
            -0.00020390566881858831,
            -0.001967753074083635,
            0.0005658608960577057,
            -0.00021997659578595763,
            -1.849966883206717e-06,
            -0.014054641064198195,
            -0.019087614277280195,
            0.03042657623960525,
            -0.025615306536658746,
            -0.004384794017823374,
            -0.17907687644312098,
            -0.061550022885885895,
            0.31684826140445055,
            -0.23702567386599296,
            -0.0440614801776179,
            0.0,
            0.0,
            1.0000000000000004,
            0.0,
            0.0
        ],
        [
            -0.00790610554339786,
            -0.07629637556026891,
            -0.00021997659578595758,
            -0.007957694901268901,
            -7.172941054147754e-05,
            -0.11953315163658547,
            -0.16233802637612565,
            -0.025615306536658757,
            -0.18441690992392706,
            -0.03729218311827271,
            -0.4680727816428045,
            -0.16088001418500042,
            -0.2370256738659927,
            -0.2120095299941243,
            -0.11516830089778544,
            0.0,
            0.0,
            0.0,
            1.0000000000000004,
            0.0
        ],
        [
            -6.648904342830431e-05,
            -0.0006416399326069132,
            -1.8499668832067179e-06,
            -7.17294105414776e-05,
            0.0005709310604737459,
            -0.020461525513176277,
            -0.0277888068956187,
            -0.004384794017823374,
            -0.03729218311827269,
            0.027054783463490814,
            -0.08701158508971095,
            -0.02990651367157374,
            -0.0440614801776179,
            -0.11516830089778557,
            0.3861213363859537,
            0.0,
            0.0,
            0.0,
            0.0,
            1.0000000000000004
        ]
    ],
    "h": [
        [
            -0.21185412775364498,
            -0.4415030323230733,
            0.035621709583851795,
            -0.22480729505272218,
            0.06819326008583347,
            -0.5211601000460759,
            -0.43135852313874534,
            -0.002548099690192346,
            0.0466229734062491,
            -0.018772175647688183,
            -0.19081697707713136,
            -0.27350969531085384,
            -0.02546733062444774,
            0.25927612211538786,
            0.012501976196016958,
            0.004604620347116142,
            -0.105861856807182,
            0.0027897587836171406,
            0.041509686139980004,
            0.0037241401621673125
        ],
        [
            -0.4415030323230733,
            -0.30344240403274414,
            0.03233874488831316,
            -0.20432451795898904,
            0.06048468882254129,
            -0.5014613832259338,
            -0.3589843156589785,
            -0.014348864025891958,
            0.09555049651203484,
            -0.06686455803622293,
            -0.29027271561829593,
            -0.2901514368766741,
            -0.032133046633877296,
            0.17021874095894737,
            0.0176013314911527,
            -0.1062865139837711,
            -0.17045217988402628,
            0.021819631267576307,
            0.09189640395715618,
            0.013593115893720491
        ],
        [
            0.035621709583851795,
            0.03233874488831316,
            1.4898338263909519,
            0.031742441594974434,
            -0.00937888128342724,
            0.012880438764095337,
            0.03004006717752901,
            0.25537781025861606,
            0.13239070489717808,
            -0.03846681011796868,
            0.027864006218322926,
            0.023403604041678808,
            -0.03389465016179106,
            -0.03617224667113972,
            -0.0013870846053166811,
            0.002365284024210197,
            0.010600778037281072,
            -0.002439247819788486,
            -0.0024053904544410775,
            -0.0003971015147397027
        ],
        [
            -0.22480729505272218,
            -0.20432451795898904,
            0.031742441594974434,
            1.2899667207646648,
            0.06061037853931757,
            -0.07902385138451617,
            -0.1915860140645833,
            0.13393450338396984,
            -0.5977002283197401,
            0.2520035486665358,
            -0.19368739654400505,
            -0.1525388511342929,
            -0.03294894125048081,
            0.20110251937397294,
            0.008583192083907985,
            -0.04087272910269692,
            -0.09074669714472454,
            0.005984539977512755,
            0.05369300287987002,
            0.004216777211568003
        ],
        [
            0.06819326008583347,
            0.06048468882254129,
            -0.00937888128342724,
            0.06061037853931757,
            1.4761892196722886,
            0.017919498257139815,
            0.05365984085952723,
            -0.04093081757686333,
            0.26475831228212543,
            0.19603143544325963,
            0.032986225194874194,
            0.04157361352343134,
            0.0057844746481895614,
            -0.04762718559547431,
            -0.04166406787917134,
            0.001395409472351154,
            0.016941119926781625,
            -0.0005215995842757826,
            -0.0038317947734394274,
            -0.0024478742778535232
        ],
        [
            -0.5211601000460759,
            -0.5014613832259338,
            0.012880438764095337,
            -0.07902385138451617,
            0.017919498257139815,
            -0.37162808269458325,
            -0.5671077114791616,
            -0.006293705158130162,
            0.01992705428042063,
            -0.09531324564130685,
            -0.47580464647465304,
            -0.4759563665840555,
            -0.023630532785034297,
            0.05633933101188915,
            -0.0023043194625367025,
            -0.2050739194547766,
            -0.29840918170915076,
            0.045403580901275324,
            0.20096493364376097,
            0.03516294278955319
        ],
        [
            -0.43135852313874534,
            -0.3589843156589785,
            0.03004006717752901,
            -0.1915860140645833,
            0.05365984085952723,
            -0.5671077114791616,
            -0.4278832943619775,
            -0.005677068597283128,
            -0.005287858002419155,
            -0.08420221303786156,
            -0.47961039269692907,
            -0.39976325359691445,
            -0.06210783711069217,
            0.11629756185347195,
            0.008784053689852286,
            -0.2848277975245932,
            -0.295886036589766,
            0.05324838415188844,
            0.15749934530720197,
            0.029221505832694422
        ],
        [
            -0.002548099690192346,
            -0.014348864025891958,
            0.25537781025861606,
            0.13393450338396984,
            -0.04093081757686333,
            -0.006293705158130162,
            -0.005677068597283128,
            1.4162784130228037,
            0.05596554010570692,
            -0.004801395146644714,
            -0.004419693829053786,
            0.0056066916363294896,
            0.2799116518390587,
            0.12856853011987807,
            0.01930045442210708,
            0.0038090795501716165,
            0.012620490986526567,
            -0.04286528750921768,
            -0.002510006738639013,
            -0.0005513763874059139
        ],
        [
            0.0466229734062491,
            0.09555049651203484,
            0.13239070489717808,
            -0.5977002283197401,
            0.26475831228212543,
            0.01992705428042063,
            -0.005287858002419155,
            0.05596554010570692,
            0.9761172418162922,
            0.024586245946587332,
            -0.06459372897220383,
            -0.12163515832679345,
            0.10015772281424809,
            -0.7469931794083559,
            -0.15812661288226584,
            -0.2693958306614963,
            -0.17304002063202442,
            0.06230428831862366,
            0.19104733088518183,
            0.04249042324599858
        ],
        [
            -0.018772175647688183,
            -0.06686455803622293,
            -0.03846681011796868,
            0.2520035486665358,
            0.19603143544325963,
            -0.09531324564130685,
            -0.08420221303786156,
            -0.004801395146644714,
            0.024586245946587332,
            1.4005218475598613,
            -0.023739581139484628,
            -0.06053720025840047,
            0.01403016499694338,
            -0.1333911771237557,
            0.2728363764974526,
            -0.035238919132761545,
            -0.03671263218202329,
            0.009507504005046324,
            0.03856624357077815,
            -0.03406285320212985
        ],
        [
            -0.19081697707713136,
            -0.29027271561829593,
            0.027864006218322926,
            -0.19368739654400505,
            0.032986225194874194,
            -0.47580464647465304,
            -0.47961039269692907,
            -0.004419693829053786,
            -0.06459372897220383,
            -0.023739581139484628,
            -0.3881722424556946,
            -0.5737690308442671,
            -0.10868344971322565,
            -0.02963074899947299,
            -0.009298667887797932,
            -0.5400810754997272,
            -0.5126584038988921,
            0.021328753951321555,
            0.07714412737145548,
            0.015048417910693668
        ],
        [
            -0.27350969531085384,
            -0.2901514368766741,
            0.023403604041678808,
            -0.1525388511342929,
            0.04157361352343134,
            -0.4759563665840555,
            -0.39976325359691445,
            0.0056066916363294896,
            -0.12163515832679345,
            -0.06053720025840047,
            -0.5737690308442671,
            -0.42796348033046616,
            -0.09314742456613251,
            0.0009007985433631405,
            -0.0065778201918755795,
            -0.4423556261119742,
            -0.3625512172393546,
            0.06872897566466735,
            0.19783162195253218,
            0.03741226425587107
        ],
        [
            -0.02546733062444774,
            -0.032133046633877296,
            -0.03389465016179106,
            -0.03294894125048081,
            0.0057844746481895614,
            -0.023630532785034297,
            -0.06210783711069217,
            0.2799116518390587,
            0.10015772281424809,
            0.01403016499694338,
            -0.10868344971322565,
            -0.09314742456613251,
            1.3870445543325256,
            -0.047502762083407514,
            -0.00952224849923503,
            -0.020911633051925227,
            -0.07913148389735086,
            0.19055725203861767,
            -0.30262913391277246,
            -0.056135393264692954
        ],
        [
            0.25927612211538786,
            0.17021874095894737,
            -0.03617224667113972,
            0.20110251937397294,
            -0.04762718559547431,
            0.05633933101188915,
            0.11629756185347195,
            0.12856853011987807,
            -0.7469931794083559,
            -0.1333911771237557,
            -0.02963074899947299,
            0.0009007985433631405,
            -0.047502762083407514,
            0.972587435373131,
            -0.0702191127399445,
            -0.036503721551133905,
            -0.09424773857580754,
            -0.3178445905529505,
            -0.5382497005801554,
            -0.15610061191703284
        ],
        [
            0.012501976196016958,
            0.0176013314911527,
            -0.0013870846053166811,
            0.008583192083907985,
            -0.04166406787917134,
            -0.0023043194625367025,
            0.008784053689852286,
            0.01930045442210708,
            -0.15812661288226584,
            0.2728363764974526,
            -0.009298667887797932,
            -0.0065778201918755795,
            -0.00952224849923503,
            -0.0702191127399445,
            1.4074257844574372,
            -0.0026429451196109954,
            -0.01782154481863523,
            -0.059494939010162604,
            -0.15738685026193688,
            0.2796050141091514
        ],
        [
            0.004604620347116142,
            -0.1062865139837711,
            0.002365284024210197,
            -0.04087272910269692,
            0.001395409472351154,
            -0.2050739194547766,
            -0.2848277975245932,
            0.0038090795501716165,
            -0.2693958306614963,
            -0.035238919132761545,
            -0.5400810754997272,
            -0.4423556261119742,
            -0.020911633051925227,
            -0.036503721551133905,
            -0.0026429451196109954,
            -0.22971107092703424,
            -0.4500078359656552,
            0.08758855501246818,
            0.23304627211109202,
            0.04460726436330406
        ],
        [
            -0.105861856807182,
            -0.17045217988402628,
            0.010600778037281072,
            -0.09074669714472454,
            0.016941119926781625,
            -0.29840918170915076,
            -0.295886036589766,
            0.012620490986526567,
            -0.17304002063202442,
            -0.03671263218202329,
            -0.5126584038988921,
            -0.3625512172393546,
            -0.07913148389735086,
            -0.09424773857580754,
            -0.01782154481863523,
            -0.4500078359656552,
            -0.3075568600642298,
            0.07619092730078161,
            0.20808217769497572,
            0.03973894827615572
        ],
        [
            0.0027897587836171406,
            0.021819631267576307,
            -0.002439247819788486,
            0.005984539977512755,
            -0.0005215995842757826,
            0.045403580901275324,
            0.05324838415188844,
            -0.04286528750921768,
            0.06230428831862366,
            0.009507504005046324,
            0.021328753951321555,
            0.06872897566466735,
            0.19055725203861767,
            -0.3178445905529505,
            -0.059494939010162604,
            0.08758855501246818,
            0.07619092730078161,
            1.4579367550633666,
            -0.07660644002013373,
            -0.014367241777436259
        ],
        [
            0.041509686139980004,
            0.09189640395715618,
            -0.0024053904544410775,
            0.05369300287987002,
            -0.0038317947734394274,
            0.20096493364376097,
            0.15749934530720197,
            -0.002510006738639013,
            0.19104733088518183,
            0.03856624357077815,
            0.07714412737145548,
            0.19783162195253218,
            -0.30262913391277246,
            -0.5382497005801554,
            -0.15738685026193688,
            0.23304627211109202,
            0.20808217769497572,
            -0.07660644002013373,
            1.2776822937977599,
            -0.03925569664804522
        ],
        [
            0.0037241401621673125,
            0.013593115893720491,
            -0.0003971015147397027,
            0.004216777211568003,
            -0.0024478742778535232,
            0.03516294278955319,
            0.029221505832694422,
            -0.0005513763874059139,
            0.04249042324599858,
            -0.03406285320212985,
            0.015048417910693668,
            0.03741226425587107,
            -0.056135393264692954,
            -0.15610061191703284,
            0.2796050141091514,
            0.04460726436330406,
            0.03973894827615572,
            -0.014367241777436259,
            -0.03925569664804522,
            1.4795438527581328
        ]
    ]
}