{
    "HF": -2.134005248437218,
    "coordinates": [
        [
            0.732904,
            -0.156672,
            -0.052073
        ],
        [
            1.442445,
            0.022403,
            -0.019734
        ],
        [
            2.164461,
            0.049854,
            -0.141874
        ],
        [
            2.844865,
            0.027145,
            0.180629
        ]
    ],
    "elements": [
        "H",
        "H",
        "H",
        "H"
    ],
    "Enn": 3.133860089411461,
    "S": [
        [
            0.9999999999999999,
            0.6848602514927513,
            0.0,
            0.0,
            0.0,
            0.5767653309136056,
            0.5677115353118731,
            -0.02380834093777607,
            -0.5223721833492245,
            -0.1318370590751801,
            0.14273262050705376,
            0.3288868458834412,
            0.011584236757314506,
            -0.18466938251902404,
            -0.026641641858566566,
            0.018634244387745892,
            0.14019018568297395,
            -0.002526163973829116,
            -0.022927004462067854,
            -0.0019954786945421466
        ],
        [
            0.6848602514927513,
            1.0000000000000002,
            0.0,
            0.0,
            0.0,
            0.5677115353118731,
            0.8896901882300225,
            -0.007203526354895241,
            -0.1580505672215816,
            -0.03988903435489236,
            0.3288868458834412,
            0.6328833022601139,
            0.011162970421394377,
            -0.17795379168984832,
            -0.025672805751037236,
            0.14019018568297395,
            0.37128597829680343,
            -0.011604702354367597,
            -0.10532216650064272,
            -0.009166838156409444
        ],
        [
            0.0,
            0.0,
            1.0000000000000004,
            0.0,
            0.0,
            0.023808340937776062,
            0.007203526354895239,
            0.4969725806630447,
            -0.02968584464791957,
            -0.007492157085110229,
            -0.0115842367573145,
            -0.011162970421394375,
            0.06410551072642694,
            0.021852758285444446,
            0.003152625258833354,
            0.002526163973829114,
            0.011604702354367603,
            0.0023447157238740113,
            -0.003481002541399623,
            -0.00030297313451927127
        ],
        [
            0.0,
            0.0,
            0.0,
            1.0000000000000004,
            0.0,
            0.5223721833492244,
            0.15805056722158137,
            -0.029685844647919554,
            -0.1530032738581962,
            -0.16438333375571898,
            0.18466938251902404,
            0.17795379168984826,
            0.021852758285444435,
            -0.2828880478248856,
            -0.05025737750871035,
            0.022927004462067826,
            0.10532216650064267,
            -0.003481002541399622,
            -0.02886468282062949,
            -0.002749729027479155
        ],
        [
            0.0,
            0.0,
            0.0,
            0.0,
            1.0000000000000004,
            0.1318370590751801,
            0.039889034354892355,
            -0.007492157085110225,
            -0.16438333375571898,
            0.45683827558097573,
            0.026641641858566555,
            0.02567280575103722,
            0.003152625258833352,
            -0.050257377508710344,
            0.0582258596887297,
            0.0019954786945421445,
            0.009166838156409441,
            -0.00030297313451927116,
            -0.002749729027479155,
            0.002488936811642507
        ],
        [
            0.5767653309136056,
            0.5677115353118731,
            0.023808340937776062,
            0.5223721833492244,
            0.1318370590751801,
            0.9999999999999999,
            0.6848602514927513,
            0.0,
            0.0,
            0.0,
            0.5765355426855381,
            0.5676288510729083,
            0.08987560130699401,
            -0.5312888664914899,
            -0.020199567148176622,
            0.15461638747180637,
            0.3397456011162784,
            -0.02850362344800852,
            -0.19950815068628486,
            -0.0006745965192698068
        ],
        [
            0.5677115353118731,
            0.8896901882300225,
            0.007203526354895241,
            0.1580505672215814,
            0.03988903435489236,
            0.6848602514927513,
            1.0000000000000002,
            0.0,
            0.0,
            0.0,
            0.5676288510729083,
            0.8896094245602314,
            0.02720250870057215,
            -0.16080437630548783,
            -0.006113771625506843,
            0.3397456011162784,
            0.6458527186921413,
            -0.025787183493072897,
            -0.18049471147045731,
            -0.0006103064144784796
        ],
        [
            -0.023808340937776062,
            -0.007203526354895234,
            0.4969725806630447,
            -0.029685844647919558,
            -0.0074921570851102254,
            0.0,
            0.0,
            1.0000000000000004,
            0.0,
            0.0,
            -0.08987560130699399,
            -0.027202508700572132,
            0.4787663444202656,
            0.11402895026557207,
            0.004335373057854978,
            0.028503623448008518,
            0.025787183493072883,
            0.0661883953022527,
            -0.05390265211739182,
            -0.00018226093206077495
        ],
        [
            -0.5223721833492245,
            -0.15805056722158153,
            -0.029685844647919568,
            -0.1530032738581962,
            -0.16438333375571898,
            0.0,
            0.0,
            0.0,
            1.0000000000000004,
            0.0,
            0.5312888664914899,
            0.16080437630548777,
            0.11402895026557215,
            -0.17601242212140825,
            -0.02562803924791404,
            0.19950815068628486,
            0.1804947114704575,
            -0.0539026521173918,
            -0.30339657423865696,
            -0.0012757164563351113
        ],
        [
            -0.1318370590751801,
            -0.03988903435489237,
            -0.007492157085110228,
            -0.16438333375571898,
            0.45683827558097573,
            0.0,
            0.0,
            0.0,
            0.0,
            1.0000000000000004,
            0.020199567148176622,
            0.006113771625506841,
            0.00433537305785498,
            -0.02562803924791404,
            0.4970817012545221,
            0.0006745965192698068,
            0.0006103064144784794,
            -0.0001822609320607749,
            -0.0012757164563351113,
            0.07388512498291974
        ],
        [
            0.14273262050705376,
            0.3288868458834412,
            -0.011584236757314506,
            0.18466938251902404,
            0.026641641858566566,
            0.5765355426855381,
            0.5676288510729083,
            -0.089875601306994,
            0.5312888664914899,
            0.020199567148176622,
            0.9999999999999999,
            0.6848602514927513,
            0.0,
            0.0,
            0.0,
            0.5600081386271791,
            0.561611241853258,
            -0.22874469279772508,
            -0.4825964532371587,
            0.016107022969533744
        ],
        [
            0.3288868458834412,
            0.6328833022601139,
            -0.011162970421394377,
            0.17795379168984832,
            0.025672805751037236,
            0.5676288510729083,
            0.8896094245602314,
            -0.027202508700572163,
            0.16080437630548783,
            0.006113771625506843,
            0.6848602514927513,
            1.0000000000000002,
            0.0,
            0.0,
            0.0,
            0.561611241853258,
            0.8837195117170822,
            -0.07101401360093401,
            -0.14982254090699876,
            0.005000441034234131
        ],
        [
            0.011584236757314506,
            0.011162970421394375,
            0.06410551072642694,
            0.021852758285444442,
            0.0031526252588333537,
            0.08987560130699397,
            0.027202508700572142,
            0.4787663444202656,
            0.1140289502655721,
            0.004335373057854979,
            0.0,
            0.0,
            1.0000000000000004,
            0.0,
            0.0,
            0.22874469279772502,
            0.07101401360093397,
            0.34945919573813405,
            -0.2727216734865567,
            0.009102292877769999
        ],
        [
            -0.18466938251902404,
            -0.17795379168984826,
            0.021852758285444442,
            -0.2828880478248856,
            -0.05025737750871035,
            -0.5312888664914899,
            -0.16080437630548777,
            0.11402895026557212,
            -0.17601242212140825,
            -0.02562803924791404,
            0.0,
            0.0,
            0.0,
            1.0000000000000004,
            0.0,
            0.4825964532371579,
            0.1498225409069987,
            -0.2727216734865567,
            -0.0966514740814174,
            0.019203655417798334
        ],
        [
            -0.026641641858566555,
            -0.025672805751037222,
            0.003152625258833353,
            -0.050257377508710344,
            0.0582258596887297,
            -0.020199567148176622,
            -0.006113771625506841,
            0.0043353730578549795,
            -0.02562803924791404,
            0.4970817012545221,
            0.0,
            0.0,
            0.0,
            0.0,
            1.0000000000000004,
            -0.01610702296953373,
            -0.00500044103423413,
            0.009102292877769999,
            0.019203655417798334,
            0.47808492700007876
        ],
        [
            0.018634244387745892,
            0.14019018568297395,
            0.002526163973829116,
            0.022927004462067854,
            0.0019954786945421466,
            0.15461638747180637,
            0.3397456011162784,
            0.02850362344800852,
            0.19950815068628486,
            0.0006745965192698068,
            0.5600081386271791,
            0.561611241853258,
            0.22874469279772508,
            0.4825964532371587,
            -0.016107022969533744,
            0.9999999999999999,
            0.6848602514927513,
            0.0,
            0.0,
            0.0
        ],
        [
            0.14019018568297395,
            0.37128597829680343,
            0.011604702354367603,
            0.10532216650064272,
            0.009166838156409444,
            0.3397456011162784,
            0.6458527186921413,
            0.02578718349307289,
            0.18049471147045754,
            0.0006103064144784796,
            0.561611241853258,
            0.8837195117170822,
            0.07101401360093401,
            0.14982254090699876,
            -0.005000441034234131,
            0.6848602514927513,
            1.0000000000000002,
            0.0,
            0.0,
            0.0
        ],
        [
            -0.002526163973829114,
            -0.011604702354367603,
            0.0023447157238740113,
            -0.003481002541399623,
            -0.00030297313451927127,
            -0.028503623448008518,
            -0.025787183493072893,
            0.0661883953022527,
            -0.05390265211739182,
            -0.00018226093206077495,
            -0.22874469279772502,
            -0.07101401360093394,
            0.34945919573813405,
            -0.2727216734865567,
            0.009102292877769999,
            0.0,
            0.0,
            1.0000000000000004,
            0.0,
            0.0
        ],
        [
            -0.022927004462067826,
            -0.10532216650064267,
            -0.003481002541399622,
            -0.02886468282062949,
            -0.002749729027479155,
            -0.19950815068628486,
            -0.18049471147045731,
            -0.0539026521173918,
            -0.30339657423865696,
            -0.0012757164563351113,
            -0.4825964532371579,
            -0.1498225409069987,
            -0.2727216734865567,
            -0.0966514740814174,
            0.019203655417798334,
            0.0,
            0.0,
            0.0,
            1.0000000000000004,
            0.0
        ],
        [
            -0.0019954786945421445,
            -0.009166838156409441,
            -0.00030297313451927116,
            -0.002749729027479155,
            0.002488936811642507,
            -0.0006745965192698068,
            -0.0006103064144784794,
            -0.0001822609320607749,
            -0.0012757164563351113,
            0.07388512498291974,
            0.01610702296953373,
            0.00500044103423413,
            0.009102292877769999,
            0.019203655417798334,
            0.47808492700007876,
            0.0,
            0.0,
            0.0,
            0.0,
            1.0000000000000004
        ]
    ],
    "h": [
        [
            -0.2910893882297667,
            -0.47758017219118276,
            -0.009756104868827584,
            -0.30146055424360907,
            -0.07508670632958217,
            -0.6022050283919326,
            -0.47136630349573727,
            0.014080570234640953,
            0.009454301802102494,
            0.006770796824784625,
            -0.28103886868280503,
            -0.33221890705304247,
            -0.027792941056961985,
            0.3405589535283766,
            0.028022383184457586,
            -0.027846931536395995,
            -0.161418135003797,
            0.013652345558632536,
            0.09051460664657263,
            0.003986110664576394
        ],
        [
            -0.47758017219118276,
            -0.3164898757105834,
            -0.006770788750631829,
            -0.25183984559183165,
            -0.06117032898460445,
            -0.5597512902371249,
            -0.3715995285040026,
            0.029976932094279426,
            0.09698799748795597,
            0.04876645775445343,
            -0.3630196965355404,
            -0.32230904021188167,
            -0.04941820334401945,
            0.20304114205103668,
            0.015719563362562965,
            -0.15996285458133283,
            -0.21535960461123504,
            0.04083167026640781,
            0.1306202378345247,
            -0.0006236917040329543
        ],
        [
            -0.009756104868827584,
            -0.006770788750631829,
            1.479289674496455,
            -0.00943152365296806,
            -0.002596422677925663,
            0.004233778403253043,
            -0.0049418563383827625,
            0.4387633182379145,
            -0.042443866056972236,
            -0.011222377395728738,
            0.0019328800823565917,
            -0.004865788902265104,
            -0.04757424522322681,
            0.007850786249596675,
            0.0009350108923887332,
            -0.0033369072899661033,
            -0.002748594419596559,
            -0.0071691310970817355,
            0.00850797982112376,
            0.0006353674460575093
        ],
        [
            -0.30146055424360907,
            -0.25183984559183165,
            -0.00943152365296806,
            1.190584843195153,
            -0.07032670725379622,
            -0.08259616424727356,
            -0.24542574240813925,
            -0.02837908013609891,
            -0.5408644882028983,
            -0.23232658319451238,
            -0.2675245305356415,
            -0.20271453792875743,
            -0.03509750290999879,
            0.15041817971607974,
            0.00953533121560557,
            -0.09019545240787613,
            -0.1358290686611932,
            0.02271892642230086,
            0.12147470467508537,
            0.00649552003232369
        ],
        [
            -0.07508670632958217,
            -0.06117032898460445,
            -0.002596422677925663,
            -0.07032670725379622,
            1.462628711112479,
            -0.014917841647356767,
            -0.05724727643811155,
            -0.008101589007342485,
            -0.24271805845266803,
            0.38229046593594374,
            -0.051749648622880395,
            -0.046864221190495804,
            -0.007437321363112718,
            0.05107389528076925,
            -0.04402652941997666,
            -0.011256951200803826,
            -0.026880478981514345,
            0.0029932600287073388,
            0.016597493552639918,
            -0.007412657406276167
        ],
        [
            -0.6022050283919326,
            -0.5597512902371249,
            0.004233778403253043,
            -0.08259616424727356,
            -0.014917841647356767,
            -0.49555583882660503,
            -0.6243580091327249,
            0.05340541024516006,
            0.024217685243486692,
            0.060396684503364106,
            -0.5694957001539596,
            -0.5428111538787137,
            -0.03248310520087691,
            0.05793959466622356,
            0.013947800453120593,
            -0.2907687914622382,
            -0.3715848782903761,
            0.07645054150752321,
            0.26049844142947376,
            -0.0028968838753064465
        ],
        [
            -0.47136630349573727,
            -0.3715995285040026,
            -0.0049418563383827625,
            -0.24542574240813925,
            -0.05724727643811155,
            -0.6243580091327249,
            -0.44268891722387593,
            0.03996140968774083,
            -0.016187064699729664,
            0.04515770142740205,
            -0.54075880817268,
            -0.42159172955208035,
            -0.08971539131456113,
            0.14240225318878774,
            0.018592547795889314,
            -0.33735807160638354,
            -0.3272264642222794,
            0.07795950107721769,
            0.1939083321174962,
            -0.004980428420338056
        ],
        [
            0.014080570234640953,
            0.029976932094279426,
            0.4387633182379145,
            -0.02837908013609891,
            -0.008101589007342485,
            0.05340541024516006,
            0.03996140968774083,
            1.3812415250044177,
            0.02479458461031215,
            -0.0019184683148247331,
            -0.004932954109660381,
            0.03181109341735629,
            0.3965191378908919,
            0.15201953144692862,
            0.005480930284895338,
            0.004728522188603326,
            0.02448960978279067,
            -0.053082570235202436,
            -0.03424896332419551,
            0.0002253328019851387
        ],
        [
            0.009454301802102494,
            0.09698799748795597,
            -0.042443866056972236,
            -0.5408644882028983,
            -0.24271805845266803,
            0.024217685243486692,
            -0.016187064699729664,
            0.02479458461031215,
            0.778207125253491,
            -0.08174586586774381,
            -0.06426756606399042,
            -0.14260005155124883,
            0.1179339419784573,
            -0.7168459042741177,
            -0.04220887561882289,
            -0.3422200408036375,
            -0.2042955926124379,
            0.08515143406744526,
            0.10216429715451059,
            -0.007552585676451208
        ],
        [
            0.006770796824784625,
            0.04876645775445343,
            -0.011222377395728738,
            -0.23232658319451238,
            0.38229046593594374,
            0.060396684503364106,
            0.04515770142740205,
            -0.0019184683148247331,
            -0.08174586586774381,
            1.3720948070363375,
            0.010721663833105494,
            0.021445326508391812,
            0.0059987590164270075,
            -0.06449770635223653,
            0.421631749875536,
            -0.012249249720856514,
            0.0018876284694621928,
            0.0028676531437917888,
            0.0050745249785977675,
            -0.04518133174858066
        ],
        [
            -0.28103886868280503,
            -0.3630196965355404,
            0.0019328800823565917,
            -0.2675245305356415,
            -0.051749648622880395,
            -0.5694957001539596,
            -0.54075880817268,
            -0.004932954109660381,
            -0.06426756606399042,
            0.010721663833105494,
            -0.4820131393120284,
            -0.6162539088569138,
            -0.15980163005884815,
            -0.0021134352137572587,
            0.017846253878741124,
            -0.5964153407438401,
            -0.5557950979003177,
            0.02317745558263784,
            0.091714510960208,
            -0.0015930322749921275
        ],
        [
            -0.33221890705304247,
            -0.32230904021188167,
            -0.004865788902265104,
            -0.20271453792875743,
            -0.046864221190495804,
            -0.5428111538787137,
            -0.42159172955208035,
            0.03181109341735629,
            -0.14260005155124883,
            0.021445326508391812,
            -0.6162539088569138,
            -0.4378807645568279,
            -0.1260464432326996,
            0.027858804250032246,
            0.016867203506912863,
            -0.46985467069174836,
            -0.3740848688065235,
            0.09365459466421319,
            0.23191942825222533,
            -0.006531026355532825
        ],
        [
            -0.027792941056961985,
            -0.04941820334401945,
            -0.04757424522322681,
            -0.03509750290999879,
            -0.007437321363112718,
            -0.03248310520087691,
            -0.08971539131456113,
            0.3965191378908919,
            0.1179339419784573,
            0.0059987590164270075,
            -0.15980163005884815,
            -0.1260464432326996,
            1.3329218200941624,
            -0.06379018670505208,
            0.004933775176636571,
            -0.026168148618163134,
            -0.11143091191855789,
            0.2316854920715931,
            -0.35919904541218983,
            0.01248595300671565
        ],
        [
            0.3405589535283766,
            0.20304114205103668,
            0.007850786249596675,
            0.15041817971607974,
            0.05107389528076925,
            0.05793959466622356,
            0.14240225318878774,
            0.15201953144692862,
            -0.7168459042741177,
            -0.06449770635223653,
            -0.0021134352137572587,
            0.027858804250032246,
            -0.06379018670505208,
            0.8328686823572338,
            -0.00967174890467935,
            -0.010396642545761448,
            -0.07809287264545303,
            -0.39365696645156223,
            -0.453236775761687,
            0.026127808186952574
        ],
        [
            0.028022383184457586,
            0.015719563362562965,
            0.0009350108923887332,
            0.00953533121560557,
            -0.04402652941997666,
            0.013947800453120593,
            0.018592547795889314,
            0.005480930284895338,
            -0.04220887561882289,
            0.421631749875536,
            0.017846253878741124,
            0.016867203506912863,
            0.004933775176636571,
            -0.00967174890467935,
            1.3893513827366042,
            -0.0004195399446707479,
            0.010249620235896359,
            0.012482098733345316,
            0.023603016351159786,
            0.40750626421969793
        ],
        [
            -0.027846931536395995,
            -0.15996285458133283,
            -0.0033369072899661033,
            -0.09019545240787613,
            -0.011256951200803826,
            -0.2907687914622382,
            -0.33735807160638354,
            0.004728522188603326,
            -0.3422200408036375,
            -0.012249249720856514,
            -0.5964153407438401,
            -0.46985467069174836,
            -0.026168148618163134,
            -0.010396642545761448,
            -0.0004195399446707479,
            -0.2825744704658797,
            -0.47510933030085,
            0.12473327123358052,
            0.2755822794468897,
            -0.009671646183353037
        ],
        [
            -0.161418135003797,
            -0.21535960461123504,
            -0.002748594419596559,
            -0.1358290686611932,
            -0.026880478981514345,
            -0.3715848782903761,
            -0.3272264642222794,
            0.02448960978279067,
            -0.2042955926124379,
            0.0018876284694621928,
            -0.5557950979003177,
            -0.3740848688065235,
            -0.11143091191855789,
            -0.07809287264545303,
            0.010249620235896359,
            -0.47510933030085,
            -0.3192779918883084,
            0.10198980980250999,
            0.23576410279638965,
            -0.007660431109960017
        ],
        [
            0.013652345558632536,
            0.04083167026640781,
            -0.0071691310970817355,
            0.02271892642230086,
            0.0029932600287073388,
            0.07645054150752321,
            0.07795950107721769,
            -0.053082570235202436,
            0.08515143406744526,
            0.0028676531437917888,
            0.02317745558263784,
            0.09365459466421319,
            0.2316854920715931,
            -0.39365696645156223,
            0.012482098733345316,
            0.12473327123358052,
            0.10198980980250999,
            1.4271728424748644,
            -0.108856041166523,
            0.0036228353617521036
        ],
        [
            0.09051460664657263,
            0.1306202378345247,
            0.00850797982112376,
            0.12147470467508537,
            0.016597493552639918,
            0.26049844142947376,
            0.1939083321174962,
            -0.03424896332419551,
            0.10216429715451059,
            0.0050745249785977675,
            0.091714510960208,
            0.23191942825222533,
            -0.35919904541218983,
            -0.453236775761687,
            0.023603016351159786,
            0.2755822794468897,
            0.23576410279638965,
            -0.108856041166523,
            1.2264869688650604,
            0.007629740586323091
        ],
        [
            0.003986110664576394,
            -0.0006236917040329543,
            0.0006353674460575093,
            0.00649552003232369,
            -0.007412657406276167,
            -0.0028968838753064465,
            -0.004980428420338056,
            0.0002253328019851387,
            -0.007552585676451208,
            -0.04518133174858066,
            -0.0015930322749921275,
            -0.006531026355532825,
            0.01248595300671565,
            0.026127808186952574,
            0.40750626421969793,
            -0.009671646183353037,
            -0.007660431109960017,
            0.0036228353617521036,
            0.007629740586323091,
            1.4772295460282368
        ]
    ]
}