{
    "HF": -2.173959835048324,
    "coordinates": [
        [
            0.70412,
            0.150414,
            0.007688
        ],
        [
            1.530261,
            -0.098787,
            0.165924
        ],
        [
            2.304195,
            0.162308,
            -0.158029
        ],
        [
            3.120626,
            -0.034642,
            -0.166856
        ]
    ],
    "elements": [
        "H",
        "H",
        "H",
        "H"
    ],
    "Enn": 2.707642963918782,
    "S": [
        [
            0.9999999999999999,
            0.6848602514927513,
            0.0,
            0.0,
            0.0,
            0.46325041610035605,
            0.5233029194859703,
            -0.08827651655134147,
            -0.4608865849758702,
            0.13902396547631918,
            0.09425857543158869,
            0.2774468356021698,
            0.012893828831916582,
            -0.12449593685758804,
            -0.0009254282911639492,
            0.006227012590728548,
            0.08750884301137431,
            0.0004954859100286296,
            -0.006859844363023904,
            0.0005253267976341673
        ],
        [
            0.6848602514927513,
            1.0000000000000002,
            0.0,
            0.0,
            0.0,
            0.5233029194859703,
            0.8456443530414389,
            -0.03231165230182941,
            -0.16869726702068855,
            0.05088662545355161,
            0.27744683560216993,
            0.5690865247222694,
            0.017172638233165578,
            -0.16580983918929493,
            -0.001232531117177312,
            0.08750884301137431,
            0.27633431009292664,
            0.005248761254653717,
            -0.07266742520188738,
            0.005564870535459241
        ],
        [
            0.0,
            0.0,
            1.0000000000000004,
            0.0,
            0.0,
            0.08827651655134144,
            0.0323116523018294,
            0.3442866600314881,
            -0.12496898547673589,
            0.03769622394940822,
            -0.012893828831916582,
            -0.01717263823316557,
            0.03228350802360283,
            0.023930018610558754,
            0.0001778814376538517,
            -0.0004954859100286302,
            -0.005248761254653714,
            0.00043223140328625296,
            0.0005139558677260528,
            -3.935873408049158e-05
        ],
        [
            0.0,
            0.0,
            0.0,
            1.0000000000000004,
            0.0,
            0.46088658497587,
            0.16869726702068835,
            -0.12496898547673596,
            -0.28423308352740345,
            0.19680980402555723,
            0.12449593685758807,
            0.16580983918929498,
            0.023930018610558743,
            -0.19629360275896607,
            -0.001717528324517018,
            0.006859844363023909,
            0.07266742520188738,
            0.0005139558677260525,
            -0.006646200648340135,
            0.0005449091178036048
        ],
        [
            0.0,
            0.0,
            0.0,
            0.0,
            1.0000000000000004,
            -0.13902396547631915,
            -0.050886625453551576,
            0.037696223949408234,
            0.19680980402555717,
            0.3088561371702863,
            0.0009254282911639492,
            0.0012325311171773117,
            0.00017788143765385162,
            -0.001717528324517018,
            0.03474913158011996,
            -0.0005253267976341677,
            -0.005564870535459239,
            -3.935873408049157e-05,
            0.0005449091178036048,
            0.0004276252534451652
        ],
        [
            0.46325041610035605,
            0.5233029194859703,
            0.08827651655134147,
            0.4608865849758702,
            -0.13902396547631918,
            0.9999999999999999,
            0.6848602514927513,
            0.0,
            0.0,
            0.0,
            0.4622039562717136,
            0.5228567468823617,
            0.18020995940248674,
            -0.43052731328372995,
            -0.1452430425098464,
            0.08988740493333833,
            0.272057410641557,
            0.02444069472750632,
            -0.11680276900748421,
            -0.004711065458548871
        ],
        [
            0.5233029194859703,
            0.8456443530414389,
            0.032311652301829426,
            0.16869726702068838,
            -0.05088662545355161,
            0.6848602514927513,
            1.0000000000000002,
            0.0,
            0.0,
            0.0,
            0.5228567468823617,
            0.8451947659673895,
            0.06609069884340868,
            -0.15789277740497729,
            -0.05326683504866377,
            0.272057410641557,
            0.5621529509467054,
            0.03376833183830252,
            -0.1613798096761285,
            -0.006509013900378382
        ],
        [
            -0.08827651655134144,
            -0.0323116523018294,
            0.3442866600314881,
            -0.12496898547673592,
            0.03769622394940822,
            0.0,
            0.0,
            1.0000000000000004,
            0.0,
            0.0,
            -0.18020995940248677,
            -0.06609069884340861,
            0.2670506952565671,
            0.23891996624033715,
            0.08060223298824039,
            -0.02444069472750632,
            -0.03376833183830254,
            0.023022908068693837,
            0.0443981634149763,
            0.0017907336946258593
        ],
        [
            -0.4608865849758702,
            -0.16869726702068852,
            -0.12496898547673593,
            -0.28423308352740334,
            0.19680980402555717,
            0.0,
            0.0,
            0.0,
            1.0000000000000004,
            0.0,
            0.43052731328372973,
            0.1578927774049772,
            0.238919966240337,
            -0.20372965915599045,
            -0.19256129310585424,
            0.11680276900748425,
            0.16137980967612844,
            0.04439816341497627,
            -0.17986695885173987,
            -0.008557966801651702
        ],
        [
            0.13902396547631915,
            0.050886625453551576,
            0.037696223949408234,
            0.19680980402555723,
            0.3088561371702863,
            0.0,
            0.0,
            0.0,
            0.0,
            1.0000000000000004,
            0.14524304250984646,
            0.05326683504866376,
            0.08060223298824039,
            -0.19256129310585435,
            0.30209509051505534,
            0.004711065458548869,
            0.00650901390037838,
            0.0017907336946258584,
            -0.008557966801651705,
            0.03196794272472805
        ],
        [
            0.09425857543158869,
            0.2774468356021698,
            -0.012893828831916582,
            0.12449593685758807,
            0.0009254282911639492,
            0.4622039562717136,
            0.5228567468823617,
            -0.18020995940248674,
            0.43052731328372995,
            0.1452430425098464,
            0.9999999999999999,
            0.6848602514927513,
            0.0,
            0.0,
            0.0,
            0.49175888107673366,
            0.5351786046345961,
            0.005311156742955816,
            -0.49124198604374847,
            0.11850371819702613
        ],
        [
            0.27744683560216993,
            0.5690865247222694,
            -0.01717263823316557,
            0.165809839189295,
            0.001232531117177312,
            0.5228567468823617,
            0.8451947659673895,
            -0.06609069884340868,
            0.15789277740497729,
            0.05326683504866377,
            0.6848602514927513,
            1.0000000000000002,
            0.0,
            0.0,
            0.0,
            0.5351786046345961,
            0.8575578711781711,
            0.0018461723110102793,
            -0.17075703025381603,
            0.041192209884839064
        ],
        [
            0.012893828831916582,
            0.017172638233165574,
            0.03228350802360283,
            0.02393001861055875,
            0.0001778814376538517,
            0.18020995940248677,
            0.06609069884340861,
            0.2670506952565671,
            0.238919966240337,
            0.08060223298824039,
            0.0,
            0.0,
            1.0000000000000004,
            0.0,
            0.0,
            -0.005311156742955814,
            -0.0018461723110102788,
            0.4001546527415542,
            0.007488252637070311,
            -0.0018064127364970182
        ],
        [
            -0.12449593685758804,
            -0.1658098391892949,
            0.023930018610558747,
            -0.19629360275896604,
            -0.001717528324517018,
            -0.43052731328373,
            -0.1578927774049772,
            0.23891996624033715,
            -0.20372965915599045,
            -0.19256129310585435,
            0.0,
            0.0,
            0.0,
            1.0000000000000004,
            0.0,
            0.49124198604374836,
            0.170757030253816,
            0.00748825263707036,
            -0.29237134123658454,
            0.16707956914818203
        ],
        [
            -0.0009254282911639492,
            -0.0012325311171773117,
            0.00017788143765385162,
            -0.0017175283245170177,
            0.03474913158011996,
            -0.14524304250984646,
            -0.053266835048663745,
            0.08060223298824039,
            -0.19256129310585424,
            0.30209509051505534,
            0.0,
            0.0,
            0.0,
            0.0,
            1.0000000000000004,
            -0.11850371819702608,
            -0.04119220988483906,
            -0.0018064127364970299,
            0.16707956914818203,
            0.35993052806021913
        ],
        [
            0.006227012590728548,
            0.08750884301137431,
            -0.0004954859100286296,
            0.006859844363023903,
            -0.0005253267976341673,
            0.08988740493333833,
            0.272057410641557,
            -0.02444069472750632,
            0.11680276900748425,
            0.004711065458548869,
            0.49175888107673366,
            0.5351786046345961,
            -0.005311156742955816,
            0.49124198604374847,
            -0.11850371819702613,
            0.9999999999999999,
            0.6848602514927513,
            0.0,
            0.0,
            0.0
        ],
        [
            0.08750884301137431,
            0.27633431009292664,
            -0.005248761254653714,
            0.0726674252018874,
            -0.005564870535459241,
            0.272057410641557,
            0.5621529509467054,
            -0.03376833183830252,
            0.1613798096761285,
            0.006509013900378382,
            0.5351786046345961,
            0.8575578711781711,
            -0.0018461723110102793,
            0.17075703025381603,
            -0.041192209884839064,
            0.6848602514927513,
            1.0000000000000002,
            0.0,
            0.0,
            0.0
        ],
        [
            0.0004954859100286302,
            0.005248761254653715,
            0.00043223140328625296,
            0.0005139558677260528,
            -3.935873408049158e-05,
            0.02444069472750632,
            0.03376833183830254,
            0.023022908068693837,
            0.044398163414976294,
            0.0017907336946258593,
            0.005311156742955814,
            0.0018461723110102788,
            0.4001546527415542,
            0.007488252637070361,
            -0.00180641273649703,
            0.0,
            0.0,
            1.0000000000000004,
            0.0,
            0.0
        ],
        [
            -0.006859844363023906,
            -0.07266742520188736,
            0.0005139558677260525,
            -0.006646200648340135,
            0.0005449091178036048,
            -0.11680276900748421,
            -0.16137980967612844,
            0.04439816341497628,
            -0.17986695885173984,
            -0.008557966801651705,
            -0.49124198604374836,
            -0.170757030253816,
            0.00748825263707031,
            -0.29237134123658454,
            0.16707956914818203,
            0.0,
            0.0,
            0.0,
            1.0000000000000004,
            0.0
        ],
        [
            0.0005253267976341677,
            0.005564870535459239,
            -3.935873408049157e-05,
            0.0005449091178036048,
            0.0004276252534451652,
            -0.004711065458548869,
            -0.006509013900378374,
            0.0017907336946258584,
            -0.008557966801651702,
            0.03196794272472805,
            0.11850371819702608,
            0.04119220988483905,
            -0.001806412736497018,
            0.16707956914818203,
            0.35993052806021913,
            0.0,
            0.0,
            0.0,
            0.0,
            1.0000000000000004
        ]
    ],
    "h": [
        [
            -0.21041393807222897,
            -0.4432345555391438,
            -0.03845663567436976,
            -0.22086496197538535,
            0.062105461903002285,
            -0.5167860820822001,
            -0.4322735444649797,
            0.02060977386475643,
            0.053812286192174374,
            -0.02858989629148523,
            -0.19675886975200704,
            -0.2798471609162073,
            -0.05544106985331403,
            0.2477235442602472,
            0.029993339719754535,
            0.003791910378988444,
            -0.10500043469998542,
            -0.005482779007188292,
            0.04016955135782041,
            -0.001007277384746783
        ],
        [
            -0.4432345555391438,
            -0.309649346655799,
            -0.0333684322550383,
            -0.2038119731036971,
            0.05508186414692067,
            -0.4965961338117628,
            -0.36351894286414643,
            0.06460332184042097,
            0.10131559655139491,
            -0.07865633120913201,
            -0.29080076348111056,
            -0.2949989089439746,
            -0.058429077704572806,
            0.15055607708460586,
            0.04880510945064111,
            -0.10680427674997245,
            -0.17282036450957794,
            -0.007194882636768134,
            0.09550970478327389,
            -0.0129010969978361
        ],
        [
            -0.03845663567436976,
            -0.0333684322550383,
            1.485164385636752,
            -0.033402071242808126,
            0.010682835702998054,
            -0.006831046537507074,
            -0.027640336749382807,
            0.2228841594110489,
            -0.1578466199474513,
            0.048216290364902534,
            -0.0030155286360333787,
            -0.021265675287769053,
            -0.043777925813903745,
            0.01210826913863361,
            0.0026821176607796844,
            0.003361059544187121,
            -0.005112107463439366,
            -0.0017346747486637047,
            -0.0015524629565317428,
            0.0003725792022580182
        ],
        [
            -0.22086496197538535,
            -0.2038119731036971,
            -0.033402071242808126,
            1.2926118607375496,
            0.05494275766198205,
            -0.08748389637348408,
            -0.19154336632680735,
            -0.13912131652281756,
            -0.5932333949279411,
            0.2308800603542812,
            -0.1922204024048601,
            -0.15201388884506542,
            -0.052156716369684636,
            0.1620191367537766,
            0.03435712233277607,
            -0.04045874246476095,
            -0.09171182508690225,
            -0.004733840493515972,
            0.051250029035385995,
            -0.004500085983083124
        ],
        [
            0.062105461903002285,
            0.05508186414692067,
            0.010682835702998054,
            0.05494275766198205,
            1.4754224348052076,
            0.015585784000733904,
            0.047916445165272645,
            0.046485559314969796,
            0.2512405817041323,
            0.1799108835996004,
            0.022707409809063217,
            0.03747956691769954,
            0.009359482653153738,
            -0.03278923859692357,
            -0.04611507023867793,
            0.0015645167630211612,
            0.015516555714131238,
            0.0006821204400249267,
            -0.005272262211344239,
            -0.0014768879239685567
        ],
        [
            -0.5167860820822001,
            -0.4965961338117628,
            -0.006831046537507074,
            -0.08748389637348408,
            0.015585784000733904,
            -0.3457926769066544,
            -0.552984469960696,
            0.10474353687101903,
            0.04898924072948324,
            -0.11516580131986659,
            -0.4562205772175161,
            -0.46505966983565084,
            -0.02446475190581504,
            0.06648550174362677,
            0.023346365348762,
            -0.19553349071453802,
            -0.2874214424663505,
            -0.024273493957131194,
            0.19540388835621542,
            -0.015477874046146109
        ],
        [
            -0.4322735444649797,
            -0.36351894286414643,
            -0.027640336749382807,
            -0.19154336632680735,
            0.047916445165272645,
            -0.552984469960696,
            -0.4238806718141295,
            0.0968696571988629,
            0.018543681553049994,
            -0.10276636367293807,
            -0.4678279002164931,
            -0.40144419417676414,
            -0.06489478290837426,
            0.09025177167061293,
            0.07292630146387002,
            -0.2807051919479703,
            -0.2928070603494338,
            -0.007290812187166193,
            0.16039883507871125,
            -0.0310042785181256
        ],
        [
            0.02060977386475643,
            0.06460332184042097,
            0.2228841594110489,
            -0.13912131652281756,
            0.046485559314969796,
            0.10474353687101903,
            0.0968696571988629,
            1.3940822235417254,
            0.033302465279330354,
            0.032207628074943456,
            0.03508018057759893,
            0.0855863263961394,
            0.12332648854478351,
            0.3010926756299946,
            0.09570070079238097,
            0.06542351933160036,
            0.06571781171287848,
            -0.032901627092494994,
            -0.06731821649438516,
            0.0077221633390224115
        ],
        [
            0.053812286192174374,
            0.10131559655139491,
            -0.1578466199474513,
            -0.5932333949279411,
            0.2512405817041323,
            0.04898924072948324,
            0.018543681553049994,
            0.033302465279330354,
            1.050281141218328,
            0.005381429204411557,
            -0.06504221386977915,
            -0.09124137951993339,
            0.3110067186740215,
            -0.5907368812943865,
            -0.23085832627868902,
            -0.2470601621555155,
            -0.1503726471195415,
            -0.022567922174025645,
            0.17659101227947727,
            -0.02387124355227238
        ],
        [
            -0.02858989629148523,
            -0.07865633120913201,
            0.048216290364902534,
            0.2308800603542812,
            0.1799108835996004,
            -0.11516580131986659,
            -0.10276636367293807,
            0.032207628074943456,
            0.005381429204411557,
            1.3939578092447606,
            -0.02654198755570425,
            -0.07799118652012989,
            0.09684964147082573,
            -0.2279995944889307,
            0.1681766203002487,
            -0.03383194559259215,
            -0.0507670741134484,
            -0.0036187487440206894,
            0.03991479220734069,
            -0.04476888363676625
        ],
        [
            -0.19675886975200704,
            -0.29080076348111056,
            -0.0030155286360333787,
            -0.1922204024048601,
            0.022707409809063217,
            -0.4562205772175161,
            -0.4678279002164931,
            0.03508018057759893,
            -0.06504221386977915,
            -0.02654198755570425,
            -0.3641334754061383,
            -0.5633173687333917,
            -0.06448419236855292,
            -0.07036469951004592,
            0.10897663425962723,
            -0.5339199249705429,
            -0.5064369163322333,
            -0.008298845007369568,
            0.07832810623446429,
            -0.008926301978373297
        ],
        [
            -0.2798471609162073,
            -0.2949989089439746,
            -0.021265675287769053,
            -0.15201388884506542,
            0.03747956691769954,
            -0.46505966983565084,
            -0.40144419417676414,
            0.0855863263961394,
            -0.09124137951993339,
            -0.07799118652012989,
            -0.5633173687333917,
            -0.42880676194992007,
            -0.06128517675976117,
            -0.030069083560255394,
            0.0958164573407059,
            -0.4406565723687541,
            -0.36309309037752335,
            -0.008894090801784969,
            0.20497822153954182,
            -0.04052742248780237
        ],
        [
            -0.05544106985331403,
            -0.058429077704572806,
            -0.043777925813903745,
            -0.052156716369684636,
            0.009359482653153738,
            -0.02446475190581504,
            -0.06489478290837426,
            0.12332648854478351,
            0.3110067186740215,
            0.09684964147082573,
            -0.06448419236855292,
            -0.06128517675976117,
            1.398873842595978,
            0.07122749407405797,
            0.020896020415769236,
            -0.009682485064329737,
            -0.030556330664223964,
            0.2965553881663699,
            0.026335608267373117,
            -0.0032063352456759226
        ],
        [
            0.2477235442602472,
            0.15055607708460586,
            0.01210826913863361,
            0.1620191367537766,
            -0.03278923859692357,
            0.06648550174362677,
            0.09025177167061293,
            0.3010926756299946,
            -0.5907368812943865,
            -0.2279995944889307,
            -0.07036469951004592,
            -0.030069083560255394,
            0.07122749407405797,
            1.0124643024693856,
            0.0015894401604489433,
            -0.04664169207338531,
            -0.11585002366552058,
            0.012266174274088978,
            -0.6323394563080854,
            0.22104742547907918
        ],
        [
            0.029993339719754535,
            0.04880510945064111,
            0.0026821176607796844,
            0.03435712233277607,
            -0.04611507023867793,
            0.023346365348762,
            0.07292630146387002,
            0.09570070079238097,
            -0.23085832627868902,
            0.1681766203002487,
            0.10897663425962723,
            0.0958164573407059,
            0.020896020415769236,
            0.0015894401604489433,
            1.396181231146386,
            0.023276912376700543,
            0.07201888753335906,
            0.00040920144106173714,
            0.2022284382023281,
            0.2466655515891602
        ],
        [
            0.003791910378988444,
            -0.10680427674997245,
            0.003361059544187121,
            -0.04045874246476095,
            0.0015645167630211612,
            -0.19553349071453802,
            -0.2807051919479703,
            0.06542351933160036,
            -0.2470601621555155,
            -0.03383194559259215,
            -0.5339199249705429,
            -0.4406565723687541,
            -0.009682485064329737,
            -0.04664169207338531,
            0.023276912376700543,
            -0.22674174595678886,
            -0.45066444295943775,
            -0.006006196842144165,
            0.24369360337612012,
            -0.05472000994679798
        ],
        [
            -0.10500043469998542,
            -0.17282036450957794,
            -0.005112107463439366,
            -0.09171182508690225,
            0.015516555714131238,
            -0.2874214424663505,
            -0.2928070603494338,
            0.06571781171287848,
            -0.1503726471195415,
            -0.0507670741134484,
            -0.5064369163322333,
            -0.36309309037752335,
            -0.030556330664223964,
            -0.11585002366552058,
            0.07201888753335906,
            -0.45066444295943775,
            -0.30961033980649244,
            -0.006877937604735198,
            0.21813580647721428,
            -0.04687421832391574
        ],
        [
            -0.005482779007188292,
            -0.007194882636768134,
            -0.0017346747486637047,
            -0.004733840493515972,
            0.0006821204400249267,
            -0.024273493957131194,
            -0.007290812187166193,
            -0.032901627092494994,
            -0.022567922174025645,
            -0.0036187487440206894,
            -0.008298845007369568,
            -0.008894090801784969,
            0.2965553881663699,
            0.012266174274088978,
            0.00040920144106173714,
            -0.006006196842144165,
            -0.006877937604735198,
            1.4902130439188725,
            0.0058569381062847006,
            -0.0003596455118978403
        ],
        [
            0.04016955135782041,
            0.09550970478327389,
            -0.0015524629565317428,
            0.051250029035385995,
            -0.005272262211344239,
            0.19540388835621542,
            0.16039883507871125,
            -0.06731821649438516,
            0.17659101227947727,
            0.03991479220734069,
            0.07832810623446429,
            0.20497822153954182,
            0.026335608267373117,
            -0.6323394563080854,
            0.2022284382023281,
            0.24369360337612012,
            0.21813580647721428,
            0.0058569381062847006,
            1.2629826820043804,
            0.050499369185195424
        ],
        [
            -0.001007277384746783,
            -0.0129010969978361,
            0.0003725792022580182,
            -0.004500085983083124,
            -0.0014768879239685567,
            -0.015477874046146109,
            -0.0310042785181256,
            0.0077221633390224115,
            -0.02387124355227238,
            -0.04476888363676625,
            -0.008926301978373297,
            -0.04052742248780237,
            -0.0032063352456759226,
            0.22104742547907918,
            0.2466655515891602,
            -0.05472000994679798,
            -0.04687421832391574,
            -0.0003596455118978403,
            0.050499369185195424,
            1.4785866636763643
        ]
    ]
}