{
    "HF": -2.122719511014771,
    "coordinates": [
        [
            0.754305,
            -0.09535,
            -0.113837
        ],
        [
            1.401799,
            -0.133644,
            0.092677
        ],
        [
            2.096581,
            -0.187958,
            -0.120386
        ],
        [
            2.802718,
            -0.041402,
            0.140565
        ]
    ],
    "elements": [
        "H",
        "H",
        "H",
        "H"
    ],
    "Enn": 3.219801436906618,
    "S": [
        [
            0.9999999999999999,
            0.6848602514927513,
            0.0,
            0.0,
            0.0,
            0.6188589972483787,
            0.5824238219757083,
            -0.16616890790309324,
            -0.5209979510048013,
            0.030812788281864963,
            0.18322591290186846,
            0.363870082327889,
            0.0011474500530192263,
            -0.23518012938867455,
            0.016225844328905812,
            0.023501855678736732,
            0.15478463036638937,
            -0.0036642835537460407,
            -0.029504351644953998,
            -0.0007770409397626252
        ],
        [
            0.6848602514927513,
            1.0000000000000002,
            0.0,
            0.0,
            0.0,
            0.5824238219757083,
            0.9039903029466742,
            -0.04727459184260866,
            -0.14822246709926726,
            0.008766152512763574,
            0.363870082327889,
            0.6741168305200341,
            0.0009070237651530582,
            -0.1859026158794606,
            0.012826027919269277,
            0.15478463036638937,
            0.3950405337866143,
            -0.014108477169321003,
            -0.11359968885401979,
            -0.0029918165986530356
        ],
        [
            0.0,
            0.0,
            1.0000000000000004,
            0.0,
            0.0,
            0.16616890790309324,
            0.047274591842608675,
            0.4873232055341874,
            -0.1902377013889176,
            0.011251011649509058,
            -0.0011474500530192268,
            -0.000907023765153058,
            0.09536339660418107,
            0.0021766020406607956,
            -0.0001501708752756623,
            0.0036642835537460394,
            0.014108477169321003,
            0.0032846678308926236,
            -0.005341352322403834,
            -0.0001406724498863471
        ],
        [
            0.0,
            0.0,
            0.0,
            1.0000000000000004,
            0.0,
            0.5209979510048011,
            0.14822246709926726,
            -0.19023770138891766,
            -0.04846379804661538,
            0.035275877359342324,
            0.2351801293886747,
            0.18590261587946091,
            0.0021766020406607874,
            -0.35073999816186896,
            0.03077886116682153,
            0.029504351644954,
            0.11359968885401979,
            -0.005341352322403836,
            -0.03905986367159801,
            -0.001132676925059717
        ],
        [
            0.0,
            0.0,
            0.0,
            0.0,
            1.0000000000000004,
            -0.03081278828186494,
            -0.008766152512763574,
            0.011251011649509049,
            0.03527587735934228,
            0.5459120020589927,
            -0.016225844328905812,
            -0.01282602791926929,
            -0.0001501708752756617,
            0.030778861166821516,
            0.0932504822645276,
            0.0007770409397626249,
            0.0029918165986530356,
            -0.0001406724498863472,
            -0.0011326769250597174,
            0.0039182046512364985
        ],
        [
            0.6188589972483787,
            0.5824238219757083,
            0.16616890790309324,
            0.5209979510048011,
            -0.03081278828186494,
            0.9999999999999999,
            0.6848602514927513,
            0.0,
            0.0,
            0.0,
            0.579804857665569,
            0.5688027484234737,
            0.1579044552484093,
            -0.5149142423902802,
            0.04025298893924376,
            0.15914985599643003,
            0.3437481629568993,
            -0.007058035697147637,
            -0.20647628447236,
            -0.01359520816856609
        ],
        [
            0.5824238219757083,
            0.9039903029466742,
            0.04727459184260866,
            0.14822246709926726,
            -0.008766152512763574,
            0.6848602514927513,
            1.0000000000000002,
            0.0,
            0.0,
            0.0,
            0.5688027484234737,
            0.8907556358514684,
            0.047557254407136824,
            -0.15508053642114913,
            0.012123290838246094,
            0.3437481629568993,
            0.6505935054902272,
            -0.006240978814315705,
            -0.1825740435928064,
            -0.012021390907745332
        ],
        [
            -0.16616890790309324,
            -0.047274591842608675,
            0.4873232055341874,
            -0.19023770138891766,
            0.011251011649509049,
            0.0,
            0.0,
            1.0000000000000004,
            0.0,
            0.0,
            -0.1579044552484093,
            -0.04755725440713681,
            0.4427417697351825,
            0.19288537013697327,
            -0.015078651999648161,
            0.007058035697147637,
            0.006240978814315691,
            0.07672134437052332,
            -0.013442543564018939,
            -0.0008851097768195273
        ],
        [
            -0.5209979510048008,
            -0.14822246709926726,
            -0.1902377013889176,
            -0.04846379804661556,
            0.03527587735934228,
            0.0,
            0.0,
            0.0,
            1.0000000000000004,
            0.0,
            0.5149142423902802,
            0.1550805364211491,
            0.19288537013697313,
            -0.12709198908597974,
            0.04917032048558193,
            0.20647628447236,
            0.1825740435928066,
            -0.013442543564018942,
            -0.31606828276356824,
            -0.025893065140165296
        ],
        [
            0.03081278828186494,
            0.008766152512763574,
            0.011251011649509058,
            0.035275877359342324,
            0.5459120020589927,
            0.0,
            0.0,
            0.0,
            0.0,
            1.0000000000000004,
            -0.04025298893924376,
            -0.012123290838246092,
            -0.015078651999648177,
            0.04917032048558202,
            0.49804846857113394,
            0.013595208168566082,
            0.012021390907745325,
            -0.000885109776819527,
            -0.02589306514016528,
            0.07547595360313036
        ],
        [
            0.18322591290186846,
            0.363870082327889,
            -0.0011474500530192263,
            0.2351801293886746,
            -0.016225844328905805,
            0.579804857665569,
            0.5688027484234737,
            -0.1579044552484093,
            0.5149142423902806,
            -0.04025298893924376,
            0.9999999999999999,
            0.6848602514927513,
            0.0,
            0.0,
            0.0,
            0.5490879403362032,
            0.5575571149115873,
            -0.18053403017239852,
            -0.4885275720876603,
            -0.10139200587829146
        ],
        [
            0.363870082327889,
            0.6741168305200341,
            -0.0009070237651530582,
            0.18590261587946072,
            -0.012826027919269293,
            0.5688027484234737,
            0.8907556358514684,
            -0.047557254407136824,
            0.15508053642114952,
            -0.012123290838246094,
            0.6848602514927513,
            1.0000000000000002,
            0.0,
            0.0,
            0.0,
            0.5575571149115873,
            0.8797378680411977,
            -0.057017816406220015,
            -0.15429099648454653,
            -0.03202249886465267
        ],
        [
            0.0011474500530192265,
            0.000907023765153058,
            0.09536339660418107,
            0.002176602040660786,
            -0.0001501708752756617,
            0.1579044552484093,
            0.04755725440713681,
            0.4427417697351825,
            0.19288537013697313,
            -0.015078651999648177,
            0.0,
            0.0,
            1.0000000000000004,
            0.0,
            0.0,
            0.18053403017239852,
            0.05701781640621999,
            0.3836300297662345,
            -0.2229361004151116,
            -0.04626952437336815
        ],
        [
            -0.23518012938867475,
            -0.1859026158794608,
            0.002176602040660797,
            -0.35073999816186896,
            0.030778861166821533,
            -0.5149142423902802,
            -0.1550805364211491,
            0.19288537013697327,
            -0.12709198908597974,
            0.04917032048558202,
            0.0,
            0.0,
            0.0,
            1.0000000000000004,
            0.0,
            0.4885275720876603,
            0.15429099648454653,
            -0.2229361004151113,
            -0.13725270128453734,
            -0.12520597021064128
        ],
        [
            0.01622584432890582,
            0.012826027919269276,
            -0.0001501708752756623,
            0.030778861166821513,
            0.0932504822645276,
            0.04025298893924376,
            0.012123290838246092,
            -0.015078651999648161,
            0.04917032048558193,
            0.4980484685711339,
            0.0,
            0.0,
            0.0,
            0.0,
            1.0000000000000004,
            0.10139200587829143,
            0.03202249886465265,
            -0.04626952437336813,
            -0.12520597021064142,
            0.4400294425844737
        ],
        [
            0.023501855678736732,
            0.15478463036638937,
            0.0036642835537460407,
            0.029504351644954,
            0.0007770409397626249,
            0.15914985599643003,
            0.3437481629568993,
            0.007058035697147637,
            0.20647628447236008,
            0.013595208168566093,
            0.5490879403362032,
            0.5575571149115873,
            0.18053403017239852,
            0.4885275720876603,
            0.10139200587829147,
            0.9999999999999999,
            0.6848602514927513,
            0.0,
            0.0,
            0.0
        ],
        [
            0.15478463036638937,
            0.3950405337866143,
            0.014108477169321003,
            0.11359968885401975,
            0.0029918165986530356,
            0.3437481629568993,
            0.6505935054902272,
            0.006240978814315692,
            0.18257404359280663,
            0.012021390907745325,
            0.5575571149115873,
            0.8797378680411977,
            0.057017816406220015,
            0.15429099648454725,
            0.03202249886465266,
            0.6848602514927513,
            1.0000000000000002,
            0.0,
            0.0,
            0.0
        ],
        [
            -0.0036642835537460394,
            -0.014108477169320996,
            0.0032846678308926236,
            -0.005341352322403834,
            -0.00014067244988634717,
            -0.007058035697147637,
            -0.006240978814315705,
            0.07672134437052332,
            -0.013442543564018942,
            -0.0008851097768195271,
            -0.18053403017239852,
            -0.05701781640621999,
            0.3836300297662345,
            -0.2229361004151113,
            -0.04626952437336815,
            0.0,
            0.0,
            1.0000000000000004,
            0.0,
            0.0
        ],
        [
            -0.029504351644953998,
            -0.11359968885401979,
            -0.005341352322403837,
            -0.03905986367159801,
            -0.0011326769250597174,
            -0.20647628447236,
            -0.18257404359280682,
            -0.013442543564018939,
            -0.3160682827635683,
            -0.025893065140165282,
            -0.4885275720876603,
            -0.15429099648454653,
            -0.2229361004151116,
            -0.13725270128453718,
            -0.12520597021064145,
            0.0,
            0.0,
            0.0,
            1.0000000000000004,
            0.0
        ],
        [
            -0.0007770409397626252,
            -0.0029918165986530356,
            -0.00014067244988634717,
            -0.0011326769250597168,
            0.0039182046512364985,
            -0.013595208168566084,
            -0.012021390907745325,
            -0.0008851097768195271,
            -0.025893065140165292,
            0.07547595360313036,
            -0.10139200587829145,
            -0.032022498864652645,
            -0.04626952437336813,
            -0.12520597021064125,
            0.4400294425844737,
            0.0,
            0.0,
            0.0,
            0.0,
            1.0000000000000004
        ]
    ],
    "h": [
        [
            -0.3387811152602829,
            -0.499002647969929,
            -0.09514785519684016,
            -0.33217236445657866,
            0.02151434749166499,
            -0.6459373034729616,
            -0.49593521805165885,
            0.030358242094420285,
            -0.00842975003786628,
            0.005332561155552869,
            -0.33082208739507946,
            -0.3651868100697916,
            -0.04823277570884503,
            0.3655727535731162,
            -0.021151531334626203,
            -0.04191166984198171,
            -0.18138444725392422,
            0.013065411279448368,
            0.10792336540771127,
            0.006727677258054775
        ],
        [
            -0.499002647969929,
            -0.32716183635574425,
            -0.0712598993650069,
            -0.269613137939285,
            0.017484569594716292,
            -0.5834065442416012,
            -0.37981938673385796,
            0.10766000847842629,
            0.0931123453222564,
            -0.0027979651480495547,
            -0.3925807873702436,
            -0.3381369214782879,
            -0.07016378255621708,
            0.21032452995825573,
            -0.026560947161247194,
            -0.17594719778237322,
            -0.2295535173076244,
            0.03250919314875179,
            0.14045169681673314,
            0.0197044559472805
        ],
        [
            -0.09514785519684016,
            -0.0712598993650069,
            1.434664306356188,
            -0.08625710009919496,
            0.005173845210454768,
            -0.0039030841885309697,
            -0.06411612374944328,
            0.4252423651734837,
            -0.28518947094524033,
            0.01734941419612499,
            -0.045103518901197015,
            -0.05410569052920079,
            -0.053282985971270014,
            0.06999924129095983,
            -0.004860368539655492,
            -0.010171857057894064,
            -0.027808121965759408,
            -0.008672514122495777,
            0.020456933766721443,
            0.001059094257924451
        ],
        [
            -0.33217236445657866,
            -0.269613137939285,
            -0.08625710009919496,
            1.1462150161469797,
            0.019588600374137205,
            -0.0967617421824547,
            -0.2683112204306507,
            -0.2418137398057738,
            -0.4318965513300075,
            0.05776891590178038,
            -0.29065279897670365,
            -0.22568710138589304,
            -0.0661484580508526,
            0.05236424312493204,
            -0.010687297331563116,
            -0.11122596364273064,
            -0.15438101833802612,
            0.02404500219820343,
            0.14707692492341376,
            0.010656546713195457
        ],
        [
            0.02151434749166499,
            0.017484569594716292,
            0.005173845210454768,
            0.019588600374137205,
            1.4610622896980079,
            0.007538901070186732,
            0.017200966818621675,
            0.013792552524203226,
            0.05485668518340929,
            0.5086703125248464,
            0.01775982463503628,
            0.013834049594180477,
            0.004009389292775754,
            -0.005583248259356313,
            -0.03992317504326745,
            0.0020868833066543225,
            0.007994937350390165,
            -0.0003488336132548669,
            -0.0012382030086132622,
            -0.011251014786698594
        ],
        [
            -0.6459373034729616,
            -0.5834065442416012,
            -0.0039030841885309697,
            -0.0967617421824547,
            0.007538901070186732,
            -0.5342471377178128,
            -0.6373803321697858,
            0.1689302414851091,
            0.0518235196227054,
            0.0010340209407809328,
            -0.5866490575733314,
            -0.5583970737785987,
            -0.02716931290826652,
            0.0873233368229045,
            -0.019287773705464806,
            -0.2899910216595612,
            -0.3770707797110388,
            0.05055387333272994,
            0.26279398375766005,
            0.03415479325927719
        ],
        [
            -0.49593521805165885,
            -0.37981938673385796,
            -0.06411612374944328,
            -0.2683112204306507,
            0.017200966818621675,
            -0.6373803321697858,
            -0.4427500415587293,
            0.12783870742253997,
            -0.0063761936052783574,
            0.0009966383442631707,
            -0.547857001849442,
            -0.42731200283212223,
            -0.10129382800114509,
            0.1509652896701758,
            -0.04283346360351291,
            -0.33617952181017974,
            -0.3288813632313199,
            0.05819911824493729,
            0.19552543932227207,
            0.03464961183635695
        ],
        [
            0.030358242094420285,
            0.10766000847842629,
            0.4252423651734837,
            -0.2418137398057738,
            0.013792552524203226,
            0.1689302414851091,
            0.12783870742253997,
            1.3245359952503313,
            -0.017436905695721282,
            -0.0007034633044953266,
            0.025572063176162285,
            0.09951875344327657,
            0.3480736851547659,
            0.23388677285218484,
            -0.017932006022882585,
            0.03622994461321967,
            0.06486282193102312,
            -0.056003460689582785,
            -0.05736861903768444,
            -0.0081586013011949
        ],
        [
            -0.00842975003786628,
            0.0931123453222564,
            -0.28518947094524033,
            -0.4318965513300075,
            0.05485668518340929,
            0.0518235196227054,
            -0.0063761936052783574,
            -0.017436905695721282,
            0.7660517472378439,
            0.03334140956048988,
            -0.05221463322169917,
            -0.12850083378454746,
            0.24034355206220898,
            -0.6713802454282365,
            0.053652094943297896,
            -0.3374656395044723,
            -0.1982393576714101,
            0.06777866063800356,
            0.08303888350128541,
            0.036138628627228116
        ],
        [
            0.005332561155552869,
            -0.0027979651480495547,
            0.01734941419612499,
            0.05776891590178038,
            0.5086703125248464,
            0.0010340209407809328,
            0.0009966383442631707,
            -0.0007034633044953266,
            0.03334140956048988,
            1.3738187448590389,
            -0.006796791966682328,
            0.00438302004555249,
            -0.022480681199144065,
            0.07406156479174038,
            0.4213667280753145,
            0.003276637954665297,
            0.007609772186285207,
            -0.002133877959209355,
            -0.01585963395769157,
            -0.04516636889466005
        ],
        [
            -0.33082208739507946,
            -0.3925807873702436,
            -0.045103518901197015,
            -0.29065279897670365,
            0.01775982463503628,
            -0.5866490575733314,
            -0.547857001849442,
            0.025572063176162285,
            -0.05221463322169917,
            -0.006796791966682328,
            -0.47528385811449203,
            -0.6165346930207651,
            -0.16379381308295327,
            0.006842682199254033,
            -0.07032552910239101,
            -0.5858540430382838,
            -0.552626246836126,
            0.0123446498390401,
            0.09416155596086706,
            0.010778755412636454
        ],
        [
            -0.3651868100697916,
            -0.3381369214782879,
            -0.05410569052920079,
            -0.22568710138589304,
            0.013834049594180477,
            -0.5583970737785987,
            -0.42731200283212223,
            0.09951875344327657,
            -0.12850083378454746,
            0.00438302004555249,
            -0.6165346930207651,
            -0.44174720927108835,
            -0.13014300262469625,
            0.034493229404109066,
            -0.056997438162042315,
            -0.46430617293908116,
            -0.37494353359700283,
            0.06810337123664678,
            0.23305028487648727,
            0.041317396735572706
        ],
        [
            -0.04823277570884503,
            -0.07016378255621708,
            -0.053282985971270014,
            -0.0661484580508526,
            0.004009389292775754,
            -0.02716931290826652,
            -0.10129382800114509,
            0.3480736851547659,
            0.24034355206220898,
            -0.022480681199144065,
            -0.16379381308295327,
            -0.13014300262469625,
            1.338137431948822,
            -0.011215774262679595,
            -0.02325297263708634,
            -0.03179089738614771,
            -0.10732075611438961,
            0.2796248597520195,
            -0.27844835808587287,
            -0.06132752487350818
        ],
        [
            0.3655727535731162,
            0.21032452995825573,
            0.06999924129095983,
            0.05236424312493204,
            -0.005583248259356313,
            0.0873233368229045,
            0.1509652896701758,
            0.23388677285218484,
            -0.6713802454282365,
            0.07406156479174038,
            0.006842682199254033,
            0.034493229404109066,
            -0.011215774262679595,
            0.820429208357734,
            -0.025724365965554094,
            -0.01873392129111895,
            -0.07997490488253889,
            -0.31741577799052445,
            -0.5035095038273647,
            -0.17898090943172018
        ],
        [
            -0.021151531334626203,
            -0.026560947161247194,
            -0.004860368539655492,
            -0.010687297331563116,
            -0.03992317504326745,
            -0.019287773705464806,
            -0.04283346360351291,
            -0.017932006022882585,
            0.053652094943297896,
            0.4213667280753145,
            -0.07032552910239101,
            -0.056997438162042315,
            -0.02325297263708634,
            -0.025724365965554094,
            1.3809514846042235,
            -0.010972656102106376,
            -0.04925968152651062,
            -0.06382888023091178,
            -0.16372628083844426,
            0.3559681938347137
        ],
        [
            -0.04191166984198171,
            -0.17594719778237322,
            -0.010171857057894064,
            -0.11122596364273064,
            0.0020868833066543225,
            -0.2899910216595612,
            -0.33617952181017974,
            0.03622994461321967,
            -0.3374656395044723,
            0.003276637954665297,
            -0.5858540430382838,
            -0.46430617293908116,
            -0.03179089738614771,
            -0.01873392129111895,
            -0.010972656102106376,
            -0.27305045899001557,
            -0.4724031846667971,
            0.0936814898669965,
            0.2757130105815026,
            0.05490838076444402
        ],
        [
            -0.18138444725392422,
            -0.2295535173076244,
            -0.027808121965759408,
            -0.15438101833802612,
            0.007994937350390165,
            -0.3770707797110388,
            -0.3288813632313199,
            0.06486282193102312,
            -0.1982393576714101,
            0.007609772186285207,
            -0.552626246836126,
            -0.37494353359700283,
            -0.10732075611438961,
            -0.07997490488253889,
            -0.04925968152651062,
            -0.4724031846667971,
            -0.31955166290850157,
            0.0763209096826066,
            0.23837057576219853,
            0.04538722355250338
        ],
        [
            0.013065411279448368,
            0.03250919314875179,
            -0.008672514122495777,
            0.02404500219820343,
            -0.0003488336132548669,
            0.05055387333272994,
            0.05819911824493729,
            -0.056003460689582785,
            0.06777866063800356,
            -0.002133877959209355,
            0.0123446498390401,
            0.06810337123664678,
            0.2796248597520195,
            -0.31741577799052445,
            -0.06382888023091178,
            0.0936814898669965,
            0.0763209096826066,
            1.4567902701582482,
            -0.0828930082054287,
            -0.017191539736886075
        ],
        [
            0.10792336540771127,
            0.14045169681673314,
            0.020456933766721443,
            0.14707692492341376,
            -0.0012382030086132622,
            0.26279398375766005,
            0.19552543932227207,
            -0.05736861903768444,
            0.08303888350128541,
            -0.01585963395769157,
            0.09416155596086706,
            0.23305028487648727,
            -0.27844835808587287,
            -0.5035095038273647,
            -0.16372628083844426,
            0.2757130105815026,
            0.23837057576219853,
            -0.0828930082054287,
            1.232175680862865,
            -0.0485055582885305
        ],
        [
            0.006727677258054775,
            0.0197044559472805,
            0.001059094257924451,
            0.010656546713195457,
            -0.011251014786698594,
            0.03415479325927719,
            0.03464961183635695,
            -0.0081586013011949,
            0.036138628627228116,
            -0.04516636889466005,
            0.010778755412636454,
            0.041317396735572706,
            -0.06132752487350818,
            -0.17898090943172018,
            0.3559681938347137,
            0.05490838076444402,
            0.04538722355250338,
            -0.017191539736886075,
            -0.0485055582885305,
            1.4774039123694438
        ]
    ]
}