{
    "HF": -2.1407649399397553,
    "coordinates": [
        [
            0.837129,
            -0.045206,
            -0.084411
        ],
        [
            1.575859,
            0.117698,
            -0.043267
        ],
        [
            2.313204,
            0.161469,
            0.112255
        ],
        [
            2.984377,
            0.028442,
            0.092919
        ]
    ],
    "elements": [
        "H",
        "H",
        "H",
        "H"
    ],
    "Enn": 3.143291179084576,
    "S": [
        [
            0.9999999999999999,
            0.6848602514927513,
            0.0,
            0.0,
            0.0,
            0.5565682043074093,
            0.5603409775098143,
            -0.028956079000099146,
            -0.5198989947439054,
            -0.11464760580964786,
            0.12446977116560645,
            0.311024049431699,
            -0.021464350807082654,
            -0.16110050348084834,
            -0.022556744445170022,
            0.017189567979328912,
            0.13543473175946305,
            -0.0017446043649993492,
            -0.021125011185564323,
            -0.0007245622414338919
        ],
        [
            0.6848602514927513,
            1.0000000000000002,
            0.0,
            0.0,
            0.0,
            0.5603409775098143,
            0.8824731384974661,
            -0.009037890450522426,
            -0.16227301216494355,
            -0.03578428217849272,
            0.311024049431699,
            0.611189468848776,
            -0.023029566329947158,
            -0.17284821535230654,
            -0.024201619096548613,
            0.13543473175946305,
            0.3633468032217255,
            -0.00852196111846445,
            -0.10319045828512122,
            -0.003539307463219251
        ],
        [
            0.0,
            0.0,
            1.0000000000000004,
            0.0,
            0.0,
            0.028956079000099146,
            0.009037890450522413,
            0.47263017649316114,
            -0.03745921826791044,
            -0.008260469309105742,
            0.02146435080708265,
            0.023029566329947137,
            0.047847752600176895,
            -0.04008559308907597,
            -0.00561264837605459,
            0.0017446043649993487,
            0.008521961118464443,
            0.002202729706298922,
            -0.0023710692829576334,
            -8.132479832383768e-05
        ],
        [
            0.0,
            0.0,
            0.0,
            1.0000000000000004,
            0.0,
            0.5198989947439056,
            0.16227301216494333,
            -0.03745921826791047,
            -0.1978541965591477,
            -0.14831461434755216,
            0.16110050348084828,
            0.1728482153523065,
            -0.040085593089075985,
            -0.24767349221332693,
            -0.042125684926142694,
            0.02112501118556433,
            0.1031904582851212,
            -0.0023710692829576343,
            -0.026312186202481203,
            -0.0009847431937701678
        ],
        [
            0.0,
            0.0,
            0.0,
            0.0,
            1.0000000000000004,
            0.11464760580964788,
            0.03578428217849272,
            -0.008260469309105742,
            -0.14831461434755205,
            0.44201029932659325,
            0.022556744445170022,
            0.024201619096548596,
            -0.005612648376054592,
            -0.04212568492614269,
            0.04729029265968991,
            0.0007245622414338919,
            0.0035393074632192466,
            -8.132479832383768e-05,
            -0.0009847431937701674,
            0.002364768441094387
        ],
        [
            0.5565682043074093,
            0.5603409775098143,
            0.028956079000099146,
            0.5198989947439054,
            0.11464760580964786,
            0.9999999999999999,
            0.6848602514927513,
            0.0,
            0.0,
            0.0,
            0.5587803713291574,
            0.5611585777001978,
            -0.11000279932290996,
            -0.5215340213394313,
            -0.03095981616210626,
            0.15415337894598938,
            0.33933263656923046,
            -0.019302788900004197,
            -0.19964112034905288,
            0.012651004699886736
        ],
        [
            0.5603409775098143,
            0.8824731384974661,
            0.009037890450522416,
            0.1622730121649434,
            0.03578428217849271,
            0.6848602514927513,
            1.0000000000000002,
            0.0,
            0.0,
            0.0,
            0.5611585777001978,
            0.8832754844251955,
            -0.03421592832225885,
            -0.16222105984218305,
            -0.009629926303632859,
            0.3393326365692304,
            0.6453623858115801,
            -0.017504671280626927,
            -0.18104390012810465,
            0.011472522431260465
        ],
        [
            -0.02895607900009915,
            -0.009037890450522425,
            0.47263017649316114,
            -0.03745921826791047,
            -0.008260469309105742,
            0.0,
            0.0,
            1.0000000000000004,
            0.0,
            0.0,
            0.11000279932290993,
            0.034215928322258816,
            0.4473232276198474,
            -0.14209570464267135,
            -0.008435225149576352,
            0.0193027889000042,
            0.017504671280626938,
            0.07001406668426799,
            -0.03663058374211534,
            0.0023212336530212935
        ],
        [
            -0.5198989947439052,
            -0.16227301216494316,
            -0.03745921826791044,
            -0.1978541965591477,
            -0.14831461434755205,
            0.0,
            0.0,
            0.0,
            1.0000000000000004,
            0.0,
            0.521534021339431,
            0.16222105984218266,
            -0.14209570464267143,
            -0.19639533818746077,
            -0.039992226745504664,
            0.19964112034905288,
            0.18104390012810484,
            -0.0366305837421153,
            -0.305299873283626,
            0.02400760270869431
        ],
        [
            -0.11464760580964788,
            -0.03578428217849271,
            -0.008260469309105742,
            -0.14831461434755216,
            0.44201029932659325,
            0.0,
            0.0,
            0.0,
            0.0,
            1.0000000000000004,
            0.030959816162106257,
            0.00962992630363288,
            -0.008435225149576345,
            -0.03999222674550461,
            0.47492022552525137,
            -0.012651004699886736,
            -0.011472522431260469,
            0.0023212336530212922,
            0.02400760270869433,
            0.07203445271422039
        ],
        [
            0.12446977116560645,
            0.311024049431699,
            0.021464350807082654,
            0.16110050348084834,
            0.022556744445170022,
            0.5587803713291574,
            0.5611585777001978,
            0.11000279932290996,
            0.5215340213394313,
            0.0309598161621063,
            0.9999999999999999,
            0.6848602514927513,
            0.0,
            0.0,
            0.0,
            0.615762551971837,
            0.5813701604210925,
            0.015460467171023779,
            -0.536649158697639,
            0.10636427215348476
        ],
        [
            0.311024049431699,
            0.611189468848776,
            0.023029566329947158,
            0.17284821535230654,
            0.024201619096548607,
            0.5611585777001978,
            0.8832754844251955,
            0.03421592832225885,
            0.16222105984218269,
            0.009629926303632859,
            0.6848602514927513,
            1.0000000000000002,
            0.0,
            0.0,
            0.0,
            0.5813701604210925,
            0.902970766747801,
            0.004417795533413949,
            -0.1533463529968995,
            0.03039336400617808
        ],
        [
            -0.02146435080708265,
            -0.023029566329947137,
            0.047847752600176895,
            -0.040085593089075985,
            -0.00561264837605459,
            -0.11000279932290993,
            -0.03421592832225882,
            0.4473232276198474,
            -0.14209570464267135,
            -0.008435225149576342,
            0.0,
            0.0,
            1.0000000000000004,
            0.0,
            0.0,
            -0.015460467171023779,
            -0.004417795533413949,
            0.5437972906276477,
            0.01833969270421348,
            -0.003634941067896664
        ],
        [
            -0.16110050348084834,
            -0.1728482153523065,
            -0.04008559308907597,
            -0.24767349221332685,
            -0.04212568492614268,
            -0.521534021339431,
            -0.1622210598421823,
            -0.14209570464267143,
            -0.19639533818746077,
            -0.03999222674550461,
            0.0,
            0.0,
            0.0,
            1.0000000000000004,
            0.0,
            0.536649158697639,
            0.1533463529968995,
            0.018339692704213505,
            -0.09226447689878486,
            0.1261726469468045
        ],
        [
            -0.022556744445170022,
            -0.024201619096548593,
            -0.005612648376054592,
            -0.0421256849261427,
            0.04729029265968991,
            -0.03095981616210626,
            -0.009629926303632857,
            -0.008435225149576358,
            -0.039992226745504664,
            0.47492022552525137,
            0.0,
            0.0,
            0.0,
            0.0,
            1.0000000000000004,
            -0.10636427215348473,
            -0.03039336400617809,
            -0.003634941067896664,
            0.12617264694680433,
            0.5193181289103798
        ],
        [
            0.017189567979328912,
            0.13543473175946305,
            0.0017446043649993492,
            0.021125011185564323,
            0.0007245622414338919,
            0.15415337894598938,
            0.33933263656923046,
            0.019302788900004197,
            0.19964112034905288,
            -0.012651004699886736,
            0.615762551971837,
            0.5813701604210925,
            -0.015460467171023779,
            0.536649158697639,
            -0.10636427215348476,
            0.9999999999999999,
            0.6848602514927513,
            0.0,
            0.0,
            0.0
        ],
        [
            0.13543473175946305,
            0.3633468032217255,
            0.00852196111846445,
            0.10319045828512122,
            0.0035393074632192496,
            0.3393326365692304,
            0.6453623858115801,
            0.017504671280626927,
            0.18104390012810484,
            -0.011472522431260469,
            0.5813701604210925,
            0.902970766747801,
            -0.004417795533413949,
            0.1533463529968995,
            -0.03039336400617809,
            0.6848602514927513,
            1.0000000000000002,
            0.0,
            0.0,
            0.0
        ],
        [
            -0.0017446043649993487,
            -0.008521961118464443,
            0.002202729706298922,
            -0.0023710692829576334,
            -8.132479832383768e-05,
            -0.0193027889000042,
            -0.01750467128062694,
            0.07001406668426799,
            -0.03663058374211532,
            0.0023212336530212935,
            0.015460467171023779,
            0.004417795533413949,
            0.5437972906276477,
            0.018339692704213505,
            -0.003634941067896664,
            0.0,
            0.0,
            1.0000000000000004,
            0.0,
            0.0
        ],
        [
            -0.021125011185564323,
            -0.10319045828512113,
            -0.0023710692829576343,
            -0.026312186202481203,
            -0.0009847431937701678,
            -0.19964112034905288,
            -0.18104390012810465,
            -0.03663058374211533,
            -0.305299873283626,
            0.02400760270869433,
            -0.536649158697639,
            -0.1533463529968995,
            0.01833969270421348,
            -0.09226447689878486,
            0.12617264694680433,
            0.0,
            0.0,
            0.0,
            1.0000000000000004,
            0.0
        ],
        [
            -0.0007245622414338919,
            -0.003539307463219248,
            -8.132479832383768e-05,
            -0.0009847431937701674,
            0.002364768441094387,
            0.012651004699886736,
            0.011472522431260465,
            0.0023212336530212922,
            0.02400760270869431,
            0.07203445271422039,
            0.10636427215348473,
            0.03039336400617807,
            -0.003634941067896664,
            0.1261726469468045,
            0.5193181289103798,
            0.0,
            0.0,
            0.0,
            0.0,
            1.0000000000000004
        ]
    ],
    "h": [
        [
            -0.27003151464615716,
            -0.4684360859937893,
            -0.017559785727263803,
            -0.28769169317906673,
            -0.0636836786552917,
            -0.5818156606414955,
            -0.4614188585771293,
            -0.004354886083460137,
            0.019381050718663473,
            0.0038562641465932634,
            -0.2519587233221772,
            -0.31600899539473437,
            0.051001459214805096,
            0.31925122680560813,
            0.025459917851702443,
            -0.025383161863944598,
            -0.15663121622783716,
            0.007209069153267143,
            0.08640406951439833,
            -0.0016527147412138403
        ],
        [
            -0.4684360859937893,
            -0.31121681204646734,
            -0.015672433555784453,
            -0.24318805041699318,
            -0.052894448792405596,
            -0.5445315184081854,
            -0.3663449379159036,
            -0.010546451850879868,
            0.10389912025139869,
            0.038980376565003826,
            -0.3447547161505723,
            -0.3125412492190598,
            0.044141574469082276,
            0.18585877675179846,
            0.02414307396658246,
            -0.15959777090267846,
            -0.21113913685574426,
            0.003890970374167394,
            0.13707729884753914,
            -0.01660986260824269
        ],
        [
            -0.017559785727263803,
            -0.015672433555784453,
            1.4883312346773065,
            -0.01714549299617012,
            -0.0035930674600224456,
            -0.008231745691785267,
            -0.016240642767226997,
            0.4047498636376685,
            -0.05702954515255687,
            -0.011440808605016142,
            -0.023771458108122562,
            -0.01301872652906446,
            -0.04308982673421016,
            0.015664592175483327,
            0.0013906490223315748,
            -0.008225833864463478,
            -0.010282133306275346,
            -0.0066551923187552955,
            0.010643545380157955,
            -0.0003284991993033902
        ],
        [
            -0.28769169317906673,
            -0.24318805041699318,
            -0.01714549299617012,
            1.214505666206326,
            -0.059464209771905585,
            -0.07350410879834302,
            -0.23281216107382052,
            -0.06467436280915449,
            -0.5798030528248863,
            -0.20892067572215317,
            -0.24714965725790522,
            -0.18897029950595368,
            0.04340201462142146,
            0.17555078611489572,
            0.019005455254326176,
            -0.08303208402231518,
            -0.12727146578388113,
            0.008448798360799387,
            0.11538031369629789,
            -0.0027344773602704306
        ],
        [
            -0.0636836786552917,
            -0.052894448792405596,
            -0.0035930674600224456,
            -0.059464209771905585,
            1.476555562786113,
            -0.013269139417806747,
            -0.048973904876657405,
            -0.01344725348794346,
            -0.21430675127451848,
            0.3629114416589486,
            -0.04306847832910898,
            -0.03918221480601668,
            0.008772627373662651,
            0.04693927284843384,
            -0.04258701325116235,
            -0.007683932600429258,
            -0.022178622028791374,
            0.0007309736870710269,
            0.010877486797089064,
            -0.00782815019975813
        ],
        [
            -0.5818156606414955,
            -0.5445315184081854,
            -0.008231745691785267,
            -0.07350410879834302,
            -0.013269139417806747,
            -0.4607442121984415,
            -0.6089542743487826,
            -0.03404008834885469,
            0.03116098551984957,
            0.04540109912812419,
            -0.5474161559619609,
            -0.5243439558001701,
            0.0165299144716074,
            0.04066160489191417,
            0.02187196584526059,
            -0.2968424047939616,
            -0.36598232202416664,
            0.010259278328497767,
            0.2750584275012995,
            -0.034197181502453544
        ],
        [
            -0.4614188585771293,
            -0.3663449379159036,
            -0.016240642767226997,
            -0.23281216107382052,
            -0.048973904876657405,
            -0.6089542743487826,
            -0.43706691075395354,
            -0.030969083884894538,
            -0.007953485864470936,
            0.035828476019667495,
            -0.5341871089841587,
            -0.4140021926100961,
            0.05075764296100815,
            0.11376004085783942,
            0.04254472087659494,
            -0.34775693846631917,
            -0.325458248023738,
            -0.0004987367881068364,
            0.21488342823728263,
            -0.03652747781524725
        ],
        [
            -0.004354886083460137,
            -0.010546451850879868,
            0.4047498636376685,
            -0.06467436280915449,
            -0.01344725348794346,
            -0.03404008834885469,
            -0.030969083884894538,
            1.3897973627009306,
            -0.07452086268555855,
            -0.006270403128866819,
            -0.012555065573267271,
            -0.03993822307310309,
            0.3559654710345368,
            -0.2163131764236665,
            -0.009298817474491586,
            -0.05282775797721007,
            -0.04121596648320655,
            -0.04670041160246238,
            0.039855608908782245,
            -0.007430296080562447
        ],
        [
            0.019381050718663473,
            0.10389912025139869,
            -0.05702954515255687,
            -0.5798030528248863,
            -0.21430675127451848,
            0.03116098551984957,
            -0.007953485864470936,
            -0.07452086268555855,
            0.8180379924678789,
            -0.07197793963203453,
            -0.07756481537933446,
            -0.13795708326866146,
            -0.20641343993132943,
            -0.731208661885273,
            -0.04172007961635174,
            -0.350617000753527,
            -0.19810144402667973,
            -0.009699357808548428,
            0.12887000916433788,
            -0.0409310421869171
        ],
        [
            0.0038562641465932634,
            0.038980376565003826,
            -0.011440808605016142,
            -0.20892067572215317,
            0.3629114416589486,
            0.04540109912812419,
            0.035828476019667495,
            -0.006270403128866819,
            -0.07197793963203453,
            1.3890797572313938,
            0.012817096232981343,
            0.01654505695189583,
            -0.014759109081678826,
            -0.07521719813943735,
            0.3929061306351789,
            -0.00472472237652059,
            0.0007632667093352141,
            0.0005258801691569387,
            0.011569404389632047,
            -0.047590517626037776
        ],
        [
            -0.2519587233221772,
            -0.3447547161505723,
            -0.023771458108122562,
            -0.24714965725790522,
            -0.04306847832910898,
            -0.5474161559619609,
            -0.5341871089841587,
            -0.012555065573267271,
            -0.07756481537933446,
            0.012817096232981343,
            -0.5125776625562932,
            -0.6254891316084448,
            0.05721572387187743,
            -0.07941976796588182,
            0.07415158227779695,
            -0.6365146611497697,
            -0.5729188345869116,
            0.005728440711265551,
            0.0800349246158456,
            -0.008418470909996062
        ],
        [
            -0.31600899539473437,
            -0.3125412492190598,
            -0.01301872652906446,
            -0.18897029950595368,
            -0.03918221480601668,
            -0.5243439558001701,
            -0.4140021926100961,
            -0.03993822307310309,
            -0.13795708326866146,
            0.01654505695189583,
            -0.6254891316084448,
            -0.4347831358661445,
            0.04907031252250741,
            -0.01594753187710196,
            0.05783048984980163,
            -0.491222695369808,
            -0.3727490526859536,
            -0.0011033657089155502,
            0.26242734204107543,
            -0.045907222809874075
        ],
        [
            0.051001459214805096,
            0.044141574469082276,
            -0.04308982673421016,
            0.04340201462142146,
            0.008772627373662651,
            0.0165299144716074,
            0.05075764296100815,
            0.3559654710345368,
            -0.20641343993132943,
            -0.014759109081678826,
            0.05721572387187743,
            0.04907031252250741,
            1.3745391245902099,
            -0.05034814703551113,
            -0.005154669603342961,
            0.009286377105444457,
            0.030596079429039063,
            0.5080416054251835,
            0.009616638765765295,
            -0.003833876302430669
        ],
        [
            0.31925122680560813,
            0.18585877675179846,
            0.015664592175483327,
            0.17555078611489572,
            0.04693927284843384,
            0.04066160489191417,
            0.11376004085783942,
            -0.2163131764236665,
            -0.731208661885273,
            -0.07521719813943735,
            -0.07941976796588182,
            -0.01594753187710196,
            -0.05034814703551113,
            0.7847908254105089,
            0.039582224442390485,
            0.006424511866692795,
            -0.1089333901439602,
            0.023125517058484937,
            -0.4799630961959692,
            0.18907871986142877
        ],
        [
            0.025459917851702443,
            0.02414307396658246,
            0.0013906490223315748,
            0.019005455254326176,
            -0.04258701325116235,
            0.02187196584526059,
            0.04254472087659494,
            -0.009298817474491586,
            -0.04172007961635174,
            0.3929061306351789,
            0.07415158227779695,
            0.05783048984980163,
            -0.005154669603342961,
            0.039582224442390485,
            1.374070321322725,
            0.004843983740100033,
            0.05017673673596971,
            -0.006175163721625112,
            0.1765945976492932,
            0.47400271290965756
        ],
        [
            -0.025383161863944598,
            -0.15959777090267846,
            -0.008225833864463478,
            -0.08303208402231518,
            -0.007683932600429258,
            -0.2968424047939616,
            -0.34775693846631917,
            -0.05282775797721007,
            -0.350617000753527,
            -0.00472472237652059,
            -0.6365146611497697,
            -0.491222695369808,
            0.009286377105444457,
            0.006424511866692795,
            0.004843983740100033,
            -0.3286569395529868,
            -0.4926812940768919,
            -0.007026670266786934,
            0.3325325034153974,
            -0.06474276883586583
        ],
        [
            -0.15663121622783716,
            -0.21113913685574426,
            -0.010282133306275346,
            -0.12727146578388113,
            -0.022178622028791374,
            -0.36598232202416664,
            -0.325458248023738,
            -0.04121596648320655,
            -0.19810144402667973,
            0.0007632667093352141,
            -0.5729188345869116,
            -0.3727490526859536,
            0.030596079429039063,
            -0.1089333901439602,
            0.05017673673596971,
            -0.4926812940768919,
            -0.3202608632207846,
            -0.00367167133213904,
            0.2674609076149913,
            -0.04985743444860295
        ],
        [
            0.007209069153267143,
            0.003890970374167394,
            -0.0066551923187552955,
            0.008448798360799387,
            0.0007309736870710269,
            0.010259278328497767,
            -0.0004987367881068364,
            -0.04670041160246238,
            -0.009699357808548428,
            0.0005258801691569387,
            0.005728440711265551,
            -0.0011033657089155502,
            0.5080416054251835,
            0.023125517058484937,
            -0.006175163721625112,
            -0.007026670266786934,
            -0.00367167133213904,
            1.464086312729353,
            0.005214775990995215,
            -0.001460163204753461
        ],
        [
            0.08640406951439833,
            0.13707729884753914,
            0.010643545380157955,
            0.11538031369629789,
            0.010877486797089064,
            0.2750584275012995,
            0.21488342823728263,
            0.039855608908782245,
            0.12887000916433788,
            0.011569404389632047,
            0.0800349246158456,
            0.26242734204107543,
            0.009616638765765295,
            -0.4799630961959692,
            0.1765945976492932,
            0.3325325034153974,
            0.2674609076149913,
            0.005214775990995215,
            1.143824068691298,
            0.059828730185961104
        ],
        [
            -0.0016527147412138403,
            -0.01660986260824269,
            -0.0003284991993033902,
            -0.0027344773602704306,
            -0.00782815019975813,
            -0.034197181502453544,
            -0.03652747781524725,
            -0.007430296080562447,
            -0.0409310421869171,
            -0.047590517626037776,
            -0.008418470909996062,
            -0.045907222809874075,
            -0.003833876302430669,
            0.18907871986142877,
            0.47400271290965756,
            -0.06474276883586583,
            -0.04985743444860295,
            -0.001460163204753461,
            0.059828730185961104,
            1.4529725638916409
        ]
    ]
}