{
    "HF": -2.140281739915742,
    "coordinates": [
        [
            0.80265,
            0.051427,
            -0.070847
        ],
        [
            1.508936,
            -0.000319,
            -0.059121
        ],
        [
            2.265006,
            0.121846,
            -0.040069
        ],
        [
            2.922503,
            0.185388,
            -0.172834
        ]
    ],
    "elements": [
        "H",
        "H",
        "H",
        "H"
    ],
    "Enn": 3.203465812349319,
    "S": [
        [
            0.9999999999999999,
            0.6848602514927513,
            0.0,
            0.0,
            0.0,
            0.5964010937241669,
            0.5746803724429749,
            -0.009005562266702325,
            -0.5424273026692928,
            0.03974090269936714,
            0.1374147811207914,
            0.32384201643533134,
            -0.0037903124586073653,
            -0.18008922495676244,
            -0.00867210387363286,
            0.019035776447998417,
            0.1414732838035419,
            0.0011363062110594149,
            -0.02361871738979413,
            -0.0014925501911001431
        ],
        [
            0.6848602514927513,
            1.0000000000000002,
            0.0,
            0.0,
            0.0,
            0.5746803724429749,
            0.8964811544467837,
            -0.0026462086849291687,
            -0.1593876980422894,
            0.011677529814970554,
            0.32384201643533134,
            0.6268027648925506,
            -0.003763210460332743,
            -0.1788015269325604,
            -0.008610095438500595,
            0.1414732838035419,
            0.37341062383576923,
            0.005135973158814481,
            -0.10675388146167974,
            -0.006746154905310923
        ],
        [
            0.0,
            0.0,
            1.0000000000000004,
            0.0,
            0.0,
            0.009005562266702336,
            0.002646208684929157,
            0.5212390717787062,
            -0.011211265903597792,
            0.0008213927013243519,
            0.0037903124586073653,
            0.0037632104603327428,
            0.06166380916182252,
            -0.0072231291462782005,
            -0.0003478260637982574,
            -0.0011363062110594153,
            -0.005135973158814475,
            0.0027464050084698285,
            0.0015842950309829281,
            0.00010011719994051666
        ],
        [
            0.0,
            0.0,
            0.0,
            1.0000000000000004,
            0.0,
            0.5424273026692927,
            0.1593876980422892,
            -0.011211265903597788,
            -0.15385708646585688,
            0.04947451521811119,
            0.18008922495676247,
            0.1788015269325605,
            -0.007223129146278205,
            -0.2813769097180232,
            -0.016526269782044477,
            0.023618717389794125,
            0.10675388146167977,
            0.0015842950309829292,
            -0.03010777262632884,
            -0.0020809882303186107
        ],
        [
            0.0,
            0.0,
            0.0,
            0.0,
            1.0000000000000004,
            -0.039740902699367156,
            -0.011677529814970559,
            0.0008213927013243521,
            0.04947451521811122,
            0.5178004577321432,
            0.008672103873632861,
            0.008610095438500595,
            -0.00034782606379825767,
            -0.01652626978204448,
            0.06102001933026466,
            0.001492550191100143,
            0.00674615490531093,
            0.00010011719994051669,
            -0.00208098823031861,
            0.002691121096332121
        ],
        [
            0.5964010937241669,
            0.5746803724429749,
            0.009005562266702336,
            0.5424273026692927,
            -0.03974090269936714,
            0.9999999999999999,
            0.6848602514927513,
            0.0,
            0.0,
            0.0,
            0.5497521160079988,
            0.5578055037972783,
            -0.013200939670782817,
            -0.5238733181234918,
            -0.08464690294358507,
            0.14956500372573497,
            0.33519694720101184,
            0.015532225624212147,
            -0.1930811919388346,
            -0.025365991786300307
        ],
        [
            0.5746803724429749,
            0.8964811544467837,
            0.002646208684929157,
            0.1593876980422892,
            -0.01167752981497056,
            0.6848602514927513,
            1.0000000000000002,
            0.0,
            0.0,
            0.0,
            0.5578055037972783,
            0.879982132159373,
            -0.004164843367235132,
            -0.16527992466226488,
            -0.026705757398607997,
            0.33519694720101184,
            0.6404393373291547,
            0.014425673365814354,
            -0.17932563403211685,
            -0.02355885891450657
        ],
        [
            -0.009005562266702325,
            -0.0026462086849291682,
            0.5212390717787062,
            -0.011211265903597788,
            0.0008213927013243519,
            0.0,
            0.0,
            1.0000000000000004,
            0.0,
            0.0,
            0.013200939670782817,
            0.00416484336723513,
            0.4663471578388998,
            -0.01745635275521161,
            -0.0028205792245961695,
            -0.015532225624212147,
            -0.01442567336581434,
            0.0679156080417893,
            0.029326341435086486,
            0.0038527405414003077
        ],
        [
            -0.5424273026692928,
            -0.159387698042289,
            -0.011211265903597792,
            -0.15385708646585688,
            0.04947451521811121,
            0.0,
            0.0,
            0.0,
            1.0000000000000004,
            0.0,
            0.5238733181234917,
            0.16527992466226446,
            -0.01745635275521161,
            -0.22596042536345295,
            -0.11193341036848761,
            0.1930811919388346,
            0.17932563403211663,
            0.029326341435086507,
            -0.2942811935450185,
            -0.047893441285390505
        ],
        [
            0.039740902699367156,
            0.011677529814970559,
            0.0008213927013243521,
            0.04947451521811121,
            0.5178004577321432,
            0.0,
            0.0,
            0.0,
            0.0,
            1.0000000000000004,
            0.08464690294358504,
            0.026705757398607987,
            -0.0028205792245961695,
            -0.11193341036848761,
            0.4487009522693441,
            0.025365991786300297,
            0.023558858914506552,
            0.0038527405414003064,
            -0.04789344128539046,
            0.0639827480944518
        ],
        [
            0.1374147811207914,
            0.32384201643533134,
            0.0037903124586073653,
            0.18008922495676247,
            0.008672103873632861,
            0.5497521160079988,
            0.5578055037972783,
            0.013200939670782817,
            0.5238733181234918,
            0.08464690294358507,
            0.9999999999999999,
            0.6848602514927513,
            0.0,
            0.0,
            0.0,
            0.6245233300204562,
            0.5843399391891501,
            0.1080604363316379,
            -0.5351516793337319,
            -0.05171827097039836
        ],
        [
            0.32384201643533134,
            0.6268027648925506,
            0.003763210460332743,
            0.17880152693256052,
            0.008610095438500595,
            0.5578055037972783,
            0.879982132159373,
            0.004164843367235132,
            0.16527992466226488,
            0.026705757398607994,
            0.6848602514927513,
            1.0000000000000002,
            0.0,
            0.0,
            0.0,
            0.5843399391891501,
            0.90584256452882,
            0.03049890947861624,
            -0.1510408728615354,
            -0.014596932219261335
        ],
        [
            -0.0037903124586073653,
            -0.0037632104603327428,
            0.06166380916182252,
            -0.007223129146278201,
            -0.00034782606379825745,
            -0.013200939670782817,
            -0.00416484336723513,
            0.4663471578388998,
            -0.01745635275521161,
            -0.0028205792245961695,
            0.0,
            0.0,
            1.0000000000000004,
            0.0,
            0.0,
            -0.10806043633163788,
            -0.030498909478616252,
            0.5293384673139772,
            0.12571468097249483,
            0.012149351644728822
        ],
        [
            -0.18008922495676244,
            -0.17880152693256057,
            -0.007223129146278204,
            -0.28137690971802326,
            -0.016526269782044477,
            -0.5238733181234917,
            -0.16527992466226482,
            -0.01745635275521161,
            -0.22596042536345295,
            -0.11193341036848761,
            0.0,
            0.0,
            0.0,
            1.0000000000000004,
            0.0,
            0.5351516793337319,
            0.1510408728615354,
            0.1257146809724948,
            -0.06785805673283665,
            -0.06016768168082147
        ],
        [
            -0.00867210387363286,
            -0.008610095438500595,
            -0.0003478260637982576,
            -0.016526269782044477,
            0.06102001933026466,
            -0.08464690294358504,
            -0.026705757398607987,
            -0.0028205792245961695,
            -0.11193341036848761,
            0.4487009522693441,
            0.0,
            0.0,
            0.0,
            0.0,
            1.0000000000000004,
            0.05171827097039831,
            0.014596932219261356,
            0.01214935164472883,
            -0.060167681680821525,
            0.5489086475428612
        ],
        [
            0.019035776447998417,
            0.1414732838035419,
            -0.0011363062110594153,
            0.023618717389794132,
            0.001492550191100143,
            0.14956500372573497,
            0.33519694720101184,
            -0.015532225624212147,
            0.1930811919388346,
            0.025365991786300307,
            0.6245233300204562,
            0.5843399391891501,
            -0.10806043633163788,
            0.5351516793337319,
            0.05171827097039836,
            0.9999999999999999,
            0.6848602514927513,
            0.0,
            0.0,
            0.0
        ],
        [
            0.1414732838035419,
            0.37341062383576923,
            -0.005135973158814476,
            0.10675388146167979,
            0.006746154905310926,
            0.33519694720101184,
            0.6404393373291547,
            -0.014425673365814342,
            0.17932563403211663,
            0.02355885891450658,
            0.5843399391891501,
            0.90584256452882,
            -0.03049890947861624,
            0.1510408728615354,
            0.014596932219261359,
            0.6848602514927513,
            1.0000000000000002,
            0.0,
            0.0,
            0.0
        ],
        [
            0.0011363062110594149,
            0.00513597315881447,
            0.002746405008469829,
            0.0015842950309829286,
            0.00010011719994051669,
            0.015532225624212147,
            0.014425673365814327,
            0.0679156080417893,
            0.029326341435086507,
            0.0038527405414003077,
            0.1080604363316379,
            0.030498909478616238,
            0.5293384673139772,
            0.12571468097249483,
            0.012149351644728834,
            0.0,
            0.0,
            1.0000000000000004,
            0.0,
            0.0
        ],
        [
            -0.02361871738979413,
            -0.10675388146167973,
            0.0015842950309829288,
            -0.03010777262632884,
            -0.0020809882303186107,
            -0.1930811919388346,
            -0.17932563403211682,
            0.029326341435086486,
            -0.29428119354501847,
            -0.04789344128539048,
            -0.5351516793337319,
            -0.1510408728615354,
            0.1257146809724948,
            -0.06785805673283665,
            -0.060167681680821525,
            0.0,
            0.0,
            0.0,
            1.0000000000000004,
            0.0
        ],
        [
            -0.0014925501911001431,
            -0.0067461549053109224,
            0.00010011719994051666,
            -0.00208098823031861,
            0.002691121096332121,
            -0.025365991786300297,
            -0.023558858914506542,
            0.0038527405414003064,
            -0.0478934412853905,
            0.0639827480944518,
            -0.05171827097039835,
            -0.014596932219261333,
            0.012149351644728818,
            -0.06016768168082147,
            0.5489086475428612,
            0.0,
            0.0,
            0.0,
            0.0,
            1.0000000000000004
        ]
    ],
    "h": [
        [
            -0.30506865460967325,
            -0.48302510218276073,
            -0.0063396225794560435,
            -0.32250686844365206,
            0.022004266759087336,
            -0.6137131589962371,
            -0.4791658452945028,
            -0.002809540522070081,
            0.0035510687529176632,
            -0.006322408570150484,
            -0.2695928407676565,
            -0.3315412884973837,
            0.0034088479606738196,
            0.33651099222321246,
            0.03574072307848164,
            -0.03146172627493111,
            -0.16625646285830564,
            -0.006596694395173383,
            0.09186032444910536,
            0.008552140051524267
        ],
        [
            -0.48302510218276073,
            -0.31498798283780216,
            -0.005174609458223496,
            -0.2625929068937783,
            0.01628302391907121,
            -0.5597596176390682,
            -0.36837544111467513,
            0.0005772832364062709,
            0.1136985588007724,
            -0.03362698670833689,
            -0.35316659631296277,
            -0.31735861985460556,
            0.013469611905817356,
            0.18808308966396342,
            0.027270354060284278,
            -0.16776064293392923,
            -0.21638335619127758,
            -0.01988423600723794,
            0.1388564773308063,
            0.014333462554759731
        ],
        [
            -0.0063396225794560435,
            -0.005174609458223496,
            1.4792235373755869,
            -0.005687970279169521,
            0.0003357231380297438,
            -0.002089609091321814,
            -0.004887805223511224,
            0.4793230539563347,
            -0.016447773543007804,
            0.0009496085983819356,
            -0.004440235202465276,
            -0.0035757826358352,
            -0.04656299143473405,
            0.004210435080420783,
            0.0006159193743266923,
            0.0014268691292660617,
            -0.0013454539008783996,
            -0.008244421650278295,
            -0.0031132087729110456,
            -0.0002032000497460127
        ],
        [
            -0.32250686844365206,
            -0.2625929068937783,
            -0.005687970279169521,
            1.1648833527078346,
            0.020040658401447062,
            -0.07036415475231861,
            -0.25353796708172815,
            -0.01811242348931169,
            -0.5513159218929242,
            0.059447895628295375,
            -0.2620600279788228,
            -0.20445985951925394,
            0.006450093672378157,
            0.16235771996818216,
            0.031132013152905532,
            -0.09113662104144454,
            -0.13719466543039746,
            -0.010561828065207883,
            0.12481362805168737,
            0.011014889265647157
        ],
        [
            0.022004266759087336,
            0.01628302391907121,
            0.0003357231380297438,
            0.020040658401447062,
            1.4776948176900853,
            -0.001228528105934476,
            0.013417348651438971,
            0.0012719846356627276,
            0.0707278004873719,
            0.4739934261694849,
            0.0020698795916714065,
            0.010476767280795354,
            -8.156369089843784e-05,
            -0.01477595466576944,
            -0.04811797570913859,
            -0.004085439024540279,
            0.0028462761412234444,
            -0.00038341774513829226,
            0.004806625235074348,
            -0.008092204743618391
        ],
        [
            -0.6137131589962371,
            -0.5597596176390682,
            -0.002089609091321814,
            -0.07036415475231861,
            -0.001228528105934476,
            -0.48332257851529525,
            -0.6155888924903259,
            -0.0005313662201353441,
            0.07178866602380837,
            -0.058487314684330965,
            -0.5401951528677031,
            -0.5243699919206031,
            0.01270088028718206,
            0.05610427153651609,
            0.0036432960987656804,
            -0.2884173600346001,
            -0.3614372694850151,
            -0.03651935513760575,
            0.2684262416903359,
            0.030390157176540367
        ],
        [
            -0.4791658452945028,
            -0.36837544111467513,
            -0.004887805223511224,
            -0.25353796708172815,
            0.013417348651438971,
            -0.6155888924903259,
            -0.43417549530537203,
            0.0006870573313193726,
            0.012113366376066192,
            -0.04967006023226943,
            -0.5289954967015364,
            -0.4114298438768027,
            0.03090835312105398,
            0.11815847525227968,
            0.021628674276075052,
            -0.34500869748741253,
            -0.3223323566212246,
            -0.03734928261101482,
            0.21053936748111618,
            0.021833004155926358
        ],
        [
            -0.002809540522070081,
            0.0005772832364062709,
            0.4793230539563347,
            -0.01811242348931169,
            0.0012719846356627276,
            -0.0005313662201353441,
            0.0006870573313193726,
            1.3979109461886725,
            -0.007309944234558514,
            -0.0003133404064726857,
            0.006882546529275443,
            0.0014489680203933503,
            0.38246634372219934,
            -0.02200261252718071,
            -0.003791589104745971,
            0.007816654698996436,
            0.00033914235440970705,
            -0.046486311646585426,
            0.005391867666049238,
            0.0007777231548417246
        ],
        [
            0.0035510687529176632,
            0.1136985588007724,
            -0.016447773543007804,
            -0.5513159218929242,
            0.0707278004873719,
            0.07178866602380837,
            0.012113366376066192,
            -0.007309944234558514,
            0.7840048313185999,
            -0.02534356074516373,
            -0.06922583405498295,
            -0.1238500003476784,
            -0.0036004941106598104,
            -0.7720857769647643,
            -0.17293953702694767,
            -0.34850982820582593,
            -0.1911264141367245,
            -0.04052226478878172,
            0.1373711950646651,
            0.01764445727507183
        ],
        [
            -0.006322408570150484,
            -0.03362698670833689,
            0.0009496085983819356,
            0.059447895628295375,
            0.4739934261694849,
            -0.058487314684330965,
            -0.04967006023226943,
            -0.0003133404064726857,
            -0.02534356074516373,
            1.3896662222173397,
            -0.019522606365161843,
            -0.04680778615355546,
            -0.0011774950934378041,
            -0.1598798224817422,
            0.3583679851528835,
            -0.046939257723638134,
            -0.03881072671305695,
            -0.006187303797763662,
            0.031428372448342845,
            -0.043210118744832646
        ],
        [
            -0.2695928407676565,
            -0.35316659631296277,
            -0.004440235202465276,
            -0.2620600279788228,
            0.0020698795916714065,
            -0.5401951528677031,
            -0.5289954967015364,
            0.006882546529275443,
            -0.06922583405498295,
            -0.019522606365161843,
            -0.5089744712105055,
            -0.6237747813385963,
            0.06839677673304168,
            -0.08614645189238085,
            0.006430629399835665,
            -0.6386548314060287,
            -0.5724661900134818,
            -0.0074505184339246355,
            0.0708803954658892,
            0.009636171925322179
        ],
        [
            -0.3315412884973837,
            -0.31735861985460556,
            -0.0035757826358352,
            -0.20445985951925394,
            0.010476767280795354,
            -0.5243699919206031,
            -0.4114298438768027,
            0.0014489680203933503,
            -0.1238500003476784,
            -0.04680778615355546,
            -0.6237747813385963,
            -0.43337290393533645,
            0.050478732875369164,
            -0.015947807834886876,
            0.009919932209066474,
            -0.49240506837150855,
            -0.37051973637521907,
            -0.04690482748078668,
            0.2600390345663153,
            0.027297055084003083
        ],
        [
            0.0034088479606738196,
            0.013469611905817356,
            -0.04656299143473405,
            0.006450093672378157,
            -8.156369089843784e-05,
            0.01270088028718206,
            0.03090835312105398,
            0.38246634372219934,
            -0.0036004941106598104,
            -0.0011774950934378041,
            0.06839677673304168,
            0.050478732875369164,
            1.3787871350975414,
            0.05474117711130845,
            0.004811559237443236,
            0.004885114871060886,
            0.04765053251284083,
            0.4926769395390086,
            0.18036752836763992,
            0.01714165770864358
        ],
        [
            0.33651099222321246,
            0.18808308966396342,
            0.004210435080420783,
            0.16235771996818216,
            -0.01477595466576944,
            0.05610427153651609,
            0.11815847525227968,
            -0.02200261252718071,
            -0.7720857769647643,
            -0.1598798224817422,
            -0.08614645189238085,
            -0.015947807834886876,
            0.05474117711130845,
            0.7818242027598694,
            -0.07299733927209098,
            0.008443578135264529,
            -0.11034451453718735,
            0.19161799146497865,
            -0.4475948258618262,
            -0.09513454998002964
        ],
        [
            0.03574072307848164,
            0.027270354060284278,
            0.0006159193743266923,
            0.031132013152905532,
            -0.04811797570913859,
            0.0036432960987656804,
            0.021628674276075052,
            -0.003791589104745971,
            -0.17293953702694767,
            0.3583679851528835,
            0.006430629399835665,
            0.009919932209066474,
            0.004811559237443236,
            -0.07299733927209098,
            1.38145918314122,
            0.005569433495127812,
            -0.002912087537571644,
            0.0191747754579656,
            -0.09974470973257331,
            0.5198973522591223
        ],
        [
            -0.03146172627493111,
            -0.16776064293392923,
            0.0014268691292660617,
            -0.09113662104144454,
            -0.004085439024540279,
            -0.2884173600346001,
            -0.34500869748741253,
            0.007816654698996436,
            -0.34850982820582593,
            -0.046939257723638134,
            -0.6386548314060287,
            -0.49240506837150855,
            0.004885114871060886,
            0.008443578135264529,
            0.005569433495127812,
            -0.3332569710653617,
            -0.49410336588694936,
            -0.06604477259380799,
            0.3352327176738139,
            0.03396341275994401
        ],
        [
            -0.16625646285830564,
            -0.21638335619127758,
            -0.0013454539008783996,
            -0.13719466543039746,
            0.0028462761412234444,
            -0.3614372694850151,
            -0.3223323566212246,
            0.00033914235440970705,
            -0.1911264141367245,
            -0.03881072671305695,
            -0.5724661900134818,
            -0.37051973637521907,
            0.04765053251284083,
            -0.11034451453718735,
            -0.002912087537571644,
            -0.49410336588694936,
            -0.3183688474007018,
            -0.05060867508056267,
            0.26651002643411204,
            0.027483806727891618
        ],
        [
            -0.006596694395173383,
            -0.01988423600723794,
            -0.008244421650278295,
            -0.010561828065207883,
            -0.00038341774513829226,
            -0.03651935513760575,
            -0.03734928261101482,
            -0.046486311646585426,
            -0.04052226478878172,
            -0.006187303797763662,
            -0.0074505184339246355,
            -0.04690482748078668,
            0.4926769395390086,
            0.19161799146497865,
            0.0191747754579656,
            -0.06604477259380799,
            -0.05060867508056267,
            1.4563551759384943,
            0.06111704783656846,
            0.006041379189768966
        ],
        [
            0.09186032444910536,
            0.1388564773308063,
            -0.0031132087729110456,
            0.12481362805168737,
            0.004806625235074348,
            0.2684262416903359,
            0.21053936748111618,
            0.005391867666049238,
            0.1373711950646651,
            0.031428372448342845,
            0.0708803954658892,
            0.2600390345663153,
            0.18036752836763992,
            -0.4475948258618262,
            -0.09974470973257331,
            0.3352327176738139,
            0.26651002643411204,
            0.06111704783656846,
            1.1490803561505158,
            -0.032229013106889096
        ],
        [
            0.008552140051524267,
            0.014333462554759731,
            -0.0002032000497460127,
            0.011014889265647157,
            -0.008092204743618391,
            0.030390157176540367,
            0.021833004155926358,
            0.0007777231548417246,
            0.01764445727507183,
            -0.043210118744832646,
            0.009636171925322179,
            0.027297055084003083,
            0.01714165770864358,
            -0.09513454998002964,
            0.5198973522591223,
            0.03396341275994401,
            0.027483806727891618,
            0.006041379189768966,
            -0.032229013106889096,
            1.465151310913529
        ]
    ]
}