{
    "HF": -2.1458249645992127,
    "coordinates": [
        [
            0.818212,
            0.042101,
            -0.055058
        ],
        [
            1.484719,
            0.015877,
            -0.051452
        ],
        [
            2.249959,
            0.070934,
            -0.089593
        ],
        [
            3.023252,
            0.195615,
            -0.07528
        ]
    ],
    "elements": [
        "H",
        "H",
        "H",
        "H"
    ],
    "Enn": 3.108094979206618,
    "S": [
        [
            0.9999999999999999,
            0.6848602514927513,
            0.0,
            0.0,
            0.0,
            0.6300280187750775,
            0.5861881328058559,
            -0.0029676020449696163,
            -0.5485101320539549,
            0.021581363290982574,
            0.14875349073558272,
            0.3344571538700087,
            0.004685886944299786,
            -0.19426681844043392,
            -0.003912210171275395,
            0.01416241506514956,
            0.1246499941663056,
            0.0001570485203669435,
            -0.0171248278780499,
            -0.0011922236453175237
        ],
        [
            0.6848602514927513,
            1.0000000000000002,
            0.0,
            0.0,
            0.0,
            0.5861881328058559,
            0.9076269766557191,
            -0.0008311705501386304,
            -0.15362756235752772,
            0.00604454146057552,
            0.3344571538700087,
            0.6395562786579437,
            0.004370782442113492,
            -0.18120326188355745,
            -0.003649131899622351,
            0.12464999416630561,
            0.34494161176461197,
            0.0008890335137309486,
            -0.09694167041426636,
            -0.006749040195178177
        ],
        [
            0.0,
            0.0,
            1.0000000000000004,
            0.0,
            0.0,
            0.0029676020449696163,
            0.0008311705501386304,
            0.5612480160824964,
            -0.003502128381810176,
            0.00013779272338413563,
            -0.0046858869442997836,
            -0.004370782442113483,
            0.0694834817331375,
            0.008947182097325023,
            0.00018018134587477553,
            -0.00015704852036694337,
            -0.0008890335137309509,
            0.0017577498526132672,
            0.00020370003603698285,
            1.4181514771696385e-05
        ],
        [
            0.0,
            0.0,
            0.0,
            1.0000000000000004,
            0.0,
            0.5485101320539554,
            0.15362756235752772,
            -0.0035021283818101926,
            -0.08604115654883332,
            0.02546861194802834,
            0.19426681844043392,
            0.18120326188355726,
            0.008947182097325026,
            -0.3012316765857378,
            -0.007469931993982115,
            0.01712482787804989,
            0.09694167041426636,
            0.0002037000360369827,
            -0.020452167606831034,
            -0.001546375597477074
        ],
        [
            0.0,
            0.0,
            0.0,
            0.0,
            1.0000000000000004,
            -0.021581363290982567,
            -0.00604454146057552,
            0.00013779272338413623,
            0.02546861194802833,
            0.5602648903167052,
            0.003912210171275392,
            0.0036491318996223557,
            0.00018018134587477572,
            -0.007469931993982118,
            0.06954886366482559,
            0.0011922236453175232,
            0.006749040195178174,
            1.4181514771696368e-05,
            -0.0015463755974770732,
            0.0016519598980807618
        ],
        [
            0.6300280187750775,
            0.5861881328058559,
            0.0029676020449696163,
            0.5485101320539554,
            -0.021581363290982574,
            0.9999999999999999,
            0.6848602514927513,
            0.0,
            0.0,
            0.0,
            0.5481126160381061,
            0.5571919325698116,
            0.02632785010885782,
            -0.5282274722032029,
            -0.03800457364629623,
            0.1105128123572591,
            0.2962289895401694,
            0.0022497897611881007,
            -0.14526505752266286,
            -0.016970484811835936
        ],
        [
            0.5861881328058559,
            0.9076269766557191,
            0.0008311705501386304,
            0.15362756235752772,
            -0.00604454146057552,
            0.6848602514927513,
            1.0000000000000002,
            0.0,
            0.0,
            0.0,
            0.5571919325698116,
            0.8793786747408872,
            0.008327985288828057,
            -0.1670881063009043,
            -0.012021548623450005,
            0.29622898954016935,
            0.5928614249256495,
            0.002648493327443364,
            -0.1710086614298902,
            -0.019977962635891203
        ],
        [
            -0.0029676020449696163,
            -0.0008311705501386304,
            0.5612480160824964,
            -0.0035021283818101926,
            0.00013779272338413623,
            0.0,
            0.0,
            1.0000000000000004,
            0.0,
            0.0,
            -0.02632785010885782,
            -0.008327985288828057,
            0.46312703101120695,
            0.03522616238328043,
            0.002534429489227263,
            -0.002249789761188099,
            -0.0026484933274433633,
            0.04429795943391363,
            0.0042223177225595284,
            0.000493269200476951
        ],
        [
            -0.5485101320539549,
            -0.15362756235752772,
            -0.003502128381810176,
            -0.0860411565488335,
            0.02546861194802833,
            0.0,
            0.0,
            0.0,
            1.0000000000000004,
            0.0,
            0.5282274722032029,
            0.16708810630090426,
            0.03522616238328048,
            -0.2418755356106503,
            -0.050849396249082926,
            0.1452650575226628,
            0.17100866142988996,
            0.00422231772255953,
            -0.22826444474257768,
            -0.03184954435191392
        ],
        [
            0.021581363290982574,
            0.00604454146057552,
            0.00013779272338413563,
            0.02546861194802834,
            0.5602648903167052,
            0.0,
            0.0,
            0.0,
            0.0,
            1.0000000000000004,
            0.03800457364629623,
            0.012021548623449998,
            0.002534429489227265,
            -0.0508493962490829,
            0.46122428919187564,
            0.016970484811835933,
            0.0199779626358912,
            0.000493269200476951,
            -0.03184954435191391,
            0.04064255261714002
        ],
        [
            0.14875349073558272,
            0.3344571538700087,
            -0.004685886944299789,
            0.19426681844043392,
            0.0039122101712753925,
            0.5481126160381061,
            0.5571919325698116,
            -0.02632785010885782,
            0.5282274722032029,
            0.03800457364629624,
            0.9999999999999999,
            0.6848602514927513,
            0.0,
            0.0,
            0.0,
            0.5359770986868093,
            0.5526048668614454,
            -0.009603953500585141,
            -0.5188758481330248,
            -0.08366034558837818
        ],
        [
            0.3344571538700087,
            0.6395562786579437,
            -0.004370782442113486,
            0.18120326188355745,
            0.0036491318996223574,
            0.5571919325698116,
            0.8793786747408872,
            -0.008327985288828057,
            0.16708810630090393,
            0.01202154862345001,
            0.6848602514927513,
            1.0000000000000002,
            0.0,
            0.0,
            0.0,
            0.5526048668614454,
            0.8748591800285356,
            -0.003097748266636241,
            -0.167363030137074,
            -0.026984584058720958
        ],
        [
            0.004685886944299786,
            0.004370782442113477,
            0.0694834817331375,
            0.008947182097325026,
            0.0001801813458747757,
            0.02632785010885782,
            0.008327985288828057,
            0.46312703101120695,
            0.03522616238328048,
            0.0025344294892272654,
            0.0,
            0.0,
            1.0000000000000004,
            0.0,
            0.0,
            0.009603953500585141,
            0.0030977482666362396,
            0.4505857578661147,
            -0.012954343202527753,
            -0.0020886785019835477
        ],
        [
            -0.19426681844043392,
            -0.18120326188355737,
            0.008947182097325023,
            -0.3012316765857378,
            -0.007469931993982118,
            -0.5282274722032025,
            -0.16708810630090426,
            0.03522616238328043,
            -0.2418755356106503,
            -0.050849396249082905,
            0.0,
            0.0,
            0.0,
            1.0000000000000004,
            0.0,
            0.5188758481330248,
            0.1673630301370739,
            -0.012954343202527783,
            -0.2490628855782282,
            -0.11284569725664534
        ],
        [
            -0.003912210171275395,
            -0.003649131899622349,
            0.00018018134587477556,
            -0.007469931993982115,
            0.06954886366482559,
            -0.03800457364629623,
            -0.012021548623450003,
            0.002534429489227263,
            -0.050849396249082926,
            0.46122428919187564,
            0.0,
            0.0,
            0.0,
            0.0,
            1.0000000000000004,
            0.08366034558837818,
            0.026984584058720968,
            -0.0020886785019835524,
            -0.11284569725664534,
            0.4326309866921897
        ],
        [
            0.01416241506514956,
            0.1246499941663056,
            -0.00015704852036694337,
            0.017124827878049895,
            0.0011922236453175234,
            0.1105128123572591,
            0.2962289895401694,
            -0.0022497897611881007,
            0.1452650575226628,
            0.016970484811835936,
            0.5359770986868093,
            0.5526048668614454,
            0.009603953500585141,
            0.5188758481330248,
            0.08366034558837818,
            0.9999999999999999,
            0.6848602514927513,
            0.0,
            0.0,
            0.0
        ],
        [
            0.12464999416630561,
            0.34494161176461197,
            -0.0008890335137309509,
            0.09694167041426636,
            0.00674904019517818,
            0.29622898954016935,
            0.5928614249256495,
            -0.002648493327443364,
            0.1710086614298902,
            0.019977962635891206,
            0.5526048668614454,
            0.8748591800285356,
            0.003097748266636241,
            0.167363030137074,
            0.02698458405872098,
            0.6848602514927513,
            1.0000000000000002,
            0.0,
            0.0,
            0.0
        ],
        [
            0.0001570485203669435,
            0.0008890335137309486,
            0.0017577498526132672,
            0.00020370003603698272,
            1.4181514771696375e-05,
            0.0022497897611881007,
            0.0026484933274433633,
            0.04429795943391363,
            0.00422231772255953,
            0.000493269200476951,
            -0.009603953500585141,
            -0.0030977482666362396,
            0.4505857578661147,
            -0.012954343202527781,
            -0.002088678501983552,
            0.0,
            0.0,
            1.0000000000000004,
            0.0,
            0.0
        ],
        [
            -0.01712482787804989,
            -0.09694167041426636,
            0.00020370003603698282,
            -0.020452167606831034,
            -0.001546375597477074,
            -0.14526505752266286,
            -0.17100866142989016,
            0.0042223177225595284,
            -0.22826444474257762,
            -0.03184954435191391,
            -0.5188758481330248,
            -0.1673630301370739,
            -0.012954343202527755,
            -0.2490628855782282,
            -0.11284569725664534,
            0.0,
            0.0,
            0.0,
            1.0000000000000004,
            0.0
        ],
        [
            -0.001192223645317523,
            -0.006749040195178177,
            1.4181514771696378e-05,
            -0.0015463755974770732,
            0.0016519598980807618,
            -0.016970484811835933,
            -0.019977962635891196,
            0.000493269200476951,
            -0.03184954435191392,
            0.04064255261714002,
            -0.08366034558837818,
            -0.02698458405872099,
            -0.002088678501983548,
            -0.11284569725664534,
            0.4326309866921897,
            0.0,
            0.0,
            0.0,
            0.0,
            1.0000000000000004
        ]
    ],
    "h": [
        [
            -0.34139703089857654,
            -0.4972255479166269,
            -0.0011379980631216718,
            -0.34682247170582126,
            0.013219920992700033,
            -0.6461031931365087,
            -0.49653585136189693,
            0.0025598059253238836,
            -0.01145332684341882,
            -0.002096081415002553,
            -0.29243616472762063,
            -0.34758669433149364,
            -0.01217822522633919,
            0.3532351235757817,
            0.019034747236668394,
            -0.018510949175970855,
            -0.15061081282729682,
            -0.0006396588839890536,
            0.0724772490894917,
            0.0070143062619317294
        ],
        [
            -0.4972255479166269,
            -0.319686229668555,
            -0.00043865055089335313,
            -0.2740611350046368,
            0.009491068559696364,
            -0.5756429325859003,
            -0.3710235055592872,
            0.00705675245316481,
            0.11649621055539233,
            -0.016755239222437237,
            -0.3574951105089697,
            -0.3219083502001858,
            -0.010896353466021007,
            0.19935223926907586,
            0.00862324688313543,
            -0.14641285461111275,
            -0.20310514324054074,
            0.0007168851596761573,
            0.1197855493076124,
            0.01645017203481161
        ],
        [
            -0.0011379980631216718,
            -0.00043865055089335313,
            1.4599727961788516,
            -0.0008453804383684117,
            7.84091371826726e-05,
            0.0015634186762390778,
            0.00012439208579046005,
            0.5369344295027756,
            -0.004351310168276571,
            0.00033768664867332037,
            0.0027514087670788626,
            0.000177128662146038,
            -0.04702490049727062,
            0.0014736493500885593,
            2.0428838780696878e-05,
            0.0012209331879314573,
            0.0008860343391110283,
            -0.005705866287939504,
            -0.0011311475729786895,
            -0.00012017418439243529
        ],
        [
            -0.34682247170582126,
            -0.2740611350046368,
            -0.0008453804383684117,
            1.122193254494832,
            0.011723856071237519,
            -0.07522602726363936,
            -0.26844269274748234,
            -0.0010809055089374435,
            -0.47764845858496136,
            0.031638773487949266,
            -0.2746045987764195,
            -0.21729547986782483,
            -0.01021044181655863,
            0.1501907539600228,
            0.01381587000324921,
            -0.076577231438363,
            -0.13320575299384696,
            -0.0005105326648464022,
            0.10120689122847086,
            0.01030791173015843
        ],
        [
            0.013219920992700033,
            0.009491068559696364,
            7.84091371826726e-05,
            0.011723856071237519,
            1.4595001140740786,
            -0.0001556340073773227,
            0.0079919047066506,
            0.00023252206392325545,
            0.03678081536018186,
            0.5354471222596474,
            0.0018209874399200661,
            0.005915549753880887,
            0.000300679255841107,
            -0.009385305252690691,
            -0.047531321589697056,
            -0.0033812822684609525,
            0.0004436044855156262,
            -2.1308121971520062e-05,
            0.004510551801621221,
            -0.005323062880428532
        ],
        [
            -0.6461031931365087,
            -0.5756429325859003,
            0.0015634186762390778,
            -0.07522602726363936,
            -0.0001556340073773227,
            -0.5183104666611702,
            -0.6261883681085197,
            0.013106889949102581,
            0.09940707174257163,
            -0.028495974586953153,
            -0.5335156803703419,
            -0.5280345321487235,
            -0.0043307788655473425,
            0.08261097299727527,
            -0.0018160761726021407,
            -0.23125256662959096,
            -0.32921444434882596,
            2.8796404603239137e-05,
            0.2343849054000988,
            0.031864384936701226
        ],
        [
            -0.49653585136189693,
            -0.3710235055592872,
            0.00012439208579046005,
            -0.26844269274748234,
            0.0079919047066506,
            -0.6261883681085197,
            -0.43292052185292973,
            0.011095517610123552,
            0.026226826116248547,
            -0.02441512775190876,
            -0.5125801064755218,
            -0.40982763307816894,
            -0.012854072811227944,
            0.140058343148177,
            -0.0022578165324575947,
            -0.30298023981906386,
            -0.304422098443931,
            0.002414657548184901,
            0.18025027808146354,
            0.027928700591681854
        ],
        [
            0.0025598059253238836,
            0.00705675245316481,
            0.5369344295027756,
            -0.0010809055089374435,
            0.00023252206392325545,
            0.013106889949102581,
            0.011095517610123552,
            1.385434863888588,
            0.0116190787754957,
            0.0010348343147275824,
            0.0027482282648742806,
            0.01115034155856669,
            0.378940202689638,
            0.0498677150414424,
            0.003822531504070697,
            0.009350257808981629,
            0.009504182485676547,
            -0.045032084052404345,
            -0.009356504608080345,
            -0.001380402977486137
        ],
        [
            -0.01145332684341882,
            0.11649621055539233,
            -0.004351310168276571,
            -0.47764845858496136,
            0.03678081536018186,
            0.09940707174257163,
            0.026226826116248547,
            0.0116190787754957,
            0.7703575022403915,
            -0.01013965297192986,
            -0.03437991478507341,
            -0.1078773070936559,
            0.05022911702528628,
            -0.7797805145961654,
            -0.08856972754532504,
            -0.30790476147008883,
            -0.1836071607715494,
            0.0021159280416847967,
            0.20031687246462448,
            0.03681252104942423
        ],
        [
            -0.002096081415002553,
            -0.016755239222437237,
            0.00033768664867332037,
            0.031638773487949266,
            0.5354471222596474,
            -0.028495974586953153,
            -0.02441512775190876,
            0.0010348343147275824,
            -0.01013965297192986,
            1.3840048835976466,
            -0.011267668055646302,
            -0.02374427543776104,
            0.0032346697445430096,
            -0.07307090262728425,
            0.37528780273293183,
            -0.026245128095279156,
            -0.018969276666300397,
            0.0001552731666229774,
            0.02200300109010228,
            -0.04172666845796626
        ],
        [
            -0.29243616472762063,
            -0.3574951105089697,
            0.0027514087670788626,
            -0.2746045987764195,
            0.0018209874399200661,
            -0.5335156803703419,
            -0.5125801064755218,
            0.0027482282648742806,
            -0.03437991478507341,
            -0.011267668055646302,
            -0.4363251541838853,
            -0.598352719605133,
            -0.01610267623095099,
            -0.02543229821353965,
            -0.024936984618848242,
            -0.5638383645234769,
            -0.5320351087802884,
            -0.00011826967675418465,
            0.07195911485334383,
            0.010171734499390406
        ],
        [
            -0.34758669433149364,
            -0.3219083502001858,
            0.000177128662146038,
            -0.21729547986782483,
            0.005915549753880887,
            -0.5280345321487235,
            -0.40982763307816894,
            0.01115034155856669,
            -0.1078773070936559,
            -0.02374427543776104,
            -0.598352719605133,
            -0.43453434063301866,
            -0.013768506883696824,
            0.008960096715408983,
            -0.018742312687395624,
            -0.4522259091668922,
            -0.3624270788563262,
            0.003001035573384987,
            0.2243455680017734,
            0.03503744948838895
        ],
        [
            -0.01217822522633919,
            -0.010896353466021007,
            -0.04702490049727062,
            -0.01021044181655863,
            0.000300679255841107,
            -0.0043307788655473425,
            -0.012854072811227944,
            0.378940202689638,
            0.05022911702528628,
            0.0032346697445430096,
            -0.01610267623095099,
            -0.013768506883696824,
            1.4091409446438303,
            0.009219512208051369,
            0.0002252036881785114,
            -0.001983692832212884,
            -0.00869562351918658,
            0.3745364754935133,
            -0.014899918258769271,
            -0.0025084720320497685
        ],
        [
            0.3532351235757817,
            0.19935223926907586,
            0.0014736493500885593,
            0.1501907539600228,
            -0.009385305252690691,
            0.08261097299727527,
            0.140058343148177,
            0.0498677150414424,
            -0.7797805145961654,
            -0.07307090262728425,
            -0.02543229821353965,
            0.008960096715408983,
            0.009219512208051369,
            0.832717312107484,
            -0.06259729063556611,
            -0.027882943520931347,
            -0.10603151174418374,
            -0.0177362539275604,
            -0.6294069447820936,
            -0.1602790886158082
        ],
        [
            0.019034747236668394,
            0.00862324688313543,
            2.0428838780696878e-05,
            0.01381587000324921,
            -0.047531321589697056,
            -0.0018160761726021407,
            -0.0022578165324575947,
            0.003822531504070697,
            -0.08856972754532504,
            0.37528780273293183,
            -0.024936984618848242,
            -0.018742312687395624,
            0.0002252036881785114,
            -0.06259729063556611,
            1.4018467481420305,
            -0.004353085952128494,
            -0.025491199679092538,
            -0.002917476551497711,
            -0.1574983852909613,
            0.3495565238853242
        ],
        [
            -0.018510949175970855,
            -0.14641285461111275,
            0.0012209331879314573,
            -0.076577231438363,
            -0.0033812822684609525,
            -0.23125256662959096,
            -0.30298023981906386,
            0.009350257808981629,
            -0.30790476147008883,
            -0.026245128095279156,
            -0.5638383645234769,
            -0.4522259091668922,
            -0.001983692832212884,
            -0.027882943520931347,
            -0.004353085952128494,
            -0.2520754202468578,
            -0.4606676286791619,
            0.004683582035301069,
            0.27647635962141026,
            0.044605392292753177
        ],
        [
            -0.15061081282729682,
            -0.20310514324054074,
            0.0008860343391110283,
            -0.13320575299384696,
            0.0004436044855156262,
            -0.32921444434882596,
            -0.304422098443931,
            0.009504182485676547,
            -0.1836071607715494,
            -0.018969276666300397,
            -0.5320351087802884,
            -0.3624270788563262,
            -0.00869562351918658,
            -0.10603151174418374,
            -0.025491199679092538,
            -0.4606676286791619,
            -0.30750126635465325,
            0.0037217140616893547,
            0.23727770981833135,
            0.03788062397860857
        ],
        [
            -0.0006396588839890536,
            0.0007168851596761573,
            -0.005705866287939504,
            -0.0005105326648464022,
            -2.1308121971520062e-05,
            2.8796404603239137e-05,
            0.002414657548184901,
            -0.045032084052404345,
            0.0021159280416847967,
            0.0001552731666229774,
            -0.00011826967675418465,
            0.003001035573384987,
            0.3745364754935133,
            -0.0177362539275604,
            -0.002917476551497711,
            0.004683582035301069,
            0.0037217140616893547,
            1.4950655410420197,
            -0.004306867653845574,
            -0.000709871244100575
        ],
        [
            0.0724772490894917,
            0.1197855493076124,
            -0.0011311475729786895,
            0.10120689122847086,
            0.004510551801621221,
            0.2343849054000988,
            0.18025027808146354,
            -0.009356504608080345,
            0.20031687246462448,
            0.02200300109010228,
            0.07195911485334383,
            0.2243455680017734,
            -0.014899918258769271,
            -0.6294069447820936,
            -0.1574983852909613,
            0.27647635962141026,
            0.23727770981833135,
            -0.004306867653845574,
            1.2295070421419043,
            -0.042284552261131196
        ],
        [
            0.0070143062619317294,
            0.01645017203481161,
            -0.00012017418439243529,
            0.01030791173015843,
            -0.005323062880428532,
            0.031864384936701226,
            0.027928700591681854,
            -0.001380402977486137,
            0.03681252104942423,
            -0.04172666845796626,
            0.010171734499390406,
            0.03503744948838895,
            -0.0025084720320497685,
            -0.1602790886158082,
            0.3495565238853242,
            0.044605392292753177,
            0.03788062397860857,
            -0.000709871244100575,
            -0.042284552261131196,
            1.4883952103415068
        ]
    ]
}