{
    "HF": -2.1463572007125293,
    "coordinates": [
        [
            0.764164,
            -0.108596,
            -0.077143
        ],
        [
            1.50377,
            -0.123968,
            -0.027906
        ],
        [
            2.233415,
            -0.027316,
            -0.179939
        ],
        [
            3.058156,
            -0.15627,
            -0.05373
        ]
    ],
    "elements": [
        "H",
        "H",
        "H",
        "H"
    ],
    "Enn": 2.9743449952832837,
    "S": [
        [
            0.9999999999999999,
            0.6848602514927513,
            0.0,
            0.0,
            0.0,
            0.5695847453729004,
            0.5651151346394034,
            -0.03567949145843311,
            -0.535953976879296,
            0.011139288394886641,
            0.13376281752412567,
            0.3203057664849686,
            0.012249654166080141,
            -0.1750828498498718,
            -0.00968570655102333,
            0.010421258830635619,
            0.1092618970725093,
            -0.00012495753829311804,
            -0.012243266270196321,
            0.00025444093796549405
        ],
        [
            0.6848602514927513,
            1.0000000000000002,
            0.0,
            0.0,
            0.0,
            0.5651151346394034,
            0.8871519546195757,
            -0.010914030685896942,
            -0.16394342830541064,
            0.0034074066190793078,
            0.3203057664849686,
            0.6225190999343703,
            0.012422065485482185,
            -0.1775471043290616,
            -0.00982203084419621,
            0.1092618970725093,
            0.3176042975495951,
            -0.000893590381192971,
            -0.08755346114268253,
            0.0018195458861740813
        ],
        [
            0.0,
            0.0,
            1.0000000000000004,
            0.0,
            0.0,
            0.03567949145843311,
            0.010914030685896926,
            0.4868299584191477,
            -0.04631732460538092,
            0.0009626610841906566,
            -0.012249654166080141,
            -0.012422065485482194,
            0.05771273583226198,
            0.023267879515255566,
            0.0012871954805543592,
            0.00012495753829311787,
            0.0008935903811929728,
            0.0010742718968602804,
            -0.00015000779380856713,
            3.1174788587011755e-06
        ],
        [
            0.0,
            0.0,
            0.0,
            1.0000000000000004,
            0.0,
            0.5359539768792956,
            0.16394342830541042,
            -0.04631732460538092,
            -0.20583515427875584,
            0.014460464972153359,
            0.1750828498498717,
            0.17754710432906146,
            0.023267879515255573,
            -0.2732243633961588,
            -0.018397731886454466,
            0.012243266270196297,
            0.08755346114268252,
            -0.00015000779380856707,
            -0.013621872694517242,
            0.00030544874907229426
        ],
        [
            0.0,
            0.0,
            0.0,
            0.0,
            1.0000000000000004,
            -0.011139288394886641,
            -0.003407406619079307,
            0.0009626610841906566,
            0.014460464972153359,
            0.4896128453130388,
            0.00968570655102333,
            0.009822030844196201,
            0.0012871954805543596,
            -0.018397731886454466,
            0.05832289522294417,
            -0.0002544409379654935,
            -0.001819545886174077,
            3.1174788587011772e-06,
            0.00030544874907229453,
            0.0010694550399632937
        ],
        [
            0.5695847453729004,
            0.5651151346394034,
            0.03567949145843311,
            0.5359539768792958,
            -0.011139288394886641,
            0.9999999999999999,
            0.6848602514927513,
            0.0,
            0.0,
            0.0,
            0.5614147594114622,
            0.5621288777692737,
            0.10817645893149128,
            -0.5191663150570461,
            -0.06877106357597688,
            0.10884920264989625,
            0.2943891279927241,
            0.0023936400872828878,
            -0.14407685256781666,
            0.002994089300627782
        ],
        [
            0.5651151346394034,
            0.8871519546195757,
            0.010914030685896952,
            0.16394342830541048,
            -0.0034074066190793078,
            0.6848602514927513,
            1.0000000000000002,
            0.0,
            0.0,
            0.0,
            0.5621288777692737,
            0.8842271042135198,
            0.033510063679636125,
            -0.1608233108175733,
            -0.021303366208416514,
            0.2943891279927241,
            0.5905582246914397,
            0.0028512788892217315,
            -0.17162283099062145,
            0.003566527675017057
        ],
        [
            -0.035679491458433105,
            -0.010914030685896938,
            0.4868299584191477,
            -0.04631732460538093,
            0.0009626610841906568,
            0.0,
            0.0,
            1.0000000000000004,
            0.0,
            0.0,
            -0.10817645893149125,
            -0.033510063679636104,
            0.45154099478514953,
            0.13834216484662215,
            0.01832541429977007,
            -0.0023936400872828878,
            -0.002851278889221729,
            0.0432711318092049,
            0.0045171586748545016,
            -9.387195942008623e-05
        ],
        [
            -0.5359539768792956,
            -0.16394342830541025,
            -0.04631732460538091,
            -0.20583515427875584,
            0.014460464972153359,
            0.0,
            0.0,
            0.0,
            1.0000000000000004,
            0.0,
            0.5191663150570461,
            0.16082331081757292,
            0.13834216484662223,
            -0.183572444654446,
            -0.08794831988289208,
            0.1440768525678167,
            0.17162283099062145,
            0.004517158674854501,
            -0.2285485012919932,
            0.005650296604520992
        ],
        [
            0.011139288394886641,
            0.003407406619079307,
            0.0009626610841906564,
            0.014460464972153359,
            0.4896128453130388,
            0.0,
            0.0,
            0.0,
            0.0,
            1.0000000000000004,
            0.06877106357597687,
            0.02130336620841652,
            0.01832541429977008,
            -0.08794831988289206,
            0.4687167355012584,
            -0.002994089300627786,
            -0.003566527675017057,
            -9.387195942008626e-05,
            0.005650296604520996,
            0.04322875830912204
        ],
        [
            0.13376281752412567,
            0.3203057664849686,
            -0.012249654166080145,
            0.1750828498498718,
            0.009685706551023332,
            0.5614147594114622,
            0.5621288777692737,
            -0.10817645893149125,
            0.5191663150570461,
            0.06877106357597687,
            0.9999999999999999,
            0.6848602514927513,
            0.0,
            0.0,
            0.0,
            0.48840768484580155,
            0.533809834714739,
            -0.07528457473838059,
            -0.4919639285178296,
            0.07692198694873686
        ],
        [
            0.3203057664849686,
            0.6225190999343703,
            -0.012422065485482197,
            0.1775471043290616,
            0.009822030844196217,
            0.5621288777692737,
            0.8842271042135198,
            -0.03351006367963611,
            0.16082331081757295,
            0.0213033662084165,
            0.6848602514927513,
            1.0000000000000002,
            0.0,
            0.0,
            0.0,
            0.533809834714739,
            0.8561899052468788,
            -0.0263246148301711,
            -0.17202409621857495,
            0.026897165660213496
        ],
        [
            0.012249654166080136,
            0.012422065485482206,
            0.05771273583226199,
            0.02326787951525558,
            0.0012871954805543592,
            0.10817645893149125,
            0.03351006367963612,
            0.45154099478514953,
            0.13834216484662223,
            0.018325414299770068,
            0.0,
            0.0,
            1.0000000000000004,
            0.0,
            0.0,
            0.07528457473838057,
            0.026324614830171074,
            0.38005163665728664,
            -0.10713322888461471,
            0.016751026561777096
        ],
        [
            -0.17508284984987166,
            -0.17754710432906157,
            0.023267879515255562,
            -0.2732243633961587,
            -0.018397731886454455,
            -0.519166315057046,
            -0.16082331081757328,
            0.13834216484662215,
            -0.18357244465444614,
            -0.08794831988289202,
            0.0,
            0.0,
            0.0,
            1.0000000000000004,
            0.0,
            0.4919639285178296,
            0.17202409621857492,
            -0.10713322888461467,
            -0.30364000804383484,
            0.10946333777770685
        ],
        [
            -0.009685706551023326,
            -0.009822030844196208,
            0.0012871954805543596,
            -0.018397731886454473,
            0.05832289522294417,
            -0.06877106357597688,
            -0.02130336620841652,
            0.018325414299770082,
            -0.08794831988289212,
            0.4687167355012584,
            0.0,
            0.0,
            0.0,
            0.0,
            1.0000000000000004,
            -0.07692198694873685,
            -0.02689716566021348,
            0.01675102656177709,
            0.10946333777770685,
            0.37933073448862026
        ],
        [
            0.010421258830635619,
            0.1092618970725093,
            0.00012495753829311804,
            0.012243266270196318,
            -0.00025444093796549383,
            0.10884920264989625,
            0.2943891279927241,
            -0.0023936400872828878,
            0.14407685256781666,
            -0.0029940893006277854,
            0.48840768484580155,
            0.533809834714739,
            0.07528457473838059,
            0.4919639285178296,
            -0.07692198694873688,
            0.9999999999999999,
            0.6848602514927513,
            0.0,
            0.0,
            0.0
        ],
        [
            0.1092618970725093,
            0.3176042975495951,
            0.000893590381192969,
            0.08755346114268259,
            -0.0018195458861740774,
            0.2943891279927241,
            0.5905582246914397,
            -0.0028512788892217315,
            0.17162283099062145,
            -0.003566527675017057,
            0.533809834714739,
            0.8561899052468788,
            0.026324614830171122,
            0.17202409621857495,
            -0.026897165660213506,
            0.6848602514927513,
            1.0000000000000002,
            0.0,
            0.0,
            0.0
        ],
        [
            -0.00012495753829311787,
            -0.0008935903811929708,
            0.0010742718968602804,
            -0.00015000779380856713,
            3.1174788587011772e-06,
            0.0023936400872828878,
            0.0028512788892217315,
            0.0432711318092049,
            0.004517158674854501,
            -9.387195942008626e-05,
            -0.07528457473838057,
            -0.026324614830171095,
            0.3800516366572866,
            -0.1071332288846147,
            0.016751026561777096,
            0.0,
            0.0,
            1.0000000000000004,
            0.0,
            0.0
        ],
        [
            -0.0122432662701963,
            -0.08755346114268252,
            -0.00015000779380856707,
            -0.013621872694517242,
            0.0003054487490722944,
            -0.1440768525678167,
            -0.17162283099062145,
            0.0045171586748545016,
            -0.22854850129199314,
            0.005650296604520996,
            -0.4919639285178296,
            -0.17202409621857492,
            -0.1071332288846147,
            -0.30364000804383484,
            0.10946333777770687,
            0.0,
            0.0,
            0.0,
            1.0000000000000004,
            0.0
        ],
        [
            0.0002544409379654937,
            0.0018195458861740808,
            3.1174788587011755e-06,
            0.0003054487490722943,
            0.0010694550399632937,
            0.002994089300627782,
            0.003566527675017057,
            -9.387195942008623e-05,
            0.005650296604520992,
            0.04322875830912204,
            0.07692198694873686,
            0.02689716566021349,
            0.016751026561777092,
            0.10946333777770684,
            0.3793307344886202,
            0.0,
            0.0,
            0.0,
            0.0,
            1.0000000000000004
        ]
    ],
    "h": [
        [
            -0.28922950121312785,
            -0.4769173932844212,
            -0.017071897399302476,
            -0.3046490482508949,
            0.00415608747235069,
            -0.5999412657184078,
            -0.47164468123052894,
            0.01281085072190409,
            0.012850829233374661,
            -0.008077138316986053,
            -0.27326077343570987,
            -0.32819581016624977,
            -0.03975079765469684,
            0.33103181565419465,
            0.025628738148165086,
            -0.006521548218712828,
            -0.1308218634697608,
            0.0006323461490450705,
            0.059913839406809444,
            -0.0019122128566181318
        ],
        [
            -0.4769173932844212,
            -0.31706937255291234,
            -0.012568870094765528,
            -0.2554519622008706,
            0.0025134566652116764,
            -0.5549774034913497,
            -0.37054448562866327,
            0.03806686591445399,
            0.10986903719630406,
            -0.01982352238788063,
            -0.3483086735422557,
            -0.3172189105312244,
            -0.04376413271960386,
            0.20102371718940248,
            0.029822834532637274,
            -0.12685742335942896,
            -0.19072524386864204,
            0.00920808083996694,
            0.10951171619377056,
            -0.010736534190375752
        ],
        [
            -0.017071897399302476,
            -0.012568870094765528,
            1.4694026938237486,
            -0.01603020806025466,
            0.0005035769285722524,
            0.0027282101148198984,
            -0.009831206456396568,
            0.4201565017222003,
            -0.06453600442915002,
            0.0016541646415400872,
            0.0011859379923969578,
            -0.008044251238896242,
            -0.04861938325712911,
            0.011018279947897808,
            0.0007285491338100522,
            0.0016400927931145576,
            -0.0017313364764128957,
            -0.0038045811741867904,
            0.0001140933364215974,
            9.956714523827264e-05
        ],
        [
            -0.3046490482508949,
            -0.2554519622008706,
            -0.01603020806025466,
            1.1702652699194602,
            0.003878880245516053,
            -0.08644561755136959,
            -0.249046018024287,
            -0.049065754378831955,
            -0.6028434521393564,
            0.010317825700581325,
            -0.264277567985407,
            -0.20429366474811872,
            -0.040794397335017385,
            0.1706668853528095,
            0.026545671146633858,
            -0.06256324705588923,
            -0.12191450918231994,
            0.0029128566540393753,
            0.08218642038253862,
            -0.004162543970179303
        ],
        [
            0.00415608747235069,
            0.0025134566652116764,
            0.0005035769285722524,
            0.003878880245516053,
            1.4705488921095546,
            -0.003240321312834797,
            0.001164579922235275,
            0.0019515495510682335,
            0.019501867319186565,
            0.42432078401463225,
            -0.004851452657359295,
            0.0010761668622640275,
            -4.884456249029277e-05,
            -0.002301893190601978,
            -0.04747574506576237,
            -0.0009699041923008908,
            -0.00041913093357517266,
            8.341626572409701e-05,
            -0.00026334658610122335,
            -0.0037532028478984452
        ],
        [
            -0.5999412657184078,
            -0.5549774034913497,
            0.0027282101148198984,
            -0.08644561755136959,
            -0.003240321312834797,
            -0.48423159140457583,
            -0.6171020446237225,
            0.06810467650415196,
            0.05056906531209057,
            -0.03735318518490455,
            -0.5451069300341056,
            -0.5302561014144271,
            -0.01682787424148527,
            0.0693401354294958,
            0.013602477957965653,
            -0.22850370425246075,
            -0.32783409297712435,
            0.013807449510731259,
            0.2292326240417053,
            -0.018767296406733046
        ],
        [
            -0.47164468123052894,
            -0.37054448562866327,
            -0.009831206456396568,
            -0.249046018024287,
            0.001164579922235275,
            -0.6171020446237225,
            -0.43888323442381627,
            0.05546277795157108,
            0.007172512853140883,
            -0.030230168939104383,
            -0.5178746917481489,
            -0.41585618966667703,
            -0.05916928415447916,
            0.14436274297226787,
            0.04399196370834647,
            -0.29452882276807,
            -0.3040785124832097,
            0.021515682649534504,
            0.17089243155453449,
            -0.02307278877470071
        ],
        [
            0.01281085072190409,
            0.03806686591445399,
            0.4201565017222003,
            -0.049065754378831955,
            0.0019515495510682335,
            0.06810467650415196,
            0.05546277795157108,
            1.3786309405039392,
            0.03382595739968687,
            0.007151963731864652,
            0.010279611637320302,
            0.0499378384412528,
            0.36281461374078094,
            0.19036941861749146,
            0.02408486856178718,
            0.028519356979242315,
            0.03747477956677593,
            -0.04729032512210812,
            -0.03153331955748437,
            0.003490946963408126
        ],
        [
            0.012850829233374661,
            0.10986903719630406,
            -0.06453600442915002,
            -0.6028434521393564,
            0.019501867319186565,
            0.05056906531209057,
            0.007172512853140883,
            0.03382595739968687,
            0.8090778022009197,
            -0.026535734666331273,
            -0.03563891846940459,
            -0.11862106555490454,
            0.1894754323211783,
            -0.69667165354019,
            -0.11589366910770965,
            -0.2977684707971993,
            -0.18845785175701343,
            0.023435192254415874,
            0.18885673802910918,
            -0.026829418565160468
        ],
        [
            -0.008077138316986053,
            -0.01982352238788063,
            0.0016541646415400872,
            0.010317825700581325,
            0.42432078401463225,
            -0.03735318518490455,
            -0.030230168939104383,
            0.007151963731864652,
            -0.026535734666331273,
            1.3861595541943188,
            -0.003683802361603289,
            -0.027989388568589887,
            0.024869903962050653,
            -0.12175291623318582,
            0.385657443745826,
            -0.014179133386184208,
            -0.021817581357037635,
            0.0016782314168938626,
            0.017133281123437975,
            -0.04620034045777999
        ],
        [
            -0.27326077343570987,
            -0.3483086735422557,
            0.0011859379923969578,
            -0.264277567985407,
            -0.004851452657359295,
            -0.5451069300341056,
            -0.5178746917481489,
            0.010279611637320302,
            -0.03563891846940459,
            -0.003683802361603289,
            -0.420977793806238,
            -0.5920894821312261,
            -0.08303490885466036,
            0.01359695842160405,
            0.06598753514311478,
            -0.5323714787931758,
            -0.5171588056879608,
            0.006201308303894926,
            0.08891075784779734,
            -0.008160941762318435
        ],
        [
            -0.32819581016624977,
            -0.3172189105312244,
            -0.008044251238896242,
            -0.20429366474811872,
            0.0010761668622640275,
            -0.5302561014144271,
            -0.41585618966667703,
            0.0499378384412528,
            -0.11862106555490454,
            -0.027989388568589887,
            -0.5920894821312261,
            -0.436550979711557,
            -0.07005155004161634,
            0.02694236863228537,
            0.055710441821369985,
            -0.4347343989167114,
            -0.362313989566738,
            0.025850729243224693,
            0.20752788515914128,
            -0.02788629762381041
        ],
        [
            -0.03975079765469684,
            -0.04376413271960386,
            -0.04861938325712911,
            -0.040794397335017385,
            -4.884456249029277e-05,
            -0.01682787424148527,
            -0.05916928415447916,
            0.36281461374078094,
            0.1894754323211783,
            0.024869903962050653,
            -0.08303490885466036,
            -0.07005155004161634,
            1.392286118927512,
            0.020792848506025852,
            0.011981668881128185,
            -0.014903535983197436,
            -0.049389262408330956,
            0.2729248083748399,
            -0.12660774427902682,
            0.021252313779125946
        ],
        [
            0.33103181565419465,
            0.20102371718940248,
            0.011018279947897808,
            0.1706668853528095,
            -0.002301893190601978,
            0.0693401354294958,
            0.14436274297226787,
            0.19036941861749146,
            -0.69667165354019,
            -0.12175291623318582,
            0.01359695842160405,
            0.02694236863228537,
            0.020792848506025852,
            0.8770370881960068,
            -0.00012200750841927536,
            -0.04488198547502187,
            -0.09244640591926997,
            -0.14157499995706174,
            -0.6558584090316055,
            0.14531665535023394
        ],
        [
            0.025628738148165086,
            0.029822834532637274,
            0.0007285491338100522,
            0.026545671146633858,
            -0.04747574506576237,
            0.013602477957965653,
            0.04399196370834647,
            0.02408486856178718,
            -0.11589366910770965,
            0.385657443745826,
            0.06598753514311478,
            0.055710441821369985,
            0.011981668881128185,
            -0.00012200750841927536,
            1.3984814366659102,
            0.012611409796341538,
            0.042358392847529784,
            0.02182167517887308,
            0.1337033104052078,
            0.27215943520266717
        ],
        [
            -0.006521548218712828,
            -0.12685742335942896,
            0.0016400927931145576,
            -0.06256324705588923,
            -0.0009699041923008908,
            -0.22850370425246075,
            -0.29452882276807,
            0.028519356979242315,
            -0.2977684707971993,
            -0.014179133386184208,
            -0.5323714787931758,
            -0.4347343989167114,
            -0.014903535983197436,
            -0.04488198547502187,
            0.012611409796341538,
            -0.2212981615079923,
            -0.4469350138687671,
            0.034943993558622995,
            0.24333442080130008,
            -0.036433128829073375
        ],
        [
            -0.1308218634697608,
            -0.19072524386864204,
            -0.0017313364764128957,
            -0.12191450918231994,
            -0.00041913093357517266,
            -0.32783409297712435,
            -0.3040785124832097,
            0.03747477956677593,
            -0.18845785175701343,
            -0.021817581357037635,
            -0.5171588056879608,
            -0.362313989566738,
            -0.049389262408330956,
            -0.09244640591926997,
            0.042358392847529784,
            -0.4469350138687671,
            -0.3065225523223447,
            0.030112884533967994,
            0.21946281130137804,
            -0.03173965424502492
        ],
        [
            0.0006323461490450705,
            0.00920808083996694,
            -0.0038045811741867904,
            0.0029128566540393753,
            8.341626572409701e-05,
            0.013807449510731259,
            0.021515682649534504,
            -0.04729032512210812,
            0.023435192254415874,
            0.0016782314168938626,
            0.006201308303894926,
            0.025850729243224693,
            0.2729248083748399,
            -0.14157499995706174,
            0.02182167517887308,
            0.034943993558622995,
            0.030112884533967994,
            1.4919928176446893,
            -0.0321689924904904,
            0.0051215504853077244
        ],
        [
            0.059913839406809444,
            0.10951171619377056,
            0.0001140933364215974,
            0.08218642038253862,
            -0.00026334658610122335,
            0.2292326240417053,
            0.17089243155453449,
            -0.03153331955748437,
            0.18885673802910918,
            0.017133281123437975,
            0.08891075784779734,
            0.20752788515914128,
            -0.12660774427902682,
            -0.6558584090316055,
            0.1337033104052078,
            0.24333442080130008,
            0.21946281130137804,
            -0.0321689924904904,
            1.2661416657737474,
            0.03366441494293421
        ],
        [
            -0.0019122128566181318,
            -0.010736534190375752,
            9.956714523827264e-05,
            -0.004162543970179303,
            -0.0037532028478984452,
            -0.018767296406733046,
            -0.02307278877470071,
            0.003490946963408126,
            -0.026829418565160468,
            -0.04620034045777999,
            -0.008160941762318435,
            -0.02788629762381041,
            0.021252313779125946,
            0.14531665535023394,
            0.27215943520266717,
            -0.036433128829073375,
            -0.03173965424502492,
            0.0051215504853077244,
            0.03366441494293421,
            1.4917776282136777
        ]
    ]
}