{
    "HF": -2.107596859246346,
    "coordinates": [
        [
            0.823052,
            -0.029331,
            -0.06289
        ],
        [
            1.5669,
            -0.144254,
            -0.040716
        ],
        [
            2.231131,
            -0.175355,
            -0.09567
        ],
        [
            2.952691,
            0.079344,
            -0.193336
        ]
    ],
    "elements": [
        "H",
        "H",
        "H",
        "H"
    ],
    "Enn": 3.178036075481783,
    "S": [
        [
            0.9999999999999999,
            0.6848602514927513,
            0.0,
            0.0,
            0.0,
            0.5602557889287106,
            0.5617024520770245,
            -0.015736353894423794,
            -0.527891015227715,
            0.0815580859839842,
            0.1548647409962987,
            0.33996678781762385,
            0.0046724545854998625,
            -0.20070729653130165,
            0.020814231494601362,
            0.018395159079568457,
            0.1394184792497426,
            0.0013939697736598691,
            -0.022757711197025812,
            -0.0011613208925722997
        ],
        [
            0.6848602514927513,
            1.0000000000000002,
            0.0,
            0.0,
            0.0,
            0.5617024520770245,
            0.8838089651546709,
            -0.00488348240258994,
            -0.16382107956172617,
            0.02531002291660698,
            0.33996678781762385,
            0.6461152514884043,
            0.004221799552753074,
            -0.18134921575475885,
            0.018806713175448898,
            0.13941847924974254,
            0.3700046026087756,
            0.006466857879113554,
            -0.10557681145314926,
            -0.0053875609831858795
        ],
        [
            0.0,
            0.0,
            1.0000000000000004,
            0.0,
            0.0,
            0.015736353894423794,
            0.004883482402589929,
            0.47840323929838896,
            -0.020512057707815237,
            0.0031690711112421486,
            -0.004672454585499865,
            -0.00422179955275308,
            0.07386197446329015,
            0.00887569259212293,
            -0.0009204484514520557,
            -0.0013939697736598685,
            -0.006466857879113551,
            0.002554563967521921,
            0.0019275608219226793,
            9.836299594553215e-05
        ],
        [
            0.0,
            0.0,
            0.0,
            1.0000000000000004,
            0.0,
            0.527891015227715,
            0.16382107956172617,
            -0.020512057707815223,
            -0.20908185837998747,
            0.10630951600772297,
            0.20070729653130157,
            0.18134921575475893,
            0.008875692592122938,
            -0.30719059299986723,
            0.03953825915412324,
            0.022757711197025805,
            0.10557681145314918,
            0.0019275608219226784,
            -0.028796394893165326,
            -0.0016058573840703973
        ],
        [
            0.0,
            0.0,
            0.0,
            0.0,
            1.0000000000000004,
            -0.0815580859839842,
            -0.025310022916606976,
            0.0031690711112421486,
            0.10630951600772302,
            0.46259009717722654,
            -0.02081423149460136,
            -0.018806713175448905,
            -0.0009204484514520562,
            0.039538259154123234,
            0.06996830830425227,
            0.0011613208925722995,
            0.005387560983185877,
            9.836299594553215e-05,
            -0.001605857384070398,
            0.0025906856049274503
        ],
        [
            0.5602557889287106,
            0.5617024520770245,
            0.015736353894423794,
            0.527891015227715,
            -0.0815580859839842,
            0.9999999999999999,
            0.6848602514927513,
            0.0,
            0.0,
            0.0,
            0.6298701578588531,
            0.5861353208007934,
            0.045210812006030394,
            -0.5464647317679805,
            0.025586881104188122,
            0.1563884352795306,
            0.34131889887267536,
            0.02201686266514918,
            -0.19991331496265066,
            -0.032256103120181005
        ],
        [
            0.5617024520770245,
            0.8838089651546709,
            0.00488348240258994,
            0.16382107956172617,
            -0.025310022916606976,
            0.6848602514927513,
            1.0000000000000002,
            0.0,
            0.0,
            0.0,
            0.5861353208007934,
            0.9075760169552328,
            0.012665489314110448,
            -0.15308823074937072,
            0.0071679838257115,
            0.34131889887267536,
            0.6477187050556611,
            0.019739840298850637,
            -0.17923793098928376,
            -0.02892012063387761
        ],
        [
            -0.015736353894423794,
            -0.004883482402589929,
            0.47840323929838896,
            -0.020512057707815223,
            0.0031690711112421486,
            0.0,
            0.0,
            1.0000000000000004,
            0.0,
            0.0,
            -0.0452108120060304,
            -0.01266548931411046,
            0.5566801937728496,
            0.05317099246119929,
            -0.0024896023168683172,
            -0.022016862665149173,
            -0.019739840298850606,
            0.07062498676876328,
            0.041275280019698206,
            0.00665978496168937
        ],
        [
            -0.527891015227715,
            -0.16382107956172617,
            -0.020512057707815237,
            -0.20908185837998747,
            0.10630951600772302,
            0.0,
            0.0,
            0.0,
            1.0000000000000004,
            0.0,
            0.54646473176798,
            0.15308823074937036,
            0.05317099246119929,
            -0.08160051928776495,
            0.03009191390136768,
            0.19991331496265066,
            0.17923793098928367,
            0.04127528001969819,
            -0.29960920334012325,
            -0.0604709085430774
        ],
        [
            0.08155808598398419,
            0.02531002291660696,
            0.0031690711112421486,
            0.10630951600772297,
            0.46259009717722654,
            0.0,
            0.0,
            0.0,
            0.0,
            1.0000000000000004,
            -0.025586881104188122,
            -0.0071679838257115,
            -0.002489602316868322,
            0.03009191390136774,
            0.5596702230028409,
            0.032256103120181,
            0.028920120633877583,
            0.006659784961689373,
            -0.06047090854307745,
            0.06541370961960538
        ],
        [
            0.1548647409962987,
            0.33996678781762385,
            -0.004672454585499865,
            0.20070729653130157,
            -0.020814231494601362,
            0.6298701578588531,
            0.5861353208007934,
            -0.0452108120060304,
            0.5464647317679805,
            -0.025586881104188122,
            0.9999999999999999,
            0.6848602514927513,
            0.0,
            0.0,
            0.0,
            0.5455310817853037,
            0.5562228736627053,
            0.0670151093864533,
            -0.49511009285615487,
            -0.17476584835685158
        ],
        [
            0.33996678781762385,
            0.6461152514884043,
            -0.00422179955275308,
            0.18134921575475885,
            -0.018806713175448908,
            0.5861353208007934,
            0.9075760169552328,
            -0.01266548931411046,
            0.15308823074937072,
            -0.0071679838257115,
            0.6848602514927513,
            1.0000000000000002,
            0.0,
            0.0,
            0.0,
            0.5562228736627053,
            0.8784250739845773,
            0.021285521096716466,
            -0.15725821271012108,
            -0.05550960352438499
        ],
        [
            0.0046724545854998625,
            0.004221799552753073,
            0.07386197446329015,
            0.008875692592122937,
            -0.000920448451452056,
            0.045210812006030394,
            0.012665489314110448,
            0.5566801937728496,
            0.053170992461199294,
            -0.002489602316868322,
            0.0,
            0.0,
            1.0000000000000004,
            0.0,
            0.0,
            -0.06701510938645329,
            -0.02128552109671644,
            0.4504486588965926,
            0.0845052172834314,
            0.02982897380241795
        ],
        [
            -0.20070729653130165,
            -0.18134921575475882,
            0.008875692592122932,
            -0.3071905929998671,
            0.039538259154123234,
            -0.54646473176798,
            -0.15308823074937072,
            0.053170992461199273,
            -0.08160051928776495,
            0.03009191390136774,
            0.0,
            0.0,
            0.0,
            1.0000000000000004,
            0.0,
            0.49511009285615487,
            0.15725821271012103,
            0.08450521728343138,
            -0.1624408789563549,
            -0.22037755551443378
        ],
        [
            0.02081423149460136,
            0.018806713175448898,
            -0.0009204484514520558,
            0.03953825915412324,
            0.06996830830425227,
            0.025586881104188122,
            0.0071679838257115,
            -0.002489602316868317,
            0.03009191390136768,
            0.5596702230028409,
            0.0,
            0.0,
            0.0,
            0.0,
            1.0000000000000004,
            0.1747658483568516,
            0.05550960352438493,
            0.029828973802417943,
            -0.22037755551443378,
            0.38409706448896586
        ],
        [
            0.018395159079568457,
            0.1394184792497426,
            -0.001393969773659869,
            0.02275771119702582,
            0.0011613208925722997,
            0.1563884352795306,
            0.34131889887267536,
            -0.02201686266514918,
            0.19991331496265066,
            0.032256103120181005,
            0.5455310817853037,
            0.5562228736627053,
            -0.06701510938645328,
            0.49511009285615487,
            0.17476584835685158,
            0.9999999999999999,
            0.6848602514927513,
            0.0,
            0.0,
            0.0
        ],
        [
            0.13941847924974254,
            0.3700046026087756,
            -0.006466857879113551,
            0.10557681145314926,
            0.00538756098318588,
            0.34131889887267536,
            0.6477187050556611,
            -0.01973984029885063,
            0.17923793098928376,
            0.02892012063387761,
            0.5562228736627053,
            0.8784250739845773,
            -0.021285521096716446,
            0.15725821271012108,
            0.05550960352438499,
            0.6848602514927513,
            1.0000000000000002,
            0.0,
            0.0,
            0.0
        ],
        [
            0.0013939697736598691,
            0.006466857879113554,
            0.002554563967521921,
            0.001927560821922679,
            9.836299594553213e-05,
            0.02201686266514917,
            0.0197398402988506,
            0.07062498676876328,
            0.04127528001969818,
            0.00665978496168937,
            0.0670151093864533,
            0.02128552109671646,
            0.4504486588965926,
            0.08450521728343137,
            0.02982897380241794,
            0.0,
            0.0,
            1.0000000000000004,
            0.0,
            0.0
        ],
        [
            -0.022757711197025812,
            -0.10557681145314926,
            0.0019275608219226786,
            -0.028796394893165326,
            -0.0016058573840703973,
            -0.19991331496265066,
            -0.17923793098928367,
            0.04127528001969822,
            -0.29960920334012314,
            -0.06047090854307745,
            -0.49511009285615487,
            -0.15725821271012103,
            0.08450521728343141,
            -0.1624408789563549,
            -0.22037755551443378,
            0.0,
            0.0,
            0.0,
            1.0000000000000004,
            0.0
        ],
        [
            -0.0011613208925722995,
            -0.005387560983185877,
            9.836299594553216e-05,
            -0.001605857384070398,
            0.0025906856049274503,
            -0.032256103120181,
            -0.028920120633877583,
            0.006659784961689373,
            -0.0604709085430774,
            0.06541370961960538,
            -0.1747658483568516,
            -0.05550960352438495,
            0.029828973802417953,
            -0.22037755551443378,
            0.38409706448896586,
            0.0,
            0.0,
            0.0,
            0.0,
            1.0000000000000004
        ]
    ],
    "h": [
        [
            -0.2797208673615501,
            -0.47205345873301086,
            -0.008427844608870564,
            -0.2969752972058508,
            0.04698480798478051,
            -0.595172840847418,
            -0.464344573440441,
            0.002887567822598587,
            0.013993377411228747,
            0.00040788974209018947,
            -0.3039115422779748,
            -0.3375549883620245,
            -0.021159684574567163,
            0.3578680113147965,
            -0.016869217732604157,
            -0.024557079841281713,
            -0.15683321499647374,
            -0.007968748214251274,
            0.09120373967683532,
            0.010976126163238533
        ],
        [
            -0.47205345873301086,
            -0.31571555375632143,
            -0.006373378004318501,
            -0.25324136478625825,
            0.03917521561050921,
            -0.5632727283143786,
            -0.3718038931846199,
            0.016303763087740477,
            0.08884854327018005,
            -0.02612116889825085,
            -0.38397883309577313,
            -0.32705777128151303,
            -0.013080872406220127,
            0.22135388907726603,
            -0.026390740308019703,
            -0.15568896189958495,
            -0.2123398334267127,
            -0.01560561100319048,
            0.13302485813212478,
            0.03317879895885473
        ],
        [
            -0.008427844608870564,
            -0.006373378004318501,
            1.4782166674518054,
            -0.007262913710695373,
            0.0011853672288428064,
            0.0003506433348310113,
            -0.004935141126324797,
            0.40780642882969365,
            -0.027594426039806788,
            0.004560635988503692,
            -0.0005361762451844797,
            -0.004049342202000926,
            -0.04751940223908202,
            0.008171297678571181,
            -0.00036714710898488683,
            0.0035162701182470182,
            -0.0001226767519289223,
            -0.007526674658546394,
            -0.004924995581417775,
            -0.0004881643947053868
        ],
        [
            -0.2969752972058508,
            -0.25324136478625825,
            -0.007262913710695373,
            1.1843909390115244,
            0.044511458479255826,
            -0.10088094701943151,
            -0.24901563875345673,
            -0.021325321858327223,
            -0.613599830321691,
            0.14957399252465073,
            -0.2905751834565433,
            -0.2120755681865113,
            -0.01581495370754637,
            0.14080588290567153,
            -0.010466869112343513,
            -0.09213059598459902,
            -0.13911698420943405,
            -0.011293846234860776,
            0.12576159528459874,
            0.016975973946982376
        ],
        [
            0.04698480798478051,
            0.03917521561050921,
            0.0011853672288428064,
            0.044511458479255826,
            1.471624342129438,
            0.013370591094129552,
            0.03685944540850556,
            0.0036980547541916693,
            0.15370896996824257,
            0.3856518416351906,
            0.03634931110882596,
            0.030666627175116805,
            0.0025199006646420283,
            -0.03279140125449054,
            -0.04555531682265035,
            0.0027879955027048965,
            0.015602749470198449,
            0.00037900960563938844,
            -0.002449453007919074,
            -0.008725547763133223
        ],
        [
            -0.595172840847418,
            -0.5632727283143786,
            0.0003506433348310113,
            -0.10088094701943151,
            0.013370591094129552,
            -0.5295084502293372,
            -0.6387087291248699,
            0.032442447148211,
            -0.021218905274318342,
            -0.029861575669232684,
            -0.6183644325424622,
            -0.5693306289962297,
            0.0035576729384941136,
            0.05156548258249827,
            -0.028232692672027472,
            -0.30216204844489747,
            -0.385027487683739,
            -0.0336636323180363,
            0.27794669795959015,
            0.06976341085693348
        ],
        [
            -0.464344573440441,
            -0.3718038931846199,
            -0.004935141126324797,
            -0.24901563875345673,
            0.03685944540850556,
            -0.6387087291248699,
            -0.4459907091480919,
            0.027040015596245436,
            -0.035728366065640726,
            -0.02610114215140627,
            -0.5671407244558955,
            -0.42783664080218897,
            -0.004113258811693353,
            0.16174927512038922,
            -0.05601134299111784,
            -0.335684499467484,
            -0.3275511462337537,
            -0.02605394418574807,
            0.19997558737529242,
            0.06270622920940055
        ],
        [
            0.002887567822598587,
            0.016303763087740477,
            0.40780642882969365,
            -0.021325321858327223,
            0.0036980547541916693,
            0.032442447148211,
            0.027040015596245436,
            1.3730735342344487,
            0.023509584331498086,
            0.0005171503690856959,
            0.012455530226141126,
            0.02795629861403107,
            0.5111352450640209,
            0.08358275983342103,
            -4.98284859929074e-05,
            0.030867289451191424,
            0.0235531585977135,
            -0.04413770132077924,
            -0.013874921893317183,
            -0.0059070407045250725
        ],
        [
            0.013993377411228747,
            0.08884854327018005,
            -0.027594426039806788,
            -0.613599830321691,
            0.15370896996824257,
            -0.021218905274318342,
            -0.035728366065640726,
            0.023509584331498086,
            0.7254976841335936,
            0.048480869115753666,
            -0.046871241105327144,
            -0.15495672087962653,
            0.09739282073492887,
            -0.6347531754255482,
            0.012051287497306828,
            -0.35280137080295476,
            -0.21851121842200485,
            -0.024142446950383784,
            0.11928591336248784,
            0.06873150543950494
        ],
        [
            0.00040788974209018947,
            -0.02612116889825085,
            0.004560635988503692,
            0.14957399252465073,
            0.3856518416351906,
            -0.029861575669232684,
            -0.02610114215140627,
            0.0005171503690856959,
            0.048480869115753666,
            1.3687104701970871,
            -0.021207888929097057,
            -0.01733581912762258,
            -0.0035942664642997805,
            0.053702743000336124,
            0.5131290407185962,
            -0.013947302385429565,
            -0.005881231791103912,
            0.0011020859087818094,
            -0.011022162105626551,
            -0.04701474016944461
        ],
        [
            -0.3039115422779748,
            -0.38397883309577313,
            -0.0005361762451844797,
            -0.2905751834565433,
            0.03634931110882596,
            -0.6183644325424622,
            -0.5671407244558955,
            0.012455530226141126,
            -0.046871241105327144,
            -0.021207888929097057,
            -0.5175727992311558,
            -0.6330432139854504,
            0.009906745773718752,
            0.04312515379342202,
            -0.10139206008572885,
            -0.5856677105011711,
            -0.5578386652706443,
            -0.012533376861922102,
            0.1020354533410428,
            0.024094785579473865
        ],
        [
            -0.3375549883620245,
            -0.32705777128151303,
            -0.004049342202000926,
            -0.2120755681865113,
            0.030666627175116805,
            -0.5693306289962297,
            -0.42783664080218897,
            0.02795629861403107,
            -0.15495672087962653,
            -0.01733581912762258,
            -0.6330432139854504,
            -0.4438924760159615,
            0.007584517799456216,
            0.04922588995228455,
            -0.08080010567245952,
            -0.4598050532224316,
            -0.3718443784060397,
            -0.03070236479847164,
            0.23377778973494945,
            0.07364381455058301
        ],
        [
            -0.021159684574567163,
            -0.013080872406220127,
            -0.04751940223908202,
            -0.01581495370754637,
            0.0025199006646420283,
            0.0035576729384941136,
            -0.004113258811693353,
            0.5111352450640209,
            0.09739282073492887,
            -0.0035942664642997805,
            0.009906745773718752,
            0.007584517799456216,
            1.3718823881035462,
            0.06018517251353787,
            0.009781096204628276,
            0.002135467652947712,
            0.01625888085249793,
            0.36672235161498135,
            0.12044685363722588,
            0.04200623996208756
        ],
        [
            0.3578680113147965,
            0.22135388907726603,
            0.008171297678571181,
            0.14080588290567153,
            -0.03279140125449054,
            0.05156548258249827,
            0.16174927512038922,
            0.08358275983342103,
            -0.6347531754255482,
            0.053702743000336124,
            0.04312515379342202,
            0.04922588995228455,
            0.06018517251353787,
            0.7653985467384621,
            -0.06685916767524169,
            -0.01685728270267317,
            -0.07475407423513047,
            0.12279241077777764,
            -0.537154204540497,
            -0.31481907479006255
        ],
        [
            -0.016869217732604157,
            -0.026390740308019703,
            -0.00036714710898488683,
            -0.010466869112343513,
            -0.04555531682265035,
            -0.028232692672027472,
            -0.05601134299111784,
            -4.98284859929074e-05,
            0.012051287497306828,
            0.5131290407185962,
            -0.10139206008572885,
            -0.08080010567245952,
            0.009781096204628276,
            -0.06685916767524169,
            1.3490524606912202,
            -0.015581695979981491,
            -0.07464250815479065,
            0.03986038644426655,
            -0.2929704028578696,
            0.2774624348416438
        ],
        [
            -0.024557079841281713,
            -0.15568896189958495,
            0.0035162701182470182,
            -0.09213059598459902,
            0.0027879955027048965,
            -0.30216204844489747,
            -0.335684499467484,
            0.030867289451191424,
            -0.35280137080295476,
            -0.013947302385429565,
            -0.5856677105011711,
            -0.4598050532224316,
            0.002135467652947712,
            -0.01685728270267317,
            -0.015581695979981491,
            -0.2690126880702548,
            -0.46781551260300624,
            -0.03720485612286131,
            0.27339653503965544,
            0.09461252875114119
        ],
        [
            -0.15683321499647374,
            -0.2123398334267127,
            -0.0001226767519289223,
            -0.13911698420943405,
            0.015602749470198449,
            -0.385027487683739,
            -0.3275511462337537,
            0.0235531585977135,
            -0.21851121842200485,
            -0.005881231791103912,
            -0.5578386652706443,
            -0.3718443784060397,
            0.01625888085249793,
            -0.07475407423513047,
            -0.07464250815479065,
            -0.46781551260300624,
            -0.31550729508657427,
            -0.03187407055540378,
            0.23718001707380407,
            0.07932284744224416
        ],
        [
            -0.007968748214251274,
            -0.01560561100319048,
            -0.007526674658546394,
            -0.011293846234860776,
            0.00037900960563938844,
            -0.0336636323180363,
            -0.02605394418574807,
            -0.04413770132077924,
            -0.024142446950383784,
            0.0011020859087818094,
            -0.012533376861922102,
            -0.03070236479847164,
            0.36672235161498135,
            0.12279241077777764,
            0.03986038644426655,
            -0.03720485612286131,
            -0.03187407055540378,
            1.476053686701834,
            0.03439837219220329,
            0.011564657569501525
        ],
        [
            0.09120373967683532,
            0.13302485813212478,
            -0.004924995581417775,
            0.12576159528459874,
            -0.002449453007919074,
            0.27794669795959015,
            0.19997558737529242,
            -0.013874921893317183,
            0.11928591336248784,
            -0.011022162105626551,
            0.1020354533410428,
            0.23377778973494945,
            0.12044685363722588,
            -0.537154204540497,
            -0.2929704028578696,
            0.27339653503965544,
            0.23718001707380407,
            0.03439837219220329,
            1.2223481522092075,
            -0.08578632889661669
        ],
        [
            0.010976126163238533,
            0.03317879895885473,
            -0.0004881643947053868,
            0.016975973946982376,
            -0.008725547763133223,
            0.06976341085693348,
            0.06270622920940055,
            -0.0059070407045250725,
            0.06873150543950494,
            -0.04701474016944461,
            0.024094785579473865,
            0.07364381455058301,
            0.04200623996208756,
            -0.31481907479006255,
            0.2774624348416438,
            0.09461252875114119,
            0.07932284744224416,
            0.011564657569501525,
            -0.08578632889661669,
            1.4511062049594157
        ]
    ]
}