{
    "HF": -2.1612132600725675,
    "coordinates": [
        [
            0.790483,
            0.160845,
            0.049373
        ],
        [
            1.573628,
            0.179021,
            -0.079445
        ],
        [
            2.340317,
            0.134719,
            0.191169
        ],
        [
            3.117205,
            0.151066,
            -0.197604
        ]
    ],
    "elements": [
        "H",
        "H",
        "H",
        "H"
    ],
    "Enn": 2.833399697634263,
    "S": [
        [
            0.9999999999999999,
            0.6848602514927513,
            0.0,
            0.0,
            0.0,
            0.5276910875140355,
            0.5494260079558686,
            0.0847483720696226,
            -0.515225076033354,
            -0.011957850694293202,
            0.10839314084512378,
            0.29388169144705156,
            -0.0130761484609743,
            -0.14292264572953847,
            0.0024092883769035425,
            0.008799883136532646,
            0.10158962112872995,
            0.0010715563264776418,
            -0.01009492251932249,
            4.24280370910039e-05
        ],
        [
            0.6848602514927513,
            1.0000000000000002,
            0.0,
            0.0,
            0.0,
            0.5494260079558686,
            0.8717187702991158,
            0.027708775615699212,
            -0.16845463428679827,
            -0.003909660960354539,
            0.29388169144705156,
            0.5899220403758048,
            -0.015627103766424948,
            -0.17080465414210155,
            0.0028793034570905934,
            0.10158962112872995,
            0.3034351879229609,
            0.008717529098228429,
            -0.0821261361927962,
            0.0003451686474917775
        ],
        [
            0.0,
            0.0,
            1.0000000000000004,
            0.0,
            0.0,
            -0.0847483720696226,
            -0.027708775615699212,
            0.4222573102596459,
            0.11557205937881156,
            0.002682310110221322,
            0.013076148460974296,
            0.01562710376642494,
            0.04082053330214105,
            -0.02457212444059984,
            0.0004142194087464279,
            -0.0010715563264776407,
            -0.008717529098228417,
            0.0006898408198139049,
            0.0012228005132291434,
            -5.1393188437930294e-06
        ],
        [
            0.0,
            0.0,
            0.0,
            1.0000000000000004,
            0.0,
            0.5152250760333541,
            0.16845463428679802,
            0.11557205937881147,
            -0.2613491846492415,
            -0.016307020379677344,
            0.14292264572953844,
            0.17080465414210153,
            -0.024572124440599835,
            -0.22550530106286135,
            0.004527429004591887,
            0.010094922519322484,
            0.08212613619279618,
            0.001222800513229143,
            -0.010700125706108845,
            4.841651740391939e-05
        ],
        [
            0.0,
            0.0,
            0.0,
            0.0,
            1.0000000000000004,
            0.011957850694293202,
            0.003909660960354537,
            0.0026823101102213297,
            -0.016307020379677403,
            0.44088906445923687,
            -0.0024092883769035425,
            -0.002879303457090593,
            0.0004142194087464281,
            0.00452742900459189,
            0.042992343539240835,
            -4.242803709100388e-05,
            -0.0003451686474917701,
            -5.139318843793028e-06,
            4.841651740391939e-05,
            0.0008194352179551961
        ],
        [
            0.5276910875140355,
            0.5494260079558686,
            -0.0847483720696226,
            0.5152250760333541,
            0.011957850694293202,
            0.9999999999999999,
            0.6848602514927513,
            0.0,
            0.0,
            0.0,
            0.5116761128213235,
            0.5431707831441975,
            -0.17122206414760047,
            -0.48509712409283956,
            0.02803062622727206,
            0.11075558717046884,
            0.29649603806742886,
            0.011186169825304435,
            -0.14613118307055697,
            0.002646513405380765
        ],
        [
            0.5494260079558686,
            0.8717187702991158,
            -0.027708775615699212,
            0.16845463428679827,
            0.003909660960354539,
            0.6848602514927513,
            1.0000000000000002,
            0.0,
            0.0,
            0.0,
            0.5431707831441975,
            0.8655189425735532,
            -0.057501911588160176,
            -0.16291131683362603,
            0.009413591636717514,
            0.29649603806742886,
            0.5931952743714403,
            0.013146096360148393,
            -0.1717347978682013,
            0.003110208479658324
        ],
        [
            0.0847483720696226,
            0.027708775615699212,
            0.4222573102596459,
            0.11557205937881151,
            0.0026823101102213306,
            0.0,
            0.0,
            1.0000000000000004,
            0.0,
            0.0,
            0.17122206414760044,
            0.05750191158816012,
            0.34249136656749235,
            -0.22778846771420214,
            0.01316242269900126,
            -0.011186169825304435,
            -0.013146096360148388,
            0.042899008314935934,
            0.021076986777454843,
            -0.0003817154345806851
        ],
        [
            -0.515225076033354,
            -0.1684546342867982,
            0.11557205937881151,
            -0.2613491846492414,
            -0.016307020379677403,
            0.0,
            0.0,
            0.0,
            1.0000000000000004,
            0.0,
            0.4850971240928392,
            0.16291131683362597,
            -0.22778846771420205,
            -0.2224654007026707,
            0.03729106659919508,
            0.14613118307055692,
            0.17173479786820087,
            0.02107698677745486,
            -0.23082802139082972,
            0.004986561881564251
        ],
        [
            -0.011957850694293202,
            -0.003909660960354537,
            0.002682310110221321,
            -0.016307020379677344,
            0.44088906445923687,
            0.0,
            0.0,
            0.0,
            0.0,
            1.0000000000000004,
            -0.02803062622727206,
            -0.009413591636717511,
            0.013162422699001282,
            0.03729106659919515,
            0.42073779969687536,
            -0.002646513405380765,
            -0.0031102084796583228,
            -0.00038171543458068613,
            0.0049865618815642596,
            0.04442211752376592
        ],
        [
            0.10839314084512378,
            0.29388169144705156,
            0.013076148460974298,
            0.1429226457295385,
            -0.0024092883769035425,
            0.5116761128213235,
            0.5431707831441975,
            0.17122206414760047,
            0.4850971240928395,
            -0.02803062622727206,
            0.9999999999999999,
            0.6848602514927513,
            0.0,
            0.0,
            0.0,
            0.4696002383764445,
            0.5259943386187341,
            0.22065816460361676,
            -0.4409428643001816,
            -0.00927816236409248
        ],
        [
            0.29388169144705156,
            0.5899220403758048,
            0.015627103766424955,
            0.17080465414210166,
            -0.0028793034570905934,
            0.5431707831441975,
            0.8655189425735532,
            0.057501911588160176,
            0.1629113168336264,
            -0.009413591636717514,
            0.6848602514927513,
            1.0000000000000002,
            0.0,
            0.0,
            0.0,
            0.5259943386187341,
            0.8483532832176737,
            0.07982313094878339,
            -0.15951116089990397,
            -0.0033563769130566354
        ],
        [
            -0.013076148460974294,
            -0.015627103766424944,
            0.04082053330214105,
            -0.024572124440599835,
            0.0004142194087464279,
            -0.17122206414760044,
            -0.057501911588160114,
            0.34249136656749235,
            -0.22778846771420197,
            0.013162422699001277,
            0.0,
            0.0,
            1.0000000000000004,
            0.0,
            0.0,
            -0.22065816460361673,
            -0.07982313094878334,
            0.22803863266382213,
            0.294289187754995,
            0.006192328047583317
        ],
        [
            -0.14292264572953847,
            -0.17080465414210153,
            -0.02457212444059984,
            -0.22550530106286146,
            0.004527429004591887,
            -0.48509712409283956,
            -0.16291131683362597,
            -0.2277884677142022,
            -0.22246540070267057,
            0.03729106659919515,
            0.0,
            0.0,
            0.0,
            1.0000000000000004,
            0.0,
            0.4409428643001816,
            0.15951116089990394,
            0.29428918775499535,
            -0.2127724363338463,
            -0.012374175552908531
        ],
        [
            0.0024092883769035425,
            0.002879303457090593,
            0.0004142194087464281,
            0.004527429004591889,
            0.042992343539240835,
            0.02803062622727206,
            0.009413591636717511,
            0.013162422699001265,
            0.03729106659919508,
            0.42073779969687536,
            0.0,
            0.0,
            0.0,
            0.0,
            1.0000000000000004,
            0.009278162364092476,
            0.003356376913056635,
            0.006192328047583317,
            -0.012374175552908515,
            0.37504748045566527
        ],
        [
            0.008799883136532646,
            0.10158962112872995,
            -0.0010715563264776418,
            0.010094922519322492,
            -4.24280370910039e-05,
            0.11075558717046884,
            0.29649603806742886,
            -0.011186169825304435,
            0.14613118307055703,
            -0.002646513405380765,
            0.4696002383764445,
            0.5259943386187341,
            -0.22065816460361676,
            0.4409428643001816,
            0.00927816236409248,
            0.9999999999999999,
            0.6848602514927513,
            0.0,
            0.0,
            0.0
        ],
        [
            0.10158962112872995,
            0.3034351879229609,
            -0.008717529098228427,
            0.08212613619279623,
            -0.0003451686474917775,
            0.29649603806742886,
            0.5931952743714403,
            -0.013146096360148393,
            0.17173479786820112,
            -0.003110208479658324,
            0.5259943386187341,
            0.8483532832176737,
            -0.07982313094878339,
            0.15951116089990397,
            0.0033563769130566354,
            0.6848602514927513,
            1.0000000000000002,
            0.0,
            0.0,
            0.0
        ],
        [
            0.0010715563264776407,
            0.008717529098228415,
            0.0006898408198139049,
            0.0012228005132291434,
            -5.1393188437930294e-06,
            0.011186169825304435,
            0.013146096360148388,
            0.042899008314935934,
            0.02107698677745486,
            -0.0003817154345806862,
            0.22065816460361673,
            0.07982313094878334,
            0.22803863266382213,
            0.29428918775499535,
            0.006192328047583317,
            0.0,
            0.0,
            1.0000000000000004,
            0.0,
            0.0
        ],
        [
            -0.010094922519322485,
            -0.08212613619279614,
            0.001222800513229143,
            -0.010700125706108845,
            4.841651740391939e-05,
            -0.14613118307055697,
            -0.17173479786820087,
            0.02107698677745484,
            -0.23082802139082978,
            0.0049865618815642596,
            -0.4409428643001816,
            -0.15951116089990394,
            0.294289187754995,
            -0.2127724363338463,
            -0.012374175552908515,
            0.0,
            0.0,
            0.0,
            1.0000000000000004,
            0.0
        ],
        [
            4.242803709100388e-05,
            0.0003451686474917701,
            -5.139318843793028e-06,
            4.841651740391939e-05,
            0.0008194352179551961,
            0.002646513405380765,
            0.0031102084796583228,
            -0.0003817154345806851,
            0.004986561881564251,
            0.04442211752376592,
            -0.009278162364092476,
            -0.003356376913056635,
            0.006192328047583317,
            -0.012374175552908531,
            0.37504748045566527,
            0.0,
            0.0,
            0.0,
            0.0,
            1.0000000000000004
        ]
    ],
    "h": [
        [
            -0.25306549979188775,
            -0.4620567147354506,
            0.039300480512764635,
            -0.27171776431601885,
            -0.005655647698257632,
            -0.5619315936625987,
            -0.4533402855018751,
            -0.023422481934845862,
            0.03166361531810091,
            0.0029422404624799975,
            -0.22927862729472093,
            -0.30150132892327186,
            0.048183377076836564,
            0.2882139278055315,
            -0.009354262578072071,
            -0.0025380048790754617,
            -0.1217560782113353,
            -0.0058120989752303825,
            0.052486390040535305,
            -0.000494779509199272
        ],
        [
            -0.4620567147354506,
            -0.3129355196408088,
            0.03161489901939728,
            -0.23613932885801592,
            -0.004519755253008333,
            -0.5289375580700973,
            -0.36709392333665936,
            -0.06828912198355735,
            0.11159285120634205,
            0.010180799461001738,
            -0.3162755328038278,
            -0.30516570973683343,
            0.068288726031993,
            0.17880403116354335,
            -0.010083417500101551,
            -0.11822175192364717,
            -0.1851963571847267,
            -0.02961810050988941,
            0.09889833185617346,
            0.00043605904388946675
        ],
        [
            0.039300480512764635,
            0.03161489901939728,
            1.4781433829422101,
            0.03730322790739826,
            0.0009649411806259777,
            0.000512682494481359,
            0.02645305735251255,
            0.33007345941853383,
            0.15850815803230092,
            0.0037639667218745676,
            0.005741694155181283,
            0.021226534646500244,
            -0.048083785294373974,
            -0.017306921019816533,
            0.0007023043862791646,
            0.0010812526859133868,
            0.009041749647881611,
            -0.0024504135224159857,
            -0.005506850674382601,
            5.7382166107642615e-05
        ],
        [
            -0.27171776431601885,
            -0.23613932885801592,
            0.03730322790739826,
            1.2227388803825432,
            -0.005250568393336203,
            -0.08003975229061344,
            -0.22579599892475433,
            0.13487536009356707,
            -0.6348580291681223,
            -0.018733763741620786,
            -0.22837898527835498,
            -0.18089767827203357,
            0.058595271311261965,
            0.18534786963659022,
            -0.009671996231940882,
            -0.05322492331360688,
            -0.11037796986562359,
            -0.01208412989886145,
            0.06851035499245739,
            -0.000204620707588069
        ],
        [
            -0.005655647698257632,
            -0.004519755253008333,
            0.0009649411806259777,
            -0.005250568393336203,
            1.4847817857669268,
            -3.2216053974513936e-05,
            -0.0037020614948468835,
            0.003769456872550165,
            -0.02214249637369179,
            0.35590949870599276,
            -0.0002519455163893297,
            -0.002903172324727998,
            0.00044727531542961083,
            0.002251178806707172,
            -0.04431760657263667,
            0.0004479256786582382,
            -0.0007994443365824618,
            6.937287688186132e-05,
            -9.80039865694595e-05,
            -0.0028692322922158476
        ],
        [
            -0.5619315936625987,
            -0.5289375580700973,
            0.000512682494481359,
            -0.08003975229061344,
            -3.2216053974513936e-05,
            -0.41932039802366594,
            -0.5906555358860366,
            -0.11255374270503485,
            0.05294349760380915,
            0.017421563716706792,
            -0.5023343575263433,
            -0.5005364837570108,
            0.03562106570017398,
            0.0662367231061235,
            -0.0039808874748266665,
            -0.2221248095333975,
            -0.31732287624630606,
            -0.052368400175433365,
            0.2082421091726403,
            -0.000371277267072174
        ],
        [
            -0.4533402855018751,
            -0.36709392333665936,
            0.02645305735251255,
            -0.22579599892475433,
            -0.0037020614948468835,
            -0.5906555358860366,
            -0.43737073683930405,
            -0.09420169549747764,
            0.011193745960470028,
            0.015103458377544086,
            -0.4934867253708637,
            -0.41177183813945173,
            0.10989858177227912,
            0.12466106570650143,
            -0.012650972517382095,
            -0.29322810738807237,
            -0.3055118792194714,
            -0.0652169046668804,
            0.15492670238509354,
            0.002089674197652714
        ],
        [
            -0.023422481934845862,
            -0.06828912198355735,
            0.33007345941853383,
            0.13487536009356707,
            0.003769456872550165,
            -0.11255374270503485,
            -0.09420169549747764,
            1.3781841785086668,
            -0.02848811847145854,
            0.005057333421304842,
            -0.015881761559058627,
            -0.07658396692567808,
            0.21694330519534533,
            -0.291394482083904,
            0.01696584627073428,
            -0.02825689881978994,
            -0.05436443156293539,
            -0.055356713599143584,
            0.03663532395181392,
            0.00023497064394235672
        ],
        [
            0.03166361531810091,
            0.11159285120634205,
            0.15850815803230092,
            -0.6348580291681223,
            -0.02214249637369179,
            0.05294349760380915,
            0.011193745960470028,
            -0.02848811847145854,
            0.9031994560954666,
            0.006806681120855895,
            -0.05937002881950537,
            -0.1131528181960863,
            -0.27542702822005294,
            -0.6801265275990248,
            0.04983960117831422,
            -0.27902865333529636,
            -0.17480877926023303,
            -0.06991354701123757,
            0.14787020992706673,
            0.0015743821417472624
        ],
        [
            0.0029422404624799975,
            0.010180799461001738,
            0.0037639667218745676,
            -0.018733763741620786,
            0.35590949870599276,
            0.017421563716706792,
            0.015103458377544086,
            0.005057333421304842,
            0.006806681120855895,
            1.4093965267964903,
            0.004199391202588505,
            0.013378646538437606,
            0.016169306175907845,
            0.049278072872760315,
            0.31670601291730127,
            0.008907825111396579,
            0.010184632742605025,
            0.00285190415482179,
            -0.008256510779302118,
            -0.04289026854334581
        ],
        [
            -0.22927862729472093,
            -0.3162755328038278,
            0.005741694155181283,
            -0.22837898527835498,
            -0.0002519455163893297,
            -0.5023343575263433,
            -0.4934867253708637,
            -0.015881761559058627,
            -0.05937002881950537,
            0.004199391202588505,
            -0.3787056703939429,
            -0.5700275775708341,
            0.1677966225298415,
            0.000370717605606391,
            -0.015573552766070586,
            -0.5237177345350839,
            -0.5069564214967829,
            -0.02829479589317674,
            0.09118244517778762,
            0.00022248423984039603
        ],
        [
            -0.30150132892327186,
            -0.30516570973683343,
            0.021226534646500244,
            -0.18089767827203357,
            -0.002903172324727998,
            -0.5005364837570108,
            -0.41177183813945173,
            -0.07658396692567808,
            -0.1131528181960863,
            0.013378646538437606,
            -0.5700275775708341,
            -0.4295717066145244,
            0.14554026260366154,
            0.020128472236528208,
            -0.013757394360245798,
            -0.4339079270588405,
            -0.3660112533687191,
            -0.0798618623308649,
            0.18960910096000982,
            0.0025142549658644783
        ],
        [
            0.048183377076836564,
            0.068288726031993,
            -0.048083785294373974,
            0.058595271311261965,
            0.00044727531542961083,
            0.03562106570017398,
            0.10989858177227912,
            0.21694330519534533,
            -0.27542702822005294,
            0.016169306175907845,
            0.1677966225298415,
            0.14554026260366154,
            1.3490411785519119,
            0.014489346720499934,
            0.0059469906577913345,
            0.041431477005540396,
            0.11606105107982069,
            0.07896634205401154,
            0.3493601145706794,
            0.00818491117695148
        ],
        [
            0.2882139278055315,
            0.17880403116354335,
            -0.017306921019816533,
            0.18534786963659022,
            0.002251178806707172,
            0.0662367231061235,
            0.12466106570650143,
            -0.291394482083904,
            -0.6801265275990248,
            0.049278072872760315,
            0.000370717605606391,
            0.020128472236528208,
            0.014489346720499934,
            0.9919356460605133,
            0.008780728595693024,
            -0.046079663717488506,
            -0.07895141909814934,
            0.3809610138769648,
            -0.5176318471986563,
            -0.015629027989152177
        ],
        [
            -0.009354262578072071,
            -0.010083417500101551,
            0.0007023043862791646,
            -0.009671996231940882,
            -0.04431760657263667,
            -0.0039808874748266665,
            -0.012650972517382095,
            0.01696584627073428,
            0.04983960117831422,
            0.31670601291730127,
            -0.015573552766070586,
            -0.013757394360245798,
            0.0059469906577913345,
            0.008780728595693024,
            1.4164903215420348,
            -0.0030520873286083196,
            -0.00889036111192724,
            0.007300271049641281,
            -0.012545614932124204,
            0.2621696484389613
        ],
        [
            -0.0025380048790754617,
            -0.11822175192364717,
            0.0010812526859133868,
            -0.05322492331360688,
            0.0004479256786582382,
            -0.2221248095333975,
            -0.29322810738807237,
            -0.02825689881978994,
            -0.27902865333529636,
            0.008907825111396579,
            -0.5237177345350839,
            -0.4339079270588405,
            0.041431477005540396,
            -0.046079663717488506,
            -0.0030520873286083196,
            -0.2151311209782163,
            -0.44523006195161596,
            -0.10157640592916593,
            0.21541911526520366,
            0.003839055082033727
        ],
        [
            -0.1217560782113353,
            -0.1851963571847267,
            0.009041749647881611,
            -0.11037796986562359,
            -0.0007994443365824618,
            -0.31732287624630606,
            -0.3055118792194714,
            -0.05436443156293539,
            -0.17480877926023303,
            0.010184632742605025,
            -0.5069564214967829,
            -0.3660112533687191,
            0.11606105107982069,
            -0.07895141909814934,
            -0.00889036111192724,
            -0.44523006195161596,
            -0.31090332962397227,
            -0.09024560156012315,
            0.1989165537102549,
            0.003217889838586306
        ],
        [
            -0.0058120989752303825,
            -0.02961810050988941,
            -0.0024504135224159857,
            -0.01208412989886145,
            6.937287688186132e-05,
            -0.052368400175433365,
            -0.0652169046668804,
            -0.055356713599143584,
            -0.06991354701123757,
            0.00285190415482179,
            -0.02829479589317674,
            -0.0798618623308649,
            0.07896634205401154,
            0.3809610138769648,
            0.007300271049641281,
            -0.10157640592916593,
            -0.09024560156012315,
            1.449570383206972,
            0.08574930292203088,
            0.0017520196578976453
        ],
        [
            0.052486390040535305,
            0.09889833185617346,
            -0.005506850674382601,
            0.06851035499245739,
            -9.80039865694595e-05,
            0.2082421091726403,
            0.15492670238509354,
            0.03663532395181392,
            0.14787020992706673,
            -0.008256510779302118,
            0.09118244517778762,
            0.18960910096000982,
            0.3493601145706794,
            -0.5176318471986563,
            -0.012545614932124204,
            0.21541911526520366,
            0.1989165537102549,
            0.08574930292203088,
            1.3039369444800317,
            -0.0031371931101614615
        ],
        [
            -0.000494779509199272,
            0.00043605904388946675,
            5.7382166107642615e-05,
            -0.000204620707588069,
            -0.0028692322922158476,
            -0.000371277267072174,
            0.002089674197652714,
            0.00023497064394235672,
            0.0015743821417472624,
            -0.04289026854334581,
            0.00022248423984039603,
            0.0025142549658644783,
            0.00818491117695148,
            -0.015629027989152177,
            0.2621696484389613,
            0.003839055082033727,
            0.003217889838586306,
            0.0017520196578976453,
            -0.0031371931101614615,
            1.4919543149681822
        ]
    ]
}