{
    "HF": -2.1516012745350044,
    "coordinates": [
        [
            0.795554,
            -0.038964,
            0.038193
        ],
        [
            1.455224,
            0.013965,
            -0.108611
        ],
        [
            2.238636,
            -0.002601,
            0.001515
        ],
        [
            3.072902,
            -0.096515,
            0.194431
        ]
    ],
    "elements": [
        "H",
        "H",
        "H",
        "H"
    ],
    "Enn": 2.9827227112166663,
    "S": [
        [
            0.9999999999999999,
            0.6848602514927513,
            0.0,
            0.0,
            0.0,
            0.6211696615162254,
            0.5832072333715065,
            0.11867974782876431,
            -0.5332924801109029,
            -0.042789027361847545,
            0.14457063167032178,
            0.33060282765295146,
            0.004806026175271303,
            -0.18909127719785332,
            -0.004764750799154546,
            0.010861309848202765,
            0.11122298824189261,
            -0.0008771539466814829,
            -0.012785524559756156,
            0.0003231037697965031
        ],
        [
            0.6848602514927513,
            1.0000000000000002,
            0.0,
            0.0,
            0.0,
            0.5832072333715065,
            0.9047478866513151,
            0.0336541970072965,
            -0.15122656153649294,
            -0.012133749716623506,
            0.33060282765295146,
            0.6349435049267302,
            0.0045848116231871315,
            -0.18038767454092725,
            -0.004545436093951518,
            0.11122298824189261,
            0.3211652891275938,
            -0.006078003013625431,
            -0.08859386325397053,
            0.002238860913715977
        ],
        [
            0.0,
            0.0,
            1.0000000000000004,
            0.0,
            0.0,
            -0.11867974782876431,
            -0.033654197007296494,
            0.5199261404193365,
            0.13846623662025465,
            0.011109917743831693,
            -0.004806026175271303,
            -0.004584811623187128,
            0.06652359098703205,
            0.00917326497090482,
            0.0002311493277145803,
            0.0008771539466814831,
            0.006078003013625428,
            0.0010768475898053494,
            -0.0010620277524927202,
            2.683856801143634e-05
        ],
        [
            0.0,
            0.0,
            0.0,
            1.0000000000000004,
            0.0,
            0.5332924801109029,
            0.15122656153649275,
            0.13846623662025453,
            -0.07146327200880906,
            -0.04992288655672497,
            0.18909127719785332,
            0.1803876745409272,
            0.00917326497090482,
            -0.2941618886715591,
            -0.009094482636376357,
            0.012785524559756156,
            0.0885938632539705,
            -0.0010620277524927197,
            -0.014330564008840755,
            0.0003912029031586971
        ],
        [
            0.0,
            0.0,
            0.0,
            0.0,
            1.0000000000000004,
            0.04278902736184753,
            0.012133749716623501,
            0.011109917743831693,
            -0.049922886556725,
            0.546735043262029,
            0.0047647507991545445,
            0.004545436093951513,
            0.0002311493277145802,
            -0.009094482636376354,
            0.0665275785223878,
            -0.0003231037697965031,
            -0.0022388609137159784,
            2.683856801143634e-05,
            0.0003912029031586973,
            0.0011398221434151933
        ],
        [
            0.6211696615162254,
            0.5832072333715065,
            -0.11867974782876431,
            0.5332924801109029,
            0.042789027361847545,
            0.9999999999999999,
            0.6848602514927513,
            0.0,
            0.0,
            0.0,
            0.5297371758366858,
            0.5502145637373044,
            -0.07280683386979135,
            -0.5179317085483989,
            0.010952163974783099,
            0.08425667621262432,
            0.264870920016606,
            -0.02057477296292891,
            -0.10983084053406761,
            0.007500943489497781
        ],
        [
            0.5832072333715065,
            0.9047478866513151,
            -0.0336541970072965,
            0.15122656153649275,
            0.012133749716623508,
            0.6848602514927513,
            1.0000000000000002,
            0.0,
            0.0,
            0.0,
            0.5502145637373044,
            0.8724984316512768,
            -0.023724418673507577,
            -0.16877026571245562,
            0.0035688095431172144,
            0.264870920016606,
            0.5528259825223194,
            -0.029882116631111354,
            -0.15951466353701135,
            0.010894121096762766
        ],
        [
            0.11867974782876431,
            0.033654197007296494,
            0.5199261404193365,
            0.13846623662025453,
            0.011109917743831693,
            0.0,
            0.0,
            1.0000000000000004,
            0.0,
            0.0,
            0.07280683386979135,
            0.023724418673507577,
            0.42965680374206394,
            -0.09936371888723126,
            0.0021011413752736407,
            0.02057477296292891,
            0.029882116631111354,
            0.02227395789303329,
            -0.037222657846370556,
            0.002542137087150236
        ],
        [
            -0.5332924801109029,
            -0.15122656153649291,
            0.13846623662025465,
            -0.07146327200880906,
            -0.049922886556725,
            0.0,
            0.0,
            0.0,
            1.0000000000000004,
            0.0,
            0.5179317085483989,
            0.16877026571245596,
            -0.09936371888723132,
            -0.26322692632615535,
            0.01494705489244932,
            0.10983084053406761,
            0.1595146635370112,
            -0.037222657846370556,
            -0.16945250355341607,
            0.013570261676160466
        ],
        [
            -0.04278902736184753,
            -0.0121337497166235,
            0.011109917743831693,
            -0.04992288655672497,
            0.546735043262029,
            0.0,
            0.0,
            0.0,
            0.0,
            1.0000000000000004,
            -0.0109521639747831,
            -0.003568809543117216,
            0.0021011413752736415,
            0.014947054892449317,
            0.4433085170102126,
            -0.0075009434894977795,
            -0.010894121096762768,
            0.0025421370871502352,
            0.013570261676160461,
            0.028320146423196656
        ],
        [
            0.14457063167032178,
            0.33060282765295146,
            -0.004806026175271303,
            0.18909127719785332,
            0.004764750799154546,
            0.5297371758366858,
            0.5502145637373044,
            0.07280683386979135,
            0.5179317085483992,
            -0.010952163974783099,
            0.9999999999999999,
            0.6848602514927513,
            0.0,
            0.0,
            0.0,
            0.47527345984062175,
            0.5283761655087718,
            -0.11117174156243832,
            -0.4807626331995749,
            0.05411983939691282
        ],
        [
            0.33060282765295146,
            0.6349435049267302,
            -0.00458481162318713,
            0.18038767454092725,
            0.004545436093951515,
            0.5502145637373044,
            0.8724984316512768,
            0.02372441867350758,
            0.16877026571245599,
            -0.003568809543117214,
            0.6848602514927513,
            1.0000000000000002,
            0.0,
            0.0,
            0.0,
            0.5283761655087718,
            0.8507462124022953,
            -0.03980117587028422,
            -0.17212034143668029,
            0.019375726381854648
        ],
        [
            0.004806026175271303,
            0.004584811623187128,
            0.06652359098703205,
            0.00917326497090482,
            0.0002311493277145803,
            -0.07280683386979135,
            -0.023724418673507566,
            0.42965680374206394,
            -0.09936371888723132,
            0.0021011413752736407,
            0.0,
            0.0,
            1.0000000000000004,
            0.0,
            0.0,
            0.11117174156243832,
            0.0398011758702842,
            0.3447843090579118,
            -0.1594711520499034,
            0.017951796877272504
        ],
        [
            -0.18909127719785332,
            -0.1803876745409272,
            0.00917326497090482,
            -0.2941618886715591,
            -0.009094482636376357,
            -0.5179317085483989,
            -0.1687702657124556,
            -0.09936371888723126,
            -0.26322692632615535,
            0.01494705489244931,
            0.0,
            0.0,
            0.0,
            1.0000000000000004,
            0.0,
            0.4807626331995749,
            0.17212034143667956,
            -0.15947115204990334,
            -0.3079731422607795,
            0.07763261613144903
        ],
        [
            -0.0047647507991545445,
            -0.004545436093951512,
            0.0002311493277145802,
            -0.009094482636376354,
            0.0665275785223878,
            0.0109521639747831,
            0.003568809543117215,
            0.0021011413752736415,
            0.014947054892449326,
            0.4433085170102126,
            0.0,
            0.0,
            0.0,
            0.0,
            1.0000000000000004,
            -0.05411983939691282,
            -0.019375726381854644,
            0.017951796877272504,
            0.07763261613144906,
            0.3729213148300399
        ],
        [
            0.010861309848202765,
            0.11122298824189261,
            0.0008771539466814831,
            0.012785524559756156,
            -0.0003231037697965031,
            0.08425667621262432,
            0.264870920016606,
            0.02057477296292891,
            0.10983084053406764,
            -0.007500943489497781,
            0.47527345984062175,
            0.5283761655087718,
            0.11117174156243832,
            0.4807626331995749,
            -0.05411983939691282,
            0.9999999999999999,
            0.6848602514927513,
            0.0,
            0.0,
            0.0
        ],
        [
            0.11122298824189261,
            0.3211652891275938,
            0.0060780030136254265,
            0.08859386325397053,
            -0.0022388609137159792,
            0.264870920016606,
            0.5528259825223194,
            0.029882116631111344,
            0.15951466353701135,
            -0.010894121096762764,
            0.5283761655087718,
            0.8507462124022953,
            0.0398011758702842,
            0.17212034143668029,
            -0.019375726381854644,
            0.6848602514927513,
            1.0000000000000002,
            0.0,
            0.0,
            0.0
        ],
        [
            -0.0008771539466814833,
            -0.006078003013625428,
            0.0010768475898053494,
            -0.0010620277524927202,
            2.6838568011436354e-05,
            -0.02057477296292891,
            -0.029882116631111354,
            0.02227395789303329,
            -0.03722265784637057,
            0.002542137087150236,
            -0.11117174156243832,
            -0.03980117587028421,
            0.3447843090579118,
            -0.1594711520499034,
            0.017951796877272504,
            0.0,
            0.0,
            1.0000000000000004,
            0.0,
            0.0
        ],
        [
            -0.012785524559756156,
            -0.0885938632539705,
            -0.0010620277524927197,
            -0.014330564008840755,
            0.0003912029031586973,
            -0.10983084053406761,
            -0.15951466353701135,
            -0.03722265784637055,
            -0.16945250355341612,
            0.013570261676160461,
            -0.4807626331995749,
            -0.17212034143667956,
            -0.15947115204990334,
            -0.3079731422607795,
            0.07763261613144903,
            0.0,
            0.0,
            0.0,
            1.0000000000000004,
            0.0
        ],
        [
            0.0003231037697965031,
            0.002238860913715976,
            2.6838568011436327e-05,
            0.0003912029031586971,
            0.0011398221434151933,
            0.0075009434894977795,
            0.010894121096762766,
            0.0025421370871502352,
            0.013570261676160466,
            0.028320146423196656,
            0.05411983939691282,
            0.019375726381854644,
            0.017951796877272504,
            0.07763261613144906,
            0.3729213148300399,
            0.0,
            0.0,
            0.0,
            0.0,
            1.0000000000000004
        ]
    ],
    "h": [
        [
            -0.33671035588141063,
            -0.4959845230584008,
            0.07163045347336097,
            -0.3329028716753308,
            -0.026334130619171642,
            -0.6426450557219833,
            -0.4966178133799334,
            -0.009300313881138528,
            -0.009531582118568527,
            0.0016802410977738297,
            -0.2869801645141101,
            -0.345191941030546,
            0.024165270540522962,
            0.34207256107686523,
            -0.0018198465949092156,
            -0.008494820346307434,
            -0.1338799682771769,
            0.007347703238905079,
            0.05650477134561445,
            -0.002846834796373231
        ],
        [
            -0.4959845230584008,
            -0.32185070566342633,
            0.05419185825387578,
            -0.2659722239010739,
            -0.020186524585264112,
            -0.5718116754063078,
            -0.37286820636651874,
            -0.06404699314544889,
            0.11310884197322754,
            0.01963861108179227,
            -0.3489394135322836,
            -0.3214296886239537,
            0.016998952716154727,
            0.1981850283015387,
            0.000663434404861855,
            -0.12901200186467388,
            -0.1903948291197638,
            0.020049593579087484,
            0.1018269123583527,
            -0.00910457777257423
        ],
        [
            0.07163045347336097,
            0.05419185825387578,
            1.4401566987406673,
            0.0653177299281616,
            0.005230760642218606,
            0.006799491442831984,
            0.04936588983364584,
            0.47279362485911347,
            0.20586481421310393,
            0.016202535122317157,
            0.03005566972318826,
            0.038102468907477705,
            -0.05115309374571311,
            -0.04518822615053547,
            0.0004585866438443003,
            -0.001731193599407857,
            0.012649007285976224,
            -0.004030851467903701,
            0.0006272571836965718,
            4.786503738600246e-05
        ],
        [
            -0.3329028716753308,
            -0.2659722239010739,
            0.0653177299281616,
            1.1363477265707496,
            -0.0241154306380807,
            -0.07823765391238702,
            -0.2616274082218174,
            0.18849144635085407,
            -0.4482728529610941,
            -0.0703000535726133,
            -0.2648624512897363,
            -0.21115427556102034,
            0.02568264468299459,
            0.14618837372772475,
            -0.003410727984858069,
            -0.0629156935959034,
            -0.12154740631095108,
            0.0103218281198863,
            0.07970534340079272,
            -0.004290767654405461
        ],
        [
            -0.026334130619171642,
            -0.020186524585264112,
            0.005230760642218606,
            -0.0241154306380807,
            1.4526914342120028,
            -0.003569572566010884,
            -0.018706525930868998,
            0.015787531643402852,
            -0.07472948232246536,
            0.5114337796172705,
            -0.013079442800716781,
            -0.014499311161907941,
            0.0016628762467890247,
            0.01633074432787309,
            -0.047143530474842904,
            0.00010818873666639352,
            -0.005241318734898698,
            0.00010795203966052686,
            9.018502796232734e-05,
            -0.0039406311943599465
        ],
        [
            -0.6426450557219833,
            -0.5718116754063078,
            0.006799491442831984,
            -0.07823765391238702,
            -0.003569572566010884,
            -0.505001783093133,
            -0.6194240180823452,
            -0.098061818654525,
            0.1014558404742433,
            0.02885609406768627,
            -0.5143668530480243,
            -0.517731555415217,
            -0.002865798265561409,
            0.09641936208856727,
            0.004224276860001866,
            -0.189923756013823,
            -0.29982725225573764,
            0.04041989011739766,
            0.19804457431793276,
            -0.0171593174252657
        ],
        [
            -0.4966178133799334,
            -0.37286820636651874,
            0.04936588983364584,
            -0.2616274082218174,
            -0.018706525930868998,
            -0.6194240180823452,
            -0.4306153511720274,
            -0.07757499196204912,
            0.03116278969880277,
            0.022398700799109578,
            -0.4935152348872889,
            -0.40606453736069903,
            0.004018232574463446,
            0.14986405121581525,
            0.0074850757408797645,
            -0.272441749476434,
            -0.28955221636184447,
            0.03476829802542554,
            0.15323553486907027,
            -0.016448436175967945
        ],
        [
            -0.009300313881138528,
            -0.06404699314544889,
            0.47279362485911347,
            0.18849144635085407,
            0.015787531643402852,
            -0.098061818654525,
            -0.07757499196204912,
            1.3678232873830998,
            0.027785010434509656,
            0.005899908979618721,
            -0.02499267196497479,
            -0.06000323574007323,
            0.33048104279563284,
            -0.12030180061968185,
            0.0038284833191076072,
            -0.036391299518386884,
            -0.03601066557207469,
            -0.03056426479085786,
            0.04145628424220936,
            -0.003705600662682389
        ],
        [
            -0.009531582118568527,
            0.11310884197322754,
            0.20586481421310393,
            -0.4482728529610941,
            -0.07472948232246536,
            0.1014558404742433,
            0.03116278969880277,
            0.027785010434509656,
            0.8201709403017177,
            -0.017106195768609465,
            -0.02383877195017481,
            -0.09724351950994953,
            -0.1551524091234318,
            -0.7682046663146558,
            0.027759502838980932,
            -0.2687498806330757,
            -0.17257866520020643,
            0.05340188495331736,
            0.2101302271286946,
            -0.023357479917263557
        ],
        [
            0.0016802410977738297,
            0.01963861108179227,
            0.016202535122317157,
            -0.0703000535726133,
            0.5114337796172705,
            0.02885609406768627,
            0.022398700799109578,
            0.005899908979618721,
            -0.017106195768609465,
            1.3850338646032776,
            0.007998356802369787,
            0.015954328303008868,
            0.0030050775618932516,
            0.01470970124991811,
            0.349667257995111,
            0.009584145591526382,
            0.00825853235663982,
            -0.002333432851797832,
            -0.011381166668159262,
            -0.03822458918014287
        ],
        [
            -0.2869801645141101,
            -0.3489394135322836,
            0.03005566972318826,
            -0.2648624512897363,
            -0.013079442800716781,
            -0.5143668530480243,
            -0.4935152348872889,
            -0.02499267196497479,
            -0.02383877195017481,
            0.007998356802369787,
            -0.3843939794805449,
            -0.576257467439468,
            -0.01930128583608929,
            0.007724133804883251,
            0.019576113433304697,
            -0.5149718530377387,
            -0.5013193308010174,
            0.01669450709733855,
            0.0743169069636036,
            -0.007360206139965769
        ],
        [
            -0.345191941030546,
            -0.3214296886239537,
            0.038102468907477705,
            -0.21115427556102034,
            -0.014499311161907941,
            -0.517731555415217,
            -0.40606453736069903,
            -0.06000323574007323,
            -0.09724351950994953,
            0.015954328303008868,
            -0.576257467439468,
            -0.4326430527743115,
            -0.016624766245124812,
            0.025923928527736173,
            0.01703976932524815,
            -0.42575649912520785,
            -0.3554181058346768,
            0.043910484152375896,
            0.1913566868124118,
            -0.020753115993578566
        ],
        [
            0.024165270540522962,
            0.016998952716154727,
            -0.05115309374571311,
            0.02568264468299459,
            0.0016628762467890247,
            -0.002865798265561409,
            0.004018232574463446,
            0.33048104279563284,
            -0.1551524091234318,
            0.0030050775618932516,
            -0.01930128583608929,
            -0.016624766245124812,
            1.407206976884533,
            -0.0834567001993168,
            0.005992962694387767,
            -0.008532786697178274,
            -0.028916985375997614,
            0.22979104996333893,
            -0.21020333807361086,
            0.023588478366548087
        ],
        [
            0.34207256107686523,
            0.1981850283015387,
            -0.04518822615053547,
            0.14618837372772475,
            0.01633074432787309,
            0.09641936208856727,
            0.14986405121581525,
            -0.12030180061968185,
            -0.7682046663146558,
            0.01470970124991811,
            0.007724133804883251,
            0.025923928527736173,
            -0.0834567001993168,
            0.9112841625077883,
            0.028435623194879023,
            -0.051563569305261625,
            -0.09623665158625286,
            -0.21119993390490532,
            -0.6421563139547032,
            0.1025064331825303
        ],
        [
            -0.0018198465949092156,
            0.000663434404861855,
            0.0004585866438443003,
            -0.003410727984858069,
            -0.047143530474842904,
            0.004224276860001866,
            0.0074850757408797645,
            0.0038284833191076072,
            0.027759502838980932,
            0.349667257995111,
            0.019576113433304697,
            0.01703976932524815,
            0.005992962694387767,
            0.028435623194879023,
            1.4201430892670237,
            0.0050836604534406915,
            0.01820148529787811,
            0.023213954228041643,
            0.10042340020413995,
            0.2669164246157105
        ],
        [
            -0.008494820346307434,
            -0.12901200186467388,
            -0.001731193599407857,
            -0.0629156935959034,
            0.00010818873666639352,
            -0.189923756013823,
            -0.272441749476434,
            -0.036391299518386884,
            -0.2687498806330757,
            0.009584145591526382,
            -0.5149718530377387,
            -0.42575649912520785,
            -0.008532786697178274,
            -0.051563569305261625,
            0.0050836604534406915,
            -0.20508918569332235,
            -0.4389777773722474,
            0.05379800031947607,
            0.2300271220829088,
            -0.025900620570493124
        ],
        [
            -0.1338799682771769,
            -0.1903948291197638,
            0.012649007285976224,
            -0.12154740631095108,
            -0.005241318734898698,
            -0.29982725225573764,
            -0.28955221636184447,
            -0.03601066557207469,
            -0.17257866520020643,
            0.00825853235663982,
            -0.5013193308010174,
            -0.3554181058346768,
            -0.028916985375997614,
            -0.09623665158625286,
            0.01820148529787811,
            -0.4389777773722474,
            -0.2994105229044539,
            0.048456741679092745,
            0.20810389388956618,
            -0.02320244791891506
        ],
        [
            0.007347703238905079,
            0.020049593579087484,
            -0.004030851467903701,
            0.0103218281198863,
            0.00010795203966052686,
            0.04041989011739766,
            0.03476829802542554,
            -0.03056426479085786,
            0.05340188495331736,
            -0.002333432851797832,
            0.01669450709733855,
            0.043910484152375896,
            0.22979104996333893,
            -0.21119993390490532,
            0.023213954228041643,
            0.05379800031947607,
            0.048456741679092745,
            1.4976704929122926,
            -0.04902693660656197,
            0.005465216160464657
        ],
        [
            0.05650477134561445,
            0.1018269123583527,
            0.0006272571836965718,
            0.07970534340079272,
            9.018502796232734e-05,
            0.19804457431793276,
            0.15323553486907027,
            0.04145628424220936,
            0.2101302271286946,
            -0.011381166668159262,
            0.0743169069636036,
            0.1913566868124118,
            -0.21020333807361086,
            -0.6421563139547032,
            0.10042340020413995,
            0.2300271220829088,
            0.20810389388956618,
            -0.04902693660656197,
            1.2967350329248437,
            0.023567972859922057
        ],
        [
            -0.002846834796373231,
            -0.00910457777257423,
            4.786503738600246e-05,
            -0.004290767654405461,
            -0.0039406311943599465,
            -0.0171593174252657,
            -0.016448436175967945,
            -0.003705600662682389,
            -0.023357479917263557,
            -0.03822458918014287,
            -0.007360206139965769,
            -0.020753115993578566,
            0.023588478366548087,
            0.1025064331825303,
            0.2669164246157105,
            -0.025900620570493124,
            -0.02320244791891506,
            0.005465216160464657,
            0.023567972859922057,
            1.5063899446311764
        ]
    ]
}