{
    "HF": -2.149155392782525,
    "coordinates": [
        [
            0.787473,
            -0.048222,
            -0.023957
        ],
        [
            1.551977,
            0.046346,
            0.119216
        ],
        [
            2.326109,
            0.051934,
            0.121192
        ],
        [
            2.984892,
            -0.008589,
            -0.067195
        ]
    ],
    "elements": [
        "H",
        "H",
        "H",
        "H"
    ],
    "Enn": 3.0766213145509056,
    "S": [
        [
            0.9999999999999999,
            0.6848602514927513,
            0.0,
            0.0,
            0.0,
            0.5358881230671455,
            0.5525709361675607,
            -0.09604820441837086,
            -0.5128706981809574,
            -0.06344133737112792,
            0.11064962781425806,
            0.2963795293615292,
            -0.013725322673467894,
            -0.14549377244771888,
            -0.00947077429182323,
            0.014797426063990511,
            0.12701629689045488,
            0.0003542764619179873,
            -0.0180048528764365,
            -0.0003247384017576111
        ],
        [
            0.6848602514927513,
            1.0000000000000002,
            0.0,
            0.0,
            0.0,
            0.5525709361675607,
            0.874825696087896,
            -0.030984758039174352,
            -0.16544999029133267,
            -0.020465916047359783,
            0.2963795293615292,
            0.5930496355775888,
            -0.016142151609015568,
            -0.17111310159277196,
            -0.011138439373006789,
            0.12701629689045488,
            0.34902971159923957,
            0.0019396469532148258,
            -0.09857572201041603,
            -0.0017779274641926822
        ],
        [
            0.0,
            0.0,
            1.0000000000000004,
            0.0,
            0.0,
            0.09604820441837086,
            0.03098475803917436,
            0.42673638833106564,
            -0.12808034336991989,
            -0.015843346682040356,
            0.013725322673467898,
            0.016142151609015554,
            0.04201622525928058,
            -0.025770799389759205,
            -0.0016775248880701622,
            -0.0003542764619179877,
            -0.0019396469532148262,
            0.0018784364955729356,
            0.00046560770171733196,
            8.39777486322045e-06
        ],
        [
            0.0,
            0.0,
            0.0,
            1.0000000000000004,
            0.0,
            0.5128706981809574,
            0.16544999029133245,
            -0.12808034336991975,
            -0.2331906905939089,
            -0.08459906485026206,
            0.14549377244771897,
            0.17111310159277193,
            -0.025770799389759215,
            -0.22873317938840304,
            -0.017782417954520686,
            0.018004852876436522,
            0.09857572201041605,
            0.00046560770171733196,
            -0.021775272732987853,
            -0.0004267873176872893
        ],
        [
            0.0,
            0.0,
            0.0,
            0.0,
            1.0000000000000004,
            0.0634413373711279,
            0.020465916047359766,
            -0.015843346682040346,
            -0.08459906485026211,
            0.4402579430077474,
            0.009470774291823235,
            0.011138439373006787,
            -0.0016775248880701635,
            -0.017782417954520693,
            0.04328981427446752,
            0.00032473840175761153,
            0.0017779274641926814,
            8.397774863220453e-06,
            -0.0004267873176872895,
            0.0018799005240740785
        ],
        [
            0.5358881230671455,
            0.5525709361675607,
            0.09604820441837086,
            0.5128706981809574,
            0.06344133737112792,
            0.9999999999999999,
            0.6848602514927513,
            0.0,
            0.0,
            0.0,
            0.5433361308423135,
            0.5553960888835251,
            -0.001348965593087904,
            -0.5284804820386323,
            -0.003814787314866037,
            0.14384589489106175,
            0.3299278649352149,
            0.02427633851386878,
            -0.18660878167919423,
            0.007154195064987483
        ],
        [
            0.5525709361675607,
            0.874825696087896,
            0.030984758039174352,
            0.16544999029133267,
            0.020465916047359783,
            0.6848602514927513,
            1.0000000000000002,
            0.0,
            0.0,
            0.0,
            0.5553960888835251,
            0.8776109779336266,
            -0.00042997004501994427,
            -0.16844816340657287,
            -0.00121592743500582,
            0.3299278649352149,
            0.6341336314047427,
            0.023250810338366925,
            -0.17872569159545887,
            0.006851973681479034
        ],
        [
            -0.09604820441837086,
            -0.030984758039174366,
            0.42673638833106564,
            -0.12808034336991983,
            -0.015843346682040356,
            0.0,
            0.0,
            1.0000000000000004,
            0.0,
            0.0,
            0.001348965593087904,
            0.00042997004501994405,
            0.4593371452916325,
            -0.001824190016978109,
            -1.3167746346713047e-05,
            -0.024276338513868782,
            -0.023250810338366935,
            0.06027416293422457,
            0.04594266408260404,
            -0.0017613468010160079
        ],
        [
            -0.5128706981809571,
            -0.16544999029133264,
            -0.1280803433699198,
            -0.23319069059390918,
            -0.08459906485026211,
            0.0,
            0.0,
            0.0,
            1.0000000000000004,
            0.0,
            0.5284804820386318,
            0.1684481634065728,
            -0.0018241900169781102,
            -0.2553160254332904,
            -0.0051586912018591734,
            0.18660878167919429,
            0.17872569159545867,
            0.04594266408260403,
            -0.2869038197816242,
            0.013539223819290985
        ],
        [
            -0.0634413373711279,
            -0.020465916047359773,
            -0.015843346682040346,
            -0.08459906485026206,
            0.4402579430077474,
            0.0,
            0.0,
            0.0,
            0.0,
            1.0000000000000004,
            0.003814787314866037,
            0.0012159274350058195,
            -1.3167746346713083e-05,
            -0.005158691201859184,
            0.45930456406909875,
            -0.007154195064987481,
            -0.00685197368147903,
            -0.0017613468010160074,
            0.013539223819290989,
            0.06573187723953199
        ],
        [
            0.11064962781425806,
            0.2963795293615292,
            0.013725322673467894,
            0.14549377244771888,
            0.00947077429182323,
            0.5433361308423135,
            0.5553960888835251,
            0.001348965593087904,
            0.5284804820386318,
            0.003814787314866037,
            0.9999999999999999,
            0.6848602514927513,
            0.0,
            0.0,
            0.0,
            0.6130258413474401,
            0.5804352294904497,
            0.14978534100527308,
            -0.5237942973956633,
            0.048121463761629735
        ],
        [
            0.2963795293615292,
            0.5930496355775888,
            0.016142151609015568,
            0.17111310159277196,
            0.011138439373006789,
            0.5553960888835251,
            0.8776109779336266,
            0.00042997004501994427,
            0.1684481634065725,
            0.00121592743500582,
            0.6848602514927513,
            1.0000000000000002,
            0.0,
            0.0,
            0.0,
            0.5804352294904497,
            0.9020655266814814,
            0.04296787612069852,
            -0.15025721697581118,
            0.0138042686939812
        ],
        [
            -0.013725322673467898,
            -0.016142151609015554,
            0.04201622525928058,
            -0.025770799389759205,
            -0.0016775248880701622,
            -0.001348965593087904,
            -0.00042997004501994405,
            0.4593371452916325,
            -0.0018241900169781102,
            -1.3167746346713083e-05,
            0.0,
            0.0,
            1.0000000000000004,
            0.0,
            0.0,
            -0.14978534100527302,
            -0.042967876120698495,
            0.491228261283074,
            0.17433656320808907,
            -0.016016460374726104
        ],
        [
            -0.14549377244771897,
            -0.17111310159277193,
            -0.025770799389759215,
            -0.22873317938840304,
            -0.017782417954520686,
            -0.528480482038632,
            -0.1684481634065728,
            -0.001824190016978109,
            -0.25531602543329013,
            -0.005158691201859184,
            0.0,
            0.0,
            0.0,
            1.0000000000000004,
            0.0,
            0.5237942973956624,
            0.15025721697581115,
            0.17433656320808938,
            -0.0685671764083113,
            0.056009022995446564
        ],
        [
            -0.009470774291823235,
            -0.011138439373006787,
            -0.0016775248880701635,
            -0.017782417954520693,
            0.04328981427446752,
            -0.003814787314866037,
            -0.0012159274350058195,
            -1.3167746346713047e-05,
            -0.0051586912018591734,
            0.45930456406909875,
            0.0,
            0.0,
            0.0,
            0.0,
            1.0000000000000004,
            -0.048121463761629735,
            -0.013804268693981204,
            -0.016016460374726114,
            0.0560090229954465,
            0.5359363184647694
        ],
        [
            0.014797426063990511,
            0.12701629689045488,
            -0.0003542764619179873,
            0.0180048528764365,
            0.00032473840175761115,
            0.14384589489106175,
            0.3299278649352149,
            -0.02427633851386878,
            0.18660878167919429,
            -0.007154195064987483,
            0.6130258413474401,
            0.5804352294904497,
            -0.14978534100527308,
            0.5237942973956633,
            -0.048121463761629735,
            0.9999999999999999,
            0.6848602514927513,
            0.0,
            0.0,
            0.0
        ],
        [
            0.12701629689045488,
            0.34902971159923957,
            -0.0019396469532148258,
            0.09857572201041603,
            0.0017779274641926811,
            0.3299278649352149,
            0.6341336314047427,
            -0.023250810338366925,
            0.17872569159545867,
            -0.006851973681479037,
            0.5804352294904497,
            0.9020655266814814,
            -0.04296787612069852,
            0.15025721697581118,
            -0.013804268693981206,
            0.6848602514927513,
            1.0000000000000002,
            0.0,
            0.0,
            0.0
        ],
        [
            0.0003542764619179877,
            0.0019396469532148262,
            0.0018784364955729356,
            0.00046560770171733196,
            8.39777486322045e-06,
            0.024276338513868782,
            0.023250810338366935,
            0.06027416293422457,
            0.04594266408260403,
            -0.0017613468010160079,
            0.14978534100527302,
            0.04296787612069851,
            0.491228261283074,
            0.1743365632080893,
            -0.016016460374726104,
            0.0,
            0.0,
            1.0000000000000004,
            0.0,
            0.0
        ],
        [
            -0.018004852876436522,
            -0.09857572201041605,
            0.00046560770171733196,
            -0.021775272732987853,
            -0.0004267873176872893,
            -0.18660878167919423,
            -0.17872569159545887,
            0.04594266408260404,
            -0.2869038197816241,
            0.01353922381929099,
            -0.5237942973956633,
            -0.15025721697581115,
            0.17433656320808913,
            -0.0685671764083113,
            0.05600902299544648,
            0.0,
            0.0,
            0.0,
            1.0000000000000004,
            0.0
        ],
        [
            -0.0003247384017576114,
            -0.0017779274641926824,
            8.397774863220453e-06,
            -0.0004267873176872895,
            0.0018799005240740785,
            0.007154195064987481,
            0.00685197368147903,
            -0.0017613468010160074,
            0.013539223819290984,
            0.06573187723953199,
            0.048121463761629735,
            0.013804268693981199,
            -0.016016460374726114,
            0.05600902299544658,
            0.5359363184647694,
            0.0,
            0.0,
            0.0,
            0.0,
            1.0000000000000004
        ]
    ],
    "h": [
        [
            -0.25224748202315284,
            -0.46050306684983533,
            -0.05134751861420587,
            -0.2730727871262503,
            -0.033654020014930175,
            -0.5643339319631795,
            -0.45262705529927993,
            0.004385427138457604,
            0.02681537379621801,
            0.003803519994712623,
            -0.23128305353408637,
            -0.3029258787638874,
            0.008131700337317482,
            0.30675966836886126,
            0.008466969638132288,
            -0.018779162366403722,
            -0.14668462090358236,
            -0.005825463387002178,
            0.07649608236962357,
            -0.0007828790627837228
        ],
        [
            -0.46050306684983533,
            -0.30804887374631185,
            -0.04325161781071654,
            -0.2347789382719642,
            -0.028378072720692756,
            -0.5321527072399155,
            -0.36344613852408925,
            0.03670188722338418,
            0.10287703229907319,
            0.023885088405477026,
            -0.32915834674831723,
            -0.3056192476991615,
            0.01400264312924232,
            0.18430149312864127,
            0.007143994022222825,
            -0.15004366934124824,
            -0.20348341955254212,
            -0.02486893746906334,
            0.12811581049559267,
            -0.0073766848613650345
        ],
        [
            -0.05134751861420587,
            -0.04325161781071654,
            1.4852893888807426,
            -0.047571094768595466,
            -0.005827405957922704,
            -0.010578066544765397,
            -0.03931936615733428,
            0.3414130535558926,
            -0.18033306394844625,
            -0.021759724954304213,
            -0.031029950235751315,
            -0.031007895027740918,
            -0.04365062218670329,
            0.0397317963848282,
            0.0010367238247946547,
            -0.0031244566405444147,
            -0.015976432019452987,
            -0.006608942941731225,
            0.004293627799011592,
            -0.00018384598916978067
        ],
        [
            -0.2730727871262503,
            -0.2347789382719642,
            -0.047571094768595466,
            1.2340503944381387,
            -0.031351493568505494,
            -0.07216921481059613,
            -0.22267611161696,
            -0.17475099373367942,
            -0.6082507496079143,
            -0.11555320597503488,
            -0.23307093750844352,
            -0.17901370350948032,
            0.009634071238362928,
            0.19717042325491507,
            0.007145801008447965,
            -0.07325840172266898,
            -0.11890635630759477,
            -0.008854448439005968,
            0.10164220099823051,
            -0.0011009204125518386
        ],
        [
            -0.033654020014930175,
            -0.028378072720692756,
            -0.005827405957922704,
            -0.031351493568505494,
            1.490303395070921,
            -0.006879130049234877,
            -0.025889370847843794,
            -0.021804127568709107,
            -0.119457567194065,
            0.360028811585128,
            -0.02101401199164349,
            -0.020536095843572327,
            0.0008358878429892613,
            0.02622320879475959,
            -0.044165245012418794,
            -0.0033344160560118603,
            -0.011141756359809327,
            -0.0005375894051105164,
            0.005000224640326275,
            -0.0060789321331040265
        ],
        [
            -0.5643339319631795,
            -0.5321527072399155,
            -0.010578066544765397,
            -0.07216921481059613,
            -0.006879130049234877,
            -0.4342837140851554,
            -0.5972206572925309,
            0.04742639905562546,
            0.02520950024227145,
            0.02988759428180182,
            -0.5285408279183521,
            -0.5105362009823362,
            0.020198222753026473,
            0.04064541988553616,
            0.008754029141123075,
            -0.28363321542683295,
            -0.3540467131241162,
            -0.05216707658597277,
            0.2627596729042522,
            -0.016139104607678065
        ],
        [
            -0.45262705529927993,
            -0.36344613852408925,
            -0.03931936615733428,
            -0.22267611161696,
            -0.025889370847843794,
            -0.5972206572925309,
            -0.4344273537230918,
            0.04011827784287142,
            -0.0097565992275616,
            0.024404601632640504,
            -0.5232726987811931,
            -0.40968026818760417,
            0.03856351359966172,
            0.11496490574984858,
            0.014989253611218474,
            -0.34112252452532416,
            -0.3212345056957828,
            -0.05217217361793064,
            0.20557073954331612,
            -0.016627335565974684
        ],
        [
            0.004385427138457604,
            0.03670188722338418,
            0.3414130535558926,
            -0.17475099373367942,
            -0.021804127568709107,
            0.04742639905562546,
            0.04011827784287142,
            1.4015360786080395,
            -0.04291695474300284,
            -0.005633913699540266,
            0.01741606508992601,
            0.026028253050215312,
            0.371055130104502,
            -0.01228122016151996,
            -0.001024923332060009,
            0.01587040966585218,
            0.012430116244118807,
            -0.045589694857822965,
            -0.0015525462834817538,
            0.0004213166727190195
        ],
        [
            0.02681537379621801,
            0.10287703229907319,
            -0.18033306394844625,
            -0.6082507496079143,
            -0.119457567194065,
            0.02520950024227145,
            -0.0097565992275616,
            -0.04291695474300284,
            0.8428899360236355,
            -0.03212755058227468,
            -0.07960947533221541,
            -0.1392343116413426,
            0.023187005311238896,
            -0.7856389175473542,
            -0.000660639104103071,
            -0.3441381528614926,
            -0.19671897555805015,
            -0.0576209251276836,
            0.14703946799075318,
            -0.01873969711210722
        ],
        [
            0.003803519994712623,
            0.023885088405477026,
            -0.021759724954304213,
            -0.11555320597503488,
            0.360028811585128,
            0.02988759428180182,
            0.024404601632640504,
            -0.005633913699540266,
            -0.03212755058227468,
            1.4064649988497655,
            0.007387312752100176,
            0.013640664672457779,
            -0.0006252700145801134,
            -0.01626333765033157,
            0.3727671254256001,
            0.0022281373999064186,
            0.00480944966029195,
            2.7389954515578182e-05,
            0.000419098188015804,
            -0.046859258901973636
        ],
        [
            -0.23128305353408637,
            -0.32915834674831723,
            -0.031029950235751315,
            -0.23307093750844352,
            -0.02101401199164349,
            -0.5285408279183521,
            -0.5232726987811931,
            0.01741606508992601,
            -0.07960947533221541,
            0.007387312752100176,
            -0.500651305211562,
            -0.6197777367420597,
            0.08563907096802412,
            -0.0776374613039282,
            0.028768615163800235,
            -0.6325791215012723,
            -0.5685007997238261,
            -0.01353646914248724,
            0.07475160840873107,
            -0.0043604551548737935
        ],
        [
            -0.3029258787638874,
            -0.3056192476991615,
            -0.031007895027740918,
            -0.17901370350948032,
            -0.020536095843572327,
            -0.5105362009823362,
            -0.40968026818760417,
            0.026028253050215312,
            -0.1392343116413426,
            0.013640664672457779,
            -0.6197777367420597,
            -0.4327725974121661,
            0.06414968236837534,
            -0.014035604233849364,
            0.022257591005554963,
            -0.48982448915081267,
            -0.3713318075810679,
            -0.06603070473145897,
            0.25370844094096456,
            -0.0212004729177948
        ],
        [
            0.008131700337317482,
            0.01400264312924232,
            -0.04365062218670329,
            0.009634071238362928,
            0.0008358878429892613,
            0.020198222753026473,
            0.03856351359966172,
            0.371055130104502,
            0.023187005311238896,
            -0.0006252700145801134,
            0.08563907096802412,
            0.06414968236837534,
            1.3680826366975885,
            0.07855286241895096,
            -0.007205198811985361,
            0.004783410475470318,
            0.061408713688460556,
            0.4333127743640003,
            0.24993616073242664,
            -0.023194257676618035
        ],
        [
            0.30675966836886126,
            0.18430149312864127,
            0.0397317963848282,
            0.19717042325491507,
            0.02622320879475959,
            0.04064541988553616,
            0.11496490574984858,
            -0.01228122016151996,
            -0.7856389175473542,
            -0.01626333765033157,
            -0.0776374613039282,
            -0.014035604233849364,
            0.07855286241895096,
            0.8086958541912592,
            0.022315702181925936,
            0.006335198861696423,
            -0.10540407893467663,
            0.26278345990582996,
            -0.4405684919873399,
            0.08405927285761315
        ],
        [
            0.008466969638132288,
            0.007143994022222825,
            0.0010367238247946547,
            0.007145801008447965,
            -0.044165245012418794,
            0.008754029141123075,
            0.014989253611218474,
            -0.001024923332060009,
            -0.000660639104103071,
            0.3727671254256001,
            0.028768615163800235,
            0.022257591005554963,
            -0.007205198811985361,
            0.022315702181925936,
            1.3882337642959448,
            0.001066575050840582,
            0.020254404859649796,
            -0.023206260712212164,
            0.07995796501543578,
            0.4980965647773752
        ],
        [
            -0.018779162366403722,
            -0.15004366934124824,
            -0.0031244566405444147,
            -0.07325840172266898,
            -0.0033344160560118603,
            -0.28363321542683295,
            -0.34112252452532416,
            0.01587040966585218,
            -0.3441381528614926,
            0.0022281373999064186,
            -0.6325791215012723,
            -0.48982448915081267,
            0.004783410475470318,
            0.006335198861696423,
            0.001066575050840582,
            -0.325048680336826,
            -0.4908630160043115,
            -0.0908065654315016,
            0.321634642126098,
            -0.029384825884372485
        ],
        [
            -0.14668462090358236,
            -0.20348341955254212,
            -0.015976432019452987,
            -0.11890635630759477,
            -0.011141756359809327,
            -0.3540467131241162,
            -0.3212345056957828,
            0.012430116244118807,
            -0.19671897555805015,
            0.00480944966029195,
            -0.5685007997238261,
            -0.3713318075810679,
            0.061408713688460556,
            -0.10540407893467663,
            0.020254404859649796,
            -0.4908630160043115,
            -0.31898480728348044,
            -0.07075261775130828,
            0.2590060119213836,
            -0.022837942555085304
        ],
        [
            -0.005825463387002178,
            -0.02486893746906334,
            -0.006608942941731225,
            -0.008854448439005968,
            -0.0005375894051105164,
            -0.05216707658597277,
            -0.05217217361793064,
            -0.045589694857822965,
            -0.0576209251276836,
            2.7389954515578182e-05,
            -0.01353646914248724,
            -0.06603070473145897,
            0.4333127743640003,
            0.26278345990582996,
            -0.023206260712212164,
            -0.0908065654315016,
            -0.07075261775130828,
            1.4412867741501487,
            0.08282999389583046,
            -0.0074804945518143285
        ],
        [
            0.07649608236962357,
            0.12811581049559267,
            0.004293627799011592,
            0.10164220099823051,
            0.005000224640326275,
            0.2627596729042522,
            0.20557073954331612,
            -0.0015525462834817538,
            0.14703946799075318,
            0.000419098188015804,
            0.07475160840873107,
            0.25370844094096456,
            0.24993616073242664,
            -0.4405684919873399,
            0.07995796501543578,
            0.321634642126098,
            0.2590060119213836,
            0.08282999389583046,
            1.1612821430795404,
            0.026611855116892583
        ],
        [
            -0.0007828790627837228,
            -0.0073766848613650345,
            -0.00018384598916978067,
            -0.0011009204125518386,
            -0.0060789321331040265,
            -0.016139104607678065,
            -0.016627335565974684,
            0.0004213166727190195,
            -0.01873969711210722,
            -0.046859258901973636,
            -0.0043604551548737935,
            -0.0212004729177948,
            -0.023194257676618035,
            0.08405927285761315,
            0.4980965647773752,
            -0.029384825884372485,
            -0.022837942555085304,
            -0.0074804945518143285,
            0.026611855116892583,
            1.462124241045296
        ]
    ]
}