{
    "HF": -2.1647138666421,
    "coordinates": [
        [
            0.79519,
            -0.196933,
            -0.155901
        ],
        [
            1.606311,
            -0.02885,
            0.055589
        ],
        [
            2.397397,
            0.070783,
            -0.070165
        ],
        [
            3.215611,
            0.013709,
            -0.070329
        ]
    ],
    "elements": [
        "H",
        "H",
        "H",
        "H"
    ],
    "Enn": 2.790423935901562,
    "S": [
        [
            0.9999999999999999,
            0.6848602514927513,
            0.0,
            0.0,
            0.0,
            0.4802225168549299,
            0.5304366785058505,
            -0.12348435756135945,
            -0.47359570471193657,
            -0.09813996535054131,
            0.08973809111242426,
            0.2718704827800423,
            -0.006284089694789075,
            -0.1174350622564491,
            -0.0196224614716123,
            0.00619745257598069,
            0.0873291625227702,
            -0.00024150200085992887,
            -0.006830932015418475,
            -0.0005944755815586539
        ],
        [
            0.6848602514927513,
            1.0000000000000002,
            0.0,
            0.0,
            0.0,
            0.5304366785058505,
            0.8528130216536096,
            -0.04381494093293626,
            -0.16804207624220624,
            -0.03482219829226313,
            0.2718704827800423,
            0.5619115372482271,
            -0.008693529430291272,
            -0.16246190291031398,
            -0.027146087115795657,
            0.0873291625227702,
            0.27597831256358846,
            -0.0025675846211870106,
            -0.07262464049453193,
            -0.006320305237414977
        ],
        [
            0.0,
            0.0,
            1.0000000000000004,
            0.0,
            0.0,
            0.12348435756135948,
            0.043814940932936274,
            0.3422547428531144,
            -0.172450487064241,
            -0.03573572280488215,
            0.006284089694789071,
            0.008693529430291268,
            0.031615440301696385,
            -0.011494264662717135,
            -0.0019205998715796277,
            0.00024150200085992877,
            0.002567584621187012,
            0.00045690826165251087,
            -0.0002504490737336325,
            -2.1795833778255857e-05
        ],
        [
            0.0,
            0.0,
            0.0,
            1.0000000000000004,
            0.0,
            0.4735957047119366,
            0.16804207624220624,
            -0.172450487064241,
            -0.2741748501544088,
            -0.13705610297044218,
            0.11743506225644905,
            0.16246190291031393,
            -0.011494264662717132,
            -0.1825706368452451,
            -0.03589155732065853,
            0.006830932015418473,
            0.07262464049453185,
            -0.00025044907373363245,
            -0.0066182390636972685,
            -0.0006164994833520288
        ],
        [
            0.0,
            0.0,
            0.0,
            0.0,
            1.0000000000000004,
            0.09813996535054131,
            0.03482219829226314,
            -0.03573572280488216,
            -0.13705610297044224,
            0.3588179344775891,
            0.01962246147161229,
            0.027146087115795657,
            -0.0019205998715796277,
            -0.035891557320658546,
            0.02623331933696792,
            0.0005944755815586537,
            0.006320305237414971,
            -2.1795833778255853e-05,
            -0.0006164994833520288,
            0.0004121105772683878
        ],
        [
            0.4802225168549299,
            0.5304366785058505,
            0.12348435756135945,
            0.47359570471193657,
            0.09813996535054131,
            0.9999999999999999,
            0.6848602514927513,
            0.0,
            0.0,
            0.0,
            0.5172078449126012,
            0.5453482470213811,
            0.0806573678905747,
            -0.5073947113816112,
            -0.06390361765861624,
            0.09270629673952886,
            0.27555100477700106,
            0.009601485607355083,
            -0.1227121681405084,
            -0.0032452042278580096
        ],
        [
            0.5304366785058505,
            0.8528130216536096,
            0.043814940932936274,
            0.1680420762422064,
            0.03482219829226314,
            0.6848602514927513,
            1.0000000000000002,
            0.0,
            0.0,
            0.0,
            0.5453482470213811,
            0.8676801896881235,
            0.026835442353356314,
            -0.16881485081625403,
            -0.021261316761231854,
            0.27555100477700106,
            0.566653372916517,
            0.012953016613031406,
            -0.16554654326904358,
            -0.004377987531838208
        ],
        [
            -0.12348435756135948,
            -0.04381494093293628,
            0.3422547428531144,
            -0.172450487064241,
            -0.03573572280488215,
            0.0,
            0.0,
            1.0000000000000004,
            0.0,
            0.0,
            -0.08065736789057469,
            -0.026835442353356314,
            0.4116021345454375,
            0.11085671025898378,
            0.01396180265259824,
            -0.009601485607355081,
            -0.012953016613031405,
            0.03249073681912903,
            0.017826733896392815,
            0.0004714397364671483
        ],
        [
            -0.47359570471193657,
            -0.16804207624220624,
            -0.172450487064241,
            -0.2741748501544088,
            -0.13705610297044218,
            0.0,
            0.0,
            0.0,
            1.0000000000000004,
            0.0,
            0.5073947113816112,
            0.1688148508162543,
            0.11085671025898367,
            -0.26814665680038613,
            -0.08783010173221784,
            0.12271216814050837,
            0.16554654326904372,
            0.01782673389639282,
            -0.1939497095556079,
            -0.006025254275771391
        ],
        [
            -0.09813996535054131,
            -0.03482219829226313,
            -0.03573572280488216,
            -0.13705610297044224,
            0.3588179344775891,
            0.0,
            0.0,
            0.0,
            0.0,
            1.0000000000000004,
            0.06390361765861624,
            0.021261316761231844,
            0.013961802652598235,
            -0.08783010173221788,
            0.4181626073840696,
            0.00324520422785801,
            0.004377987531838208,
            0.0004714397364671485,
            -0.006025254275771391,
            0.03372622919596581
        ],
        [
            0.08973809111242426,
            0.2718704827800423,
            0.006284089694789075,
            0.11743506225644906,
            0.0196224614716123,
            0.5172078449126012,
            0.5453482470213811,
            -0.0806573678905747,
            0.5073947113816113,
            0.06390361765861624,
            0.9999999999999999,
            0.6848602514927513,
            0.0,
            0.0,
            0.0,
            0.507030228047215,
            0.5413280238222276,
            0.0001025740641558403,
            -0.5117532642025306,
            0.03569702522945738
        ],
        [
            0.2718704827800423,
            0.5619115372482271,
            0.008693529430291272,
            0.16246190291031398,
            0.027146087115795667,
            0.5453482470213811,
            0.8676801896881235,
            -0.026835442353356314,
            0.16881485081625439,
            0.021261316761231847,
            0.6848602514927513,
            1.0000000000000002,
            0.0,
            0.0,
            0.0,
            0.5413280238222276,
            0.8636873307745991,
            3.472163976026454e-05,
            -0.1732300716756945,
            0.012083554071207021
        ],
        [
            -0.006284089694789071,
            -0.008693529430291258,
            0.031615440301696385,
            -0.011494264662717132,
            -0.0019205998715796277,
            0.08065736789057469,
            0.026835442353356314,
            0.4116021345454375,
            0.1108567102589837,
            0.01396180265259824,
            0.0,
            0.0,
            1.0000000000000004,
            0.0,
            0.0,
            -0.0001025740641558403,
            -3.472163976026454e-05,
            0.41758760791312877,
            0.00014547572551956028,
            -1.0147567211393824e-05
        ],
        [
            -0.11743506225644905,
            -0.16246190291031393,
            -0.011494264662717135,
            -0.18257063684524508,
            -0.035891557320658546,
            -0.5073947113816112,
            -0.16881485081625394,
            0.11085671025898373,
            -0.26814665680038613,
            -0.08783010173221788,
            0.0,
            0.0,
            0.0,
            1.0000000000000004,
            0.0,
            0.5117532642025312,
            0.1732300716756945,
            0.0001454757255195344,
            -0.3082067243932037,
            0.050627326575019053
        ],
        [
            -0.01962246147161229,
            -0.027146087115795647,
            -0.0019205998715796277,
            -0.03589155732065853,
            0.02623331933696792,
            -0.06390361765861624,
            -0.021261316761231844,
            0.013961802652598235,
            -0.08783010173221784,
            0.4181626073840696,
            0.0,
            0.0,
            0.0,
            0.0,
            1.0000000000000004,
            -0.03569702522945738,
            -0.012083554071207023,
            -1.0147567211392002e-05,
            0.050627326575018984,
            0.4140561599313982
        ],
        [
            0.00619745257598069,
            0.0873291625227702,
            0.00024150200085992877,
            0.006830932015418477,
            0.0005944755815586539,
            0.09270629673952886,
            0.27555100477700106,
            -0.009601485607355083,
            0.12271216814050835,
            0.0032452042278580096,
            0.507030228047215,
            0.5413280238222276,
            -0.0001025740641558403,
            0.5117532642025312,
            -0.03569702522945738,
            0.9999999999999999,
            0.6848602514927513,
            0.0,
            0.0,
            0.0
        ],
        [
            0.0873291625227702,
            0.27597831256358846,
            0.0025675846211870136,
            0.07262464049453199,
            0.006320305237414975,
            0.27555100477700106,
            0.566653372916517,
            -0.012953016613031406,
            0.16554654326904375,
            0.004377987531838206,
            0.5413280238222276,
            0.8636873307745991,
            -3.472163976026454e-05,
            0.1732300716756945,
            -0.012083554071207023,
            0.6848602514927513,
            1.0000000000000002,
            0.0,
            0.0,
            0.0
        ],
        [
            -0.00024150200085992887,
            -0.002567584621187009,
            0.00045690826165251087,
            -0.00025044907373363256,
            -2.179583377825586e-05,
            0.009601485607355081,
            0.0129530166130314,
            0.03249073681912903,
            0.01782673389639282,
            0.0004714397364671483,
            0.0001025740641558403,
            3.472163976026454e-05,
            0.41758760791312877,
            0.0001454757255195344,
            -1.0147567211392002e-05,
            0.0,
            0.0,
            1.0000000000000004,
            0.0,
            0.0
        ],
        [
            -0.006830932015418475,
            -0.07262464049453189,
            -0.0002504490737336324,
            -0.0066182390636972685,
            -0.0006164994833520288,
            -0.12271216814050842,
            -0.16554654326904356,
            0.017826733896392815,
            -0.19394970955560784,
            -0.006025254275771388,
            -0.5117532642025306,
            -0.1732300716756945,
            0.00014547572551956028,
            -0.30820672439320357,
            0.050627326575018984,
            0.0,
            0.0,
            0.0,
            1.0000000000000004,
            0.0
        ],
        [
            -0.0005944755815586537,
            -0.006320305237414971,
            -2.179583377825585e-05,
            -0.0006164994833520288,
            0.0004121105772683878,
            -0.00324520422785801,
            -0.004377987531838208,
            0.0004714397364671485,
            -0.0060252542757713926,
            0.03372622919596581,
            0.03569702522945738,
            0.012083554071207021,
            -1.0147567211393824e-05,
            0.050627326575019053,
            0.4140561599313982,
            0.0,
            0.0,
            0.0,
            0.0,
            1.0000000000000004
        ]
    ],
    "h": [
        [
            -0.21615463927260214,
            -0.4437756951950489,
            -0.05795414504296904,
            -0.22886839524583344,
            -0.04773924261479138,
            -0.5256914944545946,
            -0.4332688474186047,
            0.018327974202831415,
            0.04493633670191577,
            0.008231999939467716,
            -0.20270056182905283,
            -0.28035059657807015,
            -0.012504772784122495,
            0.2715702064211831,
            0.03538230180059805,
            0.006368155941267852,
            -0.10303034754759496,
            -0.0010390925924372635,
            0.04011032766547712,
            0.002248496934102147
        ],
        [
            -0.4437756951950489,
            -0.3045199350072654,
            -0.05113441968457667,
            -0.20740498959496562,
            -0.043016579281927654,
            -0.5064131961054517,
            -0.35934345918380317,
            0.060664126475717395,
            0.09412874860248113,
            0.02540383447772253,
            -0.29939229089485375,
            -0.29292855914826577,
            -0.0229745144683365,
            0.1777617238132478,
            0.02774578330656545,
            -0.10422202198202812,
            -0.16847005634501888,
            -0.0015145358485849228,
            0.09741971041101623,
            -0.001393963549722755
        ],
        [
            -0.05795414504296904,
            -0.05113441968457667,
            1.4786308279061766,
            -0.05199502233043796,
            -0.010796624087296132,
            -0.014711962731522477,
            -0.04538736207487199,
            0.2238214932570825,
            -0.22622866608174802,
            -0.04676701555896176,
            -0.028775540781891287,
            -0.035889802678127455,
            -0.04357875184125931,
            0.041111332569414336,
            0.005619105637190742,
            -0.0017557789138066796,
            -0.0147368135742623,
            -0.0016928007842358303,
            0.004498870700918266,
            0.00016452637822720944
        ],
        [
            -0.22886839524583344,
            -0.20740498959496562,
            -0.05199502233043796,
            1.2821622433564084,
            -0.0432480080693288,
            -0.08232162886404992,
            -0.1953708673144856,
            -0.21284707910401257,
            -0.6022595423267039,
            -0.18029007409207193,
            -0.20312523432231544,
            -0.1572222870293043,
            -0.013227032613425047,
            0.20099271770774785,
            0.035434602124289574,
            -0.039431152010490814,
            -0.09171216421967894,
            4.8703004136472616e-05,
            0.05188404367672746,
            0.002204124336683366
        ],
        [
            -0.04773924261479138,
            -0.043016579281927654,
            -0.010796624087296132,
            -0.0432480080693288,
            1.4831764690979239,
            -0.01631486581701136,
            -0.039926900019519124,
            -0.04436262622161648,
            -0.18178513118317574,
            0.2438624849306445,
            -0.03724721358716426,
            -0.0318040276670393,
            -0.0026479369998936193,
            0.04623281171070234,
            -0.03397449533986428,
            -0.005096148828940992,
            -0.015916441412609547,
            -5.814691613101561e-05,
            0.006949362909500956,
            -0.001349395466675646
        ],
        [
            -0.5256914944545946,
            -0.5064131961054517,
            -0.014711962731522477,
            -0.08232162886404992,
            -0.01631486581701136,
            -0.38842051731611726,
            -0.5750285234879688,
            0.08890532420066413,
            0.009591936988885427,
            0.018121448929202776,
            -0.4948538749368445,
            -0.4882559993032455,
            -0.003370778018184528,
            0.05029306201038941,
            0.015053721801982042,
            -0.21083978854387286,
            -0.30255882063059814,
            -0.009267422738499937,
            0.2168996609922033,
            -0.003303871539895218
        ],
        [
            -0.4332688474186047,
            -0.35934345918380317,
            -0.04538736207487199,
            -0.1953708673144856,
            -0.039926900019519124,
            -0.5750285234879688,
            -0.4295203379378121,
            0.07671099310021998,
            -0.011282647803861276,
            0.014125783047717609,
            -0.4917950187792799,
            -0.4032265286098655,
            -0.02771343055381896,
            0.11741074968493664,
            0.035702881035989606,
            -0.28756410759027284,
            -0.2951720851427869,
            -0.002478315633405004,
            0.17217210523447538,
            -0.00952226266764902
        ],
        [
            0.018327974202831415,
            0.060664126475717395,
            0.2238214932570825,
            -0.21284707910401257,
            -0.04436262622161648,
            0.08890532420066413,
            0.07671099310021998,
            1.3993321917605828,
            -0.015770385878548357,
            -0.00616517264012038,
            0.017907600817699598,
            0.055679679182427215,
            0.30820353758926106,
            0.13653765518519198,
            0.016023136569973426,
            0.025405592840126785,
            0.03307478067129273,
            -0.0407821013652523,
            -0.0312911544443467,
            0.0008401594941949075
        ],
        [
            0.04493633670191577,
            0.09412874860248113,
            -0.22622866608174802,
            -0.6022595423267039,
            -0.18178513118317574,
            0.009591936988885427,
            -0.011282647803861276,
            -0.015770385878548357,
            0.9507935422320575,
            -0.07292604205585712,
            -0.05751351881506228,
            -0.12668890145884398,
            0.14980874436721647,
            -0.7394814212205671,
            -0.1210305875017216,
            -0.27998420053003753,
            -0.18141908505634916,
            -0.009024717446015275,
            0.21563931186539298,
            -0.007968932659282304
        ],
        [
            0.008231999939467716,
            0.02540383447772253,
            -0.04676701555896176,
            -0.18029007409207193,
            0.2438624849306445,
            0.018121448929202776,
            0.014125783047717609,
            -0.00616517264012038,
            -0.07292604205585712,
            1.4061385285425867,
            0.000298716740513405,
            -0.005210284111890041,
            0.019113560470358698,
            -0.13670707414349645,
            0.31504638771120486,
            -0.02364612493658691,
            -0.01744081969727338,
            -0.0005430692049644912,
            0.020296750070875502,
            -0.042742697184556346
        ],
        [
            -0.20270056182905283,
            -0.29939229089485375,
            -0.028775540781891287,
            -0.20312523432231544,
            -0.03724721358716426,
            -0.4948538749368445,
            -0.4917950187792799,
            0.017907600817699598,
            -0.05751351881506228,
            0.000298716740513405,
            -0.40755977519319475,
            -0.5840023425989938,
            -0.03377500990435949,
            -0.037684521804776425,
            0.04255368951308246,
            -0.5451802464301809,
            -0.5177499515855393,
            -0.0036982901786799965,
            0.08010957364341487,
            -0.0025729433694582846
        ],
        [
            -0.28035059657807015,
            -0.29292855914826577,
            -0.035889802678127455,
            -0.1572222870293043,
            -0.0318040276670393,
            -0.4882559993032455,
            -0.4032265286098655,
            0.055679679182427215,
            -0.12668890145884398,
            -0.005210284111890041,
            -0.5840023425989938,
            -0.4318957101984735,
            -0.02865564149530997,
            -0.0067008087003291444,
            0.03837011326128652,
            -0.44377436976348106,
            -0.36112302603249824,
            -0.003120689456586533,
            0.21551629367357816,
            -0.012598600350970442
        ],
        [
            -0.012504772784122495,
            -0.0229745144683365,
            -0.04357875184125931,
            -0.013227032613425047,
            -0.0026479369998936193,
            -0.003370778018184528,
            -0.02771343055381896,
            0.30820353758926106,
            0.14980874436721647,
            0.019113560470358698,
            -0.03377500990435949,
            -0.02865564149530997,
            1.4085409588249804,
            0.034925299062303725,
            0.004472022782585494,
            -0.006576866486794043,
            -0.015729132333213974,
            0.32281272566546676,
            0.008430421857020844,
            -9.201550884919191e-05
        ],
        [
            0.2715702064211831,
            0.1777617238132478,
            0.041111332569414336,
            0.20099271770774785,
            0.04623281171070234,
            0.05029306201038941,
            0.11741074968493664,
            0.13653765518519198,
            -0.7394814212205671,
            -0.13670707414349645,
            -0.037684521804776425,
            -0.0067008087003291444,
            0.034925299062303725,
            0.9076435131860923,
            -0.016416390501001868,
            -0.03754481675653876,
            -0.1097367139417307,
            0.001065422337640013,
            -0.6745383007847108,
            0.06721687065072052
        ],
        [
            0.03538230180059805,
            0.02774578330656545,
            0.005619105637190742,
            0.035434602124289574,
            -0.03397449533986428,
            0.015053721801982042,
            0.035702881035989606,
            0.016023136569973426,
            -0.1210305875017216,
            0.31504638771120486,
            0.04255368951308246,
            0.03837011326128652,
            0.004472022782585494,
            -0.016416390501001868,
            1.4089974352307528,
            0.004547798214731183,
            0.024249965077306826,
            0.0004440484696472623,
            0.06118359153659132,
            0.31842083476291216
        ],
        [
            0.006368155941267852,
            -0.10422202198202812,
            -0.0017557789138066796,
            -0.039431152010490814,
            -0.005096148828940992,
            -0.21083978854387286,
            -0.28756410759027284,
            0.025405592840126785,
            -0.27998420053003753,
            -0.02364612493658691,
            -0.5451802464301809,
            -0.44377436976348106,
            -0.006576866486794043,
            -0.03754481675653876,
            0.004547798214731183,
            -0.23516602438286904,
            -0.45252721937347073,
            -0.0017768060472425858,
            0.25774180509001865,
            -0.017596206371410572
        ],
        [
            -0.10303034754759496,
            -0.16847005634501888,
            -0.0147368135742623,
            -0.09171216421967894,
            -0.015916441412609547,
            -0.30255882063059814,
            -0.2951720851427869,
            0.03307478067129273,
            -0.18141908505634916,
            -0.01744081969727338,
            -0.5177499515855393,
            -0.36112302603249824,
            -0.015729132333213974,
            -0.1097367139417307,
            0.024249965077306826,
            -0.45252721937347073,
            -0.30688714215861457,
            -0.002209702392885866,
            0.22747876756795443,
            -0.01480819236845619
        ],
        [
            -0.0010390925924372635,
            -0.0015145358485849228,
            -0.0016928007842358303,
            4.8703004136472616e-05,
            -5.814691613101561e-05,
            -0.009267422738499937,
            -0.002478315633405004,
            -0.0407821013652523,
            -0.009024717446015275,
            -0.0005430692049644912,
            -0.0036982901786799965,
            -0.003120689456586533,
            0.32281272566546676,
            0.001065422337640013,
            0.0004440484696472623,
            -0.0017768060472425858,
            -0.002209702392885866,
            1.4865426807928628,
            0.0016438843058540562,
            1.4736099977107016e-05
        ],
        [
            0.04011032766547712,
            0.09741971041101623,
            0.004498870700918266,
            0.05188404367672746,
            0.006949362909500956,
            0.2168996609922033,
            0.17217210523447538,
            -0.0312911544443467,
            0.21563931186539298,
            0.020296750070875502,
            0.08010957364341487,
            0.21551629367357816,
            0.008430421857020844,
            -0.6745383007847108,
            0.06118359153659132,
            0.25774180509001865,
            0.22747876756795443,
            0.0016438843058540562,
            1.2367549445459665,
            0.016227164157507974
        ],
        [
            0.002248496934102147,
            -0.001393963549722755,
            0.00016452637822720944,
            0.002204124336683366,
            -0.001349395466675646,
            -0.003303871539895218,
            -0.00952226266764902,
            0.0008401594941949075,
            -0.007968932659282304,
            -0.042742697184556346,
            -0.0025729433694582846,
            -0.012598600350970442,
            -9.201550884919191e-05,
            0.06721687065072052,
            0.31842083476291216,
            -0.017596206371410572,
            -0.01480819236845619,
            1.4736099977107016e-05,
            0.016227164157507974,
            1.4855164332808002
        ]
    ]
}