{
    "HF": -2.1638469398719913,
    "coordinates": [
        [
            0.819957,
            0.187694,
            -0.108406
        ],
        [
            1.615372,
            0.181259,
            -0.051531
        ],
        [
            2.401539,
            0.127453,
            -0.109587
        ],
        [
            3.154332,
            0.104666,
            -0.087765
        ]
    ],
    "elements": [
        "H",
        "H",
        "H",
        "H"
    ],
    "Enn": 2.9398436262888428,
    "S": [
        [
            0.9999999999999999,
            0.6848602514927513,
            0.0,
            0.0,
            0.0,
            0.5248541190829126,
            0.5483287153964714,
            -0.03716315516615905,
            -0.519738568202029,
            0.004204745555942545,
            0.10109434459449163,
            0.28557319832564193,
            0.00010005331379997079,
            -0.1339902795481676,
            0.005103566195278629,
            0.008929307577834486,
            0.10223064227021161,
            -9.117141500695698e-05,
            -0.01031094772088877,
            0.0003667351506805688
        ],
        [
            0.6848602514927513,
            1.0000000000000002,
            0.0,
            0.0,
            0.0,
            0.5483287153964714,
            0.8706331456902798,
            -0.012207741704133591,
            -0.1707291581115326,
            0.0013812187756676666,
            0.28557319832564193,
            0.5794455792380869,
            0.00012622256190188862,
            -0.16903584411338315,
            0.006438419433980857,
            0.1022306422702116,
            0.3046340831827921,
            -0.0007335007217599846,
            -0.08295459267276124,
            0.002950491639275621
        ],
        [
            0.0,
            0.0,
            1.0000000000000004,
            0.0,
            0.0,
            0.03716315516615902,
            0.012207741704133579,
            0.4343245263858629,
            -0.0514427627293158,
            0.0004161779425370978,
            -0.00010005331379997075,
            -0.0001262225619018886,
            0.03870677132049204,
            0.00018769913681819902,
            -7.149287043646882e-06,
            9.117141500695687e-05,
            0.0007335007217599845,
            0.0008381985992865385,
            -0.00010496900272309316,
            3.733490273881866e-06
        ],
        [
            0.0,
            0.0,
            0.0,
            1.0000000000000004,
            0.0,
            0.5197385682020288,
            0.17072915811153258,
            -0.051442762729315805,
            -0.2814405638298702,
            0.005820381154516847,
            0.13399027954816753,
            0.16903584411338332,
            0.00018769913681819912,
            -0.21265767464023752,
            0.009574245301494515,
            0.010310947720888756,
            0.08295459267276124,
            -0.00010496900272309305,
            -0.011032246517455933,
            0.00042223566484632396
        ],
        [
            0.0,
            0.0,
            0.0,
            0.0,
            1.0000000000000004,
            -0.004204745555942544,
            -0.0013812187756676664,
            0.00041617794253710175,
            0.005820381154516901,
            0.4379557792255761,
            -0.005103566195278626,
            -0.006438419433980856,
            -7.149287043646888e-06,
            0.00957424530149452,
            0.038342237304217985,
            -0.00036673515068056826,
            -0.0029504916392756168,
            3.7334902738818618e-06,
            0.0004222356648463239,
            0.000824108867518655
        ],
        [
            0.5248541190829126,
            0.5483287153964714,
            0.037163155166159034,
            0.5197385682020289,
            -0.004204745555942545,
            0.9999999999999999,
            0.6848602514927513,
            0.0,
            0.0,
            0.0,
            0.5306436611299641,
            0.5505631639422248,
            0.03846531322451611,
            -0.5208791494725463,
            0.03564945299983314,
            0.11282520935821877,
            0.29875790505297173,
            0.0035084977364404977,
            -0.1490157773492429,
            0.007416414614096903
        ],
        [
            0.5483287153964714,
            0.8706331456902798,
            0.01220774170413358,
            0.1707291581115326,
            -0.0013812187756676666,
            0.6848602514927513,
            1.0000000000000002,
            0.0,
            0.0,
            0.0,
            0.5505631639422248,
            0.8728429643204766,
            0.012515449971810077,
            -0.16947832709776786,
            0.011599254188769689,
            0.2987579050529717,
            0.5960183840518811,
            0.00406422390408197,
            -0.17261903238466625,
            0.008591132678847226
        ],
        [
            -0.037163155166159034,
            -0.01220774170413359,
            0.4343245263858629,
            -0.05144276272931579,
            0.0004161779425371017,
            0.0,
            0.0,
            1.0000000000000004,
            0.0,
            0.0,
            -0.03846531322451611,
            -0.012515449971810075,
            0.4407784801641872,
            0.05269038954906326,
            -0.003606179221560937,
            -0.003508497736440496,
            -0.004064223904081971,
            0.04563370995567589,
            0.006628944160291667,
            -0.00032991807458882606
        ],
        [
            -0.5197385682020286,
            -0.17072915811153258,
            -0.05144276272931581,
            -0.2814405638298701,
            0.005820381154516901,
            0.0,
            0.0,
            0.0,
            1.0000000000000004,
            0.0,
            0.5208791494725464,
            0.16947832709776783,
            0.05269038954906326,
            -0.26883892880905197,
            0.04883318003439605,
            0.1490157773492429,
            0.17261903238466608,
            0.006628944160291666,
            -0.23576013791722744,
            0.01401254954101727
        ],
        [
            0.004204745555942544,
            0.0013812187756676664,
            0.0004161779425370979,
            0.005820381154516847,
            0.4379557792255761,
            0.0,
            0.0,
            0.0,
            0.0,
            1.0000000000000004,
            -0.035649452999833145,
            -0.011599254188769687,
            -0.003606179221560937,
            0.04883318003439605,
            0.4413273141533137,
            -0.0074164146140969,
            -0.008591132678847238,
            -0.00032991807458882606,
            0.014012549541017274,
            0.04509238981461236
        ],
        [
            0.10109434459449163,
            0.28557319832564193,
            -0.00010005331379997079,
            0.13399027954816756,
            -0.005103566195278629,
            0.5306436611299641,
            0.5505631639422248,
            -0.0384653132245161,
            0.5208791494725463,
            -0.03564945299983314,
            0.9999999999999999,
            0.6848602514927513,
            0.0,
            0.0,
            0.0,
            0.5598913225379927,
            0.5615682070563636,
            -0.015473809693405838,
            -0.5337996343381934,
            0.01615808365336078
        ],
        [
            0.28557319832564193,
            0.5794455792380869,
            -0.00012622256190188862,
            0.16903584411338324,
            -0.006438419433980857,
            0.5505631639422248,
            0.8728429643204766,
            -0.012515449971810077,
            0.16947832709776786,
            -0.011599254188769689,
            0.6848602514927513,
            1.0000000000000002,
            0.0,
            0.0,
            0.0,
            0.5615682070563636,
            0.883677303887141,
            -0.00480473375251129,
            -0.16574878268509907,
            0.005017205939807298
        ],
        [
            0.00010005331379997075,
            0.0001262225619018886,
            0.03870677132049204,
            0.00018769913681819904,
            -7.149287043646888e-06,
            0.038465313224516115,
            0.012515449971810075,
            0.4407784801641872,
            0.05269038954906325,
            -0.003606179221560936,
            0.0,
            0.0,
            1.0000000000000004,
            0.0,
            0.0,
            0.015473809693405841,
            0.004804733752511289,
            0.4779979518146552,
            -0.020411059621407063,
            0.0006178415787514013
        ],
        [
            -0.13399027954816756,
            -0.1690358441133835,
            0.0001876991368181991,
            -0.21265767464023752,
            0.009574245301494522,
            -0.5208791494725464,
            -0.16947832709776783,
            0.05269038954906327,
            -0.26883892880905197,
            0.04883318003439605,
            0.0,
            0.0,
            0.0,
            1.0000000000000004,
            0.0,
            0.5337996343381934,
            0.16574878268509904,
            -0.020411059621407095,
            -0.22553019568535568,
            0.02131366582316028
        ],
        [
            0.005103566195278626,
            0.006438419433980856,
            -7.149287043646882e-06,
            0.009574245301494512,
            0.038342237304217985,
            0.035649452999833145,
            0.011599254188769687,
            -0.0036061792215609373,
            0.04883318003439605,
            0.4413273141533137,
            0.0,
            0.0,
            0.0,
            0.0,
            1.0000000000000004,
            -0.016158083653360782,
            -0.005017205939807298,
            0.0006178415787514015,
            0.021313665823160247,
            0.47794446518545697
        ],
        [
            0.008929307577834486,
            0.10223064227021161,
            9.117141500695698e-05,
            0.010310947720888768,
            -0.000366735150680569,
            0.11282520935821877,
            0.29875790505297173,
            -0.003508497736440496,
            0.1490157773492429,
            -0.0074164146140969,
            0.5598913225379927,
            0.5615682070563636,
            0.015473809693405838,
            0.5337996343381934,
            -0.01615808365336078,
            0.9999999999999999,
            0.6848602514927513,
            0.0,
            0.0,
            0.0
        ],
        [
            0.1022306422702116,
            0.3046340831827921,
            0.0007335007217599846,
            0.08295459267276127,
            -0.0029504916392756176,
            0.2987579050529717,
            0.5960183840518811,
            -0.0040642239040819764,
            0.17261903238466608,
            -0.008591132678847237,
            0.5615682070563636,
            0.883677303887141,
            0.00480473375251129,
            0.16574878268509907,
            -0.005017205939807298,
            0.6848602514927513,
            1.0000000000000002,
            0.0,
            0.0,
            0.0
        ],
        [
            -9.117141500695687e-05,
            -0.0007335007217599845,
            0.0008381985992865385,
            -0.00010496900272309301,
            3.7334902738818618e-06,
            0.0035084977364404977,
            0.004064223904081971,
            0.04563370995567589,
            0.006628944160291666,
            -0.00032991807458882606,
            -0.015473809693405841,
            -0.004804733752511289,
            0.4779979518146552,
            -0.02041105962140709,
            0.0006178415787514015,
            0.0,
            0.0,
            1.0000000000000004,
            0.0,
            0.0
        ],
        [
            -0.010310947720888758,
            -0.08295459267276122,
            -0.0001049690027230932,
            -0.011032246517455933,
            0.0004222356648463241,
            -0.1490157773492429,
            -0.17261903238466628,
            0.006628944160291667,
            -0.23576013791722739,
            0.014012549541017274,
            -0.5337996343381934,
            -0.16574878268509904,
            -0.020411059621407067,
            -0.22553019568535568,
            0.021313665823160247,
            0.0,
            0.0,
            0.0,
            1.0000000000000004,
            0.0
        ],
        [
            0.0003667351506805684,
            0.0029504916392756168,
            3.733490273881866e-06,
            0.00042223566484632375,
            0.000824108867518655,
            0.007416414614096896,
            0.008591132678847226,
            -0.00032991807458882606,
            0.01401254954101727,
            0.04509238981461236,
            0.016158083653360782,
            0.005017205939807298,
            0.0006178415787514015,
            0.02131366582316028,
            0.47794446518545697,
            0.0,
            0.0,
            0.0,
            0.0,
            1.0000000000000004
        ]
    ],
    "h": [
        [
            -0.2460828011714311,
            -0.45776680621496035,
            -0.01854003523024894,
            -0.27086998973177523,
            0.002521255860067382,
            -0.5572960510356153,
            -0.4496623702288586,
            0.005323568085614877,
            0.03126053813981744,
            0.0009808250978939606,
            -0.22068885199812502,
            -0.29583646575009226,
            -0.009669584415601316,
            0.2960322659621645,
            -0.015292256783894453,
            -0.0033807008680081657,
            -0.12273535053864987,
            -0.0003936195614741692,
            0.053919313425080925,
            -0.0023008343099910097
        ],
        [
            -0.45776680621496035,
            -0.30718409982695927,
            -0.015479119713630559,
            -0.23478643637881438,
            0.002430588135500053,
            -0.5255106885354778,
            -0.36132992102931416,
            0.021550764506715406,
            0.11050050606456077,
            0.004756323373866656,
            -0.31403765948839824,
            -0.2990759937441835,
            -0.013132240682948097,
            0.18294539827419493,
            -0.012246670548900822,
            -0.12393485797854698,
            -0.18391734125696657,
            0.0011374526227299034,
            0.11223903585500745,
            -0.0041424977399058
        ],
        [
            -0.01854003523024894,
            -0.015479119713630559,
            1.4885055391905155,
            -0.017597955123829192,
            0.0001376179814990204,
            -0.0025330953789294147,
            -0.013582709336759292,
            0.3493210580890159,
            -0.07084563474180275,
            0.0006193092279077531,
            -0.007164006186983359,
            -0.010692880532753826,
            -0.04411700186782082,
            0.01165707056778854,
            -0.0006611495895658551,
            -0.0003531453216073349,
            -0.0045146669703326845,
            -0.0029483472186004724,
            0.0014066945057192822,
            -6.186049217924981e-05
        ],
        [
            -0.27086998973177523,
            -0.23478643637881438,
            -0.017597955123829192,
            1.2269203199421035,
            0.0026174104953624253,
            -0.07526709188166647,
            -0.2221453634860241,
            -0.06520063157228843,
            -0.6592455281958991,
            0.011205366921185216,
            -0.22622942858435222,
            -0.17736767538148845,
            -0.011205150676683165,
            0.2130048737051271,
            -0.01433904234380105,
            -0.05278404634217897,
            -0.10796533806920512,
            0.0003486840222070402,
            0.07131581415561938,
            -0.002821630890074769
        ],
        [
            0.002521255860067382,
            0.002430588135500053,
            0.0001376179814990204,
            0.0026174104953624253,
            1.4897333085883697,
            0.0017798718268144456,
            0.0027427596827421154,
            0.00040791459375932046,
            0.008885160507555036,
            0.354105939015823,
            0.005576929337996696,
            0.002257751914512697,
            0.0002043910709446596,
            -0.004844508266464931,
            -0.04332315226928998,
            0.0018854727304055614,
            0.0022298858070210125,
            -1.959104023703431e-05,
            -0.002284898618204691,
            -0.0028506138204183505
        ],
        [
            -0.5572960510356153,
            -0.5255106885354778,
            -0.0025330953789294147,
            -0.07526709188166647,
            0.0017798718268144456,
            -0.4216022747282069,
            -0.5903511152250454,
            0.03416285668089016,
            0.037825125820519806,
            0.012750417212028627,
            -0.5092214019840491,
            -0.49984710505865904,
            -0.0037564431520558383,
            0.04681560999920531,
            -0.0031379226313401065,
            -0.2408614879708079,
            -0.3239424662111168,
            0.0001580569577216773,
            0.24096533121367789,
            -0.009820737569209792
        ],
        [
            -0.4496623702288586,
            -0.36132992102931416,
            -0.013582709336759292,
            -0.2221453634860241,
            0.0027427596827421154,
            -0.5903511152250454,
            -0.43202806518946146,
            0.028690844001379036,
            0.0030689140694751815,
            0.011827417096063978,
            -0.5054655235041161,
            -0.40540319883351184,
            -0.017418750021781185,
            0.11480445579045928,
            -0.011059969568941026,
            -0.31130725419222893,
            -0.30554761982620127,
            0.003735318565408501,
            0.19040672652628793,
            -0.00643065702556701
        ],
        [
            0.005323568085614877,
            0.021550764506715406,
            0.3493210580890159,
            -0.06520063157228843,
            0.00040791459375932046,
            0.03416285668089016,
            0.028690844001379036,
            1.4100419698959563,
            0.0003040620961799283,
            -0.0010796227558798684,
            0.006567440250753093,
            0.02242497442360763,
            0.348623190963798,
            0.06885393996185898,
            -0.004714166455126934,
            0.012806066528013287,
            0.015443567401727898,
            -0.04589787161670483,
            -0.014373708025471582,
            0.0005359473903499431
        ],
        [
            0.03126053813981744,
            0.11050050606456077,
            -0.07084563474180275,
            -0.6592455281958991,
            0.008885160507555036,
            0.037825125820519806,
            0.0030689140694751815,
            0.0003040620961799283,
            0.8682262670247305,
            0.020775502351559103,
            -0.06137196557782165,
            -0.1256862900264457,
            0.07082063633758064,
            -0.7778870302359704,
            0.07257264709933473,
            -0.31163117551138375,
            -0.18801374169664337,
            0.0033038733102792976,
            0.20365139238186325,
            -0.009021934060416889
        ],
        [
            0.0009808250978939606,
            0.004756323373866656,
            0.0006193092279077531,
            0.011205366921185216,
            0.354105939015823,
            0.012750417212028627,
            0.011827417096063978,
            -0.0010796227558798684,
            0.020775502351559103,
            1.411376238027218,
            0.00518574787001766,
            0.014149925819935134,
            -0.004773327706117024,
            0.07144230983077175,
            0.34898350442900605,
            0.017408263135778312,
            0.01361179837430082,
            -0.0001874118278101137,
            -0.015581719852759295,
            -0.04518240889217673
        ],
        [
            -0.22068885199812502,
            -0.31403765948839824,
            -0.007164006186983359,
            -0.22622942858435222,
            0.005576929337996696,
            -0.5092214019840491,
            -0.5054655235041161,
            0.006567440250753093,
            -0.06137196557782165,
            0.00518574787001766,
            -0.44999588218613473,
            -0.6011280138904537,
            -0.024253027948085128,
            -0.06394242435574832,
            -0.006396840240553001,
            -0.5865898683370183,
            -0.5419283698096519,
            -0.00047547002925410475,
            0.07397243142526466,
            -0.0032309003918521567
        ],
        [
            -0.29583646575009226,
            -0.2990759937441835,
            -0.010692880532753826,
            -0.17736767538148845,
            0.002257751914512697,
            -0.49984710505865904,
            -0.40540319883351184,
            0.02242497442360763,
            -0.1256862900264457,
            0.014149925819935134,
            -0.6011280138904537,
            -0.43231010160232786,
            -0.02014795483949558,
            -0.016351270790714523,
            -0.006774030179619819,
            -0.46575669930458696,
            -0.36498016610802186,
            0.0047924543276762046,
            0.2385546868201871,
            -0.00802465814696399
        ],
        [
            -0.009669584415601316,
            -0.013132240682948097,
            -0.04411700186782082,
            -0.011205150676683165,
            0.0002043910709446596,
            -0.0037564431520558383,
            -0.017418750021781185,
            0.348623190963798,
            0.07082063633758064,
            -0.004773327706117024,
            -0.024253027948085128,
            -0.02014795483949558,
            1.403009451090555,
            0.009886799235932012,
            -0.0009728085802121065,
            -0.004138154149826247,
            -0.013901377375259635,
            0.4111133093389928,
            -0.02367012288219688,
            0.0006427508944099099
        ],
        [
            0.2960322659621645,
            0.18294539827419493,
            0.01165707056778854,
            0.2130048737051271,
            -0.004844508266464931,
            0.04681560999920531,
            0.11480445579045928,
            0.06885393996185898,
            -0.7778870302359704,
            0.07144230983077175,
            -0.06394242435574832,
            -0.016351270790714523,
            0.009886799235932012,
            0.8425058716726275,
            0.026622333675946665,
            -0.016908929847943566,
            -0.11588300333825499,
            -0.028562136552716784,
            -0.6157302387542765,
            0.03154817070943777
        ],
        [
            -0.015292256783894453,
            -0.012246670548900822,
            -0.0006611495895658551,
            -0.01433904234380105,
            -0.04332315226928998,
            -0.0031379226313401065,
            -0.011059969568941026,
            -0.004714166455126934,
            0.07257264709933473,
            0.34898350442900605,
            -0.006396840240553001,
            -0.006774030179619819,
            -0.0009728085802121065,
            0.026622333675946665,
            1.403090085506965,
            -0.0009129587497125856,
            -0.00043189400479477823,
            0.0008447187089143571,
            0.03340040891219252,
            0.4109408631183218
        ],
        [
            -0.0033807008680081657,
            -0.12393485797854698,
            -0.0003531453216073349,
            -0.05278404634217897,
            0.0018854727304055614,
            -0.2408614879708079,
            -0.31130725419222893,
            0.012806066528013287,
            -0.31163117551138375,
            0.017408263135778312,
            -0.5865898683370183,
            -0.46575669930458696,
            -0.004138154149826247,
            -0.016908929847943566,
            -0.0009129587497125856,
            -0.27624098550195453,
            -0.4708637845613721,
            0.0076059890091777025,
            0.2958167573263596,
            -0.00933682384461062
        ],
        [
            -0.12273535053864987,
            -0.18391734125696657,
            -0.0045146669703326845,
            -0.10796533806920512,
            0.0022298858070210125,
            -0.3239424662111168,
            -0.30554761982620127,
            0.015443567401727898,
            -0.18801374169664337,
            0.01361179837430082,
            -0.5419283698096519,
            -0.36498016610802186,
            -0.013901377375259635,
            -0.11588300333825499,
            -0.00043189400479477823,
            -0.4708637845613721,
            -0.3118680574312658,
            0.005846915584763437,
            0.24854852432549962,
            -0.008047052001599081
        ],
        [
            -0.0003936195614741692,
            0.0011374526227299034,
            -0.0029483472186004724,
            0.0003486840222070402,
            -1.959104023703431e-05,
            0.0001580569577216773,
            0.003735318565408501,
            -0.04589787161670483,
            0.0033038733102792976,
            -0.0001874118278101137,
            -0.00047547002925410475,
            0.0047924543276762046,
            0.4111133093389928,
            -0.028562136552716784,
            0.0008447187089143571,
            0.0076059890091777025,
            0.005846915584763437,
            1.4778393727903738,
            -0.00721574026848771,
            0.0002058929244654335
        ],
        [
            0.053919313425080925,
            0.11223903585500745,
            0.0014066945057192822,
            0.07131581415561938,
            -0.002284898618204691,
            0.24096533121367789,
            0.19040672652628793,
            -0.014373708025471582,
            0.20365139238186325,
            -0.015581719852759295,
            0.07397243142526466,
            0.2385546868201871,
            -0.02367012288219688,
            -0.6157302387542765,
            0.03340040891219252,
            0.2958167573263596,
            0.24854852432549962,
            -0.00721574026848771,
            1.1886085138993836,
            0.009208425296810081
        ],
        [
            -0.0023008343099910097,
            -0.0041424977399058,
            -6.186049217924981e-05,
            -0.002821630890074769,
            -0.0028506138204183505,
            -0.009820737569209792,
            -0.00643065702556701,
            0.0005359473903499431,
            -0.009021934060416889,
            -0.04518240889217673,
            -0.0032309003918521567,
            -0.00802465814696399,
            0.0006427508944099099,
            0.03154817070943777,
            0.4109408631183218,
            -0.00933682384461062,
            -0.008047052001599081,
            0.0002058929244654335,
            0.009208425296810081,
            1.4777802640726347
        ]
    ]
}