{
    "HF": -2.132857911067612,
    "coordinates": [
        [
            0.712486,
            -0.171123,
            0.084539
        ],
        [
            1.426266,
            -0.026928,
            -0.06819
        ],
        [
            2.162758,
            -0.117196,
            0.012414
        ],
        [
            2.810959,
            0.054421,
            0.035595
        ]
    ],
    "elements": [
        "H",
        "H",
        "H",
        "H"
    ],
    "Enn": 3.2042185946458677,
    "S": [
        [
            0.9999999999999999,
            0.6848602514927513,
            0.0,
            0.0,
            0.0,
            0.5674575209749572,
            0.5643409155981616,
            0.11015255874836347,
            -0.5147987178820453,
            -0.1039975918700461,
            0.14135350943822483,
            0.3275900997153946,
            0.00919427807942337,
            -0.18487631277367753,
            -0.0068744517710788815,
            0.0200749097637898,
            0.1447218700395475,
            0.0005818189535236149,
            -0.024945475744883153,
            -0.0026811411828524473
        ],
        [
            0.6848602514927513,
            1.0000000000000002,
            0.0,
            0.0,
            0.0,
            0.5643409155981616,
            0.8863942218444313,
            0.033804891984191676,
            -0.15798738812194368,
            -0.03191598451938089,
            0.3275900997153946,
            0.6313237287325468,
            0.008927900280740649,
            -0.17952005263016022,
            -0.006675284276457556,
            0.14472187003954748,
            0.37875765694781666,
            0.0025255285728345398,
            -0.10828198595990968,
            -0.011638154144152372
        ],
        [
            0.0,
            0.0,
            1.0000000000000004,
            0.0,
            0.0,
            -0.11015255874836348,
            -0.033804891984191676,
            0.4579074125737446,
            0.13795135289937677,
            0.02786838427992606,
            -0.009194278079423369,
            -0.008927900280740638,
            0.06364932883147935,
            0.017521307011231585,
            0.0006515133183255866,
            -0.0005818189535236147,
            -0.0025255285728345424,
            0.0030530886925451573,
            0.0008191883880333128,
            8.804641555578055e-05
        ],
        [
            0.0,
            0.0,
            0.0,
            1.0000000000000004,
            0.0,
            0.5147987178820453,
            0.15798738812194363,
            0.1379513528993766,
            -0.1572914155467742,
            -0.13024307977742022,
            0.18487631277367753,
            0.17952005263016016,
            0.017521307011231585,
            -0.2877934907590656,
            -0.013100471725402919,
            0.024945475744883143,
            0.10828198595990962,
            0.0008191883880333128,
            -0.03205049026331323,
            -0.003774988268032557
        ],
        [
            0.0,
            0.0,
            0.0,
            0.0,
            1.0000000000000004,
            0.10399759187004609,
            0.03191598451938085,
            0.027868384279926033,
            -0.13024307977742025,
            0.4611139626150232,
            0.006874451771078877,
            0.006675284276457541,
            0.000651513318325587,
            -0.013100471725402924,
            0.06403357063539562,
            0.0026811411828524473,
            0.01163815414415237,
            8.804641555578055e-05,
            -0.003774988268032557,
            0.002666459177911787
        ],
        [
            0.5674575209749572,
            0.5643409155981616,
            -0.11015255874836347,
            0.5147987178820453,
            0.1039975918700461,
            0.9999999999999999,
            0.6848602514927513,
            0.0,
            0.0,
            0.0,
            0.5655858830766459,
            0.5636577956514799,
            -0.05789164807255355,
            -0.5289655063303449,
            0.06483255531007472,
            0.16453557023925564,
            0.34840993521283,
            -0.015933461768469003,
            -0.21258325361629005,
            -0.012489003048640795
        ],
        [
            0.5643409155981616,
            0.8863942218444313,
            -0.033804891984191676,
            0.15798738812194368,
            0.03191598451938086,
            0.6848602514927513,
            1.0000000000000002,
            0.0,
            0.0,
            0.0,
            0.5636577956514799,
            0.8857253196958927,
            -0.01781776187601316,
            -0.16280381965645255,
            0.019954018771077824,
            0.34840993521283,
            0.6560887823793341,
            -0.013721972571998187,
            -0.1830777026221313,
            -0.010755588444953324
        ],
        [
            0.11015255874836348,
            0.033804891984191676,
            0.4579074125737446,
            0.13795135289937668,
            0.02786838427992606,
            0.0,
            0.0,
            1.0000000000000004,
            0.0,
            0.0,
            0.057891648072553537,
            0.017817761876013152,
            0.47705272251072117,
            -0.07478439872710871,
            0.00916593541314589,
            0.015933461768469003,
            0.013721972571998186,
            0.0788786552005885,
            -0.030275926193138188,
            -0.0017786731931811585
        ],
        [
            -0.5147987178820453,
            -0.15798738812194363,
            0.13795135289937668,
            -0.1572914155467742,
            -0.1302430797774203,
            0.0,
            0.0,
            0.0,
            1.0000000000000004,
            0.0,
            0.5289655063303449,
            0.1628038196564525,
            -0.07478439872710867,
            -0.19807998414796588,
            0.0837506588295698,
            0.21258325361628996,
            0.18307770262213105,
            -0.030275926193138177,
            -0.3227916345796566,
            -0.023730946860197503
        ],
        [
            -0.10399759187004609,
            -0.03191598451938085,
            0.027868384279926033,
            -0.13024307977742017,
            0.4611139626150232,
            0.0,
            0.0,
            0.0,
            0.0,
            1.0000000000000004,
            -0.06483255531007472,
            -0.019954018771077803,
            0.00916593541314589,
            0.08375065882956985,
            0.4749724788743643,
            0.012489003048640795,
            0.010755588444953317,
            -0.0017786731931811585,
            -0.02373094686019751,
            0.07975372151768885
        ],
        [
            0.14135350943822483,
            0.3275900997153946,
            -0.00919427807942337,
            0.18487631277367753,
            0.006874451771078877,
            0.5655858830766459,
            0.5636577956514799,
            0.05789164807255355,
            0.5289655063303449,
            -0.06483255531007473,
            0.9999999999999999,
            0.6848602514927513,
            0.0,
            0.0,
            0.0,
            0.626839066151635,
            0.5851191078660637,
            -0.01895564940729431,
            -0.530049217094067,
            -0.14033526096077076
        ],
        [
            0.3275900997153946,
            0.6313237287325468,
            -0.008927900280740642,
            0.17952005263016022,
            0.006675284276457543,
            0.5636577956514799,
            0.8857253196958927,
            0.01781776187601316,
            0.1628038196564522,
            -0.019954018771077824,
            0.6848602514927513,
            1.0000000000000002,
            0.0,
            0.0,
            0.0,
            0.5851191078660637,
            0.9065951055361772,
            -0.0053327413753152504,
            -0.14911730694192313,
            -0.03948013789773853
        ],
        [
            0.009194278079423369,
            0.008927900280740645,
            0.06364932883147935,
            0.017521307011231585,
            0.000651513318325587,
            -0.05789164807255354,
            -0.017817761876013152,
            0.47705272251072117,
            -0.07478439872710867,
            0.00916593541314589,
            0.0,
            0.0,
            1.0000000000000004,
            0.0,
            0.0,
            0.01895564940729431,
            0.00533274137531525,
            0.5566975106970605,
            -0.021747011433070534,
            -0.0057577153708637694
        ],
        [
            -0.18487631277367753,
            -0.17952005263016016,
            0.017521307011231585,
            -0.2877934907590656,
            -0.013100471725402924,
            -0.5289655063303449,
            -0.1628038196564525,
            -0.07478439872710871,
            -0.19807998414796588,
            0.08375065882956985,
            0.0,
            0.0,
            0.0,
            1.0000000000000004,
            0.0,
            0.530049217094067,
            0.1491173069419231,
            -0.021747011433070534,
            -0.05062772466902206,
            -0.16100068422886266
        ],
        [
            -0.0068744517710788815,
            -0.006675284276457553,
            0.0006515133183255866,
            -0.013100471725402919,
            0.06403357063539562,
            0.06483255531007472,
            0.019954018771077792,
            0.00916593541314589,
            0.0837506588295698,
            0.4749724788743643,
            0.0,
            0.0,
            0.0,
            0.0,
            1.0000000000000004,
            0.14033526096077076,
            0.03948013789773853,
            -0.005757715370863772,
            -0.1610006842288627,
            0.5148488604276614
        ],
        [
            0.0200749097637898,
            0.1447218700395475,
            -0.0005818189535236149,
            0.024945475744883153,
            0.0026811411828524473,
            0.16453557023925564,
            0.34840993521283,
            0.015933461768469003,
            0.21258325361628996,
            0.012489003048640795,
            0.626839066151635,
            0.5851191078660637,
            0.01895564940729431,
            0.530049217094067,
            0.14033526096077076,
            0.9999999999999999,
            0.6848602514927513,
            0.0,
            0.0,
            0.0
        ],
        [
            0.14472187003954748,
            0.37875765694781666,
            -0.0025255285728345424,
            0.10828198595990968,
            0.011638154144152372,
            0.34840993521283,
            0.6560887823793341,
            0.013721972571998187,
            0.1830777026221313,
            0.010755588444953324,
            0.5851191078660637,
            0.9065951055361772,
            0.0053327413753152504,
            0.14911730694192313,
            0.03948013789773853,
            0.6848602514927513,
            1.0000000000000002,
            0.0,
            0.0,
            0.0
        ],
        [
            0.0005818189535236147,
            0.0025255285728345398,
            0.0030530886925451573,
            0.0008191883880333128,
            8.804641555578055e-05,
            -0.015933461768469003,
            -0.013721972571998182,
            0.0788786552005885,
            -0.030275926193138177,
            -0.0017786731931811585,
            -0.01895564940729431,
            -0.00533274137531525,
            0.5566975106970605,
            -0.021747011433070534,
            -0.0057577153708637694,
            0.0,
            0.0,
            1.0000000000000004,
            0.0,
            0.0
        ],
        [
            -0.024945475744883143,
            -0.10828198595990966,
            0.0008191883880333128,
            -0.03205049026331323,
            -0.003774988268032557,
            -0.21258325361628988,
            -0.18307770262213127,
            -0.030275926193138188,
            -0.3227916345796567,
            -0.02373094686019751,
            -0.530049217094067,
            -0.1491173069419231,
            -0.021747011433070534,
            -0.05062772466902206,
            -0.16100068422886266,
            0.0,
            0.0,
            0.0,
            1.0000000000000004,
            0.0
        ],
        [
            -0.0026811411828524473,
            -0.011638154144152368,
            8.804641555578055e-05,
            -0.003774988268032557,
            0.002666459177911787,
            -0.012489003048640795,
            -0.010755588444953315,
            -0.0017786731931811585,
            -0.023730946860197503,
            0.07975372151768885,
            -0.14033526096077076,
            -0.039480137897738535,
            -0.005757715370863772,
            -0.1610006842288627,
            0.5148488604276614,
            0.0,
            0.0,
            0.0,
            0.0,
            1.0000000000000004
        ]
    ],
    "h": [
        [
            -0.28241192986934194,
            -0.4746798068975113,
            0.06056201751432413,
            -0.293820429626805,
            -0.055726679861998904,
            -0.5940047149501285,
            -0.4683665126133274,
            -0.010818991539599754,
            0.013149194556067889,
            0.014659922546098741,
            -0.2720653458074564,
            -0.32877173379053026,
            0.010698980049307565,
            0.33598069354539895,
            -0.008524496591233038,
            -0.03372046444678755,
            -0.16748802253510525,
            0.0020503334038487367,
            0.09781731206600762,
            0.009702053171331007
        ],
        [
            -0.4746798068975113,
            -0.3154191771986705,
            0.04879652905879892,
            -0.24725185990059168,
            -0.044798370374131244,
            -0.5528260170956073,
            -0.37009416674140105,
            -0.05634603710042118,
            0.09605818168653985,
            0.05580231391443224,
            -0.36006160849284896,
            -0.32012217756782224,
            0.015664088098495982,
            0.19449761308013586,
            -0.030216478446712176,
            -0.17127048972044495,
            -0.220042219290826,
            0.0059636191141782795,
            0.1448230938674706,
            0.025306526897150124
        ],
        [
            0.06056201751432413,
            0.04879652905879892,
            1.4739660069562819,
            0.055394663041429426,
            0.01096166703114312,
            0.008136321043355321,
            0.044014573250236555,
            0.38525850809356577,
            0.19972858239668007,
            0.038370621226288516,
            0.032362557743738404,
            0.03593112977711904,
            -0.04864279483547093,
            -0.041968685802340804,
            0.0028791621635884815,
            0.0051393904079628586,
            0.019198164863049448,
            -0.009259955283869352,
            -0.008879695389031118,
            -0.0009182949498476021
        ],
        [
            -0.293820429626805,
            -0.24725185990059168,
            0.055394663041429426,
            1.2069897438610502,
            -0.05156379046304691,
            -0.07993731552002781,
            -0.23924430141482678,
            0.18380968406845838,
            -0.5385721723518493,
            -0.17177751629539334,
            -0.2591592319514743,
            -0.19618119647224197,
            0.018912457344450698,
            0.14257302773535874,
            -0.023261394461246587,
            -0.09527214929668562,
            -0.13564906155979817,
            0.0009738407532982668,
            0.13070779561752366,
            0.01705605787427562
        ],
        [
            -0.055726679861998904,
            -0.044798370374131244,
            0.01096166703114312,
            -0.05156379046304691,
            1.475366486314317,
            -0.006221617944400237,
            -0.04042888782990308,
            0.038950984689929795,
            -0.18939684289022107,
            0.38982896743100814,
            -0.029943633708708704,
            -0.033515956410788174,
            0.0023482890772519426,
            0.03865215373464846,
            -0.04874318709297676,
            -0.008753226935302463,
            -0.01912822936602383,
            0.00017567661556918952,
            0.015606319480268218,
            -0.007330367890880953
        ],
        [
            -0.5940047149501285,
            -0.5528260170956073,
            0.008136321043355321,
            -0.07993731552002781,
            -0.006221617944400237,
            -0.47409242472104607,
            -0.6143433960722179,
            -0.08370012434171842,
            0.02510785111761142,
            0.08270207466292602,
            -0.5611063337828867,
            -0.5337919223841181,
            -0.0026377175531759056,
            0.049737219395655785,
            -0.015572648214692647,
            -0.30943833007283494,
            -0.3756173410236816,
            0.015042759362955072,
            0.28096707271080523,
            0.04428143394855731
        ],
        [
            -0.4683665126133274,
            -0.37009416674140105,
            0.044014573250236555,
            -0.23924430141482678,
            -0.04042888782990308,
            -0.6143433960722179,
            -0.43785811936262586,
            -0.06728938390268299,
            -0.015119650874030652,
            0.06387268492869058,
            -0.5431623542177091,
            -0.4181141477546948,
            0.014946201731208485,
            0.12407902175190272,
            -0.05605285260039968,
            -0.3554322260955152,
            -0.3294334348200064,
            0.009726081323292828,
            0.21853309264254217,
            0.04784160924597249
        ],
        [
            -0.010818991539599754,
            -0.05634603710042118,
            0.38525850809356577,
            0.18380968406845838,
            0.038950984689929795,
            -0.08370012434171842,
            -0.06728938390268299,
            1.382515327651564,
            0.024770736529885852,
            0.014350797878744312,
            -0.019916905333731763,
            -0.050411484107905864,
            0.3962192878210332,
            -0.09031649311754825,
            0.010846040803277002,
            -0.027464849800051826,
            -0.03269737257269671,
            -0.04400510702775831,
            0.02058691078609405,
            0.005204508726784964
        ],
        [
            0.013149194556067889,
            0.09605818168653985,
            0.19972858239668007,
            -0.5385721723518493,
            -0.18939684289022107,
            0.02510785111761142,
            -0.015119650874030652,
            0.024770736529885852,
            0.7996260366058796,
            -0.026168641652331348,
            -0.07980203149894693,
            -0.14207448431106512,
            -0.10840110558684907,
            -0.7508142271310981,
            0.08582212457442831,
            -0.36201995962379907,
            -0.20400880764877816,
            0.003976947585905721,
            0.10671519006693175,
            0.05356300930571861
        ],
        [
            0.014659922546098741,
            0.05580231391443224,
            0.038370621226288516,
            -0.17177751629539334,
            0.38982896743100814,
            0.08270207466292602,
            0.06387268492869058,
            0.014350797878744312,
            -0.026168641652331348,
            1.382705049564604,
            0.007094046741778992,
            0.04372777130281476,
            0.012829337786494577,
            0.09591323800005505,
            0.39272639969190526,
            0.008491564807921764,
            0.02691826445191983,
            -0.0016863649102284964,
            -0.02971119487871198,
            -0.048806952171634777
        ],
        [
            -0.2720653458074564,
            -0.36006160849284896,
            0.032362557743738404,
            -0.2591592319514743,
            -0.029943633708708704,
            -0.5611063337828867,
            -0.5431623542177091,
            -0.019916905333731763,
            -0.07980203149894693,
            0.007094046741778992,
            -0.5263650172533756,
            -0.631868270681168,
            0.015134862919781316,
            -0.07050344034868969,
            -0.11096724788100286,
            -0.6459185348778025,
            -0.5794435344142107,
            0.006718981860200354,
            0.08225669715349215,
            0.007098957206029599
        ],
        [
            -0.32877173379053026,
            -0.32012217756782224,
            0.03593112977711904,
            -0.19618119647224197,
            -0.033515956410788174,
            -0.5337919223841181,
            -0.4181141477546948,
            -0.050411484107905864,
            -0.14207448431106512,
            0.04372777130281476,
            -0.631868270681168,
            -0.4373578936464888,
            0.012686049058711102,
            -0.004949512221438371,
            -0.08208653283379247,
            -0.49582475973665197,
            -0.37447823442437467,
            0.012390892699330568,
            0.2652044584931543,
            0.058490169398447804
        ],
        [
            0.010698980049307565,
            0.015664088098495982,
            -0.04864279483547093,
            0.018912457344450698,
            0.0023482890772519426,
            -0.0026377175531759056,
            0.014946201731208485,
            0.3962192878210332,
            -0.10840110558684907,
            0.012829337786494577,
            0.015134862919781316,
            0.012686049058711102,
            1.379273744757991,
            -0.03713676582094126,
            0.000760077910714983,
            0.007218229833509282,
            0.005827048769957065,
            0.528945715089639,
            -0.04117398211199718,
            -0.00968408871642271
        ],
        [
            0.33598069354539895,
            0.19449761308013586,
            -0.041968685802340804,
            0.14257302773535874,
            0.03865215373464846,
            0.049737219395655785,
            0.12407902175190272,
            -0.09031649311754825,
            -0.7508142271310981,
            0.09591323800005505,
            -0.07050344034868969,
            -0.004949512221438371,
            -0.03713676582094126,
            0.7639950168762253,
            -0.0500599071761191,
            0.011216432702586099,
            -0.10168191732024229,
            -0.03504174479304384,
            -0.4317276472217308,
            -0.24513554649497798
        ],
        [
            -0.008524496591233038,
            -0.030216478446712176,
            0.0028791621635884815,
            -0.023261394461246587,
            -0.04874318709297676,
            -0.015572648214692647,
            -0.05605285260039968,
            0.010846040803277002,
            0.08582212457442831,
            0.39272639969190526,
            -0.11096724788100286,
            -0.08208653283379247,
            0.000760077910714983,
            -0.0500599071761191,
            1.3581634562399754,
            -0.014598059107557931,
            -0.07370620378487573,
            -0.007179525348852191,
            -0.2213865615770652,
            0.4691316330206887
        ],
        [
            -0.03372046444678755,
            -0.17127048972044495,
            0.0051393904079628586,
            -0.09527214929668562,
            -0.008753226935302463,
            -0.30943833007283494,
            -0.3554322260955152,
            -0.027464849800051826,
            -0.36201995962379907,
            0.008491564807921764,
            -0.6459185348778025,
            -0.49582475973665197,
            0.007218229833509282,
            0.011216432702586099,
            -0.014598059107557931,
            -0.3400864851479566,
            -0.49768860016362326,
            0.014400849342149573,
            0.33692488597156384,
            0.08403260597413048
        ],
        [
            -0.16748802253510525,
            -0.220042219290826,
            0.019198164863049448,
            -0.13564906155979817,
            -0.01912822936602383,
            -0.3756173410236816,
            -0.3294334348200064,
            -0.03269737257269671,
            -0.20400880764877816,
            0.02691826445191983,
            -0.5794435344142107,
            -0.37447823442437467,
            0.005827048769957065,
            -0.10168191732024229,
            -0.07370620378487573,
            -0.49768860016362326,
            -0.3222464970706287,
            0.012074655583024011,
            0.26904552847363944,
            0.06358724229990159
        ],
        [
            0.0020503334038487367,
            0.0059636191141782795,
            -0.009259955283869352,
            0.0009738407532982668,
            0.00017567661556918952,
            0.015042759362955072,
            0.009726081323292828,
            -0.04400510702775831,
            0.003976947585905721,
            -0.0016863649102284964,
            0.006718981860200354,
            0.012390892699330568,
            0.528945715089639,
            -0.03504174479304384,
            -0.007179525348852191,
            0.014400849342149573,
            0.012074655583024011,
            1.4629331691620913,
            -0.013367509873559632,
            -0.002921338649846292
        ],
        [
            0.09781731206600762,
            0.1448230938674706,
            -0.008879695389031118,
            0.13070779561752366,
            0.015606319480268218,
            0.28096707271080523,
            0.21853309264254217,
            0.02058691078609405,
            0.10671519006693175,
            -0.02971119487871198,
            0.08225669715349215,
            0.2652044584931543,
            -0.04117398211199718,
            -0.4317276472217308,
            -0.2213865615770652,
            0.33692488597156384,
            0.26904552847363944,
            -0.013367509873559632,
            1.1428731385002076,
            -0.07736193417976488
        ],
        [
            0.009702053171331007,
            0.025306526897150124,
            -0.0009182949498476021,
            0.01705605787427562,
            -0.007330367890880953,
            0.04428143394855731,
            0.04784160924597249,
            0.005204508726784964,
            0.05356300930571861,
            -0.048806952171634777,
            0.007098957206029599,
            0.058490169398447804,
            -0.00968408871642271,
            -0.24513554649497798,
            0.4691316330206887,
            0.08403260597413048,
            0.06358724229990159,
            -0.002921338649846292,
            -0.07736193417976488,
            1.443486413721416
        ]
    ]
}