{
    "HF": -2.10411967489416,
    "coordinates": [
        [
            0.815344,
            -0.050519,
            0.118637
        ],
        [
            1.628387,
            0.01708,
            0.071214
        ],
        [
            2.276821,
            -0.034036,
            0.020027
        ],
        [
            3.070229,
            0.187752,
            0.185779
        ]
    ],
    "elements": [
        "H",
        "H",
        "H",
        "H"
    ],
    "Enn": 3.04616473990432,
    "S": [
        [
            0.9999999999999999,
            0.6848602514927513,
            0.0,
            0.0,
            0.0,
            0.5093526939511258,
            0.5422508227441102,
            0.029832925455799485,
            -0.5114701982447246,
            -0.0425252710264342,
            0.13723615629187236,
            0.3236704392758852,
            0.012124545992838342,
            -0.17969521452160428,
            -0.0020266594828106123,
            0.011477448613518217,
            0.11389295042232431,
            -0.0004032764871178805,
            -0.013543565899955331,
            -0.0014311324038912218
        ],
        [
            0.6848602514927513,
            1.0000000000000002,
            0.0,
            0.0,
            0.0,
            0.5422508227441102,
            0.8646048433702305,
            0.010058543766785227,
            -0.17244857136364958,
            -0.0143379267463238,
            0.3236704392758852,
            0.6265953340188016,
            0.012050162103204535,
            -0.17859278734514808,
            -0.0020142259603196455,
            0.11389295042232431,
            0.3259757192805177,
            -0.0026793299194086745,
            -0.08998214002153385,
            -0.009508305073239161
        ],
        [
            0.0,
            0.0,
            1.0000000000000004,
            0.0,
            0.0,
            -0.0298329254557995,
            -0.010058543766785204,
            0.41778448956430286,
            0.04206589257497121,
            0.0034974930872973256,
            -0.012124545992838336,
            -0.012050162103204533,
            0.06013656857743157,
            0.023082786070973665,
            0.0002603349644283551,
            0.0004032764871178803,
            0.0026793299194086736,
            0.0012415097562549823,
            -0.0004937575552275169,
            -5.2174770084334976e-05
        ],
        [
            0.0,
            0.0,
            0.0,
            1.0000000000000004,
            0.0,
            0.5114701982447247,
            0.17244857136364936,
            0.042065892574971196,
            -0.30096004214289723,
            -0.059962724251428186,
            0.1796952145216043,
            0.17859278734514797,
            0.02308278607097368,
            -0.28041083738933975,
            -0.003858366928383117,
            0.013543565899955343,
            0.0899821400215338,
            -0.0004937575552275169,
            -0.015326054016693198,
            -0.001752228209490567
        ],
        [
            0.0,
            0.0,
            0.0,
            0.0,
            1.0000000000000004,
            0.04252527102643422,
            0.014337926746323794,
            0.003497493087297324,
            -0.059962724251428165,
            0.4152526070278449,
            0.0020266594828106123,
            0.002014225960319645,
            0.0002603349644283551,
            -0.0038583669283831145,
            0.06165051376601694,
            0.0014311324038912227,
            0.009508305073239158,
            -5.2174770084334976e-05,
            -0.001752228209490567,
            0.0010710561420216884
        ],
        [
            0.5093526939511258,
            0.5422508227441102,
            -0.029832925455799485,
            0.5114701982447245,
            0.0425252710264342,
            0.9999999999999999,
            0.6848602514927513,
            0.0,
            0.0,
            0.0,
            0.6419428943495826,
            0.590142292901682,
            0.043129221768857556,
            -0.5463585244000897,
            0.04306939847885055,
            0.1401758312732766,
            0.32647641250818393,
            -0.014455829185510418,
            -0.18193184362147863,
            -0.02153541900885465
        ],
        [
            0.5422508227441102,
            0.8646048433702305,
            -0.010058543766785204,
            0.17244857136364958,
            0.014337926746323807,
            0.6848602514927513,
            1.0000000000000002,
            0.0,
            0.0,
            0.0,
            0.590142292901682,
            0.9114375009903823,
            0.011883385319699057,
            -0.15053804826213177,
            0.011866902221301049,
            0.3264764125081839,
            0.6299824483098719,
            -0.014129721310221112,
            -0.17782765795288116,
            -0.02104960324233455
        ],
        [
            0.0298329254557995,
            0.010058543766785204,
            0.41778448956430286,
            0.042065892574971196,
            0.0034974930872973234,
            0.0,
            0.0,
            1.0000000000000004,
            0.0,
            0.0,
            -0.043129221768857556,
            -0.011883385319699045,
            0.5715413197383366,
            0.0495871900843773,
            -0.0039089542009719275,
            0.014455829185510404,
            0.014129721310221112,
            0.06153728662628103,
            -0.027321008085290113,
            -0.00323400975414271
        ],
        [
            -0.5114701982447248,
            -0.17244857136364955,
            0.04206589257497121,
            -0.3009600421428971,
            -0.059962724251428165,
            0.0,
            0.0,
            0.0,
            1.0000000000000004,
            0.0,
            0.5463585244000894,
            0.15053804826213174,
            0.049587190084377335,
            -0.05271199565899509,
            0.04951840913421439,
            0.1819318436214786,
            0.17782765795288116,
            -0.027321008085290113,
            -0.28013663496645846,
            -0.040701183537141646
        ],
        [
            -0.04252527102643422,
            -0.014337926746323797,
            0.003497493087297326,
            -0.059962724251428186,
            0.4152526070278449,
            0.0,
            0.0,
            0.0,
            0.0,
            1.0000000000000004,
            -0.04306939847885055,
            -0.011866902221301047,
            -0.003908954200971929,
            0.04951840913421436,
            0.5715521712630015,
            0.021535419008854636,
            0.021049603242334545,
            -0.003234009754142711,
            -0.04070118353714166,
            0.05889031067096847
        ],
        [
            0.13723615629187236,
            0.3236704392758852,
            -0.012124545992838342,
            0.1796952145216043,
            0.0020266594828106123,
            0.6419428943495826,
            0.590142292901682,
            -0.043129221768857556,
            0.5463585244000894,
            -0.04306939847885055,
            0.9999999999999999,
            0.6848602514927513,
            0.0,
            0.0,
            0.0,
            0.4914224910229031,
            0.5350415273601654,
            -0.09964567834307399,
            -0.4769757128892663,
            -0.13333302589624071
        ],
        [
            0.3236704392758852,
            0.6265953340188016,
            -0.012050162103204535,
            0.178592787345148,
            0.0020142259603196455,
            0.590142292901682,
            0.9114375009903823,
            -0.011883385319699057,
            0.15053804826213177,
            -0.011866902221301049,
            0.6848602514927513,
            1.0000000000000002,
            0.0,
            0.0,
            0.0,
            0.5350415273601654,
            0.857420934440581,
            -0.034657649632061346,
            -0.16589637819920436,
            -0.046374407528087906
        ],
        [
            0.01212454599283834,
            0.012050162103204526,
            0.06013656857743157,
            0.02308278607097367,
            0.0002603349644283551,
            0.043129221768857556,
            0.011883385319699045,
            0.5715413197383366,
            0.049587190084377335,
            -0.0039089542009719275,
            0.0,
            0.0,
            1.0000000000000004,
            0.0,
            0.0,
            0.09964567834307397,
            0.03465764963206132,
            0.371334748149817,
            -0.1365180078235784,
            -0.038162024984844896
        ],
        [
            -0.17969521452160434,
            -0.17859278734514808,
            0.023082786070973676,
            -0.28041083738933964,
            -0.0038583669283831163,
            -0.5463585244000894,
            -0.15053804826213174,
            0.0495871900843773,
            -0.05271199565899509,
            0.049518409134214354,
            0.0,
            0.0,
            0.0,
            1.0000000000000004,
            0.0,
            0.4769757128892663,
            0.1658963781992043,
            -0.13651800782357854,
            -0.2536182174782606,
            -0.18267083304681594
        ],
        [
            -0.0020266594828106123,
            -0.002014225960319645,
            0.0002603349644283551,
            -0.003858366928383115,
            0.06165051376601694,
            0.04306939847885055,
            0.011866902221301047,
            -0.003908954200971929,
            0.0495184091342144,
            0.5715521712630015,
            0.0,
            0.0,
            0.0,
            0.0,
            1.0000000000000004,
            0.1333330258962407,
            0.04637440752808783,
            -0.03816202498484489,
            -0.1826708330468157,
            0.34879140867376757
        ],
        [
            0.011477448613518217,
            0.11389295042232431,
            0.0004032764871178805,
            0.013543565899955333,
            0.0014311324038912218,
            0.1401758312732766,
            0.32647641250818393,
            0.014455829185510418,
            0.1819318436214787,
            0.02153541900885465,
            0.4914224910229031,
            0.5350415273601654,
            0.09964567834307399,
            0.4769757128892663,
            0.13333302589624071,
            0.9999999999999999,
            0.6848602514927513,
            0.0,
            0.0,
            0.0
        ],
        [
            0.11389295042232431,
            0.3259757192805177,
            0.0026793299194086745,
            0.08998214002153382,
            0.009508305073239161,
            0.3264764125081839,
            0.6299824483098719,
            0.014129721310221112,
            0.17782765795288116,
            0.021049603242334552,
            0.5350415273601654,
            0.857420934440581,
            0.034657649632061346,
            0.16589637819920436,
            0.046374407528087885,
            0.6848602514927513,
            1.0000000000000002,
            0.0,
            0.0,
            0.0
        ],
        [
            -0.0004032764871178803,
            -0.0026793299194086736,
            0.0012415097562549823,
            -0.0004937575552275169,
            -5.2174770084334976e-05,
            -0.0144558291855104,
            -0.014129721310221112,
            0.06153728662628103,
            -0.027321008085290113,
            -0.003234009754142711,
            -0.09964567834307397,
            -0.03465764963206134,
            0.371334748149817,
            -0.13651800782357854,
            -0.038162024984844896,
            0.0,
            0.0,
            1.0000000000000004,
            0.0,
            0.0
        ],
        [
            -0.013543565899955342,
            -0.08998214002153383,
            -0.0004937575552275169,
            -0.015326054016693198,
            -0.001752228209490567,
            -0.18193184362147852,
            -0.17782765795288116,
            -0.027321008085290113,
            -0.28013663496645846,
            -0.04070118353714166,
            -0.4769757128892663,
            -0.1658963781992043,
            -0.1365180078235784,
            -0.2536182174782606,
            -0.18267083304681575,
            0.0,
            0.0,
            0.0,
            1.0000000000000004,
            0.0
        ],
        [
            -0.0014311324038912227,
            -0.00950830507323916,
            -5.2174770084334976e-05,
            -0.001752228209490567,
            0.0010710561420216884,
            -0.021535419008854636,
            -0.02104960324233455,
            -0.00323400975414271,
            -0.040701183537141646,
            0.05889031067096847,
            -0.1333330258962407,
            -0.04637440752808785,
            -0.03816202498484489,
            -0.18267083304681592,
            0.34879140867376757,
            0.0,
            0.0,
            0.0,
            0.0,
            1.0000000000000004
        ]
    ],
    "h": [
        [
            -0.24050338586834896,
            -0.45428351423770796,
            0.016504983102965533,
            -0.26196301736675953,
            -0.01963589749149898,
            -0.5544563928141546,
            -0.44142463963000345,
            0.002826311209609314,
            0.03436844017163687,
            0.012111406375435285,
            -0.2819574774586191,
            -0.31790297468302664,
            -0.017664802752332384,
            0.3379103572782665,
            -0.0034376518381447974,
            -0.00531523600816447,
            -0.12825824662641513,
            0.004334720647417361,
            0.06742294755976277,
            0.008277075803680634
        ],
        [
            -0.45428351423770796,
            -0.3103838704030759,
            0.014842380550297402,
            -0.23414811214975417,
            -0.01672693555934235,
            -0.5424111501888866,
            -0.3666483437002255,
            -0.0012465900841700725,
            0.08271589630197126,
            0.027067186198286023,
            -0.36954253959910704,
            -0.31824126731602176,
            -0.02306872663436522,
            0.22399160470083343,
            -0.020036047177081517,
            -0.12695777622873067,
            -0.19168977435647516,
            0.016260294198001898,
            0.11673708159448953,
            0.023350117456490956
        ],
        [
            0.016504983102965533,
            0.014842380550297402,
            1.4834987305757048,
            0.0158204930183982,
            0.0011328072590675328,
            0.0077117390899364285,
            0.014457023241484384,
            0.31916188133073686,
            0.05814705334273422,
            0.004058198313382803,
            0.017091601685500196,
            0.01206395978029174,
            -0.04690766599145975,
            -0.013608326241796476,
            0.0008405184545006736,
            0.0014318738732759394,
            0.005970465552004842,
            -0.0043341029486118465,
            -0.0009211701362460761,
            -0.0002442306681751971
        ],
        [
            -0.26196301736675953,
            -0.23414811214975417,
            0.0158204930183982,
            1.2243909479196833,
            -0.01932452426816049,
            -0.10875940541869777,
            -0.2284325173690751,
            0.060857599290459266,
            -0.6854666647370457,
            -0.07165265885255948,
            -0.2764179764184955,
            -0.19655272356387887,
            -0.01738130715760617,
            0.1689171666849386,
            -0.014484126675683263,
            -0.0678975984053149,
            -0.12216872760745917,
            0.007224634226408285,
            0.09144118252563782,
            0.013567359027326087
        ],
        [
            -0.01963589749149898,
            -0.01672693555934235,
            0.0011328072590675328,
            -0.01932452426816049,
            1.4828775385066022,
            -0.003760966961196044,
            -0.015009595323675903,
            0.004918841060224118,
            -0.08225026050483289,
            0.3163039351216125,
            -0.013115190544596856,
            -0.013438669017414176,
            -0.0011915501025345976,
            0.01654042918847353,
            -0.048671800377254174,
            -0.004107221416043274,
            -0.007689970173141195,
            0.00044646900819663376,
            0.00765707590020649,
            -0.0031684964230440787
        ],
        [
            -0.5544563928141546,
            -0.5424111501888866,
            0.0077117390899364285,
            -0.10875940541869777,
            -0.003760966961196044,
            -0.5099296294660149,
            -0.6312009238160676,
            0.008871377870808314,
            -0.06316966254587078,
            0.042385113946228216,
            -0.623618224873234,
            -0.5688056025079857,
            -0.01619171156332766,
            0.04156205974582994,
            -0.013810488462336235,
            -0.2810391874356766,
            -0.3712835077583296,
            0.03721139623962345,
            0.2645680356262752,
            0.05163647731771001
        ],
        [
            -0.44142463963000345,
            -0.3666483437002255,
            0.014457023241484384,
            -0.2284325173690751,
            -0.015009595323675903,
            -0.6312009238160676,
            -0.4474529828939535,
            0.00458238373693261,
            -0.05308357713255544,
            0.03095311022727163,
            -0.5662809381979328,
            -0.4291526913496768,
            -0.04268192235142336,
            0.16882108764696088,
            -0.04611944459888803,
            -0.3163744140998007,
            -0.3191701587119965,
            0.03411660179305698,
            0.184773120173291,
            0.045927781347972506
        ],
        [
            0.002826311209609314,
            -0.0012465900841700725,
            0.31916188133073686,
            0.060857599290459266,
            0.004918841060224118,
            0.008871377870808314,
            0.00458238373693261,
            1.3758987468615531,
            0.03484653329149311,
            -0.0008142188449911294,
            -0.007423230094176531,
            0.007236052028214866,
            0.5343491945123013,
            0.0767137379923594,
            -0.006283938372873542,
            0.0012019787938829275,
            0.008904233815158712,
            -0.04833026677545545,
            -0.011270219850930525,
            -0.0019494061686677663
        ],
        [
            0.03436844017163687,
            0.08271589630197126,
            0.05814705334273422,
            -0.6854666647370457,
            -0.08225026050483289,
            -0.06316966254587078,
            -0.05308357713255544,
            0.03484653329149311,
            0.759913534445686,
            -0.003310051901575661,
            -0.03856211890698824,
            -0.163313609479342,
            0.05732686068445718,
            -0.5792851615729759,
            0.044806665383591626,
            -0.33374645473558184,
            -0.22211626155127775,
            0.0405864529108423,
            0.14285549909980777,
            0.0537628213580266
        ],
        [
            0.012111406375435285,
            0.027067186198286023,
            0.004058198313382803,
            -0.07165265885255948,
            0.3163039351216125,
            0.042385113946228216,
            0.03095311022727163,
            -0.0008142188449911294,
            -0.003310051901575661,
            1.3744932287431801,
            -0.003095901272018836,
            0.021000399443352462,
            -0.006406482475988932,
            0.05870642609502287,
            0.5333904703618758,
            -0.008546539170461907,
            0.009909333903842393,
            -0.0008363672392285599,
            -0.01076311308478499,
            -0.04821718721967305
        ],
        [
            -0.2819574774586191,
            -0.36954253959910704,
            0.017091601685500196,
            -0.2764179764184955,
            -0.013115190544596856,
            -0.623618224873234,
            -0.5662809381979328,
            -0.007423230094176531,
            -0.03856211890698824,
            -0.003095901272018836,
            -0.4968941280602408,
            -0.6241981364165169,
            -0.06880415242816085,
            0.08398402288608925,
            -0.08361876432206056,
            -0.5435379798329949,
            -0.535964862693852,
            0.01577203091538787,
            0.11163009296255844,
            0.02140159988265572
        ],
        [
            -0.31790297468302664,
            -0.31824126731602176,
            0.01206395978029174,
            -0.19655272356387887,
            -0.013438669017414176,
            -0.5688056025079857,
            -0.4291526913496768,
            0.007236052028214866,
            -0.163313609479342,
            0.021000399443352462,
            -0.6241981364165169,
            -0.44421428534902985,
            -0.056080773627787725,
            0.06614986994627947,
            -0.06691490017825738,
            -0.4361083421602001,
            -0.3666292268379425,
            0.039117624343471616,
            0.21350692739019972,
            0.05248232388731705
        ],
        [
            -0.017664802752332384,
            -0.02306872663436522,
            -0.04690766599145975,
            -0.01738130715760617,
            -0.0011915501025345976,
            -0.01619171156332766,
            -0.04268192235142336,
            0.5343491945123013,
            0.05732686068445718,
            -0.006406482475988932,
            -0.06880415242816085,
            -0.056080773627787725,
            1.3701429382408803,
            -0.017802717872348522,
            -0.013719953344606576,
            -0.014983117986639427,
            -0.04730223020416042,
            0.2572352468047138,
            -0.16787672791669206,
            -0.04837839967227539
        ],
        [
            0.3379103572782665,
            0.22399160470083343,
            -0.013608326241796476,
            0.1689171666849386,
            0.01654042918847353,
            0.04156205974582994,
            0.16882108764696088,
            0.0767137379923594,
            -0.5792851615729759,
            0.05870642609502287,
            0.08398402288608925,
            0.06614986994627947,
            -0.017802717872348522,
            0.8001576464122266,
            -0.03750481619490738,
            -0.037354462887555284,
            -0.06781207834739811,
            -0.18288042657332254,
            -0.6059247214514486,
            -0.24566578877851825
        ],
        [
            -0.0034376518381447974,
            -0.020036047177081517,
            0.0008405184545006736,
            -0.014484126675683263,
            -0.048671800377254174,
            -0.013810488462336235,
            -0.04611944459888803,
            -0.006283938372873542,
            0.044806665383591626,
            0.5333904703618758,
            -0.08361876432206056,
            -0.06691490017825738,
            -0.013719953344606576,
            -0.03750481619490738,
            1.362858690272537,
            -0.0214440762328926,
            -0.06081960506216577,
            -0.048493575449833126,
            -0.2262204322112133,
            0.22857525819801738
        ],
        [
            -0.00531523600816447,
            -0.12695777622873067,
            0.0014318738732759394,
            -0.0678975984053149,
            -0.004107221416043274,
            -0.2810391874356766,
            -0.3163744140998007,
            0.0012019787938829275,
            -0.33374645473558184,
            -0.008546539170461907,
            -0.5435379798329949,
            -0.4361083421602001,
            -0.014983117986639427,
            -0.037354462887555284,
            -0.0214440762328926,
            -0.22938493948787442,
            -0.4494303381228226,
            0.048484317196158574,
            0.23928278177278225,
            0.06444993796777634
        ],
        [
            -0.12825824662641513,
            -0.19168977435647516,
            0.005970465552004842,
            -0.12216872760745917,
            -0.007689970173141195,
            -0.3712835077583296,
            -0.3191701587119965,
            0.008904233815158712,
            -0.22211626155127775,
            0.009909333903842393,
            -0.535964862693852,
            -0.3666292268379425,
            -0.04730223020416042,
            -0.06781207834739811,
            -0.06081960506216577,
            -0.4494303381228226,
            -0.3101014359171965,
            0.042788323988047765,
            0.21825535576002494,
            0.05701839028840901
        ],
        [
            0.004334720647417361,
            0.016260294198001898,
            -0.0043341029486118465,
            0.007224634226408285,
            0.00044646900819663376,
            0.03721139623962345,
            0.03411660179305698,
            -0.04833026677545545,
            0.0405864529108423,
            -0.0008363672392285599,
            0.01577203091538787,
            0.039117624343471616,
            0.2572352468047138,
            -0.18288042657332254,
            -0.048493575449833126,
            0.048484317196158574,
            0.042788323988047765,
            1.4770985319133294,
            -0.044083726331905895,
            -0.012017177850785743
        ],
        [
            0.06742294755976277,
            0.11673708159448953,
            -0.0009211701362460761,
            0.09144118252563782,
            0.00765707590020649,
            0.2645680356262752,
            0.184773120173291,
            -0.011270219850930525,
            0.14285549909980777,
            -0.01076311308478499,
            0.11163009296255844,
            0.21350692739019972,
            -0.16787672791669206,
            -0.6059247214514486,
            -0.2262204322112133,
            0.23928278177278225,
            0.21825535576002494,
            -0.044083726331905895,
            1.2596238237509847,
            -0.05908402791167591
        ],
        [
            0.008277075803680634,
            0.023350117456490956,
            -0.0002442306681751971,
            0.013567359027326087,
            -0.0031684964230440787,
            0.05163647731771001,
            0.045927781347972506,
            -0.0019494061686677663,
            0.0537628213580266,
            -0.04821718721967305,
            0.02140159988265572,
            0.05248232388731705,
            -0.04837839967227539,
            -0.24566578877851825,
            0.22857525819801738,
            0.06444993796777634,
            0.05701839028840901,
            -0.012017177850785743,
            -0.05908402791167591,
            1.470020112828332
        ]
    ]
}