{
    "HF": -2.159212870173002,
    "coordinates": [
        [
            0.799079,
            -0.15357,
            0.074653
        ],
        [
            1.536849,
            0.096088,
            -0.058265
        ],
        [
            2.312335,
            0.123458,
            0.04432
        ],
        [
            3.129784,
            0.110857,
            -0.077114
        ]
    ],
    "elements": [
        "H",
        "H",
        "H",
        "H"
    ],
    "Enn": 2.887266108533098,
    "S": [
        [
            0.9999999999999999,
            0.6848602514927513,
            0.0,
            0.0,
            0.0,
            0.5306553024477241,
            0.5505676377435237,
            0.08806797707972874,
            -0.4888270320807675,
            -0.16541683610775754,
            0.11359187137109274,
            0.29958920452430576,
            0.0029614339182976717,
            -0.1477403371070273,
            -0.02704645486823483,
            0.008449345573334694,
            0.0998256306508227,
            0.0006264710395777534,
            -0.009620794931039475,
            -0.0010915143448999229
        ],
        [
            0.6848602514927513,
            1.0000000000000002,
            0.0,
            0.0,
            0.0,
            0.5505676377435237,
            0.8728473853810195,
            0.028654109992843672,
            -0.15904650031914597,
            -0.05382060964348972,
            0.2995892045243057,
            0.5970539199426217,
            0.0034124621235127714,
            -0.17024128121776438,
            -0.031165646561582966,
            0.0998256306508227,
            0.30012123686209097,
            0.005257102832899959,
            -0.08073399262128195,
            -0.009159566511792663
        ],
        [
            0.0,
            0.0,
            1.0000000000000004,
            0.0,
            0.0,
            -0.08806797707972873,
            -0.028654109992843662,
            0.4242866803286291,
            0.11321067688878401,
            0.0383099762401562,
            -0.0029614339182976695,
            -0.003412462123512777,
            0.04615539301424027,
            0.005513419160166723,
            0.0010093278884092756,
            -0.0006264710395777533,
            -0.005257102832899957,
            0.0007218114879740733,
            0.0007050167465256742,
            7.998672643408086e-05
        ],
        [
            0.0,
            0.0,
            0.0,
            1.0000000000000004,
            0.0,
            0.48882703208076733,
            0.15904650031914613,
            0.11321067688878401,
            -0.18370029782036437,
            -0.21264201365277868,
            0.14774033710702728,
            0.1702412812177641,
            0.005513419160166717,
            -0.22878814544103768,
            -0.05035345937106997,
            0.009620794931039471,
            0.08073399262128189,
            0.0007050167465256739,
            -0.010059311675168067,
            -0.0012283662669324976
        ],
        [
            0.0,
            0.0,
            0.0,
            0.0,
            1.0000000000000004,
            0.16541683610775754,
            0.05382060964348972,
            0.03830997624015622,
            -0.21264201365277877,
            0.3727258373913694,
            0.02704645486823483,
            0.031165646561582955,
            0.0010093278884092751,
            -0.050353459371070004,
            0.03704782654877544,
            0.0010915143448999229,
            0.009159566511792661,
            7.998672643408087e-05,
            -0.0012283662669324983,
            0.0006283569622849803
        ],
        [
            0.5306553024477241,
            0.5505676377435237,
            -0.08806797707972874,
            0.4888270320807677,
            0.16541683610775754,
            0.9999999999999999,
            0.6848602514927513,
            0.0,
            0.0,
            0.0,
            0.5365248601765162,
            0.5528136578816166,
            -0.06892308029688198,
            -0.5210204595906597,
            -0.01838889416313944,
            0.09831227826720719,
            0.2823082838544104,
            0.0015435931460890432,
            -0.1304495489503608,
            -0.001209471440107648
        ],
        [
            0.5505676377435237,
            0.8728473853810195,
            -0.028654109992843672,
            0.15904650031914613,
            0.05382060964348972,
            0.6848602514927513,
            1.0000000000000002,
            0.0,
            0.0,
            0.0,
            0.5528136578816166,
            0.8750652047566638,
            -0.022211324057219532,
            -0.16790535505031895,
            -0.00592605097671296,
            0.2823082838544104,
            0.5752972288733592,
            0.001989900903786382,
            -0.16816715985850564,
            -0.0015591727119752285
        ],
        [
            0.08806797707972873,
            0.028654109992843672,
            0.4242866803286291,
            0.11321067688878399,
            0.0383099762401562,
            0.0,
            0.0,
            1.0000000000000004,
            0.0,
            0.0,
            0.06892308029688198,
            0.02221132405721953,
            0.43912416021422856,
            -0.09324120001425205,
            -0.003290854566542889,
            -0.001543593146089043,
            -0.0019899009037863866,
            0.03705044294552204,
            0.002890764327755078,
            2.6801908650770277e-05
        ],
        [
            -0.4888270320807675,
            -0.1590465003191463,
            0.11321067688878406,
            -0.1837002978203645,
            -0.21264201365277877,
            0.0,
            0.0,
            0.0,
            1.0000000000000004,
            0.0,
            0.5210204595906596,
            0.1679053550503186,
            -0.09324120001425211,
            -0.25339347497548803,
            -0.024877044834918163,
            0.13044954895036073,
            0.16816715985850525,
            0.0028907643277550814,
            -0.2072147660611005,
            -0.0022650378458599803
        ],
        [
            -0.16541683610775754,
            -0.05382060964348971,
            0.03830997624015622,
            -0.21264201365277868,
            0.3727258373913694,
            0.0,
            0.0,
            0.0,
            0.0,
            1.0000000000000004,
            0.01838889416313944,
            0.005926050976712959,
            -0.003290854566542889,
            -0.02487704483491815,
            0.4505805421299954,
            0.001209471440107648,
            0.001559172711975228,
            2.6801908650770247e-05,
            -0.002265037845859975,
            0.037063648552071185
        ],
        [
            0.11359187137109274,
            0.29958920452430576,
            -0.00296143391829767,
            0.14774033710702733,
            0.02704645486823483,
            0.5365248601765162,
            0.5528136578816166,
            0.06892308029688198,
            0.5210204595906597,
            0.01838889416313944,
            0.9999999999999999,
            0.6848602514927513,
            0.0,
            0.0,
            0.0,
            0.502116690162093,
            0.539365009281636,
            0.07502031585913876,
            -0.5050091587095635,
            0.007784730801431294
        ],
        [
            0.2995892045243057,
            0.5970539199426217,
            -0.003412462123512777,
            0.1702412812177643,
            0.031165646561582966,
            0.5528136578816166,
            0.8750652047566638,
            0.022211324057219532,
            0.16790535505031862,
            0.00592605097671296,
            0.6848602514927513,
            1.0000000000000002,
            0.0,
            0.0,
            0.0,
            0.539365009281636,
            0.8617335798316273,
            0.025610159260684186,
            -0.17239816754357978,
            0.002657522743579909
        ],
        [
            0.0029614339182976713,
            0.0034124621235127714,
            0.04615539301424027,
            0.00551341916016672,
            0.0010093278884092751,
            -0.06892308029688198,
            -0.02221132405721953,
            0.43912416021422856,
            -0.09324120001425211,
            -0.003290854566542889,
            0.0,
            0.0,
            1.0000000000000004,
            0.0,
            0.0,
            -0.07502031585913874,
            -0.02561015926068418,
            0.3962176067595536,
            0.10617441089431047,
            -0.0016366816176656995
        ],
        [
            -0.1477403371070273,
            -0.1702412812177642,
            0.0055134191601667205,
            -0.22878814544103768,
            -0.05035345937106998,
            -0.5210204595906597,
            -0.16790535505031895,
            -0.09324120001425205,
            -0.25339347497548803,
            -0.02487704483491815,
            0.0,
            0.0,
            0.0,
            1.0000000000000004,
            0.0,
            0.5050091587095635,
            0.17239816754357976,
            0.10617441089431053,
            -0.30273699279533384,
            0.011017538347408542
        ],
        [
            -0.02704645486823483,
            -0.031165646561582955,
            0.0010093278884092756,
            -0.05035345937107,
            0.03704782654877544,
            -0.01838889416313944,
            -0.005926050976712959,
            -0.003290854566542889,
            -0.024877044834918163,
            0.4505805421299954,
            0.0,
            0.0,
            0.0,
            0.0,
            1.0000000000000004,
            -0.007784730801431294,
            -0.0026575227435799084,
            -0.0016366816176656962,
            0.011017538347408517,
            0.41182023323756506
        ],
        [
            0.008449345573334694,
            0.0998256306508227,
            -0.0006264710395777534,
            0.009620794931039473,
            0.0010915143448999229,
            0.09831227826720719,
            0.2823082838544104,
            -0.0015435931460890432,
            0.13044954895036073,
            0.001209471440107648,
            0.502116690162093,
            0.539365009281636,
            -0.07502031585913876,
            0.5050091587095635,
            -0.007784730801431294,
            0.9999999999999999,
            0.6848602514927513,
            0.0,
            0.0,
            0.0
        ],
        [
            0.0998256306508227,
            0.30012123686209097,
            -0.005257102832899959,
            0.08073399262128197,
            0.009159566511792663,
            0.2823082838544104,
            0.5752972288733592,
            -0.001989900903786387,
            0.16816715985850547,
            0.0015591727119752285,
            0.539365009281636,
            0.8617335798316273,
            -0.025610159260684186,
            0.17239816754357978,
            -0.002657522743579909,
            0.6848602514927513,
            1.0000000000000002,
            0.0,
            0.0,
            0.0
        ],
        [
            0.0006264710395777533,
            0.005257102832899957,
            0.0007218114879740733,
            0.0007050167465256742,
            7.998672643408086e-05,
            0.0015435931460890432,
            0.0019899009037863814,
            0.03705044294552204,
            0.002890764327755081,
            2.6801908650770243e-05,
            0.07502031585913874,
            0.025610159260684173,
            0.3962176067595536,
            0.10617441089431047,
            -0.0016366816176656956,
            0.0,
            0.0,
            1.0000000000000004,
            0.0,
            0.0
        ],
        [
            -0.00962079493103947,
            -0.08073399262128192,
            0.0007050167465256739,
            -0.010059311675168067,
            -0.0012283662669324976,
            -0.13044954895036068,
            -0.16816715985850525,
            0.002890764327755078,
            -0.20721476606110056,
            -0.002265037845859975,
            -0.5050091587095635,
            -0.17239816754357976,
            0.10617441089431053,
            -0.30273699279533384,
            0.011017538347408517,
            0.0,
            0.0,
            0.0,
            1.0000000000000004,
            0.0
        ],
        [
            -0.0010915143448999229,
            -0.009159566511792658,
            7.998672643408087e-05,
            -0.0012283662669324983,
            0.0006283569622849803,
            -0.0012094714401076477,
            -0.001559172711975228,
            2.680190865077028e-05,
            -0.0022650378458599803,
            0.037063648552071185,
            0.007784730801431294,
            0.0026575227435799084,
            -0.0016366816176657001,
            0.011017538347408542,
            0.41182023323756506,
            0.0,
            0.0,
            0.0,
            0.0,
            1.0000000000000004
        ]
    ],
    "h": [
        [
            -0.2558276753222626,
            -0.46234547351134136,
            0.044238526119993835,
            -0.259242289525189,
            -0.08651817867355954,
            -0.5673919778034113,
            -0.4555809777132107,
            -0.013929614514830768,
            0.02432994167596847,
            0.013771934663751484,
            -0.240201643630063,
            -0.3071915572631627,
            0.012808548583011996,
            0.30462039731578305,
            0.030524198509456313,
            -0.0006660078918740014,
            -0.11833574899084745,
            -0.0022152752723698984,
            0.05032961110753222,
            0.0029612456323048503
        ],
        [
            -0.46234547351134136,
            -0.3121087281136923,
            0.03686127086663732,
            -0.22522140179409014,
            -0.07364767151169545,
            -0.5332312915332593,
            -0.36627985774392013,
            -0.0486365200975131,
            0.09409038045173604,
            0.06105911263052963,
            -0.32595121577375985,
            -0.30716586932387135,
            0.024967925917007902,
            0.1908915622769014,
            0.01444428518198937,
            -0.11766648920829069,
            -0.18111525417792218,
            -0.010188954015232718,
            0.1044140626394564,
            0.0012879710857455276
        ],
        [
            0.044238526119993835,
            0.03686127086663732,
            1.473196677374684,
            0.03972451043262116,
            0.013452016394394507,
            0.007141753885048008,
            0.033026344139982546,
            0.332899088082683,
            0.15710316063616625,
            0.05237156085282248,
            0.020990837751491884,
            0.026493103531334536,
            -0.047567396479328866,
            -0.030177276312580027,
            -0.002551079552753593,
            0.0022450808936722586,
            0.011601181163099978,
            -0.0023826616546591467,
            -0.005138833543333606,
            -0.00032215374271882713
        ],
        [
            -0.259242289525189,
            -0.22522140179409014,
            0.03972451043262116,
            1.2413955744156517,
            -0.07810335310095197,
            -0.08110393424583817,
            -0.21714369060113325,
            0.1435704624472109,
            -0.5347380103001604,
            -0.2865765580976829,
            -0.23014517525119266,
            -0.17605260415687313,
            0.018655795892589252,
            0.18146560356295516,
            0.019674969211595936,
            -0.05120917305122881,
            -0.10477844895120986,
            -0.004908400345045445,
            0.0665805305105088,
            0.004517285381853808
        ],
        [
            -0.08651817867355954,
            -0.07364767151169545,
            0.013452016394394507,
            -0.07810335310095197,
            1.4543672007734034,
            -0.021181163935493075,
            -0.06840527701589626,
            0.049814806003762785,
            -0.29795172473431647,
            0.2626795378367565,
            -0.05766959829810537,
            -0.05479039516836984,
            0.00516093662842401,
            0.06718623539554476,
            -0.039615385922211366,
            -0.007728197922447869,
            -0.02634478366552449,
            -0.0007633241845584589,
            0.011696089029695954,
            -0.0020281281237672436
        ],
        [
            -0.5673919778034113,
            -0.5332312915332593,
            0.007141753885048008,
            -0.08110393424583817,
            -0.021181163935493075,
            -0.43622590898500313,
            -0.596048714445631,
            -0.07334104542008399,
            0.022806161256303664,
            0.07390860666462133,
            -0.5165483680723514,
            -0.5080890780507201,
            0.008360542689274969,
            0.06157530960714297,
            0.013001280277574911,
            -0.21662411523491182,
            -0.3128180329786996,
            -0.016258393844543993,
            0.2221168746453687,
            -6.18636449995478e-05
        ],
        [
            -0.4555809777132107,
            -0.36627985774392013,
            0.033026344139982546,
            -0.21714369060113325,
            -0.06840527701589626,
            -0.596048714445631,
            -0.43346300280833705,
            -0.05986639179958279,
            -0.008463928624600561,
            0.058294682048515616,
            -0.503078304392024,
            -0.4090583736002751,
            0.039392979496425104,
            0.13342967083600948,
            0.015789178282280165,
            -0.28979356461685746,
            -0.2985025298900016,
            -0.021692318990006523,
            0.17153238331753567,
            -0.0022362122649739373
        ],
        [
            -0.013929614514830768,
            -0.0486365200975131,
            0.332899088082683,
            0.1435704624472109,
            0.049814806003762785,
            -0.07334104542008399,
            -0.05986639179958279,
            1.3934053524660748,
            0.009722320100379059,
            0.012560013779849385,
            -0.01087809480944113,
            -0.043616278795502415,
            0.3453846688817013,
            -0.1140476689402374,
            -0.0026833717139046944,
            -0.012154032612998605,
            -0.025288999385442067,
            -0.04467449987469051,
            0.01766723529380866,
            -9.304695293752787e-05
        ],
        [
            0.02432994167596847,
            0.09409038045173604,
            0.15710316063616625,
            -0.5347380103001604,
            -0.29795172473431647,
            0.022806161256303664,
            -0.008463928624600561,
            0.009722320100379059,
            0.8929569785532117,
            -0.08774663473864097,
            -0.04745564711132577,
            -0.12647417970376806,
            -0.11760408261858699,
            -0.7514112891082976,
            -0.041575117394829324,
            -0.2894114332764246,
            -0.18658715358241035,
            -0.024172527525250447,
            0.2110223043212464,
            -0.0021633685706128588
        ],
        [
            0.013771934663751484,
            0.06105911263052963,
            0.05237156085282248,
            -0.2865765580976829,
            0.2626795378367565,
            0.07390860666462133,
            0.058294682048515616,
            0.012560013779849385,
            -0.08774663473864097,
            1.3789223001128341,
            0.011535112131683914,
            0.027414214708149635,
            -0.004608140810763495,
            -0.06414166178715913,
            0.35744403975008476,
            -0.012858079722413145,
            0.0010187818452840986,
            -0.0008235551884495122,
            0.005698043323223993,
            -0.04310364141196808
        ],
        [
            -0.240201643630063,
            -0.32595121577375985,
            0.020990837751491884,
            -0.23014517525119266,
            -0.05766959829810537,
            -0.5165483680723514,
            -0.503078304392024,
            -0.01087809480944113,
            -0.04745564711132577,
            0.011535112131683914,
            -0.41357949232733704,
            -0.5881199274221611,
            0.06463531951952317,
            -0.013760481443295516,
            0.011300744392441383,
            -0.5406157234812305,
            -0.5179196399905164,
            -0.0064436494106076825,
            0.08136491255531075,
            -0.0011143011501107414
        ],
        [
            -0.3071915572631627,
            -0.30716586932387135,
            0.026493103531334536,
            -0.17605260415687313,
            -0.05479039516836984,
            -0.5080890780507201,
            -0.4090583736002751,
            -0.043616278795502415,
            -0.12647417970376806,
            0.027414214708149635,
            -0.5881199274221611,
            -0.4346272443160326,
            0.053687946616654755,
            0.010643847157138425,
            0.012325946103653986,
            -0.4400916721229191,
            -0.36114914437886214,
            -0.026973147971193878,
            0.2124182287334377,
            -0.003223363995273619
        ],
        [
            0.012808548583011996,
            0.024967925917007902,
            -0.047567396479328866,
            0.018655795892589252,
            0.00516093662842401,
            0.008360542689274969,
            0.039392979496425104,
            0.3453846688817013,
            -0.11760408261858699,
            -0.004608140810763495,
            0.06463531951952317,
            0.053687946616654755,
            1.4031405316746455,
            0.004114600956652049,
            -0.0014639413734465132,
            0.012922895100109383,
            0.04203260520135865,
            0.29584730078369503,
            0.1319471683882963,
            -0.0021260304576061844
        ],
        [
            0.30462039731578305,
            0.1908915622769014,
            -0.030177276312580027,
            0.18146560356295516,
            0.06718623539554476,
            0.06157530960714297,
            0.13342967083600948,
            -0.1140476689402374,
            -0.7514112891082976,
            -0.06414166178715913,
            -0.013760481443295516,
            0.010643847157138425,
            0.004114600956652049,
            0.883932154242755,
            -0.01196424197327826,
            -0.03930255593885723,
            -0.1019693937536576,
            0.1432480953550809,
            -0.6658670438938937,
            0.013822067995703957
        ],
        [
            0.030524198509456313,
            0.01444428518198937,
            -0.002551079552753593,
            0.019674969211595936,
            -0.039615385922211366,
            0.013001280277574911,
            0.015789178282280165,
            -0.0026833717139046944,
            -0.041575117394829324,
            0.35744403975008476,
            0.011300744392441383,
            0.012325946103653986,
            -0.0014639413734465132,
            -0.01196424197327826,
            1.4113630079832957,
            -0.0020193356067328347,
            0.0049958501326895655,
            -0.002281167255543694,
            0.013533414113566653,
            0.31615755927443334
        ],
        [
            -0.0006660078918740014,
            -0.11766648920829069,
            0.0022450808936722586,
            -0.05120917305122881,
            -0.007728197922447869,
            -0.21662411523491182,
            -0.28979356461685746,
            -0.012154032612998605,
            -0.2894114332764246,
            -0.012858079722413145,
            -0.5406157234812305,
            -0.4400916721229191,
            0.012922895100109383,
            -0.03930255593885723,
            -0.0020193356067328347,
            -0.2299790543236344,
            -0.45041355403784045,
            -0.03576568221247804,
            0.25335529587171646,
            -0.004607059133339189
        ],
        [
            -0.11833574899084745,
            -0.18111525417792218,
            0.011601181163099978,
            -0.10477844895120986,
            -0.02634478366552449,
            -0.3128180329786996,
            -0.2985025298900016,
            -0.025288999385442067,
            -0.18658715358241035,
            0.0010187818452840986,
            -0.5179196399905164,
            -0.36114914437886214,
            0.04203260520135865,
            -0.1019693937536576,
            0.0049958501326895655,
            -0.45041355403784045,
            -0.30608613825264874,
            -0.03064942013562881,
            0.22485841524685507,
            -0.00391875127529023
        ],
        [
            -0.0022152752723698984,
            -0.010188954015232718,
            -0.0023826616546591467,
            -0.004908400345045445,
            -0.0007633241845584589,
            -0.016258393844543993,
            -0.021692318990006523,
            -0.04467449987469051,
            -0.024172527525250447,
            -0.0008235551884495122,
            -0.0064436494106076825,
            -0.026973147971193878,
            0.29584730078369503,
            0.1432480953550809,
            -0.002281167255543694,
            -0.03576568221247804,
            -0.03064942013562881,
            1.4878826360761028,
            0.033778499590971484,
            -0.0005472489442295322
        ],
        [
            0.05032961110753222,
            0.1044140626394564,
            -0.005138833543333606,
            0.0665805305105088,
            0.011696089029695954,
            0.2221168746453687,
            0.17153238331753567,
            0.01766723529380866,
            0.2110223043212464,
            0.005698043323223993,
            0.08136491255531075,
            0.2124182287334377,
            0.1319471683882963,
            -0.6658670438938937,
            0.013533414113566653,
            0.25335529587171646,
            0.22485841524685507,
            0.033778499590971484,
            1.2495458151917518,
            0.0037723128058676347
        ],
        [
            0.0029612456323048503,
            0.0012879710857455276,
            -0.00032215374271882713,
            0.004517285381853808,
            -0.0020281281237672436,
            -6.18636449995478e-05,
            -0.0022362122649739373,
            -9.304695293752787e-05,
            -0.0021633685706128588,
            -0.04310364141196808,
            -0.0011143011501107414,
            -0.003223363995273619,
            -0.0021260304576061844,
            0.013822067995703957,
            0.31615755927443334,
            -0.004607059133339189,
            -0.00391875127529023,
            -0.0005472489442295322,
            0.0037723128058676347,
            1.4928382103386757
        ]
    ]
}