{
    "HF": -2.1668702384465544,
    "coordinates": [
        [
            0.656522,
            -0.199314,
            0.178461
        ],
        [
            1.30603,
            0.048805,
            0.072562
        ],
        [
            2.141955,
            0.073412,
            -0.068068
        ],
        [
            2.815522,
            0.062572,
            -0.131928
        ]
    ],
    "elements": [
        "H",
        "H",
        "H",
        "H"
    ],
    "Enn": 3.0925181019021055,
    "S": [
        [
            0.9999999999999999,
            0.6848602514927513,
            0.0,
            0.0,
            0.0,
            0.6004428820381109,
            0.5760915348029239,
            0.08202638855163583,
            -0.5030906389616132,
            -0.19218600271053854,
            0.11612517159050673,
            0.30231142333782157,
            0.02472422508691218,
            -0.14897306135800334,
            -0.027351504330335213,
            0.014868224606951697,
            0.1272764250909609,
            0.0025580826278315196,
            -0.017793479773729904,
            -0.002158343327477086
        ],
        [
            0.6848602514927513,
            1.0000000000000002,
            0.0,
            0.0,
            0.0,
            0.5760915348029239,
            0.8978524741905586,
            0.023960888533877796,
            -0.14695878893910141,
            -0.05613982853603172,
            0.30231142333782157,
            0.6004373508265205,
            0.028004219094854548,
            -0.1687362995133516,
            -0.030980041523972036,
            0.12727642509096093,
            0.3494773604616976,
            0.013954578755168747,
            -0.0970650877847131,
            -0.011773963677437422
        ],
        [
            0.0,
            0.0,
            1.0000000000000004,
            0.0,
            0.0,
            -0.08202638855163578,
            -0.02396088853387782,
            0.5108760583326213,
            0.09396286272744277,
            0.03589481813475795,
            -0.024724225086912167,
            -0.028004219094854524,
            0.040300265273557845,
            0.045492376039237316,
            0.00835241559038815,
            -0.002558082627831519,
            -0.01395457875516874,
            0.0014263286232182267,
            0.003309159683493999,
            0.0004013999966982443
        ],
        [
            0.0,
            0.0,
            0.0,
            1.0000000000000004,
            0.0,
            0.5030906389616132,
            0.14695878893910141,
            0.09396286272744277,
            -0.050104123964537825,
            -0.22015289603367705,
            0.14897306135800334,
            0.1687362995133515,
            0.045492376039237316,
            -0.22625885887258923,
            -0.050326548794166356,
            0.0177934797737299,
            0.09706508778471312,
            0.003309159683493999,
            -0.021115741822730315,
            -0.0027920531747952066
        ],
        [
            0.0,
            0.0,
            0.0,
            0.0,
            1.0000000000000004,
            0.19218600271053857,
            0.05613982853603174,
            0.03589481813475796,
            -0.22015289603367708,
            0.44209546870015104,
            0.02735150433033521,
            0.03098004152397201,
            0.008352415590388147,
            -0.050326548794166336,
            0.038610408932773246,
            0.002158343327477086,
            0.011773963677437417,
            0.0004013999966982443,
            -0.0027920531747952066,
            0.0015633953797099362
        ],
        [
            0.6004428820381109,
            0.5760915348029239,
            -0.08202638855163583,
            0.5030906389616132,
            0.19218600271053854,
            0.9999999999999999,
            0.6848602514927513,
            0.0,
            0.0,
            0.0,
            0.48550348374200114,
            0.5326178964489529,
            0.08325571286274436,
            -0.49488396341313784,
            -0.014567825687360817,
            0.11822840881400025,
            0.3045434345611256,
            0.020961618561617837,
            -0.154733216909451,
            -0.0014112113195647346
        ],
        [
            0.5760915348029239,
            0.8978524741905586,
            -0.02396088853387782,
            0.14695878893910141,
            0.05613982853603174,
            0.6848602514927513,
            1.0000000000000002,
            0.0,
            0.0,
            0.0,
            0.5326178964489527,
            0.8549975798097447,
            0.0292626180670921,
            -0.1739412217004478,
            -0.00512028189416864,
            0.3045434345611256,
            0.6032029029797248,
            0.023412371600191304,
            -0.17282403849340316,
            -0.0015762048013097628
        ],
        [
            0.0820263885516358,
            0.023960888533877796,
            0.5108760583326213,
            0.09396286272744277,
            0.03589481813475795,
            0.0,
            0.0,
            1.0000000000000004,
            0.0,
            0.0,
            -0.08325571286274437,
            -0.02926261806709212,
            0.372980804430166,
            0.11999276814401869,
            0.0035322092839906315,
            -0.02096161856161784,
            -0.023412371600191304,
            0.0438398711684405,
            0.03941059339468276,
            0.00035943591570183724
        ],
        [
            -0.5030906389616132,
            -0.14695878893910141,
            0.09396286272744277,
            -0.050104123964537825,
            -0.22015289603367705,
            0.0,
            0.0,
            0.0,
            1.0000000000000004,
            0.0,
            0.49488396341313784,
            0.1739412217004478,
            0.11999276814401857,
            -0.3200867944745201,
            -0.020995961357604117,
            0.154733216909451,
            0.17282403849340297,
            0.03941059339468277,
            -0.24173995000916354,
            -0.0026532624542256232
        ],
        [
            -0.19218600271053857,
            -0.05613982853603174,
            0.03589481813475796,
            -0.22015289603367708,
            0.44209546870015104,
            0.0,
            0.0,
            0.0,
            0.0,
            1.0000000000000004,
            0.014567825687360819,
            0.00512028189416864,
            0.00353220928399063,
            -0.020995961357604124,
            0.3925494683210256,
            0.001411211319564735,
            0.0015762048013097628,
            0.00035943591570183724,
            -0.0026532624542256224,
            0.04915460273314661
        ],
        [
            0.11612517159050673,
            0.30231142333782157,
            -0.02472422508691218,
            0.14897306135800334,
            0.027351504330335213,
            0.48550348374200114,
            0.5326178964489529,
            -0.08325571286274436,
            0.49488396341313784,
            0.014567825687360819,
            0.9999999999999999,
            0.6848602514927513,
            0.0,
            0.0,
            0.0,
            0.6221517700894796,
            0.5835394711567279,
            0.0517287077505633,
            -0.545611501619538,
            0.008780757782901773
        ],
        [
            0.30231142333782157,
            0.6004373508265205,
            -0.02800421909485456,
            0.1687362995133516,
            0.030980041523972022,
            0.5326178964489527,
            0.8549975798097447,
            -0.0292626180670921,
            0.1739412217004478,
            0.00512028189416864,
            0.6848602514927513,
            1.0000000000000002,
            0.0,
            0.0,
            0.0,
            0.5835394711567279,
            0.9050690541487347,
            0.014648536447749789,
            -0.1545062754384818,
            0.0024865351564924494
        ],
        [
            0.024724225086912167,
            0.028004219094854524,
            0.040300265273557845,
            0.045492376039237316,
            0.00835241559038815,
            0.08325571286274437,
            0.02926261806709212,
            0.372980804430166,
            0.11999276814401862,
            0.0035322092839906315,
            0.0,
            0.0,
            1.0000000000000004,
            0.0,
            0.0,
            -0.0517287077505633,
            -0.014648536447749765,
            0.546063394604632,
            0.06163217518778645,
            -0.0009918727892482963
        ],
        [
            -0.14897306135800334,
            -0.1687362995133515,
            0.045492376039237316,
            -0.22625885887258923,
            -0.050326548794166356,
            -0.49488396341313784,
            -0.1739412217004478,
            0.11999276814401863,
            -0.3200867944745201,
            -0.020995961357604124,
            0.0,
            0.0,
            0.0,
            1.0000000000000004,
            0.0,
            0.5456115016195379,
            0.15450627543848253,
            0.061632175187786555,
            -0.09816223051106646,
            0.010461834936354646
        ],
        [
            -0.02735150433033521,
            -0.030980041523972005,
            0.008352415590388147,
            -0.050326548794166336,
            0.038610408932773246,
            -0.014567825687360817,
            -0.00512028189416864,
            0.00353220928399063,
            -0.020995961357604117,
            0.3925494683210256,
            0.0,
            0.0,
            0.0,
            0.0,
            1.0000000000000004,
            -0.008780757782901773,
            -0.0024865351564924494,
            -0.0009918727892482939,
            0.010461834936354605,
            0.5517382931919766
        ],
        [
            0.014868224606951697,
            0.1272764250909609,
            -0.0025580826278315196,
            0.017793479773729904,
            0.002158343327477086,
            0.11822840881400025,
            0.3045434345611256,
            -0.020961618561617837,
            0.15473321690945094,
            0.0014112113195647346,
            0.6221517700894796,
            0.5835394711567279,
            -0.0517287077505633,
            0.545611501619538,
            -0.008780757782901775,
            0.9999999999999999,
            0.6848602514927513,
            0.0,
            0.0,
            0.0
        ],
        [
            0.12727642509096093,
            0.3494773604616976,
            -0.013954578755168747,
            0.09706508778471316,
            0.011773963677437422,
            0.3045434345611256,
            0.6032029029797248,
            -0.023412371600191304,
            0.17282403849340297,
            0.0015762048013097628,
            0.5835394711567279,
            0.9050690541487347,
            -0.014648536447749766,
            0.15450627543848255,
            -0.0024865351564924494,
            0.6848602514927513,
            1.0000000000000002,
            0.0,
            0.0,
            0.0
        ],
        [
            0.002558082627831519,
            0.013954578755168744,
            0.0014263286232182267,
            0.003309159683493999,
            0.0004013999966982443,
            0.02096161856161784,
            0.023412371600191304,
            0.0438398711684405,
            0.03941059339468277,
            0.00035943591570183724,
            0.0517287077505633,
            0.014648536447749765,
            0.546063394604632,
            0.06163217518778656,
            -0.000991872789248294,
            0.0,
            0.0,
            1.0000000000000004,
            0.0,
            0.0
        ],
        [
            -0.0177934797737299,
            -0.09706508778471304,
            0.003309159683493999,
            -0.021115741822730315,
            -0.0027920531747952066,
            -0.15473321690945105,
            -0.17282403849340316,
            0.03941059339468276,
            -0.24173995000916348,
            -0.0026532624542256224,
            -0.545611501619538,
            -0.15450627543848178,
            0.061632175187786443,
            -0.09816223051106646,
            0.010461834936354605,
            0.0,
            0.0,
            0.0,
            1.0000000000000004,
            0.0
        ],
        [
            -0.002158343327477086,
            -0.011773963677437417,
            0.0004013999966982443,
            -0.0027920531747952066,
            0.0015633953797099362,
            -0.001411211319564735,
            -0.0015762048013097628,
            0.00035943591570183724,
            -0.0026532624542256232,
            0.04915460273314661,
            0.008780757782901773,
            0.0024865351564924494,
            -0.0009918727892482963,
            0.010461834936354646,
            0.5517382931919766,
            0.0,
            0.0,
            0.0,
            0.0,
            1.0000000000000004
        ]
    ],
    "h": [
        [
            -0.3063651041450288,
            -0.48326983671815615,
            0.049089929766596915,
            -0.29926775453589144,
            -0.112740574262836,
            -0.6123498575873295,
            -0.48160185955081247,
            0.0005239338933779314,
            0.001787229169208926,
            0.006567705036589266,
            -0.23449769821027147,
            -0.3168379430603944,
            -0.04891497445564688,
            0.30025965063785975,
            0.029141449324961544,
            -0.021994874672270674,
            -0.152737051062926,
            -0.009995368457725841,
            0.0725280807556888,
            0.004938547206237883
        ],
        [
            -0.48326983671815615,
            -0.31285920180382987,
            0.03962286609270933,
            -0.24139272510301335,
            -0.0887571392077359,
            -0.5488486810493991,
            -0.3643297017248148,
            -0.017866016118893182,
            0.11364580423480755,
            0.07543432466750599,
            -0.32045029813185166,
            -0.3054754895784233,
            -0.02985312024981985,
            0.16146383109034682,
            0.012594710275314738,
            -0.1539287174399818,
            -0.20411070993249242,
            -0.01410313705550064,
            0.12460988491405534,
            0.0013219326026814929
        ],
        [
            0.049089929766596915,
            0.03962286609270933,
            1.4711553139164708,
            0.043962036762083864,
            0.016226916121782516,
            0.008933599741680731,
            0.0379432594628754,
            0.46598108445105446,
            0.14341018433910435,
            0.05180029376776915,
            0.03628533756094961,
            0.029207374625663765,
            -0.03882417295578014,
            -0.034729520390705315,
            -0.00266448608158237,
            0.010952051335242945,
            0.018822280058868098,
            -0.0040255049694400535,
            -0.015295017567922,
            -0.0011591386446729453
        ],
        [
            -0.29926775453589144,
            -0.24139272510301335,
            0.043962036762083864,
            1.2096831125136185,
            -0.09927485244710955,
            -0.05275850814405336,
            -0.23115384748708134,
            0.14395515237206516,
            -0.3908295018690723,
            -0.3181063632903981,
            -0.22113372878185936,
            -0.1785016651615215,
            -0.03567002264097907,
            0.16625387787792995,
            0.016212572666577954,
            -0.07126018329998282,
            -0.11691160118461325,
            -0.013609021767305017,
            0.0951943481811213,
            0.007880858901516328
        ],
        [
            -0.112740574262836,
            -0.0887571392077359,
            0.016226916121782516,
            -0.09927485244710955,
            1.4409781689021814,
            -0.012869120612107432,
            -0.08192920045189034,
            0.05391965181919314,
            -0.32980108342354214,
            0.36721704342397,
            -0.05883935482416779,
            -0.0620237630739104,
            -0.011726564403890721,
            0.0702302821044396,
            -0.03926124734442818,
            -0.011460618306427372,
            -0.033631140252960684,
            -0.0023570006302807683,
            0.017584760076313856,
            -0.00490613100222763
        ],
        [
            -0.6123498575873295,
            -0.5488486810493991,
            0.008933599741680731,
            -0.05275850814405336,
            -0.012869120612107432,
            -0.4431920672864693,
            -0.5933653228754632,
            -0.015671982923925472,
            0.10287986765012748,
            0.10212322142868072,
            -0.47300775659545347,
            -0.48387001718630807,
            -0.013712560174391708,
            0.06481646639335403,
            0.013545028105112385,
            -0.2401951327592135,
            -0.3217406633759139,
            -0.027739075169062495,
            0.23524001125691138,
            0.0002696312755964044
        ],
        [
            -0.48160185955081247,
            -0.3643297017248148,
            0.0379432594628754,
            -0.23115384748708134,
            -0.08192920045189034,
            -0.5933653228754632,
            -0.4233001513370642,
            -0.004550162612588206,
            0.03102974777940394,
            0.07515719112571007,
            -0.4868267541697424,
            -0.39530726807141714,
            -0.02397958268536876,
            0.09183333959440038,
            0.014192809819253478,
            -0.3219472799307852,
            -0.30634051629665726,
            -0.019842599093473696,
            0.19472549918490178,
            -0.002319030625635614
        ],
        [
            0.0005239338933779314,
            -0.017866016118893182,
            0.46598108445105446,
            0.14395515237206516,
            0.05391965181919314,
            -0.015671982923925472,
            -0.004550162612588206,
            1.4006623745119813,
            0.08292203706916326,
            0.017403982749756887,
            0.010151940512132418,
            0.016408351074026502,
            0.2558043896275759,
            0.18072075658024112,
            0.005709930011334945,
            0.04705818455270801,
            0.02672594713650646,
            -0.041525759786460226,
            -0.0361524670276587,
            0.0004915526449713214
        ],
        [
            0.001787229169208926,
            0.11364580423480755,
            0.14341018433910435,
            -0.3908295018690723,
            -0.32980108342354214,
            0.10287986765012748,
            0.03102974777940394,
            0.08292203706916326,
            0.9063237498726382,
            -0.10715801046130265,
            -0.07235326274709153,
            -0.10227994531070728,
            0.1759531869777864,
            -0.8004779659803642,
            -0.03420167864159394,
            -0.3078598539364732,
            -0.16572010898220996,
            -0.02373969131003134,
            0.1822747462172568,
            -0.0031559278103633114
        ],
        [
            0.006567705036589266,
            0.07543432466750599,
            0.05180029376776915,
            -0.3181063632903981,
            0.36721704342397,
            0.10212322142868072,
            0.07515719112571007,
            0.017403982749756887,
            -0.10715801046130265,
            1.3768819602044724,
            0.011954062320084247,
            0.035586750686651764,
            0.009639620543109627,
            -0.0600604139519234,
            0.2812282684694777,
            -0.011978841131383955,
            0.008263856994070933,
            -0.0002817383817288453,
            0.003956226868335844,
            -0.04558233829054008
        ],
        [
            -0.23449769821027147,
            -0.32045029813185166,
            0.03628533756094961,
            -0.22113372878185936,
            -0.05883935482416779,
            -0.47300775659545347,
            -0.4868267541697424,
            0.010151940512132418,
            -0.07235326274709153,
            0.011954062320084247,
            -0.46249861682978133,
            -0.6007232038953931,
            -0.0001102217029222835,
            -0.13774955951556797,
            0.009550528994009237,
            -0.6278369816774458,
            -0.5570431942211447,
            -0.006482387751303317,
            0.05088234514787193,
            -0.0008331602193349212
        ],
        [
            -0.3168379430603944,
            -0.3054754895784233,
            0.029207374625663765,
            -0.1785016651615215,
            -0.0620237630739104,
            -0.48387001718630807,
            -0.39530726807141714,
            0.016408351074026502,
            -0.10227994531070728,
            0.035586750686651764,
            -0.6007232038953931,
            -0.42430412966899045,
            -0.008278146674213525,
            -0.051406709026490624,
            0.010918934337245464,
            -0.48926347691717753,
            -0.3642786790720536,
            -0.02545931199767114,
            0.25334885690672004,
            -0.003913344160054369
        ],
        [
            -0.04891497445564688,
            -0.02985312024981985,
            -0.03882417295578014,
            -0.03567002264097907,
            -0.011726564403890721,
            -0.013712560174391708,
            -0.02397958268536876,
            0.2558043896275759,
            0.1759531869777864,
            0.009639620543109627,
            -0.0001102217029222835,
            -0.008278146674213525,
            1.4003274444986262,
            0.07088453331143652,
            0.0014747055495002957,
            -0.001978232565747501,
            0.005655173266441984,
            0.520509174232101,
            0.09944930988547032,
            -0.0013177451212558959
        ],
        [
            0.30025965063785975,
            0.16146383109034682,
            -0.034729520390705315,
            0.16625387787792995,
            0.0702302821044396,
            0.06481646639335403,
            0.09183333959440038,
            0.18072075658024112,
            -0.8004779659803642,
            -0.0600604139519234,
            -0.13774955951556797,
            -0.051406709026490624,
            0.07088453331143652,
            0.8504255599421622,
            -0.007404505772309382,
            0.004758953506365904,
            -0.13197530078235195,
            0.0967081254840258,
            -0.4756237327053255,
            0.014359483329912767
        ],
        [
            0.029141449324961544,
            0.012594710275314738,
            -0.00266448608158237,
            0.016212572666577954,
            -0.03926124734442818,
            0.013545028105112385,
            0.014192809819253478,
            0.005709930011334945,
            -0.03420167864159394,
            0.2812282684694777,
            0.009550528994009237,
            0.010918934337245464,
            0.0014747055495002957,
            -0.007404505772309382,
            1.4090556802818717,
            -0.002488432488705096,
            0.005530509862409931,
            -0.001279636826031185,
            0.014471186927415482,
            0.5298714004506124
        ],
        [
            -0.021994874672270674,
            -0.1539287174399818,
            0.010952051335242945,
            -0.07126018329998282,
            -0.011460618306427372,
            -0.2401951327592135,
            -0.3219472799307852,
            0.04705818455270801,
            -0.3078598539364732,
            -0.011978841131383955,
            -0.6278369816774458,
            -0.48926347691717753,
            -0.001978232565747501,
            0.004758953506365904,
            -0.002488432488705096,
            -0.32541564945921464,
            -0.49023813801283,
            -0.032242991387813995,
            0.3357901529741474,
            -0.006408984915151601
        ],
        [
            -0.152737051062926,
            -0.20411070993249242,
            0.018822280058868098,
            -0.11691160118461325,
            -0.033631140252960684,
            -0.3217406633759139,
            -0.30634051629665726,
            0.02672594713650646,
            -0.16572010898220996,
            0.008263856994070933,
            -0.5570431942211447,
            -0.3642786790720536,
            0.005655173266441984,
            -0.13197530078235195,
            0.005530509862409931,
            -0.49023813801283,
            -0.3134158466788224,
            -0.025888678867355797,
            0.2644780611393697,
            -0.004724108180472397
        ],
        [
            -0.009995368457725841,
            -0.01410313705550064,
            -0.0040255049694400535,
            -0.013609021767305017,
            -0.0023570006302807683,
            -0.027739075169062495,
            -0.019842599093473696,
            -0.041525759786460226,
            -0.02373969131003134,
            -0.0002817383817288453,
            -0.006482387751303317,
            -0.02545931199767114,
            0.520509174232101,
            0.0967081254840258,
            -0.001279636826031185,
            -0.032242991387813995,
            -0.025888678867355797,
            1.4704338670045034,
            0.031272469095911894,
            -0.000493808570192737
        ],
        [
            0.0725280807556888,
            0.12460988491405534,
            -0.015295017567922,
            0.0951943481811213,
            0.017584760076313856,
            0.23524001125691138,
            0.19472549918490178,
            -0.0361524670276587,
            0.1822747462172568,
            0.003956226868335844,
            0.05088234514787193,
            0.25334885690672004,
            0.09944930988547032,
            -0.4756237327053255,
            0.014471186927415482,
            0.3357901529741474,
            0.2644780611393697,
            0.031272469095911894,
            1.1518987664335254,
            0.0052101229658148285
        ],
        [
            0.004938547206237883,
            0.0013219326026814929,
            -0.0011591386446729453,
            0.007880858901516328,
            -0.00490613100222763,
            0.0002696312755964044,
            -0.002319030625635614,
            0.0004915526449713214,
            -0.0031559278103633114,
            -0.04558233829054008,
            -0.0008331602193349212,
            -0.003913344160054369,
            -0.0013177451212558959,
            0.014359483329912767,
            0.5298714004506124,
            -0.006408984915151601,
            -0.004724108180472397,
            -0.000493808570192737,
            0.0052101229658148285,
            1.4734004684106417
        ]
    ]
}