{
    "HF": -2.1743390281718327,
    "coordinates": [
        [
            0.687183,
            -0.115695,
            -0.136883
        ],
        [
            1.463229,
            -0.115696,
            0.138689
        ],
        [
            2.292901,
            -0.076512,
            0.062419
        ],
        [
            3.087773,
            -0.06962,
            0.03066
        ]
    ],
    "elements": [
        "H",
        "H",
        "H",
        "H"
    ],
    "Enn": 2.813902188100702,
    "S": [
        [
            0.9999999999999999,
            0.6848602514927513,
            0.0,
            0.0,
            0.0,
            0.504444936595995,
            0.5402969882641723,
            -0.17124491449727483,
            -0.4822475829037496,
            6.214162342029962e-07,
            0.09176655742633404,
            0.2743937256935879,
            -0.015010165581348878,
            -0.12093251977878977,
            -0.00295101563443414,
            0.006809590133020251,
            0.09095451603496961,
            -0.0005307993998913434,
            -0.007605401188859932,
            -0.00014597197346349092
        ],
        [
            0.6848602514927513,
            1.0000000000000002,
            0.0,
            0.0,
            0.0,
            0.5402969882641723,
            0.8626614974405679,
            -0.05822473681252215,
            -0.16396830630256526,
            2.1128683905527862e-07,
            0.2743937256935879,
            0.5651649798533948,
            -0.020409791458489226,
            -0.1644357282974704,
            -0.004012588226500405,
            0.09095451603496965,
            0.28310893249106944,
            -0.005251612154525999,
            -0.07524616141547885,
            -0.0014442145002762595
        ],
        [
            0.0,
            0.0,
            1.0000000000000004,
            0.0,
            0.0,
            0.1712449144972748,
            0.058224736812522146,
            0.33289328282276764,
            -0.230211321845431,
            2.9664648982243037e-07,
            0.015010165581348878,
            0.02040979145848923,
            0.029918588982470174,
            -0.02771540881604933,
            -0.0006763160552720099,
            0.0005307993998913432,
            0.005251612154525995,
            0.000502713051693867,
            -0.0005661855450788724,
            -1.0866911463227393e-05
        ],
        [
            0.0,
            0.0,
            0.0,
            1.0000000000000004,
            0.0,
            0.4822475829037494,
            0.1639683063025654,
            -0.23021132184543106,
            -0.2336637789828421,
            8.353944589462563e-07,
            0.12093251977878976,
            0.16443572829747025,
            -0.02771540881604932,
            -0.18993632306459757,
            -0.005448880912581213,
            0.00760540118885993,
            0.07524616141547875,
            -0.0005661855450788724,
            -0.007570192521689979,
            -0.0001557033059543463
        ],
        [
            0.0,
            0.0,
            0.0,
            0.0,
            1.0000000000000004,
            -6.214162342029962e-07,
            -2.112868390552786e-07,
            2.9664648982243037e-07,
            8.353944589462561e-07,
            0.41464074931670464,
            0.00295101563443414,
            0.004012588226500405,
            -0.0006763160552720097,
            -0.005448880912581213,
            0.03322566588330743,
            0.00014597197346349078,
            0.0014442145002762593,
            -1.0866911463227397e-05,
            -0.0001557033059543464,
            0.000539240070034068
        ],
        [
            0.504444936595995,
            0.5402969882641723,
            0.17124491449727483,
            0.4822475829037496,
            -6.214162342029962e-07,
            0.9999999999999999,
            0.6848602514927513,
            0.0,
            0.0,
            0.0,
            0.49624310908524544,
            0.5369991644125214,
            0.046421760163166445,
            -0.5049801310881687,
            -0.02384935427079471,
            0.08922162590340357,
            0.27122242855174505,
            0.007862745777027868,
            -0.11824025470564345,
            -0.003353579820440215
        ],
        [
            0.5402969882641723,
            0.8626614974405679,
            0.05822473681252215,
            0.16396830630256543,
            -2.1128683905527862e-07,
            0.6848602514927513,
            1.0000000000000002,
            0.0,
            0.0,
            0.0,
            0.5369991644125214,
            0.8593753009237376,
            0.016009857695488287,
            -0.17415668878892265,
            -0.008225124740265011,
            0.27122242855174505,
            0.5610741008924804,
            0.010926069725995963,
            -0.16430663078384844,
            -0.004660133748298972
        ],
        [
            -0.1712449144972748,
            -0.058224736812522146,
            0.33289328282276764,
            -0.23021132184543106,
            2.9664648982243037e-07,
            0.0,
            0.0,
            1.0000000000000004,
            0.0,
            0.0,
            -0.04642176016316642,
            -0.016009857695488277,
            0.39919565463290424,
            0.06658661749588662,
            0.0031447728981559217,
            -0.007862745777027867,
            -0.010926069725995961,
            0.030977453622409067,
            0.014554971820763415,
            0.0004128142307093529
        ],
        [
            -0.4822475829037496,
            -0.16396830630256523,
            -0.230211321845431,
            -0.23366377898284196,
            8.353944589462561e-07,
            0.0,
            0.0,
            0.0,
            1.0000000000000004,
            0.0,
            0.5049801310881687,
            0.17415668878892301,
            0.06658661749588667,
            -0.3190184618305079,
            -0.03420912573697157,
            0.11824025470564345,
            0.1643066307838484,
            0.01455497182076341,
            -0.18693286063291395,
            -0.0062079152969433645
        ],
        [
            6.214162342029962e-07,
            2.112868390552786e-07,
            2.9664648982243037e-07,
            8.353944589462563e-07,
            0.41464074931670464,
            0.0,
            0.0,
            0.0,
            0.0,
            1.0000000000000004,
            0.02384935427079471,
            0.008225124740265011,
            0.003144772898155924,
            -0.03420912573697157,
            0.40370118324364895,
            0.003353579820440215,
            0.004660133748298971,
            0.0004128142307093527,
            -0.0062079152969433645,
            0.031769259289478276
        ],
        [
            0.09176655742633404,
            0.2743937256935879,
            0.015010165581348878,
            0.1209325197787898,
            0.00295101563443414,
            0.49624310908524544,
            0.5369991644125214,
            -0.04642176016316645,
            0.5049801310881687,
            0.02384935427079471,
            0.9999999999999999,
            0.6848602514927513,
            0.0,
            0.0,
            0.0,
            0.5263811292530848,
            0.5489199074601587,
            0.020828365389823383,
            -0.5212974103132872,
            -0.004519950069796365
        ],
        [
            0.2743937256935879,
            0.5651649798533948,
            0.02040979145848923,
            0.16443572829747033,
            0.004012588226500405,
            0.5369991644125214,
            0.8593753009237376,
            -0.016009857695488277,
            0.17415668878892265,
            0.008225124740265011,
            0.6848602514927513,
            1.0000000000000002,
            0.0,
            0.0,
            0.0,
            0.5489199074601586,
            0.8712181539738493,
            0.006824649327621738,
            -0.17080898832914573,
            -0.0014810127260294372
        ],
        [
            -0.015010165581348878,
            -0.020409791458489236,
            0.029918588982470174,
            -0.027715408816049336,
            -0.0006763160552720099,
            0.046421760163166424,
            0.016009857695488267,
            0.39919565463290424,
            0.06658661749588661,
            0.0031447728981559213,
            0.0,
            0.0,
            1.0000000000000004,
            0.0,
            0.0,
            -0.020828365389823387,
            -0.006824649327621727,
            0.43860803890870076,
            0.0288211613397122,
            0.0002498961391938533
        ],
        [
            -0.12093251977878977,
            -0.16443572829747025,
            -0.027715408816049315,
            -0.18993632306459757,
            -0.0054488809125812126,
            -0.5049801310881687,
            -0.17415668878892265,
            0.06658661749588668,
            -0.3190184618305079,
            -0.03420912573697157,
            0.0,
            0.0,
            0.0,
            1.0000000000000004,
            0.0,
            0.5212974103132872,
            0.1708089883291457,
            0.028821161339712225,
            -0.2815834728943224,
            -0.006254461536990981
        ],
        [
            -0.00295101563443414,
            -0.004012588226500405,
            -0.0006763160552720097,
            -0.005448880912581214,
            0.03322566588330743,
            -0.02384935427079471,
            -0.008225124740265011,
            0.0031447728981559243,
            -0.03420912573697157,
            0.40370118324364895,
            0.0,
            0.0,
            0.0,
            0.0,
            1.0000000000000004,
            0.004519950069796364,
            0.001481012726029437,
            0.0002498961391938532,
            -0.006254461536990974,
            0.4397053545948426
        ],
        [
            0.006809590133020251,
            0.09095451603496961,
            0.0005307993998913434,
            0.0076054011888599315,
            0.00014597197346349092,
            0.08922162590340357,
            0.27122242855174505,
            -0.007862745777027868,
            0.11824025470564345,
            0.003353579820440215,
            0.5263811292530848,
            0.5489199074601587,
            -0.020828365389823387,
            0.5212974103132872,
            0.004519950069796365,
            0.9999999999999999,
            0.6848602514927513,
            0.0,
            0.0,
            0.0
        ],
        [
            0.09095451603496965,
            0.28310893249106944,
            0.005251612154525999,
            0.07524616141547882,
            0.0014442145002762595,
            0.27122242855174505,
            0.5610741008924804,
            -0.010926069725995963,
            0.1643066307838486,
            0.004660133748298972,
            0.5489199074601586,
            0.8712181539738493,
            -0.006824649327621728,
            0.17080898832914573,
            0.0014810127260294372,
            0.6848602514927513,
            1.0000000000000002,
            0.0,
            0.0,
            0.0
        ],
        [
            -0.0005307993998913432,
            -0.005251612154525996,
            0.000502713051693867,
            -0.0005661855450788724,
            -1.0866911463227393e-05,
            0.007862745777027868,
            0.010926069725995956,
            0.030977453622409067,
            0.01455497182076341,
            0.0004128142307093527,
            0.020828365389823383,
            0.006824649327621727,
            0.43860803890870076,
            0.028821161339712225,
            0.0002498961391938532,
            0.0,
            0.0,
            1.0000000000000004,
            0.0,
            0.0
        ],
        [
            -0.007605401188859929,
            -0.07524616141547873,
            -0.0005661855450788724,
            -0.007570192521689979,
            -0.0001557033059543463,
            -0.11824025470564345,
            -0.1643066307838484,
            0.014554971820763415,
            -0.18693286063291395,
            -0.0062079152969433645,
            -0.5212974103132872,
            -0.1708089883291457,
            0.0288211613397122,
            -0.2815834728943224,
            -0.006254461536990974,
            0.0,
            0.0,
            0.0,
            1.0000000000000004,
            0.0
        ],
        [
            -0.00014597197346349078,
            -0.0014442145002762593,
            -1.0866911463227397e-05,
            -0.0001557033059543464,
            0.000539240070034068,
            -0.003353579820440215,
            -0.004660133748298971,
            0.0004128142307093529,
            -0.0062079152969433645,
            0.031769259289478276,
            -0.004519950069796364,
            -0.001481012726029437,
            0.0002498961391938533,
            -0.006254461536990981,
            0.4397053545948426,
            0.0,
            0.0,
            0.0,
            0.0,
            1.0000000000000004
        ]
    ],
    "h": [
        [
            -0.2330861633108705,
            -0.45204577799649925,
            -0.08464429029373928,
            -0.24316352984110884,
            -0.0002771626682810185,
            -0.5437382218851388,
            -0.444486407148723,
            0.019042185280927548,
            0.035500891865440254,
            -0.0010018617541031078,
            -0.2037281969787479,
            -0.28569770434736946,
            0.0037115850364774355,
            0.2748599746266694,
            0.009263844226339281,
            0.0031402370803966587,
            -0.10880016883671605,
            -3.097505364839685e-06,
            0.04211247654806673,
            0.0010085166432264806
        ],
        [
            -0.45204577799649925,
            -0.30685772185027216,
            -0.07322045519270887,
            -0.21512623288583313,
            -0.0004236205365008548,
            -0.5135915096630889,
            -0.3608245125508591,
            0.07349859643411505,
            0.10059348507374172,
            -0.004139987795167751,
            -0.29725393676643586,
            -0.2937443555647552,
            -0.008813090694432667,
            0.17303681159451753,
            0.008157042976291811,
            -0.11022270010931581,
            -0.17225436870368038,
            -0.0027126373995715273,
            0.09951412695699738,
            0.0015726985946503587
        ],
        [
            -0.08464429029373928,
            -0.07322045519270887,
            1.4619329822738982,
            -0.07601284192167564,
            -4.27609161933821e-05,
            -0.019461158572428694,
            -0.06611710822892108,
            0.21223281910051173,
            -0.3116467521225745,
            -0.000372854331237067,
            -0.0448115920037028,
            -0.05115580596191572,
            -0.04113563671490598,
            0.06194143622832756,
            0.002304185688747944,
            -0.004038386864206076,
            -0.022368254401261174,
            -0.001924810835355425,
            0.0076244430188467625,
            0.0001632604511995592
        ],
        [
            -0.24316352984110884,
            -0.21512623288583313,
            -0.07601284192167564,
            1.2658871582552944,
            -0.00036669143784017985,
            -0.07520165051588756,
            -0.2033786382784296,
            -0.29785872002979386,
            -0.572237328066948,
            -0.002084417965684729,
            -0.203566874303657,
            -0.1606401102903552,
            0.0026321469468478034,
            0.20067909717725085,
            0.008823255170519385,
            -0.04198533758220413,
            -0.0943157767589835,
            0.0010081398470046723,
            0.054926636649445776,
            0.0010923029450455308
        ],
        [
            -0.0002771626682810185,
            -0.0004236205365008548,
            -4.27609161933821e-05,
            -0.00036669143784017985,
            1.4886006379205903,
            -0.000850422343805851,
            -0.0007192061766468226,
            0.00020430516650657372,
            -0.00046763122299608604,
            0.3197139814004135,
            -0.002874511607869055,
            -0.0006488362481942732,
            0.00012023491975152395,
            0.002579427448186025,
            -0.040851340839282935,
            -0.0009247267211635945,
            -0.0009829712758618798,
            2.560056473508899e-05,
            0.0009641856740216669,
            -0.0018680714489650563
        ],
        [
            -0.5437382218851388,
            -0.5135915096630889,
            -0.019461158572428694,
            -0.07520165051588756,
            -0.000850422343805851,
            -0.3885935754220342,
            -0.5734329800048266,
            0.09895985902304895,
            0.03728447884190615,
            -0.009169639217614947,
            -0.47539351014155096,
            -0.47827575094574337,
            0.0036604321098865633,
            0.05849167427623614,
            0.002892955025716973,
            -0.20384938787217424,
            -0.2952155413019695,
            -0.011272179040208795,
            0.21174627300545146,
            0.0041737843391597106
        ],
        [
            -0.444486407148723,
            -0.3608245125508591,
            -0.06611710822892108,
            -0.2033786382784296,
            -0.0007192061766468226,
            -0.5734329800048266,
            -0.42606532724415325,
            0.0834342743486356,
            0.004023572541182283,
            -0.008543200142330006,
            -0.48048690741658073,
            -0.3980604514720403,
            -0.008297316521023963,
            0.11119604080508527,
            0.00839265608175253,
            -0.28713624744419075,
            -0.29243108698480746,
            -0.007914788673664658,
            0.1726577643722518,
            0.002048225212596653
        ],
        [
            0.019042185280927548,
            0.07349859643411505,
            0.21223281910051173,
            -0.29785872002979386,
            0.00020430516650657372,
            0.09895985902304895,
            0.0834342743486356,
            1.3925762110263697,
            -0.056064829940103755,
            0.0009052521610214172,
            0.01814898073941057,
            0.05196273998024646,
            0.2908460205571923,
            0.06625588314552924,
            0.003384170180911472,
            0.013747812647641033,
            0.024151648485844657,
            -0.03985750431021803,
            -0.021161579769065998,
            -0.0004030714088733375
        ],
        [
            0.035500891865440254,
            0.10059348507374172,
            -0.3116467521225745,
            -0.572237328066948,
            -0.00046763122299608604,
            0.03728447884190615,
            0.004023572541182283,
            -0.056064829940103755,
            0.9524130781762432,
            -0.011209728529782102,
            -0.059790691893851,
            -0.11608068531840388,
            0.08802248000409965,
            -0.7867878367458615,
            -0.047536505453134315,
            -0.2771208107332144,
            -0.17460690654501831,
            -0.014181595459905466,
            0.2206934751253396,
            0.00455623938310442
        ],
        [
            -0.0010018617541031078,
            -0.004139987795167751,
            -0.000372854331237067,
            -0.002084417965684729,
            0.3197139814004135,
            -0.009169639217614947,
            -0.008543200142330006,
            0.0009052521610214172,
            -0.011209728529782102,
            1.4203381111693036,
            -0.0033618415878109154,
            -0.009328737195620555,
            0.004214094972275672,
            -0.04712772316187801,
            0.29744499505174216,
            -0.009738538322317549,
            -0.008492449379422909,
            -0.000530109578885557,
            0.010019590408206044,
            -0.04078880058649899
        ],
        [
            -0.2037281969787479,
            -0.29725393676643586,
            -0.0448115920037028,
            -0.203566874303657,
            -0.002874511607869055,
            -0.47539351014155096,
            -0.48048690741658073,
            0.01814898073941057,
            -0.059790691893851,
            -0.0033618415878109154,
            -0.4040816547337649,
            -0.5813621789809716,
            -0.008754704619306365,
            -0.06318383813908414,
            0.00702421361846552,
            -0.5571845429397335,
            -0.5211657548554821,
            -0.004751507435283506,
            0.07035489466612743,
            0.0013446708208608993
        ],
        [
            -0.28569770434736946,
            -0.2937443555647552,
            -0.05115580596191572,
            -0.1606401102903552,
            -0.0006488362481942732,
            -0.47827575094574337,
            -0.3980604514720403,
            0.05196273998024646,
            -0.11608068531840388,
            -0.009328737195620555,
            -0.5813621789809716,
            -0.42929510511506175,
            -0.006946506137689193,
            -0.01986889623534141,
            0.006797036312103927,
            -0.4510634760068062,
            -0.3603713243094372,
            -0.010464259892540677,
            0.22081595176133118,
            0.00252859894726473
        ],
        [
            0.0037115850364774355,
            -0.008813090694432667,
            -0.04113563671490598,
            0.0026321469468478034,
            0.00012023491975152395,
            0.0036604321098865633,
            -0.008297316521023963,
            0.2908460205571923,
            0.08802248000409965,
            0.004214094972275672,
            -0.008754704619306365,
            -0.006946506137689193,
            1.4161724477148099,
            0.027252823792328185,
            0.0009624910872100048,
            -0.0037721587335610637,
            -0.0015380758687227446,
            0.3549975959288316,
            0.04395461880546379,
            0.0004232189864881367
        ],
        [
            0.2748599746266694,
            0.17303681159451753,
            0.06194143622832756,
            0.20067909717725085,
            0.002579427448186025,
            0.05849167427623614,
            0.11119604080508527,
            0.06625588314552924,
            -0.7867878367458615,
            -0.04712772316187801,
            -0.06318383813908414,
            -0.01986889623534141,
            0.027252823792328185,
            0.9059484966136298,
            -0.013456963967595268,
            -0.030842140961695796,
            -0.1179679814806992,
            0.04014770484093759,
            -0.6566275652122935,
            -0.009132554557632046
        ],
        [
            0.009263844226339281,
            0.008157042976291811,
            0.002304185688747944,
            0.008823255170519385,
            -0.040851340839282935,
            0.002892955025716973,
            0.00839265608175253,
            0.003384170180911472,
            -0.047536505453134315,
            0.29744499505174216,
            0.00702421361846552,
            0.006797036312103927,
            0.0009624910872100048,
            -0.013456963967595268,
            1.4179266667770716,
            0.0006913321670424123,
            0.0024306421581086713,
            0.0004504052684061363,
            -0.010564917756407045,
            0.3566852322281595
        ],
        [
            0.0031402370803966587,
            -0.11022270010931581,
            -0.004038386864206076,
            -0.04198533758220413,
            -0.0009247267211635945,
            -0.20384938787217424,
            -0.28713624744419075,
            0.013747812647641033,
            -0.2771208107332144,
            -0.009738538322317549,
            -0.5571845429397335,
            -0.4510634760068062,
            -0.0037721587335610637,
            -0.030842140961695796,
            0.0006913321670424123,
            -0.2473318350292486,
            -0.4581449984995474,
            -0.01223602614087959,
            0.2708215901862185,
            0.002601735391335523
        ],
        [
            -0.10880016883671605,
            -0.17225436870368038,
            -0.022368254401261174,
            -0.0943157767589835,
            -0.0009829712758618798,
            -0.2952155413019695,
            -0.29243108698480746,
            0.024151648485844657,
            -0.17460690654501831,
            -0.008492449379422909,
            -0.5211657548554821,
            -0.3603713243094372,
            -0.0015380758687227446,
            -0.1179679814806992,
            0.0024306421581086713,
            -0.4581449984995474,
            -0.30688238697650116,
            -0.010816760069019014,
            0.233864340819206,
            0.0024001407287246226
        ],
        [
            -3.097505364839685e-06,
            -0.0027126373995715273,
            -0.001924810835355425,
            0.0010081398470046723,
            2.560056473508899e-05,
            -0.011272179040208795,
            -0.007914788673664658,
            -0.03985750431021803,
            -0.014181595459905466,
            -0.000530109578885557,
            -0.004751507435283506,
            -0.010464259892540677,
            0.3549975959288316,
            0.04014770484093759,
            0.0004504052684061363,
            -0.01223602614087959,
            -0.010816760069019014,
            1.4863356364863902,
            0.011389952672399065,
            0.0001269364452768259
        ],
        [
            0.04211247654806673,
            0.09951412695699738,
            0.0076244430188467625,
            0.054926636649445776,
            0.0009641856740216669,
            0.21174627300545146,
            0.1726577643722518,
            -0.021161579769065998,
            0.2206934751253396,
            0.010019590408206044,
            0.07035489466612743,
            0.22081595176133118,
            0.04395461880546379,
            -0.6566275652122935,
            -0.010564917756407045,
            0.2708215901862185,
            0.233864340819206,
            0.011389952672399065,
            1.2241772254856715,
            -0.00258785719192084
        ],
        [
            0.0010085166432264806,
            0.0015726985946503587,
            0.0001632604511995592,
            0.0010923029450455308,
            -0.0018680714489650563,
            0.0041737843391597106,
            0.002048225212596653,
            -0.0004030714088733375,
            0.00455623938310442,
            -0.04078880058649899,
            0.0013446708208608993,
            0.00252859894726473,
            0.0004232189864881367,
            -0.009132554557632046,
            0.3566852322281595,
            0.002601735391335523,
            0.0024001407287246226,
            0.0001269364452768259,
            -0.00258785719192084,
            1.486841897274902
        ]
    ]
}