{
    "HF": -2.159300323890583,
    "coordinates": [
        [
            0.705583,
            -0.012204,
            0.12238
        ],
        [
            1.418618,
            -0.021846,
            0.079284
        ],
        [
            2.199052,
            -0.056205,
            -0.076327
        ],
        [
            2.917309,
            -0.12496,
            0.104296
        ]
    ],
    "elements": [
        "H",
        "H",
        "H",
        "H"
    ],
    "Enn": 3.05875712957227,
    "S": [
        [
            0.9999999999999999,
            0.6848602514927513,
            0.0,
            0.0,
            0.0,
            0.591426385558347,
            0.5729326915344266,
            0.032749663786094174,
            -0.5418520632475787,
            0.007327182527972898,
            0.1232362696950754,
            0.30975969214777843,
            0.02142531455413261,
            -0.1610312827522225,
            0.004744348541804711,
            0.013950519176392643,
            0.12384666845320587,
            0.0001378814982000522,
            -0.016863309803583738,
            0.0008597083726523487
        ],
        [
            0.6848602514927513,
            1.0000000000000002,
            0.0,
            0.0,
            0.0,
            0.5729326915344266,
            0.8947810394205228,
            0.009693917235622664,
            -0.16038848793628666,
            0.0021688497769137257,
            0.30975969214777843,
            0.6096362907097114,
            0.023167391023065517,
            -0.17412461716913163,
            0.0051301080103162275,
            0.12384666845320587,
            0.343547130832188,
            0.0007895426715473779,
            -0.09656337396432156,
            0.004922897228101962
        ],
        [
            0.0,
            0.0,
            1.0000000000000004,
            0.0,
            0.0,
            -0.032749663786094174,
            -0.009693917235622664,
            0.5130743768137418,
            0.041130066606300454,
            -0.0005561804150118143,
            -0.02142531455413261,
            -0.023167391023065524,
            0.04701797809054835,
            0.04036221291731053,
            -0.001189162768410044,
            -0.0001378814982000522,
            -0.0007895426715473777,
            0.0017161925992877013,
            0.00017835811569308536,
            -9.092874837610778e-06
        ],
        [
            0.0,
            0.0,
            0.0,
            1.0000000000000004,
            0.0,
            0.5418520632475785,
            0.16038848793628666,
            0.04113006660630044,
            -0.16494781165433905,
            0.009202155703962055,
            0.16103128275222248,
            0.17412461716913158,
            0.04036221291731052,
            -0.25097159367689237,
            0.008937670693909019,
            0.016863309803583738,
            0.09656337396432149,
            0.0001783581156930853,
            -0.020096067372791293,
            0.001112085141179469
        ],
        [
            0.0,
            0.0,
            0.0,
            0.0,
            1.0000000000000004,
            -0.007327182527972898,
            -0.0021688497769137226,
            -0.0005561804150118143,
            0.009202155703962059,
            0.5154358515873049,
            -0.004744348541804711,
            -0.005130108010316223,
            -0.001189162768410044,
            0.008937670693909022,
            0.052124872036092125,
            -0.0008597083726523487,
            -0.00492289722810196,
            -9.092874837610778e-06,
            0.0011120851411794694,
            0.0016609557191250416
        ],
        [
            0.591426385558347,
            0.5729326915344266,
            -0.032749663786094174,
            0.5418520632475787,
            -0.007327182527972898,
            0.9999999999999999,
            0.6848602514927513,
            0.0,
            0.0,
            0.0,
            0.5255906739400367,
            0.5486140436017231,
            0.10185971546325115,
            -0.5108558211042084,
            0.022490684871903956,
            0.12477338437947844,
            0.3113340507350486,
            -0.0027379609451479853,
            -0.1640555504095945,
            0.01128746621213775
        ],
        [
            0.5729326915344266,
            0.8947810394205228,
            -0.009693917235622664,
            0.16038848793628666,
            -0.0021688497769137257,
            0.6848602514927513,
            1.0000000000000002,
            0.0,
            0.0,
            0.0,
            0.5486140436017231,
            0.8709155193525215,
            0.0334191504803614,
            -0.1676066684616793,
            0.007378968012253226,
            0.3113340507350486,
            0.611569919261257,
            -0.0029320254261504712,
            -0.17568367655296963,
            0.012087512785546123
        ],
        [
            0.032749663786094174,
            0.009693917235622664,
            0.5130743768137418,
            0.04113006660630044,
            -0.0005561804150118143,
            0.0,
            0.0,
            1.0000000000000004,
            0.0,
            0.0,
            -0.10185971546325115,
            -0.0334191504803614,
            0.411261522179239,
            0.138364537618091,
            -0.006091568470902073,
            0.0027379609451479853,
            0.0029320254261504704,
            0.05329947938831214,
            -0.0051954308476245,
            0.00035745971412516175
        ],
        [
            -0.5418520632475787,
            -0.16038848793628666,
            0.041130066606300454,
            -0.16494781165433905,
            0.009202155703962059,
            0.0,
            0.0,
            0.0,
            1.0000000000000004,
            0.0,
            0.5108558211042084,
            0.16760666846167926,
            0.13836453761809106,
            -0.2550879477930946,
            0.03055097099832267,
            0.1640555504095945,
            0.17568367655296938,
            -0.005195430847624499,
            -0.2579182048572885,
            0.021418585335916857
        ],
        [
            0.007327182527972898,
            0.0021688497769137257,
            -0.0005561804150118143,
            0.009202155703962055,
            0.5154358515873049,
            0.0,
            0.0,
            0.0,
            0.0,
            1.0000000000000004,
            -0.022490684871903952,
            -0.007378968012253225,
            -0.006091568470902071,
            0.030550970998322654,
            0.4375050523826353,
            -0.011287466212137746,
            -0.01208751278554612,
            0.00035745971412516175,
            0.021418585335916864,
            0.05191253044956029
        ],
        [
            0.1232362696950754,
            0.30975969214777843,
            -0.02142531455413261,
            0.16103128275222248,
            -0.004744348541804711,
            0.5255906739400367,
            0.5486140436017231,
            -0.10185971546325115,
            0.5108558211042084,
            -0.022490684871903952,
            0.9999999999999999,
            0.6848602514927513,
            0.0,
            0.0,
            0.0,
            0.5676497608760271,
            0.5644109781742883,
            -0.13032630427584418,
            -0.5182495049371064,
            0.04960932467341183
        ],
        [
            0.30975969214777843,
            0.6096362907097114,
            -0.023167391023065517,
            0.17412461716913175,
            -0.0051301080103162275,
            0.5486140436017231,
            0.8709155193525215,
            -0.0334191504803614,
            0.1676066684616793,
            -0.007378968012253232,
            0.6848602514927513,
            1.0000000000000002,
            0.0,
            0.0,
            0.0,
            0.5644109781742883,
            0.88646280877805,
            -0.03998422151255459,
            -0.15899939094657337,
            0.015220183199790117
        ],
        [
            0.02142531455413261,
            0.023167391023065517,
            0.04701797809054835,
            0.040362212917310535,
            -0.0011891627684100445,
            0.10185971546325115,
            0.0334191504803614,
            0.411261522179239,
            0.1383645376180911,
            -0.006091568470902073,
            0.0,
            0.0,
            1.0000000000000004,
            0.0,
            0.0,
            0.13032630427584413,
            0.03998422151255454,
            0.4463464846685037,
            -0.16424541015238786,
            0.015722357283016308
        ],
        [
            -0.16103128275222245,
            -0.17412461716913158,
            0.040362212917310514,
            -0.2509715936768923,
            0.008937670693909022,
            -0.5108558211042084,
            -0.16760666846167926,
            0.13836453761809098,
            -0.2550879477930946,
            0.030550970998322654,
            0.0,
            0.0,
            0.0,
            1.0000000000000004,
            0.0,
            0.5182495049371064,
            0.1589993909465733,
            -0.16424541015238817,
            -0.16548069593901915,
            0.06252079289474458
        ],
        [
            0.004744348541804711,
            0.00513010801031622,
            -0.0011891627684100438,
            0.008937670693909022,
            0.052124872036092125,
            0.022490684871903956,
            0.007378968012253225,
            -0.006091568470902071,
            0.03055097099832267,
            0.4375050523826353,
            0.0,
            0.0,
            0.0,
            0.0,
            1.0000000000000004,
            -0.04960932467341183,
            -0.015220183199790112,
            0.015722357283016308,
            0.06252079289474446,
            0.4816651541732584
        ],
        [
            0.013950519176392643,
            0.12384666845320587,
            -0.0001378814982000522,
            0.01686330980358374,
            -0.0008597083726523486,
            0.12477338437947844,
            0.3113340507350486,
            0.0027379609451479853,
            0.16405555040959455,
            -0.011287466212137748,
            0.5676497608760271,
            0.5644109781742883,
            0.13032630427584418,
            0.5182495049371064,
            -0.04960932467341185,
            0.9999999999999999,
            0.6848602514927513,
            0.0,
            0.0,
            0.0
        ],
        [
            0.12384666845320587,
            0.343547130832188,
            -0.0007895426715473779,
            0.09656337396432159,
            -0.00492289722810196,
            0.3113340507350486,
            0.611569919261257,
            0.0029320254261504712,
            0.17568367655296963,
            -0.012087512785546123,
            0.5644109781742883,
            0.88646280877805,
            0.03998422151255459,
            0.15899939094657337,
            -0.015220183199790117,
            0.6848602514927513,
            1.0000000000000002,
            0.0,
            0.0,
            0.0
        ],
        [
            0.0001378814982000522,
            0.0007895426715473777,
            0.0017161925992877013,
            0.00017835811569308536,
            -9.092874837610778e-06,
            -0.0027379609451479853,
            -0.0029320254261504704,
            0.05329947938831214,
            -0.005195430847624499,
            0.00035745971412516175,
            -0.13032630427584413,
            -0.039984221512554555,
            0.4463464846685037,
            -0.16424541015238808,
            0.0157223572830163,
            0.0,
            0.0,
            1.0000000000000004,
            0.0,
            0.0
        ],
        [
            -0.016863309803583738,
            -0.09656337396432153,
            0.0001783581156930853,
            -0.020096067372791293,
            0.0011120851411794688,
            -0.1640555504095945,
            -0.17568367655296957,
            -0.0051954308476245,
            -0.25791820485728845,
            0.021418585335916864,
            -0.5182495049371064,
            -0.1589993909465733,
            -0.16424541015238794,
            -0.16548069593901915,
            0.06252079289474446,
            0.0,
            0.0,
            0.0,
            1.0000000000000004,
            0.0
        ],
        [
            0.0008597083726523487,
            0.00492289722810196,
            -9.09287483761078e-06,
            0.0011120851411794694,
            0.0016609557191250416,
            0.011287466212137746,
            0.01208751278554612,
            0.00035745971412516175,
            0.021418585335916857,
            0.05191253044956029,
            0.04960932467341182,
            0.015220183199790112,
            0.015722357283016315,
            0.06252079289474458,
            0.4816651541732584,
            0.0,
            0.0,
            0.0,
            0.0,
            1.0000000000000004
        ]
    ],
    "h": [
        [
            -0.30078098553001476,
            -0.48109383133954686,
            0.021631343787592065,
            -0.3174146823917721,
            0.004245878294692173,
            -0.6084434807556558,
            -0.4772877275380416,
            0.007595298387581925,
            0.0065135478564725124,
            -5.481932563831601e-05,
            -0.2519077262012671,
            -0.32190923852298275,
            -0.04501913819968452,
            0.31895335655684565,
            -0.01291951170466524,
            -0.018137158279083465,
            -0.14825779688061191,
            0.0013092287610490996,
            0.07247854545616195,
            -0.0044314386526461
        ],
        [
            -0.48109383133954686,
            -0.31401179807811674,
            0.018490480114859164,
            -0.258786241154172,
            0.0036578652666234743,
            -0.5536207559797466,
            -0.3669377043194828,
            0.007812531867287646,
            0.12057247338002691,
            0.0012582165018472878,
            -0.3341390381290873,
            -0.31100433994900534,
            -0.04780733286678734,
            0.1810875037892353,
            -0.0056310101985982235,
            -0.14664066401030598,
            -0.2026106349019025,
            0.01757885221664847,
            0.12171972139398585,
            -0.009892631565441106
        ],
        [
            0.021631343787592065,
            0.018490480114859164,
            1.4758656614362393,
            0.0208494701131976,
            -0.00032008029718843514,
            0.008630058107921154,
            0.01878197246471517,
            0.46547371055525,
            0.06321136333732849,
            -0.0010544640473005682,
            0.02405965650680955,
            0.01460710196720269,
            -0.04282172905362604,
            -0.018132439498866226,
            0.000715890767505225,
            0.004590651648089103,
            0.009288248210619923,
            -0.00600373499714133,
            -0.004356152969033912,
            0.00031626399244996705
        ],
        [
            -0.3174146823917721,
            -0.258786241154172,
            0.0208494701131976,
            1.1685636489042355,
            0.004421208758483349,
            -0.06584279444067942,
            -0.24892143999173322,
            0.07143840442645662,
            -0.5570306331803707,
            0.01558997107024715,
            -0.24774280394041245,
            -0.1976124215423507,
            -0.043433518981242425,
            0.18306000760664337,
            -0.009024517315372765,
            -0.07256745650988694,
            -0.12589236084102934,
            0.004166945312034538,
            0.09813549142001224,
            -0.006439368900188588
        ],
        [
            0.004245878294692173,
            0.0036578652666234743,
            -0.00032008029718843514,
            0.004421208758483349,
            1.477378900318775,
            0.0014453827485004598,
            0.0038381868070888813,
            -0.0011023272527466272,
            0.01462510084376438,
            0.47006679356331893,
            0.005626276390221988,
            0.00320691660427146,
            0.0008054500740499338,
            -0.0036208165455534694,
            -0.04627605613026552,
            0.0028828376271468675,
            0.00295756795487203,
            -0.00013901082561684232,
            -0.0041736266274307226,
            -0.0053263150290272145
        ],
        [
            -0.6084434807556558,
            -0.5536207559797466,
            0.008630058107921154,
            -0.06584279444067942,
            0.0014453827485004598,
            -0.4667693988425392,
            -0.607866597741652,
            0.02413143085605376,
            0.08834547939753326,
            0.0051119339651490864,
            -0.511967859272945,
            -0.5091542003161549,
            -0.0264897710782096,
            0.06216098376583612,
            0.0004099433191211768,
            -0.24958846903858514,
            -0.3354555601137069,
            0.029193701937726052,
            0.24131477160729167,
            -0.019404241659527977
        ],
        [
            -0.4772877275380416,
            -0.3669377043194828,
            0.01878197246471517,
            -0.24892143999173322,
            0.0038381868070888813,
            -0.607866597741652,
            -0.4331257952272427,
            0.022618115840630424,
            0.02442104895764935,
            0.0061123348004099845,
            -0.5061541398095694,
            -0.4071175523302992,
            -0.07050566024303993,
            0.11522090455119616,
            0.0013373738764020319,
            -0.31898496101653334,
            -0.31174555813385396,
            0.03961145364461756,
            0.18893744719436095,
            -0.017199615440381295
        ],
        [
            0.007595298387581925,
            0.007812531867287646,
            0.46547371055525,
            0.07143840442645662,
            -0.0011023272527466272,
            0.02413143085605376,
            0.022618115840630424,
            1.3929553052487373,
            0.06446955440397031,
            -0.002342123066097508,
            0.003204068759487505,
            0.029063549529148622,
            0.30850791606391803,
            0.19762535533136116,
            -0.008991983714691783,
            0.02856897439514688,
            0.03076240615751311,
            -0.051239970604030655,
            -0.03165156917234817,
            0.00276105330484578
        ],
        [
            0.0065135478564725124,
            0.12057247338002691,
            0.06321136333732849,
            -0.5570306331803707,
            0.01462510084376438,
            0.08834547939753326,
            0.02442104895764935,
            0.06446955440397031,
            0.8222131292787251,
            0.017355782670532883,
            -0.06070851790916121,
            -0.11257147816735108,
            0.17563602045724735,
            -0.7673332960045208,
            0.05313328553430123,
            -0.315456492646287,
            -0.18021654624874175,
            0.04532177345628319,
            0.16726415288002788,
            -0.019574016767604542
        ],
        [
            -5.481932563831601e-05,
            0.0012582165018472878,
            -0.0010544640473005682,
            0.01558997107024715,
            0.47006679356331893,
            0.0051119339651490864,
            0.0061123348004099845,
            -0.002342123066097508,
            0.017355782670532883,
            1.4023317208500918,
            0.005693249010857639,
            0.009628086249520546,
            -0.00711019470367681,
            0.04724933500481389,
            0.3427305481911034,
            0.016895319356201838,
            0.010121815517117706,
            -0.0023274299930568817,
            -0.010809065247435037,
            -0.04470527742148282
        ],
        [
            -0.2519077262012671,
            -0.3341390381290873,
            0.02405965650680955,
            -0.24774280394041245,
            0.005626276390221988,
            -0.511967859272945,
            -0.5061541398095694,
            0.003204068759487505,
            -0.06070851790916121,
            0.005693249010857639,
            -0.4471443781865523,
            -0.5991962493076857,
            -0.11006273781340468,
            -0.06585371718284677,
            0.01695274199012311,
            -0.5930992536658922,
            -0.5451695896927505,
            0.007343522131083746,
            0.0720364565157473,
            -0.005805685093659557
        ],
        [
            -0.32190923852298275,
            -0.31100433994900534,
            0.01460710196720269,
            -0.1976124215423507,
            0.00320691660427146,
            -0.5091542003161549,
            -0.4071175523302992,
            0.029063549529148622,
            -0.11257147816735108,
            0.009628086249520546,
            -0.5991962493076857,
            -0.43054316064339737,
            -0.09080766034339649,
            -0.01389197842621756,
            0.011664983080393172,
            -0.46999067876975487,
            -0.3674833247357956,
            0.05048052792454561,
            0.23632575593495775,
            -0.021707648508406
        ],
        [
            -0.04501913819968452,
            -0.04780733286678734,
            -0.04282172905362604,
            -0.043433518981242425,
            0.0008054500740499338,
            -0.0264897710782096,
            -0.07050566024303993,
            0.30850791606391803,
            0.17563602045724735,
            -0.00711019470367681,
            -0.11006273781340468,
            -0.09080766034339649,
            1.3811781248969264,
            -0.016363835290342847,
            0.004065882067274247,
            -0.014011505959839604,
            -0.07215505528338653,
            0.3689585332478921,
            -0.21643473292103355,
            0.02107408652104445
        ],
        [
            0.31895335655684565,
            0.1810875037892353,
            -0.018132439498866226,
            0.18306000760664337,
            -0.0036208165455534694,
            0.06216098376583612,
            0.11522090455119616,
            0.19762535533136116,
            -0.7673332960045208,
            0.04724933500481389,
            -0.06585371718284677,
            -0.01389197842621756,
            -0.016363835290342847,
            0.8607274166137122,
            0.03750204137563451,
            -0.013362621568199895,
            -0.1091267523532595,
            -0.23562211276778555,
            -0.5407337405186017,
            0.09157661850956998
        ],
        [
            -0.01291951170466524,
            -0.0056310101985982235,
            0.000715890767505225,
            -0.009024517315372765,
            -0.04627605613026552,
            0.0004099433191211768,
            0.0013373738764020319,
            -0.008991983714691783,
            0.05313328553430123,
            0.3427305481911034,
            0.01695274199012311,
            0.011664983080393172,
            0.004065882067274247,
            0.03750204137563451,
            1.4037893313295882,
            0.0019775108513990086,
            0.01542820352147464,
            0.022427500937983052,
            0.08963593400778924,
            0.41809414571513426
        ],
        [
            -0.018137158279083465,
            -0.14664066401030598,
            0.004590651648089103,
            -0.07256745650988694,
            0.0028828376271468675,
            -0.24958846903858514,
            -0.31898496101653334,
            0.02856897439514688,
            -0.315456492646287,
            0.016895319356201838,
            -0.5930992536658922,
            -0.46999067876975487,
            -0.014011505959839604,
            -0.013362621568199895,
            0.0019775108513990086,
            -0.28250816611697993,
            -0.47424667966649126,
            0.070870878925473,
            0.29362624971992185,
            -0.027949794910083394
        ],
        [
            -0.14825779688061191,
            -0.2026106349019025,
            0.009288248210619923,
            -0.12589236084102934,
            0.00295756795487203,
            -0.3354555601137069,
            -0.31174555813385396,
            0.03076240615751311,
            -0.18021654624874175,
            0.010121815517117706,
            -0.5451695896927505,
            -0.3674833247357956,
            -0.07215505528338653,
            -0.1091267523532595,
            0.01542820352147464,
            -0.47424667966649126,
            -0.3141223439032719,
            0.05661009270142604,
            0.24569530623947416,
            -0.023074081719173842
        ],
        [
            0.0013092287610490996,
            0.01757885221664847,
            -0.00600373499714133,
            0.004166945312034538,
            -0.00013901082561684232,
            0.029193701937726052,
            0.03961145364461756,
            -0.051239970604030655,
            0.04532177345628319,
            -0.0023274299930568817,
            0.007343522131083746,
            0.05048052792454561,
            0.3689585332478921,
            -0.23562211276778555,
            0.022427500937983052,
            0.070870878925473,
            0.05661009270142604,
            1.4645796285822104,
            -0.06493214374925214,
            0.006226252325910197
        ],
        [
            0.07247854545616195,
            0.12171972139398585,
            -0.004356152969033912,
            0.09813549142001224,
            -0.0041736266274307226,
            0.24131477160729167,
            0.18893744719436095,
            -0.03165156917234817,
            0.16726415288002788,
            -0.010809065247435037,
            0.0720364565157473,
            0.23632575593495775,
            -0.21643473292103355,
            -0.5407337405186017,
            0.08963593400778924,
            0.29362624971992185,
            0.24569530623947416,
            -0.06493214374925214,
            1.202512909537718,
            0.026140764447142122
        ],
        [
            -0.0044314386526461,
            -0.009892631565441106,
            0.00031626399244996705,
            -0.006439368900188588,
            -0.0053263150290272145,
            -0.019404241659527977,
            -0.017199615440381295,
            0.00276105330484578,
            -0.019574016767604542,
            -0.04470527742148282,
            -0.005805685093659557,
            -0.021707648508406,
            0.02107408652104445,
            0.09157661850956998,
            0.41809414571513426,
            -0.027949794910083394,
            -0.023074081719173842,
            0.006226252325910197,
            0.026140764447142122,
            1.4784429880394172
        ]
    ]
}