{
    "HF": -2.1500952163060822,
    "coordinates": [
        [
            0.815932,
            -0.028571,
            -0.188711
        ],
        [
            1.599807,
            0.198833,
            0.07295
        ],
        [
            2.357067,
            0.092334,
            0.113799
        ],
        [
            3.107284,
            -0.067176,
            0.123605
        ]
    ],
    "elements": [
        "H",
        "H",
        "H",
        "H"
    ],
    "Enn": 2.9085405079961295,
    "S": [
        [
            0.9999999999999999,
            0.6848602514927513,
            0.0,
            0.0,
            0.0,
            0.47855355571217867,
            0.5297435993880021,
            -0.1521061641022185,
            -0.45567440079196575,
            -0.13219222635968256,
            0.1031526977101613,
            0.287953055350159,
            -0.026264471610716534,
            -0.13380416004687987,
            -0.010497193283176368,
            0.009736927685180983,
            0.10611446072834071,
            -0.0015338545034148817,
            -0.011253347840356226,
            0.0001895978851686481
        ],
        [
            0.6848602514927513,
            1.0000000000000002,
            0.0,
            0.0,
            0.0,
            0.5297435993880021,
            0.8521181661401417,
            -0.054133378241482843,
            -0.16217090765930875,
            -0.047046165632731576,
            0.287953055350159,
            0.5824580815822018,
            -0.03261997679512144,
            -0.16618223509354882,
            -0.013037315442180963,
            0.10611446072834074,
            0.31183842250562716,
            -0.011551779945842248,
            -0.08475132264266158,
            0.0014279014357549398
        ],
        [
            0.0,
            0.0,
            1.0000000000000004,
            0.0,
            0.0,
            0.1521061641022185,
            0.054133378241482843,
            0.31684808008403664,
            -0.20519428823908697,
            -0.05952735056319099,
            0.026264471610716537,
            0.03261997679512142,
            0.03043701733500393,
            -0.04831933148940789,
            -0.0037907443369509233,
            0.0015338545034148813,
            0.011551779945842238,
            0.0007202833074244542,
            -0.0017919939035867592,
            3.0191749084368884e-05
        ],
        [
            0.0,
            0.0,
            0.0,
            1.0000000000000004,
            0.0,
            0.45567440079196575,
            0.1621709076593087,
            -0.20519428823908697,
            -0.22937111601745905,
            -0.17832998392087981,
            0.1338041600468799,
            0.16618223509354882,
            -0.048319331489407875,
            -0.20624084560463568,
            -0.019311919519112958,
            0.011253347840356228,
            0.08475132264266164,
            -0.0017919939035867599,
            -0.0121826895244385,
            0.00022150618171328667
        ],
        [
            0.0,
            0.0,
            0.0,
            0.0,
            1.0000000000000004,
            0.13219222635968256,
            0.04704616563273154,
            -0.059527350563191,
            -0.17832998392087987,
            0.33360890418403216,
            0.01049719328317637,
            0.013037315442180938,
            -0.0037907443369509224,
            -0.019311919519112958,
            0.038406580896536445,
            -0.000189597885168648,
            -0.0014279014357549394,
            3.0191749084368898e-05,
            0.00022150618171328667,
            0.0009608038044269057
        ],
        [
            0.47855355571217867,
            0.5297435993880021,
            0.1521061641022185,
            0.45567440079196575,
            0.13219222635968256,
            0.9999999999999999,
            0.6848602514927513,
            0.0,
            0.0,
            0.0,
            0.5500002799000534,
            0.5578982515332058,
            -0.028320026234560574,
            -0.5249975046239406,
            0.07383423031052092,
            0.11571635202185845,
            0.30187464516321455,
            -0.005058376176650395,
            -0.15053569723913543,
            0.026563490047864863
        ],
        [
            0.5297435993880021,
            0.8521181661401417,
            0.054133378241482864,
            0.16217090765930875,
            0.04704616563273157,
            0.6848602514927513,
            1.0000000000000002,
            0.0,
            0.0,
            0.0,
            0.5578982515332058,
            0.8800733291044908,
            -0.008931339670101016,
            -0.16556944548411662,
            0.02328523938226364,
            0.30187464516321455,
            0.5998952613233356,
            -0.005745210846025393,
            -0.1709756827664361,
            0.030170324586721288
        ],
        [
            -0.1521061641022185,
            -0.05413337824148286,
            0.31684808008403664,
            -0.20519428823908697,
            -0.05952735056319099,
            0.0,
            0.0,
            1.0000000000000004,
            0.0,
            0.0,
            0.02832002623456057,
            0.00893133967010099,
            0.46505197890314226,
            -0.03750987070188319,
            0.0052752868498004086,
            0.005058376176650395,
            0.005745210846025378,
            0.04727647569958611,
            -0.009435241416972205,
            0.001664940250555968
        ],
        [
            -0.4556744007919657,
            -0.1621709076593087,
            -0.20519428823908697,
            -0.22937111601745905,
            -0.17832998392087981,
            0.0,
            0.0,
            0.0,
            1.0000000000000004,
            0.0,
            0.5249975046239406,
            0.16556944548411656,
            -0.037509870701883136,
            -0.22828373988171502,
            0.09779342749834401,
            0.15053569723913549,
            0.17097568276643582,
            -0.009435241416972199,
            -0.23319631816087635,
            0.0495481025384929
        ],
        [
            -0.13219222635968256,
            -0.04704616563273152,
            -0.059527350563191,
            -0.17832998392087987,
            0.33360890418403216,
            0.0,
            0.0,
            0.0,
            0.0,
            1.0000000000000004,
            -0.0738342303105209,
            -0.02328523938226363,
            0.005275286849800405,
            0.0977934274983441,
            0.45332197662275653,
            -0.026563490047864863,
            -0.03017032458672127,
            0.0016649402505559672,
            0.04954810253849292,
            0.03885027811634919
        ],
        [
            0.1031526977101613,
            0.287953055350159,
            0.026264471610716534,
            0.13380416004687987,
            0.010497193283176368,
            0.5500002799000534,
            0.5578982515332058,
            0.02832002623456059,
            0.5249975046239406,
            -0.0738342303105209,
            0.9999999999999999,
            0.6848602514927513,
            0.0,
            0.0,
            0.0,
            0.5490037904283337,
            0.5575256275534828,
            -0.006782780986742681,
            -0.5189228639130263,
            0.11033259180046147
        ],
        [
            0.287953055350159,
            0.5824580815822018,
            0.03261997679512144,
            0.16618223509354899,
            0.013037315442180957,
            0.5578982515332058,
            0.8800733291044908,
            0.008931339670100994,
            0.16556944548411698,
            -0.02328523938226364,
            0.6848602514927513,
            1.0000000000000002,
            0.0,
            0.0,
            0.0,
            0.5575256275534828,
            0.8797069006077504,
            -0.002142482695217625,
            -0.16391259842525746,
            0.034850847921085296
        ],
        [
            -0.026264471610716537,
            -0.03261997679512142,
            0.03043701733500393,
            -0.048319331489407875,
            -0.0037907443369509233,
            -0.02832002623456057,
            -0.00893133967010099,
            0.46505197890314226,
            -0.03750987070188314,
            0.005275286849800406,
            0.0,
            0.0,
            1.0000000000000004,
            0.0,
            0.0,
            0.006782780986742681,
            0.0021424826952176246,
            0.4658014009713073,
            -0.008898568676880686,
            0.0018920001674838586
        ],
        [
            -0.13380416004687987,
            -0.16618223509354874,
            -0.04831933148940789,
            -0.20624084560463563,
            -0.01931191951911296,
            -0.5249975046239406,
            -0.16556944548411656,
            -0.037509870701883184,
            -0.22828373988171502,
            0.0977934274983441,
            0.0,
            0.0,
            0.0,
            1.0000000000000004,
            0.0,
            0.5189228639130263,
            0.16391259842525746,
            -0.008898568676880686,
            -0.21487542341793492,
            0.14474920351307735
        ],
        [
            -0.01049719328317637,
            -0.013037315442180933,
            -0.0037907443369509224,
            -0.01931191951911295,
            0.038406580896536445,
            0.07383423031052092,
            0.02328523938226361,
            0.005275286849800408,
            0.09779342749834401,
            0.45332197662275653,
            0.0,
            0.0,
            0.0,
            0.0,
            1.0000000000000004,
            -0.11033259180046143,
            -0.03485084792108525,
            0.001892000167483858,
            0.1447492035130773,
            0.4351413571600827
        ],
        [
            0.009736927685180983,
            0.10611446072834071,
            0.0015338545034148817,
            0.011253347840356226,
            -0.000189597885168648,
            0.11571635202185845,
            0.30187464516321455,
            0.005058376176650395,
            0.15053569723913549,
            -0.026563490047864863,
            0.5490037904283337,
            0.5575256275534828,
            0.006782780986742681,
            0.5189228639130263,
            -0.11033259180046147,
            0.9999999999999999,
            0.6848602514927513,
            0.0,
            0.0,
            0.0
        ],
        [
            0.10611446072834074,
            0.31183842250562716,
            0.011551779945842248,
            0.08475132264266158,
            -0.0014279014357549398,
            0.30187464516321455,
            0.5998952613233356,
            0.005745210846025381,
            0.1709756827664359,
            -0.030170324586721288,
            0.5575256275534828,
            0.8797069006077504,
            0.002142482695217625,
            0.16391259842525746,
            -0.034850847921085296,
            0.6848602514927513,
            1.0000000000000002,
            0.0,
            0.0,
            0.0
        ],
        [
            -0.0015338545034148813,
            -0.011551779945842238,
            0.0007202833074244542,
            -0.0017919939035867592,
            3.0191749084368898e-05,
            -0.005058376176650395,
            -0.005745210846025378,
            0.04727647569958611,
            -0.009435241416972199,
            0.0016649402505559672,
            -0.006782780986742681,
            -0.0021424826952176246,
            0.4658014009713073,
            -0.008898568676880686,
            0.0018920001674838586,
            0.0,
            0.0,
            1.0000000000000004,
            0.0,
            0.0
        ],
        [
            -0.011253347840356226,
            -0.08475132264266157,
            -0.0017919939035867599,
            -0.0121826895244385,
            0.0002215061817132868,
            -0.15053569723913543,
            -0.17097568276643563,
            -0.009435241416972205,
            -0.2331963181608764,
            0.04954810253849292,
            -0.5189228639130263,
            -0.16391259842525746,
            -0.008898568676880686,
            -0.21487542341793492,
            0.14474920351307735,
            0.0,
            0.0,
            0.0,
            1.0000000000000004,
            0.0
        ],
        [
            0.000189597885168648,
            0.0014279014357549394,
            3.0191749084368884e-05,
            0.0002215061817132866,
            0.0009608038044269057,
            0.026563490047864863,
            0.03017032458672126,
            0.001664940250555968,
            0.0495481025384929,
            0.03885027811634919,
            0.11033259180046143,
            0.03485084792108525,
            0.001892000167483858,
            0.1447492035130773,
            0.4351413571600827,
            0.0,
            0.0,
            0.0,
            0.0,
            1.0000000000000004
        ]
    ],
    "h": [
        [
            -0.2144844587562993,
            -0.4428328343419846,
            -0.07295988865839277,
            -0.22106577567108016,
            -0.06287699226084534,
            -0.5258339004956107,
            -0.43164672281423977,
            0.017570270516307135,
            0.042975166593812286,
            0.017331436557318225,
            -0.2204474642854722,
            -0.28912002122270064,
            0.03386134183567912,
            0.28813155136818536,
            -0.012521903549828177,
            -0.0025712576890229016,
            -0.11992420376453902,
            0.004690340870384753,
            0.05551480842762849,
            -0.005407933357683436
        ],
        [
            -0.4428328343419846,
            -0.3050947951370184,
            -0.06550900194061637,
            -0.20164657639935035,
            -0.05574986916562656,
            -0.5115109784280619,
            -0.36156115239031805,
            0.05206152586562439,
            0.07838595012491026,
            0.06256217818918078,
            -0.3209214877955574,
            -0.30190191279039813,
            0.01725847635303051,
            0.18704046076337286,
            -0.015048135805412626,
            -0.12346667527995492,
            -0.18436243835430616,
            0.004394409205518663,
            0.11166862428962737,
            -0.018959236383816212
        ],
        [
            -0.07295988865839277,
            -0.06550900194061637,
            1.4746181006708148,
            -0.06382149394766143,
            -0.01798856008620136,
            -0.023810728999101527,
            -0.06000734536197261,
            0.1903873409582459,
            -0.2723557700702842,
            -0.07471317927200746,
            -0.0543010131355238,
            -0.049067952342134215,
            -0.036101264542440004,
            0.06452246162889907,
            -0.0034741995889140363,
            -0.009208853243271095,
            -0.025919528717729012,
            -0.0020687511367601646,
            0.013936933276691658,
            -0.0014000198231023738
        ],
        [
            -0.22106577567108016,
            -0.20164657639935035,
            -0.06382149394766143,
            1.2985607405138533,
            -0.05417421303595047,
            -0.08566090349067579,
            -0.1912238216918452,
            -0.263043336253381,
            -0.5485632501396581,
            -0.21989075494151678,
            -0.21333884968034375,
            -0.15725756118484524,
            0.025701371564213607,
            0.18167844205009537,
            -0.01072629184820596,
            -0.05363001152006322,
            -0.0991860377505417,
            0.006950239372836784,
            0.07211608725241084,
            -0.006483055540680427
        ],
        [
            -0.06287699226084534,
            -0.05574986916562656,
            -0.01798856008620136,
            -0.05417421303595047,
            1.4800060959895398,
            -0.01751009994443195,
            -0.0496080969414876,
            -0.0767816104064278,
            -0.2341823918341261,
            0.2126943946298726,
            -0.03584992339024426,
            -0.04035507955967664,
            0.00521499523898376,
            0.04902458543849898,
            -0.04617298439631379,
            -0.0020987274627449195,
            -0.01766093808781179,
            0.0002095759653651946,
            0.004463729654182097,
            -0.003923445069201618
        ],
        [
            -0.5258339004956107,
            -0.5115109784280619,
            -0.023810728999101527,
            -0.08566090349067579,
            -0.01751009994443195,
            -0.4074463476679726,
            -0.5845532935096734,
            0.05581946605863316,
            -0.025696382664965267,
            0.09165757047954898,
            -0.5290730833218031,
            -0.50790054556903,
            0.011563318912022995,
            0.0416363763555333,
            0.008874360648624152,
            -0.24850536009576282,
            -0.3322085863405051,
            0.006307981625513458,
            0.24431345505386357,
            -0.046539230920036354
        ],
        [
            -0.43164672281423977,
            -0.36156115239031805,
            -0.06000734536197261,
            -0.1912238216918452,
            -0.0496080969414876,
            -0.5845532935096734,
            -0.4328350933056646,
            0.04642415347984992,
            -0.0361166792874348,
            0.07959682280456386,
            -0.5179681435983389,
            -0.41133216058893884,
            0.01645655553724176,
            0.12573272122842422,
            -0.0017991525457904112,
            -0.31179033402907785,
            -0.309539069983487,
            0.0029857431677059575,
            0.18879051358419074,
            -0.039190393152942565
        ],
        [
            0.017570270516307135,
            0.05206152586562439,
            0.1903873409582459,
            -0.263043336253381,
            -0.0767816104064278,
            0.05581946605863316,
            0.04642415347984992,
            1.3902015945410697,
            -0.08031733007683664,
            -0.015374143870387286,
            0.0069522956137150135,
            0.01836826315025862,
            0.37750915197129187,
            -0.08076806397824435,
            0.009078655340018909,
            -0.019513418098525713,
            -0.0036016230982430972,
            -0.046401389523776065,
            0.010884590383442392,
            -0.002446355799124251
        ],
        [
            0.042975166593812286,
            0.07838595012491026,
            -0.2723557700702842,
            -0.5485632501396581,
            -0.2341823918341261,
            -0.025696382664965267,
            -0.0361166792874348,
            -0.08031733007683664,
            0.9229871653989314,
            -0.014100079254305944,
            -0.06322211534719369,
            -0.14623212060775548,
            -0.06217091418700714,
            -0.729426901906155,
            0.15403644074575618,
            -0.31247104051375046,
            -0.1966098780210786,
            0.0037676489386631144,
            0.1959759011362785,
            -0.0503429405298548
        ],
        [
            0.017331436557318225,
            0.06256217818918078,
            -0.07471317927200746,
            -0.21989075494151678,
            0.2126943946298726,
            0.09165757047954898,
            0.07959682280456386,
            -0.015374143870387286,
            -0.014100079254305944,
            1.3913551417090093,
            0.02512911165362225,
            0.061164874173263446,
            0.004856862560409722,
            0.12479737483198114,
            0.36287338418237425,
            0.04050639942676716,
            0.038635311096773074,
            -0.0007631587444746546,
            -0.03783340790474482,
            -0.0388859014591927
        ],
        [
            -0.2204474642854722,
            -0.3209214877955574,
            -0.0543010131355238,
            -0.21333884968034375,
            -0.03584992339024426,
            -0.5290730833218031,
            -0.5179681435983389,
            0.0069522956137150135,
            -0.06322211534719369,
            0.02512911165362225,
            -0.46042558979904125,
            -0.6076664801199207,
            0.008395808427786604,
            -0.034928376339321915,
            0.023132845071787835,
            -0.5798533016918841,
            -0.5423669192559881,
            0.0011728023337732214,
            0.08005264673519363,
            -0.01662452207624185
        ],
        [
            -0.28912002122270064,
            -0.30190191279039813,
            -0.049067952342134215,
            -0.15725756118484524,
            -0.04035507955967664,
            -0.50790054556903,
            -0.41133216058893884,
            0.01836826315025862,
            -0.14623212060775548,
            0.061164874173263446,
            -0.6076664801199207,
            -0.4375973673656641,
            0.0101861606151501,
            0.00130327521364966,
            0.017258262551177465,
            -0.4607156635831421,
            -0.3669580490161328,
            0.0031202888661328934,
            0.2322328436494545,
            -0.049085786647498464
        ],
        [
            0.03386134183567912,
            0.01725847635303051,
            -0.036101264542440004,
            0.025701371564213607,
            0.00521499523898376,
            0.011563318912022995,
            0.01645655553724176,
            0.37750915197129187,
            -0.06217091418700714,
            0.004856862560409722,
            0.008395808427786604,
            0.0101861606151501,
            1.3970330216440976,
            -0.024131588521009287,
            0.0028677368023906236,
            -0.002549443476465964,
            0.0016610489404157765,
            0.3913135024587199,
            -0.01456553733479029,
            0.002913204532835598
        ],
        [
            0.28813155136818536,
            0.18704046076337286,
            0.06452246162889907,
            0.18167844205009537,
            0.04902458543849898,
            0.0416363763555333,
            0.12573272122842422,
            -0.08076806397824435,
            -0.729426901906155,
            0.12479737483198114,
            -0.034928376339321915,
            0.00130327521364966,
            -0.024131588521009287,
            0.8420356697256597,
            0.0897808718117495,
            -0.019617843821931547,
            -0.10433763664868534,
            -0.014351447763944918,
            -0.5943152385534612,
            0.20722244296212067
        ],
        [
            -0.012521903549828177,
            -0.015048135805412626,
            -0.0034741995889140363,
            -0.01072629184820596,
            -0.04617298439631379,
            0.008874360648624152,
            -0.0017991525457904112,
            0.009078655340018909,
            0.15403644074575618,
            0.36287338418237425,
            0.023132845071787835,
            0.017258262551177465,
            0.0028677368023906236,
            0.0897808718117495,
            1.3825527874173023,
            0.0008347830924581301,
            0.027756028848875666,
            0.0028591763212325203,
            0.20652000294047645,
            0.34796176067034046
        ],
        [
            -0.0025712576890229016,
            -0.12346667527995492,
            -0.009208853243271095,
            -0.05363001152006322,
            -0.0020987274627449195,
            -0.24850536009576282,
            -0.31179033402907785,
            -0.019513418098525713,
            -0.31247104051375046,
            0.04050639942676716,
            -0.5798533016918841,
            -0.4607156635831421,
            -0.002549443476465964,
            -0.019617843821931547,
            0.0008347830924581301,
            -0.2684609400942717,
            -0.4669345252907092,
            0.002879589439775272,
            0.2817926937801053,
            -0.06111392934083817
        ],
        [
            -0.11992420376453902,
            -0.18436243835430616,
            -0.025919528717729012,
            -0.0991860377505417,
            -0.01766093808781179,
            -0.3322085863405051,
            -0.309539069983487,
            -0.0036016230982430972,
            -0.1966098780210786,
            0.038635311096773074,
            -0.5423669192559881,
            -0.3669580490161328,
            0.0016610489404157765,
            -0.10433763664868534,
            0.027756028848875666,
            -0.4669345252907092,
            -0.31224746767910116,
            0.002680002702552561,
            0.24032583767147475,
            -0.051726593209974824
        ],
        [
            0.004690340870384753,
            0.004394409205518663,
            -0.0020687511367601646,
            0.006950239372836784,
            0.0002095759653651946,
            0.006307981625513458,
            0.0029857431677059575,
            -0.046401389523776065,
            0.0037676489386631144,
            -0.0007631587444746546,
            0.0011728023337732214,
            0.0031202888661328934,
            0.3913135024587199,
            -0.014351447763944918,
            0.0028591763212325203,
            0.002879589439775272,
            0.002680002702552561,
            1.477758512885118,
            -0.003559245849841937,
            0.000730848865679685
        ],
        [
            0.05551480842762849,
            0.11166862428962737,
            0.013936933276691658,
            0.07211608725241084,
            0.004463729654182097,
            0.24431345505386357,
            0.18879051358419074,
            0.010884590383442392,
            0.1959759011362785,
            -0.03783340790474482,
            0.08005264673519363,
            0.2322328436494545,
            -0.01456553733479029,
            -0.5943152385534612,
            0.20652000294047645,
            0.2817926937801053,
            0.24032583767147475,
            -0.003559245849841937,
            1.2059548275347183,
            0.05770885092103025
        ],
        [
            -0.005407933357683436,
            -0.018959236383816212,
            -0.0014000198231023738,
            -0.006483055540680427,
            -0.003923445069201618,
            -0.046539230920036354,
            -0.039190393152942565,
            -0.002446355799124251,
            -0.0503429405298548,
            -0.0388859014591927,
            -0.01662452207624185,
            -0.049085786647498464,
            0.002913204532835598,
            0.20722244296212067,
            0.34796176067034046,
            -0.06111392934083817,
            -0.051726593209974824,
            0.000730848865679685,
            0.05770885092103025,
            1.4655300765733807
        ]
    ]
}