{
    "HF": -2.13700409153696,
    "coordinates": [
        [
            0.680912,
            -0.173144,
            -0.06733
        ],
        [
            1.423622,
            0.087575,
            -0.077057
        ],
        [
            2.125688,
            0.182031,
            0.090338
        ],
        [
            2.949814,
            -0.001576,
            0.12075
        ]
    ],
    "elements": [
        "H",
        "H",
        "H",
        "H"
    ],
    "Enn": 2.954305026846131,
    "S": [
        [
            0.9999999999999999,
            0.6848602514927513,
            0.0,
            0.0,
            0.0,
            0.5329710204113788,
            0.5514560619349417,
            0.006480473809039387,
            -0.4948198522372407,
            -0.17370028282296068,
            0.1268066327983005,
            0.3133979760044817,
            -0.017602927297208148,
            -0.16130278108906818,
            -0.03965370083203886,
            0.010872819167611052,
            0.11127365621973023,
            -0.0010572912520287667,
            -0.012754626947631706,
            -0.0009644690851130975
        ],
        [
            0.6848602514927513,
            1.0000000000000002,
            0.0,
            0.0,
            0.0,
            0.5514560619349417,
            0.8737250654248473,
            0.002100533237698926,
            -0.16038727675247902,
            -0.05630193535515817,
            0.3133979760044817,
            0.6140992315388197,
            -0.01861369551765939,
            -0.17056486132393273,
            -0.041930634659440545,
            0.11127365621973023,
            0.3212569786326872,
            -0.0073203048281472284,
            -0.08830845525942622,
            -0.006677637488066589
        ],
        [
            0.0,
            0.0,
            1.0000000000000004,
            0.0,
            0.0,
            -0.006480473809039387,
            -0.0021005332376989256,
            0.4472442347550049,
            0.008390382775038755,
            0.0029453382972160456,
            0.017602927297208148,
            0.01861369551765938,
            0.05118420502765872,
            -0.032358344445064434,
            -0.0079547798331892,
            0.0010572912520287663,
            0.007320304828147221,
            0.001045900135435352,
            -0.0012759007204112952,
            -9.64800307811995e-05
        ],
        [
            0.0,
            0.0,
            0.0,
            1.0000000000000004,
            0.0,
            0.4948198522372405,
            0.16038727675247882,
            0.008390382775038759,
            -0.19329779588709503,
            -0.22489279394729392,
            0.16130278108906812,
            0.17056486132393286,
            -0.032358344445064455,
            -0.2417972066451278,
            -0.07289288243826118,
            0.012754626947631707,
            0.0883084552594262,
            -0.001275900720411296,
            -0.014240155443504451,
            -0.001163886297317765
        ],
        [
            0.0,
            0.0,
            0.0,
            0.0,
            1.0000000000000004,
            0.17370028282296068,
            0.056301935355158185,
            0.0029453382972160465,
            -0.22489279394729386,
            0.3684083350203956,
            0.03965370083203886,
            0.04193063465944054,
            -0.007954779833189204,
            -0.07289288243826116,
            0.036795916415413646,
            0.0009644690851130972,
            0.006677637488066575,
            -9.648003078119954e-05,
            -0.0011638862973177644,
            0.0010636557560997713
        ],
        [
            0.5329710204113788,
            0.5514560619349417,
            -0.006480473809039387,
            0.4948198522372407,
            0.17370028282296068,
            0.9999999999999999,
            0.6848602514927513,
            0.0,
            0.0,
            0.0,
            0.5804868908878794,
            0.5690469684849806,
            -0.12424352660887159,
            -0.5210857896124974,
            -0.07010691209037051,
            0.11275234842244833,
            0.29867871790525546,
            -0.01913836927764741,
            -0.14766325804744643,
            0.008625603540175747
        ],
        [
            0.5514560619349417,
            0.8737250654248473,
            -0.002100533237698926,
            0.16038727675247902,
            0.05630193535515819,
            0.6848602514927513,
            1.0000000000000002,
            0.0,
            0.0,
            0.0,
            0.5690469684849806,
            0.8909939828688987,
            -0.03738093921737985,
            -0.156778198109794,
            -0.02109294778647409,
            0.29867871790525546,
            0.5959196850453298,
            -0.02218093377081668,
            -0.1711383503796641,
            0.009996877899174828
        ],
        [
            0.006480473809039387,
            0.0021005332376989256,
            0.4472442347550049,
            0.008390382775038759,
            0.0029453382972160456,
            0.0,
            0.0,
            1.0000000000000004,
            0.0,
            0.0,
            0.12424352660887156,
            0.03738093921737981,
            0.46612353143455204,
            -0.15337532902576287,
            -0.02063512558428619,
            0.0191383692776474,
            0.022180933770816664,
            0.041097802393731585,
            -0.03585279203259893,
            0.0020943054756532783
        ],
        [
            -0.4948198522372407,
            -0.160387276752479,
            0.008390382775038755,
            -0.19329779588709503,
            -0.22489279394729383,
            0.0,
            0.0,
            0.0,
            1.0000000000000004,
            0.0,
            0.5210857896124971,
            0.15677819810979393,
            -0.15337532902576298,
            -0.1405734299005046,
            -0.0865451183037574,
            0.14766325804744648,
            0.1711383503796641,
            -0.03585279203259896,
            -0.23087979024696142,
            0.016158741917617826
        ],
        [
            -0.17370028282296068,
            -0.056301935355158185,
            0.0029453382972160465,
            -0.22489279394729395,
            0.3684083350203956,
            0.0,
            0.0,
            0.0,
            0.0,
            1.0000000000000004,
            0.0701069120903705,
            0.02109294778647406,
            -0.020635125584286183,
            -0.0865451183037573,
            0.4910493325811221,
            -0.008625603540175745,
            -0.009996877899174833,
            0.00209430547565328,
            0.016158741917617826,
            0.04480072131408678
        ],
        [
            0.1268066327983005,
            0.3133979760044817,
            0.017602927297208148,
            0.16130278108906812,
            0.03965370083203886,
            0.5804868908878794,
            0.5690469684849806,
            0.12424352660887159,
            0.5210857896124974,
            0.0701069120903705,
            0.9999999999999999,
            0.6848602514927513,
            0.0,
            0.0,
            0.0,
            0.4879230662340329,
            0.5336113100563037,
            -0.018118187435452994,
            -0.4909795257934416,
            0.10938530976131855
        ],
        [
            0.3133979760044817,
            0.6140992315388197,
            0.01861369551765939,
            0.1705648613239328,
            0.041930634659440545,
            0.5690469684849806,
            0.8909939828688987,
            0.03738093921737985,
            0.15677819810979435,
            0.02109294778647409,
            0.6848602514927513,
            1.0000000000000002,
            0.0,
            0.0,
            0.0,
            0.5336113100563037,
            0.8559913864520444,
            -0.006340802232977024,
            -0.17182756744227332,
            0.0382814571744775
        ],
        [
            -0.017602927297208148,
            -0.018613695517659387,
            0.05118420502765872,
            -0.032358344445064434,
            -0.0079547798331892,
            -0.12424352660887156,
            -0.03738093921737981,
            0.46612353143455204,
            -0.15337532902576298,
            -0.020635125584286183,
            0.0,
            0.0,
            1.0000000000000004,
            0.0,
            0.0,
            0.018118187435453008,
            0.006340802232977002,
            0.394948026509988,
            -0.025760527833248534,
            0.005739187010092224
        ],
        [
            -0.16130278108906818,
            -0.17056486132393286,
            -0.03235834444506445,
            -0.2417972066451278,
            -0.07289288243826118,
            -0.5210857896124974,
            -0.15677819810979393,
            -0.15337532902576287,
            -0.14057342990050473,
            -0.0865451183037573,
            0.0,
            0.0,
            0.0,
            1.0000000000000004,
            0.0,
            0.4909795257934409,
            0.1718275674422733,
            -0.025760527833248555,
            -0.3021784551580251,
            0.15552457036299042
        ],
        [
            -0.03965370083203886,
            -0.04193063465944054,
            -0.007954779833189204,
            -0.07289288243826118,
            0.036795916415413646,
            -0.07010691209037051,
            -0.021092947786474085,
            -0.02063512558428619,
            -0.0865451183037574,
            0.4910493325811221,
            0.0,
            0.0,
            0.0,
            0.0,
            1.0000000000000004,
            -0.1093853097613185,
            -0.03828145717447751,
            0.005739187010092228,
            0.15552457036299042,
            0.3612493316281704
        ],
        [
            0.010872819167611052,
            0.11127365621973023,
            0.0010572912520287667,
            0.012754626947631707,
            0.0009644690851130974,
            0.11275234842244833,
            0.29867871790525546,
            0.01913836927764741,
            0.14766325804744648,
            -0.008625603540175747,
            0.4879230662340329,
            0.5336113100563037,
            0.018118187435453015,
            0.4909795257934416,
            -0.10938530976131854,
            0.9999999999999999,
            0.6848602514927513,
            0.0,
            0.0,
            0.0
        ],
        [
            0.11127365621973023,
            0.3212569786326872,
            0.0073203048281472284,
            0.08830845525942625,
            0.006677637488066587,
            0.29867871790525546,
            0.5959196850453298,
            0.02218093377081668,
            0.1711383503796641,
            -0.009996877899174833,
            0.5336113100563037,
            0.8559913864520444,
            0.006340802232977003,
            0.17182756744227332,
            -0.038281457174477514,
            0.6848602514927513,
            1.0000000000000002,
            0.0,
            0.0,
            0.0
        ],
        [
            -0.0010572912520287663,
            -0.007320304828147221,
            0.001045900135435352,
            -0.0012759007204112952,
            -9.64800307811995e-05,
            -0.0191383692776474,
            -0.022180933770816657,
            0.041097802393731585,
            -0.03585279203259894,
            0.0020943054756532783,
            -0.01811818743545299,
            -0.0063408022329770235,
            0.394948026509988,
            -0.02576052783324856,
            0.00573918701009223,
            0.0,
            0.0,
            1.0000000000000004,
            0.0,
            0.0
        ],
        [
            -0.012754626947631706,
            -0.08830845525942617,
            -0.001275900720411296,
            -0.014240155443504451,
            -0.001163886297317765,
            -0.1476632580474464,
            -0.1711383503796641,
            -0.03585279203259895,
            -0.23087979024696148,
            0.01615874191761782,
            -0.4909795257934409,
            -0.1718275674422733,
            -0.025760527833248528,
            -0.3021784551580251,
            0.15552457036299042,
            0.0,
            0.0,
            0.0,
            1.0000000000000004,
            0.0
        ],
        [
            -0.0009644690851130973,
            -0.006677637488066578,
            -9.648003078119954e-05,
            -0.0011638862973177644,
            0.0010636557560997713,
            0.008625603540175745,
            0.009996877899174835,
            0.00209430547565328,
            0.01615874191761783,
            0.04480072131408678,
            0.1093853097613185,
            0.03828145717447752,
            0.005739187010092222,
            0.15552457036299042,
            0.3612493316281704,
            0.0,
            0.0,
            0.0,
            0.0,
            1.0000000000000004
        ]
    ],
    "h": [
        [
            -0.25812773087282226,
            -0.46252843724806814,
            0.0015847870696476599,
            -0.2630681889834803,
            -0.09283616804004347,
            -0.5714082697751058,
            -0.45481671780625177,
            -0.008483014582724782,
            0.024180171501022585,
            0.0086599212351956,
            -0.26383722406896315,
            -0.3165509966275962,
            0.05222055793772262,
            0.3174257196461989,
            0.05090110991702648,
            -0.004661592889455175,
            -0.12690193609271733,
            0.00609163357831145,
            0.060069877881880396,
            -8.369916527865146e-05
        ],
        [
            -0.46252843724806814,
            -0.312840277695533,
            2.5465785956193046e-05,
            -0.22908130450621206,
            -0.07963166589625942,
            -0.5424172313758742,
            -0.36845424389510084,
            -0.02824548045414386,
            0.0898527151136623,
            0.05259824693252321,
            -0.3483631567931871,
            -0.31520479573439086,
            0.04621872865489816,
            0.20021832695670555,
            0.04088311624467893,
            -0.12463414381605653,
            -0.18872657929948256,
            0.007782796936386185,
            0.10928690413627495,
            -0.014172673578171294
        ],
        [
            0.0015847870696476599,
            2.5465785956193046e-05,
            1.4786136456444956,
            0.0004359366320668711,
            0.0003963114378499337,
            -0.005346038159378933,
            -0.0021721031168804843,
            0.36120335794249536,
            0.008341537514220681,
            0.004173581848790225,
            -0.01298601470319699,
            -0.0018997799128445542,
            -0.046394749363288315,
            0.001529304106329843,
            0.0003768279275065192,
            -0.00564614050676403,
            -0.00466009863404091,
            -0.003328691442057894,
            0.006134576717782206,
            -8.448186954302793e-05
        ],
        [
            -0.2630681889834803,
            -0.22908130450621206,
            0.0004359366320668711,
            1.2320990553990971,
            -0.08500802852744428,
            -0.08936357485576074,
            -0.22293143345556132,
            -0.0036579285568115877,
            -0.5541996363859323,
            -0.3095446338479997,
            -0.24898010505861376,
            -0.18570822538371662,
            0.04429359626461104,
            0.16548474192348717,
            0.03558073624815844,
            -0.0608029793276398,
            -0.11293362320194265,
            0.007098969913956445,
            0.08107697622029325,
            -0.0008095523816487767
        ],
        [
            -0.09283616804004347,
            -0.07963166589625942,
            0.0003963114378499337,
            -0.08500802852744428,
            1.4494484407729415,
            -0.027364149811864524,
            -0.07521540923660473,
            1.6412345546284665e-05,
            -0.31694445420735445,
            0.2541967155027147,
            -0.07267551805055904,
            -0.061838917695066595,
            0.014542583074606884,
            0.07247821831446735,
            -0.035353606419741446,
            -0.009953337013317985,
            -0.03091923606966135,
            0.0011878155901131756,
            0.01365029071725049,
            -0.0043613054086501
        ],
        [
            -0.5714082697751058,
            -0.5424172313758742,
            -0.005346038159378933,
            -0.08936357485576074,
            -0.027364149811864524,
            -0.4724274960851178,
            -0.6135398252547328,
            -0.06186077762968114,
            -0.0009323343895497743,
            0.0524359178713187,
            -0.5602618844071168,
            -0.5349701146071069,
            0.01213133144649503,
            0.055013538621079716,
            0.02863476273232704,
            -0.23817641990298147,
            -0.3364481762456134,
            0.02048971806878329,
            0.2366192666963638,
            -0.03108244089046523
        ],
        [
            -0.45481671780625177,
            -0.36845424389510084,
            -0.0021721031168804843,
            -0.22293143345556132,
            -0.07521540923660473,
            -0.6135398252547328,
            -0.4401113708657691,
            -0.052115953507569215,
            -0.02124019233389282,
            0.04172038144993059,
            -0.5281277370914848,
            -0.41811887752144017,
            0.049077499662517954,
            0.14536077025673638,
            0.06037398215962992,
            -0.2974482420314174,
            -0.30750019721084065,
            0.00919777785751763,
            0.17417660635583304,
            -0.034346214050738774
        ],
        [
            -0.008483014582724782,
            -0.02824548045414386,
            0.36120335794249536,
            -0.0036579285568115877,
            1.6412345546284665e-05,
            -0.06186077762968114,
            -0.052115953507569215,
            1.3770187782316088,
            -0.06423745650665533,
            -0.007411839874880562,
            -0.014283155036295903,
            -0.05497474973930712,
            0.38179062991102397,
            -0.22726845527661882,
            -0.025916374025274913,
            -0.05065245067003109,
            -0.04723852399676037,
            -0.042124186590356924,
            0.046091570261749995,
            -0.008028107801200678
        ],
        [
            0.024180171501022585,
            0.0898527151136623,
            0.008341537514220681,
            -0.5541996363859323,
            -0.31694445420735445,
            -0.0009323343895497743,
            -0.02124019233389282,
            -0.06423745650665533,
            0.8509790196169518,
            -0.11715294055266123,
            -0.039439169017721376,
            -0.13630558221892902,
            -0.23201193399241243,
            -0.6418499189494371,
            -0.11836139806858292,
            -0.30103306195971835,
            -0.19494698405973834,
            0.014583498584740506,
            0.18477351004021736,
            -0.041962829011365006
        ],
        [
            0.0086599212351956,
            0.05259824693252321,
            0.004173581848790225,
            -0.3095446338479997,
            0.2541967155027147,
            0.0524359178713187,
            0.04172038144993059,
            -0.007411839874880562,
            -0.11715294055266123,
            1.3598047823968171,
            0.015737310052020864,
            0.012500741888923314,
            -0.033763606372426036,
            -0.15562295924282174,
            0.4130698139145711,
            -0.017682133606951436,
            -0.011944650644729098,
            0.0007448635388221203,
            0.014094365994103873,
            -0.04813467946822912
        ],
        [
            -0.26383722406896315,
            -0.3483631567931871,
            -0.01298601470319699,
            -0.24898010505861376,
            -0.07267551805055904,
            -0.5602618844071168,
            -0.5281277370914848,
            -0.014283155036295903,
            -0.039439169017721376,
            0.015737310052020864,
            -0.4383840837920028,
            -0.5996938428933289,
            0.05056401591609164,
            0.025267461005826913,
            0.0832430542991533,
            -0.533544537109153,
            -0.5208855593518836,
            0.007954298480530683,
            0.09334892980414944,
            -0.014409306283035772
        ],
        [
            -0.3165509966275962,
            -0.31520479573439086,
            -0.0018997799128445542,
            -0.18570822538371662,
            -0.061838917695066595,
            -0.5349701146071069,
            -0.41811887752144017,
            -0.05497474973930712,
            -0.13630558221892902,
            0.012500741888923314,
            -0.5996938428933289,
            -0.4385020428128479,
            0.04249281193057575,
            0.03172235636787978,
            0.07230074559852083,
            -0.43395343350300175,
            -0.3632683576152099,
            0.011249364906198243,
            0.20857839090381336,
            -0.041595006099191145
        ],
        [
            0.05222055793772262,
            0.04621872865489816,
            -0.046394749363288315,
            0.04429359626461104,
            0.014542583074606884,
            0.01213133144649503,
            0.049077499662517954,
            0.38179062991102397,
            -0.23201193399241243,
            -0.033763606372426036,
            0.05056401591609164,
            0.04249281193057575,
            1.386460966681221,
            -0.07553215659788054,
            -0.007363060414984074,
            0.00444657509417468,
            0.017398391575184767,
            0.2897071117414713,
            -0.04614025979267526,
            0.00868782762300388
        ],
        [
            0.3174257196461989,
            0.20021832695670555,
            0.001529304106329843,
            0.16548474192348717,
            0.07247821831446735,
            0.055013538621079716,
            0.14536077025673638,
            -0.22726845527661882,
            -0.6418499189494371,
            -0.15562295924282174,
            0.025267461005826913,
            0.03172235636787978,
            -0.07553215659788054,
            0.868069230959903,
            0.005104226402908517,
            -0.04347459332177839,
            -0.0884013407875757,
            -0.03694183247417877,
            -0.6549778337832758,
            0.20567846838650256
        ],
        [
            0.05090110991702648,
            0.04088311624467893,
            0.0003768279275065192,
            0.03558073624815844,
            -0.035353606419741446,
            0.02863476273232704,
            0.06037398215962992,
            -0.025916374025274913,
            -0.11836139806858292,
            0.4130698139145711,
            0.0832430542991533,
            0.07230074559852083,
            -0.007363060414984074,
            0.005104226402908517,
            1.3857575219125733,
            0.01247250107022646,
            0.053915396694457995,
            0.006118813854201318,
            0.19260469158847798,
            0.24768437399793353
        ],
        [
            -0.004661592889455175,
            -0.12463414381605653,
            -0.00564614050676403,
            -0.0608029793276398,
            -0.009953337013317985,
            -0.23817641990298147,
            -0.2974482420314174,
            -0.05065245067003109,
            -0.30103306195971835,
            -0.017682133606951436,
            -0.533544537109153,
            -0.43395343350300175,
            0.00444657509417468,
            -0.04347459332177839,
            0.01247250107022646,
            -0.22141484734100003,
            -0.44583888145650885,
            0.010404111472468537,
            0.2415539249561679,
            -0.05326043503282159
        ],
        [
            -0.12690193609271733,
            -0.18872657929948256,
            -0.00466009863404091,
            -0.11293362320194265,
            -0.03091923606966135,
            -0.3364481762456134,
            -0.30750019721084065,
            -0.04723852399676037,
            -0.19494698405973834,
            -0.011944650644729098,
            -0.5208855593518836,
            -0.3632683576152099,
            0.017398391575184767,
            -0.0884013407875757,
            0.053915396694457995,
            -0.44583888145650885,
            -0.30643323624334773,
            0.010233119980842649,
            0.21873783594285193,
            -0.04676255066201883
        ],
        [
            0.00609163357831145,
            0.007782796936386185,
            -0.003328691442057894,
            0.007098969913956445,
            0.0011878155901131756,
            0.02048971806878329,
            0.00919777785751763,
            -0.042124186590356924,
            0.014583498584740506,
            0.0007448635388221203,
            0.007954298480530683,
            0.011249364906198243,
            0.2897071117414713,
            -0.03694183247417877,
            0.006118813854201318,
            0.010404111472468537,
            0.010233119980842649,
            1.4931327404718766,
            -0.010402780706619397,
            0.0019280194365718724
        ],
        [
            0.060069877881880396,
            0.10928690413627495,
            0.006134576717782206,
            0.08107697622029325,
            0.01365029071725049,
            0.2366192666963638,
            0.17417660635583304,
            0.046091570261749995,
            0.18477351004021736,
            0.014094365994103873,
            0.09334892980414944,
            0.20857839090381336,
            -0.04614025979267526,
            -0.6549778337832758,
            0.19260469158847798,
            0.2415539249561679,
            0.21873783594285193,
            -0.010402780706619397,
            1.2633384997838906,
            0.048799225352313
        ],
        [
            -8.369916527865146e-05,
            -0.014172673578171294,
            -8.448186954302793e-05,
            -0.0008095523816487767,
            -0.0043613054086501,
            -0.03108244089046523,
            -0.034346214050738774,
            -0.008028107801200678,
            -0.041962829011365006,
            -0.04813467946822912,
            -0.014409306283035772,
            -0.041595006099191145,
            0.00868782762300388,
            0.20567846838650256,
            0.24768437399793353,
            -0.05326043503282159,
            -0.04676255066201883,
            0.0019280194365718724,
            0.048799225352313,
            1.4829743332373777
        ]
    ]
}