{
    "HF": -2.1365053443636506,
    "coordinates": [
        [
            0.788346,
            0.132455,
            0.133153
        ],
        [
            1.568024,
            0.097402,
            -0.077938
        ],
        [
            2.29611,
            0.038932,
            -0.022279
        ],
        [
            2.988222,
            0.198222,
            0.08423
        ]
    ],
    "elements": [
        "H",
        "H",
        "H",
        "H"
    ],
    "Enn": 3.0718757832145687,
    "S": [
        [
            0.9999999999999999,
            0.6848602514927513,
            0.0,
            0.0,
            0.0,
            0.5161744841671878,
            0.5449428480026309,
            0.1350492764858091,
            -0.49881307015411713,
            0.02242578929777711,
            0.11967797610221233,
            0.30606732804614895,
            0.016171223121471644,
            -0.15686852165913437,
            0.009730179756995942,
            0.014629360673798279,
            0.1263958712915791,
            0.00039530390217674185,
            -0.017775270672382354,
            -0.0005314055093607866
        ],
        [
            0.6848602514927513,
            1.0000000000000002,
            0.0,
            0.0,
            0.0,
            0.5449428480026309,
            0.8672780589858654,
            0.04501029735914128,
            -0.16624838872514955,
            0.007474245483369642,
            0.30606732804614895,
            0.6050866593133388,
            0.017890929272909143,
            -0.1735504856415576,
            0.010764922142096109,
            0.12639587129157911,
            0.3479606389131124,
            0.002183174787046915,
            -0.09816883301983981,
            -0.0029348334366190642
        ],
        [
            0.0,
            0.0,
            1.0000000000000004,
            0.0,
            0.0,
            -0.1350492764858091,
            -0.045010297359141256,
            0.3785230733178152,
            0.1828949829197414,
            -0.008222648114074908,
            -0.016171223121471644,
            -0.017890929272909136,
            0.04695872036990193,
            0.03048269213267216,
            -0.0018907685926470574,
            -0.0003953039021767415,
            -0.0021831747870469137,
            0.001841888863676892,
            0.0005178618207859163,
            1.548188096403042e-05
        ],
        [
            0.0,
            0.0,
            0.0,
            1.0000000000000004,
            0.0,
            0.4988130701541168,
            0.1662483887251495,
            0.1828949829197413,
            -0.24749393169777392,
            0.03037087244972877,
            0.15686852165913437,
            0.17355048564155753,
            0.03048269213267216,
            -0.24559543526944164,
            0.018341350663466326,
            0.017775270672382354,
            0.09816883301983974,
            0.0005178618207859163,
            -0.021432815435255673,
            -0.000696159646130192
        ],
        [
            0.0,
            0.0,
            0.0,
            0.0,
            1.0000000000000004,
            -0.02242578929777711,
            -0.007474245483369639,
            -0.008222648114074901,
            0.03037087244972876,
            0.42667486758099926,
            -0.009730179756995937,
            -0.010764922142096104,
            -0.001890768592647058,
            0.018341350663466333,
            0.04896344237246079,
            0.0005314055093607874,
            0.002934833436619062,
            1.5481880964030407e-05,
            -0.0006961596461301914,
            0.0018325933499348742
        ],
        [
            0.5161744841671878,
            0.5449428480026309,
            -0.1350492764858091,
            0.4988130701541168,
            -0.02242578929777711,
            0.9999999999999999,
            0.6848602514927513,
            0.0,
            0.0,
            0.0,
            0.5767301500772286,
            0.5676988779840133,
            -0.040973633246257066,
            -0.5359839151931283,
            0.043042964047299646,
            0.1485617287394087,
            0.3342819658502625,
            -0.02196908906138543,
            -0.19239588788664513,
            -0.013658203586212326
        ],
        [
            0.5449428480026309,
            0.8672780589858654,
            -0.04501029735914128,
            0.16624838872514955,
            -0.007474245483369642,
            0.6848602514927513,
            1.0000000000000002,
            0.0,
            0.0,
            0.0,
            0.5676988779840133,
            0.889677825193684,
            -0.012397771476593314,
            -0.16217761446139733,
            0.013023908051463575,
            0.3342819658502625,
            0.6393470560523361,
            -0.02051263886739388,
            -0.17964091987442063,
            -0.012752727113922896
        ],
        [
            0.1350492764858091,
            0.04501029735914125,
            0.3785230733178152,
            0.1828949829197413,
            -0.008222648114074901,
            0.0,
            0.0,
            1.0000000000000004,
            0.0,
            0.0,
            0.040973633246257066,
            0.0123977714765933,
            0.4942767588029041,
            -0.052423672946164276,
            0.004209958929525118,
            0.021969089061385436,
            0.020512638867393865,
            0.0648140744360406,
            -0.041593726588477806,
            -0.002952742867297612
        ],
        [
            -0.4988130701541168,
            -0.1662483887251495,
            0.1828949829197414,
            -0.24749393169777392,
            0.03037087244972876,
            0.0,
            0.0,
            0.0,
            1.0000000000000004,
            0.0,
            0.5359839151931279,
            0.1621776144613973,
            -0.05242367294616425,
            -0.18747974942018822,
            0.055071276112798,
            0.19239588788664513,
            0.17964091987442057,
            -0.04159372658847779,
            -0.2946965388079186,
            -0.025858859421404545
        ],
        [
            0.02242578929777711,
            0.007474245483369639,
            -0.008222648114074908,
            0.03037087244972877,
            0.42667486758099926,
            0.0,
            0.0,
            0.0,
            0.0,
            1.0000000000000004,
            -0.04304296404729964,
            -0.013023908051463562,
            0.004209958929525118,
            0.05507127611279803,
            0.4938617414810428,
            0.013658203586212326,
            0.012752727113922904,
            -0.0029527428672976113,
            -0.02585885942140455,
            0.06772780987753134
        ],
        [
            0.11967797610221233,
            0.30606732804614895,
            -0.016171223121471644,
            0.15686852165913437,
            -0.009730179756995937,
            0.5767301500772286,
            0.5676988779840133,
            0.040973633246257066,
            0.5359839151931283,
            -0.04304296404729966,
            0.9999999999999999,
            0.6848602514927513,
            0.0,
            0.0,
            0.0,
            0.5883866688145414,
            0.5718588822831644,
            -0.08041389096541904,
            -0.5225419345206329,
            -0.12026334574431832
        ],
        [
            0.30606732804614895,
            0.6050866593133388,
            -0.017890929272909143,
            0.1735504856415576,
            -0.010764922142096109,
            0.5676988779840133,
            0.889677825193684,
            0.012397771476593326,
            0.16217761446139733,
            -0.013023908051463588,
            0.6848602514927513,
            1.0000000000000002,
            0.0,
            0.0,
            0.0,
            0.5718588822831644,
            0.8937354765268666,
            -0.02390997018747732,
            -0.15537069436756817,
            -0.035758660311929216
        ],
        [
            0.016171223121471644,
            0.01789092927290914,
            0.04695872036990193,
            0.03048269213267216,
            -0.001890768592647058,
            -0.040973633246257066,
            -0.012397771476593305,
            0.4942767588029041,
            -0.05242367294616425,
            0.004209958929525118,
            0.0,
            0.0,
            1.0000000000000004,
            0.0,
            0.0,
            0.08041389096541902,
            0.023909970187477314,
            0.4969022226687207,
            -0.09798248444351734,
            -0.022550728707214845
        ],
        [
            -0.15686852165913437,
            -0.17355048564155753,
            0.03048269213267216,
            -0.24559543526944164,
            0.018341350663466333,
            -0.5359839151931283,
            -0.1621776144613973,
            -0.052423672946164276,
            -0.18747974942018839,
            0.05507127611279803,
            0.0,
            0.0,
            0.0,
            1.0000000000000004,
            0.0,
            0.5225419345206329,
            0.15537069436756812,
            -0.09798248444351734,
            -0.1247246487522845,
            -0.14653813243019728
        ],
        [
            0.009730179756995937,
            0.010764922142096104,
            -0.0018907685926470574,
            0.018341350663466326,
            0.04896344237246079,
            0.04304296404729964,
            0.013023908051463562,
            0.004209958929525118,
            0.055071276112798,
            0.4938617414810428,
            0.0,
            0.0,
            0.0,
            0.0,
            1.0000000000000004,
            0.1202633457443183,
            0.03575866031192914,
            -0.022550728707214838,
            -0.14653813243019723,
            0.47825489004161476
        ],
        [
            0.014629360673798279,
            0.1263958712915791,
            -0.00039530390217674185,
            0.017775270672382354,
            0.0005314055093607873,
            0.1485617287394087,
            0.3342819658502625,
            0.02196908906138543,
            0.19239588788664502,
            0.01365820358621232,
            0.5883866688145414,
            0.5718588822831644,
            0.08041389096541904,
            0.5225419345206329,
            0.12026334574431832,
            0.9999999999999999,
            0.6848602514927513,
            0.0,
            0.0,
            0.0
        ],
        [
            0.12639587129157911,
            0.3479606389131124,
            -0.002183174787046915,
            0.09816883301983981,
            0.0029348334366190642,
            0.3342819658502625,
            0.6393470560523361,
            0.02051263886739388,
            0.17964091987442063,
            0.012752727113922908,
            0.5718588822831644,
            0.8937354765268666,
            0.02390997018747732,
            0.15537069436756817,
            0.035758660311929195,
            0.6848602514927513,
            1.0000000000000002,
            0.0,
            0.0,
            0.0
        ],
        [
            0.0003953039021767415,
            0.0021831747870469137,
            0.001841888863676892,
            0.0005178618207859163,
            1.5481880964030407e-05,
            -0.021969089061385436,
            -0.020512638867393865,
            0.0648140744360406,
            -0.04159372658847779,
            -0.0029527428672976113,
            -0.08041389096541902,
            -0.023909970187477314,
            0.4969022226687207,
            -0.09798248444351734,
            -0.022550728707214845,
            0.0,
            0.0,
            1.0000000000000004,
            0.0,
            0.0
        ],
        [
            -0.017775270672382354,
            -0.09816883301983974,
            0.0005178618207859163,
            -0.021432815435255673,
            -0.0006961596461301914,
            -0.19239588788664524,
            -0.17964091987442057,
            -0.041593726588477806,
            -0.2946965388079186,
            -0.02585885942140455,
            -0.5225419345206329,
            -0.15537069436756812,
            -0.09798248444351734,
            -0.1247246487522845,
            -0.14653813243019728,
            0.0,
            0.0,
            0.0,
            1.0000000000000004,
            0.0
        ],
        [
            -0.0005314055093607867,
            -0.002934833436619062,
            1.548188096403042e-05,
            -0.000696159646130192,
            0.0018325933499348742,
            -0.013658203586212324,
            -0.012752727113922916,
            -0.002952742867297612,
            -0.025858859421404545,
            0.06772780987753134,
            -0.12026334574431827,
            -0.03575866031192916,
            -0.022550728707214838,
            -0.14653813243019723,
            0.47825489004161476,
            0.0,
            0.0,
            0.0,
            0.0,
            1.0000000000000004
        ]
    ],
    "h": [
        [
            -0.2399387072460597,
            -0.45507407471669237,
            0.06878073721219172,
            -0.2582711523530349,
            0.01279949800048388,
            -0.5531539228560657,
            -0.4449957877399837,
            -0.013376987542608604,
            0.03286106781976106,
            0.002860894348317544,
            -0.2458036346361755,
            -0.3062020752854707,
            -0.0004829363875165846,
            0.3157671486985357,
            -0.015940500729798204,
            -0.016789148288166966,
            -0.1433394147004215,
            0.0035822051807461058,
            0.07755989341267006,
            0.00433600395859015
        ],
        [
            -0.45507407471669237,
            -0.3085805293268078,
            0.05891879116853751,
            -0.22751285632397666,
            0.011408911336655678,
            -0.5315261042205517,
            -0.3650191845012609,
            -0.05997073467941663,
            0.08943580711072352,
            0.0003982010472057488,
            -0.34343967147652366,
            -0.3108358621440499,
            0.0038718467741263654,
            0.19621474518511955,
            -0.02440510162802088,
            -0.14720821673348866,
            -0.20302994144986974,
            0.01492751034411287,
            0.13000388262824872,
            0.01913873646386124
        ],
        [
            0.06878073721219172,
            0.05891879116853751,
            1.4778185610023145,
            0.06322161804230887,
            -0.0029626147485861953,
            0.015758839497287264,
            0.05319322807328242,
            0.2732960522869296,
            0.25222562893882605,
            -0.011921805442900665,
            0.0431768372535718,
            0.043711656303433905,
            -0.04688620913775142,
            -0.0541070833000767,
            0.0037200903629066133,
            0.005709254981022241,
            0.022527970899180027,
            -0.006499189739117406,
            -0.009302026885137007,
            -0.0007474337919329715
        ],
        [
            -0.2582711523530349,
            -0.22751285632397666,
            0.06322161804230887,
            1.2500528063951926,
            0.011723354294130024,
            -0.08502731130400876,
            -0.2173231125997186,
            0.23809774019068497,
            -0.6142123792396349,
            0.045447518625398364,
            -0.24272483234900374,
            -0.1795793559701258,
            0.004594595722116401,
            0.18108841563537637,
            -0.018063139452266334,
            -0.07456602264105221,
            -0.1191130703960116,
            0.003890703554584535,
            0.10340471375032087,
            0.007676647893277057
        ],
        [
            0.01279949800048388,
            0.011408911336655678,
            -0.0029626147485861953,
            0.011723354294130024,
            1.4941153583362272,
            0.005354894535706353,
            0.011000889528598023,
            -0.010449170951504196,
            0.042470533901694384,
            0.33710174787779645,
            0.012680001779450105,
            0.008707755429165059,
            -0.00027384430585986573,
            -0.011790492988721077,
            -0.04501760340310637,
            0.0010054963991459752,
            0.004744674891748578,
            -0.00018478250126406832,
            -0.0001953088079144215,
            -0.006006207412596505
        ],
        [
            -0.5531539228560657,
            -0.5315261042205517,
            0.015758839497287264,
            -0.08502731130400876,
            0.005354894535706353,
            -0.4491553722095931,
            -0.6050025220413111,
            -0.08376086917170646,
            -0.01627466634715119,
            0.0087265717190782,
            -0.5620824675847744,
            -0.5299180128182649,
            -0.012647393594032025,
            0.03636368774864995,
            -0.018339460112419312,
            -0.2934157834618119,
            -0.3653318339220949,
            0.03556594881514769,
            0.2734913137899925,
            0.03964550649262512
        ],
        [
            -0.4449957877399837,
            -0.3650191845012609,
            0.05319322807328242,
            -0.2173231125997186,
            0.011000889528598023,
            -0.6050025220413111,
            -0.43891290915427383,
            -0.06994105310531665,
            -0.032713715668773555,
            0.005823324313872738,
            -0.5413407280915264,
            -0.41800276972251904,
            -0.006968610408344629,
            0.1290669737991766,
            -0.046883291052879035,
            -0.3404361518979789,
            -0.3244217943089802,
            0.030462669556238307,
            0.20824420452658443,
            0.04101295015566979
        ],
        [
            -0.013376987542608604,
            -0.05997073467941663,
            0.2732960522869296,
            0.23809774019068497,
            -0.010449170951504196,
            -0.08376086917170646,
            -0.06994105310531665,
            1.3834165000014111,
            0.038627829638414546,
            -0.001147800481590087,
            -0.02222179939969672,
            -0.04987046153331078,
            0.42001451824649194,
            -0.057748517137580835,
            0.0030818003381206764,
            -0.025234452275554,
            -0.02860299202261317,
            -0.04470337206121976,
            0.01629824807150891,
            0.003741967466968567
        ],
        [
            0.03286106781976106,
            0.08943580711072352,
            0.25222562893882605,
            -0.6142123792396349,
            0.042470533901694384,
            -0.01627466634715119,
            -0.032713715668773555,
            0.038627829638414546,
            0.8285209161972431,
            0.029273887794338094,
            -0.07285609594678721,
            -0.15330684128493294,
            -0.08732350665827934,
            -0.7256896914198152,
            0.05697281511203939,
            -0.3496361475322607,
            -0.20911606682675704,
            0.03151603709112946,
            0.14356153691991158,
            0.047413072203858084
        ],
        [
            0.002860894348317544,
            0.0003982010472057488,
            -0.011921805442900665,
            0.045447518625398364,
            0.33710174787779645,
            0.0087265717190782,
            0.005823324313872738,
            -0.001147800481590087,
            0.029273887794338094,
            1.399483730684552,
            -0.005496828207603027,
            0.007823553028345892,
            0.005831176365600295,
            0.08045132389034144,
            0.4204379395464156,
            0.003534098904799148,
            0.009627851365687334,
            -0.0019964116400735185,
            -0.015365144874158222,
            -0.049145101278968706
        ],
        [
            -0.2458036346361755,
            -0.34343967147652366,
            0.0431768372535718,
            -0.24272483234900374,
            0.012680001779450105,
            -0.5620824675847744,
            -0.5413407280915264,
            -0.02222179939969672,
            -0.07285609594678721,
            -0.005496828207603027,
            -0.5082100120742561,
            -0.6262550853567852,
            -0.02443816889290034,
            -0.03789618082582774,
            -0.08544888290272287,
            -0.6168677069943193,
            -0.5659951141382962,
            0.012342220356550526,
            0.08766406631547519,
            0.01062808408834906
        ],
        [
            -0.3062020752854707,
            -0.3108358621440499,
            0.043711656303433905,
            -0.1795793559701258,
            0.008707755429165059,
            -0.5299180128182649,
            -0.41800276972251904,
            -0.04987046153331078,
            -0.15330684128493294,
            0.007823553028345892,
            -0.6262550853567852,
            -0.43893426720747075,
            -0.018705205035546027,
            0.0056899955688691495,
            -0.06624831556563215,
            -0.47970358482290787,
            -0.37282216134791524,
            0.037701793045149874,
            0.25121788610625506,
            0.05027887187797969
        ],
        [
            -0.0004829363875165846,
            0.0038718467741263654,
            -0.04688620913775142,
            0.004594595722116401,
            -0.00027384430585986573,
            -0.012647393594032025,
            -0.006968610408344629,
            0.42001451824649194,
            -0.08732350665827934,
            0.005831176365600295,
            -0.02443816889290034,
            -0.018705205035546027,
            1.3764335116263189,
            -0.05998796339987983,
            -0.007786204942197906,
            0.0017378573949367315,
            -0.02272686553297465,
            0.4361689911067077,
            -0.14372937232579366,
            -0.03294451621071048
        ],
        [
            0.3157671486985357,
            0.19621474518511955,
            -0.0541070833000767,
            0.18108841563537637,
            -0.011790492988721077,
            0.03636368774864995,
            0.1290669737991766,
            -0.057748517137580835,
            -0.7256896914198152,
            0.08045132389034144,
            -0.03789618082582774,
            0.0056899955688691495,
            -0.05998796339987983,
            0.7850289296378059,
            -0.04029836930913178,
            -0.0022673662319100396,
            -0.09740299069465314,
            -0.1457061236383419,
            -0.5096280098116347,
            -0.2154222752158187
        ],
        [
            -0.015940500729798204,
            -0.02440510162802088,
            0.0037200903629066133,
            -0.018063139452266334,
            -0.04501760340310637,
            -0.018339460112419312,
            -0.046883291052879035,
            0.0030818003381206764,
            0.05697281511203939,
            0.4204379395464156,
            -0.08544888290272287,
            -0.06624831556563215,
            -0.007786204942197906,
            -0.04029836930913178,
            1.3682324426002994,
            -0.010595640737241563,
            -0.05828128212261185,
            -0.03082231770654266,
            -0.19891471273921174,
            0.4108482506982064
        ],
        [
            -0.016789148288166966,
            -0.14720821673348866,
            0.005709254981022241,
            -0.07456602264105221,
            0.0010054963991459752,
            -0.2934157834618119,
            -0.3404361518979789,
            -0.025234452275554,
            -0.3496361475322607,
            0.003534098904799148,
            -0.6168677069943193,
            -0.47970358482290787,
            0.0017378573949367315,
            -0.0022673662319100396,
            -0.010595640737241563,
            -0.30533599452148086,
            -0.4831764823023994,
            0.04855776413897992,
            0.3084690170623965,
            0.06874147731735575
        ],
        [
            -0.1433394147004215,
            -0.20302994144986974,
            0.022527970899180027,
            -0.1191130703960116,
            0.004744674891748578,
            -0.3653318339220949,
            -0.3244217943089802,
            -0.02860299202261317,
            -0.20911606682675704,
            0.009627851365687334,
            -0.5659951141382962,
            -0.37282216134791524,
            -0.02272686553297465,
            -0.09740299069465314,
            -0.05828128212261185,
            -0.4831764823023994,
            -0.31894250115184986,
            0.03952291446793371,
            0.25532733707326416,
            0.054528368676929
        ],
        [
            0.0035822051807461058,
            0.01492751034411287,
            -0.006499189739117406,
            0.003890703554584535,
            -0.00018478250126406832,
            0.03556594881514769,
            0.030462669556238307,
            -0.04470337206121976,
            0.03151603709112946,
            -0.0019964116400735185,
            0.012342220356550526,
            0.037701793045149874,
            0.4361689911067077,
            -0.1457061236383419,
            -0.03082231770654266,
            0.04855776413897992,
            0.03952291446793371,
            1.460641190230216,
            -0.04500118538311915,
            -0.009813731226177694
        ],
        [
            0.07755989341267006,
            0.13000388262824872,
            -0.009302026885137007,
            0.10340471375032087,
            -0.0001953088079144215,
            0.2734913137899925,
            0.20824420452658443,
            0.01629824807150891,
            0.14356153691991158,
            -0.015365144874158222,
            0.08766406631547519,
            0.25121788610625506,
            -0.14372937232579366,
            -0.5096280098116347,
            -0.19891471273921174,
            0.3084690170623965,
            0.25532733707326416,
            -0.04500118538311915,
            1.1715021295122972,
            -0.06354646821004406
        ],
        [
            0.00433600395859015,
            0.01913873646386124,
            -0.0007474337919329715,
            0.007676647893277057,
            -0.006006207412596505,
            0.03964550649262512,
            0.04101295015566979,
            0.003741967466968567,
            0.047413072203858084,
            -0.049145101278968706,
            0.01062808408834906,
            0.05027887187797969,
            -0.03294451621071048,
            -0.2154222752158187,
            0.4108482506982064,
            0.06874147731735575,
            0.054528368676929,
            -0.009813731226177694,
            -0.06354646821004406,
            1.453194484469599
        ]
    ]
}