{
    "HF": -2.141735494656731,
    "coordinates": [
        [
            0.80279,
            -0.089142,
            -0.191575
        ],
        [
            1.511374,
            -0.175795,
            -0.034634
        ],
        [
            2.242722,
            -0.157751,
            -0.118091
        ],
        [
            3.040049,
            -0.137424,
            -0.077402
        ]
    ],
    "elements": [
        "H",
        "H",
        "H",
        "H"
    ],
    "Enn": 3.0539905851331315,
    "S": [
        [
            0.9999999999999999,
            0.6848602514927513,
            0.0,
            0.0,
            0.0,
            0.5780529305831094,
            0.5681743587629036,
            -0.1158677319565219,
            -0.5231394025823722,
            0.06397491144588409,
            0.14477441134664212,
            0.3307922262120527,
            -0.009645424155701377,
            -0.18900379532098677,
            0.009005537340081046,
            0.012700065044319418,
            0.11895474354563379,
            -0.0007761247663093412,
            -0.015208430351733509,
            0.0003282111879949516
        ],
        [
            0.6848602514927513,
            1.0000000000000002,
            0.0,
            0.0,
            0.0,
            0.5681743587629036,
            0.8901421786950557,
            -0.03498909771111868,
            -0.15797474727786429,
            0.0193187903986948,
            0.3307922262120527,
            0.6351706476221577,
            -0.009191251854190743,
            -0.18010420860198909,
            0.008581495270591854,
            0.11895474354563373,
            0.3349805701742188,
            -0.004773785519509233,
            -0.09354396063510381,
            0.002018760236246263
        ],
        [
            0.0,
            0.0,
            1.0000000000000004,
            0.0,
            0.0,
            0.11586773195652189,
            0.034989097711118654,
            0.46787419840949873,
            -0.14430704057166235,
            0.017647361479593473,
            0.009645424155701372,
            0.009191251854190738,
            0.06596131724907234,
            -0.018377553691581606,
            0.0008756424478556784,
            0.0007761247663093412,
            0.004773785519509232,
            0.001427684237967651,
            -0.0009799319894728733,
            2.114778678540538e-05
        ],
        [
            0.0,
            0.0,
            0.0,
            1.0000000000000004,
            0.0,
            0.5231394025823721,
            0.15797474727786426,
            -0.14430704057166235,
            -0.15170594585510713,
            0.07967731814284514,
            0.1890037953209867,
            0.1801042086019891,
            -0.018377553691581634,
            -0.2932122424361451,
            0.017158368913310705,
            0.015208430351733507,
            0.09354396063510383,
            -0.0009799319894728737,
            -0.017724409971231245,
            0.00041439811790641625
        ],
        [
            0.0,
            0.0,
            0.0,
            0.0,
            1.0000000000000004,
            -0.06397491144588408,
            -0.01931879039869482,
            0.017647361479593476,
            0.07967731814284516,
            0.49009233007112984,
            -0.009005537340081039,
            -0.00858149527059185,
            0.000875642447855679,
            0.017158368913310695,
            0.06608162683501032,
            -0.00032821118799495133,
            -0.002018760236246264,
            2.114778678540539e-05,
            0.00041439811790641625,
            0.0014687495795777767
        ],
        [
            0.5780529305831094,
            0.5681743587629036,
            0.1158677319565219,
            0.5231394025823723,
            -0.06397491144588408,
            0.9999999999999999,
            0.6848602514927513,
            0.0,
            0.0,
            0.0,
            0.5736873487797267,
            0.566601780708201,
            0.061027979405373474,
            -0.5347986469937944,
            -0.01319468541153598,
            0.11627526658931452,
            0.3024715418445502,
            0.00429592836991449,
            -0.15355121354468373,
            -0.0038542617723996697
        ],
        [
            0.5681743587629036,
            0.8901421786950557,
            0.0349890977111187,
            0.15797474727786429,
            -0.019318790398694823,
            0.6848602514927513,
            1.0000000000000002,
            0.0,
            0.0,
            0.0,
            0.566601780708201,
            0.8886058371957292,
            0.018551296659802895,
            -0.16256819331576153,
            -0.004010922953490799,
            0.3024715418445503,
            0.6006360010863776,
            0.004860941847489832,
            -0.1737467330413279,
            -0.00436118592475759
        ],
        [
            -0.11586773195652186,
            -0.034989097711118654,
            0.46787419840949873,
            -0.14430704057166233,
            0.017647361479593473,
            0.0,
            0.0,
            1.0000000000000004,
            0.0,
            0.0,
            -0.06102797940537348,
            -0.01855129665980288,
            0.4857715420052166,
            0.07839277647641571,
            0.0019341261051379678,
            -0.00429592836991449,
            -0.00486094184748982,
            0.047717121572930954,
            0.008137813103977891,
            0.00020426580313849307
        ],
        [
            -0.5231394025823722,
            -0.15797474727786426,
            -0.1443070405716624,
            -0.1517059458551073,
            0.07967731814284516,
            0.0,
            0.0,
            0.0,
            1.0000000000000004,
            0.0,
            0.5347986469937944,
            0.16256819331576186,
            0.07839277647641575,
            -0.1922520905791744,
            -0.016949078672135874,
            0.15355121354468368,
            0.1737467330413277,
            0.008137813103977891,
            -0.2429285557738492,
            -0.007301160367862324
        ],
        [
            0.06397491144588409,
            0.019318790398694843,
            0.017647361479593476,
            0.07967731814284514,
            0.49009233007112984,
            0.0,
            0.0,
            0.0,
            0.0,
            1.0000000000000004,
            0.013194685411535982,
            0.004010922953490798,
            0.0019341261051379751,
            -0.01694907867213593,
            0.49429907851428234,
            0.0038542617723996697,
            0.004361185924757589,
            0.00020426580313849307,
            -0.007301160367862324,
            0.04776152942048238
        ],
        [
            0.14477441134664212,
            0.3307922262120527,
            0.009645424155701377,
            0.18900379532098674,
            -0.009005537340081046,
            0.5736873487797267,
            0.566601780708201,
            -0.061027979405373474,
            0.5347986469937944,
            0.01319468541153598,
            0.9999999999999999,
            0.6848602514927513,
            0.0,
            0.0,
            0.0,
            0.5239463764611879,
            0.5479766452915242,
            -0.02652873199247594,
            -0.5198474844150714,
            -0.013252956209566713
        ],
        [
            0.3307922262120527,
            0.6351706476221577,
            0.009191251854190743,
            0.1801042086019892,
            -0.008581495270591854,
            0.566601780708201,
            0.8886058371957292,
            -0.018551296659802895,
            0.16256819331576153,
            0.004010922953490844,
            0.6848602514927513,
            1.0000000000000002,
            0.0,
            0.0,
            0.0,
            0.5479766452915242,
            0.8702846441673359,
            -0.008727566311442201,
            -0.17102224838170632,
            -0.004360029502142724
        ],
        [
            -0.009645424155701372,
            -0.009191251854190726,
            0.06596131724907232,
            -0.018377553691581623,
            0.000875642447855679,
            0.06102797940537348,
            0.01855129665980289,
            0.4857715420052166,
            0.07839277647641574,
            0.001934126105137975,
            0.0,
            0.0,
            1.0000000000000004,
            0.0,
            0.0,
            0.026528731992475945,
            0.008727566311442178,
            0.43508099657697713,
            -0.03680327381334829,
            -0.0009382601452151158
        ],
        [
            -0.18900379532098666,
            -0.1801042086019892,
            -0.018377553691581616,
            -0.293212242436145,
            0.0171583689133107,
            -0.5347986469937944,
            -0.1625681933157615,
            0.07839277647641572,
            -0.1922520905791744,
            -0.01694907867213593,
            0.0,
            0.0,
            0.0,
            1.0000000000000004,
            0.0,
            0.5198474844150714,
            0.1710222483817063,
            -0.03680327381334825,
            -0.28422457571342297,
            -0.018385808125142705
        ],
        [
            0.009005537340081039,
            0.00858149527059185,
            0.0008756424478556784,
            0.017158368913310698,
            0.06608162683501032,
            -0.013194685411535982,
            -0.004010922953490798,
            0.0019341261051379682,
            -0.016949078672135874,
            0.49429907851428234,
            0.0,
            0.0,
            0.0,
            0.0,
            1.0000000000000004,
            0.01325295620956671,
            0.004360029502142724,
            -0.000938260145215113,
            -0.018385808125142674,
            0.4364904058738296
        ],
        [
            0.012700065044319418,
            0.11895474354563379,
            0.0007761247663093412,
            0.015208430351733507,
            -0.0003282111879949516,
            0.11627526658931452,
            0.3024715418445502,
            -0.00429592836991449,
            0.15355121354468373,
            0.0038542617723996697,
            0.5239463764611879,
            0.5479766452915242,
            0.02652873199247594,
            0.5198474844150721,
            0.013252956209566713,
            0.9999999999999999,
            0.6848602514927513,
            0.0,
            0.0,
            0.0
        ],
        [
            0.11895474354563373,
            0.3349805701742188,
            0.004773785519509229,
            0.09354396063510377,
            -0.002018760236246263,
            0.3024715418445503,
            0.6006360010863776,
            -0.004860941847489826,
            0.17374673304132773,
            0.00436118592475759,
            0.5479766452915242,
            0.8702846441673359,
            0.008727566311442201,
            0.17102224838170701,
            0.004360029502142724,
            0.6848602514927513,
            1.0000000000000002,
            0.0,
            0.0,
            0.0
        ],
        [
            -0.0007761247663093412,
            -0.004773785519509236,
            0.001427684237967651,
            -0.0009799319894728737,
            2.114778678540539e-05,
            0.00429592836991449,
            0.00486094184748982,
            0.047717121572930954,
            0.008137813103977891,
            0.00020426580313849307,
            -0.026528731992475945,
            -0.008727566311442178,
            0.43508099657697713,
            -0.03680327381334825,
            -0.000938260145215113,
            0.0,
            0.0,
            1.0000000000000004,
            0.0,
            0.0
        ],
        [
            -0.015208430351733502,
            -0.09354396063510387,
            -0.0009799319894728733,
            -0.017724409971231245,
            0.00041439811790641625,
            -0.15355121354468362,
            -0.17374673304132787,
            0.008137813103977891,
            -0.2429285557738492,
            -0.007301160367862324,
            -0.5198474844150716,
            -0.1710222483817063,
            -0.03680327381334829,
            -0.28422457571342297,
            -0.018385808125142674,
            0.0,
            0.0,
            0.0,
            1.0000000000000004,
            0.0
        ],
        [
            0.00032821118799495133,
            0.002018760236246264,
            2.114778678540538e-05,
            0.00041439811790641625,
            0.0014687495795777767,
            -0.0038542617723996697,
            -0.004361185924757589,
            0.00020426580313849307,
            -0.007301160367862324,
            0.04776152942048238,
            -0.013252956209566676,
            -0.004360029502142724,
            -0.0009382601452151158,
            -0.018385808125142705,
            0.4364904058738296,
            0.0,
            0.0,
            0.0,
            0.0,
            1.0000000000000004
        ]
    ],
    "h": [
        [
            -0.29689059446823385,
            -0.48012496558919404,
            -0.06426376763787116,
            -0.30377699553708515,
            0.03616603966155549,
            -0.6086984739962397,
            -0.47587972727471084,
            0.01354103203305812,
            0.006509788830642682,
            -0.00513733482787275,
            -0.28692306608417606,
            -0.33639690264743954,
            -0.009925053530711134,
            0.3456864551874016,
            -0.002773447798756719,
            -0.013000698062238053,
            -0.14096908238330466,
            0.0012859145284998172,
            0.06938574037006295,
            0.00012598056414700638
        ],
        [
            -0.48012496558919404,
            -0.31811363794288083,
            -0.0512834254309684,
            -0.2535353428252676,
            0.029145019120283673,
            -0.5607794348660979,
            -0.3716021673069978,
            0.06033700577336375,
            0.09917627074168439,
            -0.028638698534589703,
            -0.36039188026340385,
            -0.3217211806475486,
            -0.019719651128986947,
            0.2074813566346131,
            0.001210014162199867,
            -0.1385561125421798,
            -0.19857781754827775,
            0.003476883080390125,
            0.12000274729729266,
            0.0022650586268576044
        ],
        [
            -0.06426376763787116,
            -0.0512834254309684,
            1.456416068255985,
            -0.05991740496674519,
            0.007250707714841554,
            -0.009271566704309286,
            -0.04691245915438158,
            0.39536640708794923,
            -0.20984495923685303,
            0.02480152955002283,
            -0.03541091307301462,
            -0.03840457276634504,
            -0.0500364205862876,
            0.04528333926846448,
            0.000198052121228612,
            -0.004116456777905851,
            -0.017619918558479164,
            -0.0047189214647129826,
            0.007905595955937459,
            2.038593559826915e-05
        ],
        [
            -0.30377699553708515,
            -0.2535353428252676,
            -0.05991740496674519,
            1.1765505208136937,
            0.033777515828918026,
            -0.08854330050113612,
            -0.24857610686894988,
            -0.19154381034978235,
            -0.5385082376323618,
            0.10881320033206349,
            -0.2699524045921029,
            -0.20551903780694425,
            -0.021457505551995878,
            0.14945646588646566,
            0.004109544094592257,
            -0.07192537557033679,
            -0.12667615673981908,
            0.003588957352206279,
            0.09574605602203998,
            -0.0002965863715787577
        ],
        [
            0.03616603966155549,
            0.029145019120283673,
            0.007250707714841554,
            0.033777515828918026,
            1.465429167119339,
            0.00656303567736212,
            0.027037190039414093,
            0.024227836151751704,
            0.11636632743619954,
            0.42611777237178905,
            0.02221299345217665,
            0.02206675598369912,
            0.0018123061834316822,
            -0.025062818876859277,
            -0.04731933045031239,
            0.0026895079006254313,
            0.010424093099258153,
            -9.671600487826423e-05,
            -0.004422218395783174,
            -0.004910884356819887
        ],
        [
            -0.6086984739962397,
            -0.5607794348660979,
            -0.009271566704309286,
            -0.08854330050113612,
            0.00656303567736212,
            -0.4969917571431617,
            -0.6215268277471393,
            0.09022716375021364,
            0.03624074475437464,
            -0.04027741916829103,
            -0.5577670799535036,
            -0.537490859406133,
            -0.0009984827596541679,
            0.06950168480982777,
            -0.004228535290201927,
            -0.243350263463366,
            -0.33850154957533307,
            0.0024902597136147314,
            0.2462731986615909,
            0.0060183358309765945
        ],
        [
            -0.47587972727471084,
            -0.3716021673069978,
            -0.04691245915438158,
            -0.24857610686894988,
            0.027037190039414093,
            -0.6215268277471393,
            -0.43768013544976836,
            0.07038277607925718,
            -0.004425307869136461,
            -0.0312283854471641,
            -0.5284969294899194,
            -0.41703330631939295,
            -0.02594605871780138,
            0.14783761072674834,
            -0.0002644328069488777,
            -0.3056204892615726,
            -0.3081949005368798,
            0.006953454917347737,
            0.18523907490830166,
            0.004801669137927024
        ],
        [
            0.01354103203305812,
            0.06033700577336375,
            0.39536640708794923,
            -0.19154381034978235,
            0.024227836151751704,
            0.09022716375021364,
            0.07038277607925718,
            1.370602224123552,
            -0.029863087429709924,
            0.007977015899274319,
            0.01631716728563698,
            0.050986625206166876,
            0.410078533083869,
            0.08990816202173371,
            0.0032754526730617976,
            0.01598653856424799,
            0.027868275914400675,
            -0.046486502141282304,
            -0.02172842116015681,
            -0.0005334540097583982
        ],
        [
            0.006509788830642682,
            0.09917627074168439,
            -0.20984495923685303,
            -0.5385082376323618,
            0.11636632743619954,
            0.03624074475437464,
            -0.004425307869136461,
            -0.029863087429709924,
            0.7948477426123906,
            0.02648248483612943,
            -0.03664933850769403,
            -0.1274218051015853,
            0.10628671434565526,
            -0.7308455545672496,
            -0.024363989319673297,
            -0.31613461757382455,
            -0.19641110643227164,
            0.007132171062875833,
            0.19778726058338514,
            0.006569230916968965
        ],
        [
            -0.00513733482787275,
            -0.028638698534589703,
            0.02480152955002283,
            0.10881320033206349,
            0.42611777237178905,
            -0.04027741916829103,
            -0.0312283854471641,
            0.007977015899274319,
            0.02648248483612943,
            1.383030585736158,
            -0.008585918851678045,
            -0.02066081021636619,
            0.0026230739218759827,
            -0.01224401708369443,
            0.421654514449064,
            -0.004613614203092507,
            -0.009062328868183124,
            0.00012786642644030519,
            0.006447413782849272,
            -0.04586058088204534
        ],
        [
            -0.28692306608417606,
            -0.36039188026340385,
            -0.03541091307301462,
            -0.2699524045921029,
            0.02221299345217665,
            -0.5577670799535036,
            -0.5284969294899194,
            0.01631716728563698,
            -0.03664933850769403,
            -0.008585918851678045,
            -0.45242918809896526,
            -0.6066949229426928,
            -0.0405309476074611,
            0.00043179820968192173,
            -0.000578074919775259,
            -0.5576529530105406,
            -0.5331624529100437,
            -0.00011035638942157033,
            0.08321349618064988,
            0.0024907093240586348
        ],
        [
            -0.33639690264743954,
            -0.3217211806475486,
            -0.03840457276634504,
            -0.20551903780694425,
            0.02206675598369912,
            -0.537490859406133,
            -0.41703330631939295,
            0.050986625206166876,
            -0.1274218051015853,
            -0.02066081021636619,
            -0.6066949229426928,
            -0.4396157217179819,
            -0.03197674339842019,
            0.022185164698166004,
            -0.0012630630845300575,
            -0.44742992845521035,
            -0.363939134731194,
            0.00808902573270871,
            0.22565613968326426,
            0.006064718880769374
        ],
        [
            -0.009925053530711134,
            -0.019719651128986947,
            -0.0500364205862876,
            -0.021457505551995878,
            0.0018123061834316822,
            -0.0009984827596541679,
            -0.02594605871780138,
            0.410078533083869,
            0.10628671434565526,
            0.0026230739218759827,
            -0.0405309476074611,
            -0.03197674339842019,
            1.3974773387949015,
            0.014967376526398284,
            0.00044225533146878646,
            -0.008354019549168881,
            -0.022947904186184913,
            0.3497087484125653,
            -0.04200292009863642,
            -0.0010557271984086734
        ],
        [
            0.3456864551874016,
            0.2074813566346131,
            0.04528333926846448,
            0.14945646588646566,
            -0.025062818876859277,
            0.06950168480982777,
            0.14783761072674834,
            0.08990816202173371,
            -0.7308455545672496,
            -0.01224401708369443,
            0.00043179820968192173,
            0.022185164698166004,
            0.014967376526398284,
            0.8100538466838909,
            -0.01096617995089305,
            -0.031993867368263706,
            -0.10027029250062244,
            -0.05062064872451394,
            -0.6694176025016486,
            -0.02559362270430105
        ],
        [
            -0.002773447798756719,
            0.001210014162199867,
            0.000198052121228612,
            0.004109544094592257,
            -0.04731933045031239,
            -0.004228535290201927,
            -0.0002644328069488777,
            0.0032754526730617976,
            -0.024363989319673297,
            0.421654514449064,
            -0.000578074919775259,
            -0.0012630630845300575,
            0.00044225533146878646,
            -0.01096617995089305,
            1.4012311218968705,
            0.0010048638393970327,
            -0.0022080658794537723,
            -0.0013200927228028713,
            -0.026322142129874382,
            0.3516512358162798
        ],
        [
            -0.013000698062238053,
            -0.1385561125421798,
            -0.004116456777905851,
            -0.07192537557033679,
            0.0026895079006254313,
            -0.243350263463366,
            -0.3056204892615726,
            0.01598653856424799,
            -0.31613461757382455,
            -0.004613614203092507,
            -0.5576529530105406,
            -0.44742992845521035,
            -0.008354019549168881,
            -0.031993867368263706,
            0.0010048638393970327,
            -0.24544861842238164,
            -0.45761510827584706,
            0.01208601186773904,
            0.2718408043063227,
            0.007421184152687773
        ],
        [
            -0.14096908238330466,
            -0.19857781754827775,
            -0.017619918558479164,
            -0.12667615673981908,
            0.010424093099258153,
            -0.33850154957533307,
            -0.3081949005368798,
            0.027868275914400675,
            -0.19641110643227164,
            -0.009062328868183124,
            -0.5331624529100437,
            -0.363939134731194,
            -0.022947904186184913,
            -0.10027029250062244,
            -0.0022080658794537723,
            -0.45761510827584706,
            -0.30838413703838996,
            0.009775854705984816,
            0.23695952861288855,
            0.00646272524723758
        ],
        [
            0.0012859145284998172,
            0.003476883080390125,
            -0.0047189214647129826,
            0.003588957352206279,
            -9.671600487826423e-05,
            0.0024902597136147314,
            0.006953454917347737,
            -0.046486502141282304,
            0.007132171062875833,
            0.00012786642644030519,
            -0.00011035638942157033,
            0.00808902573270871,
            0.3497087484125653,
            -0.05062064872451394,
            -0.0013200927228028713,
            0.01208601186773904,
            0.009775854705984816,
            1.4924843732570459,
            -0.011649809548651704,
            -0.0002927188086375105
        ],
        [
            0.06938574037006295,
            0.12000274729729266,
            0.007905595955937459,
            0.09574605602203998,
            -0.004422218395783174,
            0.2462731986615909,
            0.18523907490830166,
            -0.02172842116015681,
            0.19778726058338514,
            0.006447413782849272,
            0.08321349618064988,
            0.22565613968326426,
            -0.04200292009863642,
            -0.6694176025016486,
            -0.026322142129874382,
            0.2718408043063227,
            0.23695952861288855,
            -0.011649809548651704,
            1.2276293854397173,
            -0.006967910605272503
        ],
        [
            0.00012598056414700638,
            0.0022650586268576044,
            2.038593559826915e-05,
            -0.0002965863715787577,
            -0.004910884356819887,
            0.0060183358309765945,
            0.004801669137927024,
            -0.0005334540097583982,
            0.006569230916968965,
            -0.04586058088204534,
            0.0024907093240586348,
            0.006064718880769374,
            -0.0010557271984086734,
            -0.02559362270430105,
            0.3516512358162798,
            0.007421184152687773,
            0.00646272524723758,
            -0.0002927188086375105,
            -0.006967910605272503,
            1.4929705349992153
        ]
    ]
}