{
    "HF": -2.1358987024632325,
    "coordinates": [
        [
            0.831902,
            -0.075592,
            -0.06878
        ],
        [
            1.626211,
            0.005265,
            0.090742
        ],
        [
            2.33065,
            0.16529,
            0.101319
        ],
        [
            3.131649,
            -0.073563,
            0.101319
        ]
    ],
    "elements": [
        "H",
        "H",
        "H",
        "H"
    ],
    "Enn": 2.9424339377157382,
    "S": [
        [
            0.9999999999999999,
            0.6848602514927513,
            0.0,
            0.0,
            0.0,
            0.5117215993737682,
            0.5431887616192284,
            -0.10094363389491803,
            -0.5026293357370045,
            -0.05116535277793276,
            0.11696432743248023,
            0.30320496517719725,
            -0.017209417647019727,
            -0.1516327566866091,
            -0.024370742577260334,
            0.00998816227415068,
            0.10728439943626264,
            -0.0008618645411152279,
            -0.01165245176536089,
            -1.0280619838581137e-05
        ],
        [
            0.6848602514927513,
            1.0000000000000002,
            0.0,
            0.0,
            0.0,
            0.5431887616192284,
            0.865536800634472,
            -0.03389752219513861,
            -0.16878616715749778,
            -0.017181654894825295,
            0.30320496517719714,
            0.6015454106155412,
            -0.019383336020924496,
            -0.1707872244674487,
            -0.027449289810006744,
            0.10728439943626264,
            0.31398908095273287,
            -0.006366026152987735,
            -0.08606899245295449,
            -7.593617284294559e-05
        ],
        [
            0.0,
            0.0,
            1.0000000000000004,
            0.0,
            0.0,
            0.100943633894918,
            0.033897522195138585,
            0.3950026508132599,
            -0.13913157643300467,
            -0.014162954058991475,
            0.017209417647019713,
            0.019383336020924485,
            0.044744935715861155,
            -0.03201985823927694,
            -0.005146300440363227,
            0.0008618645411152277,
            0.006366026152987734,
            0.0009293783165893508,
            -0.0010205152442406792,
            -9.003709671387169e-07
        ],
        [
            0.0,
            0.0,
            0.0,
            1.0000000000000004,
            0.0,
            0.5026293357370045,
            0.16878616715749759,
            -0.13913157643300472,
            -0.2698342155641104,
            -0.07052169528744288,
            0.15163275668660897,
            0.17078722446744854,
            -0.03201985823927692,
            -0.23374904647354405,
            -0.0453442259648411,
            0.011652451765360887,
            0.08606899245295435,
            -0.0010205152442406787,
            -0.01279255728447847,
            -1.2173060573926727e-05
        ],
        [
            0.0,
            0.0,
            0.0,
            0.0,
            1.0000000000000004,
            0.05116535277793275,
            0.0171816548948253,
            -0.014162954058991479,
            -0.07052169528744288,
            0.41576582310501164,
            0.024370742577260317,
            0.027449289810006716,
            -0.005146300440363226,
            -0.0453442259648411,
            0.04109117806466155,
            1.0280619838581137e-05,
            7.593617284294558e-05,
            -9.003709671387039e-07,
            -1.2173060573926555e-05,
            0.0010048491937728803
        ],
        [
            0.5117215993737682,
            0.5431887616192284,
            0.10094363389491803,
            0.5026293357370045,
            0.05116535277793276,
            0.9999999999999999,
            0.6848602514927513,
            0.0,
            0.0,
            0.0,
            0.5848883848507688,
            0.5706174768544485,
            -0.007925691202677436,
            -0.5278591268906961,
            -0.11991195374004517,
            0.12315235024219254,
            0.3096733856234361,
            -0.0011395039127486096,
            -0.16218705600836175,
            0.00849246614674742
        ],
        [
            0.5431887616192284,
            0.865536800634472,
            0.03389752219513861,
            0.16878616715749778,
            0.017181654894825295,
            0.6848602514927513,
            1.0000000000000002,
            0.0,
            0.0,
            0.0,
            0.5706174768544485,
            0.8925257942622701,
            -0.0023689060783607147,
            -0.1577715636696934,
            -0.0358404268875554,
            0.30967338562343605,
            0.6095301814426402,
            -0.001232812413950058,
            -0.17546777487304005,
            0.009187873401423394
        ],
        [
            -0.100943633894918,
            -0.033897522195138585,
            0.3950026508132599,
            -0.13913157643300467,
            -0.014162954058991475,
            0.0,
            0.0,
            1.0000000000000004,
            0.0,
            0.0,
            0.007925691202677436,
            0.002368906078360714,
            0.507717626230329,
            -0.009823956642686418,
            -0.002231674654222571,
            0.0011395039127486096,
            0.0012328124139500578,
            0.05231868338917939,
            -0.002163418229431884,
            0.00011328127242015718
        ],
        [
            -0.5026293357370045,
            -0.16878616715749775,
            -0.13913157643300472,
            -0.2698342155641104,
            -0.07052169528744288,
            0.0,
            0.0,
            0.0,
            1.0000000000000004,
            0.0,
            0.5278591268906963,
            0.15777156366969297,
            -0.009823956642686437,
            -0.1464204126574353,
            -0.14863181069735232,
            0.1621870560083617,
            0.17546777487304022,
            -0.002163418229431891,
            -0.25558821302427676,
            0.01612346905451989
        ],
        [
            -0.05116535277793275,
            -0.0171816548948253,
            -0.014162954058991479,
            -0.07052169528744288,
            0.41576582310501164,
            0.0,
            0.0,
            0.0,
            0.0,
            1.0000000000000004,
            0.11991195374004515,
            0.03584042688755537,
            -0.0022316746542225766,
            -0.1486318106973524,
            0.4741009503826912,
            -0.00849246614674742,
            -0.009187873401423385,
            0.0001132812724201575,
            0.016123469054519887,
            0.05148962344515181
        ],
        [
            0.11696432743248023,
            0.30320496517719725,
            0.017209417647019727,
            0.15163275668660905,
            0.024370742577260334,
            0.5848883848507688,
            0.5706174768544485,
            0.007925691202677436,
            0.5278591268906963,
            0.11991195374004517,
            0.9999999999999999,
            0.6848602514927513,
            0.0,
            0.0,
            0.0,
            0.4948807777763103,
            0.5364473909826073,
            0.0,
            -0.4858341700944752,
            0.14487277640743085
        ],
        [
            0.30320496517719714,
            0.6015454106155412,
            0.019383336020924496,
            0.1707872244674487,
            0.027449289810006744,
            0.5706174768544485,
            0.8925257942622701,
            0.0023689060783607147,
            0.157771563669693,
            0.0358404268875554,
            0.6848602514927513,
            1.0000000000000002,
            0.0,
            0.0,
            0.0,
            0.5364473909826073,
            0.8588247240398423,
            0.0,
            -0.16795348970835872,
            0.05008270282148998
        ],
        [
            -0.017209417647019713,
            -0.019383336020924485,
            0.044744935715861155,
            -0.03201985823927692,
            -0.005146300440363227,
            -0.007925691202677436,
            -0.002368906078360714,
            0.507717626230329,
            -0.009823956642686439,
            -0.002231674654222577,
            0.0,
            0.0,
            1.0000000000000004,
            0.0,
            0.0,
            0.0,
            0.0,
            0.40377187209027376,
            0.0,
            0.0
        ],
        [
            -0.15163275668660903,
            -0.17078722446744862,
            -0.03201985823927694,
            -0.23374904647354414,
            -0.045344225964841105,
            -0.5278591268906961,
            -0.1577715636696926,
            -0.009823956642686416,
            -0.14642041265743547,
            -0.1486318106973524,
            0.0,
            0.0,
            0.0,
            1.0000000000000004,
            0.0,
            0.4858341700944752,
            0.1679534897083587,
            0.0,
            -0.26878986198250027,
            0.20055379328623907
        ],
        [
            -0.024370742577260317,
            -0.027449289810006723,
            -0.005146300440363226,
            -0.045344225964841084,
            0.04109117806466155,
            -0.11991195374004514,
            -0.035840426887555385,
            -0.002231674654222571,
            -0.14863181069735232,
            0.4741009503826912,
            0.0,
            0.0,
            0.0,
            0.0,
            1.0000000000000004,
            -0.14487277640743082,
            -0.05008270282148993,
            0.0,
            0.2005537932862393,
            0.34396795824294296
        ],
        [
            0.00998816227415068,
            0.10728439943626264,
            0.0008618645411152279,
            0.01165245176536089,
            1.0280619838581137e-05,
            0.12315235024219254,
            0.3096733856234361,
            0.0011395039127486096,
            0.1621870560083617,
            -0.00849246614674742,
            0.4948807777763103,
            0.5364473909826073,
            0.0,
            0.4858341700944752,
            -0.14487277640743085,
            0.9999999999999999,
            0.6848602514927513,
            0.0,
            0.0,
            0.0
        ],
        [
            0.10728439943626264,
            0.31398908095273287,
            0.006366026152987735,
            0.08606899245295443,
            7.593617284294559e-05,
            0.30967338562343605,
            0.6095301814426402,
            0.001232812413950058,
            0.17546777487304022,
            -0.009187873401423394,
            0.5364473909826073,
            0.8588247240398423,
            0.0,
            0.16795348970835872,
            -0.05008270282148998,
            0.6848602514927513,
            1.0000000000000002,
            0.0,
            0.0,
            0.0
        ],
        [
            -0.0008618645411152277,
            -0.006366026152987734,
            0.0009293783165893508,
            -0.0010205152442406792,
            -9.003709671387039e-07,
            -0.0011395039127486096,
            -0.0012328124139500578,
            0.05231868338917939,
            -0.002163418229431891,
            0.0001132812724201575,
            0.0,
            0.0,
            0.40377187209027376,
            0.0,
            0.0,
            0.0,
            0.0,
            1.0000000000000004,
            0.0,
            0.0
        ],
        [
            -0.011652451765360885,
            -0.08606899245295435,
            -0.0010205152442406787,
            -0.01279255728447847,
            -1.217306057392655e-05,
            -0.16218705600836175,
            -0.17546777487304038,
            -0.002163418229431884,
            -0.2555882130242767,
            0.016123469054519887,
            -0.4858341700944752,
            -0.1679534897083587,
            0.0,
            -0.26878986198250027,
            0.2005537932862393,
            0.0,
            0.0,
            0.0,
            1.0000000000000004,
            0.0
        ],
        [
            -1.0280619838581137e-05,
            -7.593617284294558e-05,
            -9.003709671387169e-07,
            -1.2173060573926732e-05,
            0.0010048491937728803,
            0.008492466146747419,
            0.009187873401423387,
            0.00011328127242015718,
            0.01612346905451989,
            0.05148962344515181,
            0.14487277640743082,
            0.05008270282148994,
            0.0,
            0.20055379328623907,
            0.34396795824294296,
            0.0,
            0.0,
            0.0,
            0.0,
            1.0000000000000004
        ]
    ],
    "h": [
        [
            -0.23966463016314887,
            -0.45429891870845884,
            -0.05091931782807437,
            -0.2567027072307573,
            -0.02845842098041237,
            -0.5516222604644784,
            -0.4433652261354927,
            0.010096402674187266,
            0.03469058550738169,
            -0.005687187728404763,
            -0.24947675718499224,
            -0.30532673360955204,
            0.018675075827425433,
            0.3114018056131109,
            0.04892459588592599,
            -0.00261579750507724,
            -0.1229885176289261,
            0.002298655893127383,
            0.058956894702764696,
            -0.0021932127400827953
        ],
        [
            -0.45429891870845884,
            -0.30916374987572537,
            -0.044241546698589346,
            -0.22739210982522043,
            -0.025797434680123774,
            -0.5321510634752422,
            -0.36509218988763403,
            0.037433264570651076,
            0.09210029483577317,
            -0.00567534144106608,
            -0.3405264061139065,
            -0.30968881108796364,
            0.008089877176531021,
            0.20157041324963668,
            0.05384111675218645,
            -0.12165719011902593,
            -0.18646384189678133,
            0.0015203816670744507,
            0.11015113214737296,
            -0.019058449087534356
        ],
        [
            -0.05091931782807437,
            -0.044241546698589346,
            1.4776913772306401,
            -0.04796827738249705,
            -0.0051219921480991,
            -0.014314058766395465,
            -0.04093896459589313,
            0.2921366618502045,
            -0.19129770907868737,
            -0.020763339451921475,
            -0.03772150158500376,
            -0.03395994947357508,
            -0.0443879410093639,
            0.04243359613466824,
            0.008434967583546314,
            -0.005751309836071418,
            -0.01733617200129338,
            -0.0030305712933047834,
            0.008789989960037208,
            -0.0006369558741111317
        ],
        [
            -0.2567027072307573,
            -0.22739210982522043,
            -0.04796827738249705,
            1.2403908383935756,
            -0.026931124220266806,
            -0.0908613752285291,
            -0.21876448090349548,
            -0.1836080055719862,
            -0.6373844459145347,
            -0.10675985682219413,
            -0.24567444002047967,
            -0.1823540179833038,
            0.01131411134822971,
            0.18832112131751844,
            0.04904814923754759,
            -0.05826587571796625,
            -0.11188553796315157,
            0.003688678575456087,
            0.07850540663108571,
            -0.005437432936760991
        ],
        [
            -0.02845842098041237,
            -0.025797434680123774,
            -0.0051219921480991,
            -0.026931124220266806,
            1.484085522800479,
            -0.013391142014163332,
            -0.025601466411466038,
            -0.01832911561179105,
            -0.09869341477567667,
            0.3180208425906147,
            -0.03221848794654196,
            -0.02080521628961783,
            0.0013598807605215736,
            0.028482462551534554,
            -0.0404841414946258,
            -0.00464819100715742,
            -0.011620947960857305,
            0.00010242162036005766,
            0.004498339133612245,
            -0.003972365563647323
        ],
        [
            -0.5516222604644784,
            -0.5321510634752422,
            -0.014314058766395465,
            -0.0908613752285291,
            -0.013391142014163332,
            -0.46063995862897733,
            -0.6102357115490143,
            0.043906991004557645,
            -0.01711675932273861,
            -0.033209051397695304,
            -0.5650935639029497,
            -0.5350440368084541,
            0.007390667036128014,
            0.0447849161222339,
            0.0282418663157446,
            -0.253333672767594,
            -0.34511281206839484,
            0.001151866990429691,
            0.24510388625733323,
            -0.040218655637286466
        ],
        [
            -0.4433652261354927,
            -0.36509218988763403,
            -0.04093896459589313,
            -0.21876448090349548,
            -0.025601466411466038,
            -0.6102357115490143,
            -0.44222234749556955,
            0.03542407290452834,
            -0.02960834484551743,
            -0.02587017923668098,
            -0.5331251972586286,
            -0.41977569403007386,
            0.007751623322342836,
            0.14409299963804006,
            0.08381975144068017,
            -0.30684601548747537,
            -0.31246764624778933,
            5.0834724761387225e-05,
            0.17893862557011492,
            -0.04548778707232537
        ],
        [
            0.010096402674187266,
            0.037433264570651076,
            0.2921366618502045,
            -0.1836080055719862,
            -0.01832911561179105,
            0.043906991004557645,
            0.03542407290452834,
            1.3862522511202542,
            -0.05344938732315834,
            -0.005545935190837435,
            0.0075130165710541215,
            0.017565523698416307,
            0.43937270105302195,
            -0.033328739228132384,
            -0.004923948860330566,
            -0.00783743076387441,
            0.0015831821995041487,
            -0.04609045339218314,
            0.0022882927085012225,
            -0.0009556960343203842
        ],
        [
            0.03469058550738169,
            0.09210029483577317,
            -0.19129770907868737,
            -0.6373844459145347,
            -0.09869341477567667,
            -0.01711675932273861,
            -0.02960834484551743,
            -0.05344938732315834,
            0.8360554942941902,
            -0.08373393243241818,
            -0.04906625440090562,
            -0.14635840697594854,
            -0.020075652356497345,
            -0.6561069861703717,
            -0.19596665828607673,
            -0.3131221719823566,
            -0.2030804694546145,
            -0.0002537787683633188,
            0.16802954171993567,
            -0.054533238239283466
        ],
        [
            -0.005687187728404763,
            -0.00567534144106608,
            -0.020763339451921475,
            -0.10675985682219413,
            0.3180208425906147,
            -0.033209051397695304,
            -0.02587017923668098,
            -0.005545935190837435,
            -0.08373393243241818,
            1.3801103793652156,
            0.0018872998203929015,
            -0.03381891641835867,
            -0.0036120047075171788,
            -0.22311757693894207,
            0.39322543982106184,
            -0.02680070021252563,
            -0.03484922634978073,
            3.845696813346367e-05,
            0.03164586130250018,
            -0.05292621438542071
        ],
        [
            -0.24947675718499224,
            -0.3405264061139065,
            -0.03772150158500376,
            -0.24567444002047967,
            -0.03221848794654196,
            -0.5650935639029497,
            -0.5331251972586286,
            0.0075130165710541215,
            -0.04906625440090562,
            0.0018872998203929015,
            -0.4488688039984523,
            -0.6032561319180841,
            0.0037108174908794395,
            0.02805489876552325,
            0.12400948431257194,
            -0.543215652478307,
            -0.5272063881192401,
            -0.0001994629574528792,
            0.09917284923112413,
            -0.017596693200518543
        ],
        [
            -0.30532673360955204,
            -0.30968881108796364,
            -0.03395994947357508,
            -0.1823540179833038,
            -0.02080521628961783,
            -0.5350440368084541,
            -0.41977569403007386,
            0.017565523698416307,
            -0.14635840697594854,
            -0.03381891641835867,
            -0.6032561319180841,
            -0.4383051860396714,
            0.004729001475108066,
            0.034146572305271024,
            0.10346289026375961,
            -0.4397116263434957,
            -0.36621564255714956,
            -0.0002177827120208647,
            0.21288616395661009,
            -0.05416528836752528
        ],
        [
            0.018675075827425433,
            0.008089877176531021,
            -0.0443879410093639,
            0.01131411134822971,
            0.0013598807605215736,
            0.007390667036128014,
            0.007751623322342836,
            0.43937270105302195,
            -0.020075652356497345,
            -0.0036120047075171788,
            0.0037108174908794395,
            0.004729001475108066,
            1.3966346946244677,
            -0.008701256614503597,
            -0.0011602087328149422,
            -0.002071442173415385,
            0.0007009246251776704,
            0.3006055666186695,
            -0.00043747793823870583,
            -0.00016631837468740257
        ],
        [
            0.3114018056131109,
            0.20157041324963668,
            0.04243359613466824,
            0.18832112131751844,
            0.028482462551534554,
            0.0447849161222339,
            0.14409299963804006,
            -0.033328739228132384,
            -0.6561069861703717,
            -0.22311757693894207,
            0.02805489876552325,
            0.034146572305271024,
            -0.008701256614503597,
            0.8624083887338654,
            -0.0004259088127264469,
            -0.038216067833985234,
            -0.08301431291451128,
            -0.0007940717612249018,
            -0.621214655592841,
            0.2673151636743827
        ],
        [
            0.04892459588592599,
            0.05384111675218645,
            0.008434967583546314,
            0.04904814923754759,
            -0.0404841414946258,
            0.0282418663157446,
            0.08381975144068017,
            -0.004923948860330566,
            -0.19596665828607673,
            0.39322543982106184,
            0.12400948431257194,
            0.10346289026375961,
            -0.0011602087328149422,
            -0.0004259088127264469,
            1.364410374461342,
            0.02359135261055917,
            0.07938786980394223,
            -2.9848052840698034e-05,
            0.2435841833996682,
            0.22401972689755745
        ],
        [
            -0.00261579750507724,
            -0.12165719011902593,
            -0.005751309836071418,
            -0.05826587571796625,
            -0.00464819100715742,
            -0.253333672767594,
            -0.30684601548747537,
            -0.00783743076387441,
            -0.3131221719823566,
            -0.02680070021252563,
            -0.543215652478307,
            -0.4397116263434957,
            -0.002071442173415385,
            -0.038216067833985234,
            0.02359135261055917,
            -0.23059282480770005,
            -0.4505123868308223,
            -0.000622123494982656,
            0.24392095485705687,
            -0.06990029409775544
        ],
        [
            -0.1229885176289261,
            -0.18646384189678133,
            -0.01733617200129338,
            -0.11188553796315157,
            -0.011620947960857305,
            -0.34511281206839484,
            -0.31246764624778933,
            0.0015831821995041487,
            -0.2030804694546145,
            -0.03484922634978073,
            -0.5272063881192401,
            -0.36621564255714956,
            0.0007009246251776704,
            -0.08301431291451128,
            0.07938786980394223,
            -0.4505123868308223,
            -0.31009461243793757,
            -0.00048026192045072004,
            0.22037961564247746,
            -0.060704334697604494
        ],
        [
            0.002298655893127383,
            0.0015203816670744507,
            -0.0030305712933047834,
            0.003688678575456087,
            0.00010242162036005766,
            0.001151866990429691,
            5.0834724761387225e-05,
            -0.04609045339218314,
            -0.0002537787683633188,
            3.845696813346367e-05,
            -0.0001994629574528792,
            -0.0002177827120208647,
            0.3006055666186695,
            -0.0007940717612249018,
            -2.9848052840698034e-05,
            -0.000622123494982656,
            -0.00048026192045072004,
            1.4865230686106923,
            0.00012216300704851282,
            -4.527296991077569e-05
        ],
        [
            0.058956894702764696,
            0.11015113214737296,
            0.008789989960037208,
            0.07850540663108571,
            0.004498339133612245,
            0.24510388625733323,
            0.17893862557011492,
            0.0022882927085012225,
            0.16802954171993567,
            0.03164586130250018,
            0.09917284923112413,
            0.21288616395661009,
            -0.00043747793823870583,
            -0.621214655592841,
            0.2435841833996682,
            0.24392095485705687,
            0.22037961564247746,
            0.00012216300704851282,
            1.2554099745539262,
            0.06365807172642741
        ],
        [
            -0.0021932127400827953,
            -0.019058449087534356,
            -0.0006369558741111317,
            -0.005437432936760991,
            -0.003972365563647323,
            -0.040218655637286466,
            -0.04548778707232537,
            -0.0009556960343203842,
            -0.054533238239283466,
            -0.05292621438542071,
            -0.017596693200518543,
            -0.05416528836752528,
            -0.00016631837468740257,
            0.2673151636743827,
            0.22401972689755745,
            -0.06990029409775544,
            -0.060704334697604494,
            -4.527296991077569e-05,
            0.06365807172642741,
            1.4677187347413367
        ]
    ]
}