{
    "HF": -2.1720043138740457,
    "coordinates": [
        [
            0.837433,
            -0.107597,
            0.019158
        ],
        [
            1.675399,
            0.171449,
            -0.063122
        ],
        [
            2.502592,
            0.156006,
            0.137728
        ],
        [
            3.229958,
            0.089402,
            0.180966
        ]
    ],
    "elements": [
        "H",
        "H",
        "H",
        "H"
    ],
    "Enn": 2.81023394382895,
    "S": [
        [
            0.9999999999999999,
            0.6848602514927513,
            0.0,
            0.0,
            0.0,
            0.45594412249522587,
            0.5201720620506284,
            0.0449879629777968,
            -0.4581718933477451,
            -0.15257305684373224,
            0.07520063916516713,
            0.2526644293349276,
            -0.007012255680781302,
            -0.09847786672138072,
            -0.015589538957754863,
            0.006830771632200787,
            0.09107653831065032,
            -0.0005145876361803003,
            -0.007608794276255026,
            -0.0006265033233207441
        ],
        [
            0.6848602514927513,
            1.0000000000000002,
            0.0,
            0.0,
            0.0,
            0.5201720620506284,
            0.842486448567239,
            0.016694194400173133,
            -0.1700190484289679,
            -0.056617017143786016,
            0.25266442933492766,
            0.5367612116354421,
            -0.01111602446895208,
            -0.15610987761403214,
            -0.024712974598036404,
            0.09107653831065034,
            0.2833470580591188,
            -0.005079157492547077,
            -0.0751014244033436,
            -0.006183803933515534
        ],
        [
            0.0,
            0.0,
            1.0000000000000004,
            0.0,
            0.0,
            -0.0449879629777968,
            -0.016694194400173133,
            0.3537750451718963,
            0.0644586297652293,
            0.02146497924912009,
            0.007012255680781303,
            0.011116024468952075,
            0.023638147056975027,
            -0.01257546246342811,
            -0.001990758619295239,
            0.0005145876361803001,
            0.005079157492547076,
            0.000507910287818289,
            -0.0005477051451487806,
            -4.509769632048343e-05
        ],
        [
            0.0,
            0.0,
            0.0,
            1.0000000000000004,
            0.0,
            0.4581718933477451,
            0.17001904842896784,
            0.06445862976522926,
            -0.29636318297404274,
            -0.21860625670233547,
            0.09847786672138072,
            0.15610987761403192,
            -0.012575462463428113,
            -0.15207215545976854,
            -0.02795757469635693,
            0.0076087942762550235,
            0.07510142440334343,
            -0.0005477051451487804,
            -0.007553524357333849,
            -0.0006668234320253917
        ],
        [
            0.0,
            0.0,
            0.0,
            0.0,
            1.0000000000000004,
            0.1525730568437322,
            0.056617017143786,
            0.02146497924912009,
            -0.2186062567023356,
            0.28730749702474373,
            0.015589538957754863,
            0.024712974598036383,
            -0.001990758619295239,
            -0.02795757469635692,
            0.020107776696910246,
            0.0006265033233207441,
            0.006183803933515536,
            -4.509769632048344e-05,
            -0.0006668234320253921,
            0.0004900461170533706
        ],
        [
            0.45594412249522587,
            0.5201720620506284,
            -0.0449879629777968,
            0.4581718933477454,
            0.15257305684373224,
            0.9999999999999999,
            0.6848602514927513,
            0.0,
            0.0,
            0.0,
            0.4829437120541391,
            0.5315628615356807,
            -0.11811389982001076,
            -0.4864475535664136,
            0.009081568110134032,
            0.10300105081627814,
            0.2877787342393682,
            -0.02115427436001555,
            -0.1347283258285184,
            0.007110733622366504
        ],
        [
            0.5201720620506284,
            0.842486448567239,
            -0.016694194400173133,
            0.17001904842896806,
            0.056617017143786016,
            0.6848602514927513,
            1.0000000000000002,
            0.0,
            0.0,
            0.0,
            0.5315628615356807,
            0.8539413550757241,
            -0.041704953947941895,
            -0.1717602487979086,
            0.0032066198845808742,
            0.2877787342393682,
            0.5822377409081864,
            -0.02630322029088033,
            -0.1675211720042386,
            0.008841484690791265
        ],
        [
            0.0449879629777968,
            0.01669419440017313,
            0.3537750451718963,
            0.06445862976522926,
            0.02146497924912009,
            0.0,
            0.0,
            1.0000000000000004,
            0.0,
            0.0,
            0.11811389982001073,
            0.04170495394794185,
            0.349407388340432,
            -0.16834081881551116,
            0.0031427819927972505,
            0.021154274360015542,
            0.026303220290880336,
            0.03367068674865082,
            -0.03923872949596599,
            0.0020709539097297177
        ],
        [
            -0.4581718933477451,
            -0.17001904842896784,
            0.0644586297652293,
            -0.29636318297404285,
            -0.2186062567023356,
            0.0,
            0.0,
            0.0,
            1.0000000000000004,
            0.0,
            0.48644755356641334,
            0.17176024879790827,
            -0.16834081881551125,
            -0.3030231141231697,
            0.012943426761104989,
            0.1347283258285184,
            0.16752117200423877,
            -0.03923872949596598,
            -0.21007371572756398,
            0.013189587521531253
        ],
        [
            -0.1525730568437322,
            -0.056617017143786,
            0.02146497924912009,
            -0.21860625670233547,
            0.28730749702474373,
            0.0,
            0.0,
            0.0,
            0.0,
            1.0000000000000004,
            -0.00908156811013403,
            -0.0032066198845808742,
            0.0031427819927972523,
            0.012943426761104989,
            0.3900404305925106,
            -0.007110733622366507,
            -0.008841484690791265,
            0.0020709539097297177,
            0.013189587521531255,
            0.039135604399143514
        ],
        [
            0.07520063916516713,
            0.2526644293349276,
            0.007012255680781302,
            0.09847786672138072,
            0.015589538957754863,
            0.4829437120541391,
            0.5315628615356807,
            0.11811389982001076,
            0.4864475535664136,
            -0.009081568110134032,
            0.9999999999999999,
            0.6848602514927513,
            0.0,
            0.0,
            0.0,
            0.5774249377349827,
            0.5679487328259429,
            -0.03187830992222646,
            -0.5362689942848928,
            0.04910548485267526
        ],
        [
            0.25266442933492766,
            0.5367612116354421,
            0.01111602446895208,
            0.156109877614032,
            0.024712974598036404,
            0.5315628615356807,
            0.8539413550757241,
            0.041704953947941895,
            0.17176024879790827,
            -0.0032066198845808742,
            0.6848602514927513,
            1.0000000000000002,
            0.0,
            0.0,
            0.0,
            0.5679487328259429,
            0.8899218513394964,
            -0.009635578715385854,
            -0.16209335186399307,
            0.014842686635819384
        ],
        [
            -0.007012255680781302,
            -0.011116024468952075,
            0.023638147056975027,
            -0.012575462463428113,
            -0.001990758619295239,
            -0.11811389982001073,
            -0.04170495394794185,
            0.349407388340432,
            -0.16834081881551116,
            0.0031427819927972505,
            0.0,
            0.0,
            1.0000000000000004,
            0.0,
            0.0,
            0.03187830992222646,
            0.00963557871538585,
            0.4966768823562279,
            -0.0407509469983929,
            0.0037315135349754607
        ],
        [
            -0.09847786672138076,
            -0.15610987761403208,
            -0.01257546246342811,
            -0.15207215545976854,
            -0.02795757469635692,
            -0.4864475535664136,
            -0.1717602487979079,
            -0.16834081881551125,
            -0.3030231141231697,
            0.012943426761104989,
            0.0,
            0.0,
            0.0,
            1.0000000000000004,
            0.0,
            0.5362689942848928,
            0.162093351863993,
            -0.0407509469983929,
            -0.18642854597952782,
            0.06277293292661458
        ],
        [
            -0.015589538957754863,
            -0.024712974598036383,
            -0.001990758619295239,
            -0.02795757469635693,
            0.020107776696910246,
            0.00908156811013403,
            0.0032066198845808742,
            0.0031427819927972523,
            0.012943426761104989,
            0.3900404305925106,
            0.0,
            0.0,
            0.0,
            0.0,
            1.0000000000000004,
            -0.04910548485267523,
            -0.014842686635819358,
            0.003731513534975459,
            0.06277293292661455,
            0.49335126777109783
        ],
        [
            0.006830771632200787,
            0.09107653831065032,
            0.0005145876361803003,
            0.007608794276255025,
            0.0006265033233207441,
            0.10300105081627814,
            0.2877787342393682,
            0.02115427436001555,
            0.1347283258285185,
            -0.007110733622366507,
            0.5774249377349827,
            0.5679487328259429,
            0.03187830992222646,
            0.5362689942848928,
            -0.049105484852675234,
            0.9999999999999999,
            0.6848602514927513,
            0.0,
            0.0,
            0.0
        ],
        [
            0.09107653831065034,
            0.2833470580591188,
            0.005079157492547077,
            0.07510142440334354,
            0.006183803933515534,
            0.2877787342393682,
            0.5822377409081864,
            0.02630322029088034,
            0.16752117200423877,
            -0.008841484690791265,
            0.5679487328259429,
            0.8899218513394964,
            0.009635578715385854,
            0.16209335186399307,
            -0.014842686635819361,
            0.6848602514927513,
            1.0000000000000002,
            0.0,
            0.0,
            0.0
        ],
        [
            -0.0005145876361803001,
            -0.005079157492547076,
            0.000507910287818289,
            -0.0005477051451487806,
            -4.509769632048343e-05,
            -0.021154274360015542,
            -0.02630322029088033,
            0.03367068674865082,
            -0.03923872949596596,
            0.0020709539097297173,
            -0.03187830992222646,
            -0.00963557871538585,
            0.4966768823562279,
            -0.0407509469983929,
            0.003731513534975459,
            0.0,
            0.0,
            1.0000000000000004,
            0.0,
            0.0
        ],
        [
            -0.007608794276255022,
            -0.07510142440334347,
            -0.0005477051451487804,
            -0.007553524357333849,
            -0.0006668234320253917,
            -0.1347283258285184,
            -0.16752117200423897,
            -0.039238729495966,
            -0.21007371572756398,
            0.013189587521531255,
            -0.5362689942848928,
            -0.162093351863993,
            -0.0407509469983929,
            -0.18642854597952782,
            0.06277293292661455,
            0.0,
            0.0,
            0.0,
            1.0000000000000004,
            0.0
        ],
        [
            -0.0006265033233207441,
            -0.006183803933515536,
            -4.509769632048344e-05,
            -0.0006668234320253921,
            0.0004900461170533706,
            0.007110733622366504,
            0.008841484690791265,
            0.0020709539097297186,
            0.013189587521531253,
            0.039135604399143514,
            0.049105484852675234,
            0.01484268663581938,
            0.0037315135349754607,
            0.06277293292661458,
            0.49335126777109783,
            0.0,
            0.0,
            0.0,
            0.0,
            1.0000000000000004
        ]
    ],
    "h": [
        [
            -0.1961880949139727,
            -0.4346580154121955,
            0.019593952766677636,
            -0.21275593118386246,
            -0.07011997593904976,
            -0.5044773557483179,
            -0.4227690048909004,
            -0.008817600829946717,
            0.05532478550582742,
            0.01953867862895245,
            -0.17318122559315735,
            -0.2626956724233068,
            0.03579274321042486,
            0.24520650920366024,
            0.014804769599231056,
            0.00267957124643102,
            -0.10788068194177182,
            0.005007312410958618,
            0.04267370767193956,
            0.0006669148180638109
        ],
        [
            -0.4346580154121955,
            -0.29951821374529497,
            0.017244657817634644,
            -0.19602726527983866,
            -0.06379812742695934,
            -0.48862160933178156,
            -0.3543780416994968,
            -0.03492120136833414,
            0.09621753360903867,
            0.057268814176364174,
            -0.2781687162457832,
            -0.2821345122927238,
            0.03646416619962561,
            0.15835635677614787,
            0.004907843804705367,
            -0.11155931143299717,
            -0.17203412476458413,
            0.009231989547954414,
            0.10271926831049052,
            -0.004893968649108722
        ],
        [
            0.019593952766677636,
            0.017244657817634644,
            1.501271540357997,
            0.01698645602757055,
            0.0058279081571391,
            0.003350305915389165,
            0.014041888227671561,
            0.23881603132865425,
            0.08092958723427252,
            0.027441002264333804,
            -0.00040741392375637404,
            0.010555201230547602,
            -0.03675990832006773,
            -0.002555499324771223,
            0.0005905095617259599,
            -0.0025139005995628233,
            0.002343673387779452,
            -0.0018243885870050435,
            0.001899863524817335,
            0.00011318187395445062
        ],
        [
            -0.21275593118386246,
            -0.19602726527983866,
            0.01698645602757055,
            1.3127213719348023,
            -0.06190976090325634,
            -0.07747972750622678,
            -0.18018357664572848,
            0.07222984059664472,
            -0.601425028954699,
            -0.27178032417959697,
            -0.17833390125321052,
            -0.14193411862218858,
            0.03436878927978214,
            0.19816498374212688,
            0.018888606272526046,
            -0.039689224099615575,
            -0.08763497684915074,
            0.004904345300205197,
            0.05346187848969507,
            0.0011473913289916345
        ],
        [
            -0.07011997593904976,
            -0.06379812742695934,
            0.0058279081571391,
            -0.06190976090325634,
            1.4826830674228215,
            -0.02195612267829694,
            -0.05673980062678603,
            0.025303072411307838,
            -0.2796545369138292,
            0.15596927327815424,
            -0.040714603247105643,
            -0.04397044385780084,
            0.0089653841622751,
            0.057220529690944724,
            -0.03205080164751382,
            -0.005016687141828808,
            -0.021435805677704645,
            0.0008520974128390415,
            0.008261917819761214,
            -0.0018945693809355245
        ],
        [
            -0.5044773557483179,
            -0.48862160933178156,
            0.003350305915389165,
            -0.07747972750622678,
            -0.02195612267829694,
            -0.3454078560174014,
            -0.5540436060287535,
            -0.06356101537550524,
            0.01852435857451179,
            0.0694081610472793,
            -0.46491312560704623,
            -0.4636549015197651,
            0.01103974294097862,
            0.04348919206202739,
            0.008972868157622447,
            -0.22629625117841054,
            -0.3044207040412632,
            0.02546259858551627,
            0.22485323902941176,
            -0.015258244614748206
        ],
        [
            -0.4227690048909004,
            -0.3543780416994968,
            0.014041888227671561,
            -0.18018357664572848,
            -0.05673980062678603,
            -0.5540436060287535,
            -0.4228697258336933,
            -0.05886292515900441,
            -0.004710841940212901,
            0.06096886109684025,
            -0.4816053608862958,
            -0.39516869948584343,
            0.03713062387935025,
            0.08815038216541943,
            0.011089502538921672,
            -0.3073287622917284,
            -0.30052846593465843,
            0.014508455910638714,
            0.18685410061561752,
            -0.016106566343881933
        ],
        [
            -0.008817600829946717,
            -0.03492120136833414,
            0.23881603132865425,
            0.07222984059664472,
            0.025303072411307838,
            -0.06356101537550524,
            -0.05886292515900441,
            1.4188829743177969,
            -0.035037431255386865,
            0.0065781360375487055,
            -0.02216272517196008,
            -0.05443698566860182,
            0.22649689775100434,
            -0.22462945562134207,
            0.0054461165869035474,
            -0.052279177128464284,
            -0.04545783002266164,
            -0.03892360606661744,
            0.05160884559376064,
            -0.004022134007335321
        ],
        [
            0.05532478550582742,
            0.09621753360903867,
            0.08092958723427252,
            -0.601425028954699,
            -0.2796545369138292,
            0.01852435857451179,
            -0.004710841940212901,
            -0.035037431255386865,
            1.0073303037890255,
            -0.058734904992573535,
            -0.07948016979258676,
            -0.12107385683539079,
            -0.22854584789817117,
            -0.7471343736623408,
            0.01928599145187627,
            -0.28863452396615585,
            -0.17218874419248062,
            0.02390221346344025,
            0.20218574612383866,
            -0.019850994402662345
        ],
        [
            0.01953867862895245,
            0.057268814176364174,
            0.027441002264333804,
            -0.27178032417959697,
            0.15596927327815424,
            0.0694081610472793,
            0.06096886109684025,
            0.0065781360375487055,
            -0.058734904992573535,
            1.4125495570638937,
            0.011597017074769636,
            0.03263094274625672,
            0.0014584557249650342,
            -0.0013016640949570953,
            0.27759746245652783,
            0.003680051322902514,
            0.01169577691168619,
            -0.0010206126910844355,
            -0.008464091180892919,
            -0.04350966624683708
        ],
        [
            -0.17318122559315735,
            -0.2781687162457832,
            -0.00040741392375637404,
            -0.17833390125321052,
            -0.040714603247105643,
            -0.46491312560704623,
            -0.4816053608862958,
            -0.02216272517196008,
            -0.07948016979258676,
            0.011597017074769636,
            -0.43830587051748227,
            -0.5930048654881812,
            0.027743388446547904,
            -0.11131316933346613,
            0.021441436610846475,
            -0.5989464470775784,
            -0.5428680873927656,
            0.008487021047450458,
            0.06486625028834836,
            -0.005591201207996388
        ],
        [
            -0.2626956724233068,
            -0.2821345122927238,
            0.010555201230547602,
            -0.14193411862218858,
            -0.04397044385780084,
            -0.4636549015197651,
            -0.39516869948584343,
            -0.05443698566860182,
            -0.12107385683539079,
            0.03263094274625672,
            -0.5930048654881812,
            -0.42763109178038317,
            0.028449672387874526,
            -0.04644373312067131,
            0.017715861301600307,
            -0.4748448319547335,
            -0.36539286246215985,
            0.018240103858008595,
            0.2410743452714788,
            -0.021727586321162402
        ],
        [
            0.03579274321042486,
            0.03646416619962561,
            -0.03675990832006773,
            0.03436878927978214,
            0.0089653841622751,
            0.01103974294097862,
            0.03713062387935025,
            0.22649689775100434,
            -0.22854584789817117,
            0.0014584557249650342,
            0.027743388446547904,
            0.028449672387874526,
            1.3961993389740053,
            -0.06794876714928118,
            0.0021299295255427894,
            0.0063387841600477945,
            0.00994697190465951,
            0.4375364886093258,
            -0.07011174596390406,
            0.0060341102505902435
        ],
        [
            0.24520650920366024,
            0.15835635677614787,
            -0.002555499324771223,
            0.19816498374212688,
            0.057220529690944724,
            0.04348919206202739,
            0.08815038216541943,
            -0.22462945562134207,
            -0.7471343736623408,
            -0.0013016640949570953,
            -0.11131316933346613,
            -0.04644373312067131,
            -0.06794876714928118,
            0.8949767652735234,
            0.026570214876995082,
            -0.01147538640585899,
            -0.1285944432062655,
            -0.06186388831632096,
            -0.568158373324145,
            0.09063333572766985
        ],
        [
            0.014804769599231056,
            0.004907843804705367,
            0.0005905095617259599,
            0.018888606272526046,
            -0.03205080164751382,
            0.008972868157622447,
            0.011089502538921672,
            0.0054461165869035474,
            0.01928599145187627,
            0.27759746245652783,
            0.021441436610846475,
            0.017715861301600307,
            0.0021299295255427894,
            0.026570214876995082,
            1.4067023203329034,
            -0.0009684650053536636,
            0.01653181399411016,
            0.005227657038903882,
            0.09005823607194935,
            0.43425160659490136
        ],
        [
            0.00267957124643102,
            -0.11155931143299717,
            -0.0025139005995628233,
            -0.039689224099615575,
            -0.005016687141828808,
            -0.22629625117841054,
            -0.3073287622917284,
            -0.052279177128464284,
            -0.28863452396615585,
            0.003680051322902514,
            -0.5989464470775784,
            -0.4748448319547335,
            0.0063387841600477945,
            -0.01147538640585899,
            -0.0009684650053536636,
            -0.2915805483448828,
            -0.4773355489776996,
            0.020098703166755216,
            0.30469247035403624,
            -0.02881434565538782
        ],
        [
            -0.10788068194177182,
            -0.17203412476458413,
            0.002343673387779452,
            -0.08763497684915074,
            -0.021435805677704645,
            -0.3044207040412632,
            -0.30052846593465843,
            -0.04545783002266164,
            -0.17218874419248062,
            0.01169577691168619,
            -0.5428680873927656,
            -0.36539286246215985,
            0.00994697190465951,
            -0.1285944432062655,
            0.01653181399411016,
            -0.4773355489776996,
            -0.3136490578124227,
            0.017574881619436676,
            0.25103461062194554,
            -0.023391034165441787
        ],
        [
            0.005007312410958618,
            0.009231989547954414,
            -0.0018243885870050435,
            0.004904345300205197,
            0.0008520974128390415,
            0.02546259858551627,
            0.014508455910638714,
            -0.03892360606661744,
            0.02390221346344025,
            -0.0010206126910844355,
            0.008487021047450458,
            0.018240103858008595,
            0.4375364886093258,
            -0.06186388831632096,
            0.005227657038903882,
            0.020098703166755216,
            0.017574881619436676,
            1.4691833185493675,
            -0.019668001824040507,
            0.0017539093002959638
        ],
        [
            0.04267370767193956,
            0.10271926831049052,
            0.001899863524817335,
            0.05346187848969507,
            0.008261917819761214,
            0.22485323902941176,
            0.18685410061561752,
            0.05160884559376064,
            0.20218574612383866,
            -0.008464091180892919,
            0.06486625028834836,
            0.2410743452714788,
            -0.07011174596390406,
            -0.568158373324145,
            0.09005823607194935,
            0.30469247035403624,
            0.25103461062194554,
            -0.019668001824040507,
            1.1753262153639064,
            0.026921293286964153
        ],
        [
            0.0006669148180638109,
            -0.004893968649108722,
            0.00011318187395445062,
            0.0011473913289916345,
            -0.0018945693809355245,
            -0.015258244614748206,
            -0.016106566343881933,
            -0.004022134007335321,
            -0.019850994402662345,
            -0.04350966624683708,
            -0.005591201207996388,
            -0.021727586321162402,
            0.0060341102505902435,
            0.09063333572766985,
            0.43425160659490136,
            -0.02881434565538782,
            -0.023391034165441787,
            0.0017539093002959638,
            0.026921293286964153,
            1.46822893141718
        ]
    ]
}