{
    "HF": -2.1667361569356154,
    "coordinates": [
        [
            0.691679,
            -0.052342,
            0.181371
        ],
        [
            1.382481,
            -0.062533,
            0.194252
        ],
        [
            2.220002,
            -0.116015,
            0.04421
        ],
        [
            2.870826,
            0.026474,
            -0.067565
        ]
    ],
    "elements": [
        "H",
        "H",
        "H",
        "H"
    ],
    "Enn": 3.105096270678789,
    "S": [
        [
            0.9999999999999999,
            0.6848602514927513,
            0.0,
            0.0,
            0.0,
            0.6104658347066654,
            0.5795575204301213,
            -0.010187728899890138,
            -0.5463631317057608,
            0.008060177410044275,
            0.11446127715376943,
            0.3005276814519916,
            0.013516067345926914,
            -0.1506034265886736,
            0.00627444066547491,
            0.014981360278988934,
            0.1276906138541876,
            0.0020706956247753894,
            -0.018126547219536007,
            -0.0006556060447757539
        ],
        [
            0.6848602514927513,
            1.0000000000000002,
            0.0,
            0.0,
            0.0,
            0.5795575204301213,
            0.9012151860111484,
            -0.002933195978809225,
            -0.15730592722252656,
            0.002320642824318345,
            0.3005276814519916,
            0.5982216579993576,
            0.015482332665029946,
            -0.17251263191152424,
            0.007187222080478065,
            0.12769061385418756,
            0.3501894183691922,
            0.01123083403246006,
            -0.0983129731711494,
            -0.003555811192846243
        ],
        [
            0.0,
            0.0,
            1.0000000000000004,
            0.0,
            0.0,
            0.010187728899890138,
            0.0029331959788092238,
            0.5378178139259661,
            -0.01242961307960102,
            0.00018336685026131095,
            -0.013516067345926914,
            -0.015482332665029953,
            0.04452156817916706,
            0.025473916691408225,
            -0.0010612944367728782,
            -0.0020706956247753894,
            -0.011230834032460056,
            0.0016155382204550831,
            0.0027114437470455947,
            9.806825806939395e-05
        ],
        [
            0.0,
            0.0,
            0.0,
            1.0000000000000004,
            0.0,
            0.5463631317057607,
            0.15730592722252631,
            -0.012429613079601023,
            -0.12854474877171848,
            0.009833878339741815,
            0.15060342658867354,
            0.17251263191152422,
            0.0254739166914082,
            -0.23703658223680876,
            0.011825524000933459,
            0.018126547219536004,
            0.09831297317114938,
            0.0027114437470455947,
            -0.02181027513845925,
            -0.0008584742679529903
        ],
        [
            0.0,
            0.0,
            0.0,
            0.0,
            1.0000000000000004,
            -0.008060177410044275,
            -0.0023206428243183557,
            0.00018336685026131068,
            0.009833878339741798,
            0.5379045085098236,
            -0.006274440665474908,
            -0.007187222080478069,
            -0.0010612944367728776,
            0.011825524000933464,
            0.04631507733763606,
            0.0006556060447757538,
            0.0035558111928462414,
            9.806825806939391e-05,
            -0.00085847426795299,
            0.0018942318802731492
        ],
        [
            0.6104658347066654,
            0.5795575204301213,
            0.010187728899890138,
            0.5463631317057607,
            -0.008060177410044275,
            0.9999999999999999,
            0.6848602514927513,
            0.0,
            0.0,
            0.0,
            0.4820510379560037,
            0.5311939490374166,
            0.0880287802503853,
            -0.4913687638400112,
            0.03137758244592252,
            0.12117724609874075,
            0.3076313621080719,
            0.027656082150425105,
            -0.1572158858598733,
            -0.009401929225233223
        ],
        [
            0.5795575204301213,
            0.9012151860111484,
            0.002933195978809225,
            0.1573059272225264,
            -0.0023206428243183566,
            0.6848602514927513,
            1.0000000000000002,
            0.0,
            0.0,
            0.0,
            0.5311939490374166,
            0.8535718383979486,
            0.031131979768368203,
            -0.17377592159251093,
            0.011096896482130792,
            0.3076313621080719,
            0.6070163442317897,
            0.030301107711673582,
            -0.17225200104321278,
            -0.010301129010312281
        ],
        [
            -0.010187728899890138,
            -0.0029331959788092238,
            0.5378178139259661,
            -0.012429613079601023,
            0.00018336685026131068,
            0.0,
            0.0,
            1.0000000000000004,
            0.0,
            0.0,
            -0.08802878025038531,
            -0.03113197976836821,
            0.3665249492929895,
            0.126998675926458,
            -0.008109818363836637,
            -0.027656082150425105,
            -0.03030110771167358,
            0.041973899052962005,
            0.05165604350041052,
            0.0030891691535504455
        ],
        [
            -0.5463631317057605,
            -0.15730592722252615,
            -0.01242961307960102,
            -0.12854474877171848,
            0.009833878339741798,
            0.0,
            0.0,
            0.0,
            1.0000000000000004,
            0.0,
            0.49136876384001094,
            0.17377592159251085,
            0.12699867592645794,
            -0.31961845054230986,
            0.045268279454411586,
            0.15721588585987334,
            0.17225200104321275,
            0.05165604350041052,
            -0.24258711588876003,
            -0.01756092791469247
        ],
        [
            0.008060177410044275,
            0.0023206428243183557,
            0.00018336685026131095,
            0.009833878339741815,
            0.5379045085098236,
            0.0,
            0.0,
            0.0,
            0.0,
            1.0000000000000004,
            -0.03137758244592252,
            -0.011096896482130787,
            -0.008109818363836636,
            0.045268279454411586,
            0.38638605989389,
            0.009401929225233224,
            0.010301129010312283,
            0.0030891691535504463,
            -0.017560927914692475,
            0.05001060077886826
        ],
        [
            0.11446127715376943,
            0.3005276814519916,
            -0.013516067345926914,
            0.15060342658867362,
            -0.006274440665474911,
            0.4820510379560037,
            0.5311939490374166,
            -0.08802878025038531,
            0.4913687638400112,
            -0.03137758244592252,
            0.9999999999999999,
            0.6848602514927513,
            0.0,
            0.0,
            0.0,
            0.6230693537486408,
            0.5838494842123116,
            0.09070961372698116,
            -0.5281681381726577,
            -0.11563517915762755
        ],
        [
            0.3005276814519916,
            0.5982216579993576,
            -0.015482332665029935,
            0.17251263191152436,
            -0.0071872220804780704,
            0.5311939490374166,
            0.8535718383979486,
            -0.031131979768368182,
            0.17377592159251093,
            -0.011096896482130792,
            0.6848602514927513,
            1.0000000000000002,
            0.0,
            0.0,
            0.0,
            0.5838494842123116,
            0.9053686746778052,
            0.02565406459138868,
            -0.14937401864125166,
            -0.032703395299149035
        ],
        [
            0.013516067345926917,
            0.015482332665029953,
            0.04452156817916706,
            0.02547391669140822,
            -0.001061294436772878,
            0.0880287802503853,
            0.0311319797683682,
            0.3665249492929895,
            0.126998675926458,
            -0.008109818363836637,
            0.0,
            0.0,
            1.0000000000000004,
            0.0,
            0.0,
            -0.09070961372698116,
            -0.02565406459138867,
            0.5350595596347892,
            0.10443897855072493,
            0.022865483778585688
        ],
        [
            -0.1506034265886736,
            -0.17251263191152422,
            0.025473916691408204,
            -0.2370365822368087,
            0.011825524000933459,
            -0.49136876384001094,
            -0.17377592159251085,
            0.12699867592645794,
            -0.31961845054230986,
            0.045268279454411586,
            0.0,
            0.0,
            0.0,
            1.0000000000000004,
            0.0,
            0.5281681381726577,
            0.14937401864125238,
            0.10443897855072508,
            -0.05511278337820805,
            -0.13313715602517795
        ],
        [
            0.00627444066547491,
            0.007187222080478063,
            -0.0010612944367728778,
            0.011825524000933464,
            0.04631507733763606,
            0.03137758244592252,
            0.011096896482130787,
            -0.008109818363836636,
            0.045268279454411586,
            0.38638605989389,
            0.0,
            0.0,
            0.0,
            0.0,
            1.0000000000000004,
            0.11563517915762751,
            0.032703395299149014,
            0.022865483778585678,
            -0.1331371560251777,
            0.523847752145569
        ],
        [
            0.014981360278988934,
            0.1276906138541876,
            -0.0020706956247753894,
            0.01812654721953601,
            0.0006556060447757539,
            0.12117724609874075,
            0.3076313621080719,
            -0.027656082150425105,
            0.15721588585987328,
            0.009401929225233223,
            0.6230693537486408,
            0.5838494842123116,
            -0.09070961372698116,
            0.5281681381726577,
            0.11563517915762755,
            0.9999999999999999,
            0.6848602514927513,
            0.0,
            0.0,
            0.0
        ],
        [
            0.12769061385418756,
            0.3501894183691922,
            -0.01123083403246006,
            0.09831297317114937,
            0.0035558111928462445,
            0.3076313621080719,
            0.6070163442317897,
            -0.030301107711673582,
            0.17225200104321278,
            0.010301129010312285,
            0.5838494842123116,
            0.9053686746778052,
            -0.02565406459138868,
            0.1493740186412524,
            0.03270339529914904,
            0.6848602514927513,
            1.0000000000000002,
            0.0,
            0.0,
            0.0
        ],
        [
            0.0020706956247753894,
            0.01123083403246006,
            0.0016155382204550831,
            0.0027114437470455947,
            9.806825806939395e-05,
            0.027656082150425105,
            0.030301107711673585,
            0.041973899052962005,
            0.05165604350041052,
            0.0030891691535504455,
            0.09070961372698116,
            0.02565406459138867,
            0.5350595596347892,
            0.10443897855072508,
            0.022865483778585688,
            0.0,
            0.0,
            1.0000000000000004,
            0.0,
            0.0
        ],
        [
            -0.018126547219536007,
            -0.09831297317114945,
            0.0027114437470455947,
            -0.02181027513845925,
            -0.0008584742679529903,
            -0.15721588585987334,
            -0.17225200104321275,
            0.05165604350041052,
            -0.24258711588876003,
            -0.01756092791469247,
            -0.5281681381726577,
            -0.14937401864125238,
            0.10443897855072493,
            -0.05511278337820805,
            -0.13313715602517776,
            0.0,
            0.0,
            0.0,
            1.0000000000000004,
            0.0
        ],
        [
            -0.0006556060447757538,
            -0.0035558111928462414,
            9.806825806939391e-05,
            -0.00085847426795299,
            0.0018942318802731492,
            -0.009401929225233224,
            -0.010301129010312281,
            0.0030891691535504463,
            -0.017560927914692475,
            0.05001060077886826,
            -0.11563517915762751,
            -0.03270339529914901,
            0.022865483778585678,
            -0.1331371560251779,
            0.523847752145569,
            0.0,
            0.0,
            0.0,
            0.0,
            1.0000000000000004
        ]
    ],
    "h": [
        [
            -0.3141197531290205,
            -0.48607218864185864,
            -0.005147047455305354,
            -0.32947073855560693,
            0.006105150666414113,
            -0.6180917395281345,
            -0.4844133472441292,
            0.0035529043899076955,
            0.0002940035919973827,
            0.00358590895931234,
            -0.2327921769339839,
            -0.316914928685024,
            -0.04151473875400824,
            0.3024498450877491,
            -0.011395033110332381,
            -0.022836107326791227,
            -0.15455132875589978,
            -0.010427490372343784,
            0.07333684924412728,
            0.004034793670031409
        ],
        [
            -0.48607218864185864,
            -0.31234666740602246,
            -0.0028684837643797017,
            -0.26218023440050725,
            0.005152101069164512,
            -0.5513618839900192,
            -0.36343125378468244,
            0.02039929022875942,
            0.1333303281798315,
            0.003153357459511093,
            -0.31822857710541286,
            -0.30409904385589603,
            -0.025552157690015856,
            0.16108446026286724,
            -0.019799754368516845,
            -0.15482491819913674,
            -0.20482285975574566,
            -0.020175025602322892,
            0.12268238847009794,
            0.017983952987097665
        ],
        [
            -0.005147047455305354,
            -0.0028684837643797017,
            1.477465078273114,
            -0.003980237117298318,
            -5.768361652831613e-07,
            0.003211537835184677,
            -0.0010388475420881702,
            0.5079529874794917,
            -0.01564366469186699,
            0.00010607920291634104,
            0.009972163259698241,
            -0.00012191639549917824,
            -0.04433550066131073,
            -0.002189820134069806,
            0.0004345931136915905,
            0.007018553287307352,
            0.0036308705548501047,
            -0.004979796993431356,
            -0.009167781023792607,
            -0.0006350092942297439
        ],
        [
            -0.32947073855560693,
            -0.26218023440050725,
            -0.003980237117298318,
            1.1603232557427485,
            0.005583614615022924,
            -0.05085027969147027,
            -0.250033218187738,
            -0.008581094021933515,
            -0.5114482522847646,
            0.018323683703827604,
            -0.2311345293588047,
            -0.19156358204907242,
            -0.03473748595067522,
            0.1858425638580164,
            -0.014216264854740222,
            -0.07322070360717838,
            -0.12437120516511302,
            -0.014130730483108598,
            0.09836817239806761,
            0.007153523526738819
        ],
        [
            0.006105150666414113,
            0.005152101069164512,
            -5.768361652831613e-07,
            0.005583614615022924,
            1.477600770964296,
            0.002611611063636143,
            0.005178722673778581,
            -6.736993761419327e-05,
            0.015099462859884328,
            0.5086850170625481,
            0.0064115376063384,
            0.0037276779317207496,
            0.0008611167831822832,
            -0.005675928005884304,
            -0.04435967635525784,
            -0.00016400712737954385,
            0.0018326738103025203,
            -0.00014019162968643474,
            0.0013806659122841728,
            -0.006164569012562439
        ],
        [
            -0.6180917395281345,
            -0.5513618839900192,
            0.003211537835184677,
            -0.05085027969147027,
            0.002611611063636143,
            -0.44876714322041966,
            -0.5954843139294,
            0.0373968291366719,
            0.13442860181656466,
            0.007262815631347184,
            -0.4703895454978979,
            -0.48291348314827287,
            -0.006443253123660619,
            0.06661522504482309,
            -0.014011795417754207,
            -0.24245243492416546,
            -0.323170529146449,
            -0.039841234398594924,
            0.231150208847276,
            0.029552327926804553
        ],
        [
            -0.4844133472441292,
            -0.36343125378468244,
            -0.0010388475420881702,
            -0.250033218187738,
            0.005178722673778581,
            -0.5954843139294,
            -0.42353668554516033,
            0.03610242050679527,
            0.051528385049502176,
            0.006301197318383571,
            -0.4852586974398303,
            -0.39443854851305793,
            -0.013811758876876579,
            0.09226600942344582,
            -0.03741007790745268,
            -0.3240934102714768,
            -0.3072466306919476,
            -0.03281000362062897,
            0.19002121040684594,
            0.03619181557227965
        ],
        [
            0.0035529043899076955,
            0.02039929022875942,
            0.5079529874794917,
            -0.008581094021933515,
            -6.736993761419327e-05,
            0.0373968291366719,
            0.03610242050679527,
            1.4066133623029227,
            0.037407561800411555,
            -0.0020063707218103814,
            0.020192131232774746,
            0.03934198314562055,
            0.24865562115982714,
            0.17599412194089104,
            -0.007500899995560377,
            0.05122969092820392,
            0.03636739773065019,
            -0.038461600106279165,
            -0.038771330005519855,
            -0.006884901677707514
        ],
        [
            0.0002940035919973827,
            0.1333303281798315,
            -0.01564366469186699,
            -0.5114482522847646,
            0.015099462859884328,
            0.13442860181656466,
            0.051528385049502176,
            0.037407561800411555,
            0.8588039885785219,
            0.015559015066897908,
            -0.07173162358691165,
            -0.0924475251601054,
            0.18893333067773105,
            -0.8008091923094249,
            0.04294817886379412,
            -0.3078812332726381,
            -0.1612313951061588,
            -0.037165063886337876,
            0.16706143063145695,
            0.03949434223560844
        ],
        [
            0.00358590895931234,
            0.003153357459511093,
            0.00010607920291634104,
            0.018323683703827604,
            0.5086850170625481,
            0.007262815631347184,
            0.006301197318383571,
            -0.0020063707218103814,
            0.015559015066897908,
            1.4131557800963839,
            -0.001995329630703091,
            0.006379232657030803,
            -0.010616873957620157,
            0.05920794087835532,
            0.2761962428117192,
            0.0013720626677065119,
            0.007149719994479277,
            0.001210035691460794,
            -0.006953879984689781,
            -0.046192403560597214
        ],
        [
            -0.2327921769339839,
            -0.31822857710541286,
            0.009972163259698241,
            -0.2311345293588047,
            0.0064115376063384,
            -0.4703895454978979,
            -0.4852586974398303,
            0.020192131232774746,
            -0.07173162358691165,
            -0.001995329630703091,
            -0.46070756043008054,
            -0.5990410901016863,
            0.020859105772478383,
            -0.13246428063812082,
            -0.0786699852528642,
            -0.6295422633580907,
            -0.557239297701434,
            -0.009546398458110894,
            0.05083545880036788,
            0.0045751770342594145
        ],
        [
            -0.316914928685024,
            -0.30409904385589603,
            -0.00012191639549917824,
            -0.19156358204907242,
            0.0037276779317207496,
            -0.48291348314827287,
            -0.39443854851305793,
            0.03934198314562055,
            -0.0924475251601054,
            0.006379232657030803,
            -0.5990410901016863,
            -0.42260026211830426,
            0.007856871573973212,
            -0.04728512600645987,
            -0.06003936960386423,
            -0.4907145403880291,
            -0.3646972846493506,
            -0.04302205455337268,
            0.2469948482146755,
            0.04835728324863678
        ],
        [
            -0.04151473875400824,
            -0.025552157690015856,
            -0.04433550066131073,
            -0.03473748595067522,
            0.0008611167831822832,
            -0.006443253123660619,
            -0.013811758876876579,
            0.24865562115982714,
            0.18893333067773105,
            -0.010616873957620157,
            0.020859105772478383,
            0.007856871573973212,
            1.3949594343171103,
            0.09076312323403933,
            0.008490096845614534,
            -0.0030581884745699006,
            0.020336574189755218,
            0.5035678025889568,
            0.16302502750629744,
            0.03478426627928812
        ],
        [
            0.3024498450877491,
            0.16108446026286724,
            -0.002189820134069806,
            0.1858425638580164,
            -0.005675928005884304,
            0.06661522504482309,
            0.09226600942344582,
            0.17599412194089104,
            -0.8008091923094249,
            0.05920794087835532,
            -0.13246428063812082,
            -0.04728512600645987,
            0.09076312323403933,
            0.8743689426029333,
            -0.05036790741762904,
            0.005294828253160411,
            -0.12554449039937693,
            0.16167750469062703,
            -0.41250937666987764,
            -0.20139558067444702
        ],
        [
            -0.011395033110332381,
            -0.019799754368516845,
            0.0004345931136915905,
            -0.014216264854740222,
            -0.04435967635525784,
            -0.014011795417754207,
            -0.03741007790745268,
            -0.007500899995560377,
            0.04294817886379412,
            0.2761962428117192,
            -0.0786699852528642,
            -0.06003936960386423,
            0.008490096845614534,
            -0.05036790741762904,
            1.3960131120935968,
            -0.005095134169434162,
            -0.0538114046955354,
            0.03267756751265199,
            -0.19090443470274437,
            0.48873899122606423
        ],
        [
            -0.022836107326791227,
            -0.15482491819913674,
            0.007018553287307352,
            -0.07322070360717838,
            -0.00016400712737954385,
            -0.24245243492416546,
            -0.3240934102714768,
            0.05122969092820392,
            -0.3078812332726381,
            0.0013720626677065119,
            -0.6295422633580907,
            -0.4907145403880291,
            -0.0030581884745699006,
            0.005294828253160411,
            -0.005095134169434162,
            -0.32719013189184687,
            -0.4912658238947023,
            -0.05687684772436622,
            0.3264038328338027,
            0.069703716048446
        ],
        [
            -0.15455132875589978,
            -0.20482285975574566,
            0.0036308705548501047,
            -0.12437120516511302,
            0.0018326738103025203,
            -0.323170529146449,
            -0.3072466306919476,
            0.03636739773065019,
            -0.1612313951061588,
            0.007149719994479277,
            -0.557239297701434,
            -0.3646972846493506,
            0.020336574189755218,
            -0.12554449039937693,
            -0.0538114046955354,
            -0.4912658238947023,
            -0.31426291353489977,
            -0.04487207026290147,
            0.2572845796015,
            0.053001002556235535
        ],
        [
            -0.010427490372343784,
            -0.020175025602322892,
            -0.004979796993431356,
            -0.014130730483108598,
            -0.00014019162968643474,
            -0.039841234398594924,
            -0.03281000362062897,
            -0.038461600106279165,
            -0.037165063886337876,
            0.001210035691460794,
            -0.009546398458110894,
            -0.04302205455337268,
            0.5035678025889568,
            0.16167750469062703,
            0.03267756751265199,
            -0.05687684772436622,
            -0.04487207026290147,
            1.4633900131457147,
            0.05246944552733965,
            0.01091120182728466
        ],
        [
            0.07333684924412728,
            0.12268238847009794,
            -0.009167781023792607,
            0.09836817239806761,
            0.0013806659122841728,
            0.231150208847276,
            0.19002121040684594,
            -0.038771330005519855,
            0.16706143063145695,
            -0.006953879984689781,
            0.05083545880036788,
            0.2469948482146755,
            0.16302502750629744,
            -0.41250937666987764,
            -0.19090443470274437,
            0.3264038328338027,
            0.2572845796015,
            0.05246944552733965,
            1.1692585417930654,
            -0.06324198118910669
        ],
        [
            0.004034793670031409,
            0.017983952987097665,
            -0.0006350092942297439,
            0.007153523526738819,
            -0.006164569012562439,
            0.029552327926804553,
            0.03619181557227965,
            -0.006884901677707514,
            0.03949434223560844,
            -0.046192403560597214,
            0.0045751770342594145,
            0.04835728324863678,
            0.03478426627928812,
            -0.20139558067444702,
            0.48873899122606423,
            0.069703716048446,
            0.053001002556235535,
            0.01091120182728466,
            -0.06324198118910669,
            1.4587827588100262
        ]
    ]
}