{
    "HF": -2.1584116295668463,
    "coordinates": [
        [
            0.780351,
            0.074068,
            -0.134319
        ],
        [
            1.500511,
            0.182627,
            -0.134817
        ],
        [
            2.238529,
            -0.132378,
            -0.130682
        ],
        [
            3.053246,
            -0.011995,
            0.094065
        ]
    ],
    "elements": [
        "H",
        "H",
        "H",
        "H"
    ],
    "Enn": 2.9313378620915933,
    "S": [
        [
            0.9999999999999999,
            0.6848602514927513,
            0.0,
            0.0,
            0.0,
            0.5801668895568509,
            0.5689324124402658,
            0.00036936703231887734,
            -0.5341432971782085,
            -0.08051830454117022,
            0.13456094528857954,
            0.32108375348635826,
            -0.00043656179131211807,
            -0.1750301896430914,
            0.024780433205724987,
            0.010760122777632669,
            0.11077618260516854,
            -0.0012675940762491488,
            -0.01261519299923073,
            0.00047767334394804595
        ],
        [
            0.6848602514927513,
            1.0000000000000002,
            0.0,
            0.0,
            0.0,
            0.5689324124402658,
            0.8908821865357213,
            0.00011118437015077263,
            -0.1607842088509606,
            -0.024237076383930568,
            0.32108375348635826,
            0.6234630522797809,
            -0.00044064400100303757,
            -0.17666686502463663,
            0.025012150517204446,
            0.1107761826051685,
            0.32035606166887004,
            -0.008846337254412794,
            -0.08803942357550687,
            0.0033336062207796014
        ],
        [
            0.0,
            0.0,
            1.0000000000000004,
            0.0,
            0.0,
            -0.00036936703231887734,
            -0.00011118437015077263,
            0.5023170476345963,
            0.0004677014112779132,
            7.050266261236254e-05,
            0.00043656179131211807,
            0.00044064400100303757,
            0.059876831452074224,
            -0.0008244412489203976,
            0.00011672278560958978,
            0.001267594076249148,
            0.008846337254412796,
            0.0009791896871127585,
            -0.0015262856251086318,
            5.779269159099921e-05
        ],
        [
            0.0,
            0.0,
            0.0,
            1.0000000000000004,
            0.0,
            0.5341432971782085,
            0.1607842088509606,
            0.0004677014112779135,
            -0.17402770594358732,
            -0.1019542118612809,
            0.1750301896430914,
            0.17666686502463663,
            -0.0008244412489204111,
            -0.2706633424830086,
            0.0467975249036629,
            0.012615192999230713,
            0.08803942357550691,
            -0.0015262856251086314,
            -0.014057157814768568,
            0.0005751572778904132
        ],
        [
            0.0,
            0.0,
            0.0,
            0.0,
            1.0000000000000004,
            0.08051830454117022,
            0.024237076383930547,
            7.050266261236254e-05,
            -0.10195421186128081,
            0.4869484984647645,
            -0.024780433205724983,
            -0.025012150517204432,
            0.00011672278560959167,
            0.0467975249036629,
            0.053253385388946625,
            -0.0004776733439480455,
            -0.003333606220779601,
            5.779269159099921e-05,
            0.0005751572778904134,
            0.0011107749364963537
        ],
        [
            0.5801668895568509,
            0.5689324124402658,
            -0.00036936703231887734,
            0.5341432971782086,
            0.08051830454117023,
            0.9999999999999999,
            0.6848602514927513,
            0.0,
            0.0,
            0.0,
            0.5209383106199905,
            0.5468065778391961,
            -0.0026763896603607326,
            -0.47768409778962473,
            0.20388781740312661,
            0.10141845096806326,
            0.2859499121543804,
            -0.01946632144587357,
            -0.1320594831846039,
            0.016552522314724646
        ],
        [
            0.5689324124402658,
            0.8908821865357213,
            -0.00011118437015077263,
            0.1607842088509606,
            0.024237076383930568,
            0.6848602514927513,
            1.0000000000000002,
            0.0,
            0.0,
            0.0,
            0.5468065778391961,
            0.8691258239626035,
            -0.0008849131087416244,
            -0.1579399764660875,
            0.06741283042784832,
            0.2859499121543804,
            0.5799230676354202,
            -0.024496914286952096,
            -0.1661870142927385,
            0.020830115309876676
        ],
        [
            0.00036936703231887734,
            0.00011118437015077263,
            0.5023170476345963,
            0.0004677014112779135,
            7.050266261236254e-05,
            0.0,
            0.0,
            1.0000000000000004,
            0.0,
            0.0,
            0.0026763896603607317,
            0.0008849131087416241,
            0.4334841860469896,
            -0.0034345287037389556,
            0.0014659448879584091,
            0.019466321445873562,
            0.0244969142869521,
            0.03360712660469223,
            -0.03588900074878496,
            0.0044983780900991
        ],
        [
            -0.5341432971782085,
            -0.1607842088509606,
            0.0004677014112779132,
            -0.17402770594358732,
            -0.10195421186128081,
            0.0,
            0.0,
            0.0,
            1.0000000000000004,
            0.0,
            0.4776840977896247,
            0.1579399764660871,
            -0.003434528703739003,
            -0.17949391178473664,
            0.2616429780704462,
            0.1320594831846038,
            0.16618701429273844,
            -0.03588900074878496,
            -0.20457353443772133,
            0.030516987372226856
        ],
        [
            -0.08051830454117022,
            -0.024237076383930568,
            7.050266261236254e-05,
            -0.1019542118612809,
            0.4869484984647645,
            0.0,
            0.0,
            0.0,
            0.0,
            1.0000000000000004,
            -0.20388781740312661,
            -0.06741283042784837,
            0.0014659448879584308,
            0.2616429780704464,
            0.3218274994473525,
            -0.01655252231472464,
            -0.020830115309876655,
            0.0044983780900991,
            0.030516987372226856,
            0.03507232778391847
        ],
        [
            0.13456094528857954,
            0.32108375348635826,
            0.00043656179131211807,
            0.1750301896430914,
            -0.024780433205724987,
            0.5209383106199905,
            0.5468065778391961,
            0.002676389660360732,
            0.47768409778962473,
            -0.20388781740312661,
            0.9999999999999999,
            0.6848602514927513,
            0.0,
            0.0,
            0.0,
            0.48117552538197617,
            0.5308316303729396,
            -0.13155463267547357,
            -0.47689088472577507,
            -0.0704656406776132
        ],
        [
            0.32108375348635826,
            0.6234630522797809,
            0.00044064400100303757,
            0.17666686502463663,
            -0.025012150517204446,
            0.5468065778391961,
            0.8691258239626035,
            0.0008849131087416244,
            0.15793997646608718,
            -0.06741283042784832,
            0.6848602514927513,
            1.0000000000000002,
            0.0,
            0.0,
            0.0,
            0.5308316303729396,
            0.8532088313210452,
            -0.04659844439935646,
            -0.1689212529008637,
            -0.024959890597550702
        ],
        [
            -0.00043656179131211807,
            -0.00044064400100303757,
            0.059876831452074224,
            -0.000824441248920411,
            0.00011672278560959165,
            -0.0026763896603607317,
            -0.0008849131087416241,
            0.4334841860469896,
            -0.0034345287037390025,
            0.00146594488795843,
            0.0,
            0.0,
            1.0000000000000004,
            0.0,
            0.0,
            0.13155463267547354,
            0.04659844439935644,
            0.33737255902074137,
            -0.18458248128942623,
            -0.027274001702511392
        ],
        [
            -0.1750301896430914,
            -0.17666686502463663,
            -0.0008244412489203978,
            -0.2706633424830086,
            0.0467975249036629,
            -0.4776840977896247,
            -0.15793997646608746,
            -0.003434528703738956,
            -0.17949391178473664,
            0.2616429780704463,
            0.0,
            0.0,
            0.0,
            1.0000000000000004,
            0.0,
            0.47689088472577507,
            0.1689212529008637,
            -0.18458248128942603,
            -0.2808276950489237,
            -0.098869363529057
        ],
        [
            0.024780433205724983,
            0.025012150517204432,
            0.00011672278560958979,
            0.0467975249036629,
            0.053253385388946625,
            0.20388781740312661,
            0.06741283042784836,
            0.0014659448879584098,
            0.26164297807044623,
            0.3218274994473525,
            0.0,
            0.0,
            0.0,
            0.0,
            1.0000000000000004,
            0.07046564067761317,
            0.02495989059755069,
            -0.027274001702511392,
            -0.09886936352905709,
            0.3736823062490871
        ],
        [
            0.010760122777632669,
            0.11077618260516854,
            0.0012675940762491488,
            0.012615192999230727,
            -0.00047767334394804595,
            0.10141845096806326,
            0.2859499121543804,
            0.01946632144587357,
            0.1320594831846039,
            -0.016552522314724646,
            0.48117552538197617,
            0.5308316303729396,
            0.13155463267547357,
            0.47689088472577507,
            0.07046564067761321,
            0.9999999999999999,
            0.6848602514927513,
            0.0,
            0.0,
            0.0
        ],
        [
            0.1107761826051685,
            0.32035606166887004,
            0.008846337254412794,
            0.08803942357550693,
            -0.0033336062207796014,
            0.2859499121543804,
            0.5799230676354202,
            0.024496914286952096,
            0.1661870142927385,
            -0.020830115309876683,
            0.5308316303729396,
            0.8532088313210452,
            0.04659844439935646,
            0.16892125290086438,
            0.02495989059755069,
            0.6848602514927513,
            1.0000000000000002,
            0.0,
            0.0,
            0.0
        ],
        [
            -0.001267594076249148,
            -0.008846337254412794,
            0.0009791896871127585,
            -0.0015262856251086318,
            5.779269159099921e-05,
            -0.019466321445873562,
            -0.024496914286952092,
            0.03360712660469223,
            -0.035889000748784976,
            0.0044983780900991,
            -0.13155463267547354,
            -0.046598444399356426,
            0.33737255902074137,
            -0.184582481289426,
            -0.02727400170251139,
            0.0,
            0.0,
            1.0000000000000004,
            0.0,
            0.0
        ],
        [
            -0.012615192999230713,
            -0.08803942357550686,
            -0.0015262856251086314,
            -0.014057157814768568,
            0.0005751572778904132,
            -0.13205948318460387,
            -0.16618701429273844,
            -0.035889000748784955,
            -0.2045735344377214,
            0.03051698737222685,
            -0.47689088472577507,
            -0.1689212529008637,
            -0.18458248128942625,
            -0.2808276950489235,
            -0.0988693635290571,
            0.0,
            0.0,
            0.0,
            1.0000000000000004,
            0.0
        ],
        [
            0.0004776733439480455,
            0.0033336062207796006,
            5.779269159099921e-05,
            0.0005751572778904134,
            0.0011107749364963537,
            0.01655252231472464,
            0.020830115309876662,
            0.0044983780900991,
            0.030516987372226866,
            0.03507232778391847,
            -0.07046564067761318,
            -0.024959890597550684,
            -0.027274001702511395,
            -0.09886936352905698,
            0.3736823062490871,
            0.0,
            0.0,
            0.0,
            0.0,
            1.0000000000000004
        ]
    ],
    "h": [
        [
            -0.30008473833543436,
            -0.48253871714978636,
            0.001417704997169685,
            -0.3107466909272125,
            -0.04039170218445165,
            -0.6083648963539628,
            -0.4790582767948377,
            0.003156798404574824,
            0.010966151069297325,
            0.023065761391723033,
            -0.26708587628963665,
            -0.3299434546648754,
            0.006780587644523865,
            0.3128487177613928,
            -0.07930087365754607,
            -0.008852897856748317,
            -0.13379492038359705,
            0.007961847885002349,
            0.05891165279086963,
            -0.003268178179934166
        ],
        [
            -0.48253871714978636,
            -0.32037479763697174,
            0.0011185254886625835,
            -0.25785096105562166,
            -0.02967206075704663,
            -0.5544286019026625,
            -0.37271299450917317,
            0.000498266092307284,
            0.12001642688251174,
            0.07626553825167313,
            -0.339653443347716,
            -0.3177738060342944,
            -0.0059810198260978,
            0.18152449102127927,
            -0.07825004977326737,
            -0.12929633685016712,
            -0.1932033175842351,
            0.022672646289848074,
            0.10553021278901382,
            0.0049106541798871065
        ],
        [
            0.001417704997169685,
            0.0011185254886625835,
            1.4679538133001904,
            0.0006038451359275632,
            3.539583590020518e-05,
            0.0008871158602016442,
            0.0008231912861009429,
            0.4438399107365787,
            -0.00036741000174350734,
            9.593276914060642e-05,
            -0.0007019776448307033,
            0.00020153047852026606,
            -0.0463403893007204,
            -0.0009537557479709453,
            6.606235348286514e-05,
            -0.0032551115709589873,
            -0.0020290349108418454,
            -0.0032534190293822007,
            0.005214865264321653,
            -0.00014932593230912542
        ],
        [
            -0.3107466909272125,
            -0.25785096105562166,
            0.0006038451359275632,
            1.1654695453670385,
            -0.03730379502577341,
            -0.08057999540307259,
            -0.2509873913807251,
            0.0010829134172328494,
            -0.5612386036637487,
            -0.11419594862924953,
            -0.2524617173291173,
            -0.20232801368258568,
            0.00012638892752891995,
            0.1446270740343819,
            -0.07428662135008011,
            -0.06265030548890083,
            -0.12133927410025896,
            0.012198164648191245,
            0.08046719041543685,
            -0.001431093139844427
        ],
        [
            -0.04039170218445165,
            -0.02967206075704663,
            3.539583590020518e-05,
            -0.03730379502577341,
            1.4611037530170927,
            0.004529934002293401,
            -0.02389167635797087,
            0.000375567917205544,
            -0.1433808719406092,
            0.41975861906554934,
            0.0014102896086650857,
            -0.018549887065610594,
            0.0006061261906306685,
            0.0242815308658883,
            -0.05157952391122765,
            0.0050510798302076665,
            -0.0032889936389835957,
            -0.0005158552722308023,
            -0.0026013041617502807,
            -0.0041874574128329175
        ],
        [
            -0.6083648963539628,
            -0.5544286019026625,
            0.0008871158602016442,
            -0.08057999540307259,
            0.004529934002293401,
            -0.4641708662911994,
            -0.6062048716191322,
            -0.0002940415443726148,
            0.094316780137051,
            0.12823899486463203,
            -0.5116278305355153,
            -0.5120075976001346,
            -0.007947327690405011,
            0.08163864275620125,
            -0.030859150638070543,
            -0.2110779560500657,
            -0.3127925931363983,
            0.04224689910015475,
            0.20907346584533484,
            -0.001177484905769334
        ],
        [
            -0.4790582767948377,
            -0.37271299450917317,
            0.0008231912861009429,
            -0.2509873913807251,
            -0.02389167635797087,
            -0.6062048716191322,
            -0.4344961136265155,
            -0.002542597502492732,
            0.034251436597634646,
            0.10828581772302466,
            -0.49688913803028356,
            -0.41137763768822144,
            -0.024625325162958206,
            0.12703068874272344,
            -0.09396546158981056,
            -0.2869027595961062,
            -0.3000352242924681,
            0.04110755491127372,
            0.16013223822074873,
            0.016693759475154307
        ],
        [
            0.003156798404574824,
            0.000498266092307284,
            0.4438399107365787,
            0.0010829134172328494,
            0.000375567917205544,
            -0.0002940415443726148,
            -0.002542597502492732,
            1.3972206862635927,
            -0.005893047097481789,
            0.0009712485872411163,
            -0.0077859439659195145,
            -0.0062029836789694965,
            0.3329800504319843,
            -0.01103482563362697,
            0.0010874777547615682,
            -0.020291003197854263,
            -0.007091705457125307,
            -0.03897160393927895,
            0.014914538283568604,
            0.00023745340873582502
        ],
        [
            0.010966151069297325,
            0.12001642688251174,
            -0.00036741000174350734,
            -0.5612386036637487,
            -0.1433808719406092,
            0.094316780137051,
            0.034251436597634646,
            -0.005893047097481789,
            0.8696401872884649,
            0.0473218106468566,
            -0.039048807849259126,
            -0.0927393355856656,
            -0.026132109053445172,
            -0.645211903688109,
            0.3591065219422461,
            -0.2726967318610317,
            -0.16580007532392357,
            0.049748155903986985,
            0.1734933796857353,
            0.009835797523578396
        ],
        [
            0.023065761391723033,
            0.07626553825167313,
            9.593276914060642e-05,
            -0.11419594862924953,
            0.41975861906554934,
            0.12823899486463203,
            0.10828581772302466,
            0.0009712485872411163,
            0.0473218106468566,
            1.354483166614973,
            0.029064919711084825,
            0.09732680235736133,
            0.005494327418884106,
            0.3473445485609924,
            0.19049442251218496,
            0.06361935096240837,
            0.07344130649404629,
            -0.014645219892962469,
            -0.06402955191482321,
            -0.04512536381797053
        ],
        [
            -0.26708587628963665,
            -0.339653443347716,
            -0.0007019776448307033,
            -0.2524617173291173,
            0.0014102896086650857,
            -0.5116278305355153,
            -0.49688913803028356,
            -0.0077859439659195145,
            -0.039048807849259126,
            0.029064919711084825,
            -0.38685434818553643,
            -0.5762540690134099,
            -0.057826086268654556,
            -0.014076239472673502,
            -0.11605014163138677,
            -0.525609928988744,
            -0.5084732570598226,
            0.018459706729040792,
            0.08247005950945918,
            0.0015547720603428516
        ],
        [
            -0.3299434546648754,
            -0.3177738060342944,
            0.00020153047852026606,
            -0.20232801368258568,
            -0.018549887065610594,
            -0.5120075976001346,
            -0.41137763768822144,
            -0.0062029836789694965,
            -0.0927393355856656,
            0.09732680235736133,
            -0.5762540690134099,
            -0.4329124395997488,
            -0.04861403371609639,
            0.009880750183917902,
            -0.10213476268293267,
            -0.4331824932464554,
            -0.36221473870352927,
            0.05109729514047656,
            0.19819782599464963,
            0.02032079407027816
        ],
        [
            0.006780587644523865,
            -0.0059810198260978,
            -0.0463403893007204,
            0.00012638892752891995,
            0.0006061261906306685,
            -0.007947327690405011,
            -0.024625325162958206,
            0.3329800504319843,
            -0.026132109053445172,
            0.005494327418884106,
            -0.057826086268654556,
            -0.04861403371609639,
            1.4033339511740088,
            -0.060676782506724106,
            -0.007315508596204249,
            -0.015701924456850758,
            -0.049195516869371306,
            0.2183014001711368,
            -0.23629840095529325,
            -0.036142027681342184
        ],
        [
            0.3128487177613928,
            0.18152449102127927,
            -0.0009537557479709453,
            0.1446270740343819,
            0.0242815308658883,
            0.08163864275620125,
            0.12703068874272344,
            -0.01103482563362697,
            -0.645211903688109,
            0.3473445485609924,
            -0.014076239472673502,
            0.009880750183917902,
            -0.060676782506724106,
            0.9531604414526891,
            0.062129387028888816,
            -0.0489142624115384,
            -0.09703959941483034,
            -0.2446658850004585,
            -0.6135610949837946,
            -0.1279273270740429
        ],
        [
            -0.07930087365754607,
            -0.07825004977326737,
            6.606235348286514e-05,
            -0.07428662135008011,
            -0.05157952391122765,
            -0.030859150638070543,
            -0.09396546158981056,
            0.0010874777547615682,
            0.3591065219422461,
            0.19049442251218496,
            -0.11605014163138677,
            -0.10213476268293267,
            -0.007315508596204249,
            0.062129387028888816,
            1.3776283120499042,
            -0.01887817956180768,
            -0.06413989949757498,
            -0.03164725674438314,
            -0.10727219535440305,
            0.26366289933145537
        ],
        [
            -0.008852897856748317,
            -0.12929633685016712,
            -0.0032551115709589873,
            -0.06265030548890083,
            0.0050510798302076665,
            -0.2110779560500657,
            -0.2869027595961062,
            -0.020291003197854263,
            -0.2726967318610317,
            0.06361935096240837,
            -0.525609928988744,
            -0.4331824932464554,
            -0.015701924456850758,
            -0.0489142624115384,
            -0.01887817956180768,
            -0.2159762430511274,
            -0.4452638329135006,
            0.06347688218528122,
            0.23357901540005901,
            0.03062228643612346
        ],
        [
            -0.13379492038359705,
            -0.1932033175842351,
            -0.0020290349108418454,
            -0.12133927410025896,
            -0.0032889936389835957,
            -0.3127925931363983,
            -0.3000352242924681,
            -0.007091705457125307,
            -0.16580007532392357,
            0.07344130649404629,
            -0.5084732570598226,
            -0.36221473870352927,
            -0.049195516869371306,
            -0.09703959941483034,
            -0.06413989949757498,
            -0.4452638329135006,
            -0.3066238099091534,
            0.056532117662885226,
            0.2115629491446582,
            0.02566682620160605
        ],
        [
            0.007961847885002349,
            0.022672646289848074,
            -0.0032534190293822007,
            0.012198164648191245,
            -0.0005158552722308023,
            0.04224689910015475,
            0.04110755491127372,
            -0.03897160393927895,
            0.049748155903986985,
            -0.014645219892962469,
            0.018459706729040792,
            0.05109729514047656,
            0.2183014001711368,
            -0.2446658850004585,
            -0.03164725674438314,
            0.06347688218528122,
            0.056532117662885226,
            1.4850577843369674,
            -0.05739360975215637,
            -0.007795695277759965
        ],
        [
            0.05891165279086963,
            0.10553021278901382,
            0.005214865264321653,
            0.08046719041543685,
            -0.0026013041617502807,
            0.20907346584533484,
            0.16013223822074873,
            0.014914538283568604,
            0.1734933796857353,
            -0.06402955191482321,
            0.08247005950945918,
            0.19819782599464963,
            -0.23629840095529325,
            -0.6135610949837946,
            -0.10727219535440305,
            0.23357901540005901,
            0.2115629491446582,
            -0.05739360975215637,
            1.2859876392408565,
            -0.027076994642704577
        ],
        [
            -0.003268178179934166,
            0.0049106541798871065,
            -0.00014932593230912542,
            -0.001431093139844427,
            -0.0041874574128329175,
            -0.001177484905769334,
            0.016693759475154307,
            0.00023745340873582502,
            0.009835797523578396,
            -0.04512536381797053,
            0.0015547720603428516,
            0.02032079407027816,
            -0.036142027681342184,
            -0.1279273270740429,
            0.26366289933145537,
            0.03062228643612346,
            0.02566682620160605,
            -0.007795695277759965,
            -0.027076994642704577,
            1.495926350283779
        ]
    ]
}