{
    "HF": -2.138475731099473,
    "coordinates": [
        [
            0.811246,
            0.170359,
            -0.159515
        ],
        [
            1.508196,
            0.130991,
            -0.096353
        ],
        [
            2.223942,
            -0.03113,
            -0.162598
        ],
        [
            3.00447,
            0.012028,
            -0.133822
        ]
    ],
    "elements": [
        "H",
        "H",
        "H",
        "H"
    ],
    "Enn": 3.113524585281729,
    "S": [
        [
            0.9999999999999999,
            0.6848602514927513,
            0.0,
            0.0,
            0.0,
            0.6023896241230291,
            0.5767684429471646,
            -0.049123672832209,
            -0.5420465434978003,
            0.030618105064095555,
            0.1507612553621137,
            0.33628284980538264,
            0.00042523713627885774,
            -0.19485267644262105,
            0.02779130890421384,
            0.014751049131880727,
            0.12684550516473458,
            -0.0002097136018125933,
            -0.017901720492812138,
            0.0012923428283419477
        ],
        [
            0.6848602514927513,
            1.0000000000000002,
            0.0,
            0.0,
            0.0,
            0.5767684429471646,
            0.8985098167599398,
            -0.014309065487921137,
            -0.15789087096365914,
            0.008918642381946073,
            0.33628284980538264,
            0.6417341944156474,
            0.00039246575291518516,
            -0.17983613340261972,
            0.025649540087294392,
            0.1268455051647346,
            0.3487356121395276,
            -0.001150919438333992,
            -0.09824559740865699,
            0.007092446409172113
        ],
        [
            0.0,
            0.0,
            1.0000000000000004,
            0.0,
            0.0,
            0.04912367283220899,
            0.014309065487921113,
            0.5230223093496003,
            -0.06039922988841812,
            0.0034117180317773804,
            -0.00042523713627885774,
            -0.00039246575291518505,
            0.07112391409258555,
            0.0008042308912254807,
            -0.00011470527136916288,
            0.0002097136018125933,
            0.0011509194383339913,
            0.001874921156660235,
            -0.00027476277652199033,
            1.983539536750613e-05
        ],
        [
            0.0,
            0.0,
            0.0,
            1.0000000000000004,
            0.0,
            0.5420465434978002,
            0.15789087096365897,
            -0.06039922988841807,
            -0.13796863015201716,
            0.03764600364534443,
            0.19485267644262097,
            0.17983613340261959,
            0.000804230891225481,
            -0.2973899853856361,
            0.052560388596215354,
            0.01790172049281214,
            0.098245597408657,
            -0.0002747627765219898,
            -0.02157635413074085,
            0.0016932030190909269
        ],
        [
            0.0,
            0.0,
            0.0,
            0.0,
            1.0000000000000004,
            -0.030618105064095572,
            -0.008918642381946097,
            0.003411718031777377,
            0.03764600364534442,
            0.5263695914884944,
            -0.027791308904213836,
            -0.025649540087294392,
            -0.00011470527136916288,
            0.05256038859621535,
            0.0636291234978467,
            -0.001292342828341947,
            -0.007092446409172096,
            1.9835395367506074e-05,
            0.0016932030190909258,
            0.0017559059319506266
        ],
        [
            0.6023896241230291,
            0.5767684429471646,
            0.049123672832208996,
            0.5420465434978003,
            -0.030618105064095572,
            0.9999999999999999,
            0.6848602514927513,
            0.0,
            0.0,
            0.0,
            0.573247227290659,
            0.5664427051875464,
            0.04839473682048462,
            -0.5228823201798563,
            0.11843615560531041,
            0.12508674322981936,
            0.31165350670265657,
            0.004114143830898975,
            -0.1642927872757356,
            0.013062288626737709
        ],
        [
            0.5767684429471646,
            0.8985098167599398,
            0.01430906548792116,
            0.15789087096365914,
            -0.008918642381946097,
            0.6848602514927513,
            1.0000000000000002,
            0.0,
            0.0,
            0.0,
            0.5664427051875464,
            0.8884503368872039,
            0.014720902577446474,
            -0.15905241355871413,
            0.03602637854567446,
            0.31165350670265657,
            0.6119618228196702,
            0.004397115606453798,
            -0.17559288363530004,
            0.013960715895555344
        ],
        [
            -0.04912367283220896,
            -0.014309065487921137,
            0.5230223093496003,
            -0.06039922988841806,
            0.0034117180317773765,
            0.0,
            0.0,
            1.0000000000000004,
            0.0,
            0.0,
            -0.0483947368204846,
            -0.014720902577446491,
            0.4885711461936064,
            0.06083427206534961,
            -0.013779347731606668,
            -0.0041141438308989736,
            -0.004397115606453798,
            0.05339504607949107,
            0.007800135740049878,
            -0.0006201588399207322
        ],
        [
            -0.5420465434978002,
            -0.15789087096365914,
            -0.060399229888418136,
            -0.137968630152017,
            0.03764600364534442,
            0.0,
            0.0,
            0.0,
            1.0000000000000004,
            0.0,
            0.5228823201798563,
            0.15905241355871408,
            0.06083427206534963,
            -0.1630840468348575,
            0.14887935725725032,
            0.16429278727573554,
            0.17559288363529985,
            0.00780013574004987,
            -0.2578975313194088,
            0.02476520718576833
        ],
        [
            0.03061810506409555,
            0.008918642381946073,
            0.003411718031777381,
            0.03764600364534443,
            0.5263695914884944,
            0.0,
            0.0,
            0.0,
            0.0,
            1.0000000000000004,
            -0.11843615560531039,
            -0.03602637854567442,
            -0.013779347731606668,
            0.1488793572572503,
            0.46047947131881345,
            -0.013062288626737698,
            -0.013960715895555347,
            -0.0006201588399207317,
            0.02476520718576833,
            0.051621386939255644
        ],
        [
            0.1507612553621137,
            0.33628284980538264,
            -0.00042523713627885774,
            0.19485267644262105,
            -0.02779130890421384,
            0.573247227290659,
            0.5664427051875464,
            -0.0483947368204846,
            0.5228823201798563,
            -0.1184361556053104,
            0.9999999999999999,
            0.6848602514927513,
            0.0,
            0.0,
            0.0,
            0.5368985512173646,
            0.5529560026915801,
            -0.019350577409922937,
            -0.5248702906801609,
            -0.029021831382313505
        ],
        [
            0.33628284980538264,
            0.6417341944156474,
            -0.00039246575291518516,
            0.17983613340261972,
            -0.0256495400872944,
            0.5664427051875464,
            0.8884503368872039,
            -0.014720902577446496,
            0.15905241355871413,
            -0.036026378545674476,
            0.6848602514927513,
            1.0000000000000002,
            0.0,
            0.0,
            0.0,
            0.5529560026915801,
            0.875205646652732,
            -0.006232185497981301,
            -0.1690434835407406,
            -0.00934697879211415
        ],
        [
            0.00042523713627885774,
            0.00039246575291518505,
            0.07112391409258555,
            0.000804230891225481,
            -0.00011470527136916288,
            0.04839473682048462,
            0.014720902577446468,
            0.4885711461936064,
            0.06083427206534964,
            -0.013779347731606675,
            0.0,
            0.0,
            1.0000000000000004,
            0.0,
            0.0,
            0.019350577409922933,
            0.0062321854979813,
            0.4509190277557527,
            -0.02635022083151776,
            -0.0014569917166926015
        ],
        [
            -0.19485267644262105,
            -0.17983613340261967,
            0.0008042308912254807,
            -0.2973899853856361,
            0.05256038859621535,
            -0.5228823201798563,
            -0.15905241355871408,
            0.0608342720653496,
            -0.1630840468348575,
            0.14887935725725032,
            0.0,
            0.0,
            0.0,
            1.0000000000000004,
            0.0,
            0.5248702906801608,
            0.16904348354074059,
            -0.02635022083151778,
            -0.2628400197226485,
            -0.03951983703943019
        ],
        [
            0.027791308904213836,
            0.025649540087294382,
            -0.00011470527136916288,
            0.052560388596215354,
            0.0636291234978467,
            0.11843615560531039,
            0.03602637854567443,
            -0.013779347731606661,
            0.1488793572572503,
            0.46047947131881345,
            0.0,
            0.0,
            0.0,
            0.0,
            1.0000000000000004,
            0.0290218313823135,
            0.009346978792114147,
            -0.0014569917166926047,
            -0.03951983703943025,
            0.44970530682287146
        ],
        [
            0.014751049131880727,
            0.12684550516473458,
            0.0002097136018125933,
            0.017901720492812138,
            -0.0012923428283419477,
            0.12508674322981936,
            0.31165350670265657,
            -0.004114143830898979,
            0.1642927872757356,
            -0.013062288626737709,
            0.5368985512173646,
            0.5529560026915801,
            0.019350577409922937,
            0.5248702906801609,
            0.029021831382313505,
            0.9999999999999999,
            0.6848602514927513,
            0.0,
            0.0,
            0.0
        ],
        [
            0.1268455051647346,
            0.3487356121395276,
            0.001150919438333992,
            0.09824559740865699,
            -0.007092446409172111,
            0.31165350670265657,
            0.6119618228196702,
            -0.004397115606453798,
            0.17559288363529985,
            -0.013960715895555347,
            0.5529560026915801,
            0.875205646652732,
            0.006232185497981301,
            0.1690434835407406,
            0.00934697879211415,
            0.6848602514927513,
            1.0000000000000002,
            0.0,
            0.0,
            0.0
        ],
        [
            -0.0002097136018125933,
            -0.0011509194383339913,
            0.001874921156660235,
            -0.00027476277652198973,
            1.9835395367506087e-05,
            0.0041141438308989736,
            0.004397115606453798,
            0.05339504607949107,
            0.007800135740049872,
            -0.0006201588399207317,
            -0.019350577409922933,
            -0.0062321854979813,
            0.4509190277557527,
            -0.02635022083151778,
            -0.0014569917166926043,
            0.0,
            0.0,
            1.0000000000000004,
            0.0,
            0.0
        ],
        [
            -0.017901720492812138,
            -0.09824559740865692,
            -0.0002747627765219904,
            -0.02157635413074085,
            0.0016932030190909269,
            -0.16429278727573554,
            -0.17559288363530004,
            0.007800135740049877,
            -0.2578975313194088,
            0.02476520718576833,
            -0.5248702906801608,
            -0.16904348354074059,
            -0.02635022083151776,
            -0.2628400197226485,
            -0.03951983703943024,
            0.0,
            0.0,
            0.0,
            1.0000000000000004,
            0.0
        ],
        [
            0.001292342828341947,
            0.0070924464091720995,
            1.9835395367506118e-05,
            0.0016932030190909258,
            0.0017559059319506266,
            0.013062288626737698,
            0.013960715895555347,
            -0.0006201588399207321,
            0.02476520718576833,
            0.051621386939255644,
            -0.0290218313823135,
            -0.00934697879211415,
            -0.001456991716692602,
            -0.039519837039430204,
            0.44970530682287146,
            0.0,
            0.0,
            0.0,
            0.0,
            1.0000000000000004
        ]
    ],
    "h": [
        [
            -0.3171261248654027,
            -0.4882167352447895,
            -0.027778879322830005,
            -0.32753433000860277,
            0.02105858381148569,
            -0.6264346803038277,
            -0.48494124844608777,
            0.007247903205270384,
            -0.00019488221309060805,
            0.008934720017571625,
            -0.29573451389153754,
            -0.34394425308324705,
            -0.015224423068903682,
            0.3497098631072154,
            -0.059735707391078516,
            -0.019263094485798486,
            -0.1512421131430422,
            -1.9799333750535704e-05,
            0.07736007649423904,
            -0.004829913603927995
        ],
        [
            -0.4882167352447895,
            -0.31924851397167875,
            -0.021216144813435603,
            -0.26654301080407516,
            0.018401107784074715,
            -0.5700572569918596,
            -0.3721527836050631,
            0.031026187371377564,
            0.10999277223497378,
            0.013890175099029484,
            -0.36543193870669677,
            -0.3238614783387618,
            -0.01804725694571624,
            0.20233849863595527,
            -0.05050655651972333,
            -0.1476908311403864,
            -0.20554894774399524,
            0.0020184180438563826,
            0.12577571300326013,
            4.849761700051469e-05
        ],
        [
            -0.027778879322830005,
            -0.021216144813435603,
            1.4640963506701814,
            -0.026197126357787433,
            0.0014781054186185478,
            -0.0016205235611182756,
            -0.01894041787984411,
            0.47673034685228166,
            -0.08880391182032474,
            0.0053225909677492135,
            -0.011858896059278385,
            -0.01541954202390896,
            -0.04813096132915584,
            0.01948040700358512,
            -0.003657719796210753,
            -0.0007631902132094877,
            -0.006607871075147053,
            -0.0060437207939718065,
            0.0024276833318852835,
            -0.00017251847182591794
        ],
        [
            -0.32753433000860277,
            -0.26654301080407516,
            -0.026197126357787433,
            1.1453669495817869,
            0.021129933205151566,
            -0.08432730527217647,
            -0.261258644881592,
            -0.07833614496864788,
            -0.5363092065447271,
            0.07121729724641264,
            -0.2782373200963373,
            -0.21524273243391345,
            -0.018493038170215824,
            0.1425906506160275,
            -0.04462608648238664,
            -0.07974369598354826,
            -0.1347692211674702,
            0.0010814838181374864,
            0.10715193604925131,
            -0.0054915251255246225
        ],
        [
            0.02105858381148569,
            0.018401107784074715,
            0.0014781054186185478,
            0.021129933205151566,
            1.4648545075055888,
            0.010957584649734717,
            0.019604393383039577,
            0.0037445563767689507,
            0.06044239600313539,
            0.4795069292923455,
            0.027786129771441168,
            0.016032479531575418,
            0.0015842942867830094,
            -0.009198173888342792,
            -0.04410412498518243,
            0.0081793914254273,
            0.011711256295185667,
            -0.00012416243253949455,
            -0.009674331907487602,
            -0.0056625974122773304
        ],
        [
            -0.6264346803038277,
            -0.5700572569918596,
            -0.0016205235611182756,
            -0.08432730527217647,
            0.010957584649734717,
            -0.5143880466437447,
            -0.6282659667891941,
            0.049686948143476115,
            0.06405659650376573,
            0.037348483723613234,
            -0.5602368660286212,
            -0.5410261917554084,
            -0.0042128025026132165,
            0.07040683521074387,
            -0.020618100174049553,
            -0.25355252263147127,
            -0.3465688124199965,
            0.0012082929708637866,
            0.25245195764090633,
            -0.004067832253172331
        ],
        [
            -0.48494124844608777,
            -0.3721527836050631,
            -0.01894041787984411,
            -0.261258644881592,
            0.019604393383039577,
            -0.6282659667891941,
            -0.4382734568970854,
            0.03887991439933039,
            0.009770738540814727,
            0.033388838473046696,
            -0.5306050417686594,
            -0.41724901970093486,
            -0.022471039928141232,
            0.13969299028919513,
            -0.05854494517428653,
            -0.3136540336345637,
            -0.3123490009384886,
            0.005021849979419795,
            0.1907348067919471,
            0.00629015684263946
        ],
        [
            0.007247903205270384,
            0.031026187371377564,
            0.47673034685228166,
            -0.07833614496864788,
            0.0037445563767689507,
            0.049686948143476115,
            0.03887991439933039,
            1.37945524598364,
            -0.0027686347673711,
            -0.0038466569206234763,
            0.009096605536989294,
            0.031035507271790108,
            0.4141755019061445,
            0.07865933698780841,
            -0.017608917703645303,
            0.015518290845665578,
            0.020418887890756014,
            -0.046716880254425566,
            -0.01747354229175136,
            -0.00020323342963531662
        ],
        [
            -0.00019488221309060805,
            0.10999277223497378,
            -0.08880391182032474,
            -0.5363092065447271,
            0.06044239600313539,
            0.06405659650376573,
            0.009770738540814727,
            -0.0027686347673711,
            0.7716937062226141,
            0.07973968919696667,
            -0.038007267251739085,
            -0.11908692985914149,
            0.08512403683840675,
            -0.6986340827127118,
            0.22030061215630609,
            -0.32058391505879946,
            -0.19182355539759488,
            0.005778494643607624,
            0.17861179927744653,
            0.007621729988608286
        ],
        [
            0.008934720017571625,
            0.013890175099029484,
            0.0053225909677492135,
            0.07121729724641264,
            0.4795069292923455,
            0.037348483723613234,
            0.033388838473046696,
            -0.0038466569206234763,
            0.07973968919696667,
            1.3696473732713148,
            0.008146322935300265,
            0.04184888108642773,
            -0.019169610650541652,
            0.22575710593679627,
            0.3741387044887541,
            0.04687405153847,
            0.041742094433453295,
            -0.0008706909002101025,
            -0.04281754256417365,
            -0.0473166899989394
        ],
        [
            -0.29573451389153754,
            -0.36543193870669677,
            -0.011858896059278385,
            -0.2782373200963373,
            0.027786129771441168,
            -0.5602368660286212,
            -0.5306050417686594,
            0.009096605536989294,
            -0.038007267251739085,
            0.008146322935300265,
            -0.45922336580572276,
            -0.6088900837599136,
            -0.03164098245219249,
            -0.014973367593622444,
            -0.06911143653810202,
            -0.5690229112923961,
            -0.539460325478879,
            -0.0003485377883929164,
            0.08293459586026519,
            -0.0021824373659096383
        ],
        [
            -0.34394425308324705,
            -0.3238614783387618,
            -0.01541954202390896,
            -0.21524273243391345,
            0.016032479531575418,
            -0.5410261917554084,
            -0.41724901970093486,
            0.031035507271790108,
            -0.11908692985914149,
            0.04184888108642773,
            -0.6088900837599136,
            -0.4384802334705584,
            -0.025639019596281107,
            0.013020186854594967,
            -0.05878326722652556,
            -0.4540406593032489,
            -0.3659453665322472,
            0.005890269584290626,
            0.23229467176459467,
            0.007550651829307852
        ],
        [
            -0.015224423068903682,
            -0.01804725694571624,
            -0.04813096132915584,
            -0.018493038170215824,
            0.0015842942867830094,
            -0.0042128025026132165,
            -0.022471039928141232,
            0.4141755019061445,
            0.08512403683840675,
            -0.019169610650541652,
            -0.03164098245219249,
            -0.025639019596281107,
            1.3975912605820382,
            0.01417891714669823,
            -0.005836175896002181,
            -0.005521095937763919,
            -0.017570534438904363,
            0.3723061755347471,
            -0.02974454688633399,
            -0.0023026419444081908
        ],
        [
            0.3497098631072154,
            0.20233849863595527,
            0.01948040700358512,
            0.1425906506160275,
            -0.009198173888342792,
            0.07040683521074387,
            0.13969299028919513,
            0.07865933698780841,
            -0.6986340827127118,
            0.22575710593679627,
            -0.014973367593622444,
            0.013020186854594967,
            0.01417891714669823,
            0.8110595856173037,
            0.05175215368218539,
            -0.027385843648183972,
            -0.10359219171413941,
            -0.03638015449076646,
            -0.6533689465346516,
            -0.052783707906121566
        ],
        [
            -0.059735707391078516,
            -0.05050655651972333,
            -0.003657719796210753,
            -0.04462608648238664,
            -0.04410412498518243,
            -0.020618100174049553,
            -0.05854494517428653,
            -0.017608917703645303,
            0.22030061215630609,
            0.3741387044887541,
            -0.06911143653810202,
            -0.05878326722652556,
            -0.005836175896002181,
            0.05175215368218539,
            1.3853923634305714,
            -0.008424170289214439,
            -0.03506711387339173,
            -0.0021917244905119374,
            -0.039594326165747484,
            0.3699066620829826
        ],
        [
            -0.019263094485798486,
            -0.1476908311403864,
            -0.0007631902132094877,
            -0.07974369598354826,
            0.0081793914254273,
            -0.25355252263147127,
            -0.3136540336345637,
            0.015518290845665578,
            -0.32058391505879946,
            0.04687405153847,
            -0.5690229112923961,
            -0.4540406593032489,
            -0.005521095937763919,
            -0.027385843648183972,
            -0.008424170289214439,
            -0.2563767337739258,
            -0.46285275498990086,
            0.009125494547566882,
            0.28182507088156306,
            0.013684519079246595
        ],
        [
            -0.1512421131430422,
            -0.20554894774399524,
            -0.006607871075147053,
            -0.1347692211674702,
            0.011711256295185667,
            -0.3465688124199965,
            -0.3123490009384886,
            0.020418887890756014,
            -0.19182355539759488,
            0.041742094433453295,
            -0.539460325478879,
            -0.3659453665322472,
            -0.017570534438904363,
            -0.10359219171413941,
            -0.03506711387339173,
            -0.46285275498990086,
            -0.31067032755120105,
            0.007221376068319515,
            0.24291732534848948,
            0.010372562115920176
        ],
        [
            -1.9799333750535704e-05,
            0.0020184180438563826,
            -0.0060437207939718065,
            0.0010814838181374864,
            -0.00012416243253949455,
            0.0012082929708637866,
            0.005021849979419795,
            -0.046716880254425566,
            0.005778494643607624,
            -0.0008706909002101025,
            -0.0003485377883929164,
            0.005890269584290626,
            0.3723061755347471,
            -0.03638015449076646,
            -0.0021917244905119374,
            0.009125494547566882,
            0.007221376068319515,
            1.4904778943972796,
            -0.008648108842483689,
            -0.000581112508877426
        ],
        [
            0.07736007649423904,
            0.12577571300326013,
            0.0024276833318852835,
            0.10715193604925131,
            -0.009674331907487602,
            0.25245195764090633,
            0.1907348067919471,
            -0.01747354229175136,
            0.17861179927744653,
            -0.04281754256417365,
            0.08293459586026519,
            0.23229467176459467,
            -0.02974454688633399,
            -0.6533689465346516,
            -0.039594326165747484,
            0.28182507088156306,
            0.24291732534848948,
            -0.008648108842483689,
            1.2151244728523014,
            -0.012289034603212137
        ],
        [
            -0.004829913603927995,
            4.849761700051469e-05,
            -0.00017251847182591794,
            -0.0054915251255246225,
            -0.0056625974122773304,
            -0.004067832253172331,
            0.00629015684263946,
            -0.00020323342963531662,
            0.007621729988608286,
            -0.0473166899989394,
            -0.0021824373659096383,
            0.007550651829307852,
            -0.0023026419444081908,
            -0.052783707906121566,
            0.3699066620829826,
            0.013684519079246595,
            0.010372562115920176,
            -0.000581112508877426,
            -0.012289034603212137,
            1.4898922288999625
        ]
    ]
}