{
    "HF": -2.13678421974081,
    "coordinates": [
        [
            0.768786,
            0.086065,
            -0.041955
        ],
        [
            1.457911,
            -0.11365,
            -0.112942
        ],
        [
            2.212618,
            -0.056004,
            -0.048117
        ],
        [
            2.870401,
            0.016634,
            0.065485
        ]
    ],
    "elements": [
        "H",
        "H",
        "H",
        "H"
    ],
    "Enn": 3.204860835551239,
    "S": [
        [
            0.9999999999999999,
            0.6848602514927513,
            0.0,
            0.0,
            0.0,
            0.5860872191439388,
            0.5710435747170259,
            0.053330590547560515,
            -0.5177207546605382,
            0.1500404143181998,
            0.14214649413594202,
            0.3283366969274142,
            0.0007909031090326384,
            -0.185318276163715,
            0.018234796137156423,
            0.020466409249095104,
            0.14592015075108686,
            -0.0013076058839379488,
            -0.025577849402198923,
            0.0008450147443009654
        ],
        [
            0.6848602514927513,
            1.0000000000000002,
            0.0,
            0.0,
            0.0,
            0.5710435747170259,
            0.8929411163172346,
            0.015911465558246886,
            -0.15446474288006085,
            0.044765356247838006,
            0.3283366969274142,
            0.6322219330790735,
            0.0007646146900634758,
            -0.17915857792660275,
            0.017628699189001583,
            0.14592015075108686,
            0.3807185287980841,
            -0.005593189024215806,
            -0.10940738971637459,
            0.0036144890835845835
        ],
        [
            0.0,
            0.0,
            1.0000000000000004,
            0.0,
            0.0,
            -0.053330590547560515,
            -0.015911465558246872,
            0.5026124548240481,
            0.06467871110280819,
            -0.018744507582655313,
            -0.0007909031090326384,
            -0.0007646146900634758,
            0.06506323007830381,
            0.0015029652366035432,
            -0.00014788754384099313,
            0.00130760588393795,
            0.005593189024215801,
            0.0030732529381400685,
            -0.0018572216836029182,
            6.135698437355757e-05
        ],
        [
            0.0,
            0.0,
            0.0,
            1.0000000000000004,
            0.0,
            0.5177207546605382,
            0.15446474288006082,
            0.06467871110280819,
            -0.1186105931758425,
            0.1819672445362861,
            0.185318276163715,
            0.17915857792660275,
            0.0015029652366035432,
            -0.28709350120238003,
            0.034651861116362995,
            0.02557784940219895,
            0.10940738971637469,
            -0.0018572216836029191,
            -0.033160588763231434,
            0.0012001932121578022
        ],
        [
            0.0,
            0.0,
            0.0,
            0.0,
            1.0000000000000004,
            -0.15004041431819976,
            -0.044765356247837965,
            -0.01874450758265531,
            0.18196724453628604,
            0.45653918716214453,
            -0.018234796137156423,
            -0.017628699189001583,
            -0.00014788754384099313,
            0.034651861116362995,
            0.06165999896474446,
            -0.0008450147443009661,
            -0.0036144890835845813,
            6.135698437355757e-05,
            0.0012001932121578015,
            0.003128548167177246
        ],
        [
            0.5860872191439388,
            0.5710435747170259,
            -0.053330590547560515,
            0.5177207546605382,
            -0.1500404143181998,
            0.9999999999999999,
            0.6848602514927513,
            0.0,
            0.0,
            0.0,
            0.5549017847403923,
            0.5597233767189023,
            -0.04544945971263796,
            -0.5291326709039085,
            -0.04041619058379836,
            0.1497773206865258,
            0.3353900798562647,
            -0.024413949826385183,
            -0.19326929214900676,
            -0.01782660157476597
        ],
        [
            0.5710435747170259,
            0.8929411163172346,
            -0.015911465558246872,
            0.15446474288006085,
            -0.044765356247838006,
            0.6848602514927513,
            1.0000000000000002,
            0.0,
            0.0,
            0.0,
            0.5597233767189023,
            0.8818667650945289,
            -0.014223020702628934,
            -0.16558755550202806,
            -0.01264790206592747,
            0.3353900798562647,
            0.6406697496067109,
            -0.022649263883000363,
            -0.1792994263317727,
            -0.016538061480228995
        ],
        [
            0.053330590547560515,
            0.01591146555824686,
            0.5026124548240481,
            0.06467871110280819,
            -0.018744507582655313,
            0.0,
            0.0,
            1.0000000000000004,
            0.0,
            0.0,
            0.04544945971263796,
            0.01422302070262893,
            0.46761811972688294,
            -0.060049374147380444,
            -0.004586688903243103,
            0.024413949826385176,
            0.022649263883000335,
            0.06460472216757644,
            -0.046079550945915475,
            -0.004250244756024926
        ],
        [
            -0.5177207546605382,
            -0.15446474288006082,
            0.06467871110280819,
            -0.1186105931758425,
            0.1819672445362861,
            0.0,
            0.0,
            0.0,
            1.0000000000000004,
            0.0,
            0.5291326709039085,
            0.165587555502028,
            -0.0600493741473804,
            -0.22633209032648557,
            -0.05339924754492698,
            0.19326929214900662,
            0.17929942633177243,
            -0.04607955094591544,
            -0.29435617071636017,
            -0.03364641122384868
        ],
        [
            0.15004041431819976,
            0.04476535624783798,
            -0.01874450758265531,
            0.18196724453628604,
            0.45653918716214453,
            0.0,
            0.0,
            0.0,
            0.0,
            1.0000000000000004,
            0.04041619058379834,
            0.012647902065927466,
            -0.004586688903243102,
            -0.05339924754492701,
            0.4686972771417857,
            0.01782660157476596,
            0.01653806148022898,
            -0.004250244756024925,
            -0.0336464112238487,
            0.0673220844120801
        ],
        [
            0.14214649413594202,
            0.3283366969274142,
            -0.0007909031090326384,
            0.185318276163715,
            -0.018234796137156423,
            0.5549017847403923,
            0.5597233767189023,
            0.04544945971263796,
            0.5291326709039085,
            0.04041619058379836,
            0.9999999999999999,
            0.6848602514927513,
            0.0,
            0.0,
            0.0,
            0.6264094940085603,
            0.5849747539164469,
            -0.09281490746815803,
            -0.5374207168811058,
            -0.05934657179162392
        ],
        [
            0.3283366969274142,
            0.6322219330790735,
            -0.0007646146900634758,
            0.17915857792660275,
            -0.017628699189001583,
            0.5597233767189023,
            0.8818667650945289,
            0.014223020702628934,
            0.16558755550202806,
            0.01264790206592747,
            0.6848602514927513,
            1.0000000000000002,
            0.0,
            0.0,
            0.0,
            0.5849747539164469,
            0.9064557136102888,
            -0.026127025305395197,
            -0.15128178277194732,
            -0.0167058226451409
        ],
        [
            0.0007909031090326384,
            0.0007646146900634758,
            0.06506323007830381,
            0.0015029652366035432,
            -0.00014788754384099313,
            -0.04544945971263796,
            -0.01422302070262893,
            0.46761811972688294,
            -0.060049374147380416,
            -0.004586688903243103,
            0.0,
            0.0,
            1.0000000000000004,
            0.0,
            0.0,
            0.09281490746815801,
            0.0261270253053952,
            0.5383037909123857,
            -0.10805090348641255,
            -0.011931900835755897
        ],
        [
            -0.185318276163715,
            -0.17915857792660275,
            0.0015029652366035432,
            -0.28709350120238003,
            0.034651861116362995,
            -0.5291326709039085,
            -0.165587555502028,
            -0.06004937414738044,
            -0.22633209032648557,
            -0.05339924754492701,
            0.0,
            0.0,
            0.0,
            1.0000000000000004,
            0.0,
            0.5374207168811059,
            0.1512817827719473,
            -0.10805090348641236,
            -0.06867615696878468,
            -0.06908858582987994
        ],
        [
            0.018234796137156423,
            0.017628699189001583,
            -0.00014788754384099313,
            0.034651861116362995,
            0.06165999896474446,
            -0.04041619058379836,
            -0.012647902065927455,
            -0.004586688903243102,
            -0.05339924754492698,
            0.4686972771417857,
            0.0,
            0.0,
            0.0,
            0.0,
            1.0000000000000004,
            0.05934657179162393,
            0.016705822645140898,
            -0.011931900835755899,
            -0.06908858582988006,
            0.5493353044059732
        ],
        [
            0.020466409249095104,
            0.14592015075108686,
            0.0013076058839379488,
            0.025577849402198923,
            -0.0008450147443009654,
            0.1497773206865258,
            0.3353900798562647,
            0.024413949826385183,
            0.19326929214900668,
            0.01782660157476597,
            0.6264094940085603,
            0.5849747539164469,
            0.09281490746815803,
            0.5374207168811066,
            0.05934657179162392,
            0.9999999999999999,
            0.6848602514927513,
            0.0,
            0.0,
            0.0
        ],
        [
            0.14592015075108686,
            0.3807185287980841,
            0.005593189024215806,
            0.10940738971637468,
            -0.003614489083584581,
            0.3353900798562647,
            0.6406697496067109,
            0.02264926388300037,
            0.17929942633177248,
            0.016538061480229002,
            0.5849747539164469,
            0.9064557136102888,
            0.026127025305395197,
            0.1512817827719481,
            0.0167058226451409,
            0.6848602514927513,
            1.0000000000000002,
            0.0,
            0.0,
            0.0
        ],
        [
            -0.00130760588393795,
            -0.005593189024215801,
            0.0030732529381400685,
            -0.0018572216836029182,
            6.135698437355757e-05,
            -0.024413949826385176,
            -0.022649263883000335,
            0.06460472216757644,
            -0.04607955094591544,
            -0.004250244756024926,
            -0.09281490746815801,
            -0.0261270253053952,
            0.5383037909123857,
            -0.1080509034864124,
            -0.011931900835755897,
            0.0,
            0.0,
            1.0000000000000004,
            0.0,
            0.0
        ],
        [
            -0.02557784940219895,
            -0.1094073897163746,
            -0.0018572216836029191,
            -0.033160588763231434,
            0.0012001932121578022,
            -0.19326929214900662,
            -0.17929942633177262,
            -0.046079550945915475,
            -0.29435617071636005,
            -0.033646411223848705,
            -0.5374207168811059,
            -0.1512817827719473,
            -0.10805090348641251,
            -0.06867615696878468,
            -0.06908858582988003,
            0.0,
            0.0,
            0.0,
            1.0000000000000004,
            0.0
        ],
        [
            0.0008450147443009661,
            0.00361448908358458,
            6.135698437355757e-05,
            0.0012001932121578015,
            0.003128548167177246,
            -0.01782660157476596,
            -0.016538061480228978,
            -0.004250244756024925,
            -0.03364641122384868,
            0.0673220844120801,
            -0.05934657179162393,
            -0.0167058226451409,
            -0.011931900835755899,
            -0.06908858582987996,
            0.5493353044059732,
            0.0,
            0.0,
            0.0,
            0.0,
            1.0000000000000004
        ]
    ],
    "h": [
        [
            -0.2975702153447275,
            -0.4802641501638728,
            0.030535658856793154,
            -0.3040626843263865,
            0.08603001864981404,
            -0.6084240848387412,
            -0.47653751352329055,
            -0.004002408362887122,
            0.005021772148509629,
            -0.009781910835147956,
            -0.2742239937609044,
            -0.3328781637769115,
            0.016956208833656616,
            0.33829224564357596,
            -0.00022255423893152715,
            -0.03368808970699258,
            -0.16822938705097534,
            0.008577047757411027,
            0.09546606841184727,
            0.0026075443439790174
        ],
        [
            -0.4802641501638728,
            -0.3159760232232778,
            0.02383629530347598,
            -0.25125378113024355,
            0.06842635186569407,
            -0.5579713310115944,
            -0.36999436756304394,
            -0.030864316083684853,
            0.09980706037210638,
            -0.06903215752456371,
            -0.3589580636588323,
            -0.3204468663693012,
            0.008225700233465838,
            0.19113642649589657,
            0.004199963810372381,
            -0.17086452551508985,
            -0.2187492023754637,
            0.020099322503008672,
            0.14114126507006908,
            0.012179241672348094
        ],
        [
            0.030535658856793154,
            0.02383629530347598,
            1.4772585657736295,
            0.027217955836411675,
            -0.007913376048911071,
            0.0028220813175334203,
            0.02110000922305994,
            0.4501956911708995,
            0.09378795086635122,
            -0.02682827867239513,
            0.012359934365242908,
            0.016679436178651145,
            -0.047341182615685456,
            -0.02096516335616267,
            -0.0004250825035621247,
            -0.0015581498629114936,
            0.007231282090891623,
            -0.009069890507074262,
            0.00199485887347438,
            -0.0001810174624882927
        ],
        [
            -0.3040626843263865,
            -0.25125378113024355,
            0.027217955836411675,
            1.193161246522378,
            0.07841689229474748,
            -0.07491626387319972,
            -0.24380826310037595,
            0.08530436104146977,
            -0.4962303615033224,
            0.25132246450783247,
            -0.2590255328492645,
            -0.19850529921638,
            0.014686567289113528,
            0.14255208388613283,
            0.012357608559444622,
            -0.09451949899304378,
            -0.13498530322685715,
            0.011880941831752385,
            0.12940891273926441,
            0.0021012708245667267
        ],
        [
            0.08603001864981404,
            0.06842635186569407,
            -0.007913376048911071,
            0.07841689229474748,
            1.4577264195082016,
            0.011819688237773518,
            0.06259305438843146,
            -0.02614380014721788,
            0.26848728607372774,
            0.38499227846265616,
            0.0476562504258982,
            0.05023372628161904,
            -0.00371242513004471,
            -0.05718911390335657,
            -0.048002809520201875,
            0.007602319283989448,
            0.026894304020490555,
            -0.001240510489736541,
            -0.012329705945196336,
            -0.009618132996375286
        ],
        [
            -0.6084240848387412,
            -0.5579713310115944,
            0.0028220813175334203,
            -0.07491626387319972,
            0.011819688237773518,
            -0.4792848503743614,
            -0.61395290706168,
            -0.048843636507914165,
            0.048427351751636954,
            -0.09890308547626445,
            -0.5459922530633139,
            -0.5268679588798415,
            -0.006638401219352302,
            0.057494369427858016,
            -0.011122195278274224,
            -0.29040647974290756,
            -0.3637670352492784,
            0.03956529234964207,
            0.2717933522629573,
            0.026317131314747944
        ],
        [
            -0.47653751352329055,
            -0.36999436756304394,
            0.02110000922305994,
            -0.24380826310037595,
            0.06259305438843146,
            -0.61395290706168,
            -0.4339685059913463,
            -0.040893066639748704,
            -0.0022185950441673125,
            -0.0777107221325685,
            -0.5329492556571553,
            -0.4130984204559136,
            -0.00475762956344861,
            0.1232813345768436,
            -0.003639352113391354,
            -0.3453540945535315,
            -0.32345981834328896,
            0.03462560450295442,
            0.21240786490343566,
            0.02260075211050854
        ],
        [
            -0.004002408362887122,
            -0.030864316083684853,
            0.4501956911708995,
            0.08530436104146977,
            -0.02614380014721788,
            -0.048843636507914165,
            -0.040893066639748704,
            1.392765568547959,
            -0.0002839140816859398,
            -0.009541285595319915,
            -0.01814747515001905,
            -0.03539797157628684,
            0.3833925946665274,
            -0.0827747727823888,
            -0.007656218418750688,
            -0.032875782721176416,
            -0.026311618195666818,
            -0.04352008313822586,
            0.017229066027068432,
            0.0019584256493291943
        ],
        [
            0.005021772148509629,
            0.09980706037210638,
            0.09378795086635122,
            -0.4962303615033224,
            0.26848728607372774,
            0.048427351751636954,
            -0.0022185950441673125,
            -0.0002839140816859398,
            0.8062729901833807,
            0.056022761237577975,
            -0.06979302184262615,
            -0.13129436668532224,
            -0.10490888512768157,
            -0.7759560153899462,
            -0.08307677963763713,
            -0.35146024111059737,
            -0.19498324187303445,
            0.03450937516668927,
            0.14183084195298168,
            0.022644358417851923
        ],
        [
            -0.009781910835147956,
            -0.06903215752456371,
            -0.02682827867239513,
            0.25132246450783247,
            0.38499227846265616,
            -0.09890308547626445,
            -0.0777107221325685,
            -0.009541285595319915,
            0.056022761237577975,
            1.3742914206100152,
            -0.02352412291858544,
            -0.053463788084227665,
            -0.006311654978943069,
            -0.05148053283117929,
            0.38482477436093876,
            -0.022268742665763647,
            -0.030141409042170636,
            0.0027245421360935357,
            0.016757198842116294,
            -0.04494125160481305
        ],
        [
            -0.2742239937609044,
            -0.3589580636588323,
            0.012359934365242908,
            -0.2590255328492645,
            0.0476562504258982,
            -0.5459922530633139,
            -0.5329492556571553,
            -0.01814747515001905,
            -0.06979302184262615,
            -0.02352412291858544,
            -0.5153275205961867,
            -0.6272611255009142,
            -0.03416213968601613,
            -0.08122445399585623,
            -0.016928957632540972,
            -0.6396622213720311,
            -0.5743394999135036,
            0.010240785198904118,
            0.07117219719832124,
            0.008010268359357586
        ],
        [
            -0.3328781637769115,
            -0.3204468663693012,
            0.016679436178651145,
            -0.19850529921638,
            0.05023372628161904,
            -0.5268679588798415,
            -0.4130984204559136,
            -0.03539797157628684,
            -0.13129436668532224,
            -0.053463788084227665,
            -0.6272611255009142,
            -0.43545380414605095,
            -0.022370254291395192,
            -0.011562328345811335,
            -0.012088720205406066,
            -0.4922747062966497,
            -0.37106905785293387,
            0.043404962721745655,
            0.26154472326526435,
            0.0288235155466895
        ],
        [
            0.016956208833656616,
            0.008225700233465838,
            -0.047341182615685456,
            0.014686567289113528,
            -0.00371242513004471,
            -0.006638401219352302,
            -0.00475762956344861,
            0.3833925946665274,
            -0.10490888512768157,
            -0.006311654978943069,
            -0.03416213968601613,
            -0.022370254291395192,
            1.378213072977805,
            -0.07599252376347992,
            -0.007100176876443562,
            0.0013773516191792068,
            -0.028419912613320344,
            0.5053863139014245,
            -0.1637661768421157,
            -0.017895393471669633
        ],
        [
            0.33829224564357596,
            0.19113642649589657,
            -0.02096516335616267,
            0.14255208388613283,
            -0.05718911390335657,
            0.057494369427858016,
            0.1232813345768436,
            -0.0827747727823888,
            -0.7759560153899462,
            -0.05148053283117929,
            -0.08122445399585623,
            -0.011562328345811335,
            -0.07599252376347992,
            0.7660344367933731,
            -0.04937797889213352,
            0.00925124665136745,
            -0.10883332005474189,
            -0.1670720958303871,
            -0.45170626582759194,
            -0.10637909862560907
        ],
        [
            -0.00022255423893152715,
            0.004199963810372381,
            -0.0004250825035621247,
            0.012357608559444622,
            -0.048002809520201875,
            -0.011122195278274224,
            -0.003639352113391354,
            -0.007656218418750688,
            -0.08307677963763713,
            0.38482477436093876,
            -0.016928957632540972,
            -0.012088720205406066,
            -0.007100176876443562,
            -0.04937797889213352,
            1.3839572157633353,
            0.004470432471645205,
            -0.01533330148740462,
            -0.01832512296968448,
            -0.10671117189682153,
            0.5217945568684981
        ],
        [
            -0.03368808970699258,
            -0.17086452551508985,
            -0.0015581498629114936,
            -0.09451949899304378,
            0.007602319283989448,
            -0.29040647974290756,
            -0.3453540945535315,
            -0.032875782721176416,
            -0.35146024111059737,
            -0.022268742665763647,
            -0.6396622213720311,
            -0.4922747062966497,
            0.0013773516191792068,
            0.00925124665136745,
            0.004470432471645205,
            -0.3342789238072652,
            -0.49411657441738854,
            0.05847291242595482,
            0.337077819833761,
            0.03864115942811064
        ],
        [
            -0.16822938705097534,
            -0.2187492023754637,
            0.007231282090891623,
            -0.13498530322685715,
            0.026894304020490555,
            -0.3637670352492784,
            -0.32345981834328896,
            -0.026311618195666818,
            -0.19498324187303445,
            -0.030141409042170636,
            -0.5743394999135036,
            -0.37106905785293387,
            -0.028419912613320344,
            -0.10883332005474189,
            -0.01533330148740462,
            -0.49411657441738854,
            -0.3183128498922312,
            0.04562912576577566,
            0.2677002300843273,
            0.030279438267466548
        ],
        [
            0.008577047757411027,
            0.020099322503008672,
            -0.009069890507074262,
            0.011880941831752385,
            -0.001240510489736541,
            0.03956529234964207,
            0.03462560450295442,
            -0.04352008313822586,
            0.03450937516668927,
            0.0027245421360935357,
            0.010240785198904118,
            0.043404962721745655,
            0.5053863139014245,
            -0.1670720958303871,
            -0.01832512296968448,
            0.05847291242595482,
            0.04562912576577566,
            1.4594461419442954,
            -0.05469584935508941,
            -0.006088758853866705
        ],
        [
            0.09546606841184727,
            0.14114126507006908,
            0.00199485887347438,
            0.12940891273926441,
            -0.012329705945196336,
            0.2717933522629573,
            0.21240786490343566,
            0.017229066027068432,
            0.14183084195298168,
            0.016757198842116294,
            0.07117219719832124,
            0.26154472326526435,
            -0.1637661768421157,
            -0.45170626582759194,
            -0.10671117189682153,
            0.337077819833761,
            0.2677002300843273,
            -0.05469584935508941,
            1.1462915966666463,
            -0.03568151497491376
        ],
        [
            0.0026075443439790174,
            0.012179241672348094,
            -0.0001810174624882927,
            0.0021012708245667267,
            -0.009618132996375286,
            0.026317131314747944,
            0.02260075211050854,
            0.0019584256493291943,
            0.022644358417851923,
            -0.04494125160481305,
            0.008010268359357586,
            0.0288235155466895,
            -0.017895393471669633,
            -0.10637909862560907,
            0.5217945568684981,
            0.03864115942811064,
            0.030279438267466548,
            -0.006088758853866705,
            -0.03568151497491376,
            1.4648001881435162
        ]
    ]
}