{
    "HF": -2.1658475059117634,
    "coordinates": [
        [
            0.788337,
            -0.034947,
            -0.06822
        ],
        [
            1.615789,
            -0.11987,
            -0.071341
        ],
        [
            2.386312,
            0.1776,
            -0.027718
        ],
        [
            3.055822,
            -0.147538,
            -0.022138
        ]
    ],
    "elements": [
        "H",
        "H",
        "H",
        "H"
    ],
    "Enn": 2.915340646757244,
    "S": [
        [
            0.9999999999999999,
            0.6848602514927513,
            0.0,
            0.0,
            0.0,
            0.4980135254557879,
            0.5377145073614833,
            0.0019081831880674782,
            -0.5059051571075952,
            0.05192202527403201,
            0.09326924366044652,
            0.2762407970701302,
            -0.003111158992739015,
            -0.12274836530102531,
            -0.016326786589049905,
            0.011380395299343402,
            0.1134779932945088,
            -0.00027392284976861546,
            -0.013478493837237732,
            0.000669268859387574
        ],
        [
            0.6848602514927513,
            1.0000000000000002,
            0.0,
            0.0,
            0.0,
            0.5377145073614833,
            0.8600887723481344,
            0.0006560617750051948,
            -0.17393772119564077,
            0.017851564921104075,
            0.2762407970701302,
            0.5675393990321876,
            -0.004177549847979605,
            -0.16482198949003038,
            -0.02192300843263348,
            0.11347799329450878,
            0.3252309049454501,
            -0.0018317317074662217,
            -0.09013116120619867,
            0.004475424345196163
        ],
        [
            0.0,
            0.0,
            1.0000000000000004,
            0.0,
            0.0,
            -0.0019081831880674782,
            -0.0006560617750051945,
            0.4073158780900615,
            0.002730933006843203,
            -0.00028028093924499,
            0.0031111589927390153,
            0.0041775498479796015,
            0.034056868508251126,
            -0.0057469420933633514,
            -0.000764402009492076,
            0.0002739228497686155,
            0.001831731707466223,
            0.0012323726659186711,
            -0.000336163743706667,
            1.6692067232055493e-05
        ],
        [
            0.0,
            0.0,
            0.0,
            1.0000000000000004,
            0.0,
            0.5059051571075951,
            0.17393772119564052,
            0.002730933006843204,
            -0.31670970032843665,
            0.07430920337716936,
            0.12274836530102536,
            0.16482198949003016,
            -0.0057469420933633575,
            -0.192538613924995,
            -0.030158888477559157,
            0.01347849383723773,
            0.09013116120619871,
            -0.0003361637437066669,
            -0.015301879785984204,
            0.0008213404814825167
        ],
        [
            0.0,
            0.0,
            0.0,
            0.0,
            1.0000000000000004,
            -0.05192202527403198,
            -0.017851564921104034,
            -0.0002802809392449898,
            0.07430920337716927,
            0.3996996813360685,
            0.01632678658904991,
            0.02192300843263345,
            -0.0007644020094920766,
            -0.030158888477559154,
            0.030191089243510216,
            -0.0006692688593875741,
            -0.004475424345196162,
            1.669206723205548e-05,
            0.0008213404814825163,
            0.001198421196112649
        ],
        [
            0.4980135254557879,
            0.5377145073614833,
            -0.0019081831880674782,
            0.5059051571075954,
            -0.051922025274032,
            0.9999999999999999,
            0.6848602514927513,
            0.0,
            0.0,
            0.0,
            0.5016613902990166,
            0.5391823716110291,
            -0.026918771924521315,
            -0.4754724090410552,
            -0.18356204489345887,
            0.1456002687674123,
            0.33155807862405084,
            -0.006503411703914846,
            -0.19033651334722698,
            0.0036570208122251903
        ],
        [
            0.5377145073614833,
            0.8600887723481344,
            -0.0006560617750051948,
            0.1739377211956406,
            -0.017851564921104065,
            0.6848602514927513,
            1.0000000000000002,
            0.0,
            0.0,
            0.0,
            0.5391823716110291,
            0.8615516665981202,
            -0.009196667374848476,
            -0.16244283372694188,
            -0.06271307897201422,
            0.33155807862405084,
            0.6360886200758085,
            -0.006169466574180428,
            -0.18056288151569547,
            0.0034692356395834563
        ],
        [
            0.0019081831880674782,
            0.0006560617750051945,
            0.4073158780900615,
            0.002730933006843204,
            -0.00028028093924498994,
            0.0,
            0.0,
            1.0000000000000004,
            0.0,
            0.0,
            0.02691877192452131,
            0.009196667374848476,
            0.4094392325071488,
            -0.03590654734681552,
            -0.013862169772034322,
            0.006503411703914848,
            0.006169466574180431,
            0.06705329035290644,
            -0.012412363472908241,
            0.0002384843073515852
        ],
        [
            -0.5059051571075952,
            -0.17393772119564035,
            0.002730933006843203,
            -0.3167097003284365,
            0.07430920337716931,
            0.0,
            0.0,
            0.0,
            1.0000000000000004,
            0.0,
            0.4754724090410551,
            0.16244283372694154,
            -0.035906547346815504,
            -0.22275346231323784,
            -0.2448506668330286,
            0.1903365133472269,
            0.18056288151569547,
            -0.012412363472908246,
            -0.295797465893262,
            0.006979762871540867
        ],
        [
            0.05192202527403197,
            0.017851564921104023,
            -0.00028028093924498983,
            0.0743092033771693,
            0.3996996813360685,
            0.0,
            0.0,
            0.0,
            0.0,
            1.0000000000000004,
            0.1835620448934588,
            0.06271307897201422,
            -0.013862169772034328,
            -0.24485066683302872,
            0.31694442502195913,
            -0.0036570208122251903,
            -0.003469235639583443,
            0.0002384843073515852,
            0.006979762871540864,
            0.06734329026320551
        ],
        [
            0.09326924366044652,
            0.2762407970701302,
            0.003111158992739015,
            0.12274836530102534,
            0.016326786589049905,
            0.5016613902990166,
            0.5391823716110291,
            0.026918771924521315,
            0.4754724090410552,
            0.18356204489345887,
            0.9999999999999999,
            0.6848602514927513,
            0.0,
            0.0,
            0.0,
            0.5672469323091722,
            0.5642641439374092,
            -0.004022569081199941,
            -0.48264340959752167,
            0.23438890070308
        ],
        [
            0.2762407970701302,
            0.5675393990321876,
            0.004177549847979605,
            0.1648219894900303,
            0.021923008432633475,
            0.5391823716110291,
            0.8615516665981202,
            0.009196667374848476,
            0.16244283372694154,
            0.06271307897201422,
            0.6848602514927513,
            1.0000000000000002,
            0.0,
            0.0,
            0.0,
            0.5642641439374092,
            0.886319063410353,
            -0.0012348925630039705,
            -0.14816718993849193,
            0.07195528640680719
        ],
        [
            -0.0031111589927390153,
            -0.0041775498479796015,
            0.034056868508251126,
            -0.005746942093363355,
            -0.0007644020094920764,
            -0.02691877192452131,
            -0.009196667374848476,
            0.4094392325071488,
            -0.035906547346815504,
            -0.013862169772034328,
            0.0,
            0.0,
            1.0000000000000004,
            0.0,
            0.0,
            0.004022569081199941,
            0.00123489256300397,
            0.48713954037677926,
            -0.004725109765398485,
            0.002294682288393202
        ],
        [
            -0.12274836530102533,
            -0.16482198949003024,
            -0.005746942093363354,
            -0.1925386139249949,
            -0.030158888477559157,
            -0.47547240904105503,
            -0.16244283372694188,
            -0.03590654734681552,
            -0.2227534623132377,
            -0.24485066683302872,
            0.0,
            0.0,
            0.0,
            1.0000000000000004,
            0.0,
            0.48264340959752167,
            0.14816718993849187,
            -0.004725109765398483,
            -0.07975803881532445,
            0.2753248636025325
        ],
        [
            -0.01632678658904991,
            -0.02192300843263346,
            -0.0007644020094920763,
            -0.030158888477559157,
            0.030191089243510216,
            -0.1835620448934588,
            -0.06271307897201422,
            -0.013862169772034322,
            -0.2448506668330286,
            0.31694442502195913,
            0.0,
            0.0,
            0.0,
            0.0,
            1.0000000000000004,
            -0.23438890070307994,
            -0.07195528640680718,
            0.002294682288393205,
            0.2753248636025329,
            0.35347132124710323
        ],
        [
            0.011380395299343402,
            0.1134779932945088,
            0.0002739228497686155,
            0.013478493837237733,
            -0.0006692688593875741,
            0.1456002687674123,
            0.33155807862405084,
            0.006503411703914848,
            0.1903365133472269,
            -0.0036570208122251903,
            0.5672469323091722,
            0.5642641439374092,
            0.004022569081199941,
            0.48264340959752167,
            -0.23438890070308,
            0.9999999999999999,
            0.6848602514927513,
            0.0,
            0.0,
            0.0
        ],
        [
            0.11347799329450878,
            0.3252309049454501,
            0.0018317317074662207,
            0.0901311612061987,
            -0.0044754243451961655,
            0.33155807862405084,
            0.6360886200758085,
            0.006169466574180426,
            0.18056288151569547,
            -0.0034692356395834433,
            0.5642641439374092,
            0.886319063410353,
            0.0012348925630039705,
            0.14816718993849193,
            -0.07195528640680719,
            0.6848602514927513,
            1.0000000000000002,
            0.0,
            0.0,
            0.0
        ],
        [
            -0.00027392284976861557,
            -0.001831731707466223,
            0.0012323726659186711,
            -0.00033616374370666694,
            1.669206723205549e-05,
            -0.006503411703914846,
            -0.006169466574180427,
            0.06705329035290644,
            -0.012412363472908246,
            0.0002384843073515852,
            -0.004022569081199941,
            -0.00123489256300397,
            0.48713954037677926,
            -0.004725109765398484,
            0.002294682288393205,
            0.0,
            0.0,
            1.0000000000000004,
            0.0,
            0.0
        ],
        [
            -0.013478493837237732,
            -0.09013116120619868,
            -0.00033616374370666694,
            -0.015301879785984204,
            0.0008213404814825166,
            -0.19033651334722698,
            -0.18056288151569547,
            -0.012412363472908241,
            -0.295797465893262,
            0.006979762871540864,
            -0.48264340959752167,
            -0.14816718993849187,
            -0.004725109765398484,
            -0.0797580388153246,
            0.2753248636025329,
            0.0,
            0.0,
            0.0,
            1.0000000000000004,
            0.0
        ],
        [
            0.000669268859387574,
            0.00447542434519616,
            1.6692067232055483e-05,
            0.0008213404814825163,
            0.001198421196112649,
            0.0036570208122251903,
            0.00346923563958343,
            0.0002384843073515852,
            0.006979762871540867,
            0.06734329026320551,
            0.23438890070307994,
            0.07195528640680718,
            0.002294682288393202,
            0.2753248636025325,
            0.35347132124710323,
            0.0,
            0.0,
            0.0,
            0.0,
            1.0000000000000004
        ]
    ],
    "h": [
        [
            -0.22436482682422043,
            -0.4492393752423527,
            0.0006225970357694763,
            -0.25291545574527463,
            0.021965474079012524,
            -0.5331778324692669,
            -0.4372686766498941,
            -0.0010579915081626737,
            0.046197513947844104,
            -0.017187766653584943,
            -0.19990015072676298,
            -0.28220356603146274,
            0.010080707295332272,
            0.26705807167591855,
            0.05298702643672043,
            -0.011611251530683944,
            -0.1341988716249401,
            0.0017563517591541295,
            0.06566810039917027,
            -0.0027135785102207835
        ],
        [
            -0.4492393752423527,
            -0.30588873540056927,
            0.0003355220732160016,
            -0.22452803938215057,
            0.017712963870347216,
            -0.5109776074443829,
            -0.36125051177068657,
            -0.00545656098661117,
            0.11143806160774716,
            -0.053378877715881984,
            -0.30201516175158905,
            -0.2955627886172715,
            0.009160986545439866,
            0.16281082787846723,
            0.07431484255403685,
            -0.1360469863441508,
            -0.1963158818244567,
            0.002288546962607152,
            0.11703260975889579,
            -0.028767180122057045
        ],
        [
            0.0006225970357694763,
            0.0003355220732160016,
            1.5032512571523946,
            0.0004767479884649332,
            -0.00015709611049861667,
            -0.000747845704664055,
            -8.369451201397098e-05,
            0.3126768928424161,
            0.003215318417343503,
            -0.0006819991655732128,
            -0.002622053937792997,
            -9.063411582330323e-05,
            -0.04080332598061935,
            0.0019817716347006117,
            0.0005475254426566603,
            -0.001189294872485647,
            -0.0007547007497583163,
            -0.004215363797492098,
            0.0013995679759847236,
            -0.0001821639458679747
        ],
        [
            -0.25291545574527463,
            -0.22452803938215057,
            0.0004767479884649332,
            1.2616591215044493,
            0.020726974855297245,
            -0.07396571263448404,
            -0.20897650191075495,
            0.0012026574428208228,
            -0.6774844747896874,
            0.08019721376174027,
            -0.2076484272819983,
            -0.16540902291340878,
            0.009854273396320536,
            0.19500062146261976,
            0.0635012593044773,
            -0.0613062987406907,
            -0.11084921902918894,
            0.0019474166525329985,
            0.08390747369515106,
            -0.008899401298220304
        ],
        [
            0.021965474079012524,
            0.017712963870347216,
            -0.00015709611049861667,
            0.020726974855297245,
            1.500442793988824,
            -0.001770761178773006,
            0.013463644508924164,
            -0.0005505246958078745,
            0.09856605165303736,
            0.30138159941389897,
            -0.005605374952102581,
            0.01095954216303864,
            -8.092330273946728e-05,
            -7.845592902030324e-05,
            -0.04107605572694538,
            -0.0006928212858460015,
            0.004191137681861357,
            -8.677618785488483e-05,
            -0.0027779234102489926,
            -0.00451413273738107
        ],
        [
            -0.5331778324692669,
            -0.5109776074443829,
            -0.000747845704664055,
            -0.07396571263448404,
            -0.001770761178773006,
            -0.38537314472080153,
            -0.5773751350074705,
            -0.011749686580651845,
            0.03785318703608724,
            -0.09633592275688152,
            -0.49758329575517546,
            -0.4899119194452133,
            0.0031715597928204387,
            0.04298710961014218,
            0.044807834929487866,
            -0.27222043701467546,
            -0.3434193057485372,
            0.005460467944809807,
            0.23977284454394476,
            -0.052888790434996655
        ],
        [
            -0.4372686766498941,
            -0.36125051177068657,
            -8.369451201397098e-05,
            -0.20897650191075495,
            0.013463644508924164,
            -0.5773751350074705,
            -0.4358257191630195,
            -0.010985010216152592,
            0.0021964712326041774,
            -0.08371480037178983,
            -0.5024514942604519,
            -0.4097600270619064,
            0.009599756346510765,
            0.09361199991739189,
            0.12350808250800335,
            -0.3348344475469285,
            -0.3227217713495415,
            0.002723382026655237,
            0.18932792084991779,
            -0.07171508920225764
        ],
        [
            -0.0010579915081626737,
            -0.00545656098661117,
            0.3126768928424161,
            0.0012026574428208228,
            -0.0005505246958078745,
            -0.011749686580651845,
            -0.010985010216152592,
            1.4218585797962224,
            -0.01218601208084349,
            -0.0043068108519089396,
            -0.005259134917440428,
            -0.011707383737790891,
            0.30118575242505374,
            -0.05014100765449567,
            -0.016349066654181985,
            -0.013122399435255599,
            -0.010774674720654747,
            -0.04400212868310721,
            0.008253744898074629,
            -0.0036515558297568283
        ],
        [
            0.046197513947844104,
            0.11143806160774716,
            0.003215318417343503,
            -0.6774844747896874,
            0.09856605165303736,
            0.03785318703608724,
            0.0021964712326041774,
            -0.01218601208084349,
            0.9253812768798744,
            -0.05141209860451051,
            -0.094476786917994,
            -0.1260488087431587,
            -0.049753676285572854,
            -0.6808409687942378,
            -0.2855063544792031,
            -0.3124367559116445,
            -0.1798234849828407,
            0.0006306229155824856,
            0.09267659221696734,
            -0.0777681646902002
        ],
        [
            -0.017187766653584943,
            -0.053378877715881984,
            -0.0006819991655732128,
            0.08019721376174027,
            0.30138159941389897,
            -0.09633592275688152,
            -0.08371480037178983,
            -0.0043068108519089396,
            -0.05141209860451051,
            1.391651543959852,
            -0.017871076068416536,
            -0.07360360300903582,
            -0.018054287856085528,
            -0.32418490193769656,
            0.1854363958180147,
            -0.05039936372391976,
            -0.06284611528821488,
            0.0010945006189119057,
            0.059272751175155146,
            -0.06209564266510423
        ],
        [
            -0.19990015072676298,
            -0.30201516175158905,
            -0.002622053937792997,
            -0.2076484272819983,
            -0.005605374952102581,
            -0.49758329575517546,
            -0.5024514942604519,
            -0.005259134917440428,
            -0.094476786917994,
            -0.017871076068416536,
            -0.4416987051708361,
            -0.5938977607833607,
            0.00846435059566445,
            -0.074074071168382,
            0.1968597949252478,
            -0.6041243666917345,
            -0.5494584990467792,
            0.0022783017166724106,
            0.08547124083330548,
            -0.015614192034978547
        ],
        [
            -0.28220356603146274,
            -0.2955627886172715,
            -9.063411582330323e-05,
            -0.16540902291340878,
            0.01095954216303864,
            -0.4899119194452133,
            -0.4097600270619064,
            -0.011707383737790891,
            -0.1260488087431587,
            -0.07360360300903582,
            -0.5938977607833607,
            -0.42859072805113363,
            0.008108669467682149,
            -0.020570575327313767,
            0.16144238142445066,
            -0.47977969836234546,
            -0.3760708857566011,
            0.003306123426762777,
            0.23350895840174068,
            -0.09073623578839442
        ],
        [
            0.010080707295332272,
            0.009160986545439866,
            -0.04080332598061935,
            0.009854273396320536,
            -8.092330273946728e-05,
            0.0031715597928204387,
            0.009599756346510765,
            0.30118575242505374,
            -0.049753676285572854,
            -0.018054287856085528,
            0.00846435059566445,
            0.008108669467682149,
            1.4014184447558107,
            -0.013825910633152912,
            -0.003346515201805593,
            0.001988852956648272,
            0.004138970038186441,
            0.4184229950927285,
            -0.010293501653664706,
            0.0037155831357202403
        ],
        [
            0.26705807167591855,
            0.16281082787846723,
            0.0019817716347006117,
            0.19500062146261976,
            -7.845592902030324e-05,
            0.04298710961014218,
            0.09361199991739189,
            -0.05014100765449567,
            -0.6808409687942378,
            -0.32418490193769656,
            -0.074074071168382,
            -0.020570575327313767,
            -0.013825910633152912,
            0.9416193792714949,
            0.034190402351772176,
            -0.010034569072816524,
            -0.09741245184981612,
            -0.007781920864160552,
            -0.42295632745895845,
            0.3926970611155186
        ],
        [
            0.05298702643672043,
            0.07431484255403685,
            0.0005475254426566603,
            0.0635012593044773,
            -0.04107605572694538,
            0.044807834929487866,
            0.12350808250800335,
            -0.016349066654181985,
            -0.2855063544792031,
            0.1854363958180147,
            0.1968597949252478,
            0.16144238142445066,
            -0.003346515201805593,
            0.034190402351772176,
            1.3200154640342174,
            0.03513074249360443,
            0.13386436608127392,
            0.0021409984632146184,
            0.35104234610494345,
            0.23457936890688091
        ],
        [
            -0.011611251530683944,
            -0.1360469863441508,
            -0.001189294872485647,
            -0.0613062987406907,
            -0.0006928212858460015,
            -0.27222043701467546,
            -0.3348344475469285,
            -0.013122399435255599,
            -0.3124367559116445,
            -0.05039936372391976,
            -0.6041243666917345,
            -0.47977969836234546,
            0.001988852956648272,
            -0.010034569072816524,
            0.03513074249360443,
            -0.294960911727671,
            -0.4821206267475948,
            0.0030690675432681292,
            0.28072772975634974,
            -0.12618625192532623
        ],
        [
            -0.1341988716249401,
            -0.1963158818244567,
            -0.0007547007497583163,
            -0.11084921902918894,
            0.004191137681861357,
            -0.3434193057485372,
            -0.3227217713495415,
            -0.010774674720654747,
            -0.1798234849828407,
            -0.06284611528821488,
            -0.5494584990467792,
            -0.3760708857566011,
            0.004138970038186441,
            -0.09741245184981612,
            0.13386436608127392,
            -0.4821206267475948,
            -0.32457739053810974,
            0.00294960607771006,
            0.23795246275216392,
            -0.10056087793114431
        ],
        [
            0.0017563517591541295,
            0.002288546962607152,
            -0.004215363797492098,
            0.0019474166525329985,
            -8.677618785488483e-05,
            0.005460467944809807,
            0.002723382026655237,
            -0.04400212868310721,
            0.0006306229155824856,
            0.0010945006189119057,
            0.0022783017166724106,
            0.003306123426762777,
            0.4184229950927285,
            -0.007781920864160552,
            0.0021409984632146184,
            0.0030690675432681292,
            0.00294960607771006,
            1.4658313011635313,
            -0.0029640184111848953,
            0.0009283208421328768
        ],
        [
            0.06566810039917027,
            0.11703260975889579,
            0.0013995679759847236,
            0.08390747369515106,
            -0.0027779234102489926,
            0.23977284454394476,
            0.18932792084991779,
            0.008253744898074629,
            0.09267659221696734,
            0.059272751175155146,
            0.08547124083330548,
            0.23350895840174068,
            -0.010293501653664706,
            -0.42295632745895845,
            0.35104234610494345,
            0.28072772975634974,
            0.23795246275216392,
            -0.0029640184111848953,
            1.2128509587008731,
            0.1085419569586748
        ],
        [
            -0.0027135785102207835,
            -0.028767180122057045,
            -0.0001821639458679747,
            -0.008899401298220304,
            -0.00451413273738107,
            -0.052888790434996655,
            -0.07171508920225764,
            -0.0036515558297568283,
            -0.0777681646902002,
            -0.06209564266510423,
            -0.015614192034978547,
            -0.09073623578839442,
            0.0037155831357202403,
            0.3926970611155186,
            0.23457936890688091,
            -0.12618625192532623,
            -0.10056087793114431,
            0.0009283208421328768,
            0.1085419569586748,
            1.413342433278238
        ]
    ]
}