{
    "HF": -2.154308160892934,
    "coordinates": [
        [
            0.711058,
            -0.196469,
            -0.010024
        ],
        [
            1.445087,
            -0.001011,
            0.137984
        ],
        [
            2.191719,
            -0.147378,
            -0.031988
        ],
        [
            2.907393,
            0.087573,
            -0.19449
        ]
    ],
    "elements": [
        "H",
        "H",
        "H",
        "H"
    ],
    "Enn": 2.996829987998871,
    "S": [
        [
            0.9999999999999999,
            0.6848602514927513,
            0.0,
            0.0,
            0.0,
            0.5435454227626042,
            0.5554750371533619,
            -0.1010905959023061,
            -0.5013474205419562,
            -0.13349930877974805,
            0.13156520742816,
            0.3181483893297616,
            0.002564932482416047,
            -0.17291001158015973,
            -0.005732794595441912,
            0.013573316931465896,
            0.12239887578367818,
            0.0013601364439369717,
            -0.016194395046210727,
            -0.002094347336683971
        ],
        [
            0.6848602514927513,
            1.0000000000000002,
            0.0,
            0.0,
            0.0,
            0.5554750371533619,
            0.8776887344847156,
            -0.03221086190472259,
            -0.15974614043201463,
            -0.04253736721105123,
            0.3181483893297616,
            0.6198969403914448,
            0.002635053943314193,
            -0.17763711558739487,
            -0.005889520721691721,
            0.12239887578367818,
            0.341025298446686,
            0.007952754475266765,
            -0.09468906465383889,
            -0.01224570536935654
        ],
        [
            0.0,
            0.0,
            1.0000000000000004,
            0.0,
            0.0,
            0.1010905959023061,
            0.03221086190472259,
            0.43344664905049357,
            -0.12962710063124833,
            -0.03451723819519739,
            -0.0025649324824160474,
            -0.002635053943314197,
            0.057794190728581295,
            0.004885709835631482,
            0.0001619846686993074,
            -0.0013601364439369702,
            -0.007952754475266765,
            0.0014986487584486763,
            0.0017290785933511848,
            0.00022361385754571017
        ],
        [
            0.0,
            0.0,
            0.0,
            1.0000000000000004,
            0.0,
            0.5013474205419562,
            0.15974614043201457,
            -0.1296271006312484,
            -0.1832866268170036,
            -0.17118435378616392,
            0.17291001158015967,
            0.17763711558739484,
            0.004885709835631482,
            -0.2714941077356305,
            -0.010919886247540757,
            0.01619439504621071,
            0.09468906465383878,
            0.0017290785933511848,
            -0.01894331510828211,
            -0.002662446964820928
        ],
        [
            0.0,
            0.0,
            0.0,
            0.0,
            1.0000000000000004,
            0.13349930877974803,
            0.042537367211051204,
            -0.034517238195197385,
            -0.17118435378616378,
            0.4140012272591118,
            0.005732794595441912,
            0.005889520721691744,
            0.00016198466869930722,
            -0.010919886247540743,
            0.057504618432864585,
            0.0020943473366839683,
            0.012245705369356536,
            0.00022361385754571017,
            -0.002662446964820928,
            0.0012995486444038944
        ],
        [
            0.5435454227626042,
            0.5554750371533619,
            0.1010905959023061,
            0.5013474205419562,
            0.13349930877974805,
            0.9999999999999999,
            0.6848602514927513,
            0.0,
            0.0,
            0.0,
            0.539004908557319,
            0.5537569018583669,
            0.11486637447213495,
            -0.5045708169867922,
            0.09891421311959014,
            0.12483809119458995,
            0.31140005778584373,
            0.03641758326926026,
            -0.16017387982259929,
            -0.009703060077853161
        ],
        [
            0.5554750371533619,
            0.8776887344847156,
            0.03221086190472258,
            0.15974614043201463,
            0.04253736721105122,
            0.6848602514927513,
            1.0000000000000002,
            0.0,
            0.0,
            0.0,
            0.5537569018583669,
            0.8759955828227421,
            0.036868743603223945,
            -0.16195246142871922,
            0.03174856679319581,
            0.31140005778584373,
            0.6116509081567947,
            0.03898302087379712,
            -0.17145733297003285,
            -0.010386592398456549
        ],
        [
            -0.1010905959023061,
            -0.03221086190472258,
            0.43344664905049357,
            -0.1296271006312484,
            -0.03451723819519739,
            0.0,
            0.0,
            1.0000000000000004,
            0.0,
            0.0,
            -0.11486637447213491,
            -0.03686874360322391,
            0.42024991016487273,
            0.14968700723399292,
            -0.029344092120104484,
            -0.03641758326926027,
            -0.038983020873797083,
            0.0380956130361705,
            0.06743722578907273,
            0.004085231961914414
        ],
        [
            -0.5013474205419562,
            -0.15974614043201457,
            -0.12962710063124833,
            -0.1832866268170036,
            -0.1711843537861638,
            0.0,
            0.0,
            0.0,
            1.0000000000000004,
            0.0,
            0.5045708169867921,
            0.1619524614287192,
            0.14968700723399306,
            -0.20320018718100777,
            0.12889910213339764,
            0.16017387982259934,
            0.1714573329700328,
            0.0674372257890727,
            -0.2431779004134962,
            -0.017967898871187573
        ],
        [
            -0.13349930877974803,
            -0.04253736721105121,
            -0.034517238195197385,
            -0.1711843537861639,
            0.4140012272591118,
            0.0,
            0.0,
            0.0,
            0.0,
            1.0000000000000004,
            -0.09891421311959012,
            -0.03174856679319578,
            -0.02934409212010448,
            0.1288991021333975,
            0.42905749557725426,
            0.009703060077853161,
            0.01038659239845654,
            0.004085231961914413,
            -0.017967898871187573,
            0.05233986550685098
        ],
        [
            0.13156520742816,
            0.3181483893297616,
            -0.0025649324824160474,
            0.17291001158015973,
            0.005732794595441912,
            0.539004908557319,
            0.5537569018583669,
            -0.11486637447213496,
            0.5045708169867922,
            -0.09891421311959014,
            0.9999999999999999,
            0.6848602514927513,
            0.0,
            0.0,
            0.0,
            0.5461832782195641,
            0.5564680360883149,
            0.11167206905893726,
            -0.4918142321429019,
            -0.16145933156186618
        ],
        [
            0.3181483893297616,
            0.6198969403914448,
            -0.0026350539433141946,
            0.17763711558739487,
            0.005889520721691745,
            0.5537569018583669,
            0.8759955828227421,
            -0.03686874360322394,
            0.16195246142871958,
            -0.0317485667931958,
            0.6848602514927513,
            1.0000000000000002,
            0.0,
            0.0,
            0.0,
            0.5564680360883149,
            0.8786663853493119,
            0.0354326708148014,
            -0.15604879480075412,
            -0.05122977834493361
        ],
        [
            0.002564932482416047,
            0.002635053943314196,
            0.057794190728581295,
            0.004885709835631483,
            0.00016198466869930724,
            0.11486637447213491,
            0.036868743603223904,
            0.42024991016487273,
            0.149687007233993,
            -0.029344092120104484,
            0.0,
            0.0,
            1.0000000000000004,
            0.0,
            0.0,
            -0.11167206905893726,
            -0.03543267081480136,
            0.43092611653816293,
            0.13968586539580996,
            0.04585793777699195
        ],
        [
            -0.17291001158015967,
            -0.17763711558739484,
            0.004885709835631481,
            -0.2714941077356305,
            -0.010919886247540743,
            -0.5045708169867921,
            -0.1619524614287192,
            0.14968700723399295,
            -0.20320018718100794,
            0.12889910213339756,
            0.0,
            0.0,
            0.0,
            1.0000000000000004,
            0.0,
            0.4918142321429019,
            0.15604879480075406,
            0.13968586539580974,
            -0.15254621383539865,
            -0.20196264514043458
        ],
        [
            -0.005732794595441912,
            -0.005889520721691744,
            0.0001619846686993074,
            -0.010919886247540757,
            0.057504618432864585,
            0.09891421311959012,
            0.03174856679319578,
            -0.02934409212010448,
            0.1288991021333976,
            0.42905749557725426,
            0.0,
            0.0,
            0.0,
            0.0,
            1.0000000000000004,
            0.16145933156186612,
            0.05122977834493358,
            0.04585793777699194,
            -0.20196264514043483,
            0.3963404072070423
        ],
        [
            0.013573316931465896,
            0.12239887578367818,
            -0.0013601364439369717,
            0.016194395046210727,
            0.002094347336683971,
            0.12483809119458995,
            0.31140005778584373,
            -0.03641758326926026,
            0.1601738798225994,
            0.009703060077853161,
            0.5461832782195641,
            0.5564680360883149,
            -0.11167206905893728,
            0.4918142321429019,
            0.16145933156186618,
            0.9999999999999999,
            0.6848602514927513,
            0.0,
            0.0,
            0.0
        ],
        [
            0.12239887578367818,
            0.341025298446686,
            -0.007952754475266768,
            0.09468906465383889,
            0.01224570536935654,
            0.31140005778584373,
            0.6116509081567947,
            -0.03898302087379712,
            0.17145733297003285,
            0.010386592398456553,
            0.5564680360883149,
            0.8786663853493119,
            -0.03543267081480139,
            0.15604879480075412,
            0.05122977834493361,
            0.6848602514927513,
            1.0000000000000002,
            0.0,
            0.0,
            0.0
        ],
        [
            0.0013601364439369702,
            0.007952754475266763,
            0.0014986487584486763,
            0.0017290785933511848,
            0.00022361385754571017,
            0.03641758326926027,
            0.038983020873797083,
            0.0380956130361705,
            0.0674372257890727,
            0.004085231961914414,
            0.11167206905893726,
            0.035432670814801344,
            0.43092611653816293,
            0.13968586539580977,
            0.04585793777699195,
            0.0,
            0.0,
            1.0000000000000004,
            0.0,
            0.0
        ],
        [
            -0.01619439504621071,
            -0.09468906465383885,
            0.0017290785933511848,
            -0.01894331510828211,
            -0.002662446964820928,
            -0.16017387982259934,
            -0.1714573329700328,
            0.06743722578907273,
            -0.2431779004134962,
            -0.01796789887118758,
            -0.4918142321429019,
            -0.15604879480075406,
            0.1396858653958099,
            -0.15254621383539865,
            -0.20196264514043483,
            0.0,
            0.0,
            0.0,
            1.0000000000000004,
            0.0
        ],
        [
            -0.0020943473366839683,
            -0.012245705369356536,
            0.00022361385754571017,
            -0.002662446964820928,
            0.0012995486444038944,
            -0.009703060077853161,
            -0.010386592398456546,
            0.004085231961914413,
            -0.01796789887118757,
            0.05233986550685098,
            -0.16145933156186612,
            -0.05122977834493358,
            0.04585793777699194,
            -0.20196264514043458,
            0.3963404072070423,
            0.0,
            0.0,
            0.0,
            0.0,
            1.0000000000000004
        ]
    ],
    "h": [
        [
            -0.2673483343588572,
            -0.46856005280705815,
            -0.05287024569930817,
            -0.275289378305823,
            -0.06835228322755402,
            -0.5790849970217313,
            -0.4622509417416143,
            0.01368758754620722,
            0.021178109668602785,
            0.021998940514903975,
            -0.2582355560296177,
            -0.31991167579159946,
            -0.039853677331668,
            0.3143002525479744,
            -0.016791687764783007,
            -0.01572447220560933,
            -0.14264511958885545,
            -0.010799566871660872,
            0.07066190537420025,
            0.00821573412440515
        ],
        [
            -0.46856005280705815,
            -0.31632448019360426,
            -0.04294393563202693,
            -0.23721127190353927,
            -0.056155466502584225,
            -0.5412423891099892,
            -0.37077837508880207,
            0.0628371868914539,
            0.09755656242235344,
            0.07423212620413365,
            -0.34339873293179346,
            -0.31679736868963904,
            -0.032303325327471356,
            0.1882812522016543,
            -0.04059110867091656,
            -0.14306773434669362,
            -0.2022097733244067,
            -0.024351957488245327,
            0.11818059044821475,
            0.025831889642778178
        ],
        [
            -0.05287024569930817,
            -0.04294393563202693,
            1.4718887302969224,
            -0.0470582141449499,
            -0.012591923904522906,
            -0.0065995530699340665,
            -0.03759990086959277,
            0.34606164601741507,
            -0.18017953197910525,
            -0.04692990274046209,
            -0.019707110611081168,
            -0.030055905787879048,
            -0.05086801496247459,
            0.035381289280167705,
            -0.0031074526091141234,
            0.002609304130678359,
            -0.011113265692037985,
            -0.005358085319822345,
            -0.0021005924926195615,
            -0.00048042121479709165
        ],
        [
            -0.275289378305823,
            -0.23721127190353927,
            -0.0470582141449499,
            1.2228256484715234,
            -0.06259051843345773,
            -0.08479583934042068,
            -0.229699766049139,
            -0.16135685185298698,
            -0.5497417240573125,
            -0.2184622727280121,
            -0.24453694739960757,
            -0.1875190126414209,
            -0.035822675800435216,
            0.1449353070356204,
            -0.03122424206567618,
            -0.07200990593671289,
            -0.12095656146450631,
            -0.013732269556823721,
            0.09451711320932671,
            0.015093987023176924
        ],
        [
            -0.06835228322755402,
            -0.056155466502584225,
            -0.012591923904522906,
            -0.06259051843345773,
            1.4649847550393857,
            -0.009670842043665917,
            -0.05048105545053534,
            -0.04662495784386403,
            -0.2415392652601137,
            0.32034072235175326,
            -0.034142936124823296,
            -0.041305841539706,
            -0.007200211776591652,
            0.04591798022465508,
            -0.05064247099482347,
            -0.007019259528351238,
            -0.020920619469900703,
            -0.0018491260785121928,
            0.013254496800066778,
            -0.0036516025592223797
        ],
        [
            -0.5790849970217313,
            -0.5412423891099892,
            -0.0065995530699340665,
            -0.08479583934042068,
            -0.009670842043665917,
            -0.4440464653980545,
            -0.5998884177356661,
            0.09993602544641161,
            0.03669360677819611,
            0.10989091296758347,
            -0.5295203011695688,
            -0.5166607381848196,
            0.00011278875930093024,
            0.06595724277802717,
            -0.017333000037557555,
            -0.25101669726746745,
            -0.3382967717253429,
            -0.052903830900891055,
            0.23619840446260965,
            0.04289135459061941
        ],
        [
            -0.4622509417416143,
            -0.37077837508880207,
            -0.03759990086959277,
            -0.229699766049139,
            -0.05048105545053534,
            -0.5998884177356661,
            -0.43526677828931426,
            0.08547117412428903,
            -0.0016961115710261432,
            0.08803937510880165,
            -0.5166321684037681,
            -0.4152624804829692,
            -0.019492061361236733,
            0.12957300831962842,
            -0.06932599221168179,
            -0.31537435545977216,
            -0.31363533067659555,
            -0.041299784147315305,
            0.180943976935381,
            0.050294436693849635
        ],
        [
            0.01368758754620722,
            0.0628371868914539,
            0.34606164601741507,
            -0.16135685185298698,
            -0.04662495784386403,
            0.09993602544641161,
            0.08547117412428903,
            1.380406268614275,
            0.012004936706433178,
            -0.022234899849168842,
            0.031366365631419035,
            0.07419775435576269,
            0.31566691765531263,
            0.2008912830571719,
            -0.03424535912926183,
            0.06113260194120622,
            0.05434636237852617,
            -0.03505306760074124,
            -0.04718839190250837,
            -0.012268055005099213
        ],
        [
            0.021178109668602785,
            0.09755656242235344,
            -0.18017953197910525,
            -0.5497417240573125,
            -0.2415392652601137,
            0.03669360677819611,
            -0.0016961115710261432,
            0.012004936706433178,
            0.8788029944021583,
            -0.0235054601318337,
            -0.05722713529846657,
            -0.12131872363237717,
            0.23109143510221924,
            -0.700166099318048,
            0.14951217355796076,
            -0.3083339260113659,
            -0.18427570355482764,
            -0.04677073926500899,
            0.15466432733153435,
            0.05593438863300647
        ],
        [
            0.021998940514903975,
            0.07423212620413365,
            -0.04692990274046209,
            -0.2184622727280121,
            0.32034072235175326,
            0.10989091296758347,
            0.08803937510880165,
            -0.022234899849168842,
            -0.0235054601318337,
            1.376933396647766,
            0.014078006901030948,
            0.06290109068278885,
            -0.03791319021332342,
            0.15156786475992023,
            0.32974240681880695,
            0.013758631809261273,
            0.03746903029960065,
            0.0062236588826016246,
            -0.02787789254913998,
            -0.0515802267054731
        ],
        [
            -0.2582355560296177,
            -0.34339873293179346,
            -0.019707110611081168,
            -0.24453694739960757,
            -0.034142936124823296,
            -0.5295203011695688,
            -0.5166321684037681,
            0.031366365631419035,
            -0.05722713529846657,
            0.014078006901030948,
            -0.4456718848143515,
            -0.6018792708742464,
            0.006809128301364792,
            -0.030015712751888274,
            -0.12394499984044266,
            -0.5776737587625658,
            -0.5407078478871976,
            -0.018977790799042105,
            0.07786814658014041,
            0.012109975222722558
        ],
        [
            -0.31991167579159946,
            -0.31679736868963904,
            -0.030055905787879048,
            -0.1875190126414209,
            -0.041305841539706,
            -0.5166607381848196,
            -0.4152624804829692,
            0.07419775435576269,
            -0.12131872363237717,
            0.06290109068278885,
            -0.6018792708742464,
            -0.43738759219992795,
            0.0018231037204688195,
            0.00864830916711097,
            -0.09940967027406472,
            -0.46074452633540763,
            -0.3691357458210722,
            -0.051630102006179665,
            0.22276145868878028,
            0.06207562971019259
        ],
        [
            -0.039853677331668,
            -0.032303325327471356,
            -0.05086801496247459,
            -0.035822675800435216,
            -0.007200211776591652,
            0.00011278875930093024,
            -0.019492061361236733,
            0.31566691765531263,
            0.23109143510221924,
            -0.03791319021332342,
            0.006809128301364792,
            0.0018231037204688195,
            1.3799054857239317,
            0.10876900221304497,
            0.007337410909609948,
            -0.0005345852114427008,
            0.020249833732891312,
            0.34193306955585123,
            0.20410446261056642,
            0.0655050100513238
        ],
        [
            0.3143002525479744,
            0.1882812522016543,
            0.035381289280167705,
            0.1449353070356204,
            0.04591798022465508,
            0.06595724277802717,
            0.12957300831962842,
            0.2008912830571719,
            -0.700166099318048,
            0.15156786475992023,
            -0.030015712751888274,
            0.00864830916711097,
            0.10876900221304497,
            0.8820181234231894,
            -0.03518585781975071,
            -0.02113349358408745,
            -0.09536099607048387,
            0.20186335315477916,
            -0.5071015956528651,
            -0.28623281773490816
        ],
        [
            -0.016791687764783007,
            -0.04059110867091656,
            -0.0031074526091141234,
            -0.03122424206567618,
            -0.05064247099482347,
            -0.017333000037557555,
            -0.06932599221168179,
            -0.03424535912926183,
            0.14951217355796076,
            0.32974240681880695,
            -0.12394499984044266,
            -0.09940967027406472,
            0.007337410909609948,
            -0.03518585781975071,
            1.3700302535877902,
            -0.02252569822614442,
            -0.08473721001846275,
            0.05939226425547303,
            -0.2627983463656439,
            0.297910353947731
        ],
        [
            -0.01572447220560933,
            -0.14306773434669362,
            0.002609304130678359,
            -0.07200990593671289,
            -0.007019259528351238,
            -0.25101669726746745,
            -0.31537435545977216,
            0.06113260194120622,
            -0.3083339260113659,
            0.013758631809261273,
            -0.5776737587625658,
            -0.46074452633540763,
            -0.0005345852114427008,
            -0.02113349358408745,
            -0.02252569822614442,
            -0.2666691052377257,
            -0.46784338720433416,
            -0.06282850298029163,
            0.26924245414852976,
            0.08385608751660065
        ],
        [
            -0.14264511958885545,
            -0.2022097733244067,
            -0.011113265692037985,
            -0.12095656146450631,
            -0.020920619469900703,
            -0.3382967717253429,
            -0.31363533067659555,
            0.05434636237852617,
            -0.18427570355482764,
            0.03746903029960065,
            -0.5407078478871976,
            -0.3691357458210722,
            0.020249833732891312,
            -0.09536099607048387,
            -0.08473721001846275,
            -0.46784338720433416,
            -0.3144162081483195,
            -0.05383926117935372,
            0.23089199442091984,
            0.06893423170121232
        ],
        [
            -0.010799566871660872,
            -0.024351957488245327,
            -0.005358085319822345,
            -0.013732269556823721,
            -0.0018491260785121928,
            -0.052903830900891055,
            -0.041299784147315305,
            -0.03505306760074124,
            -0.04677073926500899,
            0.0062236588826016246,
            -0.018977790799042105,
            -0.051630102006179665,
            0.34193306955585123,
            0.20186335315477916,
            0.05939226425547303,
            -0.06282850298029163,
            -0.05383926117935372,
            1.4713821999542185,
            0.056706012745442,
            0.017128176074348883
        ],
        [
            0.07066190537420025,
            0.11818059044821475,
            -0.0021005924926195615,
            0.09451711320932671,
            0.013254496800066778,
            0.23619840446260965,
            0.180943976935381,
            -0.04718839190250837,
            0.15466432733153435,
            -0.02787789254913998,
            0.07786814658014041,
            0.22276145868878028,
            0.20410446261056642,
            -0.5071015956528651,
            -0.2627983463656439,
            0.26924245414852976,
            0.23089199442091984,
            0.056706012745442,
            1.2374626804175755,
            -0.07494344147666215
        ],
        [
            0.00821573412440515,
            0.025831889642778178,
            -0.00048042121479709165,
            0.015093987023176924,
            -0.0036516025592223797,
            0.04289135459061941,
            0.050294436693849635,
            -0.012268055005099213,
            0.05593438863300647,
            -0.0515802267054731,
            0.012109975222722558,
            0.06207562971019259,
            0.0655050100513238,
            -0.28623281773490816,
            0.297910353947731,
            0.08385608751660065,
            0.06893423170121232,
            0.017128176074348883,
            -0.07494344147666215,
            1.4601024494262729
        ]
    ]
}