{
    "HF": -2.1543174378796084,
    "coordinates": [
        [
            0.701947,
            0.086013,
            -0.009348
        ],
        [
            1.418004,
            0.16163,
            0.038447
        ],
        [
            2.173311,
            0.124097,
            0.192416
        ],
        [
            2.97249,
            0.167734,
            0.114693
        ]
    ],
    "elements": [
        "H",
        "H",
        "H",
        "H"
    ],
    "Enn": 3.0058393385651603,
    "S": [
        [
            0.9999999999999999,
            0.6848602514927513,
            0.0,
            0.0,
            0.0,
            0.5855696380501242,
            0.5708596994250384,
            -0.03586703854098681,
            -0.5373542005762818,
            -0.05674563978143736,
            0.1302429402759203,
            0.3168393815200941,
            -0.02327307719612126,
            -0.1697189189131548,
            -0.004392913859445104,
            0.011187509274908492,
            0.11264716286554881,
            -0.000722070254323532,
            -0.013217335892668674,
            -0.00047571612010200955
        ],
        [
            0.6848602514927513,
            1.0000000000000002,
            0.0,
            0.0,
            0.0,
            0.5708596994250384,
            0.8927619056146568,
            -0.010709385156927424,
            -0.1604462853293021,
            -0.016943437125460457,
            0.31683938152009417,
            0.618302637040643,
            -0.02409940883754679,
            -0.1757449425311166,
            -0.004548888236598863,
            0.11264716286554881,
            0.3237365441732092,
            -0.004891819875430222,
            -0.08954367810174842,
            -0.003222840931950189
        ],
        [
            0.0,
            0.0,
            1.0000000000000004,
            0.0,
            0.0,
            0.0358670385409868,
            0.010709385156927424,
            0.50564957725058,
            -0.04519549417456133,
            -0.004772731337027364,
            0.02327307719612128,
            0.024099408837546788,
            0.050962850650054604,
            -0.04391975154483723,
            -0.001136795393820687,
            0.0007220702543235317,
            0.004891819875430222,
            0.0011574988597175138,
            -0.0008815594447988015,
            -3.1728938579186924e-05
        ],
        [
            0.0,
            0.0,
            0.0,
            1.0000000000000004,
            0.0,
            0.5373542005762818,
            0.16044628532930189,
            -0.0451954941745613,
            -0.1684453593960316,
            -0.07150429298039129,
            0.16971891891315488,
            0.17574494253111647,
            -0.04391975154483721,
            -0.26329935222818734,
            -0.008290080578465836,
            0.013217335892668675,
            0.0895436781017483,
            -0.0008815594447988013,
            -0.014931091226953816,
            -0.0005807911850791497
        ],
        [
            0.0,
            0.0,
            0.0,
            0.0,
            1.0000000000000004,
            0.056745639781437374,
            0.01694343712546043,
            -0.004772731337027364,
            -0.07150429298039133,
            0.5011152713528302,
            0.004392913859445106,
            0.004548888236598863,
            -0.0011367953938206865,
            -0.008290080578465836,
            0.05677086642449399,
            0.00047571612010200934,
            0.003222840931950185,
            -3.1728938579186944e-05,
            -0.0005807911850791501,
            0.0011847551938439476
        ],
        [
            0.5855696380501242,
            0.5708596994250384,
            0.03586703854098681,
            0.5373542005762818,
            0.05674563978143738,
            0.9999999999999999,
            0.6848602514927513,
            0.0,
            0.0,
            0.0,
            0.5452495774476209,
            0.5561169841634377,
            -0.105579353917397,
            -0.5179277976039811,
            0.025737063243780636,
            0.10843882982467505,
            0.29393258711418924,
            -0.007034863796182655,
            -0.14342519323076347,
            -0.0005631876900020835
        ],
        [
            0.5708596994250384,
            0.8927619056146568,
            0.010709385156927423,
            0.1604462853293019,
            0.016943437125460436,
            0.6848602514927513,
            1.0000000000000002,
            0.0,
            0.0,
            0.0,
            0.5561169841634377,
            0.8783208353033127,
            -0.033549488959474745,
            -0.16457964822473373,
            0.008178353883677651,
            0.29393258711418924,
            0.5899858681494281,
            -0.008404503273440408,
            -0.17134908946721517,
            -0.0006728364501885957
        ],
        [
            -0.0358670385409868,
            -0.010709385156927423,
            0.50564957725058,
            -0.04519549417456132,
            -0.004772731337027366,
            0.0,
            0.0,
            1.0000000000000004,
            0.0,
            0.0,
            0.105579353917397,
            0.03354948895947474,
            0.43315314176523406,
            -0.13935332962955813,
            0.0069247981562281305,
            0.007034863796182655,
            0.008404503273440403,
            0.04244599894504544,
            -0.013261034871235785,
            -5.2072104125751606e-05
        ],
        [
            -0.5373542005762818,
            -0.1604462853293017,
            -0.04519549417456131,
            -0.1684453593960316,
            -0.07150429298039133,
            0.0,
            0.0,
            0.0,
            1.0000000000000004,
            0.0,
            0.5179277976039812,
            0.16457964822473334,
            -0.13935332962955801,
            -0.2220484264270014,
            0.03397014022943709,
            0.14342519323076347,
            0.17134908946721505,
            -0.013261034871235788,
            -0.22726650474042806,
            -0.0010616341428274683
        ],
        [
            -0.05674563978143735,
            -0.016943437125460408,
            -0.004772731337027362,
            -0.07150429298039129,
            0.5011152713528302,
            0.0,
            0.0,
            0.0,
            0.0,
            1.0000000000000004,
            -0.025737063243780653,
            -0.008178353883677672,
            0.006924798156228136,
            0.03397014022943714,
            0.4598721997595357,
            0.0005631876900020835,
            0.0006728364501885953,
            -5.2072104125751606e-05,
            -0.0010616341428274678,
            0.04309227086385618
        ],
        [
            0.1302429402759203,
            0.3168393815200941,
            0.02327307719612126,
            0.16971891891315483,
            0.004392913859445104,
            0.5452495774476209,
            0.5561169841634377,
            0.105579353917397,
            0.5179277976039811,
            -0.025737063243780653,
            0.9999999999999999,
            0.6848602514927513,
            0.0,
            0.0,
            0.0,
            0.5196088283599947,
            0.546287776804409,
            0.05014393094170966,
            -0.5155999715150547,
            -0.02815293689774437
        ],
        [
            0.31683938152009417,
            0.618302637040643,
            0.024099408837546785,
            0.1757449425311167,
            0.004548888236598863,
            0.5561169841634377,
            0.8783208353033127,
            0.033549488959474745,
            0.16457964822473337,
            -0.008178353883677674,
            0.6848602514927513,
            1.0000000000000002,
            0.0,
            0.0,
            0.0,
            0.546287776804409,
            0.868611708023123,
            0.01661630952821621,
            -0.17085554639489378,
            -0.009329103339844968
        ],
        [
            -0.02327307719612128,
            -0.024099408837546788,
            0.050962850650054604,
            -0.04391975154483724,
            -0.001136795393820687,
            -0.10557935391739702,
            -0.03354948895947474,
            0.43315314176523406,
            -0.13935332962955801,
            0.006924798156228136,
            0.0,
            0.0,
            1.0000000000000004,
            0.0,
            0.0,
            -0.050143930941709644,
            -0.016616309528216203,
            0.42520285312232575,
            0.06966056323698822,
            0.0038036259686158574
        ],
        [
            -0.1697189189131549,
            -0.17574494253111658,
            -0.0439197515448372,
            -0.26329935222818734,
            -0.008290080578465833,
            -0.5179277976039812,
            -0.16457964822473334,
            -0.13935332962955813,
            -0.2220484264270014,
            0.03397014022943714,
            0.0,
            0.0,
            0.0,
            1.0000000000000004,
            0.0,
            0.5155999715150545,
            0.17085554639489303,
            0.06966056323698813,
            -0.2843002070131388,
            -0.03911040487336376
        ],
        [
            -0.004392913859445106,
            -0.004548888236598863,
            -0.0011367953938206865,
            -0.008290080578465836,
            0.05677086642449399,
            0.02573706324378064,
            0.00817835388367765,
            0.0069247981562281305,
            0.03397014022943709,
            0.4598721997595357,
            0.0,
            0.0,
            0.0,
            0.0,
            1.0000000000000004,
            0.028152936897744337,
            0.009329103339844965,
            0.0038036259686158548,
            -0.03911040487336378,
            0.42984207314563655
        ],
        [
            0.011187509274908492,
            0.11264716286554881,
            0.0007220702543235321,
            0.013217335892668675,
            0.00047571612010200934,
            0.10843882982467505,
            0.29393258711418924,
            0.007034863796182655,
            0.14342519323076353,
            0.0005631876900020835,
            0.5196088283599947,
            0.546287776804409,
            -0.05014393094170966,
            0.5155999715150547,
            0.028152936897744344,
            0.9999999999999999,
            0.6848602514927513,
            0.0,
            0.0,
            0.0
        ],
        [
            0.11264716286554881,
            0.3237365441732092,
            0.0048918198754302235,
            0.08954367810174839,
            0.003222840931950189,
            0.29393258711418924,
            0.5899858681494281,
            0.008404503273440408,
            0.17134908946721517,
            0.0006728364501885957,
            0.546287776804409,
            0.868611708023123,
            -0.01661630952821621,
            0.1708555463948931,
            0.009329103339844968,
            0.6848602514927513,
            1.0000000000000002,
            0.0,
            0.0,
            0.0
        ],
        [
            -0.0007220702543235317,
            -0.00489181987543022,
            0.0011574988597175138,
            -0.0008815594447988015,
            -3.172893857918693e-05,
            -0.007034863796182655,
            -0.008404503273440403,
            0.04244599894504544,
            -0.013261034871235788,
            -5.2072104125751606e-05,
            0.050143930941709644,
            0.016616309528216203,
            0.42520285312232575,
            0.06966056323698813,
            0.0038036259686158548,
            0.0,
            0.0,
            1.0000000000000004,
            0.0,
            0.0
        ],
        [
            -0.013217335892668674,
            -0.08954367810174828,
            -0.0008815594447988013,
            -0.014931091226953816,
            -0.00058079118507915,
            -0.14342519323076347,
            -0.17134908946721505,
            -0.013261034871235785,
            -0.227266504740428,
            -0.0010616341428274678,
            -0.5155999715150545,
            -0.17085554639489303,
            0.06966056323698822,
            -0.2843002070131388,
            -0.03911040487336378,
            0.0,
            0.0,
            0.0,
            1.0000000000000004,
            0.0
        ],
        [
            -0.0004757161201020091,
            -0.0032228409319501887,
            -3.172893857918693e-05,
            -0.00058079118507915,
            0.0011847551938439476,
            -0.0005631876900020835,
            -0.0006728364501885953,
            -5.2072104125751606e-05,
            -0.0010616341428274683,
            0.04309227086385618,
            -0.028152936897744354,
            -0.009329103339844965,
            0.0038036259686158574,
            -0.03911040487336376,
            0.42984207314563655,
            0.0,
            0.0,
            0.0,
            0.0,
            1.0000000000000004
        ]
    ],
    "h": [
        [
            -0.3001120966742803,
            -0.48107585376937134,
            -0.022932689549949377,
            -0.3129320756634397,
            -0.03173294780143818,
            -0.6094117344630519,
            -0.4773437809631964,
            -0.006647501425207945,
            0.006883122354704896,
            0.00588429041511411,
            -0.2665543971434,
            -0.3278745581906789,
            0.05056206897973226,
            0.3284804865294538,
            -0.0027571920932406967,
            -0.009699513847023215,
            -0.13574792254367052,
            0.002547111935525625,
            0.06222887942136458,
            0.001484352555496747
        ],
        [
            -0.48107585376937134,
            -0.3161168004635304,
            -0.0197589888949359,
            -0.2575573896250657,
            -0.025111299539874548,
            -0.5568513997232485,
            -0.36895029057020023,
            -0.007758721207303022,
            0.11452567182134593,
            0.02858317328318899,
            -0.34221458521082815,
            -0.314668712330916,
            0.044702057710962126,
            0.1929872545625702,
            -0.00893371127071458,
            -0.13283773321751974,
            -0.19339221599891449,
            -0.003996004451046544,
            0.11378971620144691,
            0.004337101507564059
        ],
        [
            -0.022932689549949377,
            -0.0197589888949359,
            1.4690624505481413,
            -0.022480806689774736,
            -0.0020788495109242354,
            -0.009629109308583295,
            -0.02030316610727126,
            0.4499961369143032,
            -0.06942794658218666,
            -0.0061050958718497,
            -0.026537771142279752,
            -0.016309950556767566,
            -0.04361410703152077,
            0.017627957650474035,
            -0.000788158430991528,
            -0.006029697902918991,
            -0.01057901323244724,
            -0.004042121332126965,
            0.0067455078813197285,
            0.00024035056352758708
        ],
        [
            -0.3129320756634397,
            -0.2575573896250657,
            -0.022480806689774736,
            1.1657596342742542,
            -0.030224186766307157,
            -0.07659053123097781,
            -0.2500245114610825,
            -0.07744519110676325,
            -0.5601009802556942,
            -0.0970261294089545,
            -0.25738109863943226,
            -0.20199308815223882,
            0.04326656979919323,
            0.1755919691715444,
            -0.007856416656002918,
            -0.06422513910962273,
            -0.12185970972102858,
            0.0021031852235369065,
            0.08513344457193818,
            0.0029688884867567853
        ],
        [
            -0.03173294780143818,
            -0.025111299539874548,
            -0.0020788495109242354,
            -0.030224186766307157,
            1.4677186532673907,
            -0.0037892353691189734,
            -0.022944807973442397,
            -0.007470089613920502,
            -0.10464510837855512,
            0.44513471982108854,
            -0.01621587808483965,
            -0.01828629431249533,
            0.0037491794042305467,
            0.02113348116912349,
            -0.04778337563479493,
            -0.0021231774844555655,
            -0.008511479246899838,
            0.00013298440577987658,
            0.0040282005114942445,
            -0.003987015838512863
        ],
        [
            -0.6094117344630519,
            -0.5568513997232485,
            -0.009629109308583295,
            -0.07659053123097781,
            -0.0037892353691189734,
            -0.4810477943018263,
            -0.6140463985253097,
            -0.02627763544439702,
            0.07161950440869967,
            0.04209297333988771,
            -0.5278243100032693,
            -0.5202793922776796,
            0.02005278243597608,
            0.06830049894434043,
            -0.0016581801810526264,
            -0.22898044626476777,
            -0.3248654148093038,
            -0.003968476680971229,
            0.23235445408597116,
            0.006372729386877701
        ],
        [
            -0.4773437809631964,
            -0.36895029057020023,
            -0.02030316610727126,
            -0.2500245114610825,
            -0.022944807973442397,
            -0.6140463985253097,
            -0.4350490731927785,
            -0.024792035244804736,
            0.017216688590287563,
            0.03263793393312965,
            -0.5098945321191792,
            -0.41050958065028387,
            0.05541888359452644,
            0.13205854219623642,
            -0.013975771665413382,
            -0.2995789287006475,
            -0.30358773016482243,
            -0.013344809453837893,
            0.17872748492038337,
            0.008289147833230391
        ],
        [
            -0.006647501425207945,
            -0.007758721207303022,
            0.4499961369143032,
            -0.07744519110676325,
            -0.007470089613920502,
            -0.02627763544439702,
            -0.024792035244804736,
            1.3833608946150775,
            -0.0717400981957415,
            0.00036527830318674136,
            -0.005976896536907611,
            -0.03344725644558424,
            0.3372175270942207,
            -0.20549079566999423,
            0.009098559024148812,
            -0.036558654656873885,
            -0.03453947658533048,
            -0.04637379072410723,
            0.035421574756266526,
            0.0013563866999965891
        ],
        [
            0.006883122354704896,
            0.11452567182134593,
            -0.06942794658218666,
            -0.5601009802556942,
            -0.10464510837855512,
            0.07161950440869967,
            0.017216688590287563,
            -0.0717400981957415,
            0.8156867300378039,
            -0.019156657719994575,
            -0.04114623002096318,
            -0.11328627827610538,
            -0.19670434278565618,
            -0.7371774049542047,
            0.04208672589600582,
            -0.3010238071984168,
            -0.18388822516652586,
            -0.012853630916617533,
            0.19882886479396467,
            0.00929251360696948
        ],
        [
            0.00588429041511411,
            0.02858317328318899,
            -0.0061050958718497,
            -0.0970261294089545,
            0.44513471982108854,
            0.04209297333988771,
            0.03263793393312965,
            0.00036527830318674136,
            -0.019156657719994575,
            1.3910472308770943,
            0.006376762164046826,
            0.022015221009168535,
            0.00802271288050951,
            0.03691065120309159,
            0.3738905197977578,
            0.004069636350311259,
            0.011204560478171298,
            0.00026012552145263925,
            -0.007426928996837409,
            -0.044781149367357165
        ],
        [
            -0.2665543971434,
            -0.34221458521082815,
            -0.026537771142279752,
            -0.25738109863943226,
            -0.01621587808483965,
            -0.5278243100032693,
            -0.5098945321191792,
            -0.005976896536907611,
            -0.04114623002096318,
            0.006376762164046826,
            -0.4269994590515749,
            -0.593810826191249,
            0.06973118604041259,
            -0.02385070902504388,
            -0.024606297347947163,
            -0.5541324429612485,
            -0.5264551373024196,
            -0.0016836945603506681,
            0.07906924692493789,
            0.0019498805662003446
        ],
        [
            -0.3278745581906789,
            -0.314668712330916,
            -0.016309950556767566,
            -0.20199308815223882,
            -0.01828629431249533,
            -0.5202793922776796,
            -0.41050958065028387,
            -0.03344725644558424,
            -0.11328627827610538,
            0.022015221009168535,
            -0.593810826191249,
            -0.43430893619605104,
            0.06027128087905024,
            0.005656700544075105,
            -0.01981981369280051,
            -0.44734554265741067,
            -0.36278967361482684,
            -0.016700575717887356,
            0.22119641520864014,
            0.010169229871358836
        ],
        [
            0.05056206897973226,
            0.044702057710962126,
            -0.04361410703152077,
            0.04326656979919323,
            0.0037491794042305467,
            0.02005278243597608,
            0.05541888359452644,
            0.3372175270942207,
            -0.19670434278565618,
            0.00802271288050951,
            0.06973118604041259,
            0.06027128087905024,
            1.397149022900899,
            -0.03134513717963819,
            0.0035698056553678473,
            0.0089534315494091,
            0.039028895985504374,
            0.33606150573688065,
            0.08225601150359008,
            0.0050047408773155905
        ],
        [
            0.3284804865294538,
            0.1929872545625702,
            0.017627957650474035,
            0.1755919691715444,
            0.02113348116912349,
            0.06830049894434043,
            0.13205854219623642,
            -0.20549079566999423,
            -0.7371774049542047,
            0.03691065120309159,
            -0.02385070902504388,
            0.005656700544075105,
            -0.03134513717963819,
            0.8604171921406549,
            -0.0029698260109637764,
            -0.03377461066694243,
            -0.10581740650742688,
            0.09417662428551146,
            -0.6605607816063769,
            -0.053960559865508684
        ],
        [
            -0.0027571920932406967,
            -0.00893371127071458,
            -0.000788158430991528,
            -0.007856416656002918,
            -0.04778337563479493,
            -0.0016581801810526264,
            -0.013975771665413382,
            0.009098559024148812,
            0.04208672589600582,
            0.3738905197977578,
            -0.024606297347947163,
            -0.01981981369280051,
            0.0035698056553678473,
            -0.0029698260109637764,
            1.4086236063427913,
            -0.005045011623408972,
            -0.016096184177184423,
            0.005190700606420389,
            -0.04926407257601448,
            0.34268532851090017
        ],
        [
            -0.009699513847023215,
            -0.13283773321751974,
            -0.006029697902918991,
            -0.06422513910962273,
            -0.0021231774844555655,
            -0.22898044626476777,
            -0.2995789287006475,
            -0.036558654656873885,
            -0.3010238071984168,
            0.004069636350311259,
            -0.5541324429612485,
            -0.44734554265741067,
            0.0089534315494091,
            -0.03377461066694243,
            -0.005045011623408972,
            -0.2423429177678631,
            -0.45644589514472766,
            -0.024424747547525688,
            0.26756695351356263,
            0.013704031768583261
        ],
        [
            -0.13574792254367052,
            -0.19339221599891449,
            -0.01057901323244724,
            -0.12185970972102858,
            -0.008511479246899838,
            -0.3248654148093038,
            -0.30358773016482243,
            -0.03453947658533048,
            -0.18388822516652586,
            0.011204560478171298,
            -0.5264551373024196,
            -0.36278967361482684,
            0.039028895985504374,
            -0.10581740650742688,
            -0.016096184177184423,
            -0.45644589514472766,
            -0.3078650379547896,
            -0.020047482953159376,
            0.23357624944029454,
            0.011520709996074796
        ],
        [
            0.002547111935525625,
            -0.003996004451046544,
            -0.004042121332126965,
            0.0021031852235369065,
            0.00013298440577987658,
            -0.003968476680971229,
            -0.013344809453837893,
            -0.04637379072410723,
            -0.012853630916617533,
            0.00026012552145263925,
            -0.0016836945603506681,
            -0.016700575717887356,
            0.33606150573688065,
            0.09417662428551146,
            0.005190700606420389,
            -0.024424747547525688,
            -0.020047482953159376,
            1.4905659129486215,
            0.02263218754303642,
            0.001290391538397748
        ],
        [
            0.06222887942136458,
            0.11378971620144691,
            0.0067455078813197285,
            0.08513344457193818,
            0.0040282005114942445,
            0.23235445408597116,
            0.17872748492038337,
            0.035421574756266526,
            0.19882886479396467,
            -0.007426928996837409,
            0.07906924692493789,
            0.22119641520864014,
            0.08225601150359008,
            -0.6605607816063769,
            -0.04926407257601448,
            0.26756695351356263,
            0.23357624944029454,
            0.02263218754303642,
            1.2340196385128217,
            -0.013103753724200595
        ],
        [
            0.001484352555496747,
            0.004337101507564059,
            0.00024035056352758708,
            0.0029688884867567853,
            -0.003987015838512863,
            0.006372729386877701,
            0.008289147833230391,
            0.0013563866999965891,
            0.00929251360696948,
            -0.044781149367357165,
            0.0019498805662003446,
            0.010169229871358836,
            0.0050047408773155905,
            -0.053960559865508684,
            0.34268532851090017,
            0.013704031768583261,
            0.011520709996074796,
            0.001290391538397748,
            -0.013103753724200595,
            1.4922144089797496
        ]
    ]
}