{
    "HF": -2.133762405289098,
    "coordinates": [
        [
            0.749358,
            -0.014075,
            0.015413
        ],
        [
            1.464312,
            0.089332,
            -0.157324
        ],
        [
            2.157598,
            -0.057569,
            -0.005875
        ],
        [
            2.916262,
            0.065039,
            0.006132
        ]
    ],
    "elements": [
        "H",
        "H",
        "H",
        "H"
    ],
    "Enn": 3.1128793653551705,
    "S": [
        [
            0.9999999999999999,
            0.6848602514927513,
            0.0,
            0.0,
            0.0,
            0.5684921099712585,
            0.5647177517633837,
            0.12487008674002499,
            -0.5168340772106023,
            -0.07475202799357267,
            0.15749901654246615,
            0.34229914899339076,
            0.0030977299812954312,
            -0.20492048425683382,
            0.0063290430198451484,
            0.016447957898784244,
            0.132902418454116,
            8.652444643879174e-05,
            -0.020201505127249608,
            -0.000737560074944356
        ],
        [
            0.6848602514927513,
            1.0000000000000002,
            0.0,
            0.0,
            0.0,
            0.5647177517633837,
            0.8867630830231966,
            0.03826069586128816,
            -0.15836003605950918,
            -0.022904321465165103,
            0.34229914899339076,
            0.6488796673821059,
            0.0027618429837476272,
            -0.1827009471736548,
            0.005642784608000724,
            0.132902418454116,
            0.35907631629812836,
            0.0004370776561594563,
            -0.10204776655991285,
            -0.0037257797316452117
        ],
        [
            0.0,
            0.0,
            1.0000000000000004,
            0.0,
            0.0,
            -0.12487008674002498,
            -0.03826069586128813,
            0.45078321171182245,
            0.1566679924302144,
            0.022659593614737707,
            -0.003097729981295431,
            -0.0027618429837476277,
            0.075887793335083,
            0.005913258530535923,
            -0.0001826331211491858,
            -8.652444643879171e-05,
            -0.0004370776561594558,
            0.0022348762875949403,
            0.00011671245563078868,
            4.261189796490391e-06
        ],
        [
            0.0,
            0.0,
            0.0,
            1.0000000000000004,
            0.0,
            0.5168340772106023,
            0.158360036059509,
            0.1566679924302145,
            -0.15980969088570846,
            -0.09378747513984374,
            0.20492048425683382,
            0.18270094717365465,
            0.005913258530535923,
            -0.3151956469008898,
            0.012081513835359329,
            0.0202015051272496,
            0.1020477665599127,
            0.00011671245563078873,
            -0.025014347664561034,
            -0.0009948916296491992
        ],
        [
            0.0,
            0.0,
            0.0,
            0.0,
            1.0000000000000004,
            0.07475202799357267,
            0.02290432146516509,
            0.022659593614737714,
            -0.09378747513984372,
            0.47507019740129647,
            -0.006329043019845148,
            -0.005642784608000721,
            -0.00018263312114918587,
            0.012081513835359334,
            0.0756040406259162,
            0.0007375600749443562,
            0.00372577973164521,
            4.261189796490395e-06,
            -0.0009948916296491995,
            0.0021990525279418326
        ],
        [
            0.5684921099712585,
            0.5647177517633837,
            -0.12487008674002499,
            0.5168340772106024,
            0.07475202799357267,
            0.9999999999999999,
            0.6848602514927513,
            0.0,
            0.0,
            0.0,
            0.5830930369032024,
            0.5699780345429444,
            -0.11304592507805855,
            -0.5174887732085847,
            0.10965116600236306,
            0.13846881098912467,
            0.32485160510800204,
            -0.020318411148986158,
            -0.18048476083943363,
            0.0030197433073262552
        ],
        [
            0.5647177517633837,
            0.8867630830231966,
            -0.038260695861288156,
            0.15836003605950902,
            0.022904321465165096,
            0.6848602514927513,
            1.0000000000000002,
            0.0,
            0.0,
            0.0,
            0.5699780345429444,
            0.8919023015757355,
            -0.03387910956942165,
            -0.15508793294736883,
            0.03286172292228812,
            0.32485160510800204,
            0.6280224802987876,
            -0.020052332902397968,
            -0.1781212360368339,
            0.0029801984827596065
        ],
        [
            0.12487008674002498,
            0.038260695861288115,
            0.45078321171182245,
            0.1566679924302145,
            0.022659593614737707,
            0.0,
            0.0,
            1.0000000000000004,
            0.0,
            0.0,
            0.11304592507805855,
            0.03387910956942163,
            0.4756381259150811,
            -0.13786399839057273,
            0.029212127790801366,
            0.020318411148986158,
            0.02005233290239797,
            0.058198355219964124,
            -0.03853146456785943,
            0.0006446812002803183
        ],
        [
            -0.5168340772106023,
            -0.1583600360595088,
            0.1566679924302144,
            -0.15980969088570846,
            -0.09378747513984369,
            0.0,
            0.0,
            0.0,
            1.0000000000000004,
            0.0,
            0.5174887732085847,
            0.15508793294736878,
            -0.13786399839057256,
            -0.12534347511053043,
            0.13372395478064236,
            0.18048476083943357,
            0.17812123603683389,
            -0.03853146456785941,
            -0.27973190357804095,
            0.005726586168430696
        ],
        [
            -0.07475202799357267,
            -0.02290432146516508,
            0.022659593614737714,
            -0.09378747513984377,
            0.47507019740129647,
            0.0,
            0.0,
            0.0,
            0.0,
            1.0000000000000004,
            -0.10965116600236303,
            -0.03286172292228808,
            0.02921212779080134,
            0.1337239547806424,
            0.477419760061772,
            -0.0030197433073262552,
            -0.002980198482759606,
            0.0006446812002803189,
            0.005726586168430705,
            0.06244029407089863
        ],
        [
            0.15749901654246615,
            0.34229914899339076,
            -0.0030977299812954312,
            0.20492048425683382,
            -0.006329043019845148,
            0.5830930369032024,
            0.5699780345429444,
            0.11304592507805855,
            0.5174887732085847,
            -0.10965116600236306,
            0.9999999999999999,
            0.6848602514927513,
            0.0,
            0.0,
            0.0,
            0.5477646967581346,
            0.5570615401583738,
            -0.008281499132222155,
            -0.5232676986464719,
            -0.08456550725439275
        ],
        [
            0.34229914899339076,
            0.6488796673821059,
            -0.002761842983747628,
            0.1827009471736548,
            -0.005642784608000722,
            0.5699780345429444,
            0.8919023015757355,
            0.033879109569421646,
            0.15508793294736883,
            -0.03286172292228812,
            0.6848602514927513,
            1.0000000000000002,
            0.0,
            0.0,
            0.0,
            0.5570615401583738,
            0.8792503990803086,
            -0.002621041405692292,
            -0.16561087340785668,
            -0.026764441131766525
        ],
        [
            0.003097729981295431,
            0.0027618429837476277,
            0.075887793335083,
            0.005913258530535923,
            -0.0001826331211491858,
            -0.11304592507805855,
            -0.03387910956942164,
            0.4756381259150811,
            -0.13786399839057262,
            0.029212127790801366,
            0.0,
            0.0,
            1.0000000000000004,
            0.0,
            0.0,
            0.008281499132222153,
            0.002621041405692292,
            0.4643049706532358,
            -0.010984544307062258,
            -0.0017752167077919733
        ],
        [
            -0.20492048425683382,
            -0.18270094717365454,
            0.005913258530535923,
            -0.3151956469008898,
            0.012081513835359329,
            -0.5174887732085846,
            -0.15508793294736878,
            -0.13786399839057265,
            -0.12534347511053043,
            0.13372395478064245,
            0.0,
            0.0,
            0.0,
            1.0000000000000004,
            0.0,
            0.5232676986464719,
            0.16561087340785668,
            -0.010984544307062258,
            -0.22958117424792904,
            -0.11216731976349542
        ],
        [
            0.0063290430198451484,
            0.005642784608000722,
            -0.00018263312114918587,
            0.012081513835359334,
            0.0756040406259162,
            0.10965116600236303,
            0.03286172292228808,
            0.02921212779080134,
            0.1337239547806423,
            0.477419760061772,
            0.0,
            0.0,
            0.0,
            0.0,
            1.0000000000000004,
            0.08456550725439274,
            0.026764441131766514,
            -0.0017752167077919733,
            -0.11216731976349542,
            0.44635141108263826
        ],
        [
            0.016447957898784244,
            0.132902418454116,
            -8.652444643879175e-05,
            0.020201505127249608,
            0.000737560074944356,
            0.13846881098912467,
            0.32485160510800204,
            0.020318411148986158,
            0.18048476083943357,
            -0.0030197433073262552,
            0.5477646967581346,
            0.5570615401583738,
            0.008281499132222155,
            0.5232676986464719,
            0.08456550725439275,
            0.9999999999999999,
            0.6848602514927513,
            0.0,
            0.0,
            0.0
        ],
        [
            0.132902418454116,
            0.35907631629812836,
            -0.00043707765615945605,
            0.10204776655991277,
            0.003725779731645212,
            0.32485160510800204,
            0.6280224802987876,
            0.02005233290239797,
            0.1781212360368339,
            -0.0029801984827596065,
            0.5570615401583738,
            0.8792503990803086,
            0.002621041405692292,
            0.16561087340785668,
            0.026764441131766525,
            0.6848602514927513,
            1.0000000000000002,
            0.0,
            0.0,
            0.0
        ],
        [
            8.652444643879174e-05,
            0.0004370776561594558,
            0.0022348762875949403,
            0.00011671245563078865,
            4.26118979649039e-06,
            -0.020318411148986158,
            -0.020052332902397968,
            0.058198355219964124,
            -0.038531464567859414,
            0.000644681200280319,
            -0.008281499132222153,
            -0.002621041405692292,
            0.4643049706532358,
            -0.010984544307062258,
            -0.0017752167077919733,
            0.0,
            0.0,
            1.0000000000000004,
            0.0,
            0.0
        ],
        [
            -0.0202015051272496,
            -0.10204776655991263,
            0.00011671245563078876,
            -0.025014347664561034,
            -0.0009948916296491992,
            -0.18048476083943363,
            -0.17812123603683389,
            -0.03853146456785942,
            -0.27973190357804095,
            0.005726586168430705,
            -0.5232676986464719,
            -0.16561087340785668,
            -0.010984544307062258,
            -0.22958117424792904,
            -0.11216731976349542,
            0.0,
            0.0,
            0.0,
            1.0000000000000004,
            0.0
        ],
        [
            -0.0007375600749443562,
            -0.003725779731645209,
            4.2611897964903954e-06,
            -0.0009948916296491995,
            0.0021990525279418326,
            0.0030197433073262552,
            0.002980198482759606,
            0.0006446812002803181,
            0.005726586168430696,
            0.06244029407089863,
            -0.08456550725439274,
            -0.026764441131766514,
            -0.0017752167077919733,
            -0.11216731976349542,
            0.44635141108263826,
            0.0,
            0.0,
            0.0,
            0.0,
            1.0000000000000004
        ]
    ],
    "h": [
        [
            -0.29129067333268943,
            -0.47894865714946544,
            0.06761935322403079,
            -0.29870422776457045,
            -0.03857770600819503,
            -0.6040066487104532,
            -0.4734161017894598,
            -0.01908732355575682,
            0.011247231531001267,
            0.017392343160472445,
            -0.2983220227504258,
            -0.3414714503251222,
            0.03353756830194546,
            0.34528558395115977,
            -0.035730177261120245,
            -0.02317636278058982,
            -0.15491320812683387,
            0.0036608585598858997,
            0.08508968038873996,
            0.0024720160872038783
        ],
        [
            -0.47894865714946544,
            -0.3204855255602126,
            0.05386749157285098,
            -0.25278380710773773,
            -0.030108096571467388,
            -0.5608844120639884,
            -0.37459890220636405,
            -0.07568793322086925,
            0.09483689125075645,
            0.05532513645319994,
            -0.3734769829440318,
            -0.3278594208610892,
            0.037752526746795564,
            0.20477697494265112,
            -0.04514584328627984,
            -0.15378907785239454,
            -0.2112343254289163,
            0.005627114982477601,
            0.13259906872544863,
            0.012159274520049132
        ],
        [
            0.06761935322403079,
            0.05386749157285098,
            1.458145262451219,
            0.062063936928322926,
            0.008882754182501233,
            0.00838860273062575,
            0.0482693466642246,
            0.369891204130701,
            0.2244060246344819,
            0.030553940166238434,
            0.03378005966446842,
            0.04027381988117734,
            -0.05178106361080376,
            -0.04934065724030787,
            0.006901453450123408,
            0.0023189849247680907,
            0.018065727754951452,
            -0.007347263612412304,
            -0.005790980176698474,
            -0.00010281731738715408
        ],
        [
            -0.29870422776457045,
            -0.25278380710773773,
            0.062063936928322926,
            1.185317232810336,
            -0.03545021861742132,
            -0.09639079793993877,
            -0.2485935760011757,
            0.19793519181890373,
            -0.5465036061283737,
            -0.11172319907638062,
            -0.27520089472874226,
            -0.20828294758860677,
            0.041180938922745526,
            0.10831215518146764,
            -0.039687333867897516,
            -0.0868014582241959,
            -0.1357385411885793,
            0.002763898281592573,
            0.11723673866612525,
            0.006264324205469575
        ],
        [
            -0.03857770600819503,
            -0.030108096571467388,
            0.008882754182501233,
            -0.03545021861742132,
            1.4677377012109618,
            -0.0016062127179659602,
            -0.02620246674331484,
            0.032044368069141106,
            -0.1336029724179833,
            0.40302716290674434,
            -0.01492928505553566,
            -0.02222698234664431,
            0.0033323879722601617,
            0.030802306847911826,
            -0.04883471117545651,
            -0.0014371002123669137,
            -0.009624816177833815,
            0.0002303888404985404,
            0.004971423846450725,
            -0.006906000265967254
        ],
        [
            -0.6040066487104532,
            -0.5608844120639884,
            0.00838860273062575,
            -0.09639079793993877,
            -0.0016062127179659602,
            -0.49611807856279944,
            -0.6225326136079027,
            -0.1189429333849807,
            0.02552952395737111,
            0.09104766954699606,
            -0.5761163898357902,
            -0.5467785373835097,
            0.003808943761759165,
            0.0672545126990216,
            -0.01586563922930001,
            -0.272808158761772,
            -0.3597989641555164,
            0.01689846758139294,
            0.2642618260501246,
            0.018271419059641792
        ],
        [
            -0.4734161017894598,
            -0.37459890220636405,
            0.0482693466642246,
            -0.2485935760011757,
            -0.02620246674331484,
            -0.6225326136079027,
            -0.4402739454318232,
            -0.09520977579902094,
            -0.010383581879077758,
            0.07207878144263108,
            -0.5432962540294743,
            -0.42356278449375306,
            0.04082280623868616,
            0.14172446577133513,
            -0.06242867274717704,
            -0.3243456532937086,
            -0.31969128525221857,
            0.006866868527508042,
            0.19865362624205057,
            0.02546697844468092
        ],
        [
            -0.01908732355575682,
            -0.07568793322086925,
            0.369891204130701,
            0.19793519181890373,
            0.032044368069141106,
            -0.1189429333849807,
            -0.09520977579902094,
            1.3584132484450657,
            0.004062475858520227,
            0.02068933106751583,
            -0.027000177366117456,
            -0.07795912394154222,
            0.39473817761675134,
            -0.17870839911188802,
            0.037494171280215705,
            -0.04527072422902574,
            -0.052118771740960815,
            -0.04508822351687827,
            0.04249089988803052,
            0.005103573206758902
        ],
        [
            0.011247231531001267,
            0.09483689125075645,
            0.2244060246344819,
            -0.5465036061283737,
            -0.1336029724179833,
            0.02552952395737111,
            -0.010383581879077758,
            0.004062475858520227,
            0.8038610769143253,
            0.0158689860945154,
            -0.046629604733375296,
            -0.12953102143085787,
            -0.20206595526527416,
            -0.6571682709462145,
            0.17994842477429296,
            -0.3302573501043766,
            -0.19777457290676181,
            0.004414961395697969,
            0.15138275064817341,
            0.0313333625974079
        ],
        [
            0.017392343160472445,
            0.05532513645319994,
            0.030553940166238434,
            -0.11172319907638062,
            0.40302716290674434,
            0.09104766954699606,
            0.07207878144263108,
            0.02068933106751583,
            0.0158689860945154,
            1.3690137834232057,
            0.014533078244663267,
            0.06045245992831976,
            0.040634216936289415,
            0.178076570719993,
            0.3980103227908096,
            0.03166092852783543,
            0.04273240132260395,
            -0.0018272854597295254,
            -0.038315317537823225,
            -0.05062677600746976
        ],
        [
            -0.2983220227504258,
            -0.3734769829440318,
            0.03378005966446842,
            -0.27520089472874226,
            -0.01492928505553566,
            -0.5761163898357902,
            -0.5432962540294743,
            -0.027000177366117456,
            -0.046629604733375296,
            0.014533078244663267,
            -0.47903398410067943,
            -0.6183823687134985,
            0.0490260706279394,
            -0.011155263104934199,
            -0.09430067983999046,
            -0.58038245457456,
            -0.5488363944487242,
            0.00804810909548552,
            0.0888296570290319,
            0.003596116729505411
        ],
        [
            -0.3414714503251222,
            -0.3278594208610892,
            0.04027381988117734,
            -0.20828294758860677,
            -0.02222698234664431,
            -0.5467785373835097,
            -0.42356278449375306,
            -0.07795912394154222,
            -0.12953102143085787,
            0.06045245992831976,
            -0.6183823687134985,
            -0.44301385494010526,
            0.03942833765664412,
            0.017942380299876687,
            -0.07568750074948269,
            -0.45970407714584705,
            -0.37009933913390514,
            0.00901144611938743,
            0.23904000219057842,
            0.030198343276388484
        ],
        [
            0.03353756830194546,
            0.037752526746795564,
            -0.05178106361080376,
            0.041180938922745526,
            0.0033323879722601617,
            0.003808943761759165,
            0.04082280623868616,
            0.39473817761675134,
            -0.20206595526527416,
            0.040634216936289415,
            0.0490260706279394,
            0.03942833765664412,
            1.3805029613874502,
            -0.060123736878322204,
            0.010878691426173228,
            0.01027646156634023,
            0.021469977591004868,
            0.38869060168610214,
            -0.030430082966756263,
            -0.003074173639172112
        ],
        [
            0.34528558395115977,
            0.20477697494265112,
            -0.04934065724030787,
            0.10831215518146764,
            0.030802306847911826,
            0.0672545126990216,
            0.14172446577133513,
            -0.17870839911188802,
            -0.6571682709462145,
            0.178076570719993,
            -0.011155263104934199,
            0.017942380299876687,
            -0.060123736878322204,
            0.7966598585307438,
            0.012201706995481919,
            -0.022974315814742408,
            -0.09940275918758745,
            -0.0180375191758481,
            -0.6218347545285128,
            -0.1578935655005899
        ],
        [
            -0.035730177261120245,
            -0.04514584328627984,
            0.006901453450123408,
            -0.039687333867897516,
            -0.04883471117545651,
            -0.01586563922930001,
            -0.06242867274717704,
            0.037494171280215705,
            0.17994842477429296,
            0.3980103227908096,
            -0.09430067983999046,
            -0.07568750074948269,
            0.010878691426173228,
            0.012201706995481919,
            1.3743778391330617,
            -0.016430556957705456,
            -0.057344147026571646,
            -0.0007220351790790192,
            -0.1377896945836977,
            0.365308263622229
        ],
        [
            -0.02317636278058982,
            -0.15378907785239454,
            0.0023189849247680907,
            -0.0868014582241959,
            -0.0014371002123669137,
            -0.272808158761772,
            -0.3243456532937086,
            -0.04527072422902574,
            -0.3302573501043766,
            0.03166092852783543,
            -0.58038245457456,
            -0.45970407714584705,
            0.01027646156634023,
            -0.022974315814742408,
            -0.016430556957705456,
            -0.2680404021219902,
            -0.4684257563978791,
            0.007617956061807188,
            0.28799123339218086,
            0.042984822575464154
        ],
        [
            -0.15491320812683387,
            -0.2112343254289163,
            0.018065727754951452,
            -0.1357385411885793,
            -0.009624816177833815,
            -0.3597989641555164,
            -0.31969128525221857,
            -0.052118771740960815,
            -0.19777457290676181,
            0.04273240132260395,
            -0.5488363944487242,
            -0.37009933913390514,
            0.021469977591004868,
            -0.09940275918758745,
            -0.057344147026571646,
            -0.4684257563978791,
            -0.3146794026452273,
            0.007690083626083947,
            0.247005468832167,
            0.03465563541912653
        ],
        [
            0.0036608585598858997,
            0.005627114982477601,
            -0.007347263612412304,
            0.002763898281592573,
            0.0002303888404985404,
            0.01689846758139294,
            0.006866868527508042,
            -0.04508822351687827,
            0.004414961395697969,
            -0.0018272854597295254,
            0.00804810909548552,
            0.00901144611938743,
            0.38869060168610214,
            -0.0180375191758481,
            -0.0007220351790790192,
            0.007617956061807188,
            0.007690083626083947,
            1.485647636670098,
            -0.007546455185280349,
            -0.0005926058591074157
        ],
        [
            0.08508968038873996,
            0.13259906872544863,
            -0.005790980176698474,
            0.11723673866612525,
            0.004971423846450725,
            0.2642618260501246,
            0.19865362624205057,
            0.04249089988803052,
            0.15138275064817341,
            -0.038315317537823225,
            0.0888296570290319,
            0.23904000219057842,
            -0.030430082966756263,
            -0.6218347545285128,
            -0.1377896945836977,
            0.28799123339218086,
            0.247005468832167,
            -0.007546455185280349,
            1.2050461456864363,
            -0.04049274000127469
        ],
        [
            0.0024720160872038783,
            0.012159274520049132,
            -0.00010281731738715408,
            0.006264324205469575,
            -0.006906000265967254,
            0.018271419059641792,
            0.02546697844468092,
            0.005103573206758902,
            0.0313333625974079,
            -0.05062677600746976,
            0.003596116729505411,
            0.030198343276388484,
            -0.003074173639172112,
            -0.1578935655005899,
            0.365308263622229,
            0.042984822575464154,
            0.03465563541912653,
            -0.0005926058591074157,
            -0.04049274000127469,
            1.4794709089868767
        ]
    ]
}