{
    "HF": -2.14165687982532,
    "coordinates": [
        [
            0.834231,
            0.154072,
            0.06357
        ],
        [
            1.537201,
            0.152335,
            0.129456
        ],
        [
            2.269768,
            0.16701,
            -0.075851
        ],
        [
            2.954992,
            -0.16162,
            0.1378
        ]
    ],
    "elements": [
        "H",
        "H",
        "H",
        "H"
    ],
    "Enn": 3.0932060418935463,
    "S": [
        [
            0.9999999999999999,
            0.6848602514927513,
            0.0,
            0.0,
            0.0,
            0.5982082405014284,
            0.575312292319738,
            -0.05079395045127001,
            -0.5419455324155251,
            0.0013391174442803633,
            0.14516484277408237,
            0.33115463340977463,
            0.018360609589805874,
            -0.18904852503368333,
            -0.0017038291711643733,
            0.01782641820266164,
            0.13755880395794035,
            -0.0007634265945875609,
            -0.021811199625004846,
            0.003246769075825625
        ],
        [
            0.6848602514927513,
            1.0000000000000002,
            0.0,
            0.0,
            0.0,
            0.575312292319738,
            0.8970953910479604,
            -0.014885957517746665,
            -0.15882557077756068,
            0.00039244920329547535,
            0.3311546334097746,
            0.6356051394798968,
            0.017458972469589367,
            -0.17976489167397244,
            -0.0016201589847408,
            0.13755880395794035,
            0.36690568395323403,
            -0.003627324492320527,
            -0.10363314451917238,
            0.015426610853154391
        ],
        [
            0.0,
            0.0,
            1.0000000000000004,
            0.0,
            0.0,
            0.05079395045127,
            0.01488595751774665,
            0.5176573324883851,
            -0.06295448479126564,
            0.0001555570509160099,
            -0.018360609589805874,
            -0.01745897246958936,
            0.06378250355171033,
            0.03490319796581385,
            0.0003145704884525446,
            0.0007634265945875604,
            0.003627324492320524,
            0.002505620392137989,
            -0.0010389056343212812,
            0.00015464929688453996
        ],
        [
            0.0,
            0.0,
            0.0,
            1.0000000000000004,
            0.0,
            0.5419455324155251,
            0.15882557077756082,
            -0.06295448479126563,
            -0.14813447478058367,
            0.0016597143563492624,
            0.18904852503368322,
            0.1797648916739724,
            0.03490319796581386,
            -0.2922056001626356,
            -0.003238949478785122,
            0.02181119962500484,
            0.10363314451917228,
            -0.0010389056343212816,
            -0.0271396887928671,
            0.004418351037453238
        ],
        [
            0.0,
            0.0,
            0.0,
            0.0,
            1.0000000000000004,
            -0.0013391174442803633,
            -0.00039244920329547524,
            0.00015555705091600984,
            0.0016597143563492624,
            0.5235536527596918,
            0.001703829171164373,
            0.0016201589847407996,
            0.00031457048845254313,
            -0.0032389494787851063,
            0.0671431506372506,
            -0.0032467690758256253,
            -0.01542661085315439,
            0.00015464929688454015,
            0.004418351037453241,
            0.001884277340997375
        ],
        [
            0.5982082405014284,
            0.575312292319738,
            0.05079395045127,
            0.5419455324155251,
            -0.0013391174442803633,
            0.9999999999999999,
            0.6848602514927513,
            0.0,
            0.0,
            0.0,
            0.553894474933474,
            0.5593493389850903,
            0.1436123883343347,
            -0.5124311225867535,
            -0.010265172638080336,
            0.1416725403723677,
            0.3278907856719969,
            -0.001066603132100683,
            -0.18123445844488895,
            0.040132476790348585
        ],
        [
            0.575312292319738,
            0.8970953910479604,
            0.014885957517746655,
            0.15882557077756085,
            -0.00039244920329547535,
            0.6848602514927513,
            1.0000000000000002,
            0.0,
            0.0,
            0.0,
            0.5593493389850903,
            0.8814994032067983,
            0.04501354046733567,
            -0.16061524594648363,
            -0.0032174923717074896,
            0.3278907856719969,
            0.6316855664491351,
            -0.001033865315271533,
            -0.17567173288640253,
            0.038900669349961
        ],
        [
            -0.050793950451269984,
            -0.014885957517746662,
            0.5176573324883851,
            -0.06295448479126564,
            0.00015555705091600987,
            0.0,
            0.0,
            1.0000000000000004,
            0.0,
            0.0,
            -0.1436123883343347,
            -0.04501354046733565,
            0.4199956530278297,
            0.18414519358787607,
            0.0036888512803635327,
            0.001066603132100683,
            0.0010338653152715328,
            0.06472967199912463,
            -0.0019883854114219907,
            0.000440307169281644
        ],
        [
            -0.5419455324155251,
            -0.158825570777561,
            -0.06295448479126564,
            -0.14813447478058367,
            0.0016597143563492624,
            0.0,
            0.0,
            0.0,
            1.0000000000000004,
            0.0,
            0.5124311225867532,
            0.1606152459464832,
            0.18414519358787595,
            -0.1854547900337617,
            -0.013162389572211716,
            0.18123445844488886,
            0.1756717328864025,
            -0.0019883854114219903,
            -0.27311995633057806,
            0.07481586071943774
        ],
        [
            0.0013391174442803633,
            0.00039244920329547524,
            0.00015555705091600987,
            0.0016597143563492624,
            0.5235536527596918,
            0.0,
            0.0,
            0.0,
            0.0,
            1.0000000000000004,
            0.010265172638080336,
            0.003217492371707488,
            0.0036888512803635474,
            -0.013162389572211776,
            0.4713399521744933,
            -0.04013247679034858,
            -0.038900669349960955,
            0.00044030716928164385,
            0.07481586071943773,
            0.04817418359194884
        ],
        [
            0.14516484277408237,
            0.33115463340977463,
            -0.018360609589805874,
            0.18904852503368325,
            0.0017038291711643733,
            0.553894474933474,
            0.5593493389850903,
            -0.1436123883343347,
            0.5124311225867532,
            0.010265172638080336,
            0.9999999999999999,
            0.6848602514927513,
            0.0,
            0.0,
            0.0,
            0.531218655961833,
            0.5507840453955539,
            -0.1417497920064747,
            -0.45462160007603325,
            0.21803424344883843
        ],
        [
            0.3311546334097746,
            0.6356051394798968,
            -0.017458972469589367,
            0.17976489167397244,
            0.0016201589847408,
            0.5593493389850903,
            0.8814994032067983,
            -0.04501354046733567,
            0.16061524594648327,
            0.0032174923717074896,
            0.6848602514927513,
            1.0000000000000002,
            0.0,
            0.0,
            0.0,
            0.5507840453955539,
            0.8730612255259573,
            -0.04607764257762558,
            -0.14778075720502531,
            0.07087491132868601
        ],
        [
            0.018360609589805874,
            0.017458972469589367,
            0.06378250355171033,
            0.03490319796581386,
            0.00031457048845254313,
            0.1436123883343347,
            0.04501354046733563,
            0.4199956530278297,
            0.18414519358787595,
            0.0036888512803635474,
            0.0,
            0.0,
            1.0000000000000004,
            0.0,
            0.0,
            0.1417497920064747,
            0.04607764257762556,
            0.3925577373908947,
            -0.16925988663583075,
            0.08117619427389158
        ],
        [
            -0.1890485250336833,
            -0.1797648916739724,
            0.03490319796581385,
            -0.29220560016263547,
            -0.0032389494787851063,
            -0.5124311225867532,
            -0.16061524594648355,
            0.18414519358787607,
            -0.1854547900337617,
            -0.013162389572211776,
            0.0,
            0.0,
            0.0,
            1.0000000000000004,
            0.0,
            0.45462160007603325,
            0.14778075720502523,
            -0.16925988663583075,
            -0.09751978437620594,
            0.26034924500766693
        ],
        [
            -0.001703829171164373,
            -0.0016201589847407996,
            0.0003145704884525446,
            -0.003238949478785122,
            0.0671431506372506,
            -0.010265172638080336,
            -0.003217492371707488,
            0.0036888512803635327,
            -0.013162389572211716,
            0.4713399521744933,
            0.0,
            0.0,
            0.0,
            0.0,
            1.0000000000000004,
            -0.21803424344883837,
            -0.07087491132868597,
            0.08117619427389158,
            0.26034924500766693,
            0.32047032021455857
        ],
        [
            0.01782641820266164,
            0.13755880395794035,
            0.0007634265945875611,
            0.021811199625004846,
            -0.003246769075825625,
            0.1416725403723677,
            0.3278907856719969,
            0.001066603132100683,
            0.18123445844488886,
            -0.040132476790348585,
            0.531218655961833,
            0.5507840453955539,
            0.1417497920064747,
            0.45462160007603325,
            -0.21803424344883843,
            0.9999999999999999,
            0.6848602514927513,
            0.0,
            0.0,
            0.0
        ],
        [
            0.13755880395794035,
            0.36690568395323403,
            0.0036273244923205245,
            0.10363314451917238,
            -0.015426610853154391,
            0.3278907856719969,
            0.6316855664491351,
            0.001033865315271533,
            0.17567173288640253,
            -0.038900669349961,
            0.5507840453955539,
            0.8730612255259573,
            0.04607764257762558,
            0.14778075720502531,
            -0.07087491132868601,
            0.6848602514927513,
            1.0000000000000002,
            0.0,
            0.0,
            0.0
        ],
        [
            -0.0007634265945875606,
            -0.0036273244923205215,
            0.002505620392137989,
            -0.0010389056343212814,
            0.00015464929688453999,
            -0.001066603132100683,
            -0.0010338653152715328,
            0.06472967199912463,
            -0.0019883854114219903,
            0.000440307169281644,
            -0.1417497920064747,
            -0.04607764257762556,
            0.3925577373908947,
            -0.16925988663583075,
            0.08117619427389158,
            0.0,
            0.0,
            1.0000000000000004,
            0.0,
            0.0
        ],
        [
            -0.021811199625004832,
            -0.10363314451917237,
            -0.0010389056343212814,
            -0.0271396887928671,
            0.004418351037453238,
            -0.18123445844488895,
            -0.1756717328864025,
            -0.0019883854114219907,
            -0.2731199563305782,
            0.07481586071943777,
            -0.45462160007603325,
            -0.14778075720502523,
            -0.16925988663583075,
            -0.09751978437620594,
            0.26034924500766693,
            0.0,
            0.0,
            0.0,
            1.0000000000000004,
            0.0
        ],
        [
            0.0032467690758256253,
            0.01542661085315439,
            0.00015464929688454012,
            0.004418351037453241,
            0.001884277340997375,
            0.04013247679034858,
            0.038900669349960955,
            0.00044030716928164385,
            0.07481586071943772,
            0.04817418359194884,
            0.21803424344883837,
            0.07087491132868597,
            0.08117619427389158,
            0.26034924500766693,
            0.32047032021455857,
            0.0,
            0.0,
            0.0,
            0.0,
            1.0000000000000004
        ]
    ],
    "h": [
        [
            -0.3113471500870535,
            -0.48612850546239594,
            -0.025279428666133245,
            -0.32468313959572526,
            -0.0015318212669983271,
            -0.619346140694351,
            -0.4818511430436484,
            0.017639041308367548,
            0.0028510133748770317,
            -0.006795267831576416,
            -0.28365530482389145,
            -0.3379341737418928,
            -0.054651891405406626,
            0.33779700925293243,
            -0.004525655579782486,
            -0.026433704293573917,
            -0.16085226874451486,
            0.0039434204453112544,
            0.08505910741923078,
            -0.017370467187070637
        ],
        [
            -0.48612850546239594,
            -0.31935166021088945,
            -0.017888797446250694,
            -0.26540198432528916,
            -0.0013004746926132335,
            -0.5657099077006579,
            -0.37325650900847784,
            0.05290002652508251,
            0.11122874713243089,
            -0.0037406187331768953,
            -0.3588757873319305,
            -0.3234327684867907,
            -0.0635114568273966,
            0.19705641608940716,
            0.01854532376208709,
            -0.1562089766809806,
            -0.2140729099620799,
            0.020957139970152517,
            0.12076344204752965,
            -0.042230344513715795
        ],
        [
            -0.025279428666133245,
            -0.017888797446250694,
            1.4697952453416987,
            -0.023585989019561993,
            0.00011797361160717755,
            0.005342318409291932,
            -0.014014117820489072,
            0.46943570229804243,
            -0.0901018425426979,
            7.140585951759818e-05,
            0.001068605013395424,
            -0.011640044984271986,
            -0.049145465403668695,
            0.01903434215694623,
            -0.0002817663831656967,
            0.001106873921909511,
            -0.003670512730787818,
            -0.007885589960396809,
            0.0024776255086291976,
            -0.00013396849878973308
        ],
        [
            -0.32468313959572526,
            -0.26540198432528916,
            -0.023585989019561993,
            1.1543521645726982,
            -0.0002926477127682134,
            -0.07951523349002843,
            -0.25908501876916223,
            -0.06793515186516227,
            -0.5475745151000513,
            0.00016130881585992452,
            -0.27061373437395114,
            -0.21166718829389947,
            -0.055100782739920896,
            0.14486846693482758,
            0.006227033783345383,
            -0.08777592762353616,
            -0.13876037788607934,
            0.009088595440322887,
            0.11536194990094195,
            -0.02668835987468343
        ],
        [
            -0.0015318212669983271,
            -0.0013004746926132335,
            0.00011797361160717755,
            -0.0002926477127682134,
            1.4726045931628642,
            -0.0019997008658850087,
            -0.0010105901100207655,
            0.0004239544464057324,
            0.004014817568368353,
            0.47901411890384027,
            0.0001776211238407894,
            1.2868800190241297e-05,
            3.953682690617977e-05,
            0.0009986952006720588,
            -0.04698330400888526,
            0.006499747790137815,
            0.002533844580313232,
            -0.0005729563959385813,
            -0.011435870062938579,
            -0.005616582376511595
        ],
        [
            -0.619346140694351,
            -0.5657099077006579,
            0.005342318409291932,
            -0.07951523349002843,
            -0.0019997008658850087,
            -0.4972476492966078,
            -0.623123961302989,
            0.09183039937091039,
            0.06941340127988824,
            -0.0048568836077458235,
            -0.548677022010704,
            -0.5343012053216514,
            -0.02950889139088725,
            0.07347854610934756,
            0.020700478769795947,
            -0.2666610886957814,
            -0.35661561416595106,
            0.03327389927312205,
            0.23667067850271917,
            -0.07864070614903396
        ],
        [
            -0.4818511430436484,
            -0.37325650900847784,
            -0.014014117820489072,
            -0.25908501876916223,
            -0.0010105901100207655,
            -0.623123961302989,
            -0.4409804632681362,
            0.07406323132996948,
            0.010095216394423456,
            0.00025434496813816175,
            -0.5248039668853064,
            -0.4189455540095506,
            -0.08951879779504589,
            0.14167015353765822,
            0.052241947151179594,
            -0.32328404006293177,
            -0.32162515022993743,
            0.043446830702824665,
            0.17493028585566112,
            -0.07462937315999549
        ],
        [
            0.017639041308367548,
            0.05290002652508251,
            0.46943570229804243,
            -0.06793515186516227,
            0.0004239544464057324,
            0.09183039937091039,
            0.07406323132996948,
            1.3690696174486565,
            0.03962773056434124,
            0.0011365166548886081,
            0.013319974138312485,
            0.06531728851772459,
            0.31931613562380934,
            0.24975055098869398,
            0.0019806627943554384,
            0.038804456109570784,
            0.051340421030726245,
            -0.05325521247694723,
            -0.043349273919768144,
            0.016641585541677592
        ],
        [
            0.0028510133748770317,
            0.11122874713243089,
            -0.0901018425426979,
            -0.5475745151000513,
            0.004014817568368353,
            0.06941340127988824,
            0.010095216394423456,
            0.03962773056434124,
            0.7857589072589048,
            0.007046327601298974,
            -0.05482176632713853,
            -0.1209226084458555,
            0.23917488730385034,
            -0.7026480753867405,
            0.02534500264344576,
            -0.31797649164353975,
            -0.1879723505507465,
            0.050846358947172134,
            0.10508969977111526,
            -0.07636465856389912
        ],
        [
            -0.006795267831576416,
            -0.0037406187331768953,
            7.140585951759818e-05,
            0.00016130881585992452,
            0.47901411890384027,
            -0.0048568836077458235,
            0.00025434496813816175,
            0.0011365166548886081,
            0.007046327601298974,
            1.3887270767224615,
            0.015440669589191275,
            0.006839926314942057,
            0.008729002583845864,
            -0.00709338180385068,
            0.38168985622971674,
            0.029707615594967013,
            0.008037622265035071,
            -0.003294085708961341,
            0.0024082885395581566,
            -0.042342256726063204
        ],
        [
            -0.28365530482389145,
            -0.3588757873319305,
            0.001068605013395424,
            -0.27061373437395114,
            0.0001776211238407894,
            -0.548677022010704,
            -0.5248039668853064,
            0.013319974138312485,
            -0.05482176632713853,
            0.015440669589191275,
            -0.44259982912766493,
            -0.5996803601570052,
            -0.13293240992466,
            0.004542696946254338,
            0.11149478554535977,
            -0.5717406498072333,
            -0.5395367844843115,
            0.010461961694129107,
            0.0863873496029387,
            -0.02844034341854451
        ],
        [
            -0.3379341737418928,
            -0.3234327684867907,
            -0.011640044984271986,
            -0.21166718829389947,
            1.2868800190241297e-05,
            -0.5343012053216514,
            -0.4189455540095506,
            0.06531728851772459,
            -0.1209226084458555,
            0.006839926314942057,
            -0.5996803601570052,
            -0.43505674560873286,
            -0.11003462058643358,
            0.030977998802717052,
            0.08908088119114523,
            -0.4580843536074839,
            -0.37204843053589154,
            0.05224853942015134,
            0.2112085166545139,
            -0.09053905807139258
        ],
        [
            -0.054651891405406626,
            -0.0635114568273966,
            -0.049145465403668695,
            -0.055100782739920896,
            3.953682690617977e-05,
            -0.02950889139088725,
            -0.08951879779504589,
            0.31931613562380934,
            0.23917488730385034,
            0.008729002583845864,
            -0.13293240992466,
            -0.11003462058643358,
            1.3646708014140527,
            0.00912857550153641,
            0.02986572959823628,
            -0.02435294795447046,
            -0.08596413382454185,
            0.29031854233593013,
            -0.20732584931363085,
            0.10443944025740973
        ],
        [
            0.33779700925293243,
            0.19705641608940716,
            0.01903434215694623,
            0.14486846693482758,
            0.0009986952006720588,
            0.07347854610934756,
            0.14167015353765822,
            0.24975055098869398,
            -0.7026480753867405,
            -0.00709338180385068,
            0.004542696946254338,
            0.030977998802717052,
            0.00912857550153641,
            0.9009780090752311,
            0.09347368891467842,
            -0.021793517168952947,
            -0.07335353679689899,
            -0.23503015315593645,
            -0.427403075401076,
            0.3679176977410339
        ],
        [
            -0.004525655579782486,
            0.01854532376208709,
            -0.0002817663831656967,
            0.006227033783345383,
            -0.04698330400888526,
            0.020700478769795947,
            0.052241947151179594,
            0.0019806627943554384,
            0.02534500264344576,
            0.38168985622971674,
            0.11149478554535977,
            0.08908088119114523,
            0.02986572959823628,
            0.09347368891467842,
            1.3573069296355094,
            0.021525995957235644,
            0.08764554388363022,
            0.11093927378616975,
            0.3460152730453604,
            0.19281134164851793
        ],
        [
            -0.026433704293573917,
            -0.1562089766809806,
            0.001106873921909511,
            -0.08777592762353616,
            0.006499747790137815,
            -0.2666610886957814,
            -0.32328404006293177,
            0.038804456109570784,
            -0.31797649164353975,
            0.029707615594967013,
            -0.5717406498072333,
            -0.4580843536074839,
            -0.02435294795447046,
            -0.021793517168952947,
            0.021525995957235644,
            -0.25833186856333357,
            -0.4651346668687877,
            0.07159869662736261,
            0.2472971388848864,
            -0.11524352827891733
        ],
        [
            -0.16085226874451486,
            -0.2140729099620799,
            -0.003670512730787818,
            -0.13876037788607934,
            0.002533844580313232,
            -0.35661561416595106,
            -0.32162515022993743,
            0.051340421030726245,
            -0.1879723505507465,
            0.008037622265035071,
            -0.5395367844843115,
            -0.37204843053589154,
            -0.08596413382454185,
            -0.07335353679689899,
            0.08764554388363022,
            -0.4651346668687877,
            -0.316706029137632,
            0.05917309513643737,
            0.21697213963614342,
            -0.09794290068914105
        ],
        [
            0.0039434204453112544,
            0.020957139970152517,
            -0.007885589960396809,
            0.009088595440322887,
            -0.0005729563959385813,
            0.03327389927312205,
            0.043446830702824665,
            -0.05325521247694723,
            0.050846358947172134,
            -0.003294085708961341,
            0.010461961694129107,
            0.05224853942015134,
            0.29031854233593013,
            -0.23503015315593645,
            0.11093927378616975,
            0.07159869662736261,
            0.05917309513643737,
            1.4679335900894164,
            -0.059107908279204355,
            0.028498526451890598
        ],
        [
            0.08505910741923078,
            0.12076344204752965,
            0.0024776255086291976,
            0.11536194990094195,
            -0.011435870062938579,
            0.23667067850271917,
            0.17493028585566112,
            -0.043349273919768144,
            0.10508969977111526,
            0.0024082885395581566,
            0.0863873496029387,
            0.2112085166545139,
            -0.20732584931363085,
            -0.427403075401076,
            0.3460152730453604,
            0.2472971388848864,
            0.21697213963614342,
            -0.059107908279204355,
            1.2710753059101914,
            0.0969426542761378
        ],
        [
            -0.017370467187070637,
            -0.042230344513715795,
            -0.00013396849878973308,
            -0.02668835987468343,
            -0.005616582376511595,
            -0.07864070614903396,
            -0.07462937315999549,
            0.016641585541677592,
            -0.07636465856389912,
            -0.042342256726063204,
            -0.02844034341854451,
            -0.09053905807139258,
            0.10443944025740973,
            0.3679176977410339,
            0.19281134164851793,
            -0.11524352827891733,
            -0.09794290068914105,
            0.028498526451890598,
            0.0969426542761378,
            1.4412567733367136
        ]
    ]
}