{
    "HF": -2.1629223928916796,
    "coordinates": [
        [
            0.681155,
            -0.059749,
            0.002032
        ],
        [
            1.426899,
            0.188249,
            -0.163169
        ],
        [
            2.223212,
            0.17476,
            -0.07143
        ],
        [
            2.985351,
            -0.048367,
            -0.169904
        ]
    ],
    "elements": [
        "H",
        "H",
        "H",
        "H"
    ],
    "Enn": 2.883918363232454,
    "S": [
        [
            0.9999999999999999,
            0.6848602514927513,
            0.0,
            0.0,
            0.0,
            0.5204422078188353,
            0.5466131043282788,
            0.10679788176556802,
            -0.4821028900514028,
            -0.16032385446878256,
            0.10697208853118009,
            0.29229197861212963,
            0.006666582769407849,
            -0.13993970523052401,
            -0.021281392538605875,
            0.009818351299418729,
            0.10649552369822443,
            0.0008530716442827968,
            -0.011432418286280032,
            -5.6472533124108916e-05
        ],
        [
            0.6848602514927513,
            1.0000000000000002,
            0.0,
            0.0,
            0.0,
            0.5466131043282788,
            0.8689341193474814,
            0.0353405832709986,
            -0.15953310168127058,
            -0.05305291112064163,
            0.29229197861212963,
            0.5879262839295925,
            0.008049274666017712,
            -0.16896409495596731,
            -0.025695289437439046,
            0.10649552369822443,
            0.31253989250525965,
            0.006383997496569733,
            -0.0855549826424135,
            -0.000422614574643802
        ],
        [
            0.0,
            0.0,
            1.0000000000000004,
            0.0,
            0.0,
            -0.10679788176556801,
            -0.0353405832709986,
            0.40225933212493054,
            0.13847017029015507,
            0.04604840976476899,
            -0.0066665827694078455,
            -0.0080492746660177,
            0.04161630054127353,
            0.012413280178408802,
            0.0018877550708945713,
            -0.0008530716442827967,
            -0.006383997496569732,
            0.0009025135074943046,
            0.0010054297436083313,
            4.966505167854652e-06
        ],
        [
            0.0,
            0.0,
            0.0,
            1.0000000000000004,
            0.0,
            0.4821028900514026,
            0.15953310168127052,
            0.13847017029015513,
            -0.19214276887012133,
            -0.20786996017952608,
            0.1399397052305241,
            0.16896409495596715,
            0.012413280178408814,
            -0.21836223816590045,
            -0.039626281905726396,
            0.01143241828628003,
            0.08555498264241343,
            0.0010054297436083313,
            -0.012496704220599326,
            -6.655849468261458e-05
        ],
        [
            0.0,
            0.0,
            0.0,
            0.0,
            1.0000000000000004,
            0.1603238544687825,
            0.053052911120641595,
            0.046048409764769,
            -0.20786996017952603,
            0.36380656041976334,
            0.021281392538605875,
            0.02569528943743902,
            0.0018877550708945722,
            -0.03962628190572637,
            0.03618147202652749,
            5.6472533124108916e-05,
            0.00042261457464380176,
            4.966505167854658e-06,
            -6.655849468261466e-05,
            0.0009772085419490837
        ],
        [
            0.5204422078188353,
            0.5466131043282788,
            -0.10679788176556804,
            0.48210289005140267,
            0.16032385446878256,
            0.9999999999999999,
            0.6848602514927513,
            0.0,
            0.0,
            0.0,
            0.5215285647088305,
            0.5470365838784728,
            -0.0594634986706801,
            -0.5161551468507972,
            0.00874331673082117,
            0.10284058945724649,
            0.28759410696713894,
            0.000582593540765347,
            -0.1348098097687957,
            0.02046784754888398
        ],
        [
            0.5466131043282788,
            0.8689341193474814,
            -0.035340583270998614,
            0.15953310168127058,
            0.053052911120641616,
            0.6848602514927513,
            1.0000000000000002,
            0.0,
            0.0,
            0.0,
            0.5470365838784728,
            0.8693536935203602,
            -0.019641474861942825,
            -0.17049195840087955,
            0.0028880176850929916,
            0.28759410696713894,
            0.5820043181991533,
            0.0007252735675421869,
            -0.16782539597375742,
            0.02548052419562915
        ],
        [
            0.10679788176556801,
            0.03534058327099859,
            0.40225933212493054,
            0.13847017029015513,
            0.04604840976476899,
            0.0,
            0.0,
            1.0000000000000004,
            0.0,
            0.0,
            0.05946349867068008,
            0.019641474861942797,
            0.4246945420277771,
            -0.08234569903086092,
            0.0013948800713127706,
            -0.000582593540765347,
            -0.0007252735675421868,
            0.03973198535607279,
            0.0010828158119799548,
            -0.00016440130730202077
        ],
        [
            -0.48210289005140244,
            -0.15953310168127052,
            0.13847017029015507,
            -0.1921427688701212,
            -0.207869960179526,
            0.0,
            0.0,
            0.0,
            1.0000000000000004,
            0.0,
            0.516155146850797,
            0.17049195840087952,
            -0.08234569903086095,
            -0.2805961018386291,
            0.012107840005093655,
            0.13480980976879564,
            0.1678253959737576,
            0.0010828158119799449,
            -0.21082257313384306,
            0.03804180343985865
        ],
        [
            -0.1603238544687825,
            -0.053052911120641574,
            0.046048409764769,
            -0.2078699601795261,
            0.36380656041976334,
            0.0,
            0.0,
            0.0,
            0.0,
            1.0000000000000004,
            -0.008743316730821168,
            -0.0028880176850929907,
            0.001394880071312764,
            0.012107840005093596,
            0.433976054987585,
            -0.020467847548883984,
            -0.025480524195629135,
            -0.00016440130730201936,
            0.03804180343985867,
            0.033960869788681604
        ],
        [
            0.10697208853118009,
            0.29229197861212963,
            -0.006666582769407849,
            0.13993970523052404,
            0.021281392538605875,
            0.5215285647088305,
            0.5470365838784728,
            0.059463498670680105,
            0.5161551468507974,
            -0.00874331673082117,
            0.9999999999999999,
            0.6848602514927513,
            0.0,
            0.0,
            0.0,
            0.5226950841178393,
            0.5474905541258911,
            0.06400979641839341,
            -0.4954034794211465,
            0.1450363938242264
        ],
        [
            0.29229197861212963,
            0.5879262839295925,
            -0.008049274666017712,
            0.1689640949559672,
            0.02569528943743904,
            0.5470365838784728,
            0.8693536935203602,
            0.019641474861942846,
            0.17049195840087922,
            -0.0028880176850929916,
            0.6848602514927513,
            1.0000000000000002,
            0.0,
            0.0,
            0.0,
            0.5474905541258911,
            0.8698033399730151,
            0.02110212871513573,
            -0.16331981311640492,
            0.04781419129741958
        ],
        [
            0.0066665827694078455,
            0.008049274666017703,
            0.04161630054127353,
            0.012413280178408804,
            0.0018877550708945713,
            -0.05946349867068008,
            -0.019641474861942818,
            0.4246945420277772,
            -0.08234569903086095,
            0.001394880071312764,
            0.0,
            0.0,
            1.0000000000000004,
            0.0,
            0.0,
            -0.06400979641839341,
            -0.02110212871513575,
            0.4245566784652374,
            0.08485883768028712,
            -0.02484362809814143
        ],
        [
            -0.13993970523052407,
            -0.16896409495596723,
            0.012413280178408813,
            -0.2183622381659005,
            -0.03962628190572639,
            -0.5161551468507971,
            -0.17049195840087952,
            -0.08234569903086092,
            -0.2805961018386291,
            0.012107840005093596,
            0.0,
            0.0,
            0.0,
            1.0000000000000004,
            0.0,
            0.4954034794211461,
            0.1633198131164049,
            0.084858837680287,
            -0.2212434551357178,
            0.1922771277198997
        ],
        [
            -0.021281392538605875,
            -0.02569528943743901,
            0.0018877550708945722,
            -0.039626281905726375,
            0.03618147202652749,
            0.008743316730821168,
            0.0028880176850929907,
            0.0013948800713127706,
            0.012107840005093655,
            0.433976054987585,
            0.0,
            0.0,
            0.0,
            0.0,
            1.0000000000000004,
            -0.14503639382422642,
            -0.04781419129741955,
            -0.024843628098141418,
            0.19227712771989985,
            0.3792292126157934
        ],
        [
            0.009818351299418729,
            0.10649552369822443,
            -0.0008530716442827969,
            0.01143241828628003,
            5.6472533124108916e-05,
            0.10284058945724649,
            0.28759410696713894,
            -0.000582593540765347,
            0.13480980976879564,
            -0.02046784754888398,
            0.5226950841178393,
            0.5474905541258911,
            -0.06400979641839341,
            0.4954034794211458,
            -0.1450363938242264,
            0.9999999999999999,
            0.6848602514927513,
            0.0,
            0.0,
            0.0
        ],
        [
            0.10649552369822443,
            0.31253989250525965,
            -0.006383997496569735,
            0.08555498264241347,
            0.000422614574643802,
            0.28759410696713894,
            0.5820043181991533,
            -0.0007252735675421869,
            0.1678253959737576,
            -0.02548052419562916,
            0.5474905541258911,
            0.8698033399730151,
            -0.021102128715135754,
            0.16331981311640492,
            -0.0478141912974196,
            0.6848602514927513,
            1.0000000000000002,
            0.0,
            0.0,
            0.0
        ],
        [
            0.0008530716442827967,
            0.00638399749656973,
            0.0009025135074943046,
            0.0010054297436083313,
            4.966505167854658e-06,
            0.000582593540765347,
            0.0007252735675421868,
            0.03973198535607279,
            0.0010828158119799449,
            -0.0001644013073020193,
            0.06400979641839344,
            0.021102128715135726,
            0.4245566784652374,
            0.08485883768028699,
            -0.02484362809814142,
            0.0,
            0.0,
            1.0000000000000004,
            0.0,
            0.0
        ],
        [
            -0.011432418286280032,
            -0.08555498264241346,
            0.0010054297436083313,
            -0.012496704220599326,
            -6.655849468261466e-05,
            -0.1348098097687957,
            -0.16782539597375776,
            0.0010828158119799548,
            -0.21082257313384312,
            0.03804180343985866,
            -0.4954034794211461,
            -0.1633198131164049,
            0.08485883768028714,
            -0.22124345513571794,
            0.1922771277198999,
            0.0,
            0.0,
            0.0,
            1.0000000000000004,
            0.0
        ],
        [
            -5.6472533124108916e-05,
            -0.00042261457464380176,
            4.966505167854652e-06,
            -6.655849468261458e-05,
            0.0009772085419490837,
            0.020467847548883984,
            0.02548052419562914,
            -0.0001644013073020208,
            0.038041803439858655,
            0.033960869788681604,
            0.14503639382422642,
            0.047814191297419546,
            -0.024843628098141425,
            0.19227712771989963,
            0.3792292126157934,
            0.0,
            0.0,
            0.0,
            0.0,
            1.0000000000000004
        ]
    ],
    "h": [
        [
            -0.24577939136759164,
            -0.45764976233024446,
            0.053369833488701134,
            -0.2507205844473137,
            -0.08286421864486537,
            -0.5576244717339132,
            -0.45072662331651125,
            -0.01459533016149675,
            0.028383573783628657,
            0.012474716136548936,
            -0.22702352322480235,
            -0.29947579968200155,
            0.006642827447800632,
            0.2941877584352489,
            0.0127470285863885,
            -0.0039533851751251264,
            -0.12313056233318148,
            -0.0023930117805330553,
            0.05424714249473355,
            -0.004132506759253205
        ],
        [
            -0.45764976233024446,
            -0.3101183228080131,
            0.04517132879415564,
            -0.21968580518600467,
            -0.07094241068977628,
            -0.5259148461253011,
            -0.3651353948285121,
            -0.05313001369124371,
            0.09333762005304835,
            0.06265008952269746,
            -0.3186019585172183,
            -0.3044540051288548,
            0.02024567112989073,
            0.18340464346886656,
            0.010863280898447014,
            -0.12354936043326728,
            -0.18515558764783713,
            -0.008908699825037015,
            0.1053959757844009,
            -0.02145406072275932
        ],
        [
            0.053369833488701134,
            0.04517132879415564,
            1.4754640475071827,
            0.047531001691750244,
            0.015781785119894788,
            0.010050252047554137,
            0.04062615216062149,
            0.30412935951467435,
            0.19084895697945703,
            0.06228820008982554,
            0.027018748767078708,
            0.032256128189033645,
            -0.04593001281890327,
            -0.03717648426109336,
            -0.0013871150780036174,
            0.0035596350621146964,
            0.015083695396604948,
            -0.0029009897490883613,
            -0.007036526839223986,
            0.0005771901479014178
        ],
        [
            -0.2507205844473137,
            -0.21968580518600467,
            0.047531001691750244,
            1.2569949472674338,
            -0.073513145358693,
            -0.07778599854485779,
            -0.21036282846970883,
            0.1777074612559853,
            -0.5364170068593113,
            -0.27610618570277656,
            -0.22038202426437137,
            -0.16926816419294827,
            0.012386439042301984,
            0.18468175018079525,
            0.01182029858453404,
            -0.054461089555349035,
            -0.10402209048686215,
            -0.005260882842261587,
            0.07192863371762508,
            -0.006021612876315666
        ],
        [
            -0.08286421864486537,
            -0.07094241068977628,
            0.015781785119894788,
            -0.073513145358693,
            1.461767467028236,
            -0.01983007087862898,
            -0.06494161412175059,
            0.06033398293005067,
            -0.2871795525754905,
            0.2521555505770756,
            -0.04999232672762895,
            -0.05117063438837077,
            0.0032361348717940743,
            0.063226725373269,
            -0.041406958443558614,
            -0.004422779524232084,
            -0.02328403697179684,
            -0.000364925541063504,
            0.0068817701270415315,
            -0.004242231957979113
        ],
        [
            -0.5576244717339132,
            -0.5259148461253011,
            0.010050252047554137,
            -0.07778599854485779,
            -0.01983007087862898,
            -0.4166966991998593,
            -0.5873231439335829,
            -0.07656269332862578,
            0.024469604240360474,
            0.08080364999095618,
            -0.5029599700667022,
            -0.4977972703223703,
            0.006060139916488169,
            0.06021990971088775,
            0.01830871611223659,
            -0.22237959581320016,
            -0.3151599611039736,
            -0.013174640759178093,
            0.22084663097863938,
            -0.046411497626956476
        ],
        [
            -0.45072662331651125,
            -0.3651353948285121,
            0.04062615216062149,
            -0.21036282846970883,
            -0.06494161412175059,
            -0.5873231439335829,
            -0.4313538627323794,
            -0.0631274897993914,
            -0.007622360203786149,
            0.06756298026924952,
            -0.4976710737204726,
            -0.40639266390085305,
            0.03269245225299988,
            0.12666383171270879,
            0.03182200001589747,
            -0.2965039185982171,
            -0.30221449689846536,
            -0.01842128031897809,
            0.17154262395194175,
            -0.04639983272591823
        ],
        [
            -0.01459533016149675,
            -0.05313001369124371,
            0.30412935951467435,
            0.1777074612559853,
            0.06033398293005067,
            -0.07656269332862578,
            -0.0631274897993914,
            1.3981337779349443,
            0.022463805887670798,
            0.016106866325515744,
            -0.011883029986238317,
            -0.043274652026487656,
            0.325233245596075,
            -0.09536680366126615,
            0.0033204212622547366,
            -0.010713962016326094,
            -0.024071760556058155,
            -0.04489815356672082,
            0.01645873816273432,
            -0.0037987890251791967
        ],
        [
            0.028383573783628657,
            0.09333762005304835,
            0.19084895697945703,
            -0.5364170068593113,
            -0.2871795525754905,
            0.024469604240360474,
            -0.007622360203786149,
            0.022463805887670798,
            0.9156456837697293,
            -0.0656449019057556,
            -0.05747637764710323,
            -0.12614560402922514,
            -0.1011529736350063,
            -0.7696743194522377,
            0.0340025775603147,
            -0.2917931449198997,
            -0.18285544434137652,
            -0.019843946775478575,
            0.1968702475527183,
            -0.05924457829530992
        ],
        [
            0.012474716136548936,
            0.06265008952269746,
            0.06228820008982554,
            -0.27610618570277656,
            0.2521555505770756,
            0.08080364999095618,
            0.06756298026924952,
            0.016106866325515744,
            -0.0656449019057556,
            1.3883171313898979,
            0.02080760433019844,
            0.04142851202491563,
            0.0010352165022086933,
            -0.003808766557166457,
            0.33492317004043626,
            0.016529536822111404,
            0.016999260972556066,
            0.0010777909035528132,
            -0.018172351969454797,
            -0.0398100638263211
        ],
        [
            -0.22702352322480235,
            -0.3186019585172183,
            0.027018748767078708,
            -0.22038202426437137,
            -0.04999232672762895,
            -0.5029599700667022,
            -0.4976710737204726,
            -0.011883029986238317,
            -0.05747637764710323,
            0.02080760433019844,
            -0.41786757798629415,
            -0.588667925864472,
            0.05595606141917299,
            -0.03006486821800322,
            0.06645996982957242,
            -0.5571553543198853,
            -0.5256547339520456,
            -0.0043656772003244915,
            0.07566731509757851,
            -0.017893039265287763
        ],
        [
            -0.29947579968200155,
            -0.3044540051288548,
            0.032256128189033645,
            -0.16926816419294827,
            -0.05117063438837077,
            -0.4977972703223703,
            -0.40639266390085305,
            -0.043274652026487656,
            -0.12614560402922514,
            0.04142851202491563,
            -0.588667925864472,
            -0.43281607584039516,
            0.04583684087056165,
            0.004035758710526527,
            0.055535119779298696,
            -0.4499865566055209,
            -0.3639776322786935,
            -0.02318479602561568,
            0.21409169719352178,
            -0.05916998629841119
        ],
        [
            0.006642827447800632,
            0.02024567112989073,
            -0.04593001281890327,
            0.012386439042301984,
            0.0032361348717940743,
            0.006060139916488169,
            0.03269245225299988,
            0.325233245596075,
            -0.1011529736350063,
            0.0010352165022086933,
            0.05595606141917299,
            0.04583684087056165,
            1.4054119957738334,
            0.004861673561185196,
            -0.008065424031923445,
            0.011101404574566792,
            0.036727757633169614,
            0.33498939214393164,
            0.10695313066943016,
            -0.03205683559190446
        ],
        [
            0.2941877584352489,
            0.18340464346886656,
            -0.03717648426109336,
            0.18468175018079525,
            0.063226725373269,
            0.06021990971088775,
            0.12666383171270879,
            -0.09536680366126615,
            -0.7696743194522377,
            -0.003808766557166457,
            -0.03006486821800322,
            0.004035758710526527,
            0.004861673561185196,
            0.9007368934222575,
            0.06830281939461312,
            -0.02944664801751229,
            -0.09962559310112523,
            0.11706929218288564,
            -0.5767898216193312,
            0.26644212171335657
        ],
        [
            0.0127470285863885,
            0.010863280898447014,
            -0.0013871150780036174,
            0.01182029858453404,
            -0.041406958443558614,
            0.01830871611223659,
            0.03182200001589747,
            0.0033204212622547366,
            0.0340025775603147,
            0.33492317004043626,
            0.06645996982957242,
            0.055535119779298696,
            -0.008065424031923445,
            0.06830281939461312,
            1.3931520280418959,
            0.00921359990185222,
            0.053413554479585804,
            -0.03402684272493121,
            0.2584866320475337,
            0.27352611778059
        ],
        [
            -0.0039533851751251264,
            -0.12354936043326728,
            0.0035596350621146964,
            -0.054461089555349035,
            -0.004422779524232084,
            -0.22237959581320016,
            -0.2965039185982171,
            -0.010713962016326094,
            -0.2917931449198997,
            0.016529536822111404,
            -0.5571553543198853,
            -0.4499865566055209,
            0.011101404574566792,
            -0.02944664801751229,
            0.00921359990185222,
            -0.24579637035871849,
            -0.45745585795256427,
            -0.03132850507602451,
            0.25747060038264324,
            -0.07544799552476367
        ],
        [
            -0.12313056233318148,
            -0.18515558764783713,
            0.015083695396604948,
            -0.10402209048686215,
            -0.02328403697179684,
            -0.3151599611039736,
            -0.30221449689846536,
            -0.024071760556058155,
            -0.18285544434137652,
            0.016999260972556066,
            -0.5256547339520456,
            -0.3639776322786935,
            0.036727757633169614,
            -0.09962559310112523,
            0.053413554479585804,
            -0.45745585795256427,
            -0.30890884688515086,
            -0.026212685974562017,
            0.2245688466624291,
            -0.06455423783335336
        ],
        [
            -0.0023930117805330553,
            -0.008908699825037015,
            -0.0029009897490883613,
            -0.005260882842261587,
            -0.000364925541063504,
            -0.013174640759178093,
            -0.01842128031897809,
            -0.04489815356672082,
            -0.019843946775478575,
            0.0010777909035528132,
            -0.0043656772003244915,
            -0.02318479602561568,
            0.33498939214393164,
            0.11706929218288564,
            -0.03402684272493121,
            -0.03132850507602451,
            -0.026212685974562017,
            1.484014007071387,
            0.028674623376480454,
            -0.008455792424070121
        ],
        [
            0.05424714249473355,
            0.1053959757844009,
            -0.007036526839223986,
            0.07192863371762508,
            0.0068817701270415315,
            0.22084663097863938,
            0.17154262395194175,
            0.01645873816273432,
            0.1968702475527183,
            -0.018172351969454797,
            0.07566731509757851,
            0.21409169719352178,
            0.10695313066943016,
            -0.5767898216193312,
            0.2584866320475337,
            0.25747060038264324,
            0.2245688466624291,
            0.028674623376480454,
            1.2476331526400295,
            0.06855518091657282
        ],
        [
            -0.004132506759253205,
            -0.02145406072275932,
            0.0005771901479014178,
            -0.006021612876315666,
            -0.004242231957979113,
            -0.046411497626956476,
            -0.04639983272591823,
            -0.0037987890251791967,
            -0.05924457829530992,
            -0.0398100638263211,
            -0.017893039265287763,
            -0.05916998629841119,
            -0.03205683559190446,
            0.26644212171335657,
            0.27352611778059,
            -0.07544799552476367,
            -0.06455423783335336,
            -0.008455792424070121,
            0.06855518091657282,
            1.46787000075174
        ]
    ]
}