{
    "HF": -2.1169492889186214,
    "coordinates": [
        [
            0.686725,
            -0.167696,
            -0.107883
        ],
        [
            1.444592,
            0.008795,
            -0.018469
        ],
        [
            2.099227,
            -0.055098,
            0.189314
        ],
        [
            2.782815,
            0.186888,
            0.105341
        ]
    ],
    "elements": [
        "H",
        "H",
        "H",
        "H"
    ],
    "Enn": 3.1711847838869005,
    "S": [
        [
            0.9999999999999999,
            0.6848602514927513,
            0.0,
            0.0,
            0.0,
            0.5360915450203777,
            0.5526485042997722,
            -0.060012573820899015,
            -0.5086625056917627,
            -0.1184566082070401,
            0.1432115076719382,
            0.3293352787504179,
            -0.03849542409839446,
            -0.18295899194753096,
            -0.014584628252071921,
            0.01838619812664597,
            0.1393894416723457,
            -0.002277197087654618,
            -0.02238589484983851,
            -0.003786898529850885
        ],
        [
            0.6848602514927513,
            1.0000000000000002,
            0.0,
            0.0,
            0.0,
            0.5526485042997722,
            0.8749022417583778,
            -0.019353413859250643,
            -0.164038223334922,
            -0.03820099050968533,
            0.3293352787504179,
            0.6334220818899488,
            -0.03699780294426725,
            -0.17584117825679035,
            -0.014017229702583137,
            0.1393894416723457,
            0.36995633522391763,
            -0.010568214131080294,
            -0.1038904061363453,
            -0.017574567775930357
        ],
        [
            0.0,
            0.0,
            1.0000000000000004,
            0.0,
            0.0,
            0.06001257382089899,
            0.019353413859250632,
            0.4415977103414727,
            -0.07933531479858136,
            -0.018475496418390587,
            0.038495424098394446,
            0.0369978029442672,
            0.050718551880784744,
            -0.0717219620141368,
            -0.0057173366684562426,
            0.0022771970876546204,
            0.0105682141310803,
            0.002355340948038429,
            -0.0030987013450633795,
            -0.0005241902388437297
        ],
        [
            0.0,
            0.0,
            0.0,
            1.0000000000000004,
            0.0,
            0.5086625056917626,
            0.1640382233349218,
            -0.07933531479858136,
            -0.2214829678610273,
            -0.15659705464598853,
            0.18295899194753093,
            0.17584117825679033,
            -0.07172196201413689,
            -0.2750671168016691,
            -0.027173051810306915,
            0.02238589484983854,
            0.10389040613634531,
            -0.0030987013450633786,
            -0.027791104354552232,
            -0.005153031167870188
        ],
        [
            0.0,
            0.0,
            0.0,
            0.0,
            1.0000000000000004,
            0.1184566082070401,
            0.03820099050968533,
            -0.01847549641839059,
            -0.15659705464598858,
            0.41448967828027355,
            0.014584628252071921,
            0.014017229702583121,
            -0.005717336668456245,
            -0.027173051810306898,
            0.06364307917842997,
            0.003786898529850889,
            0.017574567775930364,
            -0.0005241902388437297,
            -0.00515303116787019,
            0.0017988453261766346
        ],
        [
            0.5360915450203777,
            0.5526485042997722,
            0.060012573820899015,
            0.5086625056917626,
            0.1184566082070401,
            0.9999999999999999,
            0.6848602514927513,
            0.0,
            0.0,
            0.0,
            0.6114542210937199,
            0.5798967542362992,
            -0.16467336914210054,
            -0.5188150667202753,
            0.05063684504794055,
            0.1789028746805075,
            0.36038741369235877,
            -0.021065228484580235,
            -0.2276873698273193,
            -0.030301023637059592
        ],
        [
            0.5526485042997722,
            0.8749022417583778,
            0.019353413859250657,
            0.1640382233349218,
            0.03820099050968533,
            0.6848602514927513,
            1.0000000000000002,
            0.0,
            0.0,
            0.0,
            0.5798967542362992,
            0.9015439000376233,
            -0.047344850741262955,
            -0.14916329230498468,
            0.014558479511853769,
            0.36038741369235877,
            0.6700814586796405,
            -0.016972025223753347,
            -0.18344523472261445,
            -0.02441320481523224
        ],
        [
            -0.06001257382089899,
            -0.019353413859250632,
            0.4415977103414727,
            -0.07933531479858133,
            -0.018475496418390587,
            0.0,
            0.0,
            1.0000000000000004,
            0.0,
            0.0,
            0.16467336914210054,
            0.04734485074126295,
            0.47878096780423823,
            -0.19041776081231054,
            0.018584954962049025,
            0.021065228484580235,
            0.016972025223753337,
            0.08835982811494145,
            -0.03958292493103159,
            -0.005267763182774628
        ],
        [
            -0.5086625056917624,
            -0.164038223334922,
            -0.07933531479858137,
            -0.22148296786102745,
            -0.15659705464598858,
            0.0,
            0.0,
            0.0,
            1.0000000000000004,
            0.0,
            0.518815066720275,
            0.14916329230498465,
            -0.19041776081231054,
            -0.060704485372954996,
            0.058553211723677855,
            0.22768736982731935,
            0.183445234722614,
            -0.039582924931031604,
            -0.33581730471264754,
            -0.056937580564915685
        ],
        [
            -0.1184566082070401,
            -0.03820099050968532,
            -0.01847549641839059,
            -0.15659705464598853,
            0.41448967828027355,
            0.0,
            0.0,
            0.0,
            0.0,
            1.0000000000000004,
            -0.05063684504794055,
            -0.014558479511853779,
            0.018584954962049028,
            0.058553211723677875,
            0.5335052542206434,
            0.03030102363705959,
            0.02441320481523223,
            -0.0052677631827746305,
            -0.056937580564915685,
            0.08444461921490275
        ],
        [
            0.1432115076719382,
            0.3293352787504179,
            0.03849542409839446,
            0.18295899194753093,
            0.014584628252071921,
            0.6114542210937199,
            0.5798967542362992,
            0.16467336914210054,
            0.5188150667202753,
            -0.05063684504794055,
            0.9999999999999999,
            0.6848602514927513,
            0.0,
            0.0,
            0.0,
            0.5787885132129829,
            0.5684383881891999,
            0.0620959798694245,
            -0.5054966082786148,
            -0.17894272902817046
        ],
        [
            0.3293352787504179,
            0.6334220818899488,
            0.03699780294426725,
            0.17584117825679027,
            0.014017229702583124,
            0.5798967542362992,
            0.9015439000376233,
            0.04734485074126294,
            0.14916329230498468,
            -0.014558479511853776,
            0.6848602514927513,
            1.0000000000000002,
            0.0,
            0.0,
            0.0,
            0.5684383881891999,
            0.8903999653956634,
            0.018730585950648457,
            -0.15247762719959823,
            -0.0539761539048696
        ],
        [
            -0.038495424098394446,
            -0.036997802944267195,
            0.050718551880784744,
            -0.07172196201413682,
            -0.0057173366684562426,
            -0.16467336914210054,
            -0.04734485074126295,
            0.47878096780423823,
            -0.19041776081231054,
            0.018584954962049025,
            0.0,
            0.0,
            1.0000000000000004,
            0.0,
            0.0,
            -0.062095979869424514,
            -0.018730585950648457,
            0.49153312438054797,
            0.07461793634598819,
            0.026414296249524995
        ],
        [
            -0.18295899194753096,
            -0.17584117825679033,
            -0.07172196201413689,
            -0.2750671168016691,
            -0.027173051810306915,
            -0.518815066720275,
            -0.14916329230498465,
            -0.19041776081231054,
            -0.060704485372954996,
            0.058553211723677855,
            0.0,
            0.0,
            0.0,
            1.0000000000000004,
            0.0,
            0.5054966082786148,
            0.15247762719959823,
            0.07461793634598807,
            -0.10673315259195344,
            -0.21502740100532639
        ],
        [
            -0.014584628252071921,
            -0.014017229702583133,
            -0.005717336668456245,
            -0.027173051810306905,
            0.06364307917842997,
            0.05063684504794055,
            0.014558479511853779,
            0.018584954962049028,
            0.058553211723677875,
            0.5335052542206434,
            0.0,
            0.0,
            0.0,
            0.0,
            1.0000000000000004,
            0.17894272902817046,
            0.0539761539048696,
            0.02641429624952499,
            -0.21502740100532666,
            0.42458091238897805
        ],
        [
            0.01838619812664597,
            0.1393894416723457,
            0.002277197087654618,
            0.022385894849838512,
            0.003786898529850885,
            0.1789028746805075,
            0.36038741369235877,
            0.021065228484580235,
            0.2276873698273193,
            0.030301023637059592,
            0.5787885132129829,
            0.5684383881891999,
            -0.06209597986942452,
            0.5054966082786148,
            0.17894272902817046,
            0.9999999999999999,
            0.6848602514927513,
            0.0,
            0.0,
            0.0
        ],
        [
            0.1393894416723457,
            0.36995633522391763,
            0.010568214131080294,
            0.10389040613634526,
            0.017574567775930357,
            0.36038741369235877,
            0.6700814586796405,
            0.016972025223753354,
            0.18344523472261423,
            0.024413204815232244,
            0.5684383881891999,
            0.8903999653956634,
            -0.018730585950648457,
            0.15247762719959823,
            0.0539761539048696,
            0.6848602514927513,
            1.0000000000000002,
            0.0,
            0.0,
            0.0
        ],
        [
            -0.0022771970876546204,
            -0.010568214131080295,
            0.002355340948038429,
            -0.003098701345063379,
            -0.0005241902388437297,
            -0.021065228484580235,
            -0.016972025223753334,
            0.08835982811494145,
            -0.03958292493103159,
            -0.005267763182774628,
            0.0620959798694245,
            0.018730585950648457,
            0.49153312438054797,
            0.07461793634598807,
            0.026414296249524988,
            0.0,
            0.0,
            1.0000000000000004,
            0.0,
            0.0
        ],
        [
            -0.022385894849838536,
            -0.10389040613634531,
            -0.003098701345063379,
            -0.027791104354552232,
            -0.005153031167870189,
            -0.22768736982731935,
            -0.183445234722614,
            -0.039582924931031604,
            -0.33581730471264754,
            -0.056937580564915685,
            -0.5054966082786148,
            -0.15247762719959823,
            0.0746179363459882,
            -0.10673315259195344,
            -0.21502740100532666,
            0.0,
            0.0,
            0.0,
            1.0000000000000004,
            0.0
        ],
        [
            -0.003786898529850889,
            -0.01757456777593036,
            -0.0005241902388437297,
            -0.00515303116787019,
            0.0017988453261766346,
            -0.03030102363705959,
            -0.02441320481523224,
            -0.0052677631827746305,
            -0.056937580564915685,
            0.08444461921490275,
            -0.17894272902817046,
            -0.0539761539048696,
            0.026414296249524998,
            -0.21502740100532639,
            0.42458091238897805,
            0.0,
            0.0,
            0.0,
            0.0,
            1.0000000000000004
        ]
    ],
    "h": [
        [
            -0.25817530148205514,
            -0.464114845919398,
            -0.03531570815459578,
            -0.2749444675015972,
            -0.060408397126509486,
            -0.5714941953362817,
            -0.45308219293521623,
            -0.007289130758489609,
            0.02705120742472822,
            0.019553337179133295,
            -0.28036103644633337,
            -0.3245678141223767,
            0.07828503538372032,
            0.331441056831309,
            0.005734201117681647,
            -0.027557058390353273,
            -0.15867860171129292,
            0.007665288815481964,
            0.09473691291385763,
            0.015901967381434505
        ],
        [
            -0.464114845919398,
            -0.31353948970972945,
            -0.03178509618017504,
            -0.2390043514736274,
            -0.05065812194187572,
            -0.5489856165729333,
            -0.3698988789969224,
            -0.012576971603328716,
            0.08870942303898918,
            0.05838246334982978,
            -0.37054965419391045,
            -0.32180829385487186,
            0.07225107798368034,
            0.202790624810104,
            -0.024090244058424352,
            -0.1616609571189418,
            -0.21612428505805492,
            -0.0021478494199906675,
            0.14195632618673226,
            0.035432825243777014
        ],
        [
            -0.03531570815459578,
            -0.03178509618017504,
            1.4863866284833342,
            -0.03406961940932664,
            -0.006937302784423338,
            -0.01757823659333392,
            -0.0323383763626211,
            0.3539136437190946,
            -0.11682404349354358,
            -0.022962615884615366,
            -0.043553688833890616,
            -0.026549506996316904,
            -0.039047491988291314,
            0.021962966446617993,
            -0.003135404555319816,
            -0.013159641684860897,
            -0.019293039252152575,
            -0.007236530548397197,
            0.016672830605186865,
            0.0033755451505322904
        ],
        [
            -0.2749444675015972,
            -0.2390043514736274,
            -0.03406961940932664,
            1.2271434583198215,
            -0.05700439229179252,
            -0.09365792879145052,
            -0.2315304799593817,
            -0.12900518845497255,
            -0.6029508855725406,
            -0.2034196740712862,
            -0.26687733078498144,
            -0.19540584767726055,
            0.05930694108432005,
            0.13900225038117509,
            -0.017354031700992895,
            -0.09128813135314383,
            -0.13386102371818442,
            0.008371710903759981,
            0.12477495640513905,
            0.025376292269943798
        ],
        [
            -0.060408397126509486,
            -0.05065812194187572,
            -0.006937302784423338,
            -0.05700439229179252,
            1.4780859526797878,
            -0.011758665696178117,
            -0.046236125645336225,
            -0.02803440209443099,
            -0.22220262596198503,
            0.3213438696613016,
            -0.04156795320428,
            -0.0398274058004171,
            0.012643117678126533,
            0.04416463763362913,
            -0.04888306194481236,
            -0.013135141839631399,
            -0.02393195988686542,
            0.0016141459414783731,
            0.02197257691005329,
            -0.004091750699350963
        ],
        [
            -0.5714941953362817,
            -0.5489856165729333,
            -0.01757823659333392,
            -0.09365792879145052,
            -0.011758665696178117,
            -0.4951326926896906,
            -0.6270821436531533,
            -0.0545333238572981,
            -0.026348423777769733,
            0.0811209241448044,
            -0.6081622330296503,
            -0.5599413466305945,
            0.029964297131613193,
            0.0352292452956382,
            -0.017721857106930278,
            -0.3291571567662434,
            -0.39551985810708745,
            -0.0036868527284171365,
            0.2892767517975529,
            0.07003756070533303
        ],
        [
            -0.45308219293521623,
            -0.3698988789969224,
            -0.0323383763626211,
            -0.2315304799593817,
            -0.046236125645336225,
            -0.6270821436531533,
            -0.4472726666427689,
            -0.044328593655066195,
            -0.0396011651272233,
            0.06109433451786708,
            -0.5665601585129767,
            -0.4291933593690125,
            0.09077386267222633,
            0.13380880579748095,
            -0.059315971027466406,
            -0.35678512940999607,
            -0.3362854786128633,
            -0.015564859629988805,
            0.21683749288726795,
            0.06534433363812511
        ],
        [
            -0.007289130758489609,
            -0.012576971603328716,
            0.3539136437190946,
            -0.12900518845497255,
            -0.02803440209443099,
            -0.0545333238572981,
            -0.044328593655066195,
            1.3551549589281884,
            -0.12320355968289481,
            -0.00025395397393384895,
            -0.011051401910435021,
            -0.057787433856953396,
            0.39647520957421434,
            -0.3036398787955928,
            0.019603685502253852,
            -0.072695014600192,
            -0.06079462828597001,
            -0.04778869301766206,
            0.05397044099868985,
            0.01821800648432188
        ],
        [
            0.02705120742472822,
            0.08870942303898918,
            -0.11682404349354358,
            -0.6029508855725406,
            -0.22220262596198503,
            -0.026348423777769733,
            -0.0396011651272233,
            -0.12320355968289481,
            0.7844460714148775,
            -0.04357778601432759,
            -0.07546844568555866,
            -0.1578637785783988,
            -0.2785044975206215,
            -0.5902394497295412,
            0.03655400717112221,
            -0.35948981231696375,
            -0.2170386533499321,
            -0.03760563838337353,
            0.0626543804150621,
            0.06181251730523615
        ],
        [
            0.019553337179133295,
            0.05838246334982978,
            -0.022962615884615366,
            -0.2034196740712862,
            0.3213438696613016,
            0.0811209241448044,
            0.06109433451786708,
            -0.00025395397393384895,
            -0.04357778601432759,
            1.368941345427642,
            -3.67760004210127e-05,
            0.03730102092998838,
            0.023202155292317943,
            0.05316826933709906,
            0.4707123490898628,
            -0.010335946605513867,
            0.01707675813174695,
            -0.0028441261771813275,
            -0.03238078116915262,
            -0.04648129126470568
        ],
        [
            -0.28036103644633337,
            -0.37054965419391045,
            -0.043553688833890616,
            -0.26687733078498144,
            -0.04156795320428,
            -0.6081622330296503,
            -0.5665601585129767,
            -0.011051401910435021,
            -0.07546844568555866,
            -3.67760004210127e-05,
            -0.5293706566428555,
            -0.6359422572073445,
            0.11624198700464475,
            -0.007046294247856827,
            -0.1207791414823013,
            -0.6190847305647441,
            -0.5729928415848531,
            0.0033787186333241598,
            0.10848331560277247,
            0.020778414778073906
        ],
        [
            -0.3245678141223767,
            -0.32180829385487186,
            -0.026549506996316904,
            -0.19540584767726055,
            -0.0398274058004171,
            -0.5599413466305945,
            -0.4291933593690125,
            -0.057787433856953396,
            -0.1578637785783988,
            0.03730102092998838,
            -0.6359422572073445,
            -0.4429318133008435,
            0.09383973190893294,
            0.021703906112914673,
            -0.08997892688237796,
            -0.4801270050548858,
            -0.3780970241864652,
            -0.018249855319622223,
            0.2535818164688529,
            0.07616079995705635
        ],
        [
            0.07828503538372032,
            0.07225107798368034,
            -0.039047491988291314,
            0.05930694108432005,
            0.012643117678126533,
            0.029964297131613193,
            0.09077386267222633,
            0.39647520957421434,
            -0.2785044975206215,
            0.023202155292317943,
            0.11624198700464475,
            0.09383973190893294,
            1.3412818393545438,
            -0.0633874810838366,
            0.017672466827947146,
            0.019590760935586565,
            0.06434210461067068,
            0.42168690941373854,
            0.07410080518053935,
            0.03192004608663822
        ],
        [
            0.331441056831309,
            0.202790624810104,
            0.021962966446617993,
            0.13900225038117509,
            0.04416463763362913,
            0.0352292452956382,
            0.13380880579748095,
            -0.3036398787955928,
            -0.5902394497295412,
            0.05316826933709906,
            -0.007046294247856827,
            0.021703906112914673,
            -0.0633874810838366,
            0.7880454064364617,
            -0.07192392922040118,
            -0.004216812738521369,
            -0.08400839872899599,
            0.10278263534416499,
            -0.4870209410843667,
            -0.31657582519033856
        ],
        [
            0.005734201117681647,
            -0.024090244058424352,
            -0.003135404555319816,
            -0.017354031700992895,
            -0.04888306194481236,
            -0.017721857106930278,
            -0.059315971027466406,
            0.019603685502253852,
            0.03655400717112221,
            0.4707123490898628,
            -0.1207791414823013,
            -0.08997892688237796,
            0.017672466827947146,
            -0.07192392922040118,
            1.3381744115534948,
            -0.02295765296313801,
            -0.0855521793057923,
            0.038339004552882416,
            -0.28634488025689403,
            0.33160249152184573
        ],
        [
            -0.027557058390353273,
            -0.1616609571189418,
            -0.013159641684860897,
            -0.09128813135314383,
            -0.013135141839631399,
            -0.3291571567662434,
            -0.35678512940999607,
            -0.072695014600192,
            -0.35948981231696375,
            -0.010335946605513867,
            -0.6190847305647441,
            -0.4801270050548858,
            0.019590760935586565,
            -0.004216812738521369,
            -0.02295765296313801,
            -0.30498591278970943,
            -0.4850698038732669,
            -0.031701125873336254,
            0.3013816781408848,
            0.10051271538807915
        ],
        [
            -0.15867860171129292,
            -0.21612428505805492,
            -0.019293039252152575,
            -0.13386102371818442,
            -0.02393195988686542,
            -0.39551985810708745,
            -0.3362854786128633,
            -0.06079462828597001,
            -0.2170386533499321,
            0.01707675813174695,
            -0.5729928415848531,
            -0.3780970241864652,
            0.06434210461067068,
            -0.08400839872899599,
            -0.0855521793057923,
            -0.4850698038732669,
            -0.3242468998921628,
            -0.023146847554449245,
            0.2542948546234345,
            0.08117131656630619
        ],
        [
            0.007665288815481964,
            -0.0021478494199906675,
            -0.007236530548397197,
            0.008371710903759981,
            0.0016141459414783731,
            -0.0036868527284171365,
            -0.015564859629988805,
            -0.04778869301766206,
            -0.03760563838337353,
            -0.0028441261771813275,
            0.0033787186333241598,
            -0.018249855319622223,
            0.42168690941373854,
            0.10278263534416499,
            0.038339004552882416,
            -0.031701125873336254,
            -0.023146847554449245,
            1.4614575582247353,
            0.026582356278753556,
            0.010265279170687317
        ],
        [
            0.09473691291385763,
            0.14195632618673226,
            0.016672830605186865,
            0.12477495640513905,
            0.02197257691005329,
            0.2892767517975529,
            0.21683749288726795,
            0.05397044099868985,
            0.0626543804150621,
            -0.03238078116915262,
            0.10848331560277247,
            0.2535818164688529,
            0.07410080518053935,
            -0.4870209410843667,
            -0.28634488025689403,
            0.3013816781408848,
            0.2542948546234345,
            0.026582356278753556,
            1.179234158671575,
            -0.09231854298320918
        ],
        [
            0.015901967381434505,
            0.035432825243777014,
            0.0033755451505322904,
            0.025376292269943798,
            -0.004091750699350963,
            0.07003756070533303,
            0.06534433363812511,
            0.01821800648432188,
            0.06181251730523615,
            -0.04648129126470568,
            0.020778414778073906,
            0.07616079995705635,
            0.03192004608663822,
            -0.31657582519033856,
            0.33160249152184573,
            0.10051271538807915,
            0.08117131656630619,
            0.010265279170687317,
            -0.09231854298320918,
            1.4340474767058322
        ]
    ]
}