{
    "HF": -2.1742305035525873,
    "coordinates": [
        [
            0.744807,
            -0.093916,
            0.109338
        ],
        [
            1.542403,
            -0.025223,
            -0.044626
        ],
        [
            2.378924,
            0.177963,
            -0.118122
        ],
        [
            3.03482,
            0.067639,
            0.033319
        ]
    ],
    "elements": [
        "H",
        "H",
        "H",
        "H"
    ],
    "Enn": 2.937646415604385,
    "S": [
        [
            0.9999999999999999,
            0.6848602514927513,
            0.0,
            0.0,
            0.0,
            0.5109197437489196,
            0.5428716499425063,
            0.0972333374349499,
            -0.5037081460910753,
            -0.04338189218530964,
            0.07910399955035535,
            0.2580306234435833,
            0.014304181388403565,
            -0.10276402874296084,
            -0.017097540366208443,
            0.010330581338479451,
            0.10885186371320804,
            0.0004014038959643636,
            -0.012091978847512338,
            -0.0008530605034599611
        ],
        [
            0.6848602514927513,
            1.0000000000000002,
            0.0,
            0.0,
            0.0,
            0.5428716499425063,
            0.8652217798633832,
            0.03269608849199868,
            -0.1693790067604388,
            -0.014587776407347604,
            0.2580306234435833,
            0.5438589446180137,
            0.021809733968222007,
            -0.15668538223401496,
            -0.026068797421727935,
            0.10885186371320807,
            0.31685672011515414,
            0.002889687055143632,
            -0.087049565532441,
            -0.006141140927843435
        ],
        [
            0.0,
            0.0,
            1.0000000000000004,
            0.0,
            0.0,
            -0.09723333743494991,
            -0.032696088491998704,
            0.39605574355454387,
            0.1345475212463459,
            0.011587912774105235,
            -0.014304181388403569,
            -0.021809733968222025,
            0.022967595260705402,
            0.02560228381748277,
            0.004259623589995941,
            -0.000401403895964364,
            -0.0028896870551436333,
            0.0010448859870678998,
            0.00047943111567005876,
            3.382273109020619e-05
        ],
        [
            0.0,
            0.0,
            0.0,
            1.0000000000000004,
            0.0,
            0.5037081460910752,
            0.16937900676043877,
            0.1345475212463459,
            -0.274982626882666,
            -0.06003009065090046,
            0.10276402874296085,
            0.156685382234015,
            0.025602283817482755,
            -0.15740050917840892,
            -0.030601966596383513,
            0.012091978847512343,
            0.08704956553244102,
            0.00047943111567005887,
            -0.01338168677208378,
            -0.0010188833566881484
        ],
        [
            0.0,
            0.0,
            0.0,
            0.0,
            1.0000000000000004,
            0.043381892185309634,
            0.014587776407347607,
            0.011587912774105232,
            -0.06003009065090044,
            0.41685803888211587,
            0.01709754036620845,
            0.026068797421727928,
            0.004259623589995941,
            -0.03060196659638353,
            0.021439836477745843,
            0.0008530605034599614,
            0.006141140927843425,
            3.382273109020619e-05,
            -0.001018883356688148,
            0.0009889213149426187
        ],
        [
            0.5109197437489196,
            0.5428716499425063,
            -0.0972333374349499,
            0.5037081460910753,
            0.043381892185309634,
            0.9999999999999999,
            0.6848602514927513,
            0.0,
            0.0,
            0.0,
            0.47332671007458893,
            0.5275612498188071,
            0.04213404625688534,
            -0.4795637110707519,
            -0.11648318714966129,
            0.1264153938416159,
            0.31300245734809046,
            -0.008669469805535188,
            -0.16599479272265577,
            -0.010328620246091588
        ],
        [
            0.5428716499425063,
            0.8652217798633832,
            -0.03269608849199868,
            0.1693790067604388,
            0.014587776407347609,
            0.6848602514927513,
            1.0000000000000002,
            0.0,
            0.0,
            0.0,
            0.5275612498188071,
            0.8499279608409365,
            0.015138249133915739,
            -0.1723013946847767,
            -0.04185098901333141,
            0.31300245734809046,
            0.6136150188146932,
            -0.009189473219514695,
            -0.1759513253428503,
            -0.010948141152230082
        ],
        [
            0.09723333743494991,
            0.03269608849199869,
            0.39605574355454387,
            0.13454752124634595,
            0.011587912774105235,
            0.0,
            0.0,
            1.0000000000000004,
            0.0,
            0.0,
            -0.04213404625688535,
            -0.015138249133915739,
            0.3741565876150039,
            0.06057027882449362,
            0.014712162244861231,
            0.008669469805535185,
            0.009189473219514693,
            0.05359990719997788,
            -0.01644671877584887,
            -0.0010233568761029111
        ],
        [
            -0.5037081460910753,
            -0.16937900676043877,
            0.13454752124634586,
            -0.2749826268826661,
            -0.06003009065090044,
            0.0,
            0.0,
            0.0,
            1.0000000000000004,
            0.0,
            0.4795637110707521,
            0.17230139468477637,
            0.0605702788244936,
            -0.30992404419935893,
            -0.1674517344240987,
            0.16599479272265574,
            0.17595132534285007,
            -0.01644671877584887,
            -0.2604473104500629,
            -0.019594267739596872
        ],
        [
            -0.04338189218530964,
            -0.014587776407347602,
            0.011587912774105232,
            -0.06003009065090046,
            0.41685803888211587,
            0.0,
            0.0,
            0.0,
            0.0,
            1.0000000000000004,
            0.1164831871496613,
            0.04185098901333139,
            0.014712162244861226,
            -0.1674517344240987,
            0.33880520385032864,
            0.01032862024609158,
            0.010948141152230076,
            -0.0010233568761029107,
            -0.019594267739596865,
            0.053239670486076265
        ],
        [
            0.07910399955035535,
            0.2580306234435833,
            -0.014304181388403565,
            0.10276402874296083,
            0.017097540366208443,
            0.47332671007458893,
            0.5275612498188071,
            -0.04213404625688536,
            0.47956371107075196,
            0.11648318714966129,
            0.9999999999999999,
            0.6848602514927513,
            0.0,
            0.0,
            0.0,
            0.6176957939731748,
            0.5820285226896552,
            -0.12156667044736126,
            -0.5265092866511872,
            0.08856070252068257
        ],
        [
            0.2580306234435833,
            0.5438589446180137,
            -0.021809733968222007,
            0.15668538223401504,
            0.026068797421727935,
            0.5275612498188071,
            0.8499279608409365,
            -0.015138249133915739,
            0.1723013946847767,
            0.04185098901333142,
            0.6848602514927513,
            1.0000000000000002,
            0.0,
            0.0,
            0.0,
            0.5820285226896552,
            0.903607888736756,
            -0.03464232672037686,
            -0.15003706741627632,
            0.02523675922041496
        ],
        [
            0.014304181388403569,
            0.021809733968222025,
            0.022967595260705402,
            0.025602283817482765,
            0.004259623589995941,
            0.04213404625688535,
            0.015138249133915739,
            0.3741565876150039,
            0.0605702788244936,
            0.014712162244861226,
            0.0,
            0.0,
            1.0000000000000004,
            0.0,
            0.0,
            0.12156667044736127,
            0.034642326720376884,
            0.5140718938306987,
            -0.14095963820941307,
            0.0237099038960678
        ],
        [
            -0.10276402874296084,
            -0.156685382234015,
            0.02560228381748276,
            -0.15740050917840892,
            -0.030601966596383517,
            -0.479563711070752,
            -0.1723013946847767,
            0.06057027882449362,
            -0.30992404419935893,
            -0.1674517344240987,
            0.0,
            0.0,
            0.0,
            1.0000000000000004,
            0.0,
            0.5265092866511872,
            0.15003706741627632,
            -0.14095963820941285,
            -0.06388255732997508,
            0.10268838112410289
        ],
        [
            -0.01709754036620845,
            -0.02606879742172792,
            0.004259623589995941,
            -0.030601966596383527,
            0.021439836477745843,
            -0.1164831871496613,
            -0.04185098901333137,
            0.014712162244861231,
            -0.1674517344240987,
            0.33880520385032864,
            0.0,
            0.0,
            0.0,
            0.0,
            1.0000000000000004,
            -0.08856070252068256,
            -0.025236759220414958,
            0.0237099038960678,
            0.10268838112410306,
            0.5293457720231808
        ],
        [
            0.010330581338479451,
            0.10885186371320804,
            -0.0004014038959643636,
            0.012091978847512336,
            0.0008530605034599611,
            0.1264153938416159,
            0.31300245734809046,
            0.008669469805535188,
            0.16599479272265583,
            0.010328620246091588,
            0.6176957939731748,
            0.5820285226896552,
            0.12156667044736126,
            0.5265092866511872,
            -0.08856070252068256,
            0.9999999999999999,
            0.6848602514927513,
            0.0,
            0.0,
            0.0
        ],
        [
            0.10885186371320807,
            0.31685672011515414,
            -0.002889687055143634,
            0.08704956553244105,
            0.006141140927843435,
            0.31300245734809046,
            0.6136150188146932,
            0.009189473219514695,
            0.1759513253428501,
            0.010948141152230086,
            0.5820285226896552,
            0.903607888736756,
            0.03464232672037686,
            0.15003706741627632,
            -0.02523675922041496,
            0.6848602514927513,
            1.0000000000000002,
            0.0,
            0.0,
            0.0
        ],
        [
            0.000401403895964364,
            0.0028896870551436316,
            0.0010448859870678998,
            0.0004794311156700589,
            3.3822731090206206e-05,
            -0.008669469805535185,
            -0.009189473219514691,
            0.05359990719997788,
            -0.01644671877584887,
            -0.0010233568761029111,
            -0.12156667044736127,
            -0.034642326720376884,
            0.5140718938306987,
            -0.14095963820941287,
            0.023709903896067808,
            0.0,
            0.0,
            1.0000000000000004,
            0.0,
            0.0
        ],
        [
            -0.012091978847512341,
            -0.08704956553244099,
            0.0004794311156700587,
            -0.01338168677208378,
            -0.0010188833566881484,
            -0.16599479272265566,
            -0.17595132534285027,
            -0.01644671877584887,
            -0.2604473104500629,
            -0.019594267739596872,
            -0.5265092866511872,
            -0.15003706741627632,
            -0.14095963820941304,
            -0.06388255732997508,
            0.10268838112410306,
            0.0,
            0.0,
            0.0,
            1.0000000000000004,
            0.0
        ],
        [
            -0.0008530605034599614,
            -0.006141140927843425,
            3.382273109020618e-05,
            -0.001018883356688148,
            0.0009889213149426187,
            -0.01032862024609158,
            -0.010948141152230076,
            -0.0010233568761029107,
            -0.019594267739596865,
            0.053239670486076265,
            0.08856070252068257,
            0.025236759220414937,
            0.023709903896067794,
            0.10268838112410289,
            0.5293457720231808,
            0.0,
            0.0,
            0.0,
            0.0,
            1.0000000000000004
        ]
    ],
    "h": [
        [
            -0.23025113464418312,
            -0.451023337869782,
            0.049711948953416844,
            -0.2549595348083763,
            -0.023311940343101953,
            -0.5402006720446964,
            -0.4422538599995387,
            -0.005113093220488585,
            0.039237996508063144,
            -0.00099457447114501,
            -0.17918802055521216,
            -0.27312882375501385,
            -0.022656441563044378,
            0.2530248528566862,
            0.04489034323872227,
            -0.009281965385341137,
            -0.13064028589193544,
            0.00023716198785072825,
            0.058187166995322226,
            0.004157807702813123
        ],
        [
            -0.451023337869782,
            -0.3023261208511596,
            0.04302403450555134,
            -0.22212247170092217,
            -0.020804494671711964,
            -0.5080100000613295,
            -0.35632810973713613,
            -0.02984087734333351,
            0.11839226176196291,
            -0.002515650468529796,
            -0.283148735486749,
            -0.2850053153753632,
            -0.024045467138058767,
            0.15153397132804336,
            0.0457306019881888,
            -0.13257089801803495,
            -0.18882960765390433,
            0.014431408282720829,
            0.11382319310339983,
            -0.005865799744818011
        ],
        [
            0.049711948953416844,
            0.04302403450555134,
            1.4929794551125586,
            0.04596864587467246,
            0.00415885647394963,
            0.011090452081625013,
            0.03902044072865695,
            0.3003930783366062,
            0.18478157406015588,
            0.016889805729851787,
            0.030076335973378675,
            0.029321053884883003,
            -0.03281398900870905,
            -0.04126163304817056,
            -0.00833536794470453,
            0.004638898204324263,
            0.01602374138887675,
            -0.003963680996533486,
            -0.0064501068103394775,
            -0.00018146751092464134
        ],
        [
            -0.2549595348083763,
            -0.22212247170092217,
            0.04596864587467246,
            1.2629197911792678,
            -0.021743239156669026,
            -0.0607597050962807,
            -0.20507524745950972,
            0.18357485965764375,
            -0.6297595010165518,
            -0.08927858581005255,
            -0.18856376334309544,
            -0.1569894204837824,
            -0.02840453105542571,
            0.20625716093155128,
            0.04986016593370106,
            -0.0533796253925794,
            -0.10266512470080968,
            0.0016165252729701297,
            0.07388804411077782,
            0.0029866884565954537
        ],
        [
            -0.023311940343101953,
            -0.020804494671711964,
            0.00415885647394963,
            -0.021743239156669026,
            1.4997574761246626,
            -0.008018901412636448,
            -0.02003285664017586,
            0.01571808938550644,
            -0.08381422573243211,
            0.32768854380649937,
            -0.024625050499261565,
            -0.015343550299970837,
            -0.0037731057295376123,
            0.030881290759452562,
            -0.031103020121346525,
            -0.005750588218890412,
            -0.010374545682717591,
            0.0002756875796463336,
            0.006918091731154331,
            -0.0035291936425725194
        ],
        [
            -0.5402006720446964,
            -0.5080100000613295,
            0.011090452081625013,
            -0.0607597050962807,
            -0.008018901412636448,
            -0.36997038234652835,
            -0.5664233776302192,
            -0.03094376342212681,
            0.0648938186321228,
            -0.021670744308086323,
            -0.4610241832362446,
            -0.4644088378474007,
            -0.019922356860216192,
            0.042067214547819476,
            0.02523935058522328,
            -0.25194876159940255,
            -0.3221948088351378,
            0.0298961496047451,
            0.23539403641931786,
            -0.008529066377426626
        ],
        [
            -0.4422538599995387,
            -0.35632810973713613,
            0.03902044072865695,
            -0.20507524745950972,
            -0.02003285664017586,
            -0.5664233776302192,
            -0.42575264726198747,
            -0.024855615338184995,
            0.019973661856177966,
            -0.02282765594631037,
            -0.48326236321110505,
            -0.3938061999452005,
            -0.045186621675197144,
            0.07604462747560575,
            0.06437848077964012,
            -0.3295992948500925,
            -0.31122768550868773,
            0.03810594429030181,
            0.19480690682483093,
            -0.023755923192277296
        ],
        [
            -0.005113093220488585,
            -0.02984087734333351,
            0.3003930783366062,
            0.18357485965764375,
            0.01571808938550644,
            -0.03094376342212681,
            -0.024855615338184995,
            1.4219183422395552,
            0.062132980846979984,
            0.007941835648584484,
            -0.004458900664300325,
            -0.006191287223529256,
            0.2578601181680239,
            0.09098383454328583,
            0.020680391022485842,
            0.008768127583054609,
            0.005663520212171799,
            -0.047299332236605846,
            -0.011025866606502174,
            0.001019861911099293
        ],
        [
            0.039237996508063144,
            0.11839226176196291,
            0.18478157406015588,
            -0.6297595010165518,
            -0.08381422573243211,
            0.0648938186321228,
            0.019973661856177966,
            0.062132980846979984,
            0.9535431537242571,
            -0.07098840474224062,
            -0.09441694256959776,
            -0.11416179247850677,
            0.06288471002313537,
            -0.7586294172160645,
            -0.2086718105634937,
            -0.3076219659578092,
            -0.16789371727420788,
            0.040604425866650494,
            0.15343571303324632,
            -0.02580774472023515
        ],
        [
            -0.00099457447114501,
            -0.002515650468529796,
            0.016889805729851787,
            -0.08927858581005255,
            0.32768854380649937,
            -0.021670744308086323,
            -0.02282765594631037,
            0.007941835648584484,
            -0.07098840474224062,
            1.4186455473824375,
            -0.013579069408182542,
            -0.033865487483127024,
            0.01677708963669719,
            -0.2306518800222937,
            0.21429760031230732,
            -0.046037917088973146,
            -0.037805510736562645,
            0.007433625694364197,
            0.04105436130748649,
            -0.04953219893348429
        ],
        [
            -0.17918802055521216,
            -0.283148735486749,
            0.030076335973378675,
            -0.18856376334309544,
            -0.024625050499261565,
            -0.4610241832362446,
            -0.48326236321110505,
            -0.004458900664300325,
            -0.09441694256959776,
            -0.013579069408182542,
            -0.46178718239597094,
            -0.5979259539792308,
            -0.08465425977351719,
            -0.13829135201925413,
            0.09294214474450008,
            -0.6331486533367564,
            -0.5588395753436841,
            0.006934349960331099,
            0.062179028588645435,
            0.00017724137092894887
        ],
        [
            -0.27312882375501385,
            -0.2850053153753632,
            0.029321053884883003,
            -0.1569894204837824,
            -0.015343550299970837,
            -0.4644088378474007,
            -0.3938061999452005,
            -0.006191287223529256,
            -0.11416179247850677,
            -0.033865487483127024,
            -0.5979259539792308,
            -0.42166132565792935,
            -0.0664153443646961,
            -0.05656012640002471,
            0.07785593704135972,
            -0.49448106204873854,
            -0.3690307934522412,
            0.05130979145975318,
            0.2510245142222083,
            -0.032859412208831394
        ],
        [
            -0.022656441563044378,
            -0.024045467138058767,
            -0.03281398900870905,
            -0.02840453105542571,
            -0.0037731057295376123,
            -0.019922356860216192,
            -0.045186621675197144,
            0.2578601181680239,
            0.06288471002313537,
            0.01677708963669719,
            -0.08465425977351719,
            -0.0664153443646961,
            1.3882989515136284,
            -0.04691460950161032,
            0.015056719651176014,
            -0.006118517928551448,
            -0.05786782567003253,
            0.4681873048841947,
            -0.19850568184771467,
            0.03526366666793924
        ],
        [
            0.2530248528566862,
            0.15153397132804336,
            -0.04126163304817056,
            0.20625716093155128,
            0.030881290759452562,
            0.042067214547819476,
            0.07604462747560575,
            0.09098383454328583,
            -0.7586294172160645,
            -0.2306518800222937,
            -0.13829135201925413,
            -0.05656012640002471,
            -0.04691460950161032,
            0.8988418304047538,
            -0.0018554253083840292,
            0.005289201957197731,
            -0.1252390178183739,
            -0.21040736474748217,
            -0.4238330709044994,
            0.1505099661651364
        ],
        [
            0.04489034323872227,
            0.0457306019881888,
            -0.00833536794470453,
            0.04986016593370106,
            -0.031103020121346525,
            0.02523935058522328,
            0.06437848077964012,
            0.020680391022485842,
            -0.2086718105634937,
            0.21429760031230732,
            0.09294214474450008,
            0.07785593704135972,
            0.015056719651176014,
            -0.0018554253083840292,
            1.385248956223415,
            0.011472957224008096,
            0.0596291132803565,
            0.03330566071450757,
            0.13343437769666971,
            0.4896172689662136
        ],
        [
            -0.009281965385341137,
            -0.13257089801803495,
            0.004638898204324263,
            -0.0533796253925794,
            -0.005750588218890412,
            -0.25194876159940255,
            -0.3295992948500925,
            0.008768127583054609,
            -0.3076219659578092,
            -0.046037917088973146,
            -0.6331486533367564,
            -0.49448106204873854,
            -0.006118517928551448,
            0.005289201957197731,
            0.011472957224008096,
            -0.3294151845035722,
            -0.4933146189770792,
            0.07324024399592338,
            0.3248493999910289,
            -0.051122593460080856
        ],
        [
            -0.13064028589193544,
            -0.18882960765390433,
            0.01602374138887675,
            -0.10266512470080968,
            -0.010374545682717591,
            -0.3221948088351378,
            -0.31122768550868773,
            0.005663520212171799,
            -0.16789371727420788,
            -0.037805510736562645,
            -0.5588395753436841,
            -0.3690307934522412,
            -0.05786782567003253,
            -0.1252390178183739,
            0.0596291132803565,
            -0.4933146189770792,
            -0.31926870750648617,
            0.055983263630110566,
            0.25876678142463483,
            -0.03768402399300166
        ],
        [
            0.00023716198785072825,
            0.014431408282720829,
            -0.003963680996533486,
            0.0016165252729701297,
            0.0002756875796463336,
            0.0298961496047451,
            0.03810594429030181,
            -0.047299332236605846,
            0.040604425866650494,
            0.007433625694364197,
            0.006934349960331099,
            0.05130979145975318,
            0.4681873048841947,
            -0.21040736474748217,
            0.03330566071450757,
            0.07324024399592338,
            0.055983263630110566,
            1.4464379802906056,
            -0.06627681720040647,
            0.01084563806911315
        ],
        [
            0.058187166995322226,
            0.11382319310339983,
            -0.0064501068103394775,
            0.07388804411077782,
            0.006918091731154331,
            0.23539403641931786,
            0.19480690682483093,
            -0.011025866606502174,
            0.15343571303324632,
            0.04105436130748649,
            0.062179028588645435,
            0.2510245142222083,
            -0.19850568184771467,
            -0.4238330709044994,
            0.13343437769666971,
            0.3248493999910289,
            0.25876678142463483,
            -0.06627681720040647,
            1.1576116344661829,
            0.04559426592945279
        ],
        [
            0.004157807702813123,
            -0.005865799744818011,
            -0.00018146751092464134,
            0.0029866884565954537,
            -0.0035291936425725194,
            -0.008529066377426626,
            -0.023755923192277296,
            0.001019861911099293,
            -0.02580774472023515,
            -0.04953219893348429,
            0.00017724137092894887,
            -0.032859412208831394,
            0.03526366666793924,
            0.1505099661651364,
            0.4896172689662136,
            -0.051122593460080856,
            -0.03768402399300166,
            0.01084563806911315,
            0.04559426592945279,
            1.4535091051746143
        ]
    ]
}