{
    "HF": -2.108964400974023,
    "coordinates": [
        [
            0.728481,
            0.152745,
            0.000699
        ],
        [
            1.432271,
            -0.07202,
            0.046226
        ],
        [
            2.095396,
            -0.020471,
            0.146944
        ],
        [
            2.857311,
            0.169537,
            0.084743
        ]
    ],
    "elements": [
        "H",
        "H",
        "H",
        "H"
    ],
    "Enn": 3.16961052669033,
    "S": [
        [
            0.9999999999999999,
            0.6848602514927513,
            0.0,
            0.0,
            0.0,
            0.5705450703226544,
            0.5654638929611508,
            -0.03306136528888711,
            -0.5110870093936754,
            0.16322265401095418,
            0.16666667054002668,
            0.35022769563755274,
            -0.022809292492199755,
            -0.21319268383175644,
            0.027015859744462186,
            0.018772075694057398,
            0.14063243641578146,
            -0.0009205993323038584,
            -0.023318731576179415,
            -0.0001839358429875588
        ],
        [
            0.6848602514927513,
            1.0000000000000002,
            0.0,
            0.0,
            0.0,
            0.5654638929611508,
            0.8874931573783384,
            -0.010098308271962512,
            -0.1561071095992379,
            0.04985494890389559,
            0.35022769563755274,
            0.658223985904078,
            -0.01944373189469487,
            -0.18173564075925216,
            0.023029611021720176,
            0.14063243641578146,
            0.3720191129897999,
            -0.004205404731278381,
            -0.10652267567092655,
            -0.0008402403056449748
        ],
        [
            0.0,
            0.0,
            1.0000000000000004,
            0.0,
            0.0,
            0.03306136528888711,
            0.01009830827196251,
            0.48839496348508954,
            -0.04084686543351056,
            0.013045007330543198,
            0.02280929249219975,
            0.019443731894694873,
            0.07814047751166309,
            -0.0429378808191593,
            0.005441104943593052,
            0.0009205993323038576,
            0.004205404731278382,
            0.0027099008525635366,
            -0.0012822453802800473,
            -1.0114224445194103e-05
        ],
        [
            0.0,
            0.0,
            0.0,
            1.0000000000000004,
            0.0,
            0.5110870093936755,
            0.1561071095992377,
            -0.040846865433510536,
            -0.1404037433172941,
            0.20165936058082007,
            0.21319268383175652,
            0.18173564075925228,
            -0.0429378808191593,
            -0.3185951417647239,
            0.05085663074957433,
            0.023318731576179395,
            0.10652267567092662,
            -0.0012822453802800477,
            -0.029718683951597963,
            -0.00025619276124009524
        ],
        [
            0.0,
            0.0,
            0.0,
            0.0,
            1.0000000000000004,
            -0.16322265401095415,
            -0.049854948903895566,
            0.013045007330543194,
            0.2016593605808201,
            0.42663459329176967,
            -0.02701585974446218,
            -0.02302961102172017,
            0.005441104943593052,
            0.05085663074957433,
            0.07628979054757218,
            0.00018393584298755867,
            0.0008402403056449747,
            -1.0114224445194103e-05,
            -0.00025619276124009513,
            0.002758501746901512
        ],
        [
            0.5705450703226544,
            0.5654638929611508,
            0.03306136528888711,
            0.5110870093936755,
            -0.16322265401095418,
            0.9999999999999999,
            0.6848602514927513,
            0.0,
            0.0,
            0.0,
            0.625390950187276,
            0.5846321484878572,
            -0.08212005386803653,
            -0.540676549586387,
            -0.042030289092748224,
            0.1439001846598043,
            0.3299785005931317,
            -0.005018390815185393,
            -0.18566886432670748,
            -0.031472529795771684
        ],
        [
            0.5654638929611508,
            0.8874931573783384,
            0.010098308271962507,
            0.1561071095992377,
            -0.04985494890389559,
            0.6848602514927513,
            1.0000000000000002,
            0.0,
            0.0,
            0.0,
            0.5846321484878572,
            0.9061248324726665,
            -0.02314938908048607,
            -0.15241504630748562,
            -0.011848208440497004,
            0.3299785005931318,
            0.6341944098379815,
            -0.0048049657282206015,
            -0.17777262926353285,
            -0.030134047470254298
        ],
        [
            -0.03306136528888711,
            -0.01009830827196251,
            0.48839496348508954,
            -0.04084686543351054,
            0.013045007330543198,
            0.0,
            0.0,
            1.0000000000000004,
            0.0,
            0.0,
            0.08212005386803649,
            0.02314938908048606,
            0.5411180123168493,
            -0.0963645778055872,
            -0.007491042595740193,
            0.005018390815185393,
            0.0048049657282206015,
            0.06603347524091246,
            -0.00944608283786491,
            -0.0016011953573697112
        ],
        [
            -0.5110870093936754,
            -0.15610710959923788,
            -0.04084686543351055,
            -0.1404037433172941,
            0.2016593605808201,
            0.0,
            0.0,
            0.0,
            1.0000000000000004,
            0.0,
            0.5406765495863866,
            0.15241504630748556,
            -0.09636457780558727,
            -0.0787079296155238,
            -0.049320852492108824,
            0.18566886432670754,
            0.17777262926353263,
            -0.009446082837864899,
            -0.2831944475178576,
            -0.05924052839177848
        ],
        [
            0.16322265401095415,
            0.049854948903895566,
            0.013045007330543194,
            0.20165936058082007,
            0.42663459329176967,
            0.0,
            0.0,
            0.0,
            0.0,
            1.0000000000000004,
            0.04203028909274821,
            0.011848208440497,
            -0.007491042595740201,
            -0.049320852492108845,
            0.5519202093721668,
            0.03147252979577169,
            0.030134047470254294,
            -0.0016011953573697106,
            -0.05924052839177853,
            0.05624699237441972
        ],
        [
            0.16666667054002668,
            0.35022769563755274,
            0.022809292492199755,
            0.21319268383175646,
            -0.027015859744462186,
            0.625390950187276,
            0.5846321484878572,
            0.08212005386803653,
            0.540676549586387,
            0.04203028909274822,
            0.9999999999999999,
            0.6848602514927513,
            0.0,
            0.0,
            0.0,
            0.5325689973707737,
            0.551302041841664,
            0.041400960783493514,
            -0.5071303200166468,
            -0.12646924899197826
        ],
        [
            0.35022769563755274,
            0.658223985904078,
            0.019443731894694866,
            0.18173564075925205,
            -0.02302961102172017,
            0.5846321484878572,
            0.9061248324726665,
            0.023149389080486082,
            0.15241504630748562,
            0.011848208440497004,
            0.6848602514927513,
            1.0000000000000002,
            0.0,
            0.0,
            0.0,
            0.551302041841664,
            0.8735729465460349,
            0.01342822172876005,
            -0.1644855156423248,
            -0.041019751358310014
        ],
        [
            -0.02280929249219975,
            -0.01944373189469487,
            0.07814047751166309,
            -0.042937880819159294,
            0.005441104943593052,
            -0.0821200538680365,
            -0.02314938908048606,
            0.5411180123168493,
            -0.09636457780558721,
            -0.007491042595740197,
            0.0,
            0.0,
            1.0000000000000004,
            0.0,
            0.0,
            -0.04140096078349351,
            -0.013428221728760048,
            0.4424014228411606,
            0.05498406737368617,
            0.013712044878417366
        ],
        [
            -0.2131926838317565,
            -0.18173564075925216,
            -0.04293788081915931,
            -0.3185951417647238,
            0.05085663074957434,
            -0.5406765495863866,
            -0.15241504630748556,
            -0.09636457780558726,
            -0.0787079296155238,
            -0.049320852492108845,
            0.0,
            0.0,
            0.0,
            1.0000000000000004,
            0.0,
            0.5071303200166468,
            0.16448551564232408,
            0.05498406737368624,
            -0.2266228610656282,
            -0.1679621336238867
        ],
        [
            0.027015859744462183,
            0.023029611021720173,
            0.005441104943593052,
            0.050856630749574326,
            0.07628979054757218,
            -0.04203028909274821,
            -0.011848208440496994,
            -0.0074910425957401975,
            -0.049320852492108824,
            0.5519202093721668,
            0.0,
            0.0,
            0.0,
            0.0,
            1.0000000000000004,
            0.1264692489919782,
            0.04101975135830999,
            0.013712044878417366,
            -0.16796213362388648,
            0.40500343866852084
        ],
        [
            0.018772075694057398,
            0.14063243641578146,
            0.0009205993323038583,
            0.023318731576179412,
            0.0001839358429875588,
            0.1439001846598043,
            0.3299785005931317,
            0.005018390815185392,
            0.18566886432670748,
            0.031472529795771684,
            0.5325689973707737,
            0.551302041841664,
            -0.041400960783493514,
            0.5071303200166475,
            0.12646924899197823,
            0.9999999999999999,
            0.6848602514927513,
            0.0,
            0.0,
            0.0
        ],
        [
            0.14063243641578146,
            0.3720191129897999,
            0.00420540473127838,
            0.10652267567092659,
            0.0008402403056449748,
            0.3299785005931318,
            0.6341944098379815,
            0.004804965728220608,
            0.17777262926353285,
            0.030134047470254298,
            0.551302041841664,
            0.8735729465460349,
            -0.01342822172876005,
            0.16448551564232408,
            0.04101975135831002,
            0.6848602514927513,
            1.0000000000000002,
            0.0,
            0.0,
            0.0
        ],
        [
            -0.0009205993323038576,
            -0.00420540473127838,
            0.0027099008525635366,
            -0.0012822453802800473,
            -1.0114224445194103e-05,
            -0.005018390815185395,
            -0.0048049657282206015,
            0.06603347524091246,
            -0.009446082837864899,
            -0.0016011953573697108,
            0.04140096078349351,
            0.013428221728760048,
            0.4424014228411606,
            0.05498406737368624,
            0.013712044878417366,
            0.0,
            0.0,
            1.0000000000000004,
            0.0,
            0.0
        ],
        [
            -0.023318731576179398,
            -0.1065226756709267,
            -0.0012822453802800477,
            -0.029718683951597963,
            -0.00025619276124009524,
            -0.18566886432670754,
            -0.17777262926353285,
            -0.009446082837864907,
            -0.28319444751785755,
            -0.05924052839177853,
            -0.5071303200166467,
            -0.16448551564232408,
            0.05498406737368617,
            -0.2266228610656282,
            -0.16796213362388648,
            0.0,
            0.0,
            0.0,
            1.0000000000000004,
            0.0
        ],
        [
            -0.00018393584298755867,
            -0.0008402403056449747,
            -1.0114224445194103e-05,
            -0.00025619276124009513,
            0.002758501746901512,
            -0.03147252979577169,
            -0.030134047470254298,
            -0.001601195357369711,
            -0.05924052839177848,
            0.05624699237441972,
            -0.1264692489919782,
            -0.04101975135831001,
            0.013712044878417366,
            -0.1679621336238867,
            0.40500343866852084,
            0.0,
            0.0,
            0.0,
            0.0,
            1.0000000000000004
        ]
    ],
    "h": [
        [
            -0.2925170703585238,
            -0.47793653403441316,
            -0.020904613178577523,
            -0.29551169555640056,
            0.09241376370644681,
            -0.6086109063245632,
            -0.47246253036863917,
            -0.005837778274394738,
            0.007150660300743628,
            -0.013149947937763584,
            -0.3185889426787216,
            -0.3475442252242521,
            0.042342840874674666,
            0.3623248226873596,
            -0.0010822578250866896,
            -0.02522659735456846,
            -0.15823866322056723,
            0.0020925620294054434,
            0.09113037732463393,
            0.008676247904713117
        ],
        [
            -0.47793653403441316,
            -0.3195434632649161,
            -0.018324387695102133,
            -0.250794521064058,
            0.07521256949971983,
            -0.569488319316993,
            -0.37502783778915094,
            -0.006092728412099695,
            0.0818846662992207,
            -0.07494449194713873,
            -0.39157722142133006,
            -0.33231513010643976,
            0.03863312471310154,
            0.22170013334290858,
            -0.0012225366723519412,
            -0.1556904238081319,
            -0.21304809797038665,
            -0.004321376435253594,
            0.13245822580613653,
            0.02582577871080596
        ],
        [
            -0.020904613178577523,
            -0.018324387695102133,
            1.468979553081736,
            -0.020187641605856177,
            0.005752554956335106,
            -0.010509713945279178,
            -0.01893129825059854,
            0.4191533896324665,
            -0.06278062256151731,
            0.016763751370061617,
            -0.024642415706480937,
            -0.015845133920651008,
            -0.04359141595909988,
            0.007353675164285853,
            0.0020996626824880613,
            -0.006543107376712981,
            -0.010599338624468484,
            -0.008052002786882121,
            0.00786168211462503,
            0.0008582301088638052
        ],
        [
            -0.29551169555640056,
            -0.250794521064058,
            -0.020187641605856177,
            1.1860213408294369,
            0.08465563138305007,
            -0.10484382191890584,
            -0.2492540906497912,
            -0.06941080525348353,
            -0.5283076155269002,
            0.2699005738583642,
            -0.2906369699795275,
            -0.21328755758155205,
            0.026413784946916194,
            0.10492445391112615,
            0.019934188203206846,
            -0.0933611937513493,
            -0.13894082128470903,
            0.0018993827372043586,
            0.12674091088891282,
            0.011461880914706271
        ],
        [
            0.09241376370644681,
            0.07521256949971983,
            0.005752554956335106,
            0.08465563138305007,
            1.4440822225097398,
            0.020582554066684466,
            0.06986384394912351,
            0.02041154368354144,
            0.2928883096799167,
            0.3352224722655127,
            0.06317855576269468,
            0.05901189896051653,
            -0.008964636460898207,
            -0.06404383775346882,
            -0.048353333335718784,
            0.006586712694162888,
            0.028978712393989928,
            -4.354740589168621e-05,
            -0.010109308579775994,
            -0.00956627405134856
        ],
        [
            -0.6086109063245632,
            -0.569488319316993,
            -0.010509713945279178,
            -0.10484382191890584,
            0.020582554066684466,
            -0.5346956073710876,
            -0.6389578091514354,
            -0.025076351339576475,
            -0.014084305721004928,
            -0.10792033251015667,
            -0.6149135720994066,
            -0.5691448535697514,
            0.01691485557859318,
            0.06410509217736227,
            -0.022150794975278415,
            -0.28446005741959324,
            -0.37522529646086467,
            -0.006769501380270893,
            0.27277430036183914,
            0.055624963357781755
        ],
        [
            -0.47246253036863917,
            -0.37502783778915094,
            -0.01893129825059854,
            -0.2492540906497912,
            0.06986384394912351,
            -0.6389578091514354,
            -0.4439743942321217,
            -0.020034349600707164,
            -0.03311386627842684,
            -0.08522906290392154,
            -0.5632141181820483,
            -0.42767988505399335,
            0.04837679843475509,
            0.1640937946527961,
            -0.01878553933668554,
            -0.3247091646725184,
            -0.32274041507246487,
            -0.011995327048391536,
            0.1966166057904048,
            0.046144980922947346
        ],
        [
            -0.005837778274394738,
            -0.006092728412099695,
            0.4191533896324665,
            -0.06941080525348353,
            0.02041154368354144,
            -0.025076351339576475,
            -0.020034349600707164,
            1.3650273589838136,
            -0.06393077999728233,
            0.0014442248978023453,
            -0.0012353433939834846,
            -0.026639913173886684,
            0.48866860557450476,
            -0.15381034141869096,
            -0.012671115123595492,
            -0.030237554079168796,
            -0.027945468549314928,
            -0.04871314397531279,
            0.027897962861344487,
            0.006576690458908289
        ],
        [
            0.007150660300743628,
            0.0818846662992207,
            -0.06278062256151731,
            -0.5283076155269002,
            0.2928883096799167,
            -0.014084305721004928,
            -0.03311386627842684,
            -0.06393077999728233,
            0.7530862268134313,
            0.05342567909877096,
            -0.03683445323262058,
            -0.1477637612847434,
            -0.14369788732883323,
            -0.6253667408739506,
            -0.09339631388471208,
            -0.3411492246636846,
            -0.2121714968744261,
            -0.017447062542373666,
            0.1468970738808052,
            0.05115166737567495
        ],
        [
            -0.013149947937763584,
            -0.07494449194713873,
            0.016763751370061617,
            0.2699005738583642,
            0.3352224722655127,
            -0.10792033251015667,
            -0.08522906290392154,
            0.0014442248978023453,
            0.05342567909877096,
            1.3453002601851751,
            -0.03307408442176249,
            -0.0639456502235862,
            -0.0060857514810710375,
            -0.0453593463970965,
            0.5007678890268079,
            -0.031689058699689444,
            -0.03465498583831243,
            -0.001682075164871894,
            0.018684517448042337,
            -0.0424523623625364
        ],
        [
            -0.3185889426787216,
            -0.39157722142133006,
            -0.024642415706480937,
            -0.2906369699795275,
            0.06317855576269468,
            -0.6149135720994066,
            -0.5632141181820483,
            -0.0012353433939834846,
            -0.03683445323262058,
            -0.03307408442176249,
            -0.5041158236657104,
            -0.6292883891978104,
            0.06351484343983411,
            0.042685059775755,
            -0.04143090830495259,
            -0.5706003484602162,
            -0.5496462590902067,
            -0.0013579282420878858,
            0.0976372012827833,
            0.020671188575548033
        ],
        [
            -0.3475442252242521,
            -0.33231513010643976,
            -0.015845133920651008,
            -0.21328755758155205,
            0.05901189896051653,
            -0.5691448535697514,
            -0.42767988505399335,
            -0.026639913173886684,
            -0.1477637612847434,
            -0.0639456502235862,
            -0.6292883891978104,
            -0.44550654707908155,
            0.051456557875001974,
            0.04754026494972161,
            -0.03579118560638068,
            -0.45149721441910273,
            -0.3694118926373289,
            -0.01393539934801986,
            0.23112397185586403,
            0.05495986147166136
        ],
        [
            0.042342840874674666,
            0.03863312471310154,
            -0.04359141595909988,
            0.026413784946916194,
            -0.008964636460898207,
            0.01691485557859318,
            0.04837679843475509,
            0.48866860557450476,
            -0.14369788732883323,
            -0.0060857514810710375,
            0.06351484343983411,
            0.051456557875001974,
            1.3744058738012248,
            -0.03134473298358395,
            0.0016735751110214373,
            0.008482233218882793,
            0.03410124476534702,
            0.35731591667027707,
            0.062406030633609846,
            0.01646436935615548
        ],
        [
            0.3623248226873596,
            0.22170013334290858,
            0.007353675164285853,
            0.10492445391112615,
            -0.06404383775346882,
            0.06410509217736227,
            0.1640937946527961,
            -0.15381034141869096,
            -0.6253667408739506,
            -0.0453593463970965,
            0.042685059775755,
            0.04754026494972161,
            -0.03134473298358395,
            0.7623453495876498,
            -0.07916765077886671,
            -0.025634266065918565,
            -0.08235110651971145,
            0.07503622419840915,
            -0.6102706694754572,
            -0.23772573902103117
        ],
        [
            -0.0010822578250866896,
            -0.0012225366723519412,
            0.0020996626824880613,
            0.019934188203206846,
            -0.048353333335718784,
            -0.022150794975278415,
            -0.01878553933668554,
            -0.012671115123595492,
            -0.09339631388471208,
            0.5007678890268079,
            -0.04143090830495259,
            -0.03579118560638068,
            0.0016735751110214373,
            -0.07916765077886671,
            1.3667937848668648,
            -0.004611615438659539,
            -0.03992489391128892,
            0.019081447115505946,
            -0.23069297116574417,
            0.30603982505139726
        ],
        [
            -0.02522659735456846,
            -0.1556904238081319,
            -0.006543107376712981,
            -0.0933611937513493,
            0.006586712694162888,
            -0.28446005741959324,
            -0.3247091646725184,
            -0.030237554079168796,
            -0.3411492246636846,
            -0.031689058699689444,
            -0.5706003484602162,
            -0.45149721441910273,
            0.008482233218882793,
            -0.025634266065918565,
            -0.004611615438659539,
            -0.2550558047671623,
            -0.4615144944315551,
            -0.020699864717570262,
            0.2715045422696314,
            0.06845550512658431
        ],
        [
            -0.15823866322056723,
            -0.21304809797038665,
            -0.010599338624468484,
            -0.13894082128470903,
            0.028978712393989928,
            -0.37522529646086467,
            -0.32274041507246487,
            -0.027945468549314928,
            -0.2121714968744261,
            -0.03465498583831243,
            -0.5496462590902067,
            -0.3694118926373289,
            0.03410124476534702,
            -0.08235110651971145,
            -0.03992489391128892,
            -0.4615144944315551,
            -0.3122734060203074,
            -0.016713901134647005,
            0.23738640676234343,
            0.058700113853022005
        ],
        [
            0.0020925620294054434,
            -0.004321376435253594,
            -0.008052002786882121,
            0.0018993827372043586,
            -4.354740589168621e-05,
            -0.006769501380270893,
            -0.011995327048391536,
            -0.04871314397531279,
            -0.017447062542373666,
            -0.001682075164871894,
            -0.0013579282420878858,
            -0.01393539934801986,
            0.35731591667027707,
            0.07503622419840915,
            0.019081447115505946,
            -0.020699864717570262,
            -0.016713901134647005,
            1.4873153495505504,
            0.01854248021823185,
            0.004737469590040297
        ],
        [
            0.09113037732463393,
            0.13245822580613653,
            0.00786168211462503,
            0.12674091088891282,
            -0.010109308579775994,
            0.27277430036183914,
            0.1966166057904048,
            0.027897962861344487,
            0.1468970738808052,
            0.018684517448042337,
            0.0976372012827833,
            0.23112397185586403,
            0.062406030633609846,
            -0.6102706694754572,
            -0.23069297116574417,
            0.2715045422696314,
            0.23738640676234343,
            0.01854248021823185,
            1.226765900123375,
            -0.06389664265879813
        ],
        [
            0.008676247904713117,
            0.02582577871080596,
            0.0008582301088638052,
            0.011461880914706271,
            -0.00956627405134856,
            0.055624963357781755,
            0.046144980922947346,
            0.006576690458908289,
            0.05115166737567495,
            -0.0424523623625364,
            0.020671188575548033,
            0.05495986147166136,
            0.01646436935615548,
            -0.23772573902103117,
            0.30603982505139726,
            0.06845550512658431,
            0.058700113853022005,
            0.004737469590040297,
            -0.06389664265879813,
            1.4731535531241822
        ]
    ]
}