{
    "HF": -2.1447508938457718,
    "coordinates": [
        [
            0.642663,
            -0.096171,
            0.040694
        ],
        [
            1.466211,
            0.04658,
            0.029294
        ],
        [
            2.215601,
            0.125049,
            -0.030117
        ],
        [
            2.87574,
            -0.170153,
            0.092071
        ]
    ],
    "elements": [
        "H",
        "H",
        "H",
        "H"
    ],
    "Enn": 2.9950460709156124,
    "S": [
        [
            0.9999999999999999,
            0.6848602514927513,
            0.0,
            0.0,
            0.0,
            0.4948396488888654,
            0.5364307150114745,
            0.00691377479408167,
            -0.499458368782138,
            -0.08657440926578536,
            0.09914132845761214,
            0.28328715219154194,
            0.005858407912963022,
            -0.13013391176230005,
            -0.01830219878981627,
            0.012969743312257314,
            0.1200326695332507,
            -0.0003583372164024153,
            -0.015574957591767843,
            0.0005159994539168009
        ],
        [
            0.6848602514927513,
            1.0000000000000002,
            0.0,
            0.0,
            0.0,
            0.5364307150114745,
            0.8588080808782367,
            0.0023902729442107063,
            -0.17267583356656513,
            -0.029931039742019567,
            0.2832871521915419,
            0.5765428617141025,
            0.007503303960151519,
            -0.16667229561046745,
            -0.023441003545560998,
            0.1200326695332507,
            0.33687941626070994,
            -0.0021690643152431238,
            -0.09427735433929907,
            0.003123415461594033
        ],
        [
            0.0,
            0.0,
            1.0000000000000004,
            0.0,
            0.0,
            -0.00691377479408167,
            -0.002390272944210706,
            0.40358903096688975,
            0.009840378916734777,
            0.0017056977015824292,
            -0.0058584079129630215,
            -0.007503303960151517,
            0.037076689777942706,
            0.010862656768584063,
            0.0015277378576562884,
            0.00035833721640241516,
            0.0021690643152431264,
            0.0015178409554977865,
            -0.0004552157085071563,
            1.5081328833164476e-05
        ],
        [
            0.0,
            0.0,
            0.0,
            1.0000000000000004,
            0.0,
            0.499458368782138,
            0.17267583356656493,
            0.00984037891673479,
            -0.3071540843866389,
            -0.12322139743357961,
            0.13013391176230005,
            0.16667229561046737,
            0.010862656768584063,
            -0.20372852031574587,
            -0.03393592705012168,
            0.015574957591767838,
            0.09427735433929917,
            -0.0004552157085071562,
            -0.01825742119553975,
            0.0006555028231850133
        ],
        [
            0.0,
            0.0,
            0.0,
            0.0,
            1.0000000000000004,
            0.08657440926578534,
            0.029931039742019563,
            0.0017056977015824314,
            -0.12322139743357961,
            0.3823664703081423,
            0.018302198789816267,
            0.023441003545560977,
            0.001527737857656288,
            -0.033935927050121675,
            0.03279291623214007,
            -0.0005159994539168009,
            -0.003123415461594038,
            1.5081328833164478e-05,
            0.0006555028231850136,
            0.0015065973698941994
        ],
        [
            0.4948396488888654,
            0.5364307150114745,
            -0.006913774794081671,
            0.4994583687821381,
            0.08657440926578536,
            0.9999999999999999,
            0.6848602514927513,
            0.0,
            0.0,
            0.0,
            0.557988178113056,
            0.560866085035073,
            0.04194687274196733,
            -0.5291034819158557,
            -0.055402689017007525,
            0.1505840277765677,
            0.3361223163985587,
            -0.008646353875803267,
            -0.19413617299659278,
            0.029850904225504078
        ],
        [
            0.5364307150114745,
            0.8588080808782367,
            -0.0023902729442107063,
            0.17267583356656513,
            0.029931039742019567,
            0.6848602514927513,
            1.0000000000000002,
            0.0,
            0.0,
            0.0,
            0.560866085035073,
            0.882988500042413,
            0.01306356344870451,
            -0.16477931381098912,
            -0.01725412398808964,
            0.3361223163985587,
            0.6415428703687478,
            -0.007987429165213169,
            -0.17934136775911155,
            0.02757601486633873
        ],
        [
            0.00691377479408167,
            0.002390272944210711,
            0.40358903096688975,
            0.009840378916734789,
            0.0017056977015824312,
            0.0,
            0.0,
            1.0000000000000004,
            0.0,
            0.0,
            -0.04194687274196733,
            -0.013063563448704504,
            0.4720056492613875,
            0.0550620203177385,
            0.005765571561286678,
            0.008646353875803264,
            0.007987429165213167,
            0.07027298066709567,
            -0.016310279465469424,
            0.0025079127846178283
        ],
        [
            -0.499458368782138,
            -0.17267583356656513,
            0.009840378916734779,
            -0.3071540843866389,
            -0.12322139743357961,
            0.0,
            0.0,
            0.0,
            1.0000000000000004,
            0.0,
            0.5291034819158553,
            0.1647793138109891,
            0.0550620203177385,
            -0.21816254096666796,
            -0.07272494440949694,
            0.1941361729965927,
            0.17934136775911153,
            -0.016310279465469413,
            -0.29521452941473436,
            0.05631004666342104
        ],
        [
            -0.08657440926578534,
            -0.029931039742019556,
            0.0017056977015824295,
            -0.12322139743357961,
            0.3823664703081423,
            0.0,
            0.0,
            0.0,
            0.0,
            1.0000000000000004,
            0.055402689017007525,
            0.017254123988089638,
            0.005765571561286677,
            -0.07272494440949691,
            0.46875585412965143,
            -0.029850904225504068,
            -0.027576014866338712,
            0.002507912784617829,
            0.05631004666342109,
            0.06234101550036307
        ],
        [
            0.09914132845761214,
            0.28328715219154194,
            -0.005858407912963022,
            0.13013391176230005,
            0.01830219878981627,
            0.557988178113056,
            0.560866085035073,
            -0.04194687274196733,
            0.5291034819158557,
            0.055402689017007525,
            0.9999999999999999,
            0.6848602514927513,
            0.0,
            0.0,
            0.0,
            0.5760513412288908,
            0.5674545348212363,
            -0.08981552573638388,
            -0.4852418514427824,
            0.21699121704612562
        ],
        [
            0.2832871521915419,
            0.5765428617141025,
            -0.007503303960151519,
            0.16667229561046745,
            0.023441003545560998,
            0.560866085035073,
            0.882988500042413,
            -0.01306356344870451,
            0.16477931381098912,
            0.01725412398808964,
            0.6848602514927513,
            1.0000000000000002,
            0.0,
            0.0,
            0.0,
            0.5674545348212363,
            0.8894391426118982,
            -0.027204278831844293,
            -0.1469751974316211,
            0.06572460077682016
        ],
        [
            0.0058584079129630215,
            0.007503303960151517,
            0.037076689777942706,
            0.010862656768584063,
            0.0015277378576562884,
            0.04194687274196733,
            0.013063563448704504,
            0.4720056492613875,
            0.0550620203177385,
            0.005765571561286677,
            0.0,
            0.0,
            1.0000000000000004,
            0.0,
            0.0,
            0.08981552573638386,
            0.027204278831844283,
            0.4782053624063221,
            -0.10417869681617466,
            0.0465867940805321
        ],
        [
            -0.13013391176230005,
            -0.16667229561046729,
            0.010862656768584063,
            -0.20372852031574587,
            -0.03393592705012168,
            -0.5291034819158553,
            -0.1647793138109891,
            0.0550620203177385,
            -0.21816254096666796,
            -0.07272494440949691,
            0.0,
            0.0,
            0.0,
            1.0000000000000004,
            0.0,
            0.4852418514427824,
            0.14697519743162038,
            -0.1041786968161747,
            -0.06535278717152519,
            0.2516921437254755
        ],
        [
            -0.018302198789816267,
            -0.023441003545560977,
            0.001527737857656288,
            -0.033935927050121675,
            0.03279291623214007,
            -0.05540268901700752,
            -0.017254123988089638,
            0.005765571561286678,
            -0.07272494440949694,
            0.46875585412965143,
            0.0,
            0.0,
            0.0,
            0.0,
            1.0000000000000004,
            -0.21699121704612556,
            -0.06572460077682012,
            0.0465867940805321,
            0.25169214372547544,
            0.3849361606087113
        ],
        [
            0.012969743312257314,
            0.1200326695332507,
            0.00035833721640241516,
            0.015574957591767843,
            -0.0005159994539168012,
            0.1505840277765677,
            0.3361223163985587,
            0.008646353875803267,
            0.19413617299659278,
            -0.029850904225504078,
            0.5760513412288908,
            0.5674545348212363,
            0.08981552573638388,
            0.4852418514427824,
            -0.21699121704612562,
            0.9999999999999999,
            0.6848602514927513,
            0.0,
            0.0,
            0.0
        ],
        [
            0.1200326695332507,
            0.33687941626070994,
            0.002169064315243126,
            0.09427735433929914,
            -0.003123415461594037,
            0.3361223163985587,
            0.6415428703687478,
            0.007987429165213169,
            0.17934136775911175,
            -0.027576014866338715,
            0.5674545348212363,
            0.8894391426118982,
            0.027204278831844307,
            0.1469751974316211,
            -0.06572460077682016,
            0.6848602514927513,
            1.0000000000000002,
            0.0,
            0.0,
            0.0
        ],
        [
            -0.0003583372164024153,
            -0.002169064315243124,
            0.0015178409554977865,
            -0.0004552157085071561,
            1.5081328833164476e-05,
            -0.008646353875803264,
            -0.007987429165213167,
            0.07027298066709567,
            -0.016310279465469413,
            0.0025079127846178283,
            -0.08981552573638386,
            -0.027204278831844293,
            0.4782053624063221,
            -0.10417869681617466,
            0.0465867940805321,
            0.0,
            0.0,
            1.0000000000000004,
            0.0,
            0.0
        ],
        [
            -0.015574957591767838,
            -0.09427735433929924,
            -0.00045521570850715634,
            -0.01825742119553975,
            0.0006555028231850136,
            -0.1941361729965927,
            -0.17934136775911153,
            -0.016310279465469424,
            -0.2952145294147344,
            0.05631004666342108,
            -0.4852418514427824,
            -0.14697519743162038,
            -0.1041786968161747,
            -0.06535278717152519,
            0.2516921437254755,
            0.0,
            0.0,
            0.0,
            1.0000000000000004,
            0.0
        ],
        [
            0.0005159994539168009,
            0.0031234154615940425,
            1.5081328833164478e-05,
            0.0006555028231850133,
            0.0015065973698941994,
            0.029850904225504068,
            0.027576014866338726,
            0.002507912784617829,
            0.05631004666342106,
            0.06234101550036307,
            0.21699121704612556,
            0.06572460077682012,
            0.0465867940805321,
            0.25169214372547544,
            0.3849361606087113,
            0.0,
            0.0,
            0.0,
            0.0,
            1.0000000000000004
        ]
    ],
    "h": [
        [
            -0.22046084828772705,
            -0.4458570281576544,
            0.004282227348572077,
            -0.24698931551299,
            -0.044023243282616885,
            -0.5314376272186268,
            -0.4332093840659147,
            0.0029239539682219817,
            0.04405458140283369,
            0.0020441159541169096,
            -0.21614922911100032,
            -0.2871523202316554,
            -0.013048352689053317,
            0.2915399854769172,
            0.024261119976746806,
            -0.0121164263019174,
            -0.1357654515527404,
            0.002439190379634224,
            0.07057609577117252,
            -0.006660509452253454
        ],
        [
            -0.4458570281576544,
            -0.30349863473595096,
            0.004069210824211779,
            -0.2206725041048489,
            -0.039083502983768684,
            -0.5167018641577044,
            -0.36042343065720517,
            0.005454002960643682,
            0.09517287036080507,
            0.021800837409801134,
            -0.3212889887040352,
            -0.3003883271750365,
            -0.020215922493724003,
            0.18765897937030268,
            0.035496701722631196,
            -0.13873159104319555,
            -0.19701664028350585,
            0.012990570638455249,
            0.12034086093288851,
            -0.032969341719597436
        ],
        [
            0.004282227348572077,
            0.004069210824211779,
            1.503362756423615,
            0.0039605010572586405,
            0.0007045715837556785,
            0.0027484951042568134,
            0.004193604855538422,
            0.3069484782681976,
            0.013680265996717126,
            0.0022815420695713132,
            0.0066290035683530014,
            0.0032016116349475876,
            -0.04269327626176887,
            -0.0068029169172392,
            -0.0008816323324135431,
            0.000455197029874216,
            0.0018838016371913189,
            -0.004983436700389001,
            0.00037720806265421534,
            0.0001434314035704485
        ],
        [
            -0.24698931551299,
            -0.2206725041048489,
            0.0039605010572586405,
            1.2680866276932692,
            -0.04093181828306759,
            -0.07947412446162616,
            -0.2067931369270325,
            0.017027979791362495,
            -0.6675256246854963,
            -0.16661309991181356,
            -0.2233229655108222,
            -0.16874574399535747,
            -0.01672275047698992,
            0.2090154899407169,
            0.03148028641077008,
            -0.06606656034877595,
            -0.11196384485541677,
            0.004828954121855225,
            0.09197795349871155,
            -0.011380421595565765
        ],
        [
            -0.044023243282616885,
            -0.039083502983768684,
            0.0007045715837556785,
            -0.04093181828306759,
            1.49627126196523,
            -0.013694347116903538,
            -0.03586311401228252,
            0.002876453125257374,
            -0.16673668590348392,
            0.2784545759206708,
            -0.03387598354707419,
            -0.02866245102642291,
            -0.0026138137362427104,
            0.041847805987583434,
            -0.03831603057302795,
            -0.0035931610943645154,
            -0.015303735486570517,
            0.00034186469997958725,
            0.0038069139553010937,
            -0.005877373621517031
        ],
        [
            -0.5314376272186268,
            -0.5167018641577044,
            0.0027484951042568134,
            -0.07947412446162616,
            -0.013694347116903538,
            -0.4217852954470209,
            -0.59470637776468,
            0.015057835995338971,
            -0.01611929868670832,
            0.01627112029368828,
            -0.5437071416388234,
            -0.5163139559414582,
            -0.01415527402896219,
            0.031065526696906987,
            0.03314528048205387,
            -0.2916835185935821,
            -0.3619279443092667,
            0.027781267657834983,
            0.25866160318825127,
            -0.07333815975135463
        ],
        [
            -0.4332093840659147,
            -0.36042343065720517,
            0.004193604855538422,
            -0.2067931369270325,
            -0.03586311401228252,
            -0.59470637776468,
            -0.43967917676506585,
            0.011718519390516335,
            -0.03200183375964841,
            0.01622865330270625,
            -0.5303060787039626,
            -0.41500004805613533,
            -0.03828947541030489,
            0.12350739329253546,
            0.07605079360864227,
            -0.3406451378240444,
            -0.3261269539037157,
            0.030090259268203072,
            0.1963450905574169,
            -0.0748602177033435
        ],
        [
            0.0029239539682219817,
            0.005454002960643682,
            0.3069484782681976,
            0.017027979791362495,
            0.002876453125257374,
            0.015057835995338971,
            0.011718519390516335,
            1.4089349063208867,
            0.021877111420443303,
            0.002629793947332826,
            -0.001605640062120231,
            0.011847804124395664,
            0.3889162747959106,
            0.07798240723743124,
            0.00804569667082658,
            0.006643944310612696,
            0.01156971379658251,
            -0.04750171142129994,
            -0.014724752786804265,
            0.004196819486731488
        ],
        [
            0.04405458140283369,
            0.09517287036080507,
            0.013680265996717126,
            -0.6675256246854963,
            -0.16673668590348392,
            -0.01611929868670832,
            -0.03200183375964841,
            0.021877111420443303,
            0.8523777099804162,
            -0.06087058619986779,
            -0.08505164256462283,
            -0.15598385707675033,
            0.0605888905856045,
            -0.735877828804276,
            -0.06281193660963816,
            -0.3411954962580037,
            -0.20609193195503306,
            0.03399749818182882,
            0.11515850788444715,
            -0.08152155180816203
        ],
        [
            0.0020441159541169096,
            0.021800837409801134,
            0.0022815420695713132,
            -0.16661309991181356,
            0.2784545759206708,
            0.01627112029368828,
            0.01622865330270625,
            0.002629793947332826,
            -0.06087058619986779,
            1.401045936158636,
            0.015040544722951188,
            0.004694150266974208,
            0.009392158281120161,
            -0.11087207281050104,
            0.3815125350486739,
            0.002559137973660461,
            -0.005620183179526707,
            0.0013891001833312008,
            0.019913446414539918,
            -0.050057100197709675
        ],
        [
            -0.21614922911100032,
            -0.3212889887040352,
            0.0066290035683530014,
            -0.2233229655108222,
            -0.03387598354707419,
            -0.5437071416388234,
            -0.5303060787039626,
            -0.001605640062120231,
            -0.08505164256462283,
            0.015040544722951188,
            -0.4877388632931736,
            -0.6156826268872748,
            -0.06678870707384511,
            -0.029773628775383615,
            0.14040947367913043,
            -0.6119003938322175,
            -0.5606764986792191,
            0.008424737304022267,
            0.09045029524392256,
            -0.02384652915750768
        ],
        [
            -0.2871523202316554,
            -0.3003883271750365,
            0.0032016116349475876,
            -0.16874574399535747,
            -0.02866245102642291,
            -0.5163139559414582,
            -0.41500004805613533,
            0.011847804124395664,
            -0.15598385707675033,
            0.004694150266974208,
            -0.6156826268872748,
            -0.4345332169042584,
            -0.052587505142517574,
            0.00970939550418179,
            0.11012501046249447,
            -0.4794401617273554,
            -0.37505456879221777,
            0.03700672869896221,
            0.23653037378885705,
            -0.09221300208111555
        ],
        [
            -0.013048352689053317,
            -0.020215922493724003,
            -0.04269327626176887,
            -0.01672275047698992,
            -0.0026138137362427104,
            -0.01415527402896219,
            -0.03828947541030489,
            0.3889162747959106,
            0.0605888905856045,
            0.009392158281120161,
            -0.06678870707384511,
            -0.052587505142517574,
            1.378290258909553,
            -0.022252869253395646,
            0.021030105208936656,
            -0.010128157991807996,
            -0.045475880302964324,
            0.4068198066485087,
            -0.13746507688066406,
            0.06381813965069925
        ],
        [
            0.2915399854769172,
            0.18765897937030268,
            -0.0068029169172392,
            0.2090154899407169,
            0.041847805987583434,
            0.031065526696906987,
            0.12350739329253546,
            0.07798240723743124,
            -0.735877828804276,
            -0.11087207281050104,
            -0.029773628775383615,
            0.00970939550418179,
            -0.022252869253395646,
            0.8549775592678048,
            0.07527967855174449,
            -0.0026871969820133623,
            -0.08348547787297869,
            -0.15117611970617184,
            -0.41689013385402734,
            0.36650986087083376
        ],
        [
            0.024261119976746806,
            0.035496701722631196,
            -0.0008816323324135431,
            0.03148028641077008,
            -0.03831603057302795,
            0.03314528048205387,
            0.07605079360864227,
            0.00804569667082658,
            -0.06281193660963816,
            0.3815125350486739,
            0.14040947367913043,
            0.11012501046249447,
            0.021030105208936656,
            0.07527967855174449,
            1.33936988432516,
            0.01878613846110433,
            0.09912971613510385,
            0.06489438923893803,
            0.3391161987193746,
            0.277539946436655
        ],
        [
            -0.0121164263019174,
            -0.13873159104319555,
            0.000455197029874216,
            -0.06606656034877595,
            -0.0035931610943645154,
            -0.2916835185935821,
            -0.3406451378240444,
            0.006643944310612696,
            -0.3411954962580037,
            0.002559137973660461,
            -0.6119003938322175,
            -0.4794401617273554,
            -0.010128157991807996,
            -0.0026871969820133623,
            0.01878613846110433,
            -0.2991493112866761,
            -0.48147114588458195,
            0.050101526225695824,
            0.2834686807746115,
            -0.12282052723453671
        ],
        [
            -0.1357654515527404,
            -0.19701664028350585,
            0.0018838016371913189,
            -0.11196384485541677,
            -0.015303735486570517,
            -0.3619279443092667,
            -0.3261269539037157,
            0.01156971379658251,
            -0.20609193195503306,
            -0.005620183179526707,
            -0.5606764986792191,
            -0.37505456879221777,
            -0.045475880302964324,
            -0.08348547787297869,
            0.09912971613510385,
            -0.48147114588458195,
            -0.32153645411306875,
            0.040154113722121264,
            0.2387709193972232,
            -0.09912597817363228
        ],
        [
            0.002439190379634224,
            0.012990570638455249,
            -0.004983436700389001,
            0.004828954121855225,
            0.00034186469997958725,
            0.027781267657834983,
            0.030090259268203072,
            -0.04750171142129994,
            0.03399749818182882,
            0.0013891001833312008,
            0.008424737304022267,
            0.03700672869896221,
            0.4068198066485087,
            -0.15117611970617184,
            0.06489438923893803,
            0.050101526225695824,
            0.040154113722121264,
            1.4557696179795996,
            -0.04344668753412684,
            0.019126780933767566
        ],
        [
            0.07057609577117252,
            0.12034086093288851,
            0.00037720806265421534,
            0.09197795349871155,
            0.0038069139553010937,
            0.25866160318825127,
            0.1963450905574169,
            -0.014724752786804265,
            0.11515850788444715,
            0.019913446414539918,
            0.09045029524392256,
            0.23653037378885705,
            -0.13746507688066406,
            -0.41689013385402734,
            0.3391161987193746,
            0.2834686807746115,
            0.2387709193972232,
            -0.04344668753412684,
            1.2060898190685339,
            0.10669683309181158
        ],
        [
            -0.006660509452253454,
            -0.032969341719597436,
            0.0001434314035704485,
            -0.011380421595565765,
            -0.005877373621517031,
            -0.07333815975135463,
            -0.0748602177033435,
            0.004196819486731488,
            -0.08152155180816203,
            -0.050057100197709675,
            -0.02384652915750768,
            -0.09221300208111555,
            0.06381813965069925,
            0.36650986087083376,
            0.277539946436655,
            -0.12282052723453671,
            -0.09912597817363228,
            0.019126780933767566,
            0.10669683309181158,
            1.4171153695074639
        ]
    ]
}