{
    "HF": -2.1002923173926793,
    "coordinates": [
        [
            0.73697,
            -0.008788,
            0.1637
        ],
        [
            1.473507,
            0.087418,
            0.076291
        ],
        [
            2.127061,
            -0.048074,
            0.131649
        ],
        [
            2.792321,
            -0.177032,
            0.0146
        ]
    ],
    "elements": [
        "H",
        "H",
        "H",
        "H"
    ],
    "Enn": 3.296535300279641,
    "S": [
        [
            0.9999999999999999,
            0.6848602514927513,
            0.0,
            0.0,
            0.0,
            0.5643386162777955,
            0.5632015579295181,
            0.06260418181571681,
            -0.527523438799238,
            -0.06890478000849855,
            0.1645128713182944,
            0.34839049312946246,
            0.004919757029788855,
            -0.21337586874968684,
            0.006030313396533177,
            0.023284495476117953,
            0.15417310812652227,
            0.002123405549664438,
            -0.029271252313268624,
            0.00239604455598755
        ],
        [
            0.6848602514927513,
            1.0000000000000002,
            0.0,
            0.0,
            0.0,
            0.5632015579295181,
            0.8852784058212024,
            0.019305334201194357,
            -0.16267309929807117,
            -0.02124825798441927,
            0.34839049312946246,
            0.6560659222430864,
            0.004237382079965928,
            -0.1837804340869841,
            0.005193903229026915,
            0.15417310812652227,
            0.3940626275606726,
            0.008233676467072537,
            -0.11350164426743134,
            0.009290856227539578
        ],
        [
            0.0,
            0.0,
            1.0000000000000004,
            0.0,
            0.0,
            -0.06260418181571678,
            -0.019305334201194353,
            0.4741841414305566,
            0.08085948068796328,
            0.010561814544369389,
            -0.0049197570297888574,
            -0.004237382079965927,
            0.08091466532845244,
            0.00938434559154851,
            -0.0002652152995088629,
            -0.0021234055496644373,
            -0.008233676467072529,
            0.0036656335195164405,
            0.003095012980190472,
            -0.00025334717225387096
        ],
        [
            0.0,
            0.0,
            0.0,
            1.0000000000000004,
            0.0,
            0.527523438799238,
            0.16267309929807078,
            0.08085948068796328,
            -0.19756840278581125,
            -0.08899732520754379,
            0.21337586874968695,
            0.18378043408698394,
            0.009384345591548507,
            -0.32587948737169803,
            0.01150271133223844,
            0.029271252313268614,
            0.11350164426743126,
            0.0030950129801904738,
            -0.03877475656967663,
            0.0034924035133411533
        ],
        [
            0.0,
            0.0,
            0.0,
            0.0,
            1.0000000000000004,
            0.06890478000849853,
            0.02124825798441926,
            0.010561814544369389,
            -0.08899732520754379,
            0.4721554173861939,
            -0.006030313396533179,
            -0.005193903229026913,
            -0.0002652152995088629,
            0.011502711332238446,
            0.08080595456286688,
            -0.002396044555987549,
            -0.009290856227539581,
            -0.000253347172253871,
            0.0034924035133411524,
            0.0036042768454728484
        ],
        [
            0.5643386162777955,
            0.5632015579295181,
            -0.06260418181571681,
            0.527523438799238,
            0.06890478000849855,
            0.9999999999999999,
            0.6848602514927513,
            0.0,
            0.0,
            0.0,
            0.6278133898033222,
            0.58544621274838,
            -0.04535611489833405,
            -0.5354722048532428,
            0.11101179088487803,
            0.18279987267200165,
            0.3635292213295299,
            0.010777978561986474,
            -0.23040879576028322,
            0.046201819239716065
        ],
        [
            0.5632015579295181,
            0.8852784058212024,
            -0.019305334201194357,
            0.162673099298071,
            0.021248257984419275,
            0.6848602514927513,
            1.0000000000000002,
            0.0,
            0.0,
            0.0,
            0.58544621274838,
            0.9069109180786964,
            -0.012742592505420636,
            -0.15043846060709698,
            0.03118825361726312,
            0.3635292213295299,
            0.6737225232325867,
            0.00853552634620705,
            -0.18247024108454554,
            0.03658912875872424
        ],
        [
            0.06260418181571678,
            0.019305334201194353,
            0.4741841414305566,
            0.08085948068796328,
            0.010561814544369389,
            0.0,
            0.0,
            1.0000000000000004,
            0.0,
            0.0,
            0.04535611489833405,
            0.012742592505420636,
            0.554188980301695,
            -0.05247119432903291,
            0.010878101980906444,
            -0.010777978561986475,
            -0.008535526346207061,
            0.09410300865136192,
            0.020074898925900166,
            -0.004025440297839042
        ],
        [
            -0.527523438799238,
            -0.16267309929807078,
            0.08085948068796328,
            -0.19756840278581125,
            -0.08899732520754379,
            0.0,
            0.0,
            0.0,
            1.0000000000000004,
            0.0,
            0.5354722048532427,
            0.15043846060709698,
            -0.05247119432903295,
            -0.06083905599908436,
            0.12842637129284537,
            0.2304087957602831,
            0.18247024108454576,
            0.020074898925900152,
            -0.3341138532915519,
            0.08605480574077735
        ],
        [
            -0.06890478000849853,
            -0.021248257984419268,
            0.010561814544369389,
            -0.08899732520754379,
            0.4721554173861939,
            0.0,
            0.0,
            0.0,
            0.0,
            1.0000000000000004,
            -0.11101179088487806,
            -0.031188253617263146,
            0.01087810198090645,
            0.12842637129284531,
            0.5320086470414845,
            -0.04620181923971605,
            -0.036589128758724214,
            -0.00402544029783904,
            0.08605480574077737,
            0.07778626285664723
        ],
        [
            0.1645128713182944,
            0.34839049312946246,
            -0.004919757029788855,
            0.21337586874968695,
            -0.006030313396533176,
            0.6278133898033222,
            0.58544621274838,
            0.04535611489833405,
            0.5354722048532431,
            -0.11101179088487803,
            0.9999999999999999,
            0.6848602514927513,
            0.0,
            0.0,
            0.0,
            0.6131718248887101,
            0.5804851887770595,
            0.09309286721715282,
            -0.5291028615783401,
            0.1025644812906526
        ],
        [
            0.34839049312946246,
            0.6560659222430864,
            -0.004237382079965928,
            0.1837804340869841,
            -0.005193903229026914,
            0.58544621274838,
            0.9069109180786964,
            0.012742592505420636,
            0.15043846060709737,
            -0.03118825361726312,
            0.6848602514927513,
            1.0000000000000002,
            0.0,
            0.0,
            0.0,
            0.5804851887770595,
            0.9021139134278197,
            0.026699342080330125,
            -0.15174844990013067,
            0.02941583230950467
        ],
        [
            0.0049197570297888574,
            0.004237382079965927,
            0.08091466532845244,
            0.009384345591548507,
            -0.0002652152995088629,
            -0.04535611489833405,
            -0.012742592505420636,
            0.554188980301695,
            -0.05247119432903295,
            0.010878101980906444,
            0.0,
            0.0,
            1.0000000000000004,
            0.0,
            0.0,
            -0.09309286721715279,
            -0.026699342080330108,
            0.5220031802611323,
            0.10941909044530956,
            -0.021210454657797286
        ],
        [
            -0.21337586874968698,
            -0.18378043408698386,
            0.00938434559154851,
            -0.325879487371698,
            0.011502711332238446,
            -0.5354722048532428,
            -0.15043846060709698,
            -0.05247119432903291,
            -0.06083905599908454,
            0.1284263712928453,
            0.0,
            0.0,
            0.0,
            1.0000000000000004,
            0.0,
            0.52910286157834,
            0.15174844990013067,
            0.10941909044530945,
            -0.08063973221107837,
            0.12055179510842652
        ],
        [
            0.006030313396533179,
            0.005193903229026914,
            -0.0002652152995088629,
            0.01150271133223844,
            0.08080595456286688,
            0.11101179088487806,
            0.031188253617263153,
            0.01087810198090645,
            0.1284263712928454,
            0.5320086470414845,
            0.0,
            0.0,
            0.0,
            0.0,
            1.0000000000000004,
            -0.10256448129065258,
            -0.02941583230950467,
            -0.021210454657797292,
            0.12055179510842667,
            0.517886408959597
        ],
        [
            0.023284495476117953,
            0.15417310812652227,
            -0.002123405549664438,
            0.029271252313268624,
            -0.00239604455598755,
            0.18279987267200165,
            0.3635292213295299,
            -0.010777978561986475,
            0.23040879576028314,
            -0.046201819239716065,
            0.6131718248887101,
            0.5804851887770595,
            -0.09309286721715282,
            0.5291028615783401,
            -0.1025644812906526,
            0.9999999999999999,
            0.6848602514927513,
            0.0,
            0.0,
            0.0
        ],
        [
            0.15417310812652227,
            0.3940626275606726,
            -0.00823367646707254,
            0.11350164426743126,
            -0.009290856227539578,
            0.3635292213295299,
            0.6737225232325867,
            -0.008535526346207047,
            0.18247024108454576,
            -0.03658912875872423,
            0.5804851887770595,
            0.9021139134278197,
            -0.02669934208033013,
            0.15174844990013067,
            -0.02941583230950467,
            0.6848602514927513,
            1.0000000000000002,
            0.0,
            0.0,
            0.0
        ],
        [
            0.0021234055496644373,
            0.008233676467072532,
            0.0036656335195164405,
            0.003095012980190473,
            -0.00025334717225387096,
            0.010777978561986474,
            0.008535526346207054,
            0.09410300865136192,
            0.02007489892590016,
            -0.004025440297839042,
            0.09309286721715279,
            0.02669934208033012,
            0.5220031802611323,
            0.10941909044530945,
            -0.021210454657797292,
            0.0,
            0.0,
            1.0000000000000004,
            0.0,
            0.0
        ],
        [
            -0.029271252313268614,
            -0.11350164426743134,
            0.003095012980190473,
            -0.03877475656967663,
            0.0034924035133411524,
            -0.23040879576028322,
            -0.18247024108454554,
            0.02007489892590016,
            -0.334113853291552,
            0.0860548057407774,
            -0.5291028615783393,
            -0.15174844990013067,
            0.10941909044530956,
            -0.08063973221107837,
            0.12055179510842667,
            0.0,
            0.0,
            0.0,
            1.0000000000000004,
            0.0
        ],
        [
            0.002396044555987549,
            0.009290856227539578,
            -0.000253347172253871,
            0.0034924035133411533,
            0.0036042768454728484,
            0.04620181923971605,
            0.036589128758724214,
            -0.00402544029783904,
            0.08605480574077734,
            0.07778626285664723,
            0.10256448129065258,
            0.02941583230950467,
            -0.021210454657797286,
            0.12055179510842652,
            0.517886408959597,
            0.0,
            0.0,
            0.0,
            0.0,
            1.0000000000000004
        ]
    ],
    "h": [
        [
            -0.28316316047502066,
            -0.4748080600138218,
            0.03318933567490439,
            -0.30181697070152375,
            -0.03705261315941176,
            -0.5985285137048943,
            -0.46712417201380274,
            -0.011078204512562417,
            0.013604486697081808,
            0.011368623630016228,
            -0.3095097688921154,
            -0.34280154241110555,
            0.0068000384034155766,
            0.3594419110305557,
            -0.044810149825251874,
            -0.039431835934591423,
            -0.1741263490851691,
            -0.007908908809266854,
            0.11081452157759131,
            -0.015451474245418415
        ],
        [
            -0.4748080600138218,
            -0.3171623885839152,
            0.026834236166061697,
            -0.25654652305237774,
            -0.029018405079124093,
            -0.5650795135461664,
            -0.3729574908324711,
            -0.035716506176914416,
            0.08922737897899152,
            0.053049757988827495,
            -0.39229984113135485,
            -0.3300545976819995,
            0.021538943168912687,
            0.21408657547452076,
            -0.0335928041022002,
            -0.17794469567288862,
            -0.2257901300273084,
            -0.018190241216524655,
            0.15391080600536478,
            -0.028099933977846197
        ],
        [
            0.03318933567490439,
            0.026834236166061697,
            1.4791864221590119,
            0.03180373442552526,
            0.004095377137681915,
            0.0046332414316702375,
            0.02437025402288901,
            0.40398240953793396,
            0.11742569955231147,
            0.01413011139038469,
            0.02099946848934906,
            0.021251373777441553,
            -0.046193228372313155,
            -0.024893508389347903,
            0.0039322982309717,
            0.006520733312272988,
            0.012265581112293835,
            -0.009919407804530394,
            -0.011573054066657554,
            0.0014696533574023304
        ],
        [
            -0.30181697070152375,
            -0.25654652305237774,
            0.03180373442552526,
            1.1853836568936478,
            -0.03370388967434344,
            -0.10088402674260144,
            -0.25167593093253593,
            0.103718460763354,
            -0.6034439348825836,
            -0.10465139547923066,
            -0.2923723982645968,
            -0.21431375602819036,
            0.019493034397251172,
            0.10932213301577964,
            -0.03948522543574616,
            -0.10981955103653224,
            -0.1482875430893749,
            -0.013692868318078272,
            0.15101152257756212,
            -0.0205113862578555
        ],
        [
            -0.03705261315941176,
            -0.029018405079124093,
            0.004095377137681915,
            -0.03370388967434344,
            1.4782722401553958,
            -0.0022251860107749682,
            -0.024677065885616196,
            0.014738164703523876,
            -0.12511543356171717,
            0.4005080125210715,
            -0.014244704875402438,
            -0.021057275100856927,
            0.0007627157819231106,
            0.03288411792214565,
            -0.04904198587070008,
            0.004008465911643333,
            -0.008276836111022003,
            0.0005052067612412298,
            -0.004891346628210341,
            -0.01048238757220317
        ],
        [
            -0.5985285137048943,
            -0.5650795135461664,
            0.0046332414316702375,
            -0.10088402674260144,
            -0.0022251860107749682,
            -0.5258189766382131,
            -0.6374165760400181,
            -0.05478917050360515,
            -0.01609187598887274,
            0.09488295818438168,
            -0.6259578218472721,
            -0.5710244167065395,
            0.010906893652196895,
            0.044707285834274746,
            0.005869762111548493,
            -0.3408765575133591,
            -0.4042494222375371,
            -0.0342787483540863,
            0.3057607646212775,
            -0.05924395982323674
        ],
        [
            -0.46712417201380274,
            -0.3729574908324711,
            0.02437025402288901,
            -0.25167593093253593,
            -0.024677065885616196,
            -0.6374165760400181,
            -0.4446126805855146,
            -0.04092934725861236,
            -0.03431405586134728,
            0.07707527534256717,
            -0.578609895177522,
            -0.42886924623089584,
            0.03962474671190683,
            0.14436990632919305,
            -0.021196062955632797,
            -0.3641473192104382,
            -0.33686708367629936,
            -0.033366763941974825,
            0.22876664396696733,
            -0.04467715685466334
        ],
        [
            -0.011078204512562417,
            -0.035716506176914416,
            0.40398240953793396,
            0.103718460763354,
            0.014738164703523876,
            -0.05478917050360515,
            -0.04092934725861236,
            1.3718287013074721,
            0.01260822346723784,
            0.008487245918561393,
            -0.0034268156330320987,
            -0.02944186246215092,
            0.5065182804102523,
            -0.060826603272753826,
            0.01445183103506403,
            -0.005391063344350456,
            -0.017982287195667777,
            -0.04472426763994827,
            0.02392836562569984,
            -0.004653109245387071
        ],
        [
            0.013604486697081808,
            0.08922737897899152,
            0.11742569955231147,
            -0.6034439348825836,
            -0.12511543356171717,
            -0.01609187598887274,
            -0.03431405586134728,
            0.01260822346723784,
            0.725692701094725,
            0.03763847545272887,
            -0.06772883283689235,
            -0.1551573435734106,
            -0.05338120315822442,
            -0.6260132175814346,
            0.22109559058575234,
            -0.3787092813003439,
            -0.2204181561387477,
            -0.0369178901214528,
            0.08139743800490751,
            -0.024961261756480113
        ],
        [
            0.011368623630016228,
            0.053049757988827495,
            0.01413011139038469,
            -0.10465139547923066,
            0.4005080125210715,
            0.09488295818438168,
            0.07707527534256717,
            0.008487245918561393,
            0.03763847545272887,
            1.359185154194825,
            0.032055347220507846,
            0.0730229229633419,
            0.011804386176526613,
            0.19307826767338154,
            0.4720234640705795,
            0.06950598701413749,
            0.058591323854161916,
            0.007462978467057447,
            -0.02922090889957471,
            -0.03696424739204088
        ],
        [
            -0.3095097688921154,
            -0.39229984113135485,
            0.02099946848934906,
            -0.2923723982645968,
            -0.014244704875402438,
            -0.6259578218472721,
            -0.578609895177522,
            -0.0034268156330320987,
            -0.06772883283689235,
            0.032055347220507846,
            -0.5677951283586293,
            -0.6518978013713497,
            0.07576992253473679,
            -0.015693892742029494,
            0.0004220331614238522,
            -0.6419956664124601,
            -0.5873108363851205,
            -0.007040449211182409,
            0.10177352412246843,
            -0.02150126513784023
        ],
        [
            -0.34280154241110555,
            -0.3300545976819995,
            0.021251373777441553,
            -0.21431375602819036,
            -0.021057275100856927,
            -0.5710244167065395,
            -0.42886924623089584,
            -0.02944186246215092,
            -0.1551573435734106,
            0.0730229229633419,
            -0.6518978013713497,
            -0.44509349440084023,
            0.055428507514898376,
            0.02277215802733136,
            -0.0028132183592475056,
            -0.48973336760095854,
            -0.37665255322195823,
            -0.03900541650469979,
            0.26799173791769587,
            -0.05321012072731924
        ],
        [
            0.0068000384034155766,
            0.021538943168912687,
            -0.046193228372313155,
            0.019493034397251172,
            0.0007627157819231106,
            0.010906893652196895,
            0.03962474671190683,
            0.5065182804102523,
            -0.05338120315822442,
            0.011804386176526613,
            0.07576992253473679,
            0.055428507514898376,
            1.3547711336593016,
            0.029772723341078243,
            -0.005045756948911181,
            0.01174114641621038,
            0.04978206286122931,
            0.47422391813819664,
            0.14699413488203994,
            -0.02825907271157948
        ],
        [
            0.3594419110305557,
            0.21408657547452076,
            -0.024893508389347903,
            0.10932213301577964,
            0.03288411792214565,
            0.044707285834274746,
            0.14436990632919305,
            -0.060826603272753826,
            -0.6260132175814346,
            0.19307826767338154,
            -0.015693892742029494,
            0.02277215802733136,
            0.029772723341078243,
            0.7065146416422392,
            0.12090335074999965,
            0.007052176338483651,
            -0.08961665434910224,
            0.16525848485986616,
            -0.4771011584775637,
            0.18819892252414405
        ],
        [
            -0.044810149825251874,
            -0.0335928041022002,
            0.0039322982309717,
            -0.03948522543574616,
            -0.04904198587070008,
            0.005869762111548493,
            -0.021196062955632797,
            0.01445183103506403,
            0.22109559058575234,
            0.4720234640705795,
            0.0004220331614238522,
            -0.0028132183592475056,
            -0.005045756948911181,
            0.12090335074999965,
            1.3425879250735453,
            -0.007152255622906639,
            0.015157646654911039,
            -0.0323621274274312,
            0.191185556159358,
            0.4645806762363195
        ],
        [
            -0.039431835934591423,
            -0.17794469567288862,
            0.006520733312272988,
            -0.10981955103653224,
            0.004008465911643333,
            -0.3408765575133591,
            -0.3641473192104382,
            -0.005391063344350456,
            -0.3787092813003439,
            0.06950598701413749,
            -0.6419956664124601,
            -0.48973336760095854,
            0.01174114641621038,
            0.007052176338483651,
            -0.007152255622906639,
            -0.33009818443654404,
            -0.49366399616936274,
            -0.054673430698984615,
            0.33036289459249113,
            -0.06609905250135137
        ],
        [
            -0.1741263490851691,
            -0.2257901300273084,
            0.012265581112293835,
            -0.1482875430893749,
            -0.008276836111022003,
            -0.4042494222375371,
            -0.33686708367629936,
            -0.017982287195667777,
            -0.2204181561387477,
            0.058591323854161916,
            -0.5873108363851205,
            -0.37665255322195823,
            0.04978206286122931,
            -0.08961665434910224,
            0.015157646654911039,
            -0.49366399616936274,
            -0.3226921637663531,
            -0.04215717969257148,
            0.2689548745094522,
            -0.05375327578852159
        ],
        [
            -0.007908908809266854,
            -0.018190241216524655,
            -0.009919407804530394,
            -0.013692868318078272,
            0.0005052067612412298,
            -0.0342787483540863,
            -0.033366763941974825,
            -0.04472426763994827,
            -0.0369178901214528,
            0.007462978467057447,
            -0.007040449211182409,
            -0.03900541650469979,
            0.47422391813819664,
            0.16525848485986616,
            -0.0323621274274312,
            -0.054673430698984615,
            -0.04215717969257148,
            1.4555352941366875,
            0.05092970556870391,
            -0.00995678197542815
        ],
        [
            0.11081452157759131,
            0.15391080600536478,
            -0.011573054066657554,
            0.15101152257756212,
            -0.004891346628210341,
            0.3057607646212775,
            0.22876664396696733,
            0.02392836562569984,
            0.08139743800490751,
            -0.02922090889957471,
            0.10177352412246843,
            0.26799173791769587,
            0.14699413488203994,
            -0.4771011584775637,
            0.191185556159358,
            0.33036289459249113,
            0.2689548745094522,
            0.05092970556870391,
            1.1443144877708706,
            0.06286812226037258
        ],
        [
            -0.015451474245418415,
            -0.028099933977846197,
            0.0014696533574023304,
            -0.0205113862578555,
            -0.01048238757220317,
            -0.05924395982323674,
            -0.04467715685466334,
            -0.004653109245387071,
            -0.024961261756480113,
            -0.03696424739204088,
            -0.02150126513784023,
            -0.05321012072731924,
            -0.02825907271157948,
            0.18819892252414405,
            0.4645806762363195,
            -0.06609905250135137,
            -0.05375327578852159,
            -0.00995678197542815,
            0.06286812226037258,
            1.4518770809251251
        ]
    ]
}