{
    "HF": -2.1217305290250197,
    "coordinates": [
        [
            0.761532,
            0.039946,
            -0.007433
        ],
        [
            1.454388,
            0.044514,
            -0.117961
        ],
        [
            2.160931,
            -0.022419,
            -0.032735
        ],
        [
            2.844246,
            -0.113443,
            -0.153882
        ]
    ],
    "elements": [
        "H",
        "H",
        "H",
        "H"
    ],
    "Enn": 3.2592432053425364,
    "S": [
        [
            0.9999999999999999,
            0.6848602514927513,
            0.0,
            0.0,
            0.0,
            0.6018046693851618,
            0.5765652358247632,
            0.08585687601787184,
            -0.5382025522061252,
            -0.003548369731196054,
            0.16059993514325072,
            0.34501308860901003,
            0.003770852301383885,
            -0.208557700565343,
            0.009294490703335944,
            0.021326090645444707,
            0.14850499830032846,
            0.0018740039612708296,
            -0.02665101356918937,
            0.0019628102179965125
        ],
        [
            0.6848602514927513,
            1.0000000000000002,
            0.0,
            0.0,
            0.0,
            0.5765652358247632,
            0.8983125140630905,
            0.025030202729701155,
            -0.1569043694130883,
            -0.0010344705963129274,
            0.34501308860901003,
            0.6520873729649946,
            0.0033104476729558276,
            -0.18309371445287767,
            0.00815967390419296,
            0.14850499830032846,
            0.384927838416214,
            0.007768874638829474,
            -0.11048449613541307,
            0.00813703003759271
        ],
        [
            0.0,
            0.0,
            1.0000000000000004,
            0.0,
            0.0,
            -0.08585687601787181,
            -0.025030202729701155,
            0.5110650931943066,
            0.10493511627653218,
            0.0006918372809807495,
            -0.0037708523013838813,
            -0.0033104476729558276,
            0.07811289720723552,
            0.007192398098778624,
            -0.0003205332485090591,
            -0.0018740039612708285,
            -0.00776887463882947,
            0.003194386233645118,
            0.002678654914576924,
            -0.00019727922253945566
        ],
        [
            0.0,
            0.0,
            0.0,
            1.0000000000000004,
            0.0,
            0.5382025522061251,
            0.15690436941308827,
            0.10493511627653218,
            -0.12999155020194963,
            -0.00433685230123768,
            0.20855770056534279,
            0.18309371445287767,
            0.007192398098778624,
            -0.3195530722347062,
            0.01772800203265864,
            0.02665101356918937,
            0.11048449613541292,
            0.002678654914576925,
            -0.03471155999833505,
            0.002805592381593866
        ],
        [
            0.0,
            0.0,
            0.0,
            0.0,
            1.0000000000000004,
            0.003548369731196054,
            0.001034470596312927,
            0.0006918372809807495,
            -0.00433685230123768,
            0.5277762969516537,
            -0.009294490703335934,
            -0.008159673904192952,
            -0.0003205332485090591,
            0.01772800203265864,
            0.07745288187917579,
            -0.0019628102179965125,
            -0.008137030037592705,
            -0.00019727922253945571,
            0.002805592381593866,
            0.003176111676391733
        ],
        [
            0.6018046693851618,
            0.5765652358247632,
            -0.08585687601787184,
            0.5382025522061252,
            0.003548369731196054,
            0.9999999999999999,
            0.6848602514927513,
            0.0,
            0.0,
            0.0,
            0.5910985156693493,
            0.5728170851275564,
            -0.06471992327363005,
            -0.5365429417023024,
            0.050828369564145694,
            0.16127964495566002,
            0.345603506507462,
            0.005381226921626751,
            -0.20821083173737698,
            0.023663106841663572
        ],
        [
            0.5765652358247632,
            0.8983125140630905,
            -0.02503020272970115,
            0.1569043694130883,
            0.0010344705963129274,
            0.6848602514927513,
            1.0000000000000002,
            0.0,
            0.0,
            0.0,
            0.5728170851275564,
            0.8946685098687708,
            -0.019166415827699502,
            -0.15889396355748592,
            0.015052515788555265,
            0.345603506507462,
            0.6527839409491035,
            0.004708411148869532,
            -0.18217819388506784,
            0.02070450432454511
        ],
        [
            0.08585687601787181,
            0.025030202729701148,
            0.5110650931943066,
            0.10493511627653218,
            0.0006918372809807495,
            0.0,
            0.0,
            1.0000000000000004,
            0.0,
            0.0,
            0.06471992327363005,
            0.019166415827699505,
            0.5054593167612267,
            -0.08053725387122991,
            0.007629542736058569,
            -0.005381226921626751,
            -0.0047084111488695304,
            0.07847853927872914,
            0.01020608500508902,
            -0.0011599189047721754
        ],
        [
            -0.5382025522061252,
            -0.15690436941308827,
            0.10493511627653218,
            -0.12999155020194963,
            -0.00433685230123768,
            0.0,
            0.0,
            0.0,
            1.0000000000000004,
            0.0,
            0.536542941702302,
            0.1588939635574859,
            -0.08053725387122991,
            -0.152498186402113,
            0.06325065136651999,
            0.20821083173737698,
            0.1821781938850676,
            0.010206085005089013,
            -0.31615228263789485,
            0.04487966841537948
        ],
        [
            -0.003548369731196054,
            -0.001034470596312927,
            0.0006918372809807495,
            -0.00433685230123768,
            0.5277762969516537,
            0.0,
            0.0,
            0.0,
            0.0,
            1.0000000000000004,
            -0.05082836956414569,
            -0.015052515788555262,
            0.007629542736058569,
            0.06325065136651999,
            0.5091821080853417,
            -0.023663106841663575,
            -0.020704504324545105,
            -0.0011599189047721747,
            0.04487966841537948,
            0.07364175379098845
        ],
        [
            0.16059993514325072,
            0.34501308860901003,
            -0.003770852301383885,
            0.208557700565343,
            -0.009294490703335944,
            0.5910985156693493,
            0.5728170851275564,
            0.06471992327363005,
            0.5365429417023024,
            -0.050828369564145694,
            0.9999999999999999,
            0.6848602514927513,
            0.0,
            0.0,
            0.0,
            0.6032014384784461,
            0.5770501896110425,
            0.09438115921512444,
            -0.5323455125515513,
            0.07091344099645461
        ],
        [
            0.34501308860901003,
            0.6520873729649946,
            -0.0033104476729558276,
            0.18309371445287767,
            -0.00815967390419296,
            0.5728170851275564,
            0.8946685098687708,
            0.01916641582769951,
            0.15889396355748592,
            -0.015052515788555265,
            0.6848602514927513,
            1.0000000000000002,
            0.0,
            0.0,
            0.0,
            0.5770501896110425,
            0.8987833331672269,
            0.027459614798532202,
            -0.15488263585610054,
            0.020631827262925208
        ],
        [
            0.0037708523013838813,
            0.0033104476729558276,
            0.07811289720723552,
            0.007192398098778624,
            -0.0003205332485090591,
            -0.06471992327363005,
            -0.019166415827699502,
            0.5054593167612267,
            -0.08053725387122991,
            0.007629542736058569,
            0.0,
            0.0,
            1.0000000000000004,
            0.0,
            0.0,
            -0.09438115921512441,
            -0.027459614798532216,
            0.5092817158678181,
            0.11378767150731316,
            -0.015157590586013289
        ],
        [
            -0.20855770056534279,
            -0.18309371445287767,
            0.007192398098778624,
            -0.3195530722347062,
            0.01772800203265864,
            -0.536542941702302,
            -0.1588939635574859,
            -0.08053725387122991,
            -0.152498186402113,
            0.06325065136651999,
            0.0,
            0.0,
            0.0,
            1.0000000000000004,
            0.0,
            0.532345512551551,
            0.15488263585610051,
            0.11378767150731296,
            -0.11235011866955476,
            0.08549455629344235
        ],
        [
            0.009294490703335934,
            0.008159673904192954,
            -0.0003205332485090591,
            0.01772800203265864,
            0.07745288187917579,
            0.05082836956414569,
            0.015052515788555262,
            0.007629542736058569,
            0.06325065136651999,
            0.5091821080853417,
            0.0,
            0.0,
            0.0,
            0.0,
            1.0000000000000004,
            -0.0709134409964546,
            -0.020631827262925184,
            -0.015157590586013273,
            0.08549455629344242,
            0.518066798220821
        ],
        [
            0.021326090645444707,
            0.14850499830032846,
            -0.0018740039612708296,
            0.02665101356918937,
            -0.0019628102179965125,
            0.16127964495566002,
            0.345603506507462,
            -0.005381226921626756,
            0.20821083173737698,
            -0.023663106841663572,
            0.6032014384784461,
            0.5770501896110425,
            -0.09438115921512444,
            0.5323455125515513,
            -0.07091344099645464,
            0.9999999999999999,
            0.6848602514927513,
            0.0,
            0.0,
            0.0
        ],
        [
            0.14850499830032846,
            0.384927838416214,
            -0.007768874638829478,
            0.11048449613541299,
            -0.008137030037592708,
            0.345603506507462,
            0.6527839409491035,
            -0.004708411148869532,
            0.18217819388506762,
            -0.02070450432454512,
            0.5770501896110425,
            0.8987833331672269,
            -0.02745961479853222,
            0.1548826358561013,
            -0.020631827262925197,
            0.6848602514927513,
            1.0000000000000002,
            0.0,
            0.0,
            0.0
        ],
        [
            0.0018740039612708285,
            0.00776887463882947,
            0.003194386233645118,
            0.002678654914576924,
            -0.00019727922253945566,
            0.005381226921626751,
            0.0047084111488695304,
            0.07847853927872914,
            0.010206085005089011,
            -0.0011599189047721745,
            0.09438115921512441,
            0.0274596147985322,
            0.5092817158678181,
            0.11378767150731296,
            -0.01515759058601328,
            0.0,
            0.0,
            1.0000000000000004,
            0.0,
            0.0
        ],
        [
            -0.02665101356918937,
            -0.110484496135413,
            0.002678654914576925,
            -0.03471155999833505,
            0.002805592381593866,
            -0.20821083173737698,
            -0.18217819388506737,
            0.010206085005089021,
            -0.31615228263789485,
            0.04487966841537948,
            -0.5323455125515513,
            -0.15488263585610051,
            0.11378767150731316,
            -0.11235011866955476,
            0.08549455629344246,
            0.0,
            0.0,
            0.0,
            1.0000000000000004,
            0.0
        ],
        [
            0.0019628102179965125,
            0.008137030037592705,
            -0.00019727922253945571,
            0.002805592381593866,
            0.003176111676391733,
            0.023663106841663575,
            0.020704504324545105,
            -0.0011599189047721756,
            0.04487966841537948,
            0.07364175379098845,
            0.07091344099645461,
            0.020631827262925184,
            -0.01515759058601328,
            0.08549455629344231,
            0.518066798220821,
            0.0,
            0.0,
            0.0,
            0.0,
            1.0000000000000004
        ]
    ],
    "h": [
        [
            -0.3147037995982993,
            -0.4874833155949865,
            0.048555824279905554,
            -0.32668366450075104,
            -0.0015819897099563739,
            -0.6249840771258496,
            -0.48316075607205666,
            -0.01238292624000506,
            -0.0008828984075164303,
            0.0025186014326458363,
            -0.3049172569663977,
            -0.34787856911939147,
            0.014717455621894422,
            0.36176310083559665,
            -0.026950586718184774,
            -0.036551560795269236,
            -0.17320913265917684,
            -0.006482854991050411,
            0.10254793343320268,
            -0.009736425570442436
        ],
        [
            -0.4874833155949865,
            -0.31889967856098056,
            0.03745388192332543,
            -0.26680854921264296,
            -0.0004442261167207917,
            -0.5725015430857805,
            -0.37267615587162806,
            -0.05014609619975021,
            0.1007384705122486,
            0.012762637587633512,
            -0.3798972101985693,
            -0.3277085600516725,
            0.028680729970369127,
            0.2072960065495698,
            -0.015151541807091204,
            -0.1733025411384071,
            -0.2225105208519047,
            -0.016849779420453855,
            0.14610949437093637,
            -0.017480359217286637
        ],
        [
            0.048555824279905554,
            0.03745388192332543,
            1.46631418298512,
            0.045933201764648185,
            0.00030321491178800545,
            0.0036396950203833045,
            0.033858932331237254,
            0.4617039002781629,
            0.15630130942290876,
            0.0006897487191023755,
            0.025217735962085937,
            0.028353125864485646,
            -0.04814347700478808,
            -0.034610807238998766,
            0.002776491700244874,
            0.006031369097996547,
            0.01519809546726104,
            -0.00899017956767527,
            -0.011319754417913695,
            0.0010374469792798552
        ],
        [
            -0.32668366450075104,
            -0.26680854921264296,
            0.045933201764648185,
            1.1544039112400237,
            -0.0005532586231406303,
            -0.08661407064475624,
            -0.2615559626156615,
            0.1385574849733524,
            -0.5318511629143454,
            0.00168277936293873,
            -0.28630143692514404,
            -0.217540499625542,
            0.027046393621107192,
            0.12322844845317216,
            -0.01736167602737477,
            -0.10281394734546719,
            -0.1470763854042906,
            -0.011992310173277617,
            0.14025928284509517,
            -0.01385546125278507
        ],
        [
            -0.0015819897099563739,
            -0.0004442261167207917,
            0.00030321491178800545,
            -0.0005532586231406303,
            1.4735045625269947,
            0.002615054129774215,
            0.0007679131436962544,
            0.001443961155051471,
            -0.003863512994685815,
            0.4850692187713084,
            0.005911945519261642,
            0.000853177877331638,
            -0.0004955591343385282,
            0.004498603830407906,
            -0.045763604347947684,
            0.005602026156890243,
            0.00286912380941484,
            0.0006758631401986645,
            -0.008009853469133653,
            -0.009031501597630099
        ],
        [
            -0.6249840771258496,
            -0.5725015430857805,
            0.0036396950203833045,
            -0.08661407064475624,
            0.002615054129774215,
            -0.5225335898413421,
            -0.6333336678101124,
            -0.07804729765641641,
            0.0390358296034784,
            0.026604557149049517,
            -0.5858666219545879,
            -0.5529767072669498,
            0.011033510765613708,
            0.060173181635661876,
            0.0009636358276048085,
            -0.3059583206756471,
            -0.38034815370551744,
            -0.028529336233532043,
            0.2845151896609325,
            -0.03468692172762593
        ],
        [
            -0.48316075607205666,
            -0.37267615587162806,
            0.033858932331237254,
            -0.2615559626156615,
            0.0007679131436962544,
            -0.6333336678101124,
            -0.4401304272488784,
            -0.05895276454228141,
            -0.008747286301201834,
            0.023584925922209524,
            -0.5532009491596332,
            -0.4214768257612609,
            0.04596211807043038,
            0.1390557007537071,
            -0.005495217773664917,
            -0.34859219039528294,
            -0.32796932379145316,
            -0.031468311533251386,
            0.21589817533318917,
            -0.027888814983952903
        ],
        [
            -0.01238292624000506,
            -0.05014609619975021,
            0.4617039002781629,
            0.1385574849733524,
            0.001443961155051471,
            -0.07804729765641641,
            -0.05895276454228141,
            1.3713920815147838,
            0.016750159648226647,
            0.003140996515642559,
            -0.009403174136788123,
            -0.043472259987682685,
            0.43765605932759744,
            -0.09710626894294261,
            0.009840496323823177,
            -0.013879854906525223,
            -0.02761037513390626,
            -0.04832453477900789,
            0.027091955880639486,
            -0.0033182102293658707
        ],
        [
            -0.0008828984075164303,
            0.1007384705122486,
            0.15630130942290876,
            -0.5318511629143454,
            -0.003863512994685815,
            0.0390358296034784,
            -0.008747286301201834,
            0.016750159648226647,
            0.7345886478873704,
            0.03145068797490859,
            -0.059906935161486485,
            -0.13780891172984422,
            -0.09566480816210293,
            -0.7217988570530799,
            0.11235049535090572,
            -0.36179211567167074,
            -0.20678282195482844,
            -0.03784946032584392,
            0.11980696535000701,
            -0.023709108556874095
        ],
        [
            0.0025186014326458363,
            0.012762637587633512,
            0.0006897487191023755,
            0.00168277936293873,
            0.4850692187713084,
            0.026604557149049517,
            0.023584925922209524,
            0.003140996515642559,
            0.03145068797490859,
            1.3797002155860527,
            0.012986137699095984,
            0.02689066136114581,
            0.008789479242489243,
            0.09995215764733928,
            0.4412936783108319,
            0.03513198985847407,
            0.024777751651470684,
            0.0037263071023003005,
            -0.01574483980096894,
            -0.043266073904647956
        ],
        [
            -0.3049172569663977,
            -0.3798972101985693,
            0.025217735962085937,
            -0.28630143692514404,
            0.005911945519261642,
            -0.5858666219545879,
            -0.5532009491596332,
            -0.009403174136788123,
            -0.059906935161486485,
            0.012986137699095984,
            -0.5237748303035643,
            -0.6337224337406456,
            0.08296006056382388,
            -0.036726573737351165,
            0.015102927997246664,
            -0.6262833957145413,
            -0.5731551682247443,
            -0.004500281686205171,
            0.08612822775228701,
            -0.010556118766955225
        ],
        [
            -0.34787856911939147,
            -0.3277085600516725,
            0.028353125864485646,
            -0.217540499625542,
            0.000853177877331638,
            -0.5529767072669498,
            -0.4214768257612609,
            -0.043472259987682685,
            -0.13780891172984422,
            0.02689066136114581,
            -0.6337224337406456,
            -0.4400887125898736,
            0.06268189431244761,
            0.010890366311224503,
            0.00860820756239816,
            -0.4838515940293936,
            -0.372802419632823,
            -0.03767248609084006,
            0.2594846901759571,
            -0.03382654127759345
        ],
        [
            0.014717455621894422,
            0.028680729970369127,
            -0.04814347700478808,
            0.027046393621107192,
            -0.0004955591343385282,
            0.011033510765613708,
            0.04596211807043038,
            0.43765605932759744,
            -0.09566480816210293,
            0.008789479242489243,
            0.08296006056382388,
            0.06268189431244761,
            1.3694714189665056,
            0.02065910661123123,
            -0.003832132294512491,
            0.012626488843893169,
            0.053685775796360795,
            0.4592494281546541,
            0.1512842399675322,
            -0.02032454992117362
        ],
        [
            0.36176310083559665,
            0.2072960065495698,
            -0.034610807238998766,
            0.12322844845317216,
            0.004498603830407906,
            0.060173181635661876,
            0.1390557007537071,
            -0.09710626894294261,
            -0.7217988570530799,
            0.09995215764733928,
            -0.036726573737351165,
            0.010890366311224503,
            0.02065910661123123,
            0.7401758215241687,
            0.06936155863712652,
            0.0016689291091799285,
            -0.09831918707117826,
            0.16979906089435148,
            -0.5072886639151226,
            0.13106038960908714
        ],
        [
            -0.026950586718184774,
            -0.015151541807091204,
            0.002776491700244874,
            -0.01736167602737477,
            -0.045763604347947684,
            0.0009636358276048085,
            -0.005495217773664917,
            0.009840496323823177,
            0.11235049535090572,
            0.4412936783108319,
            0.015102927997246664,
            0.00860820756239816,
            -0.003832132294512491,
            0.06936155863712652,
            1.374593245509439,
            -0.00046269035123500113,
            0.017560978529039168,
            -0.02252658435866539,
            0.12949175784638867,
            0.47073625306802946
        ],
        [
            -0.036551560795269236,
            -0.1733025411384071,
            0.006031369097996547,
            -0.10281394734546719,
            0.005602026156890243,
            -0.3059583206756471,
            -0.34859219039528294,
            -0.013879854906525223,
            -0.36179211567167074,
            0.03513198985847407,
            -0.6262833957145413,
            -0.4838515940293936,
            0.012626488843893169,
            0.0016689291091799285,
            -0.00046269035123500113,
            -0.3161257923430585,
            -0.4880538496436543,
            -0.053809439306640464,
            0.32401904448372343,
            -0.043377015915408046
        ],
        [
            -0.17320913265917684,
            -0.2225105208519047,
            0.01519809546726104,
            -0.1470763854042906,
            0.00286912380941484,
            -0.38034815370551744,
            -0.32796932379145316,
            -0.02761037513390626,
            -0.20678282195482844,
            0.024777751651470684,
            -0.5731551682247443,
            -0.372802419632823,
            0.053685775796360795,
            -0.09831918707117826,
            0.017560978529039168,
            -0.4880538496436543,
            -0.31908922910689785,
            -0.04153722394769463,
            0.2644151870234053,
            -0.03504179126222752
        ],
        [
            -0.006482854991050411,
            -0.016849779420453855,
            -0.00899017956767527,
            -0.011992310173277617,
            0.0006758631401986645,
            -0.028529336233532043,
            -0.031468311533251386,
            -0.04832453477900789,
            -0.03784946032584392,
            0.0037263071023003005,
            -0.004500281686205171,
            -0.03767248609084006,
            0.4592494281546541,
            0.16979906089435148,
            -0.02252658435866539,
            -0.053809439306640464,
            -0.04153722394769463,
            1.4641781246105383,
            0.05028610062145431,
            -0.00670950347624137
        ],
        [
            0.10254793343320268,
            0.14610949437093637,
            -0.011319754417913695,
            0.14025928284509517,
            -0.008009853469133653,
            0.2845151896609325,
            0.21589817533318917,
            0.027091955880639486,
            0.11980696535000701,
            -0.01574483980096894,
            0.08612822775228701,
            0.2594846901759571,
            0.1512842399675322,
            -0.5072886639151226,
            0.12949175784638867,
            0.32401904448372343,
            0.2644151870234053,
            0.05028610062145431,
            1.159727975562861,
            0.041289133096695574
        ],
        [
            -0.009736425570442436,
            -0.017480359217286637,
            0.0010374469792798552,
            -0.01385546125278507,
            -0.009031501597630099,
            -0.03468692172762593,
            -0.027888814983952903,
            -0.0033182102293658707,
            -0.023709108556874095,
            -0.043266073904647956,
            -0.010556118766955225,
            -0.03382654127759345,
            -0.02032454992117362,
            0.13106038960908714,
            0.47073625306802946,
            -0.043377015915408046,
            -0.03504179126222752,
            -0.00670950347624137,
            0.041289133096695574,
            1.467540276807896
        ]
    ]
}