{
    "HF": -2.1619467253725118,
    "coordinates": [
        [
            0.725846,
            -0.0224,
            -0.066721
        ],
        [
            1.54292,
            0.051068,
            0.08376
        ],
        [
            2.328797,
            -0.110408,
            0.109731
        ],
        [
            3.020768,
            0.135472,
            -0.038684
        ]
    ],
    "elements": [
        "H",
        "H",
        "H",
        "H"
    ],
    "Enn": 2.913969853670877,
    "S": [
        [
            0.9999999999999999,
            0.6848602514927513,
            0.0,
            0.0,
            0.0,
            0.49626914022425017,
            0.5370096963975873,
            -0.09159639303215406,
            -0.4973453873934534,
            -0.04471929215838741,
            0.09264219745841597,
            0.2754722983001145,
            -0.013443494561072902,
            -0.12212535448828218,
            0.006705138334112983,
            0.010195144204088298,
            0.10823553301547476,
            -0.0001456715386964145,
            -0.011923701499028178,
            -0.0008202538487384653
        ],
        [
            0.6848602514927513,
            1.0000000000000002,
            0.0,
            0.0,
            0.0,
            0.5370096963975873,
            0.8593858079759383,
            -0.03158817151911244,
            -0.1715158302762961,
            -0.015422011982683222,
            0.27547229830011455,
            0.5665522224877633,
            -0.018145833079884,
            -0.16484302405885512,
            0.009050498026060515,
            0.10823553301547473,
            0.3157310228829578,
            -0.0010592856520002982,
            -0.08670606509469025,
            -0.005964673269343761
        ],
        [
            0.0,
            0.0,
            1.0000000000000004,
            0.0,
            0.0,
            0.09159639303215406,
            0.031588171519112446,
            0.38151647897915186,
            -0.1293902270239491,
            -0.01163424756998202,
            0.013443494561072895,
            0.01814583307988398,
            0.031113403661322175,
            -0.02485603084213102,
            0.0013646889782371807,
            0.0001456715386964145,
            0.0010592856520002982,
            0.0010364208017719283,
            -0.00017348220759476902,
            -1.193416729518536e-05
        ],
        [
            0.0,
            0.0,
            0.0,
            1.0000000000000004,
            0.0,
            0.49734538739345335,
            0.17151583027629588,
            -0.129390227023949,
            -0.2972100515040755,
            -0.06317103952655476,
            0.12212535448828211,
            0.1648430240588551,
            -0.02485603084213103,
            -0.1919512390673042,
            0.01239730670298023,
            0.011923701499028175,
            0.08670606509469017,
            -0.00017348220759476902,
            -0.013161557313958353,
            -0.0009768514133966324
        ],
        [
            0.0,
            0.0,
            0.0,
            0.0,
            1.0000000000000004,
            0.044719292158387394,
            0.015422011982683212,
            -0.011634247569982017,
            -0.06317103952655477,
            0.3996662681302617,
            -0.00670513833411298,
            -0.009050498026060514,
            0.0013646889782371813,
            0.01239730670298023,
            0.03316888395101277,
            0.0008202538487384652,
            0.005964673269343764,
            -1.193416729518536e-05,
            -0.0009768514133966324,
            0.0009713407835048943
        ],
        [
            0.49626914022425017,
            0.5370096963975873,
            0.09159639303215406,
            0.49734538739345335,
            0.04471929215838741,
            0.9999999999999999,
            0.6848602514927513,
            0.0,
            0.0,
            0.0,
            0.5207247321811989,
            0.5467233025240398,
            -0.01680107359299165,
            -0.5083969547587497,
            0.10446152090800966,
            0.13034532784821123,
            0.3169410402068972,
            0.014137224349427564,
            -0.1706304002674922,
            -0.009745175623052856
        ],
        [
            0.5370096963975873,
            0.8593858079759383,
            0.03158817151911244,
            0.17151583027629594,
            0.015422011982683222,
            0.6848602514927513,
            1.0000000000000002,
            0.0,
            0.0,
            0.0,
            0.5467233025240398,
            0.8690433131837454,
            -0.005557035524920405,
            -0.16815472670354928,
            0.03455114814300753,
            0.3169410402068972,
            0.6184265413070945,
            0.01463016593442186,
            -0.17657999955778533,
            -0.010084973747418758
        ],
        [
            -0.09159639303215406,
            -0.031588171519112446,
            0.38151647897915186,
            -0.12939022702394906,
            -0.01163424756998202,
            0.0,
            0.0,
            1.0000000000000004,
            0.0,
            0.0,
            0.016801073592991628,
            0.005557035524920405,
            0.4324995687638504,
            -0.022957375177079523,
            0.004717106002713014,
            -0.014137224349427562,
            -0.014630165934421856,
            0.054832826812065784,
            0.026802907536704987,
            0.0015307884218999845
        ],
        [
            -0.4973453873934534,
            -0.17151583027629572,
            -0.12939022702394903,
            -0.29721005150407565,
            -0.06317103952655477,
            0.0,
            0.0,
            0.0,
            1.0000000000000004,
            0.0,
            0.5083969547587497,
            0.16815472670354928,
            -0.022957375177079537,
            -0.26142710169825273,
            0.14273863594371014,
            0.1706304002674923,
            0.1765799995577853,
            0.026802907536704997,
            -0.26644638702623463,
            -0.01847597765287028
        ],
        [
            -0.044719292158387394,
            -0.015422011982683207,
            -0.011634247569982017,
            -0.06317103952655476,
            0.3996662681302617,
            0.0,
            0.0,
            0.0,
            0.0,
            1.0000000000000004,
            -0.10446152090800964,
            -0.03455114814300752,
            0.004717106002713014,
            0.14273863594371006,
            0.403929400675304,
            0.009745175623052854,
            0.010084973747418754,
            0.0015307884218999845,
            -0.018475977652870273,
            0.05599831121412299
        ],
        [
            0.09264219745841597,
            0.2754722983001145,
            0.013443494561072902,
            0.12212535448828216,
            -0.0067051383341129814,
            0.5207247321811989,
            0.5467233025240398,
            0.01680107359299165,
            0.5083969547587499,
            -0.10446152090800966,
            0.9999999999999999,
            0.6848602514927513,
            0.0,
            0.0,
            0.0,
            0.5633046697972244,
            0.5628227399332619,
            0.10605180992734903,
            -0.4944566045698727,
            -0.1756966548188295
        ],
        [
            0.27547229830011455,
            0.5665522224877633,
            0.018145833079884,
            0.1648430240588552,
            -0.009050498026060515,
            0.5467233025240398,
            0.8690433131837454,
            0.005557035524920405,
            0.16815472670354928,
            -0.03455114814300753,
            0.6848602514927513,
            1.0000000000000002,
            0.0,
            0.0,
            0.0,
            0.5628227399332619,
            0.8849072247892606,
            0.0327557126560168,
            -0.1527204342033931,
            -0.05426658105893215
        ],
        [
            -0.013443494561072895,
            -0.018145833079883985,
            0.031113403661322175,
            -0.024856030842131022,
            0.0013646889782371807,
            -0.016801073592991628,
            -0.005557035524920405,
            0.4324995687638504,
            -0.022957375177079537,
            0.004717106002713014,
            0.0,
            0.0,
            1.0000000000000004,
            0.0,
            0.0,
            -0.10605180992734907,
            -0.032755712656016796,
            0.4549764424110349,
            0.12866505283320884,
            0.04571891479647179
        ],
        [
            -0.12212535448828209,
            -0.1648430240588551,
            -0.024856030842131026,
            -0.19195123906730416,
            0.012397306702980226,
            -0.5083969547587496,
            -0.16815472670354928,
            -0.022957375177079523,
            -0.26142710169825273,
            0.14273863594371006,
            0.0,
            0.0,
            0.0,
            1.0000000000000004,
            0.0,
            0.49445660456987284,
            0.15272043420339304,
            0.12866505283320878,
            -0.11731600600788818,
            -0.21316014682228468
        ],
        [
            0.00670513833411298,
            0.009050498026060514,
            0.0013646889782371813,
            0.012397306702980232,
            0.03316888395101277,
            0.10446152090800964,
            0.03455114814300751,
            0.004717106002713014,
            0.14273863594371014,
            0.403929400675304,
            0.0,
            0.0,
            0.0,
            0.0,
            1.0000000000000004,
            0.17569665481882957,
            0.05426658105893213,
            0.04571891479647178,
            -0.21316014682228468,
            0.40682992603329265
        ],
        [
            0.010195144204088298,
            0.10823553301547476,
            0.0001456715386964145,
            0.011923701499028177,
            0.0008202538487384653,
            0.13034532784821123,
            0.3169410402068972,
            -0.014137224349427564,
            0.1706304002674923,
            0.009745175623052856,
            0.5633046697972244,
            0.5628227399332619,
            -0.10605180992734903,
            0.4944566045698727,
            0.1756966548188295,
            0.9999999999999999,
            0.6848602514927513,
            0.0,
            0.0,
            0.0
        ],
        [
            0.10823553301547473,
            0.3157310228829578,
            0.0010592856520002982,
            0.08670606509469023,
            0.005964673269343761,
            0.3169410402068972,
            0.6184265413070945,
            -0.01463016593442186,
            0.17657999955778533,
            0.010084973747418758,
            0.5628227399332619,
            0.8849072247892606,
            -0.0327557126560168,
            0.1527204342033931,
            0.05426658105893215,
            0.6848602514927513,
            1.0000000000000002,
            0.0,
            0.0,
            0.0
        ],
        [
            -0.0001456715386964145,
            -0.0010592856520002982,
            0.0010364208017719283,
            -0.00017348220759476902,
            -1.193416729518536e-05,
            0.014137224349427562,
            0.014630165934421856,
            0.054832826812065784,
            0.026802907536704997,
            0.0015307884218999845,
            0.10605180992734907,
            0.0327557126560168,
            0.4549764424110349,
            0.12866505283320884,
            0.04571891479647179,
            0.0,
            0.0,
            1.0000000000000004,
            0.0,
            0.0
        ],
        [
            -0.011923701499028173,
            -0.08670606509469013,
            -0.00017348220759476902,
            -0.013161557313958353,
            -0.0009768514133966324,
            -0.1706304002674922,
            -0.1765799995577853,
            0.026802907536704987,
            -0.2664463870262346,
            -0.018475977652870273,
            -0.49445660456987284,
            -0.15272043420339304,
            0.12866505283320878,
            -0.11731600600788818,
            -0.21316014682228468,
            0.0,
            0.0,
            0.0,
            1.0000000000000004,
            0.0
        ],
        [
            -0.0008202538487384653,
            -0.005964673269343761,
            -1.193416729518536e-05,
            -0.0009768514133966324,
            0.0009713407835048943,
            -0.009745175623052854,
            -0.010084973747418754,
            0.0015307884218999845,
            -0.01847597765287028,
            0.05599831121412299,
            -0.17569665481882957,
            -0.05426658105893213,
            0.04571891479647178,
            -0.21316014682228468,
            0.40682992603329265,
            0.0,
            0.0,
            0.0,
            0.0,
            1.0000000000000004
        ]
    ],
    "h": [
        [
            -0.22312829111397137,
            -0.4476709141037726,
            -0.04567868821159711,
            -0.2469788598251708,
            -0.019786490857507215,
            -0.5331755559270228,
            -0.43640882599843867,
            0.006616401047404741,
            0.0433279923596559,
            0.012444542248886109,
            -0.20377491215743038,
            -0.28286045946138494,
            0.014409114033689586,
            0.27735525324210153,
            -0.025899729793436792,
            -0.00651003461632161,
            -0.1266971045571059,
            -0.002127468908380157,
            0.05930002639803367,
            0.003854187847999193
        ],
        [
            -0.4476709141037726,
            -0.3044510945813892,
            -0.04014633063451422,
            -0.2198482208824332,
            -0.016534303461820034,
            -0.5120310947267839,
            -0.35997512911270435,
            0.031217609481983224,
            0.10265210125655691,
            0.03657988260411474,
            -0.3054600278276444,
            -0.2954027738138507,
            0.014876641300598042,
            0.17561565801523812,
            -0.043467380356607396,
            -0.12847726981211688,
            -0.18895325674629537,
            -0.014821877977039762,
            0.11241967131129477,
            0.023239317845618702
        ],
        [
            -0.04567868821159711,
            -0.04014633063451422,
            1.4924182403650899,
            -0.04231140882283213,
            -0.0034833654140015193,
            -0.012139435657713277,
            -0.0363924888359441,
            0.2776297624501717,
            -0.17462618206845243,
            -0.013891142784818483,
            -0.02957724145571684,
            -0.028639527792110757,
            -0.03882777926397134,
            0.03866734002281068,
            -0.005133387838331303,
            -0.0037069464408959786,
            -0.014710155964450383,
            -0.00395325393041677,
            0.005236967753400676,
            0.0006236769392830796
        ],
        [
            -0.2469788598251708,
            -0.2198482208824332,
            -0.04231140882283213,
            1.266836690941572,
            -0.01848987188190824,
            -0.0758242675065044,
            -0.20554079121018742,
            -0.17101633262865218,
            -0.6513177318245692,
            -0.07260388686055294,
            -0.2104767434265652,
            -0.16426074898833867,
            0.017613515442154157,
            0.20677094272550178,
            -0.03398226083928896,
            -0.05594117661153569,
            -0.10584430737470339,
            -0.003499696857061683,
            0.07622191167019812,
            0.0086162939880775
        ],
        [
            -0.019786490857507215,
            -0.016534303461820034,
            -0.0034833654140015193,
            -0.01848987188190824,
            1.4982962566818823,
            -0.0009167781400933606,
            -0.013578971745172301,
            -0.015751173886786787,
            -0.0842969789200449,
            0.301504843798328,
            -0.0021684651563247982,
            -0.01100908791488468,
            0.00012735062756504727,
            0.006666465190277745,
            -0.042262597672177216,
            -0.0011456594962316533,
            -0.0053023112718349995,
            -3.35910609608828e-05,
            0.004070015570060771,
            -0.0033514013421215446
        ],
        [
            -0.5331755559270228,
            -0.5120310947267839,
            -0.012139435657713277,
            -0.0758242675065044,
            -0.0009167781400933606,
            -0.3962904899819699,
            -0.5812850203011859,
            0.035479039250909936,
            0.017067204658287455,
            0.0634223937422118,
            -0.5067670258636106,
            -0.4949253628891561,
            0.01601577117853955,
            0.04174059336015312,
            -0.025995009154082704,
            -0.2602207200801929,
            -0.3366015577008479,
            -0.033394549983847395,
            0.24059524634039012,
            0.045169570969316425
        ],
        [
            -0.43640882599843867,
            -0.35997512911270435,
            -0.0363924888359441,
            -0.20554079121018742,
            -0.013578971745172301,
            -0.5812850203011859,
            -0.43444475935790794,
            0.030559968191008,
            -0.010741416675614526,
            0.05326199819680104,
            -0.5066932136859352,
            -0.40817141522756484,
            0.03297240629924225,
            0.10981948234115091,
            -0.07870299770067612,
            -0.3245273458090107,
            -0.31590750619838626,
            -0.035270332875767314,
            0.1871290902520676,
            0.054997414059662464
        ],
        [
            0.006616401047404741,
            0.031217609481983224,
            0.2776297624501717,
            -0.17101633262865218,
            -0.015751173886786787,
            0.035479039250909936,
            0.030559968191008,
            1.411194236703142,
            -0.04745432867973416,
            -0.002192955631877576,
            0.0101814231638785,
            0.015434746915404286,
            0.3333505165234558,
            -0.04205526573247559,
            0.008101362870205393,
            0.00352005409836394,
            0.0032110153614697684,
            -0.046046853081904204,
            0.00160121944088739,
            9.098521066441649e-06
        ],
        [
            0.0433279923596559,
            0.10265210125655691,
            -0.17462618206845243,
            -0.6513177318245692,
            -0.0842969789200449,
            0.017067204658287455,
            -0.010741416675614526,
            -0.04745432867973416,
            0.9057285948516136,
            0.02404217123759986,
            -0.08139658471058175,
            -0.13581627169750193,
            -0.016077724635570237,
            -0.749276391526894,
            0.16420978974341877,
            -0.3165359158564205,
            -0.1891563560568285,
            -0.03914511267325969,
            0.1476385616062258,
            0.061495122917503586
        ],
        [
            0.012444542248886109,
            0.03657988260411474,
            -0.013891142784818483,
            -0.07260388686055294,
            0.301504843798328,
            0.0634223937422118,
            0.05326199819680104,
            -0.002192955631877576,
            0.02404217123759986,
            1.4076483827831727,
            0.006411093325434963,
            0.04343620556851455,
            0.005377609634207334,
            0.1882572622622503,
            0.29738066180549294,
            0.02039798086048568,
            0.03415214922713207,
            0.004900335581169748,
            -0.031076161444517122,
            -0.05297928325375016
        ],
        [
            -0.20377491215743038,
            -0.3054600278276444,
            -0.02957724145571684,
            -0.2104767434265652,
            -0.0021684651563247982,
            -0.5067670258636106,
            -0.5066932136859352,
            0.0101814231638785,
            -0.08139658471058175,
            0.006411093325434963,
            -0.4505660555210582,
            -0.599582827517233,
            0.06179903135434455,
            -0.05618471745808601,
            -0.13550639087661284,
            -0.5964798959885877,
            -0.5473495008213934,
            -0.0116693759114736,
            0.08113056262482443,
            0.01360342360217226
        ],
        [
            -0.28286045946138494,
            -0.2954027738138507,
            -0.028639527792110757,
            -0.16426074898833867,
            -0.01100908791488468,
            -0.4949253628891561,
            -0.40817141522756484,
            0.015434746915404286,
            -0.13581627169750193,
            0.04343620556851455,
            -0.599582827517233,
            -0.4310035628130693,
            0.04977251655581494,
            -0.00907528211446916,
            -0.1092773843768292,
            -0.47305761767743426,
            -0.37155577301148135,
            -0.04479567414261107,
            0.2314801967150763,
            0.06946111240253403
        ],
        [
            0.014409114033689586,
            0.014876641300598042,
            -0.03882777926397134,
            0.017613515442154157,
            0.00012735062756504727,
            0.01601577117853955,
            0.03297240629924225,
            0.3333505165234558,
            -0.016077724635570237,
            0.005377609634207334,
            0.06179903135434455,
            0.04977251655581494,
            1.3899388686844578,
            0.04164826978795572,
            0.0193549020406945,
            0.00718481149112371,
            0.04507812290228866,
            0.37572082766286774,
            0.17495555820083386,
            0.06389975102554087
        ],
        [
            0.27735525324210153,
            0.17561565801523812,
            0.03866734002281068,
            0.20677094272550178,
            0.006666465190277745,
            0.04174059336015312,
            0.10981948234115091,
            -0.04205526573247559,
            -0.749276391526894,
            0.1882572622622503,
            -0.05618471745808601,
            -0.00907528211446916,
            0.04164826978795572,
            0.8964417535658664,
            -0.03818343365593787,
            -0.011197582470935719,
            -0.09768684318095233,
            0.1846953008883001,
            -0.47165199898428023,
            -0.30480062171528743
        ],
        [
            -0.025899729793436792,
            -0.043467380356607396,
            -0.005133387838331303,
            -0.03398226083928896,
            -0.042262597672177216,
            -0.025995009154082704,
            -0.07870299770067612,
            0.008101362870205393,
            0.16420978974341877,
            0.29738066180549294,
            -0.13550639087661284,
            -0.1092773843768292,
            0.0193549020406945,
            -0.03818343365593787,
            1.3616345648817614,
            -0.02213369383707442,
            -0.09231278495923569,
            0.06179214853487458,
            -0.2790151496154298,
            0.3098537505319152
        ],
        [
            -0.00651003461632161,
            -0.12847726981211688,
            -0.0037069464408959786,
            -0.05594117661153569,
            -0.0011456594962316533,
            -0.2602207200801929,
            -0.3245273458090107,
            0.00352005409836394,
            -0.3165359158564205,
            0.02039798086048568,
            -0.5964798959885877,
            -0.47305761767743426,
            0.00718481149112371,
            -0.011197582470935719,
            -0.02213369383707442,
            -0.2857487445371272,
            -0.4761966666735835,
            -0.05914325028639498,
            0.2803302863184761,
            0.09461341898189635
        ],
        [
            -0.1266971045571059,
            -0.18895325674629537,
            -0.014710155964450383,
            -0.10584430737470339,
            -0.0053023112718349995,
            -0.3366015577008479,
            -0.31590750619838626,
            0.0032110153614697684,
            -0.1891563560568285,
            0.03415214922713207,
            -0.5473495008213934,
            -0.37155577301148135,
            0.04507812290228866,
            -0.09768684318095233,
            -0.09231278495923569,
            -0.4761966666735835,
            -0.3186483340300166,
            -0.048398355570322654,
            0.23717501662639986,
            0.0763795269818831
        ],
        [
            -0.002127468908380157,
            -0.014821877977039762,
            -0.00395325393041677,
            -0.003499696857061683,
            -3.35910609608828e-05,
            -0.033394549983847395,
            -0.035270332875767314,
            -0.046046853081904204,
            -0.03914511267325969,
            0.004900335581169748,
            -0.0116693759114736,
            -0.04479567414261107,
            0.37572082766286774,
            0.1846953008883001,
            0.06179214853487458,
            -0.05914325028639498,
            -0.048398355570322654,
            1.4590437967105014,
            0.05236909431334336,
            0.017941487761174095
        ],
        [
            0.05930002639803367,
            0.11241967131129477,
            0.005236967753400676,
            0.07622191167019812,
            0.004070015570060771,
            0.24059524634039012,
            0.1871290902520676,
            0.00160121944088739,
            0.1476385616062258,
            -0.031076161444517122,
            0.08113056262482443,
            0.2314801967150763,
            0.17495555820083386,
            -0.47165199898428023,
            -0.2790151496154298,
            0.2803302863184761,
            0.23717501662639986,
            0.05236909431334336,
            1.212476039094189,
            -0.08395453700766503
        ],
        [
            0.003854187847999193,
            0.023239317845618702,
            0.0006236769392830796,
            0.0086162939880775,
            -0.0033514013421215446,
            0.045169570969316425,
            0.054997414059662464,
            9.098521066441649e-06,
            0.061495122917503586,
            -0.05297928325375016,
            0.01360342360217226,
            0.06946111240253403,
            0.06389975102554087,
            -0.30480062171528743,
            0.3098537505319152,
            0.09461341898189635,
            0.0763795269818831,
            0.017941487761174095,
            -0.08395453700766503,
            1.4405803013196432
        ]
    ]
}