{
    "HF": -2.169574209271055,
    "coordinates": [
        [
            0.7998,
            -0.136939,
            -0.178109
        ],
        [
            1.497812,
            0.03438,
            -0.119035
        ],
        [
            2.314951,
            0.030918,
            0.047804
        ],
        [
            3.149909,
            -0.027733,
            -0.123348
        ]
    ],
    "elements": [
        "H",
        "H",
        "H",
        "H"
    ],
    "Enn": 2.8760282696210893,
    "S": [
        [
            0.9999999999999999,
            0.6848602514927513,
            0.0,
            0.0,
            0.0,
            0.5859511244611872,
            0.5709952386559269,
            -0.04436766684896422,
            -0.5242435567691237,
            -0.1286695384923605,
            0.11289061776294372,
            0.2988289654091807,
            -0.02189034770371471,
            -0.14681396030166952,
            -0.016264881146735428,
            0.008362631934723344,
            0.09938277752119656,
            -0.00022320494173069886,
            -0.009579005905768542,
            -0.000445121872621806
        ],
        [
            0.6848602514927513,
            1.0000000000000002,
            0.0,
            0.0,
            0.0,
            0.5709952386559269,
            0.892894008584338,
            -0.013240015686678102,
            -0.15644259453379736,
            -0.038397031645495586,
            0.2988289654091807,
            0.5961069453752569,
            -0.025346212786434875,
            -0.16999172092610706,
            -0.01883264460076491,
            0.09938277752119656,
            0.2992858147041972,
            -0.001887848873125633,
            -0.08101843697836791,
            -0.0037648038574634845
        ],
        [
            0.0,
            0.0,
            1.0000000000000004,
            0.0,
            0.0,
            0.0443676668489642,
            0.013240015686678075,
            0.5045024034403759,
            -0.05450135033451301,
            -0.01337672824816542,
            0.02189034770371471,
            0.02534621278643488,
            0.03975784140870141,
            -0.04072699819558359,
            -0.004511967279905482,
            0.00022320494173069902,
            0.001887848873125633,
            0.00074919408252483,
            -0.00025227847593892107,
            -1.172299805812659e-05
        ],
        [
            0.0,
            0.0,
            0.0,
            1.0000000000000004,
            0.0,
            0.5242435567691237,
            0.1564425945337975,
            -0.05450135033451303,
            -0.13486711582292793,
            -0.15805797538609953,
            0.14681396030166946,
            0.16999172092610704,
            -0.04072699819558358,
            -0.22731707136592363,
            -0.03026081604916969,
            0.009579005905768545,
            0.08101843697836797,
            -0.00025227847593892107,
            -0.010071645684194924,
            -0.0005031011713333547
        ],
        [
            0.0,
            0.0,
            0.0,
            0.0,
            1.0000000000000004,
            0.12866953849236046,
            0.038397031645495565,
            -0.01337672824816541,
            -0.1580579753860994,
            0.47032144162953277,
            0.016264881146735428,
            0.018832644600764902,
            -0.004511967279905484,
            -0.030260816049169713,
            0.042477879572418026,
            0.0004451218726218058,
            0.0037648038574634854,
            -1.1722998058126585e-05,
            -0.0005031011713333545,
            0.000731694194266141
        ],
        [
            0.5859511244611872,
            0.5709952386559269,
            0.0443676668489642,
            0.5242435567691237,
            0.1286695384923605,
            0.9999999999999999,
            0.6848602514927513,
            0.0,
            0.0,
            0.0,
            0.49631024351303354,
            0.5370263255978095,
            -0.10156400701038376,
            -0.4974371167680099,
            0.0021075083899444852,
            0.0833837932836675,
            0.2637306161009827,
            0.00028914769978197186,
            -0.11075818394776216,
            0.004164115714481264
        ],
        [
            0.5709952386559269,
            0.892894008584338,
            0.01324001568667808,
            0.15644259453379752,
            0.03839703164549557,
            0.6848602514927513,
            1.0000000000000002,
            0.0,
            0.0,
            0.0,
            0.5370263255978095,
            0.8594023976494626,
            -0.03502311375844801,
            -0.17153514558025654,
            0.0007267486608751348,
            0.2637306161009827,
            0.5513372844158398,
            0.0004233332586806379,
            -0.16215803539682505,
            0.006096568211553555
        ],
        [
            -0.04436766684896422,
            -0.013240015686678099,
            0.5045024034403759,
            -0.05450135033451302,
            -0.013376728248165413,
            0.0,
            0.0,
            1.0000000000000004,
            0.0,
            0.0,
            0.10156400701038373,
            0.035023113758447966,
            0.3760973075894166,
            -0.14348347624182253,
            0.0006079012196813389,
            -0.00028914769978197186,
            -0.00042333325868063786,
            0.02877934144271553,
            0.0005324133928561421,
            -2.001685922223304e-05
        ],
        [
            -0.5242435567691237,
            -0.1564425945337973,
            -0.05450135033451302,
            -0.1348671158229278,
            -0.15805797538609945,
            0.0,
            0.0,
            0.0,
            1.0000000000000004,
            0.0,
            0.49743711676800995,
            0.1715351455802565,
            -0.14348347624182253,
            -0.2973560393078553,
            0.0029773601780710137,
            0.11075818394776216,
            0.16215803539682505,
            0.0005324133928561417,
            -0.17516050885404758,
            0.00766746883154964
        ],
        [
            -0.12866953849236046,
            -0.038397031645495565,
            -0.013376728248165416,
            -0.1580579753860995,
            0.47032144162953277,
            0.0,
            0.0,
            0.0,
            0.0,
            1.0000000000000004,
            -0.002107508389944486,
            -0.0007267486608751347,
            0.0006079012196813376,
            0.0029773601780710077,
            0.4053803696777185,
            -0.004164115714481264,
            -0.006096568211553557,
            -2.0016859222233045e-05,
            0.007667468831549646,
            0.0284924616816781
        ],
        [
            0.11289061776294372,
            0.2988289654091807,
            0.02189034770371471,
            0.14681396030166946,
            0.016264881146735428,
            0.49631024351303354,
            0.5370263255978095,
            0.10156400701038376,
            0.4974371167680099,
            -0.0021075083899444857,
            0.9999999999999999,
            0.6848602514927513,
            0.0,
            0.0,
            0.0,
            0.48067384583546563,
            0.5306237943356304,
            0.10005081364403494,
            -0.4880937836460929,
            0.034285782643710225
        ],
        [
            0.2988289654091807,
            0.5961069453752569,
            0.025346212786434882,
            0.16999172092610706,
            0.018832644600764906,
            0.5370263255978095,
            0.8594023976494626,
            0.035023113758448014,
            0.17153514558025654,
            -0.0007267486608751348,
            0.6848602514927513,
            1.0000000000000002,
            0.0,
            0.0,
            0.0,
            0.5306237943356304,
            0.8530005578521326,
            0.03547136588383309,
            -0.17304560107760053,
            0.012155458776132876
        ],
        [
            -0.02189034770371471,
            -0.025346212786434882,
            0.03975784140870141,
            -0.04072699819558358,
            -0.004511967279905482,
            -0.10156400701038373,
            -0.03502311375844798,
            0.3760973075894166,
            -0.14348347624182253,
            0.0006079012196813376,
            0.0,
            0.0,
            1.0000000000000004,
            0.0,
            0.0,
            -0.10005081364403491,
            -0.03547136588383306,
            0.3582404019898526,
            0.14384825264672732,
            -0.010104512880867313
        ],
        [
            -0.14681396030166946,
            -0.16999172092610704,
            -0.04072699819558359,
            -0.2273170713659237,
            -0.0302608160491697,
            -0.49743711676800995,
            -0.1715351455802565,
            -0.14348347624182253,
            -0.2973560393078553,
            0.0029773601780710077,
            0.0,
            0.0,
            0.0,
            1.0000000000000004,
            0.0,
            0.4880937836460929,
            0.17304560107760045,
            0.14384825264672732,
            -0.31403097570249505,
            0.04929445093240631
        ],
        [
            -0.016264881146735428,
            -0.0188326446007649,
            -0.004511967279905484,
            -0.0302608160491697,
            0.042477879572418026,
            0.0021075083899444852,
            0.0007267486608751347,
            0.0006079012196813389,
            0.0029773601780710137,
            0.4053803696777185,
            0.0,
            0.0,
            0.0,
            0.0,
            1.0000000000000004,
            -0.034285782643710225,
            -0.012155458776132866,
            -0.010104512880867313,
            0.04929445093240631,
            0.3842641628201651
        ],
        [
            0.008362631934723344,
            0.09938277752119656,
            0.00022320494173069902,
            0.009579005905768545,
            0.00044512187262180596,
            0.0833837932836675,
            0.2637306161009827,
            -0.00028914769978197186,
            0.11075818394776224,
            -0.004164115714481264,
            0.48067384583546563,
            0.5306237943356304,
            -0.10005081364403494,
            0.4880937836460929,
            -0.034285782643710225,
            0.9999999999999999,
            0.6848602514927513,
            0.0,
            0.0,
            0.0
        ],
        [
            0.09938277752119656,
            0.2992858147041972,
            0.001887848873125633,
            0.08101843697836791,
            0.0037648038574634854,
            0.2637306161009827,
            0.5513372844158398,
            -0.0004233332586806379,
            0.16215803539682505,
            -0.006096568211553555,
            0.5306237943356304,
            0.8530005578521326,
            -0.035471365883833074,
            0.17304560107760053,
            -0.012155458776132876,
            0.6848602514927513,
            1.0000000000000002,
            0.0,
            0.0,
            0.0
        ],
        [
            -0.00022320494173069886,
            -0.001887848873125633,
            0.00074919408252483,
            -0.00025227847593892096,
            -1.1722998058126583e-05,
            0.00028914769978197186,
            0.00042333325868063786,
            0.02877934144271553,
            0.0005324133928561417,
            -2.001685922223304e-05,
            0.10005081364403491,
            0.03547136588383307,
            0.3582404019898526,
            0.14384825264672732,
            -0.010104512880867313,
            0.0,
            0.0,
            1.0000000000000004,
            0.0,
            0.0
        ],
        [
            -0.009579005905768542,
            -0.08101843697836791,
            -0.00025227847593892123,
            -0.010071645684194924,
            -0.0005031011713333547,
            -0.11075818394776216,
            -0.16215803539682505,
            0.0005324133928561421,
            -0.17516050885404758,
            0.007667468831549644,
            -0.4880937836460929,
            -0.17304560107760045,
            0.14384825264672732,
            -0.31403097570249505,
            0.04929445093240631,
            0.0,
            0.0,
            0.0,
            1.0000000000000004,
            0.0
        ],
        [
            -0.00044512187262180596,
            -0.0037648038574634845,
            -1.1722998058126591e-05,
            -0.0005031011713333545,
            0.000731694194266141,
            0.004164115714481264,
            0.006096568211553557,
            -2.0016859222233045e-05,
            0.007667468831549641,
            0.0284924616816781,
            0.034285782643710225,
            0.012155458776132866,
            -0.010104512880867313,
            0.04929445093240631,
            0.3842641628201651,
            0.0,
            0.0,
            0.0,
            0.0,
            1.0000000000000004
        ]
    ],
    "h": [
        [
            -0.29948957999270376,
            -0.4807265613806597,
            -0.027865097201073264,
            -0.3036544964601956,
            -0.07354236635920186,
            -0.6069290052213411,
            -0.4786046700327141,
            -0.0063836005175414295,
            0.006944576031350791,
            0.0065295924403637184,
            -0.23979585971131068,
            -0.3158809517950009,
            0.0461967038674284,
            0.30215453409865,
            0.013559877896787493,
            -0.001975022090764042,
            -0.1209959353855323,
            -2.8778104983665805e-05,
            0.04730360537450273,
            0.0001592624685607068
        ],
        [
            -0.4807265613806597,
            -0.3151713639070062,
            -0.0235766939942802,
            -0.24887488683015535,
            -0.058791393418483294,
            -0.5488069320777342,
            -0.3670010561506334,
            -0.0027839419581874546,
            0.11971005288327916,
            0.05222560743747059,
            -0.316290277165143,
            -0.305928057672032,
            0.04380578845433169,
            0.17707917855426647,
            0.0055524582593827546,
            -0.11763404871491888,
            -0.18027686975054102,
            -0.011399169569356379,
            0.09732702502433294,
            -0.004147186881293704
        ],
        [
            -0.027865097201073264,
            -0.0235766939942802,
            1.466852526142464,
            -0.026167377052646074,
            -0.006016310774200274,
            -0.009531208206537647,
            -0.023604026480214126,
            0.4494643099999911,
            -0.08228261332514616,
            -0.018414896838547076,
            -0.02754481297283163,
            -0.018416532602644885,
            -0.04061766416578903,
            0.02498645618049937,
            0.0009160403884466289,
            -0.0043486058653748995,
            -0.010073977860345154,
            -0.002931058142046996,
            0.004203853860394648,
            -6.749320749260769e-05
        ],
        [
            -0.3036544964601956,
            -0.24887488683015535,
            -0.026167377052646074,
            1.1818408221835297,
            -0.0681710423140793,
            -0.06597980981306406,
            -0.24027103512987402,
            -0.0890617094585562,
            -0.5045167368632717,
            -0.22286203885115535,
            -0.23160494575397275,
            -0.18829078869703808,
            0.0440477248684953,
            0.1873475102113924,
            0.008291092959834705,
            -0.04997730956217426,
            -0.10784961636227934,
            -0.0018726898654541667,
            0.06408116120324597,
            0.0004384199867342423
        ],
        [
            -0.07354236635920186,
            -0.058791393418483294,
            -0.006016310774200274,
            -0.0681710423140793,
            1.452874964128499,
            -0.010985247781813257,
            -0.05453596065669293,
            -0.020854701479731844,
            -0.2317482990447683,
            0.4022372280987908,
            -0.03906834854807199,
            -0.041654781244893455,
            0.008668584778198268,
            0.048305296607437154,
            -0.04378169056605562,
            -0.0037760506980873704,
            -0.018180737601826653,
            -0.00020355742940171673,
            0.006158856854365293,
            -0.002689687306447377
        ],
        [
            -0.6069290052213411,
            -0.5488069320777342,
            -0.009531208206537647,
            -0.06597980981306406,
            -0.010985247781813257,
            -0.4515200091269005,
            -0.5986881404954809,
            -0.015910792882545325,
            0.09959385787762787,
            0.07090069554800058,
            -0.4788015215559478,
            -0.491067203446066,
            0.023449483631514306,
            0.07860025444572516,
            0.008757016497061277,
            -0.18711340040315272,
            -0.29032363741507183,
            -0.017072596914415386,
            0.1953682928690515,
            -0.009771398422914544
        ],
        [
            -0.4786046700327141,
            -0.3670010561506334,
            -0.023604026480214126,
            -0.24027103512987402,
            -0.05453596065669293,
            -0.5986881404954809,
            -0.4286526053590034,
            -0.017454593922966055,
            0.03539639129861519,
            0.054108437129522034,
            -0.47481097393517235,
            -0.39895741702181864,
            0.06001360909492259,
            0.12220231195569264,
            0.010158839711720356,
            -0.273408210191249,
            -0.2882430928507522,
            -0.02747410160991101,
            0.15539768445318136,
            -0.01038453036902968
        ],
        [
            -0.0063836005175414295,
            -0.0027839419581874546,
            0.4494643099999911,
            -0.0890617094585562,
            -0.020854701479731844,
            -0.015910792882545325,
            -0.017454593922966055,
            1.394556104165166,
            -0.06737264418084599,
            -0.005376426788354759,
            -0.004770360376604721,
            -0.026851087740496285,
            0.2612269120720063,
            -0.19907558236601458,
            0.0009820884671720472,
            -0.025250462906768432,
            -0.028903114308866582,
            -0.041999963647908534,
            0.023882431133030395,
            -0.0014824187386466932
        ],
        [
            0.006944576031350791,
            0.11971005288327916,
            -0.08228261332514616,
            -0.5045167368632717,
            -0.2317482990447683,
            0.09959385787762787,
            0.03539639129861519,
            -0.06737264418084599,
            0.8850983345136623,
            -0.06667203654310211,
            -0.04398264534095242,
            -0.0961843209267001,
            -0.1861847426621196,
            -0.7642878235429839,
            0.004323665314891517,
            -0.2619764209110256,
            -0.16530519945340066,
            -0.02734433889357859,
            0.2083820628464334,
            -0.014008691962711074
        ],
        [
            0.0065295924403637184,
            0.05222560743747059,
            -0.018414896838547076,
            -0.22286203885115535,
            0.4022372280987908,
            0.07090069554800058,
            0.054108437129522034,
            -0.005376426788354759,
            -0.06667203654310211,
            1.3890246697026754,
            0.01193381779969326,
            0.029157834613152415,
            -0.0019544747179611145,
            -0.015733643120256935,
            0.29823970100944586,
            0.000479938616428496,
            0.008025688488196018,
            0.00016365285355296675,
            -0.005571931527096442,
            -0.03832617918786342
        ],
        [
            -0.23979585971131068,
            -0.316290277165143,
            -0.02754481297283163,
            -0.23160494575397275,
            -0.03906834854807199,
            -0.4788015215559478,
            -0.47481097393517235,
            -0.004770360376604721,
            -0.04398264534095242,
            0.01193381779969326,
            -0.368015830785954,
            -0.565565459498273,
            0.08421776233874481,
            -0.029722099986152467,
            0.0144411637701352,
            -0.5223606279301158,
            -0.5010367490023484,
            -0.009839838012265456,
            0.07572833890499919,
            -0.004987903705315148
        ],
        [
            -0.3158809517950009,
            -0.305928057672032,
            -0.018416532602644885,
            -0.18829078869703808,
            -0.041654781244893455,
            -0.491067203446066,
            -0.39895741702181864,
            -0.026851087740496285,
            -0.0961843209267001,
            0.029157834613152415,
            -0.565565459498273,
            -0.4263946455933323,
            0.07513255578012865,
            -0.001163722426416089,
            0.013829974755980157,
            -0.43205353773814925,
            -0.35704571422337905,
            -0.03562862111467532,
            0.1971544761863524,
            -0.013595405881525139
        ],
        [
            0.0461967038674284,
            0.04380578845433169,
            -0.04061766416578903,
            0.0440477248684953,
            0.008668584778198268,
            0.023449483631514306,
            0.06001360909492259,
            0.2612269120720063,
            -0.1861847426621196,
            -0.0019544747179611145,
            0.08421776233874481,
            0.07513255578012865,
            1.4097610918473262,
            -0.003451658878008526,
            -0.0030360020831461817,
            0.013893681118259837,
            0.05402699303277499,
            0.24675466688688447,
            0.17702582882796375,
            -0.012659097247846873
        ],
        [
            0.30215453409865,
            0.17707917855426647,
            0.02498645618049937,
            0.1873475102113924,
            0.048305296607437154,
            0.07860025444572516,
            0.12220231195569264,
            -0.19907558236601458,
            -0.7642878235429839,
            -0.015733643120256935,
            -0.029722099986152467,
            -0.001163722426416089,
            -0.003451658878008526,
            0.9549921143174775,
            0.012716587233603607,
            -0.04825416926228965,
            -0.10467324830499905,
            0.18866490203261832,
            -0.6531089935811198,
            0.06477384898450124
        ],
        [
            0.013559877896787493,
            0.0055524582593827546,
            0.0009160403884466289,
            0.008291092959834705,
            -0.04378169056605562,
            0.008757016497061277,
            0.010158839711720356,
            0.0009820884671720472,
            0.004323665314891517,
            0.29823970100944586,
            0.0144411637701352,
            0.013829974755980157,
            -0.0030360020831461817,
            0.012716587233603607,
            1.4263706490271961,
            0.0014992607380402909,
            0.01164660906338296,
            -0.013354582798428893,
            0.06408684691585875,
            0.28027951693702197
        ],
        [
            -0.001975022090764042,
            -0.11763404871491888,
            -0.0043486058653748995,
            -0.04997730956217426,
            -0.0037760506980873704,
            -0.18711340040315272,
            -0.273408210191249,
            -0.025250462906768432,
            -0.2619764209110256,
            0.000479938616428496,
            -0.5223606279301158,
            -0.43205353773814925,
            0.013893681118259837,
            -0.04825416926228965,
            0.0014992607380402909,
            -0.2124055659821118,
            -0.4425948542828062,
            -0.04693905617592342,
            0.2361666491542708,
            -0.017021720571508026
        ],
        [
            -0.1209959353855323,
            -0.18027686975054102,
            -0.010073977860345154,
            -0.10784961636227934,
            -0.018180737601826653,
            -0.29032363741507183,
            -0.2882430928507522,
            -0.028903114308866582,
            -0.16530519945340066,
            0.008025688488196018,
            -0.5010367490023484,
            -0.35704571422337905,
            0.05402699303277499,
            -0.10467324830499905,
            0.01164660906338296,
            -0.4425948542828062,
            -0.3021864324048418,
            -0.041098080717353824,
            0.21273989407100977,
            -0.015162686319282232
        ],
        [
            -2.8778104983665805e-05,
            -0.011399169569356379,
            -0.002931058142046996,
            -0.0018726898654541667,
            -0.00020355742940171673,
            -0.017072596914415386,
            -0.02747410160991101,
            -0.041999963647908534,
            -0.02734433889357859,
            0.00016365285355296675,
            -0.009839838012265456,
            -0.03562862111467532,
            0.24675466688688447,
            0.18866490203261832,
            -0.013354582798428893,
            -0.04693905617592342,
            -0.041098080717353824,
            1.4918966481309976,
            0.04295347270639028,
            -0.003055779755939713
        ],
        [
            0.04730360537450273,
            0.09732702502433294,
            0.004203853860394648,
            0.06408116120324597,
            0.006158856854365293,
            0.1953682928690515,
            0.15539768445318136,
            0.023882431133030395,
            0.2083820628464334,
            -0.005571931527096442,
            0.07572833890499919,
            0.1971544761863524,
            0.17702582882796375,
            -0.6531089935811198,
            0.06408684691585875,
            0.2361666491542708,
            0.21273989407100977,
            0.04295347270639028,
            1.279966959660274,
            0.015439266276067534
        ],
        [
            0.0001592624685607068,
            -0.004147186881293704,
            -6.749320749260769e-05,
            0.0004384199867342423,
            -0.002689687306447377,
            -0.009771398422914544,
            -0.01038453036902968,
            -0.0014824187386466932,
            -0.014008691962711074,
            -0.03832617918786342,
            -0.004987903705315148,
            -0.013595405881525139,
            -0.012659097247846873,
            0.06477384898450124,
            0.28027951693702197,
            -0.017021720571508026,
            -0.015162686319282232,
            -0.003055779755939713,
            0.015439266276067534,
            1.4996732128123635
        ]
    ]
}