{
    "HF": -2.175680659031257,
    "coordinates": [
        [
            0.666664,
            -0.121666,
            0.197496
        ],
        [
            1.425419,
            0.011528,
            -0.06466
        ],
        [
            2.250639,
            -0.193126,
            0.102319
        ],
        [
            2.99807,
            0.160942,
            0.106536
        ]
    ],
    "elements": [
        "H",
        "H",
        "H",
        "H"
    ],
    "Enn": 2.7921931380944187,
    "S": [
        [
            0.9999999999999999,
            0.6848602514927513,
            0.0,
            0.0,
            0.0,
            0.5120753808476379,
            0.5433285512702474,
            0.16603444222024444,
            -0.48055151591732215,
            -0.08435737307970533,
            0.09955687642310573,
            0.28377588444985913,
            0.00791443187883666,
            -0.13171524880254998,
            0.0059422476234979845,
            0.008459881260584336,
            0.09987925819742248,
            0.00037604292039482545,
            -0.009638398426407405,
            -0.0011683458404456986
        ],
        [
            0.6848602514927513,
            1.0000000000000002,
            0.0,
            0.0,
            0.0,
            0.5433285512702474,
            0.8656756463476174,
            0.05572197142583844,
            -0.16127544068879626,
            -0.028310747272971507,
            0.28377588444985913,
            0.5771641749012817,
            0.010103804235192127,
            -0.16815168909966105,
            0.007586053885359168,
            0.09987925819742254,
            0.30022230809201017,
            0.0031526082781479048,
            -0.08080485768825518,
            -0.009794990328395151
        ],
        [
            0.0,
            0.0,
            1.0000000000000004,
            0.0,
            0.0,
            -0.16603444222024438,
            -0.05572197142583843,
            0.347813699621045,
            0.21862112356558808,
            0.03837737073521089,
            -0.00791443187883666,
            -0.010103804235192117,
            0.036918441048028314,
            0.014797607015601857,
            -0.0006675843983237794,
            -0.0003760429203948251,
            -0.0031526082781479043,
            0.0007527378643720345,
            0.0004235205962184642,
            5.133825196302478e-05
        ],
        [
            0.0,
            0.0,
            0.0,
            1.0000000000000004,
            0.0,
            0.48055151591732215,
            0.16127544068879607,
            0.21862112356558816,
            -0.2094034546295743,
            -0.11107516872470947,
            0.1317152488025499,
            0.16815168909966113,
            0.014797607015601849,
            -0.20846030502136087,
            0.011110215675372282,
            0.009638398426407404,
            0.08080485768825517,
            0.0004235205962184642,
            -0.010086042524494732,
            -0.0013158565155684664
        ],
        [
            0.0,
            0.0,
            0.0,
            0.0,
            1.0000000000000004,
            0.08435737307970533,
            0.02831074727297152,
            0.038377370735210914,
            -0.11107516872470949,
            0.4038506196365195,
            -0.0059422476234979845,
            -0.007586053885359168,
            -0.0006675843983237794,
            0.011110215675372289,
            0.03730636120507741,
            0.0011683458404456984,
            0.009794990328395148,
            5.133825196302478e-05,
            -0.0013158565155684664,
            0.000609756270981719
        ],
        [
            0.5120753808476379,
            0.5433285512702474,
            -0.16603444222024444,
            0.4805515159173223,
            0.08435737307970533,
            0.9999999999999999,
            0.6848602514927513,
            0.0,
            0.0,
            0.0,
            0.4714404392070357,
            0.5267692618701659,
            -0.09524362884819905,
            -0.47069959335072564,
            0.11673317973098009,
            0.0994119675018619,
            0.28360559883587927,
            -0.01421059030553364,
            -0.13054218004268664,
            -0.012402516062939576
        ],
        [
            0.5433285512702474,
            0.8656756463476174,
            -0.05572197142583844,
            0.1612754406887961,
            0.0283107472729715,
            0.6848602514927513,
            1.0000000000000002,
            0.0,
            0.0,
            0.0,
            0.5267692618701659,
            0.8491322700712037,
            -0.034338171362408375,
            -0.16970125447922552,
            0.042085795950402925,
            0.2836055988358793,
            0.5769477410512731,
            -0.018162162642456077,
            -0.1668423517010979,
            -0.01585131293406349
        ],
        [
            0.16603444222024438,
            0.05572197142583841,
            0.347813699621045,
            0.21862112356558816,
            0.03837737073521089,
            0.0,
            0.0,
            1.0000000000000004,
            0.0,
            0.0,
            0.09524362884819904,
            0.03433817136240837,
            0.35005002821467396,
            -0.1349977927886821,
            0.0334793610011572,
            0.014210590305533639,
            0.018162162642456063,
            0.03485288204151877,
            -0.02636734889237933,
            -0.002505101937687361
        ],
        [
            -0.48055151591732215,
            -0.16127544068879623,
            0.21862112356558808,
            -0.20940345462957416,
            -0.11107516872470945,
            0.0,
            0.0,
            0.0,
            1.0000000000000004,
            0.0,
            0.47069959335072564,
            0.16970125447922582,
            -0.1349977927886821,
            -0.2898008668849887,
            0.16545696336290755,
            0.13054218004268664,
            0.16684235170109804,
            -0.02636734889237933,
            -0.20449414262469712,
            -0.02301251820957245
        ],
        [
            -0.08435737307970533,
            -0.02831074727297152,
            0.038377370735210914,
            -0.11107516872470953,
            0.4038506196365195,
            0.0,
            0.0,
            0.0,
            0.0,
            1.0000000000000004,
            -0.11673317973098009,
            -0.04208579595040289,
            0.033479361001157205,
            0.1654569633629076,
            0.3363329189128985,
            0.012402516062939573,
            0.015851312934063475,
            -0.0025051019376873596,
            -0.02301251820957244,
            0.035536817806805995
        ],
        [
            0.09955687642310573,
            0.28377588444985913,
            -0.00791443187883666,
            0.13171524880254995,
            -0.0059422476234979845,
            0.4714404392070357,
            0.5267692618701659,
            0.09524362884819905,
            0.47069959335072564,
            -0.11673317973098009,
            0.9999999999999999,
            0.6848602514927513,
            0.0,
            0.0,
            0.0,
            0.5016905158301705,
            0.5391940587194923,
            -0.0026024071363989465,
            -0.4612567627142025,
            -0.21850345979855318
        ],
        [
            0.28377588444985913,
            0.5771641749012817,
            -0.01010380423519214,
            0.16815168909966113,
            -0.007586053885359168,
            0.5267692618701659,
            0.8491322700712037,
            0.034338171362408375,
            0.16970125447922585,
            -0.042085795950402904,
            0.6848602514927513,
            1.0000000000000002,
            0.0,
            0.0,
            0.0,
            0.5391940587194923,
            0.8615633080513564,
            -0.0008890549432018425,
            -0.15757818953101607,
            -0.07464688300440822
        ],
        [
            0.00791443187883666,
            0.010103804235192127,
            0.036918441048028314,
            0.014797607015601856,
            -0.0006675843983237794,
            -0.09524362884819904,
            -0.03433817136240837,
            0.35005002821467396,
            -0.1349977927886821,
            0.0334793610011572,
            0.0,
            0.0,
            1.0000000000000004,
            0.0,
            0.0,
            0.002602407136398946,
            0.0008890549432018423,
            0.41148620853686946,
            -0.003367302921378607,
            -0.0015951361540619538
        ],
        [
            -0.13171524880254992,
            -0.16815168909966105,
            0.01479760701560185,
            -0.20846030502136087,
            0.011110215675372284,
            -0.47069959335072564,
            -0.1697012544792255,
            -0.1349977927886821,
            -0.2898008668849887,
            0.16545696336290755,
            0.0,
            0.0,
            0.0,
            1.0000000000000004,
            0.0,
            0.46125676271420246,
            0.15757818953101604,
            -0.0033673029213786027,
            -0.18532348413773686,
            -0.28272568431744755
        ],
        [
            0.0059422476234979845,
            0.007586053885359168,
            -0.0006675843983237794,
            0.011110215675372286,
            0.03730636120507741,
            0.11673317973098009,
            0.04208579595040288,
            0.033479361001157205,
            0.1654569633629076,
            0.3363329189128985,
            0.0,
            0.0,
            0.0,
            0.0,
            1.0000000000000004,
            0.21850345979855312,
            0.07464688300440815,
            -0.0015951361540619538,
            -0.2827256843174479,
            0.27757429201415285
        ],
        [
            0.008459881260584336,
            0.09987925819742248,
            -0.00037604292039482545,
            0.009638398426407407,
            0.0011683458404456986,
            0.0994119675018619,
            0.28360559883587927,
            0.01421059030553364,
            0.13054218004268664,
            0.012402516062939576,
            0.5016905158301705,
            0.5391940587194923,
            0.0026024071363989465,
            0.46125676271420313,
            0.21850345979855318,
            0.9999999999999999,
            0.6848602514927513,
            0.0,
            0.0,
            0.0
        ],
        [
            0.09987925819742254,
            0.30022230809201017,
            -0.0031526082781479048,
            0.08080485768825521,
            0.009794990328395151,
            0.2836055988358793,
            0.5769477410512731,
            0.018162162642456077,
            0.16684235170109807,
            0.015851312934063486,
            0.5391940587194923,
            0.8615633080513564,
            0.0008890549432018425,
            0.15757818953101607,
            0.07464688300440822,
            0.6848602514927513,
            1.0000000000000002,
            0.0,
            0.0,
            0.0
        ],
        [
            0.0003760429203948251,
            0.0031526082781479043,
            0.0007527378643720345,
            0.0004235205962184642,
            5.133825196302478e-05,
            -0.014210590305533639,
            -0.018162162642456063,
            0.03485288204151877,
            -0.02636734889237933,
            -0.002505101937687361,
            -0.002602407136398946,
            -0.0008890549432018423,
            0.41148620853686946,
            -0.0033673029213786027,
            -0.0015951361540619538,
            0.0,
            0.0,
            1.0000000000000004,
            0.0,
            0.0
        ],
        [
            -0.009638398426407405,
            -0.08080485768825517,
            0.0004235205962184642,
            -0.010086042524494732,
            -0.0013158565155684664,
            -0.13054218004268664,
            -0.16684235170109787,
            -0.02636734889237933,
            -0.20449414262469712,
            -0.02301251820957245,
            -0.46125676271420246,
            -0.15757818953101604,
            -0.003367302921378607,
            -0.185323484137737,
            -0.2827256843174479,
            0.0,
            0.0,
            0.0,
            1.0000000000000004,
            0.0
        ],
        [
            -0.0011683458404456984,
            -0.009794990328395148,
            5.133825196302478e-05,
            -0.0013158565155684664,
            0.000609756270981719,
            -0.012402516062939569,
            -0.015851312934063465,
            -0.0025051019376873596,
            -0.02301251820957244,
            0.035536817806805995,
            -0.21850345979855312,
            -0.07464688300440815,
            -0.0015951361540619538,
            -0.28272568431744755,
            0.27757429201415285,
            0.0,
            0.0,
            0.0,
            0.0,
            1.0000000000000004
        ]
    ],
    "h": [
        [
            -0.24117568651314047,
            -0.4571053001891878,
            0.08250202597048453,
            -0.2479122810846598,
            -0.03925145028189841,
            -0.5502905091026309,
            -0.44950450427758804,
            -0.021212978954465778,
            0.03423546899131702,
            0.01898621024660138,
            -0.20869543077845137,
            -0.29125643694610764,
            0.01619336723833909,
            0.26933999823269156,
            -0.026709210426523713,
            -0.0026787930200385945,
            -0.11935546643480216,
            0.0014666654770391203,
            0.04911136868069645,
            0.005964664073166863
        ],
        [
            -0.4571053001891878,
            -0.3116660189270297,
            0.07024671302033894,
            -0.21847745055576603,
            -0.032673211691508,
            -0.5164148742311184,
            -0.3654208440829796,
            -0.08132728500956653,
            0.10369471504908126,
            0.05563584678665925,
            -0.29969529333683276,
            -0.2991762209100569,
            0.027030817567074834,
            0.16386008011040515,
            -0.04807305827441398,
            -0.11878345987607954,
            -0.183019082889042,
            0.0027070215347336085,
            0.09801841993886293,
            0.029452281279607518
        ],
        [
            0.08250202597048453,
            0.07024671302033894,
            1.463082683904359,
            0.07309916153697765,
            0.012528892187962722,
            0.01583320836270352,
            0.06271489170614944,
            0.23174664142282242,
            0.29737755547074407,
            0.04929756366131949,
            0.036108926065227656,
            0.048096044125571974,
            -0.04655331027184516,
            -0.05027895797910649,
            0.007651976411840962,
            0.0029363124575158646,
            0.021167648150138923,
            -0.002946925576363734,
            -0.006465613810730355,
            -0.0009688912588781025
        ],
        [
            -0.2479122810846598,
            -0.21847745055576603,
            0.07309916153697765,
            1.2627284490740194,
            -0.03513462546238019,
            -0.07502537659959185,
            -0.20747925681359947,
            0.27935964975934585,
            -0.5473623961278435,
            -0.1341545690215118,
            -0.20448231958081153,
            -0.16287886132192797,
            0.01853216823875494,
            0.17568758700910025,
            -0.03518742193888828,
            -0.049456326949002496,
            -0.10094053181338908,
            -2.015618945638408e-06,
            0.06305312579570577,
            0.01166582753227771
        ],
        [
            -0.03925145028189841,
            -0.032673211691508,
            0.012528892187962722,
            -0.03513462546238019,
            1.4816708713317723,
            -0.0038625885871520493,
            -0.028176682468533817,
            0.05192396694549298,
            -0.1507443228607647,
            0.305607410323906,
            -0.009863062102725632,
            -0.021894204876012326,
            0.002074581284519389,
            0.017848481962241876,
            -0.04443869216791406,
            -0.0023311396082501003,
            -0.010375983129179051,
            3.862612414038831e-05,
            0.006337338336464543,
            -0.001961784815830525
        ],
        [
            -0.5502905091026309,
            -0.5164148742311184,
            0.01583320836270352,
            -0.07502537659959185,
            -0.0038625885871520493,
            -0.3804682898998608,
            -0.5699280015661323,
            -0.1148048625059048,
            0.05796625846068843,
            0.08486163796708282,
            -0.46379865195892545,
            -0.47389099169725446,
            0.006374160771970894,
            0.07152101764259944,
            -0.02839965471947567,
            -0.20696057038912,
            -0.29947606800542564,
            0.01287256435092532,
            0.1990520213408751,
            0.0493308575981187
        ],
        [
            -0.44950450427758804,
            -0.3654208440829796,
            0.06271489170614944,
            -0.20747925681359947,
            -0.028176682468533817,
            -0.5699280015661323,
            -0.42793227466182326,
            -0.09877309856775329,
            0.015268213277054521,
            0.07223897110428229,
            -0.4726527110016777,
            -0.40196672605450856,
            0.030311432008486808,
            0.1078436139662649,
            -0.08489711983554123,
            -0.28941307584989184,
            -0.2989635460862845,
            0.004089441414020865,
            0.1562579993984079,
            0.06337362925460065
        ],
        [
            -0.021212978954465778,
            -0.08132728500956653,
            0.23174664142282242,
            0.27935964975934585,
            0.05192396694549298,
            -0.1148048625059048,
            -0.09877309856775329,
            1.3901440981051383,
            0.03503425767690799,
            0.02202774291098695,
            -0.026144138271460504,
            -0.06954035716285856,
            0.2263106181793908,
            -0.1539795553530663,
            0.037439819324233015,
            -0.031377566419526645,
            -0.04140393757834829,
            -0.039567475734818454,
            0.03440320301236979,
            0.010232969874305465
        ],
        [
            0.03423546899131702,
            0.10369471504908126,
            0.29737755547074407,
            -0.5473623961278435,
            -0.1507443228607647,
            0.05796625846068843,
            0.015268213277054521,
            0.03503425767690799,
            0.9821651350330853,
            0.004879991008314253,
            -0.06922967650484335,
            -0.10403217632168615,
            -0.17356304175337417,
            -0.715578466465021,
            0.183377174715885,
            -0.26682951298103175,
            -0.16244593065648077,
            0.010867111186037053,
            0.16759469286671036,
            0.06665048805260804
        ],
        [
            0.01898621024660138,
            0.05563584678665925,
            0.04929756366131949,
            -0.1341545690215118,
            0.305607410323906,
            0.08486163796708282,
            0.07223897110428229,
            0.02202774291098695,
            0.004879991008314253,
            1.4047477428382515,
            0.012409611100610618,
            0.05371029376600919,
            0.04217014959769762,
            0.1984956847488552,
            0.20949368926736434,
            0.013352221241161564,
            0.03627515407245277,
            -0.0007210360839976764,
            -0.02001236948548454,
            -0.04848976057587119
        ],
        [
            -0.20869543077845137,
            -0.29969529333683276,
            0.036108926065227656,
            -0.20448231958081153,
            -0.009863062102725632,
            -0.46379865195892545,
            -0.4726527110016777,
            -0.026144138271460504,
            -0.06922967650484335,
            0.012409611100610618,
            -0.37309749145307247,
            -0.5663560370512704,
            0.03492821669543905,
            -0.04527586062355167,
            -0.14644198064125974,
            -0.5432596335291574,
            -0.5124104462324612,
            0.005264274659140102,
            0.07590777226120748,
            0.0224656566189676
        ],
        [
            -0.29125643694610764,
            -0.2991762209100569,
            0.048096044125571974,
            -0.16287886132192797,
            -0.021894204876012326,
            -0.47389099169725446,
            -0.40196672605450856,
            -0.06954035716285856,
            -0.10403217632168615,
            0.05371029376600919,
            -0.5663560370512704,
            -0.42679094365010206,
            0.031179708287757284,
            -0.006950120939917315,
            -0.12535110585979525,
            -0.4458617661331016,
            -0.3651447734583855,
            0.0054194264371112836,
            0.1983145095940333,
            0.08190116608422399
        ],
        [
            0.01619336723833909,
            0.027030817567074834,
            -0.04655331027184516,
            0.01853216823875494,
            0.002074581284519389,
            0.006374160771970894,
            0.030311432008486808,
            0.2263106181793908,
            -0.17356304175337417,
            0.04217014959769762,
            0.03492821669543905,
            0.031179708287757284,
            1.4166702211620399,
            -0.03733395016746734,
            0.008807068981202013,
            0.007919238763290593,
            0.017631592872703116,
            0.31391848975550657,
            -0.014226686517683471,
            -0.004364039229155358
        ],
        [
            0.26933999823269156,
            0.16386008011040515,
            -0.05027895797910649,
            0.17568758700910025,
            0.017848481962241876,
            0.07152101764259944,
            0.1078436139662649,
            -0.1539795553530663,
            -0.715578466465021,
            0.1984956847488552,
            -0.04527586062355167,
            -0.006950120939917315,
            -0.03733395016746734,
            1.0025927898311628,
            -0.047958520729816684,
            -0.0364031308195607,
            -0.09568980979820418,
            -0.005789288918677989,
            -0.5063220078058073,
            -0.380994033263625
        ],
        [
            -0.026709210426523713,
            -0.04807305827441398,
            0.007651976411840962,
            -0.03518742193888828,
            -0.04443869216791406,
            -0.02839965471947567,
            -0.08489711983554123,
            0.037439819324233015,
            0.183377174715885,
            0.20949368926736434,
            -0.14644198064125974,
            -0.12535110585979525,
            0.008807068981202013,
            -0.047958520729816684,
            1.369584389350954,
            -0.030903034514070615,
            -0.10548387937015431,
            -0.00017549731307952166,
            -0.35733536577983616,
            0.13980798757687113
        ],
        [
            -0.0026787930200385945,
            -0.11878345987607954,
            0.0029363124575158646,
            -0.049456326949002496,
            -0.0023311396082501003,
            -0.20696057038912,
            -0.28941307584989184,
            -0.031377566419526645,
            -0.26682951298103175,
            0.013352221241161564,
            -0.5432596335291574,
            -0.4458617661331016,
            0.007919238763290593,
            -0.0364031308195607,
            -0.030903034514070615,
            -0.23406877246853486,
            -0.45396476740782665,
            0.004005132302528002,
            0.2345158501327792,
            0.1064085020436548
        ],
        [
            -0.11935546643480216,
            -0.183019082889042,
            0.021167648150138923,
            -0.10094053181338908,
            -0.010375983129179051,
            -0.29947606800542564,
            -0.2989635460862845,
            -0.04140393757834829,
            -0.16244593065648077,
            0.03627515407245277,
            -0.5124104462324612,
            -0.3651447734583855,
            0.017631592872703116,
            -0.09568980979820418,
            -0.10548387937015431,
            -0.45396476740782665,
            -0.3111784091483829,
            0.004432961319900928,
            0.20894178923482556,
            0.09166637483725715
        ],
        [
            0.0014666654770391203,
            0.0027070215347336085,
            -0.002946925576363734,
            -2.015618945638408e-06,
            3.862612414038831e-05,
            0.01287256435092532,
            0.004089441414020865,
            -0.039567475734818454,
            0.010867111186037053,
            -0.0007210360839976764,
            0.005264274659140102,
            0.0054194264371112836,
            0.31391848975550657,
            -0.005789288918677989,
            -0.00017549731307952166,
            0.004005132302528002,
            0.004432961319900928,
            1.4893424174634198,
            -0.003468440010850716,
            -0.0007819766900999192
        ],
        [
            0.04911136868069645,
            0.09801841993886293,
            -0.006465613810730355,
            0.06305312579570577,
            0.006337338336464543,
            0.1990520213408751,
            0.1562579993984079,
            0.03440320301236979,
            0.16759469286671036,
            -0.02001236948548454,
            0.07590777226120748,
            0.1983145095940333,
            -0.014226686517683471,
            -0.5063220078058073,
            -0.35733536577983616,
            0.2345158501327792,
            0.20894178923482556,
            -0.003468440010850716,
            1.282954333962723,
            -0.09152241115603846
        ],
        [
            0.005964664073166863,
            0.029452281279607518,
            -0.0009688912588781025,
            0.01166582753227771,
            -0.001961784815830525,
            0.0493308575981187,
            0.06337362925460065,
            0.010232969874305465,
            0.06665048805260804,
            -0.04848976057587119,
            0.0224656566189676,
            0.08190116608422399,
            -0.004364039229155358,
            -0.380994033263625,
            0.13980798757687113,
            0.1064085020436548,
            0.09166637483725715,
            -0.0007819766900999192,
            -0.09152241115603846,
            1.4467565532932105
        ]
    ]
}