{
    "HF": -2.1254782613487393,
    "coordinates": [
        [
            0.640137,
            0.100972,
            0.008468
        ],
        [
            1.389451,
            0.097098,
            0.182194
        ],
        [
            2.084778,
            0.085417,
            0.091922
        ],
        [
            2.810445,
            0.189165,
            0.1276
        ]
    ],
    "elements": [
        "H",
        "H",
        "H",
        "H"
    ],
    "Enn": 3.1438823182623867,
    "S": [
        [
            0.9999999999999999,
            0.6848602514927513,
            0.0,
            0.0,
            0.0,
            0.5472875417974259,
            0.556882606918801,
            -0.11969070971262655,
            -0.5162492917445121,
            0.002669040957753676,
            0.14345390628417343,
            0.3295619008604877,
            -0.010832029055751218,
            -0.1875092061150993,
            0.002018983056081316,
            0.01604696538371514,
            0.13150532591215094,
            -0.001077680289384835,
            -0.01963282874034031,
            -0.0007978029224869623
        ],
        [
            0.6848602514927513,
            1.0000000000000002,
            0.0,
            0.0,
            0.0,
            0.556882606918801,
            0.8790743519890497,
            -0.03791012836470915,
            -0.1635137511107931,
            0.0008453762665627677,
            0.3295619008604877,
            0.6336942562821006,
            -0.010396764194774085,
            -0.17997449880296484,
            0.0019378539920160952,
            0.13150532591215094,
            0.3567071467120817,
            -0.005547133481625234,
            -0.1010558722445615,
            -0.004106523378647
        ],
        [
            0.0,
            0.0,
            1.0000000000000004,
            0.0,
            0.0,
            0.11969070971262652,
            0.037910128364709125,
            0.42757448176892554,
            -0.15678644019677246,
            0.0008105956505847991,
            0.010832029055751216,
            0.010396764194774075,
            0.06478491537527709,
            -0.02065083158090726,
            0.00022235537080908836,
            0.0010776802893848348,
            0.005547133481625231,
            0.002069733952859604,
            -0.001442449738601547,
            -5.861562957722417e-05
        ],
        [
            0.0,
            0.0,
            0.0,
            1.0000000000000004,
            0.0,
            0.5162492917445117,
            0.16351375111079322,
            -0.15678644019677246,
            -0.21232548142363342,
            0.0034962565725469895,
            0.18750920611509928,
            0.1799744988029647,
            -0.020650831580907265,
            -0.2915009541799887,
            0.0038491107105832227,
            0.019632828740340315,
            0.1010558722445615,
            -0.0014424497386015475,
            -0.02412916729766911,
            -0.0010678404609717482
        ],
        [
            0.0,
            0.0,
            0.0,
            0.0,
            1.0000000000000004,
            -0.002669040957753676,
            -0.0008453762665627675,
            0.0008105956505847991,
            0.0034962565725469895,
            0.46390682923829407,
            -0.002018983056081316,
            -0.0019378539920160947,
            0.00022235537080908876,
            0.0038491107105832287,
            0.06593642746835067,
            0.0007978029224869619,
            0.004106523378647,
            -5.861562957722419e-05,
            -0.001067840460971748,
            0.002105519596410933
        ],
        [
            0.5472875417974259,
            0.556882606918801,
            0.11969070971262655,
            0.5162492917445118,
            -0.002669040957753676,
            0.9999999999999999,
            0.6848602514927513,
            0.0,
            0.0,
            0.0,
            0.602107242145209,
            0.5766703667118898,
            0.07016672079415459,
            -0.5404645457022903,
            0.009079420701840216,
            0.15149332693431505,
            0.33694469726619697,
            0.007574910945712263,
            -0.19716274690243327,
            -0.012774285196887763
        ],
        [
            0.556882606918801,
            0.8790743519890497,
            0.03791012836470915,
            0.16351375111079328,
            -0.0008453762665627677,
            0.6848602514927513,
            1.0000000000000002,
            0.0,
            0.0,
            0.0,
            0.5766703667118898,
            0.8984145935508603,
            0.02044700173433226,
            -0.15749459826887674,
            0.002645797448364231,
            0.33694469726619697,
            0.6425226202390513,
            0.006964442963897733,
            -0.18127324733562128,
            -0.011744795588474431
        ],
        [
            -0.11969070971262655,
            -0.037910128364709146,
            0.42757448176892554,
            -0.15678644019677246,
            0.0008105956505847991,
            0.0,
            0.0,
            1.0000000000000004,
            0.0,
            0.0,
            -0.07016672079415459,
            -0.020447001734332258,
            0.5169884692830631,
            0.08606801338536182,
            -0.00144588152675563,
            -0.007574910945712264,
            -0.006964442963897732,
            0.0710935774082972,
            0.01443023023779422,
            0.0009349427283317178
        ],
        [
            -0.5162492917445117,
            -0.16351375111079305,
            -0.15678644019677246,
            -0.21232548142363342,
            0.0034962565725469895,
            0.0,
            0.0,
            0.0,
            1.0000000000000004,
            0.0,
            0.5404645457022905,
            0.15749459826887674,
            0.08606801338536182,
            -0.1347830766152836,
            0.011137013297084502,
            0.1971627469024334,
            0.18127324733562106,
            0.01443023023779424,
            -0.3039476997293628,
            -0.024335055268033152
        ],
        [
            0.002669040957753676,
            0.0008453762665627675,
            0.0008105956505847991,
            0.0034962565725469895,
            0.46390682923829407,
            0.0,
            0.0,
            0.0,
            0.0,
            1.0000000000000004,
            -0.009079420701840219,
            -0.0026457974483642304,
            -0.0014458815267556263,
            0.011137013297084475,
            0.5279753003021378,
            0.012774285196887772,
            0.01174479558847443,
            0.0009349427283317187,
            -0.024335055268033142,
            0.07007129895831088
        ],
        [
            0.14345390628417343,
            0.3295619008604877,
            0.010832029055751218,
            0.1875092061150993,
            -0.002018983056081316,
            0.602107242145209,
            0.5766703667118898,
            -0.0701667207941546,
            0.5404645457022903,
            -0.009079420701840216,
            0.9999999999999999,
            0.6848602514927513,
            0.0,
            0.0,
            0.0,
            0.5756266273811574,
            0.5673015373256878,
            -0.02620104661497223,
            -0.5329120156384063,
            -0.07618998217977857
        ],
        [
            0.3295619008604877,
            0.6336942562821006,
            0.010396764194774087,
            0.17997449880296484,
            -0.0019378539920160952,
            0.5766703667118898,
            0.8984145935508603,
            -0.02044700173433226,
            0.15749459826887674,
            -0.002645797448364231,
            0.6848602514927513,
            1.0000000000000002,
            0.0,
            0.0,
            0.0,
            0.5673015373256878,
            0.8892896696212784,
            -0.007941163877610237,
            -0.16151803821889582,
            -0.023092097930778273
        ],
        [
            -0.010832029055751218,
            -0.01039676419477407,
            0.06478491537527709,
            -0.020650831580907265,
            0.00022235537080908876,
            0.07016672079415462,
            0.020447001734332258,
            0.5169884692830631,
            0.08606801338536181,
            -0.001445881526755626,
            0.0,
            0.0,
            1.0000000000000004,
            0.0,
            0.0,
            0.02620104661497221,
            0.007941163877610215,
            0.49534785017775357,
            -0.033405493788165666,
            -0.004775955320463262
        ],
        [
            -0.18750920611509928,
            -0.1799744988029646,
            -0.02065083158090726,
            -0.29150095417998867,
            0.0038491107105832287,
            -0.5404645457022905,
            -0.15749459826887674,
            0.08606801338536184,
            -0.1347830766152836,
            0.011137013297084475,
            0.0,
            0.0,
            0.0,
            1.0000000000000004,
            0.0,
            0.5329120156384063,
            0.16151803821889654,
            -0.03340549378816568,
            -0.1824554636858379,
            -0.09713978276625974
        ],
        [
            0.002018983056081316,
            0.0019378539920160947,
            0.00022235537080908836,
            0.0038491107105832227,
            0.06593642746835066,
            0.009079420701840219,
            0.0026457974483642304,
            -0.0014458815267556302,
            0.011137013297084502,
            0.5279753003021378,
            0.0,
            0.0,
            0.0,
            0.0,
            1.0000000000000004,
            0.07618998217977857,
            0.023092097930778224,
            -0.00477595532046326,
            -0.09713978276625969,
            0.483102265115928
        ],
        [
            0.01604696538371514,
            0.13150532591215094,
            0.001077680289384835,
            0.01963282874034031,
            0.0007978029224869619,
            0.15149332693431505,
            0.33694469726619697,
            -0.007574910945712263,
            0.19716274690243335,
            0.012774285196887768,
            0.5756266273811574,
            0.5673015373256878,
            0.02620104661497223,
            0.5329120156384063,
            0.07618998217977857,
            0.9999999999999999,
            0.6848602514927513,
            0.0,
            0.0,
            0.0
        ],
        [
            0.13150532591215094,
            0.3567071467120817,
            0.005547133481625234,
            0.10105587224456143,
            0.004106523378647,
            0.33694469726619697,
            0.6425226202390513,
            -0.006964442963897733,
            0.18127324733562108,
            0.011744795588474431,
            0.5673015373256878,
            0.8892896696212784,
            0.007941163877610215,
            0.16151803821889654,
            0.02309209793077825,
            0.6848602514927513,
            1.0000000000000002,
            0.0,
            0.0,
            0.0
        ],
        [
            -0.0010776802893848346,
            -0.005547133481625234,
            0.002069733952859604,
            -0.001442449738601547,
            -5.861562957722419e-05,
            0.007574910945712264,
            0.006964442963897732,
            0.0710935774082972,
            0.014430230237794236,
            0.0009349427283317185,
            -0.026201046614972228,
            -0.007941163877610215,
            0.49534785017775357,
            -0.03340549378816568,
            -0.00477595532046326,
            0.0,
            0.0,
            1.0000000000000004,
            0.0,
            0.0
        ],
        [
            -0.01963282874034031,
            -0.1010558722445615,
            -0.0014424497386015475,
            -0.02412916729766911,
            -0.0010678404609717484,
            -0.19716274690243332,
            -0.18127324733562128,
            0.014430230237794222,
            -0.3039476997293628,
            -0.024335055268033142,
            -0.5329120156384063,
            -0.16151803821889654,
            -0.033405493788165666,
            -0.1824554636858379,
            -0.09713978276625969,
            0.0,
            0.0,
            0.0,
            1.0000000000000004,
            0.0
        ],
        [
            -0.0007978029224869623,
            -0.004106523378647,
            -5.861562957722417e-05,
            -0.0010678404609717476,
            0.002105519596410933,
            -0.012774285196887766,
            -0.01174479558847443,
            0.000934942728331718,
            -0.024335055268033152,
            0.07007129895831087,
            -0.07618998217977857,
            -0.023092097930778224,
            -0.004775955320463262,
            -0.09713978276625974,
            0.483102265115928,
            0.0,
            0.0,
            0.0,
            0.0,
            1.0000000000000004
        ]
    ],
    "h": [
        [
            -0.26838150822769524,
            -0.46806597200329114,
            -0.0631106624452781,
            -0.28449590080335885,
            0.0022271441308846594,
            -0.5824935657771225,
            -0.459866232375411,
            0.0157970454655659,
            0.019746667029773124,
            0.0024019822706217962,
            -0.2822294859022874,
            -0.32800902944025256,
            -0.010915264978649022,
            0.34339390121021085,
            -0.0010975993799293557,
            -0.02138110597952074,
            -0.1514329817952505,
            0.0012637253158396399,
            0.08526310562309314,
            0.004990224959157418
        ],
        [
            -0.46806597200329114,
            -0.3142551747592155,
            -0.05205879612367085,
            -0.24463483191110946,
            0.0019552221621116127,
            -0.5515914101948114,
            -0.3696686332872907,
            0.06275892270288656,
            0.0904907723660589,
            0.0012961519586353926,
            -0.367701872960581,
            -0.3212183465698336,
            -0.022572767959784502,
            0.20934276895887896,
            -0.00841813316302717,
            -0.15327617821435263,
            -0.20878484554531507,
            0.0029274295075557497,
            0.13665220915465762,
            0.014195012918114371
        ],
        [
            -0.0631106624452781,
            -0.05205879612367085,
            1.4701654668655413,
            -0.05913975065637078,
            0.000350773577374208,
            -0.011158766619116467,
            -0.04714567323452267,
            0.3390155299092218,
            -0.22267163668116513,
            0.0013857232167954398,
            -0.038138176566138715,
            -0.03970283761138029,
            -0.05033839310728698,
            0.04760066376506236,
            -0.0005681933153801716,
            -0.006051628000390847,
            -0.020242309328138072,
            -0.006522906182420072,
            0.010841917877048924,
            0.0006862209998784482
        ],
        [
            -0.28449590080335885,
            -0.24463483191110946,
            -0.05913975065637078,
            1.2079028371825828,
            0.0018275524763964055,
            -0.09350179065636932,
            -0.23802454243505677,
            -0.20289512035000346,
            -0.6013049731349365,
            0.0062420759497737125,
            -0.27072474913412126,
            -0.19962005243777475,
            -0.02359757008521481,
            0.1498810427154862,
            -0.003993375296269568,
            -0.08424303074670914,
            -0.1314488149099945,
            0.0041479915297933274,
            0.11592234968511692,
            0.00785561515170228
        ],
        [
            0.0022271441308846594,
            0.0019552221621116127,
            0.000350773577374208,
            0.0018275524763964055,
            1.4836419289117597,
            0.0012979342972078544,
            0.001872130507888619,
            0.000911856374957298,
            0.004723857567141254,
            0.3881700415930981,
            0.0018936401851346023,
            0.0013228390295869038,
            0.00018152961463998988,
            -0.0014993251466763014,
            -0.046904132422327674,
            -0.001306718466861419,
            0.00012417951545635412,
            0.00012445314405362584,
            0.0026315764367225132,
            -0.0065967328259025956
        ],
        [
            -0.5824935657771225,
            -0.5515914101948114,
            -0.011158766619116467,
            -0.09350179065636932,
            0.0012979342972078544,
            -0.4928710839145898,
            -0.6230464706332813,
            0.09456070815276912,
            -0.010393870265916386,
            0.0027378703971176403,
            -0.5901842276298483,
            -0.5507453755846892,
            -0.0011130872565939531,
            0.04593585198505301,
            -0.008991120919977509,
            -0.2973891773710763,
            -0.3735553527278441,
            0.001686617467699011,
            0.2832753615021989,
            0.02894185008066269
        ],
        [
            -0.459866232375411,
            -0.3696686332872907,
            -0.04714567323452267,
            -0.23802454243505677,
            0.001872130507888619,
            -0.6230464706332813,
            -0.4418125820891181,
            0.07486964959748993,
            -0.0301171599368273,
            0.0009172661016958804,
            -0.5550839610197134,
            -0.4234813399421269,
            -0.03063137573825936,
            0.1417470326624961,
            -0.02155805070355917,
            -0.33893977936425757,
            -0.32475505671889937,
            0.006557253085671923,
            0.21200226078005213,
            0.02700782823676739
        ],
        [
            0.0157970454655659,
            0.06275892270288656,
            0.3390155299092218,
            -0.20289512035000346,
            0.000911856374957298,
            0.09456070815276912,
            0.07486964959748993,
            1.3694724831537244,
            -0.02255147840596694,
            -0.0003295873004989277,
            0.017529434920427384,
            0.05611858725255132,
            0.45449139276953754,
            0.1043266282469956,
            -0.0013237684437339154,
            0.023059722765911957,
            0.03405008940885379,
            -0.04780510536650162,
            -0.02710413814381385,
            -0.0032317918672953674
        ],
        [
            0.019746667029773124,
            0.0904907723660589,
            -0.22267163668116513,
            -0.6013049731349365,
            0.004723857567141254,
            -0.010393870265916386,
            -0.0301171599368273,
            -0.02255147840596694,
            0.7736943695383023,
            0.002500845045531483,
            -0.058381157981021836,
            -0.15055115009185338,
            0.1176613988924427,
            -0.6893960731343004,
            0.00021595263526334382,
            -0.35489260131376893,
            -0.21384198666885265,
            0.011011046581615998,
            0.1452244885632219,
            0.030074662890903534
        ],
        [
            0.0024019822706217962,
            0.0012961519586353926,
            0.0013857232167954398,
            0.0062420759497737125,
            0.3881700415930981,
            0.0027378703971176403,
            0.0009172661016958804,
            -0.0003295873004989277,
            0.002500845045531483,
            1.3875122185481827,
            -0.0053549088939251165,
            -0.0005807297266276362,
            -0.0023979653827448546,
            0.012845713000486425,
            0.46947452272185175,
            -0.007425096554917576,
            -0.0007253745788931565,
            0.00035833139032484095,
            -0.0035605664661413974,
            -0.047135116112857256
        ],
        [
            -0.2822294859022874,
            -0.367701872960581,
            -0.038138176566138715,
            -0.27072474913412126,
            0.0018936401851346023,
            -0.5901842276298483,
            -0.5550839610197134,
            0.017529434920427384,
            -0.058381157981021836,
            -0.0053549088939251165,
            -0.5161538699181787,
            -0.6319163897321586,
            -0.04811900035909419,
            -0.013965915921156466,
            -0.044806050405528264,
            -0.6060831197285793,
            -0.5642931391602464,
            -0.002103903170265188,
            0.09319928147672529,
            0.008403903452488037
        ],
        [
            -0.32800902944025256,
            -0.3212183465698336,
            -0.03970283761138029,
            -0.19962005243777475,
            0.0013228390295869038,
            -0.5507453755846892,
            -0.4234813399421269,
            0.05611858725255132,
            -0.15055115009185338,
            -0.0005807297266276362,
            -0.6319163897321586,
            -0.4427712458415849,
            -0.03648779115948612,
            0.017937329410094516,
            -0.034262946310792464,
            -0.4722723329603925,
            -0.37177192372088985,
            0.00732297117010142,
            0.25301857799193916,
            0.03241647827362168
        ],
        [
            -0.010915264978649022,
            -0.022572767959784502,
            -0.05033839310728698,
            -0.02359757008521481,
            0.00018152961463998988,
            -0.0011130872565939531,
            -0.03063137573825936,
            0.45449139276953754,
            0.1176613988924427,
            -0.0023979653827448546,
            -0.04811900035909419,
            -0.03648779115948612,
            1.3759673420330831,
            0.0198662453632939,
            -0.0026500108787774835,
            -0.01073314461832306,
            -0.02695048059625955,
            0.43369517128690793,
            -0.035447372334487054,
            -0.005715290145324911
        ],
        [
            0.34339390121021085,
            0.20934276895887896,
            0.04760066376506236,
            0.1498810427154862,
            -0.0014993251466763014,
            0.04593585198505301,
            0.1417470326624961,
            0.1043266282469956,
            -0.6893960731343004,
            0.012845713000486425,
            -0.013965915921156466,
            0.017937329410094516,
            0.0198662453632939,
            0.7464450114193664,
            -0.03635640928179121,
            -0.008789946275706617,
            -0.097342877955029,
            -0.04757393260721677,
            -0.5848071767962509,
            -0.14232217716369092
        ],
        [
            -0.0010975993799293557,
            -0.00841813316302717,
            -0.0005681933153801716,
            -0.003993375296269568,
            -0.046904132422327674,
            -0.008991120919977509,
            -0.02155805070355917,
            -0.0013237684437339154,
            0.00021595263526334382,
            0.46947452272185175,
            -0.044806050405528264,
            -0.034262946310792464,
            -0.0026500108787774835,
            -0.03635640928179121,
            1.3756004935112833,
            -0.006045865724796623,
            -0.032797550355156815,
            -0.007031157526480508,
            -0.13338918254244844,
            0.41682657198207185
        ],
        [
            -0.02138110597952074,
            -0.15327617821435263,
            -0.006051628000390847,
            -0.08424303074670914,
            -0.001306718466861419,
            -0.2973891773710763,
            -0.33893977936425757,
            0.023059722765911957,
            -0.35489260131376893,
            -0.007425096554917576,
            -0.6060831197285793,
            -0.4722723329603925,
            -0.01073314461832306,
            -0.008789946275706617,
            -0.006045865724796623,
            -0.2932584991028784,
            -0.4784126311850676,
            0.012301735823791023,
            0.3080932051293104,
            0.042956077374622724
        ],
        [
            -0.1514329817952505,
            -0.20878484554531507,
            -0.020242309328138072,
            -0.1314488149099945,
            0.00012417951545635412,
            -0.3735553527278441,
            -0.32475505671889937,
            0.03405008940885379,
            -0.21384198666885265,
            -0.0007253745788931565,
            -0.5642931391602464,
            -0.37177192372088985,
            -0.02695048059625955,
            -0.097342877955029,
            -0.032797550355156815,
            -0.4784126311850676,
            -0.317231096858831,
            0.009090756005482821,
            0.2580308615863228,
            0.034828439563546386
        ],
        [
            0.0012637253158396399,
            0.0029274295075557497,
            -0.006522906182420072,
            0.0041479915297933274,
            0.00012445314405362584,
            0.001686617467699011,
            0.006557253085671923,
            -0.04780510536650162,
            0.011011046581615998,
            0.00035833139032484095,
            -0.002103903170265188,
            0.00732297117010142,
            0.43369517128690793,
            -0.04757393260721677,
            -0.007031157526480508,
            0.012301735823791023,
            0.009090756005482821,
            1.4736921556658351,
            -0.01174885354276476,
            -0.001796112458562912
        ],
        [
            0.08526310562309314,
            0.13665220915465762,
            0.010841917877048924,
            0.11592234968511692,
            0.0026315764367225132,
            0.2832753615021989,
            0.21200226078005213,
            -0.02710413814381385,
            0.1452244885632219,
            -0.0035605664661413974,
            0.09319928147672529,
            0.25301857799193916,
            -0.035447372334487054,
            -0.5848071767962509,
            -0.13338918254244844,
            0.3080932051293104,
            0.2580308615863228,
            -0.01174885354276476,
            1.171141921886231,
            -0.04106557875521749
        ],
        [
            0.004990224959157418,
            0.014195012918114371,
            0.0006862209998784482,
            0.00785561515170228,
            -0.0065967328259025956,
            0.02894185008066269,
            0.02700782823676739,
            -0.0032317918672953674,
            0.030074662890903534,
            -0.047135116112857256,
            0.008403903452488037,
            0.03241647827362168,
            -0.005715290145324911,
            -0.14232217716369092,
            0.41682657198207185,
            0.042956077374622724,
            0.034828439563546386,
            -0.001796112458562912,
            -0.04106557875521749,
            1.4686777446088548
        ]
    ]
}