{
    "HF": -2.137903677508793,
    "coordinates": [
        [
            0.820811,
            0.089445,
            -0.092117
        ],
        [
            1.59961,
            0.19324,
            -0.053219
        ],
        [
            2.281033,
            -0.068826,
            0.059129
        ],
        [
            2.993228,
            0.000706,
            -0.026565
        ]
    ],
    "elements": [
        "H",
        "H",
        "H",
        "H"
    ],
    "Enn": 3.101088677134975,
    "S": [
        [
            0.9999999999999999,
            0.6848602514927513,
            0.0,
            0.0,
            0.0,
            0.5334104101609133,
            0.5516242941945457,
            -0.02594227733110933,
            -0.5194051016296626,
            -0.06922409058518408,
            0.1332717197762867,
            0.3198256073489378,
            -0.01794242411970562,
            -0.17322720887114224,
            0.018775805031868136,
            0.016055306800554787,
            0.1315345945125989,
            -0.0005933663760343753,
            -0.01966437641148202,
            0.0008032514468347942
        ],
        [
            0.6848602514927513,
            1.0000000000000002,
            0.0,
            0.0,
            0.0,
            0.5516242941945457,
            0.8738912025640719,
            -0.00840270908491131,
            -0.16823542168285868,
            -0.0224216975029145,
            0.3198256073489378,
            0.6219360764512044,
            -0.018247550932803877,
            -0.17617309097894004,
            0.01909510422547243,
            0.13153459451259894,
            0.3567568769257452,
            -0.003053021172334837,
            -0.10117822638729768,
            0.00413293333249666
        ],
        [
            0.0,
            0.0,
            1.0000000000000004,
            0.0,
            0.0,
            0.02594227733110933,
            0.008402709084911308,
            0.44610199388314553,
            -0.035223158282175045,
            -0.004694391895596113,
            0.017942424119705622,
            0.01824755093280387,
            0.055505750212135295,
            -0.03383471091076304,
            0.0036672872553333504,
            0.0005933663760343755,
            0.003053021172334835,
            0.0021267054745039045,
            -0.0007951348710409619,
            3.2479709614362204e-05
        ],
        [
            0.0,
            0.0,
            0.0,
            1.0000000000000004,
            0.0,
            0.5194051016296622,
            0.16823542168285865,
            -0.035223158282175045,
            -0.2573616476264336,
            -0.09398909234146635,
            0.17322720887114224,
            0.17617309097893988,
            -0.03383471091076302,
            -0.2676508681453599,
            0.03540624896233536,
            0.019664376411482012,
            0.10117822638729738,
            -0.0007951348710409615,
            -0.02420035892669809,
            0.001076389329407247
        ],
        [
            0.0,
            0.0,
            0.0,
            0.0,
            1.0000000000000004,
            0.06922409058518408,
            0.0224216975029145,
            -0.004694391895596113,
            -0.09398909234146635,
            0.43533479024174077,
            -0.018775805031868136,
            -0.019095104225472424,
            0.003667287255333351,
            0.03540624896233538,
            0.05517263802569481,
            -0.0008032514468347939,
            -0.004132933332496657,
            3.2479709614362204e-05,
            0.0010763893294072477,
            0.002106730013238506
        ],
        [
            0.5334104101609133,
            0.5516242941945457,
            0.02594227733110933,
            0.5194051016296626,
            0.06922409058518411,
            0.9999999999999999,
            0.6848602514927513,
            0.0,
            0.0,
            0.0,
            0.5717851890800073,
            0.5659135669679578,
            -0.08181045613148183,
            -0.4962039951621987,
            0.19083329473201938,
            0.15825124015204894,
            0.3429606011447085,
            -0.003901272778644862,
            -0.2039800392897686,
            0.02818067281322164
        ],
        [
            0.5516242941945457,
            0.8738912025640719,
            0.00840270908491131,
            0.16823542168285868,
            0.0224216975029145,
            0.6848602514927513,
            1.0000000000000002,
            0.0,
            0.0,
            0.0,
            0.5659135669679578,
            0.8879329713835763,
            -0.024940975540409076,
            -0.1512742049317495,
            0.05817799779233135,
            0.3429606011447085,
            0.6496623481457601,
            -0.003465158610487599,
            -0.18117758732012132,
            0.025030421246777956
        ],
        [
            -0.02594227733110933,
            -0.008402709084911296,
            0.44610199388314553,
            -0.035223158282175045,
            -0.004694391895596113,
            0.0,
            0.0,
            1.0000000000000004,
            0.0,
            0.0,
            0.0818104561314818,
            0.024940975540409072,
            0.4763507820154669,
            -0.09788382726097368,
            0.03764478609464949,
            0.003901272778644862,
            0.0034651586104875987,
            0.07638378291535647,
            -0.007379742428281113,
            0.0010195414587689563
        ],
        [
            -0.5194051016296622,
            -0.16823542168285865,
            -0.035223158282175045,
            -0.2573616476264336,
            -0.09398909234146635,
            0.0,
            0.0,
            0.0,
            1.0000000000000004,
            0.0,
            0.4962039951621987,
            0.15127420493174912,
            -0.09788382726097374,
            -0.10120447785377792,
            0.22832647732914105,
            0.20398003928976868,
            0.18117758732012107,
            -0.00737974242828111,
            -0.309328675008728,
            0.05330724576748986
        ],
        [
            -0.06922409058518408,
            -0.0224216975029145,
            -0.004694391895596113,
            -0.09398909234146635,
            0.43533479024174077,
            0.0,
            0.0,
            0.0,
            0.0,
            1.0000000000000004,
            -0.19083329473201938,
            -0.05817799779233136,
            0.037644786094649496,
            0.22832647732914096,
            0.4046778939817158,
            -0.028180672813221636,
            -0.02503042124677793,
            0.0010195414587689563,
            0.05330724576748988,
            0.06916031306786992
        ],
        [
            0.1332717197762867,
            0.3198256073489378,
            0.01794242411970562,
            0.17322720887114224,
            -0.018775805031868136,
            0.5717851890800073,
            0.5659135669679578,
            0.08181045613148183,
            0.4962039951621991,
            -0.19083329473201938,
            0.9999999999999999,
            0.6848602514927513,
            0.0,
            0.0,
            0.0,
            0.5863225465112859,
            0.5711271332350589,
            0.06441219995835344,
            -0.5353239053999058,
            -0.05226397516167097
        ],
        [
            0.3198256073489378,
            0.6219360764512044,
            0.018247550932803877,
            0.17617309097894004,
            -0.01909510422547243,
            0.5659135669679578,
            0.8879329713835763,
            0.024940975540409076,
            0.15127420493174915,
            -0.05817799779233133,
            0.6848602514927513,
            1.0000000000000002,
            0.0,
            0.0,
            0.0,
            0.5711271332350589,
            0.8930225478457214,
            0.019210983575790416,
            -0.15966072826288977,
            -0.015587767054774654
        ],
        [
            -0.017942424119705622,
            -0.018247550932803877,
            0.055505750212135295,
            -0.03383471091076303,
            0.0036672872553333504,
            -0.0818104561314818,
            -0.024940975540409072,
            0.4763507820154669,
            -0.09788382726097374,
            0.03764478609464949,
            0.0,
            0.0,
            1.0000000000000004,
            0.0,
            0.0,
            -0.06441219995835343,
            -0.019210983575790413,
            0.49983732894401756,
            0.08073648959365821,
            0.007882349067918543
        ],
        [
            -0.17322720887114224,
            -0.1761730909789398,
            -0.03383471091076303,
            -0.2676508681453599,
            0.035406248962335365,
            -0.4962039951621987,
            -0.15127420493174948,
            -0.09788382726097368,
            -0.10120447785377808,
            0.22832647732914088,
            0.0,
            0.0,
            0.0,
            1.0000000000000004,
            0.0,
            0.5353239053999058,
            0.1596607282628897,
            0.08073648959365831,
            -0.16144173504039702,
            -0.06550948251250088
        ],
        [
            0.018775805031868136,
            0.019095104225472424,
            0.003667287255333351,
            0.03540624896233537,
            0.05517263802569481,
            0.19083329473201938,
            0.058177997792331355,
            0.037644786094649496,
            0.22832647732914113,
            0.4046778939817158,
            0.0,
            0.0,
            0.0,
            0.0,
            1.0000000000000004,
            0.05226397516167095,
            0.01558776705477465,
            0.007882349067918543,
            -0.06550948251250079,
            0.5031561214112208
        ],
        [
            0.016055306800554787,
            0.1315345945125989,
            0.0005933663760343755,
            0.019664376411482026,
            -0.0008032514468347942,
            0.15825124015204894,
            0.3429606011447085,
            0.003901272778644862,
            0.20398003928976868,
            -0.02818067281322164,
            0.5863225465112859,
            0.5711271332350589,
            -0.06441219995835344,
            0.5353239053999058,
            0.05226397516167097,
            0.9999999999999999,
            0.6848602514927513,
            0.0,
            0.0,
            0.0
        ],
        [
            0.13153459451259894,
            0.3567568769257452,
            0.003053021172334837,
            0.10117822638729759,
            -0.00413293333249666,
            0.3429606011447085,
            0.6496623481457601,
            0.003465158610487599,
            0.1811775873201211,
            -0.025030421246777956,
            0.5711271332350589,
            0.8930225478457214,
            -0.019210983575790416,
            0.15966072826288977,
            0.015587767054774654,
            0.6848602514927513,
            1.0000000000000002,
            0.0,
            0.0,
            0.0
        ],
        [
            -0.0005933663760343753,
            -0.003053021172334835,
            0.0021267054745039045,
            -0.0007951348710409619,
            3.2479709614362204e-05,
            -0.003901272778644862,
            -0.0034651586104875987,
            0.07638378291535647,
            -0.00737974242828111,
            0.0010195414587689563,
            0.06441219995835343,
            0.019210983575790406,
            0.49983732894401756,
            0.08073648959365831,
            0.007882349067918543,
            0.0,
            0.0,
            1.0000000000000004,
            0.0,
            0.0
        ],
        [
            -0.01966437641148202,
            -0.10117822638729745,
            -0.0007951348710409615,
            -0.02420035892669809,
            0.001076389329407247,
            -0.2039800392897686,
            -0.18117758732012088,
            -0.007379742428281113,
            -0.3093286750087279,
            0.05330724576748988,
            -0.5353239053999057,
            -0.1596607282628897,
            0.08073648959365821,
            -0.1614417350403972,
            -0.06550948251250079,
            0.0,
            0.0,
            0.0,
            1.0000000000000004,
            0.0
        ],
        [
            0.0008032514468347939,
            0.004132933332496655,
            3.2479709614362204e-05,
            0.0010763893294072477,
            0.002106730013238506,
            0.028180672813221636,
            0.025030421246777936,
            0.0010195414587689563,
            0.05330724576748986,
            0.06916031306786992,
            -0.05226397516167095,
            -0.015587767054774647,
            0.007882349067918543,
            -0.06550948251250088,
            0.5031561214112208,
            0.0,
            0.0,
            0.0,
            0.0,
            1.0000000000000004
        ]
    ],
    "h": [
        [
            -0.2564632725348608,
            -0.4637695087306606,
            -0.015691137598577806,
            -0.27915520861933696,
            -0.03263666777148977,
            -0.5687006420095053,
            -0.45432893662503937,
            -0.004368189101834723,
            0.03037118354592616,
            0.01945730880245966,
            -0.26170651816053997,
            -0.3180967502256691,
            0.036234509330992926,
            0.31560942433430333,
            -0.06867440375689232,
            -0.022795641348559312,
            -0.15222703098532384,
            0.0012672815138850373,
            0.08537535350983066,
            -0.006125128735104503
        ],
        [
            -0.4637695087306606,
            -0.31355491456926887,
            -0.014202622923118599,
            -0.2422303724754765,
            -0.02556616937529723,
            -0.5406795839239118,
            -0.3690528535089306,
            -0.0071413817946591775,
            0.10332086896646961,
            0.06715774814070458,
            -0.35295870487228653,
            -0.31705252668440165,
            0.03676722743923262,
            0.18555624507977767,
            -0.07285189022384095,
            -0.15541418345985678,
            -0.2107462901711652,
            -0.0073648059598513645,
            0.13811781492918226,
            6.600684062028385e-05
        ],
        [
            -0.015691137598577806,
            -0.014202622923118599,
            1.4894089837288267,
            -0.015220334193989542,
            -0.001327924710902888,
            -0.007913368704688326,
            -0.014444830935375977,
            0.3632510731279718,
            -0.051206247090293575,
            -0.003988380617798062,
            -0.019488415876911712,
            -0.011558846545795191,
            -0.04417658194861403,
            0.010963053811016393,
            -0.004307427106363654,
            -0.004985436825698682,
            -0.008164660329003474,
            -0.006848000074131845,
            0.005845956351256386,
            -0.00014331525836814682
        ],
        [
            -0.27915520861933696,
            -0.2422303724754765,
            -0.015220334193989542,
            1.2186017777347726,
            -0.0300566737297604,
            -0.08786462604168366,
            -0.23268225877247029,
            -0.05791419172835291,
            -0.6428751492888871,
            -0.10218838471785088,
            -0.2544342871330034,
            -0.1925413250515709,
            0.03094473509882091,
            0.14815226203637988,
            -0.0664273395760012,
            -0.08287856401011803,
            -0.12936678216340103,
            0.00031296705272506383,
            0.11481717875428465,
            -0.004728461938840214
        ],
        [
            -0.03263666777148977,
            -0.02556616937529723,
            -0.001327924710902888,
            -0.0300566737297604,
            1.4855736637299048,
            0.0017742427264706706,
            -0.020277477741127904,
            -0.006193783058852062,
            -0.12791975969816952,
            0.3478017623091929,
            -0.0017839507589287387,
            -0.017331475605821472,
            0.002526964288780264,
            0.022835659242462343,
            -0.05068494869926973,
            0.003908832959515579,
            -0.005197148647255578,
            0.00013954617177617542,
            -0.0023818918010416155,
            -0.007023649842492305
        ],
        [
            -0.5687006420095053,
            -0.5406795839239118,
            -0.007913368704688326,
            -0.08786462604168366,
            0.0017742427264706706,
            -0.4585714821163194,
            -0.6094436697162152,
            -0.025008153432488606,
            0.018967299871035903,
            0.12240386648923976,
            -0.5657844406538255,
            -0.5349929738026816,
            0.01842210437893821,
            0.04122339432523425,
            -0.023468244547248218,
            -0.30033342558894993,
            -0.3709825681501041,
            -0.01331058471037682,
            0.2778558828189043,
            -0.006165799890270218
        ],
        [
            -0.45432893662503937,
            -0.3690528535089306,
            -0.014444830935375977,
            -0.23268225877247029,
            -0.020277477741127904,
            -0.6094436697162152,
            -0.44085686645427824,
            -0.02113134866008159,
            -0.010030858166059045,
            0.10203612143979082,
            -0.5432802668165303,
            -0.42192429020547473,
            0.05115051037453537,
            0.11261155818076257,
            -0.09041809352969561,
            -0.34541158666149663,
            -0.32803511915448014,
            -0.01957987480567113,
            0.21538680929226495,
            0.010157749778790096
        ],
        [
            -0.004368189101834723,
            -0.0071413817946591775,
            0.3632510731279718,
            -0.05791419172835291,
            -0.006193783058852062,
            -0.025008153432488606,
            -0.02113134866008159,
            1.3913983094719844,
            -0.05333945726060201,
            0.01302698726855169,
            -0.004119442611465712,
            -0.026519327135106137,
            0.39455738705826426,
            -0.14848701288374072,
            0.052883789993662195,
            -0.030412545948132953,
            -0.027751493718539185,
            -0.047843366149965205,
            0.029823462460293996,
            0.001110582317237044
        ],
        [
            0.03037118354592616,
            0.10332086896646961,
            -0.051206247090293575,
            -0.6428751492888871,
            -0.12791975969816952,
            0.018967299871035903,
            -0.010030858166059045,
            -0.05333945726060201,
            0.8358982884087682,
            0.06284770650702395,
            -0.07231464806509891,
            -0.1331698530301022,
            -0.13248638059178838,
            -0.6125914610979569,
            0.322690199353843,
            -0.34025958545261326,
            -0.1960665316238008,
            -0.026164100085126263,
            0.10774743283793753,
            0.026688951320992957
        ],
        [
            0.01945730880245966,
            0.06715774814070458,
            -0.003988380617798062,
            -0.10218838471785088,
            0.3478017623091929,
            0.12240386648923976,
            0.10203612143979082,
            0.01302698726855169,
            0.06284770650702395,
            1.3593002747875973,
            0.02869465585666614,
            0.09505023930971385,
            0.04873523666477754,
            0.3268796266754132,
            0.298279501753971,
            0.08011062177928108,
            0.07831799547802161,
            0.0067493106638295795,
            -0.06839564213842061,
            -0.0493510347279324
        ],
        [
            -0.26170651816053997,
            -0.35295870487228653,
            -0.019488415876911712,
            -0.2544342871330034,
            -0.0017839507589287387,
            -0.5657844406538255,
            -0.5432802668165303,
            -0.004119442611465712,
            -0.07231464806509891,
            0.02869465585666614,
            -0.5019319951434091,
            -0.6241824596275478,
            0.07263435171115974,
            -0.0612822435255464,
            -0.11654020878807234,
            -0.6172047321348667,
            -0.5662480877463915,
            -0.002006289682516621,
            0.09216333552227263,
            -0.007605205087734407
        ],
        [
            -0.3180967502256691,
            -0.31705252668440165,
            -0.011558846545795191,
            -0.1925413250515709,
            -0.017331475605821472,
            -0.5349929738026816,
            -0.42192429020547473,
            -0.026519327135106137,
            -0.1331698530301022,
            0.09505023930971385,
            -0.6241824596275478,
            -0.43990526523947615,
            0.05893674544768449,
            -0.011300282721980998,
            -0.09543448397781382,
            -0.4809873463258658,
            -0.3751929401409422,
            -0.023894012998523558,
            0.25897884473110466,
            0.012048336441107362
        ],
        [
            0.036234509330992926,
            0.03676722743923262,
            -0.04417658194861403,
            0.03094473509882091,
            0.002526964288780264,
            0.01842210437893821,
            0.05115051037453537,
            0.39455738705826426,
            -0.13248638059178838,
            0.04873523666477754,
            0.07263435171115974,
            0.05893674544768449,
            1.374564933684688,
            -0.007759899485581486,
            0.01818103594761847,
            0.010794525008321135,
            0.04456064261308261,
            0.43989299186632014,
            0.10005862093974788,
            0.012812775586229935
        ],
        [
            0.31560942433430333,
            0.18555624507977767,
            0.010963053811016393,
            0.14815226203637988,
            0.022835659242462343,
            0.04122339432523425,
            0.11261155818076257,
            -0.14848701288374072,
            -0.6125914610979569,
            0.3268796266754132,
            -0.0612822435255464,
            -0.011300282721980998,
            -0.007759899485581486,
            0.8060775459972622,
            0.06608320451488796,
            -0.007615852831604042,
            -0.10908149620367813,
            0.11607851069486552,
            -0.5584684876662883,
            -0.09063067197123974
        ],
        [
            -0.06867440375689232,
            -0.07285189022384095,
            -0.004307427106363654,
            -0.0664273395760012,
            -0.05068494869926973,
            -0.023468244547248218,
            -0.09041809352969561,
            0.052883789993662195,
            0.322690199353843,
            0.298279501753971,
            -0.11654020878807234,
            -0.09543448397781382,
            0.01818103594761847,
            0.06608320451488796,
            1.348219664870319,
            -0.02206768856362698,
            -0.06489537223317246,
            0.010826638006535473,
            -0.06137480948637031,
            0.44189562052185694
        ],
        [
            -0.022795641348559312,
            -0.15541418345985678,
            -0.004985436825698682,
            -0.08287856401011803,
            0.003908832959515579,
            -0.30033342558894993,
            -0.34541158666149663,
            -0.030412545948132953,
            -0.34025958545261326,
            0.08011062177928108,
            -0.6172047321348667,
            -0.4809873463258658,
            0.010794525008321135,
            -0.007615852831604042,
            -0.02206768856362698,
            -0.3066543855494597,
            -0.4853461607593489,
            -0.03546697224746845,
            0.31775498753199316,
            0.024637707711595833
        ],
        [
            -0.15222703098532384,
            -0.2107462901711652,
            -0.008164660329003474,
            -0.12936678216340103,
            -0.005197148647255578,
            -0.3709825681501041,
            -0.32803511915448014,
            -0.027751493718539185,
            -0.1960665316238008,
            0.07831799547802161,
            -0.5662480877463915,
            -0.3751929401409422,
            0.04456064261308261,
            -0.10908149620367813,
            -0.06489537223317246,
            -0.4853461607593489,
            -0.32190230695594924,
            -0.027277256719189028,
            0.2636582729820914,
            0.016889932776274853
        ],
        [
            0.0012672815138850373,
            -0.0073648059598513645,
            -0.006848000074131845,
            0.00031296705272506383,
            0.00013954617177617542,
            -0.01331058471037682,
            -0.01957987480567113,
            -0.047843366149965205,
            -0.026164100085126263,
            0.0067493106638295795,
            -0.002006289682516621,
            -0.023894012998523558,
            0.43989299186632014,
            0.11607851069486552,
            0.010826638006535473,
            -0.03546697224746845,
            -0.027277256719189028,
            1.4645494856476275,
            0.0329287559330679,
            0.0033596223786725313
        ],
        [
            0.08537535350983066,
            0.13811781492918226,
            0.005845956351256386,
            0.11481717875428465,
            -0.0023818918010416155,
            0.2778558828189043,
            0.21538680929226495,
            0.029823462460293996,
            0.10774743283793753,
            -0.06839564213842061,
            0.09216333552227263,
            0.25897884473110466,
            0.10005862093974788,
            -0.5584684876662883,
            -0.06137480948637031,
            0.31775498753199316,
            0.2636582729820914,
            0.0329287559330679,
            1.1569455584070758,
            -0.02209165143366732
        ],
        [
            -0.006125128735104503,
            6.600684062028385e-05,
            -0.00014331525836814682,
            -0.004728461938840214,
            -0.007023649842492305,
            -0.006165799890270218,
            0.010157749778790096,
            0.001110582317237044,
            0.026688951320992957,
            -0.0493510347279324,
            -0.007605205087734407,
            0.012048336441107362,
            0.012812775586229935,
            -0.09063067197123974,
            0.44189562052185694,
            0.024637707711595833,
            0.016889932776274853,
            0.0033596223786725313,
            -0.02209165143366732,
            1.4652609562075034
        ]
    ]
}