{
    "HF": -2.129972534960775,
    "coordinates": [
        [
            0.792024,
            -0.178329,
            0.086026
        ],
        [
            1.540282,
            0.122844,
            -0.093345
        ],
        [
            2.269339,
            0.174365,
            -0.054492
        ],
        [
            2.941184,
            0.177501,
            -0.104475
        ]
    ],
    "elements": [
        "H",
        "H",
        "H",
        "H"
    ],
    "Enn": 3.115263632372321,
    "S": [
        [
            0.9999999999999999,
            0.6848602514927513,
            0.0,
            0.0,
            0.0,
            0.5022853181424993,
            0.5394326202241255,
            0.11086015164310585,
            -0.4624604609896088,
            -0.1861398132965146,
            0.11762359247974995,
            0.3039041491958141,
            0.014314314772871012,
            -0.1504914098455994,
            -0.03592830053447223,
            0.015413804170807973,
            0.1292571989793759,
            0.0016406507680583797,
            -0.01850919945134328,
            -0.0030645128518916607
        ],
        [
            0.6848602514927513,
            1.0000000000000002,
            0.0,
            0.0,
            0.0,
            0.5394326202241254,
            0.8618009166498432,
            0.03783400569087583,
            -0.15782705916922674,
            -0.06352521308315251,
            0.3039041491958141,
            0.6024115895144926,
            0.016051991858684164,
            -0.16876021828315232,
            -0.04028979359659799,
            0.12925719897937593,
            0.35287480368492985,
            0.00870769776298934,
            -0.09823694219088698,
            -0.0162647970089632
        ],
        [
            0.0,
            0.0,
            1.0000000000000004,
            0.0,
            0.0,
            -0.11086015164310586,
            -0.037834005690875847,
            0.37775285480008286,
            0.14362323652891226,
            0.05780819051065556,
            -0.01431431477287101,
            -0.01605199185868417,
            0.04629423844578326,
            0.026297707382700576,
            0.006278311401179978,
            -0.0016406507680583795,
            -0.008707697762989337,
            0.001825107590148437,
            0.0021417175140619467,
            0.00035459776983968745
        ],
        [
            0.0,
            0.0,
            0.0,
            1.0000000000000004,
            0.0,
            0.46246046098960863,
            0.1578270591692267,
            0.14362323652891226,
            -0.18695189149939387,
            -0.24115069334018374,
            0.15049140984559936,
            0.16876021828315232,
            0.026297707382700593,
            -0.22768141620546042,
            -0.06600608895397175,
            0.018509199451343283,
            0.09823694219088697,
            0.0021417175140619467,
            -0.022147095469386188,
            -0.004000437493916896
        ],
        [
            0.0,
            0.0,
            0.0,
            0.0,
            1.0000000000000004,
            0.1861398132965146,
            0.06352521308315251,
            0.05780819051065555,
            -0.24115069334018366,
            0.31511906511000853,
            0.03592830053447222,
            0.04028979359659797,
            0.006278311401179976,
            -0.0660060889539717,
            0.03303731606191133,
            0.00306451285189166,
            0.01626479700896318,
            0.0003545977698396873,
            -0.004000437493916894,
            0.0013526084066003837
        ],
        [
            0.5022853181424993,
            0.5394326202241255,
            -0.11086015164310585,
            0.46246046098960863,
            0.1861398132965146,
            0.9999999999999999,
            0.6848602514927513,
            0.0,
            0.0,
            0.0,
            0.5772476047706507,
            0.5678849846016042,
            -0.028634243684428858,
            -0.5373071782832384,
            -0.037970423618908705,
            0.1602142697345576,
            0.3446773792042286,
            0.001653865044178451,
            -0.20816737179871347,
            -0.008121770145522157
        ],
        [
            0.5394326202241254,
            0.8618009166498432,
            -0.03783400569087583,
            0.15782705916922674,
            0.06352521308315254,
            0.6848602514927513,
            1.0000000000000002,
            0.0,
            0.0,
            0.0,
            0.5678849846016042,
            0.8898595941378642,
            -0.00865734509919098,
            -0.16245072570923422,
            -0.011480067867485594,
            0.3446773792042286,
            0.6516911054637738,
            0.0014547049560013202,
            -0.1830996480028901,
            -0.00714373843487552
        ],
        [
            0.11086015164310586,
            0.037834005690875847,
            0.37775285480008286,
            0.14362323652891232,
            0.05780819051065556,
            0.0,
            0.0,
            1.0000000000000004,
            0.0,
            0.0,
            0.028634243684428844,
            0.00865734509919098,
            0.496936096221153,
            -0.03668800517436626,
            -0.002592667945837601,
            -0.0016538650441784504,
            -0.0014547049560013198,
            0.07793495805711749,
            0.0031557825050215187,
            0.00012312467565679913
        ],
        [
            -0.4624604609896088,
            -0.1578270591692267,
            0.14362323652891223,
            -0.18695189149939398,
            -0.24115069334018366,
            0.0,
            0.0,
            0.0,
            1.0000000000000004,
            0.0,
            0.5373071782832379,
            0.16245072570923422,
            -0.03668800517436622,
            -0.18954068305639823,
            -0.048650109762142506,
            0.2081673717987133,
            0.18309964800289028,
            0.0031557825050215274,
            -0.31924949548820647,
            -0.015497358883824022
        ],
        [
            -0.1861398132965146,
            -0.0635252130831525,
            0.05780819051065555,
            -0.24115069334018374,
            0.31511906511000853,
            0.0,
            0.0,
            0.0,
            0.0,
            1.0000000000000004,
            0.037970423618908684,
            0.011480067867485616,
            -0.002592667945837598,
            -0.048650109762142506,
            0.49545327218953994,
            0.008121770145522149,
            0.007143738434875504,
            0.00012312467565679937,
            -0.01549735888382401,
            0.0773553919738138
        ],
        [
            0.11762359247974995,
            0.3039041491958141,
            -0.014314314772871012,
            0.15049140984559936,
            0.03592830053447223,
            0.5772476047706507,
            0.5678849846016042,
            0.028634243684428844,
            0.5373071782832379,
            0.037970423618908684,
            0.9999999999999999,
            0.6848602514927513,
            0.0,
            0.0,
            0.0,
            0.6245733957060083,
            0.5843568102732662,
            0.040686400062823966,
            -0.5468850299143296,
            -0.002552718936378658
        ],
        [
            0.3039041491958141,
            0.6024115895144926,
            -0.016051991858684164,
            0.16876021828315224,
            0.04028979359659799,
            0.5678849846016042,
            0.8898595941378642,
            0.00865734509919098,
            0.16245072570923422,
            0.011480067867485616,
            0.6848602514927513,
            1.0000000000000002,
            0.0,
            0.0,
            0.0,
            0.5843568102732662,
            0.9058588630973197,
            0.01148249890442267,
            -0.15434166569517277,
            -0.0007204272765594018
        ],
        [
            0.01431431477287101,
            0.016051991858684164,
            0.04629423844578326,
            0.02629770738270058,
            0.006278311401179978,
            -0.028634243684428858,
            -0.00865734509919098,
            0.4969360962211529,
            -0.03668800517436622,
            -0.0025926679458375982,
            0.0,
            0.0,
            1.0000000000000004,
            0.0,
            0.0,
            -0.040686400062823945,
            -0.011482498904422642,
            0.551184547777563,
            0.048366715352394916,
            0.00022576341171715207
        ],
        [
            -0.1504914098455994,
            -0.16876021828315232,
            0.02629770738270059,
            -0.22768141620546048,
            -0.06600608895397174,
            -0.5373071782832379,
            -0.16245072570923422,
            -0.03668800517436625,
            -0.18954068305639807,
            -0.048650109762142506,
            0.0,
            0.0,
            0.0,
            1.0000000000000004,
            0.0,
            0.5468850299143294,
            0.15434166569517271,
            0.04836671535239497,
            -0.09533689011193897,
            -0.0030345921482325994
        ],
        [
            -0.03592830053447222,
            -0.04028979359659797,
            0.006278311401179976,
            -0.0660060889539717,
            0.03303731606191133,
            -0.037970423618908664,
            -0.011480067867485594,
            -0.0025926679458376004,
            -0.048650109762142506,
            0.49545327218953994,
            0.0,
            0.0,
            0.0,
            0.0,
            1.0000000000000004,
            0.0025527189363786576,
            0.0007204272765594016,
            0.000225763411717152,
            -0.003034592148232595,
            0.5547687034272766
        ],
        [
            0.015413804170807973,
            0.1292571989793759,
            -0.0016406507680583797,
            0.018509199451343283,
            0.0030645128518916607,
            0.1602142697345576,
            0.3446773792042286,
            -0.001653865044178451,
            0.20816737179871347,
            0.008121770145522162,
            0.6245733957060083,
            0.5843568102732662,
            -0.04068640006282395,
            0.5468850299143295,
            0.002552718936378658,
            0.9999999999999999,
            0.6848602514927513,
            0.0,
            0.0,
            0.0
        ],
        [
            0.12925719897937593,
            0.35287480368492985,
            -0.00870769776298934,
            0.09823694219088701,
            0.0162647970089632,
            0.3446773792042286,
            0.6516911054637738,
            -0.0014547049560013202,
            0.18309964800289033,
            0.0071437384348755064,
            0.5843568102732662,
            0.9058588630973197,
            -0.011482498904422657,
            0.15434166569517277,
            0.0007204272765594018,
            0.6848602514927513,
            1.0000000000000002,
            0.0,
            0.0,
            0.0
        ],
        [
            0.0016406507680583795,
            0.008707697762989337,
            0.001825107590148437,
            0.0021417175140619467,
            0.00035459776983968745,
            0.0016538650441784504,
            0.0014547049560013198,
            0.07793495805711749,
            0.0031557825050215274,
            0.00012312467565679937,
            0.04068640006282395,
            0.011482498904422642,
            0.5511845477775629,
            0.04836671535239497,
            0.000225763411717152,
            0.0,
            0.0,
            1.0000000000000004,
            0.0,
            0.0
        ],
        [
            -0.01850919945134328,
            -0.09823694219088693,
            0.0021417175140619467,
            -0.022147095469386188,
            -0.004000437493916896,
            -0.2081673717987134,
            -0.18309964800289005,
            0.0031557825050215187,
            -0.3192494954882066,
            -0.01549735888382401,
            -0.5468850299143294,
            -0.15434166569517271,
            0.048366715352394916,
            -0.09533689011193915,
            -0.003034592148232595,
            0.0,
            0.0,
            0.0,
            1.0000000000000004,
            0.0
        ],
        [
            -0.00306451285189166,
            -0.01626479700896318,
            0.0003545977698396873,
            -0.004000437493916894,
            0.0013526084066003837,
            -0.008121770145522154,
            -0.007143738434875518,
            0.00012312467565679913,
            -0.015497358883824022,
            0.0773553919738138,
            -0.0025527189363786576,
            -0.0007204272765594016,
            0.00022576341171715207,
            -0.0030345921482325994,
            0.5547687034272766,
            0.0,
            0.0,
            0.0,
            0.0,
            1.0000000000000004
        ]
    ],
    "h": [
        [
            -0.22892098974937158,
            -0.45049846768444013,
            0.05469532417261256,
            -0.23487967100754506,
            -0.09342447209709441,
            -0.5419175480888521,
            -0.43913026737834593,
            -0.01398240958745467,
            0.03588089153968488,
            0.0179355604299008,
            -0.23938317239179438,
            -0.30187918672390734,
            -0.007387650873161716,
            0.30817379730936,
            0.04408499404047575,
            -0.019722595736916496,
            -0.1463553205460369,
            -0.004134626016872388,
            0.08153225003665317,
            0.008294952997371693
        ],
        [
            -0.45049846768444013,
            -0.30706163819573185,
            0.047565781085512474,
            -0.2096517042644475,
            -0.08194201231938575,
            -0.5251135087614154,
            -0.3637201475300025,
            -0.04819672248152409,
            0.0751688425565861,
            0.06396792974649408,
            -0.3419851109020873,
            -0.3092045386195936,
            0.007446803783950427,
            0.19189959077831667,
            0.023720448556169865,
            -0.15333692978989086,
            -0.20610474591609595,
            -0.007381202876220292,
            0.1385334550125037,
            0.005468899611027481
        ],
        [
            0.05469532417261256,
            0.047565781085512474,
            1.4890752094767237,
            0.04740488281293602,
            0.018900903416230932,
            0.013390933035343583,
            0.04288082054922659,
            0.272289397958797,
            0.19644420915441796,
            0.07702835883128542,
            0.036309600419175844,
            0.03566042422490381,
            -0.04538936875557234,
            -0.04367555987444592,
            -0.005501868962727051,
            0.00805343766233215,
            0.020247882767876063,
            -0.0055412701198243475,
            -0.013202528034923975,
            -0.0013477682720274158
        ],
        [
            -0.23487967100754506,
            -0.2096517042644475,
            0.04740488281293602,
            1.2917041707811237,
            -0.08127497757286396,
            -0.08203353869292873,
            -0.1993160778373576,
            0.18465449222771907,
            -0.5198030749067262,
            -0.3191340517638214,
            -0.2274856173166036,
            -0.16477393128262235,
            0.0018678969525246572,
            0.16592404965482666,
            0.026378770517111294,
            -0.07527752150092534,
            -0.11317957852724192,
            -0.007538555138168244,
            0.10444341850114955,
            0.012432927395688412
        ],
        [
            -0.09342447209709441,
            -0.08194201231938575,
            0.018900903416230932,
            -0.08127497757286396,
            1.4680924603556509,
            -0.026431292196927247,
            -0.07511288145230983,
            0.07523640130804107,
            -0.33152127430342127,
            0.1885475785129569,
            -0.07056711730476017,
            -0.0620666214485415,
            0.0003377298840766367,
            0.07768703064884169,
            -0.03554327464302225,
            -0.01640853215728812,
            -0.0367681585779769,
            -0.001513686397802868,
            0.024916728453267294,
            -0.0038031408167835037
        ],
        [
            -0.5419175480888521,
            -0.5251135087614154,
            0.013390933035343583,
            -0.08203353869292873,
            -0.026431292196927247,
            -0.4379076189539892,
            -0.6003105179218953,
            -0.06427573919655957,
            -0.04162417345402254,
            0.06824530472796306,
            -0.5653361762694435,
            -0.528485528152927,
            0.0003178980444350013,
            0.025694049732312152,
            0.015722477065204687,
            -0.31241411050249823,
            -0.37340547524927004,
            -0.012047186331976026,
            0.2902880709390139,
            0.007290764515307493
        ],
        [
            -0.43913026737834593,
            -0.3637201475300025,
            0.04288082054922659,
            -0.1993160778373576,
            -0.07511288145230983,
            -0.6003105179218953,
            -0.4378236541227809,
            -0.052529210136395894,
            -0.0508078241067363,
            0.05553523287850895,
            -0.5475888369844427,
            -0.417990113730075,
            0.017022100866378308,
            0.11845108672406857,
            0.0236551825222878,
            -0.35477682262976057,
            -0.3285364028563076,
            -0.013367628970268306,
            0.22521081847262336,
            0.0026486800385383466
        ],
        [
            -0.01398240958745467,
            -0.04819672248152409,
            0.272289397958797,
            0.18465449222771907,
            0.07523640130804107,
            -0.06427573919655957,
            -0.052529210136395894,
            1.3925972887263522,
            0.035676737290837875,
            0.01799187772224766,
            -0.008919008920728097,
            -0.033132973395504486,
            0.4239963818831507,
            -0.03269898005210571,
            -0.0006256591491357703,
            -0.0036340705816159035,
            -0.016599144285593462,
            -0.04720237170032046,
            0.01289158457995129,
            0.0004349623194772511
        ],
        [
            0.03588089153968488,
            0.0751688425565861,
            0.19644420915441796,
            -0.5198030749067262,
            -0.33152127430342127,
            -0.04162417345402254,
            -0.0508078241067363,
            0.035676737290837875,
            0.8602296311571147,
            -0.10580490754089544,
            -0.08801894586579428,
            -0.16561428127697364,
            -0.03891687449679758,
            -0.7309281435223399,
            -0.08199469630977504,
            -0.36550984244308693,
            -0.21588157772868366,
            -0.015870676708524,
            0.13492342932840784,
            -0.0021922961672262084
        ],
        [
            0.0179355604299008,
            0.06396792974649408,
            0.07702835883128542,
            -0.3191340517638214,
            0.1885475785129569,
            0.06824530472796306,
            0.05553523287850895,
            0.01799187772224766,
            -0.10580490754089544,
            1.3710190909479987,
            0.00810236142944798,
            0.02177750558735567,
            -0.0016992572588023468,
            -0.10828730785029547,
            0.4176815169273027,
            -0.027273380360036913,
            -0.003664142740001995,
            -0.0009986623425331789,
            0.012074407319323851,
            -0.04700775474651761
        ],
        [
            -0.23938317239179438,
            -0.3419851109020873,
            0.036309600419175844,
            -0.2274856173166036,
            -0.07056711730476017,
            -0.5653361762694435,
            -0.5475888369844427,
            -0.008919008920728097,
            -0.08801894586579428,
            0.00810236142944798,
            -0.5396711762643136,
            -0.637335556135721,
            0.037468491285737045,
            -0.0710375148539668,
            0.015242872321219285,
            -0.6467965317382046,
            -0.5813676970701003,
            -0.0010392434046300192,
            0.08802956806878237,
            0.0014878475498069314
        ],
        [
            -0.30187918672390734,
            -0.3092045386195936,
            0.03566042422490381,
            -0.16477393128262235,
            -0.0620666214485415,
            -0.528485528152927,
            -0.417990113730075,
            -0.033132973395504486,
            -0.16561428127697364,
            0.02177750558735567,
            -0.637335556135721,
            -0.43924066114739757,
            0.026631915661161305,
            -0.009929322594531095,
            0.016671083495998076,
            -0.49525379483073895,
            -0.37451392404248374,
            -0.015970329569777713,
            0.2721079853677636,
            0.0022179630780695906
        ],
        [
            -0.007387650873161716,
            0.007446803783950427,
            -0.04538936875557234,
            0.0018678969525246572,
            0.0003377298840766367,
            0.0003178980444350013,
            0.017022100866378308,
            0.4239963818831507,
            -0.03891687449679758,
            -0.0016992572588023468,
            0.037468491285737045,
            0.026631915661161305,
            1.3731064993741044,
            0.01300166463365976,
            -0.00025823337692400223,
            0.007638002187927748,
            0.024292322922745167,
            0.5182344568560628,
            0.06423222943668178,
            0.0002426522187603796
        ],
        [
            0.30817379730936,
            0.19189959077831667,
            -0.04367555987444592,
            0.16592404965482666,
            0.07768703064884169,
            0.025694049732312152,
            0.11845108672406857,
            -0.03269898005210571,
            -0.7309281435223399,
            -0.10828730785029547,
            -0.0710375148539668,
            -0.009929322594531095,
            0.01300166463365976,
            0.7404664505338983,
            -0.030696032093907644,
            0.01134439003517329,
            -0.10727636414682226,
            0.07348854096880277,
            -0.49521157371795343,
            -0.007914733195323032
        ],
        [
            0.04408499404047575,
            0.023720448556169865,
            -0.005501868962727051,
            0.026378770517111294,
            -0.03554327464302225,
            0.015722477065204687,
            0.0236551825222878,
            -0.0006256591491357703,
            -0.08199469630977504,
            0.4176815169273027,
            0.015242872321219285,
            0.016671083495998076,
            -0.00025823337692400223,
            -0.030696032093907644,
            1.3729822663475444,
            -0.0016669906343220915,
            0.006380342650291755,
            0.0003962650082830945,
            -0.009681013269166988,
            0.5230294538605783
        ],
        [
            -0.019722595736916496,
            -0.15333692978989086,
            0.00805343766233215,
            -0.07527752150092534,
            -0.01640853215728812,
            -0.31241411050249823,
            -0.35477682262976057,
            -0.0036340705816159035,
            -0.36550984244308693,
            -0.027273380360036913,
            -0.6467965317382046,
            -0.49525379483073895,
            0.007638002187927748,
            0.01134439003517329,
            -0.0016669906343220915,
            -0.33957900623906445,
            -0.4967742882195638,
            -0.02311913061651506,
            0.3444842361023638,
            0.0005598490045088771
        ],
        [
            -0.1463553205460369,
            -0.20610474591609595,
            0.020247882767876063,
            -0.11317957852724192,
            -0.0367681585779769,
            -0.37340547524927004,
            -0.3285364028563076,
            -0.016599144285593462,
            -0.21588157772868366,
            -0.003664142740001995,
            -0.5813676970701003,
            -0.37451392404248374,
            0.024292322922745167,
            -0.10727636414682226,
            0.006380342650291755,
            -0.4967742882195638,
            -0.322067846625381,
            -0.017380406427804748,
            0.2752277427862412,
            0.0011170499179320465
        ],
        [
            -0.004134626016872388,
            -0.007381202876220292,
            -0.0055412701198243475,
            -0.007538555138168244,
            -0.001513686397802868,
            -0.012047186331976026,
            -0.013367628970268306,
            -0.04720237170032046,
            -0.015870676708524,
            -0.0009986623425331789,
            -0.0010392434046300192,
            -0.015970329569777713,
            0.5182344568560628,
            0.07348854096880277,
            0.0003962650082830945,
            -0.02311913061651506,
            -0.017380406427804748,
            1.4555838643452326,
            0.02243298603120942,
            9.062419438829469e-05
        ],
        [
            0.08153225003665317,
            0.1385334550125037,
            -0.013202528034923975,
            0.10444341850114955,
            0.024916728453267294,
            0.2902880709390139,
            0.22521081847262336,
            0.01289158457995129,
            0.13492342932840784,
            0.012074407319323851,
            0.08802956806878237,
            0.2721079853677636,
            0.06423222943668178,
            -0.49521157371795343,
            -0.009681013269166988,
            0.3444842361023638,
            0.2752277427862412,
            0.02243298603120942,
            1.1188059172802496,
            -0.002162212231768643
        ],
        [
            0.008294952997371693,
            0.005468899611027481,
            -0.0013477682720274158,
            0.012432927395688412,
            -0.0038031408167835037,
            0.007290764515307493,
            0.0026486800385383466,
            0.0004349623194772511,
            -0.0021922961672262084,
            -0.04700775474651761,
            0.0014878475498069314,
            0.0022179630780695906,
            0.0002426522187603796,
            -0.007914733195323032,
            0.5230294538605783,
            0.0005598490045088771,
            0.0011170499179320465,
            9.062419438829469e-05,
            -0.002162212231768643,
            1.4571767754366463
        ]
    ]
}