{
    "HF": -2.1588091646277956,
    "coordinates": [
        [
            0.777159,
            -0.091528,
            0.110269
        ],
        [
            1.435535,
            0.165579,
            -0.19306
        ],
        [
            2.159852,
            0.10442,
            0.198942
        ],
        [
            2.979707,
            -0.012002,
            0.045413
        ]
    ],
    "elements": [
        "H",
        "H",
        "H",
        "H"
    ],
    "Enn": 2.9117838150658866,
    "S": [
        [
            0.9999999999999999,
            0.6848602514927513,
            0.0,
            0.0,
            0.0,
            0.5473372217281811,
            0.5569012426370588,
            0.20900632510356915,
            -0.45364850804369966,
            -0.1771574403647635,
            0.16125845613308765,
            0.34558512517257034,
            -0.013281720754341303,
            -0.2071041051389086,
            -0.02934970755891501,
            0.014445732508926674,
            0.1257132273705445,
            0.0005160215542620489,
            -0.01752439623622744,
            -0.0006327422308536403
        ],
        [
            0.6848602514927513,
            1.0000000000000002,
            0.0,
            0.0,
            0.0,
            0.5569012426370588,
            0.8790926881219351,
            0.06619419147745186,
            -0.14367458109234135,
            -0.0561073619343789,
            0.34558512517257034,
            0.6527622616780665,
            -0.011622315517063544,
            -0.18122872023316167,
            -0.02568278372151127,
            0.12571322737054455,
            0.34678207021691265,
            0.0028774122769449767,
            -0.09771861748736596,
            -0.003528263980762399
        ],
        [
            0.0,
            0.0,
            1.0000000000000004,
            0.0,
            0.0,
            -0.20900632510356906,
            -0.06619419147745181,
            0.3531514628475164,
            0.24055907065851617,
            0.09394239914547178,
            0.013281720754341308,
            0.011622315517063555,
            0.07711965561004891,
            -0.02505945078097359,
            -0.0035512939326591037,
            -0.0005160215542620486,
            -0.0028774122769449763,
            0.0017964753359881868,
            0.0006735931066770908,
            2.432099795400705e-05
        ],
        [
            0.0,
            0.0,
            0.0,
            1.0000000000000004,
            0.0,
            0.45364850804369966,
            0.14367458109234132,
            0.24055907065851617,
            -0.05815121241437802,
            -0.20390210293047853,
            0.20710410513890856,
            0.18122872023316164,
            -0.0250594507809736,
            -0.31202949549179476,
            -0.05537592346746151,
            0.01752439623622744,
            0.09771861748736595,
            0.0006735931066770908,
            -0.021059309173867374,
            -0.0008259554305168732
        ],
        [
            0.0,
            0.0,
            0.0,
            0.0,
            1.0000000000000004,
            0.17715744036476347,
            0.05610736193437886,
            0.09394239914547178,
            -0.20390210293047853,
            0.38435534082245865,
            0.029349707558915004,
            0.02568278372151126,
            -0.003551293932659105,
            -0.05537592346746151,
            0.07087914902434922,
            0.0006327422308536403,
            0.0035282639807623995,
            2.4320997954007057e-05,
            -0.0008259554305168734,
            0.0017864876412634243
        ],
        [
            0.5473372217281811,
            0.5569012426370588,
            -0.20900632510356915,
            0.45364850804369966,
            0.1771574403647635,
            0.9999999999999999,
            0.6848602514927513,
            0.0,
            0.0,
            0.0,
            0.502627779694733,
            0.5395698760935539,
            -0.2424858125622842,
            -0.4480502556050121,
            0.03783192384349249,
            0.10388545743945962,
            0.288793140619373,
            -0.020883720627072777,
            -0.13522728630976352,
            0.015551244764297053
        ],
        [
            0.5569012426370588,
            0.8790926881219351,
            -0.06619419147745188,
            0.14367458109234135,
            0.0561073619343789,
            0.6848602514927513,
            1.0000000000000002,
            0.0,
            0.0,
            0.0,
            0.5395698760935539,
            0.8619376061492696,
            -0.08270587073312521,
            -0.15281878197510482,
            0.012903526890595481,
            0.288793140619373,
            0.5835192361091721,
            -0.025795083820417453,
            -0.16702958478797042,
            0.019208534215251014
        ],
        [
            0.20900632510356906,
            0.06619419147745184,
            0.3531514628475164,
            0.24055907065851617,
            0.09394239914547178,
            0.0,
            0.0,
            1.0000000000000004,
            0.0,
            0.0,
            0.2424858125622841,
            0.08270587073312521,
            0.24797990420511679,
            -0.30412247424183647,
            0.025679124474721007,
            0.020883720627072777,
            0.025795083820417463,
            0.03439861012450852,
            -0.03858211227458379,
            0.004436973394047338
        ],
        [
            -0.45364850804369966,
            -0.14367458109234132,
            0.24055907065851617,
            -0.05815121241437802,
            -0.20390210293047853,
            0.0,
            0.0,
            0.0,
            1.0000000000000004,
            0.0,
            0.44805025560501205,
            0.15281878197510482,
            -0.30412247424183647,
            -0.14936698323217756,
            0.04744829465705913,
            0.13522728630976347,
            0.1670295847879704,
            -0.0385821122745838,
            -0.2094717664811986,
            0.028730506513663462
        ],
        [
            -0.17715744036476347,
            -0.05610736193437886,
            0.09394239914547178,
            -0.20390210293047853,
            0.38435534082245865,
            0.0,
            0.0,
            0.0,
            0.0,
            1.0000000000000004,
            -0.037831923843492474,
            -0.012903526890595481,
            0.025679124474720982,
            0.047448294657059076,
            0.4085652941584347,
            -0.015551244764297053,
            -0.01920853421525102,
            0.004436973394047338,
            0.02873050651366345,
            0.03705297763230814
        ],
        [
            0.16125845613308765,
            0.34558512517257034,
            0.013281720754341308,
            0.2071041051389086,
            0.02934970755891501,
            0.502627779694733,
            0.5395698760935539,
            0.2424858125622842,
            0.4480502556050121,
            -0.03783192384349249,
            0.9999999999999999,
            0.6848602514927513,
            0.0,
            0.0,
            0.0,
            0.4899903023275567,
            0.5344571230209159,
            0.09195706868282054,
            -0.49105682017699503,
            0.06973161976037967
        ],
        [
            0.34558512517257034,
            0.6527622616780665,
            0.011622315517063558,
            0.18122872023316167,
            0.02568278372151127,
            0.5395698760935539,
            0.8619376061492696,
            0.08270587073312521,
            0.15281878197510482,
            -0.012903526890595481,
            0.6848602514927513,
            1.0000000000000002,
            0.0,
            0.0,
            0.0,
            0.5344571230209159,
            0.8568369794490968,
            0.032064466878483175,
            -0.17122637086582232,
            0.024314685583354066
        ],
        [
            -0.013281720754341303,
            -0.01162231551706354,
            0.07711965561004891,
            -0.0250594507809736,
            -0.003551293932659105,
            -0.2424858125622841,
            -0.08270587073312521,
            0.24797990420511679,
            -0.30412247424183647,
            0.025679124474720982,
            0.0,
            0.0,
            1.0000000000000004,
            0.0,
            0.0,
            -0.09195706868282051,
            -0.03206446687848315,
            0.3738650512347649,
            0.13013643301023387,
            -0.018479784600834836
        ],
        [
            -0.20710410513890856,
            -0.18122872023316164,
            -0.02505945078097359,
            -0.31202949549179476,
            -0.05537592346746151,
            -0.44805025560501205,
            -0.15281878197510482,
            -0.30412247424183647,
            -0.14936698323217756,
            0.047448294657059076,
            0.0,
            0.0,
            0.0,
            1.0000000000000004,
            0.0,
            0.49105682017699503,
            0.17122637086582232,
            0.13013643301023392,
            -0.29670227892017464,
            0.09868327028716042
        ],
        [
            -0.029349707558915004,
            -0.025682783721511268,
            -0.0035512939326591037,
            -0.05537592346746151,
            0.07087914902434922,
            0.03783192384349248,
            0.012903526890595481,
            0.025679124474721007,
            0.04744829465705913,
            0.4085652941584347,
            0.0,
            0.0,
            0.0,
            0.0,
            1.0000000000000004,
            -0.06973161976037967,
            -0.024314685583354062,
            -0.018479784600834836,
            0.0986832702871604,
            0.3842215322347665
        ],
        [
            0.014445732508926674,
            0.1257132273705445,
            -0.0005160215542620489,
            0.01752439623622745,
            0.0006327422308536403,
            0.10388545743945962,
            0.288793140619373,
            0.020883720627072777,
            0.13522728630976352,
            -0.015551244764297053,
            0.4899903023275567,
            0.5344571230209159,
            -0.09195706868282054,
            0.49105682017699503,
            -0.06973161976037967,
            0.9999999999999999,
            0.6848602514927513,
            0.0,
            0.0,
            0.0
        ],
        [
            0.12571322737054455,
            0.34678207021691265,
            -0.0028774122769449767,
            0.09771861748736596,
            0.0035282639807624003,
            0.288793140619373,
            0.5835192361091721,
            0.025795083820417467,
            0.1670295847879706,
            -0.019208534215251025,
            0.5344571230209159,
            0.8568369794490968,
            -0.03206446687848315,
            0.17122637086582232,
            -0.024314685583354062,
            0.6848602514927513,
            1.0000000000000002,
            0.0,
            0.0,
            0.0
        ],
        [
            0.0005160215542620486,
            0.0028774122769449763,
            0.0017964753359881868,
            0.0006735931066770908,
            2.432099795400705e-05,
            -0.020883720627072777,
            -0.025795083820417467,
            0.03439861012450852,
            -0.03858211227458381,
            0.004436973394047338,
            0.0919570686828205,
            0.032064466878483126,
            0.3738650512347649,
            0.13013643301023387,
            -0.018479784600834836,
            0.0,
            0.0,
            1.0000000000000004,
            0.0,
            0.0
        ],
        [
            -0.01752439623622744,
            -0.09771861748736595,
            0.0006735931066770908,
            -0.021059309173867374,
            -0.0008259554305168732,
            -0.13522728630976352,
            -0.1670295847879704,
            -0.03858211227458378,
            -0.2094717664811986,
            0.028730506513663445,
            -0.49105682017699503,
            -0.17122637086582232,
            0.13013643301023392,
            -0.29670227892017464,
            0.09868327028716042,
            0.0,
            0.0,
            0.0,
            1.0000000000000004,
            0.0
        ],
        [
            -0.0006327422308536402,
            -0.0035282639807623995,
            2.4320997954007057e-05,
            -0.0008259554305168734,
            0.0017864876412634243,
            0.015551244764297053,
            0.01920853421525101,
            0.004436973394047338,
            0.02873050651366347,
            0.03705297763230814,
            0.06973161976037967,
            0.02431468558335405,
            -0.018479784600834836,
            0.0986832702871604,
            0.3842215322347665,
            0.0,
            0.0,
            0.0,
            0.0,
            1.0000000000000004
        ]
    ],
    "h": [
        [
            -0.2847692740911272,
            -0.47937236248234516,
            0.10605076663109736,
            -0.26072183034686947,
            -0.09737405757562412,
            -0.5943054663156883,
            -0.4758337982788523,
            -0.044548376595844374,
            0.016443992631983595,
            0.01888207292942018,
            -0.28529270382320626,
            -0.34081003223400264,
            0.07916756295532243,
            0.30468132534563575,
            0.006656309870715443,
            -0.01875622935398591,
            -0.1464336285744694,
            0.0009996512355243616,
            0.07208756249953324,
            -0.0027697582748474592
        ],
        [
            -0.47937236248234516,
            -0.3290547306666498,
            0.08489021000843187,
            -0.22732502331933976,
            -0.0811242803278013,
            -0.5458452146610999,
            -0.38113198473924315,
            -0.13756132885214456,
            0.08540406784751509,
            0.07821219390434504,
            -0.3565854824527469,
            -0.33161794386163335,
            0.09037160736191907,
            0.1757092838982708,
            -0.00044864938929872755,
            -0.14394043295472128,
            -0.20709484626414743,
            -0.00895225862213379,
            0.11572537597567029,
            -0.012818748892616113
        ],
        [
            0.10605076663109736,
            0.08489021000843187,
            1.4258956809298944,
            0.08609868386174285,
            0.03438902058518108,
            0.01180027683369933,
            0.0749277943641234,
            0.23098430115432633,
            0.33407544446130066,
            0.12976233032615458,
            0.038181442657684174,
            0.060608337967064524,
            -0.0629522683052188,
            -0.07340231495234652,
            -0.0010508465012578757,
            1.3575546958312888e-05,
            0.02328106325796017,
            -0.006430764869756977,
            -0.006573745355568124,
            0.0002979973299736091
        ],
        [
            -0.26072183034686947,
            -0.22732502331933976,
            0.08609868386174285,
            1.2393173589483442,
            -0.0806896683904983,
            -0.09492816808908544,
            -0.2247409902177271,
            0.2844607620140728,
            -0.3830484907896117,
            -0.26718937951127375,
            -0.23682829023639235,
            -0.18613291776636476,
            0.07240874337258779,
            0.03249813993244799,
            -0.01924736193154554,
            -0.07658521661225962,
            -0.12131427719160645,
            -0.0036146028470316355,
            0.09860368282641722,
            -0.0025380742499232748
        ],
        [
            -0.09737405757562412,
            -0.0811242803278013,
            0.03438902058518108,
            -0.0806896683904983,
            1.4364876181975454,
            -0.023545838293770327,
            -0.07547147478365142,
            0.12001948989115402,
            -0.28835216256768736,
            0.27447111726215423,
            -0.057953287800564614,
            -0.06097045420978995,
            0.022916312010278148,
            0.049143789564535245,
            -0.04388857456369463,
            -0.007157043059496063,
            -0.028946314385024673,
            -3.5977798935044774e-05,
            0.011048280084997012,
            -0.006478726144230083
        ],
        [
            -0.5943054663156883,
            -0.5458452146610999,
            0.01180027683369933,
            -0.09492816808908544,
            -0.023545838293770327,
            -0.4293845467955424,
            -0.5893500959983391,
            -0.20407289101285755,
            0.05762834494543409,
            0.10499582566238427,
            -0.508053602494244,
            -0.5076447706092266,
            0.03448886506467347,
            0.09879105655100395,
            0.012494254911563182,
            -0.21073276940836977,
            -0.31303550713609973,
            0.0005254117523846649,
            0.21132505305229687,
            -0.025858822026566967
        ],
        [
            -0.4758337982788523,
            -0.38113198473924315,
            0.0749277943641234,
            -0.2247409902177271,
            -0.07547147478365142,
            -0.5893500959983391,
            -0.4304723940670707,
            -0.17168632907750514,
            0.011531345188380213,
            0.08526669842517114,
            -0.49796421479937925,
            -0.4171243705594132,
            0.10800316698452084,
            0.12442545577713221,
            0.008310328254580333,
            -0.28781200701825665,
            -0.3034649591265972,
            -0.021701733740623244,
            0.16541446109206448,
            -0.022883975917611075
        ],
        [
            -0.044548376595844374,
            -0.13756132885214456,
            0.23098430115432633,
            0.2844607620140728,
            0.12001948989115402,
            -0.20407289101285755,
            -0.17168632907750514,
            1.309483585705818,
            -0.005705579125560826,
            0.04308860383579176,
            -0.052438169278429037,
            -0.14170487493828604,
            0.09821387729873271,
            -0.36627255808558734,
            0.038820337189236866,
            -0.0722805775547247,
            -0.09437487179078934,
            -0.046558119055624986,
            0.0783153126072699,
            -0.010257881165074333
        ],
        [
            0.016443992631983595,
            0.08540406784751509,
            0.33407544446130066,
            -0.3830484907896117,
            -0.28835216256768736,
            0.05762834494543409,
            0.011531345188380213,
            -0.005705579125560826,
            0.9877800353948607,
            -0.061555506712726624,
            -0.04651760540032679,
            -0.09275962318909942,
            -0.4009574471883739,
            -0.5850161531782235,
            0.06826408613284435,
            -0.2647773303834725,
            -0.15784888106243639,
            -0.012841384311682774,
            0.16274220640291043,
            -0.028245406134124885
        ],
        [
            0.01888207292942018,
            0.07821219390434504,
            0.12976233032615458,
            -0.26718937951127375,
            0.27447111726215423,
            0.10499582566238427,
            0.08526669842517114,
            0.04308860383579176,
            -0.061555506712726624,
            1.3709910763764988,
            0.027835957917408116,
            0.058582814729243246,
            0.025998478200826805,
            0.030755005367174557,
            0.294638817496233,
            0.01737729605832036,
            0.026706555475786473,
            0.00046451456241887457,
            -0.021334517295430358,
            -0.03954375598332065
        ],
        [
            -0.28529270382320626,
            -0.3565854824527469,
            0.038181442657684174,
            -0.23682829023639235,
            -0.057953287800564614,
            -0.508053602494244,
            -0.49796421479937925,
            -0.052438169278429037,
            -0.04651760540032679,
            0.027835957917408116,
            -0.3850415452224516,
            -0.5786785216385675,
            0.13912030491395622,
            -0.030426367928090003,
            0.017942579659352368,
            -0.5294135379511964,
            -0.5118272582302138,
            -0.0008003893628868997,
            0.0799614062680224,
            -0.011386549994353401
        ],
        [
            -0.34081003223400264,
            -0.33161794386163335,
            0.060608337967064524,
            -0.18613291776636476,
            -0.06097045420978995,
            -0.5076447706092266,
            -0.4171243705594132,
            -0.14170487493828604,
            -0.09275962318909942,
            0.058582814729243246,
            -0.5786785216385675,
            -0.43958583788751393,
            0.12229155718981707,
            0.002878747404064283,
            0.016951207695485894,
            -0.4354190352488325,
            -0.3657668981643043,
            -0.026261814107725823,
            0.20593425338589466,
            -0.029284403489528002
        ],
        [
            0.07916756295532243,
            0.09037160736191907,
            -0.0629522683052188,
            0.07240874337258779,
            0.022916312010278148,
            0.03448886506467347,
            0.10800316698452084,
            0.09821387729873271,
            -0.4009574471883739,
            0.025998478200826805,
            0.13912030491395622,
            0.12229155718981707,
            1.3618836732784958,
            -0.058113201807387896,
            0.0016083713335567084,
            0.025158907681537085,
            0.08070130619996183,
            0.264924452855775,
            0.1441689707064215,
            -0.020982114132220495
        ],
        [
            0.30468132534563575,
            0.1757092838982708,
            -0.07340231495234652,
            0.03249813993244799,
            0.049143789564535245,
            0.09879105655100395,
            0.12442545577713221,
            -0.36627255808558734,
            -0.5850161531782235,
            0.030755005367174557,
            -0.030426367928090003,
            0.002878747404064283,
            -0.058113201807387896,
            0.9499050908069548,
            0.04008730889154522,
            -0.0500008701490996,
            -0.10473838425293386,
            0.17121059848499162,
            -0.6446488710905014,
            0.13200587820206508
        ],
        [
            0.006656309870715443,
            -0.00044864938929872755,
            -0.0010508465012578757,
            -0.01924736193154554,
            -0.04388857456369463,
            0.012494254911563182,
            0.008310328254580333,
            0.038820337189236866,
            0.06826408613284435,
            0.294638817496233,
            0.017942579659352368,
            0.016951207695485894,
            0.0016083713335567084,
            0.04008730889154522,
            1.4140390138186842,
            0.0019233369319712201,
            0.018884605045796123,
            -0.024921394019304946,
            0.13206116343161697,
            0.2800762745925672
        ],
        [
            -0.01875622935398591,
            -0.14394043295472128,
            1.3575546958312888e-05,
            -0.07658521661225962,
            -0.007157043059496063,
            -0.21073276940836977,
            -0.28781200701825665,
            -0.0722805775547247,
            -0.2647773303834725,
            0.01737729605832036,
            -0.5294135379511964,
            -0.4354190352488325,
            0.025158907681537085,
            -0.0500008701490996,
            0.0019233369319712201,
            -0.22113430691915892,
            -0.4484726502059794,
            -0.04006389674331415,
            0.24437029592190795,
            -0.03589009512561895
        ],
        [
            -0.1464336285744694,
            -0.20709484626414743,
            0.02328106325796017,
            -0.12131427719160645,
            -0.028946314385024673,
            -0.31303550713609973,
            -0.3034649591265972,
            -0.09437487179078934,
            -0.15784888106243639,
            0.026706555475786473,
            -0.5118272582302138,
            -0.3657668981643043,
            0.08070130619996183,
            -0.10473838425293386,
            0.018884605045796123,
            -0.4484726502059794,
            -0.30915496651459207,
            -0.033170754862186506,
            0.2198288881626727,
            -0.03202169384250808
        ],
        [
            0.0009996512355243616,
            -0.00895225862213379,
            -0.006430764869756977,
            -0.0036146028470316355,
            -3.5977798935044774e-05,
            0.0005254117523846649,
            -0.021701733740623244,
            -0.046558119055624986,
            -0.012841384311682774,
            0.00046451456241887457,
            -0.0008003893628868997,
            -0.026261814107725823,
            0.264924452855775,
            0.17121059848499162,
            -0.024921394019304946,
            -0.04006389674331415,
            -0.033170754862186506,
            1.4967096211133524,
            0.03650808471796135,
            -0.00524303622799005
        ],
        [
            0.07208756249953324,
            0.11572537597567029,
            -0.006573745355568124,
            0.09860368282641722,
            0.011048280084997012,
            0.21132505305229687,
            0.16541446109206448,
            0.0783153126072699,
            0.16274220640291043,
            -0.021334517295430358,
            0.0799614062680224,
            0.20593425338589466,
            0.1441689707064215,
            -0.6446488710905014,
            0.13206116343161697,
            0.24437029592190795,
            0.2198288881626727,
            0.03650808471796135,
            1.2755864664401684,
            0.03264303815857002
        ],
        [
            -0.0027697582748474592,
            -0.012818748892616113,
            0.0002979973299736091,
            -0.0025380742499232748,
            -0.006478726144230083,
            -0.025858822026566967,
            -0.022883975917611075,
            -0.010257881165074333,
            -0.028245406134124885,
            -0.03954375598332065,
            -0.011386549994353401,
            -0.029284403489528002,
            -0.020982114132220495,
            0.13200587820206508,
            0.2800762745925672,
            -0.03589009512561895,
            -0.03202169384250808,
            -0.00524303622799005,
            0.03264303815857002,
            1.5000644417108593
        ]
    ]
}