{
    "HF": -2.1751104406390804,
    "coordinates": [
        [
            0.644468,
            0.070457,
            0.165955
        ],
        [
            1.302943,
            0.173075,
            0.121751
        ],
        [
            2.135219,
            0.048722,
            -0.197994
        ],
        [
            2.8132,
            -0.03157,
            0.077601
        ]
    ],
    "elements": [
        "H",
        "H",
        "H",
        "H"
    ],
    "Enn": 3.034313894512547,
    "S": [
        [
            0.9999999999999999,
            0.6848602514927513,
            0.0,
            0.0,
            0.0,
            0.6293292743342069,
            0.5859542848358117,
            0.036327464349096686,
            -0.5411439482234963,
            -0.08433290508948517,
            0.11478957743373182,
            0.30088090556891794,
            0.03598945817401304,
            -0.1474143925724981,
            0.0021492870523402287,
            0.01618560303108873,
            0.1319906337568904,
            0.0008076955543960688,
            -0.019825646774073565,
            0.0009326884388750678
        ],
        [
            0.6848602514927513,
            1.0000000000000002,
            0.0,
            0.0,
            0.0,
            0.5859542848358117,
            0.9074013172969417,
            0.010184531377476057,
            -0.1517115939458771,
            -0.0236430241809302,
            0.30088090556891794,
            0.5986608135782355,
            0.04113316124294961,
            -0.16848322500154794,
            0.0024564685151367612,
            0.13199063375689035,
            0.35753119459436156,
            0.004130310005167637,
            -0.10138234237416781,
            0.004769485692750057
        ],
        [
            0.0,
            0.0,
            1.0000000000000004,
            0.0,
            0.0,
            -0.03632746434909663,
            -0.01018453137747608,
            0.5575928941960061,
            0.04235054183783018,
            0.006599989221025031,
            -0.03598945817401304,
            -0.041133161242949606,
            0.03084586142228154,
            0.06622084331040674,
            -0.0009654932509531708,
            -0.0008076955543960691,
            -0.004130310005167633,
            0.0021345104398929247,
            0.0010838138436371012,
            -5.0987524057727055e-05
        ],
        [
            0.0,
            0.0,
            0.0,
            1.0000000000000004,
            0.0,
            0.5411439482234961,
            0.1517115939458771,
            0.0423505418378302,
            -0.07042945206495607,
            -0.09831526337694461,
            0.14741439257249808,
            0.16848322500154791,
            0.06622084331040667,
            -0.22423057938676863,
            0.003954702525221087,
            0.01982564677407356,
            0.10138234237416777,
            0.0010838138436371012,
            -0.024424564843485173,
            0.001251536716218423
        ],
        [
            0.0,
            0.0,
            0.0,
            0.0,
            1.0000000000000004,
            0.08433290508948514,
            0.0236430241809302,
            0.006599989221025033,
            -0.0983152633769446,
            0.5451142847638851,
            -0.002149287052340227,
            -0.0024564685151367612,
            -0.0009654932509531705,
            0.00395470252522109,
            0.04695522793794615,
            -0.0009326884388750676,
            -0.0047694856927500565,
            -5.098752405772706e-05,
            0.0012515367162184233,
            0.002119786975580642
        ],
        [
            0.6293292743342069,
            0.5859542848358117,
            -0.036327464349096686,
            0.5411439482234961,
            0.08433290508948516,
            0.9999999999999999,
            0.6848602514927513,
            0.0,
            0.0,
            0.0,
            0.44612990437429956,
            0.5159077940870312,
            0.17007823329671548,
            -0.44270287790350804,
            0.06614564276265919,
            0.11781323352692374,
            0.30410481894509256,
            0.004506317732351902,
            -0.15414944279747658,
            0.02088777785588121
        ],
        [
            0.5859542848358117,
            0.9074013172969417,
            -0.010184531377476033,
            0.1517115939458771,
            0.0236430241809302,
            0.6848602514927513,
            1.0000000000000002,
            0.0,
            0.0,
            0.0,
            0.5159077940870312,
            0.8381736887377428,
            0.06430692215534833,
            -0.16738684871933776,
            0.025009800593548064,
            0.30410481894509256,
            0.6026600482690051,
            0.0050470124720954175,
            -0.17264520758934104,
            0.0233940173805655
        ],
        [
            0.03632746434909663,
            0.010184531377476057,
            0.5575928941960061,
            0.0423505418378302,
            0.006599989221025033,
            0.0,
            0.0,
            1.0000000000000004,
            0.0,
            0.0,
            -0.1700782332967154,
            -0.06430692215534826,
            0.25655655400970223,
            0.24129563656214809,
            -0.03605274727784149,
            -0.004506317732351902,
            -0.005047012472095416,
            0.04866811333949505,
            0.008467623675367882,
            -0.001147392031320272
        ],
        [
            -0.5411439482234961,
            -0.1517115939458771,
            0.04235054183783018,
            -0.07042945206495589,
            -0.0983152633769446,
            0.0,
            0.0,
            0.0,
            1.0000000000000004,
            0.0,
            0.4427028779035078,
            0.16738684871933768,
            0.24129563656214817,
            -0.2788194102203449,
            0.09384301957313738,
            0.15414944279747658,
            0.17264520758934096,
            0.008467623675367887,
            -0.24073979466580983,
            0.0392493057088485
        ],
        [
            -0.08433290508948513,
            -0.0236430241809302,
            0.006599989221025031,
            -0.09831526337694461,
            0.5451142847638851,
            0.0,
            0.0,
            0.0,
            0.0,
            1.0000000000000004,
            -0.06614564276265916,
            -0.025009800593548053,
            -0.0360527472778415,
            0.09384301957313738,
            0.33523647785658206,
            -0.020887777855881206,
            -0.02339401738056549,
            -0.0011473920313202727,
            0.0392493057088485,
            0.04359723561370414
        ],
        [
            0.11478957743373182,
            0.30088090556891794,
            -0.03598945817401304,
            0.14741439257249814,
            -0.0021492870523402287,
            0.44612990437429956,
            0.5159077940870312,
            -0.17007823329671548,
            0.44270287790350804,
            -0.06614564276265918,
            0.9999999999999999,
            0.6848602514927513,
            0.0,
            0.0,
            0.0,
            0.5737437528492421,
            0.5666221600437926,
            -0.20155404114652498,
            -0.49583559342717454,
            0.05872086602346481
        ],
        [
            0.30088090556891794,
            0.5986608135782355,
            -0.04113316124294961,
            0.16848322500154803,
            -0.0024564685151367612,
            0.5159077940870312,
            0.8381736887377428,
            -0.06430692215534833,
            0.16738684871933776,
            -0.025009800593548064,
            0.6848602514927513,
            1.0000000000000002,
            0.0,
            0.0,
            0.0,
            0.5666221600437926,
            0.888625757306317,
            -0.061263176108991985,
            -0.15071125891816073,
            0.01784844767192142
        ],
        [
            0.03598945817401304,
            0.041133161242949606,
            0.03084586142228154,
            0.06622084331040673,
            -0.0009654932509531708,
            0.1700782332967154,
            0.06430692215534826,
            0.25655655400970223,
            0.24129563656214809,
            -0.03605274727784149,
            0.0,
            0.0,
            1.0000000000000004,
            0.0,
            0.0,
            0.20155404114652492,
            0.06126317610899194,
            0.3972192769533537,
            -0.24001372148076627,
            0.028424368419076165
        ],
        [
            -0.1474143925724981,
            -0.16848322500154791,
            0.06622084331040669,
            -0.22423057938676869,
            0.003954702525221087,
            -0.4427028779035078,
            -0.16738684871933768,
            0.24129563656214817,
            -0.2788194102203449,
            0.09384301957313738,
            0.0,
            0.0,
            0.0,
            1.0000000000000004,
            0.0,
            0.4958355934271746,
            0.15071125891816067,
            -0.24001372148076633,
            -0.09566548048839646,
            0.06992573060154823
        ],
        [
            0.002149287052340227,
            0.0024564685151367612,
            -0.0009654932509531705,
            0.003954702525221089,
            0.04695522793794615,
            0.06614564276265916,
            0.025009800593548053,
            -0.0360527472778415,
            0.09384301957313738,
            0.33523647785658206,
            0.0,
            0.0,
            0.0,
            0.0,
            1.0000000000000004,
            -0.058720866023464796,
            -0.01784844767192141,
            0.02842436841907617,
            0.06992573060154823,
            0.48650216955658626
        ],
        [
            0.01618560303108873,
            0.1319906337568904,
            -0.0008076955543960691,
            0.019825646774073568,
            -0.0009326884388750678,
            0.11781323352692374,
            0.30410481894509256,
            -0.004506317732351902,
            0.15414944279747658,
            -0.02088777785588121,
            0.5737437528492421,
            0.5666221600437926,
            0.20155404114652498,
            0.49583559342717454,
            -0.05872086602346481,
            0.9999999999999999,
            0.6848602514927513,
            0.0,
            0.0,
            0.0
        ],
        [
            0.13199063375689035,
            0.35753119459436156,
            -0.004130310005167633,
            0.10138234237416784,
            -0.0047694856927500565,
            0.30410481894509256,
            0.6026600482690051,
            -0.0050470124720954175,
            0.17264520758934104,
            -0.023394017380565495,
            0.5666221600437926,
            0.888625757306317,
            0.061263176108992005,
            0.15071125891816073,
            -0.017848447671921418,
            0.6848602514927513,
            1.0000000000000002,
            0.0,
            0.0,
            0.0
        ],
        [
            0.0008076955543960688,
            0.004130310005167637,
            0.0021345104398929247,
            0.0010838138436371017,
            -5.098752405772708e-05,
            0.004506317732351902,
            0.005047012472095416,
            0.04866811333949505,
            0.008467623675367887,
            -0.0011473920313202727,
            -0.20155404114652492,
            -0.06126317610899194,
            0.3972192769533537,
            -0.24001372148076627,
            0.028424368419076165,
            0.0,
            0.0,
            1.0000000000000004,
            0.0,
            0.0
        ],
        [
            -0.019825646774073565,
            -0.10138234237416781,
            0.0010838138436371008,
            -0.024424564843485173,
            0.001251536716218423,
            -0.15414944279747658,
            -0.17264520758934096,
            0.008467623675367882,
            -0.24073979466580983,
            0.0392493057088485,
            -0.4958355934271746,
            -0.15071125891816067,
            -0.24001372148076633,
            -0.09566548048839646,
            0.06992573060154823,
            0.0,
            0.0,
            0.0,
            1.0000000000000004,
            0.0
        ],
        [
            0.0009326884388750676,
            0.004769485692750057,
            -5.098752405772704e-05,
            0.0012515367162184233,
            0.002119786975580642,
            0.020887777855881206,
            0.023394017380565478,
            -0.001147392031320272,
            0.0392493057088485,
            0.04359723561370414,
            0.058720866023464796,
            0.01784844767192141,
            0.02842436841907617,
            0.06992573060154823,
            0.48650216955658626,
            0.0,
            0.0,
            0.0,
            0.0,
            1.0000000000000004
        ]
    ],
    "h": [
        [
            -0.3318702463902352,
            -0.4931627455557793,
            0.027104486207873278,
            -0.33660462931258195,
            -0.050838558526456065,
            -0.6309656736076025,
            -0.4925698111383052,
            0.012800567662050198,
            -0.0035027415077699686,
            0.004620881396069809,
            -0.22843907113461764,
            -0.3179357167074146,
            -0.07699969624394667,
            0.28178183069306517,
            -0.023438801496603746,
            -0.02580860097836376,
            -0.15911692776094105,
            -0.0008201956014118848,
            0.07508932617625634,
            -0.006388416411071149
        ],
        [
            -0.4931627455557793,
            -0.31509706229081424,
            0.023268704791873377,
            -0.2631136964234825,
            -0.03764020681166716,
            -0.5549311352078188,
            -0.3653065051969515,
            0.018217330659025636,
            0.14120686456805115,
            0.04736251273461264,
            -0.3106721047442086,
            -0.30472898304016205,
            -0.07736460443652296,
            0.14115012287370288,
            -0.017160525070001313,
            -0.1554414397000966,
            -0.2086536026572251,
            0.02504520982320578,
            0.11667852012772106,
            -0.013171438600647085
        ],
        [
            0.027104486207873278,
            0.023268704791873377,
            1.470842483215501,
            0.025561330166675923,
            0.003125564713729016,
            0.011683022285584502,
            0.024447419661382593,
            0.5372848672100735,
            0.06868583511513998,
            0.00764334297053143,
            0.035777174781059365,
            0.01855430561646354,
            -0.03446800629157122,
            -0.024498689312877575,
            0.0027069247900677364,
            0.008919524760610895,
            0.013857848621392216,
            -0.007691822254237153,
            -0.008602254306122745,
            0.0007317524006875323
        ],
        [
            -0.33660462931258195,
            -0.2631136964234825,
            0.025561330166675923,
            1.1561727268461328,
            -0.0464167234747424,
            -0.0434006341332287,
            -0.25137774957608516,
            0.08272985551797317,
            -0.4334856924564387,
            -0.13751782158269427,
            -0.22036641913582872,
            -0.18920886255326763,
            -0.07190411668157443,
            0.15776991744665658,
            -0.021512202194077228,
            -0.07523583605226435,
            -0.1250909253924051,
            0.0027495746042669527,
            0.1007551647631989,
            -0.007944487243057555
        ],
        [
            -0.050838558526456065,
            -0.03764020681166716,
            0.003125564713729016,
            -0.0464167234747424,
            1.4663649742554614,
            -0.0004714481032705997,
            -0.03332855357045772,
            0.0105315957049492,
            -0.14742976938948849,
            0.5223202753980936,
            -0.012380532291299139,
            -0.02369252223747024,
            -0.006720625099060677,
            0.022610930328673125,
            -0.04613626531287632,
            0.001653714155234306,
            -0.01004689777863028,
            -0.00013747268250107603,
            -0.0010497680600258094,
            -0.006815416574956826
        ],
        [
            -0.6309656736076025,
            -0.5549311352078188,
            0.011683022285584502,
            -0.0434006341332287,
            -0.0004714481032705997,
            -0.44719552965575593,
            -0.5922371564970161,
            0.03692525269660403,
            0.17050196604661239,
            0.07176812618816183,
            -0.44370892604109624,
            -0.4702851784826172,
            -0.04804829828389251,
            0.07775375628507675,
            -0.00412594133896127,
            -0.2243299006211925,
            -0.31393722040046323,
            0.03069971256703659,
            0.2105952919526982,
            -0.02644092651868745
        ],
        [
            -0.4925698111383052,
            -0.3653065051969515,
            0.024447419661382593,
            -0.25137774957608516,
            -0.03332855357045772,
            -0.5922371564970161,
            -0.42233685357401174,
            0.04032409799668669,
            0.07216650355928224,
            0.05935725533392996,
            -0.4638237098926473,
            -0.3921911130071538,
            -0.10699470775910638,
            0.07733576470043702,
            -0.00958608242898018,
            -0.3116164178779004,
            -0.30651668810670973,
            0.05635177565199237,
            0.17280401746741136,
            -0.021030604833560312
        ],
        [
            0.012800567662050198,
            0.018217330659025636,
            0.5372848672100735,
            0.08272985551797317,
            0.0105315957049492,
            0.03692525269660403,
            0.04032409799668669,
            1.3919452876810345,
            0.08450959038609418,
            -0.0061921097420102236,
            0.018237981798789993,
            0.04946880601433189,
            0.1156261685114931,
            0.31416555539972557,
            -0.046510826505149386,
            0.053213546926933794,
            0.052180805364420435,
            -0.05592411155701313,
            -0.0504791324158035,
            0.006353857429783538
        ],
        [
            -0.0035027415077699686,
            0.14120686456805115,
            0.06868583511513998,
            -0.4334856924564387,
            -0.14742976938948849,
            0.17050196604661239,
            0.07216650355928224,
            0.08450959038609418,
            0.9055303945916666,
            -0.01976193206647888,
            -0.07607294886234461,
            -0.07340063009100384,
            0.2857939524752902,
            -0.695004007379686,
            0.12965167144599873,
            -0.2764664133777511,
            -0.14007729200540114,
            0.05423631980774913,
            0.13279559279960257,
            -0.02219509770532116
        ],
        [
            0.004620881396069809,
            0.04736251273461264,
            0.00764334297053143,
            -0.13751782158269427,
            0.5223202753980936,
            0.07176812618816183,
            0.05935725533392996,
            -0.0061921097420102236,
            -0.01976193206647888,
            1.405665457163043,
            0.021617122521927407,
            0.04516425950109659,
            -0.03797755795616918,
            0.11219032876664475,
            0.20935506495833578,
            0.034386757001611354,
            0.03237930589964642,
            -0.007059296245082834,
            -0.027027141098713167,
            -0.03935907876923793
        ],
        [
            -0.22843907113461764,
            -0.3106721047442086,
            0.035777174781059365,
            -0.22036641913582872,
            -0.012380532291299139,
            -0.44370892604109624,
            -0.4638237098926473,
            0.018237981798789993,
            -0.07607294886234461,
            0.021617122521927407,
            -0.39986989629696135,
            -0.5724676573976158,
            -0.16438094869444642,
            -0.12094371543901017,
            0.008972910535498488,
            -0.5951433285858183,
            -0.5356369396269998,
            0.007302197781756226,
            0.05794931004340742,
            -0.008380525609711087
        ],
        [
            -0.3179357167074146,
            -0.30472898304016205,
            0.01855430561646354,
            -0.18920886255326763,
            -0.02369252223747024,
            -0.4702851784826172,
            -0.3921911130071538,
            0.04946880601433189,
            -0.07340063009100384,
            0.04516425950109659,
            -0.5724676573976158,
            -0.4174451965220194,
            -0.14029024003565177,
            -0.05085864328152562,
            0.0027309521234905433,
            -0.47569336814373897,
            -0.36725911599577454,
            0.07652667661483534,
            0.22567137578755375,
            -0.02796767565516254
        ],
        [
            -0.07699969624394667,
            -0.07736460443652296,
            -0.03446800629157122,
            -0.07190411668157443,
            -0.006720625099060677,
            -0.04804829828389251,
            -0.10699470775910638,
            0.1156261685114931,
            0.2857939524752902,
            -0.03797755795616918,
            -0.16438094869444642,
            -0.14029024003565177,
            1.3624975651872926,
            -0.031957117471439755,
            0.00219943371285355,
            -0.020106144746734556,
            -0.11221817278094591,
            0.30134719937372456,
            -0.3185425481847447,
            0.03720522804686549
        ],
        [
            0.28178183069306517,
            0.14115012287370288,
            -0.024498689312877575,
            0.15776991744665658,
            0.022610930328673125,
            0.07775375628507675,
            0.07733576470043702,
            0.31416555539972557,
            -0.695004007379686,
            0.11219032876664475,
            -0.12094371543901017,
            -0.05085864328152562,
            -0.031957117471439755,
            0.9842585772697827,
            0.0539338244308787,
            -0.0124504831624489,
            -0.11844882403744827,
            -0.34501924826146824,
            -0.4372556490744356,
            0.10349405983267718
        ],
        [
            -0.023438801496603746,
            -0.017160525070001313,
            0.0027069247900677364,
            -0.021512202194077228,
            -0.04613626531287632,
            -0.00412594133896127,
            -0.00958608242898018,
            -0.046510826505149386,
            0.12965167144599873,
            0.20935506495833578,
            0.008972910535498488,
            0.0027309521234905433,
            0.00219943371285355,
            0.0539338244308787,
            1.4183769856101869,
            -0.0018263200786027278,
            0.010774730334470933,
            0.041375456417449046,
            0.10596370356488671,
            0.42730888083321183
        ],
        [
            -0.02580860097836376,
            -0.1554414397000966,
            0.008919524760610895,
            -0.07523583605226435,
            0.001653714155234306,
            -0.2243299006211925,
            -0.3116164178779004,
            0.053213546926933794,
            -0.2764664133777511,
            0.034386757001611354,
            -0.5951433285858183,
            -0.47569336814373897,
            -0.020106144746734556,
            -0.0124504831624489,
            -0.0018263200786027278,
            -0.2870877395893292,
            -0.4771874350594091,
            0.11011324592400425,
            0.2846356652775647,
            -0.0350323477402713
        ],
        [
            -0.15911692776094105,
            -0.2086536026572251,
            0.013857848621392216,
            -0.1250909253924051,
            -0.01004689777863028,
            -0.31393722040046323,
            -0.30651668810670973,
            0.052180805364420435,
            -0.14007729200540114,
            0.03237930589964642,
            -0.5356369396269998,
            -0.36725911599577454,
            -0.11221817278094591,
            -0.11844882403744827,
            0.010774730334470933,
            -0.4771874350594091,
            -0.31600268048778046,
            0.08663062101774432,
            0.2364495886723571,
            -0.029243202534022912
        ],
        [
            -0.0008201956014118848,
            0.02504520982320578,
            -0.007691822254237153,
            0.0027495746042669527,
            -0.00013747268250107603,
            0.03069971256703659,
            0.05635177565199237,
            -0.05592411155701313,
            0.05423631980774913,
            -0.007059296245082834,
            0.007302197781756226,
            0.07652667661483534,
            0.30134719937372456,
            -0.34501924826146824,
            0.041375456417449046,
            0.11011324592400425,
            0.08663062101774432,
            1.4425735225614202,
            -0.09556022921142864,
            0.011376668967881054
        ],
        [
            0.07508932617625634,
            0.11667852012772106,
            -0.008602254306122745,
            0.1007551647631989,
            -0.0010497680600258094,
            0.2105952919526982,
            0.17280401746741136,
            -0.0504791324158035,
            0.13279559279960257,
            -0.027027141098713167,
            0.05794931004340742,
            0.22567137578755375,
            -0.3185425481847447,
            -0.4372556490744356,
            0.10596370356488671,
            0.2846356652775647,
            0.2364495886723571,
            -0.09556022921142864,
            1.2258125457438322,
            0.031097752107162677
        ],
        [
            -0.006388416411071149,
            -0.013171438600647085,
            0.0007317524006875323,
            -0.007944487243057555,
            -0.006815416574956826,
            -0.02644092651868745,
            -0.021030604833560312,
            0.006353857429783538,
            -0.02219509770532116,
            -0.03935907876923793,
            -0.008380525609711087,
            -0.02796767565516254,
            0.03720522804686549,
            0.10349405983267718,
            0.42730888083321183,
            -0.0350323477402713,
            -0.029243202534022912,
            0.011376668967881054,
            0.031097752107162677,
            1.478132618995715
        ]
    ]
}