{
    "HF": -2.1717831418318614,
    "coordinates": [
        [
            0.804625,
            -0.186222,
            -0.126405
        ],
        [
            1.640054,
            -0.173889,
            -0.025773
        ],
        [
            2.397228,
            0.15153,
            -0.17579
        ],
        [
            3.122261,
            0.181528,
            -0.037914
        ]
    ],
    "elements": [
        "H",
        "H",
        "H",
        "H"
    ],
    "Enn": 2.874351204047433,
    "S": [
        [
            0.9999999999999999,
            0.6848602514927513,
            0.0,
            0.0,
            0.0,
            0.49047835013216506,
            0.5346564155621509,
            -0.060350137108200926,
            -0.5010161250314731,
            -0.007396238184230097,
            0.0892243983727313,
            0.27122591358655634,
            0.0035945566329829777,
            -0.1159198476735565,
            -0.02458375401241807,
            0.008522091445589736,
            0.100195130416042,
            -0.00036913556591701413,
            -0.009667897034157656,
            -0.0015340498397123095
        ],
        [
            0.6848602514927513,
            1.0000000000000002,
            0.0,
            0.0,
            0.0,
            0.5346564155621509,
            0.8570361460356439,
            -0.021025317954879833,
            -0.1745484572872177,
            -0.0025767672940767558,
            0.2712259135865564,
            0.5610786063898887,
            0.004994875209680655,
            -0.16107832830946725,
            -0.03416075917424441,
            0.100195130416042,
            0.3008172153736814,
            -0.0030774502040608184,
            -0.08060039304718776,
            -0.012789236335258566
        ],
        [
            0.0,
            0.0,
            1.0000000000000004,
            0.0,
            0.0,
            0.060350137108200905,
            0.02102531795487982,
            0.3883023591693717,
            -0.08703993667471645,
            -0.0012849249176282813,
            -0.0035945566329829808,
            -0.0049948752096806645,
            0.03174458063153168,
            0.0065232331890528175,
            0.001383417622639771,
            0.0003691355659170139,
            0.0030774502040608184,
            0.0007625654292179572,
            -0.000414451421776456,
            -6.576291978476849e-05
        ],
        [
            0.0,
            0.0,
            0.0,
            1.0000000000000004,
            0.0,
            0.5010161250314727,
            0.17454845728721763,
            -0.08703993667471649,
            -0.32380330671498303,
            -0.01066721856873835,
            0.1159198476735565,
            0.16107832830946714,
            0.00652323318905282,
            -0.17841905623349988,
            -0.04461344651349534,
            0.009667897034157649,
            0.08060039304718782,
            -0.0004144514217764559,
            -0.0100763585015029,
            -0.0017223730137335064
        ],
        [
            0.0,
            0.0,
            0.0,
            0.0,
            1.0000000000000004,
            0.007396238184230096,
            0.002576767294076755,
            -0.001284924917628288,
            -0.010667218568738401,
            0.39862932184464606,
            0.024583754012418066,
            0.0341607591742444,
            0.0013834176226397712,
            -0.04461344651349532,
            0.02248544265691736,
            0.0015340498397123082,
            0.012789236335258566,
            -6.576291978476848e-05,
            -0.0017223730137335064,
            0.0005050929637246368
        ],
        [
            0.49047835013216506,
            0.5346564155621509,
            0.060350137108200926,
            0.5010161250314731,
            0.007396238184230097,
            0.9999999999999999,
            0.6848602514927513,
            0.0,
            0.0,
            0.0,
            0.49346603587679827,
            0.5358731709809723,
            0.09066135776847878,
            -0.45759095907123964,
            -0.19666390064899708,
            0.11794352947337948,
            0.30424257524101006,
            0.001240882044615616,
            -0.15149032639021315,
            -0.03632572058736087
        ],
        [
            0.5346564155621509,
            0.8570361460356439,
            0.021025317954879826,
            0.1745484572872177,
            0.0025767672940767558,
            0.6848602514927513,
            1.0000000000000002,
            0.0,
            0.0,
            0.0,
            0.5358731709809723,
            0.8582515204469526,
            0.0314196217980776,
            -0.15858283204795162,
            -0.06815588837204184,
            0.30424257524101017,
            0.6028305749356868,
            0.001388572484599845,
            -0.16952078549388722,
            -0.04064922714430639
        ],
        [
            -0.060350137108200905,
            -0.021025317954879812,
            0.3883023591693717,
            -0.08703993667471645,
            -0.0012849249176282874,
            0.0,
            0.0,
            1.0000000000000004,
            0.0,
            0.0,
            -0.09066135776847875,
            -0.03141962179807757,
            0.3786711596004365,
            0.11859776824503948,
            0.05097106760735642,
            -0.001240882044615616,
            -0.0013885724845998444,
            0.04897943689694434,
            0.002289156483766793,
            0.000548914645519109
        ],
        [
            -0.5010161250314727,
            -0.17454845728721763,
            -0.08703993667471649,
            -0.32380330671498303,
            -0.010667218568738401,
            0.0,
            0.0,
            0.0,
            1.0000000000000004,
            0.0,
            0.45759095907123964,
            0.15858283204795195,
            0.11859776824503948,
            -0.19642449636818082,
            -0.257263957715009,
            0.15149032639021315,
            0.1695207854938871,
            0.0022891564837667906,
            -0.23046839361135377,
            -0.06701302446181875
        ],
        [
            -0.007396238184230096,
            -0.002576767294076755,
            -0.001284924917628282,
            -0.01066721856873835,
            0.39862932184464606,
            0.0,
            0.0,
            0.0,
            0.0,
            1.0000000000000004,
            0.19666390064899703,
            0.06815588837204187,
            0.05097106760735642,
            -0.257263957715009,
            0.29160147884430343,
            0.036325720587360846,
            0.04064922714430632,
            0.0005489146455191085,
            -0.06701302446181878,
            0.03292919866012801
        ],
        [
            0.0892243983727313,
            0.27122591358655634,
            -0.0035945566329829808,
            0.1159198476735565,
            0.02458375401241807,
            0.49346603587679827,
            0.5358731709809723,
            -0.09066135776847878,
            0.45759095907123964,
            0.19666390064899708,
            0.9999999999999999,
            0.6848602514927513,
            0.0,
            0.0,
            0.0,
            0.5718154591547954,
            0.5659245332729703,
            -0.1004063544875989,
            -0.5279955932374547,
            -0.021845642620318184
        ],
        [
            0.2712259135865564,
            0.5610786063898887,
            -0.004994875209680665,
            0.16107832830946725,
            0.03416075917424441,
            0.5358731709809723,
            0.8582515204469526,
            -0.03141962179807758,
            0.15858283204795162,
            0.06815588837204184,
            0.6848602514927513,
            1.0000000000000002,
            0.0,
            0.0,
            0.0,
            0.5659245332729703,
            0.887943695568711,
            -0.030608760924097717,
            -0.16095884533262766,
            -0.006659618861883744
        ],
        [
            0.0035945566329829777,
            0.004994875209680654,
            0.03174458063153168,
            0.006523233189052822,
            0.0013834176226397718,
            0.09066135776847878,
            0.03141962179807756,
            0.3786711596004365,
            0.11859776824503948,
            0.05097106760735642,
            0.0,
            0.0,
            1.0000000000000004,
            0.0,
            0.0,
            0.1004063544875989,
            0.030608760924097686,
            0.46821725297357597,
            -0.12782226650006778,
            -0.005288603898676384
        ],
        [
            -0.1159198476735565,
            -0.16107832830946722,
            0.006523233189052817,
            -0.17841905623349988,
            -0.04461344651349534,
            -0.45759095907123964,
            -0.15858283204795162,
            0.11859776824503948,
            -0.19642449636818082,
            -0.257263957715009,
            0.0,
            0.0,
            0.0,
            1.0000000000000004,
            0.0,
            0.5279955932374546,
            0.1609588453326276,
            -0.12782226650006762,
            -0.17963997159508557,
            -0.027810585964700398
        ],
        [
            -0.024583754012418066,
            -0.034160759174244396,
            0.0013834176226397703,
            -0.04461344651349532,
            0.02248544265691736,
            -0.19666390064899703,
            -0.06815588837204187,
            0.05097106760735642,
            -0.257263957715009,
            0.29160147884430343,
            0.0,
            0.0,
            0.0,
            0.0,
            1.0000000000000004,
            0.021845642620318184,
            0.006659618861883742,
            -0.005288603898676374,
            -0.027810585964700377,
            0.491373938059902
        ],
        [
            0.008522091445589736,
            0.100195130416042,
            0.00036913556591701413,
            0.009667897034157658,
            0.0015340498397123095,
            0.11794352947337948,
            0.30424257524101006,
            -0.001240882044615616,
            0.15149032639021315,
            0.03632572058736087,
            0.5718154591547954,
            0.5659245332729703,
            0.1004063544875989,
            0.5279955932374546,
            0.021845642620318184,
            0.9999999999999999,
            0.6848602514927513,
            0.0,
            0.0,
            0.0
        ],
        [
            0.100195130416042,
            0.3008172153736814,
            0.0030774502040608184,
            0.08060039304718782,
            0.012789236335258566,
            0.30424257524101017,
            0.6028305749356868,
            -0.0013885724845998481,
            0.16952078549388722,
            0.04064922714430639,
            0.5659245332729703,
            0.887943695568711,
            0.030608760924097738,
            0.16095884533262766,
            0.006659618861883744,
            0.6848602514927513,
            1.0000000000000002,
            0.0,
            0.0,
            0.0
        ],
        [
            -0.0003691355659170139,
            -0.0030774502040608167,
            0.0007625654292179571,
            -0.0004144514217764559,
            -6.576291978476848e-05,
            0.001240882044615616,
            0.0013885724845998444,
            0.04897943689694434,
            0.00228915648376679,
            0.0005489146455191086,
            -0.1004063544875989,
            -0.030608760924097696,
            0.46821725297357597,
            -0.12782226650006762,
            -0.005288603898676374,
            0.0,
            0.0,
            1.0000000000000004,
            0.0,
            0.0
        ],
        [
            -0.009667897034157647,
            -0.08060039304718776,
            -0.000414451421776456,
            -0.0100763585015029,
            -0.0017223730137335064,
            -0.15149032639021315,
            -0.1695207854938871,
            0.0022891564837667936,
            -0.23046839361135377,
            -0.0670130244618188,
            -0.5279955932374546,
            -0.1609588453326276,
            -0.12782226650006778,
            -0.17963997159508574,
            -0.027810585964700377,
            0.0,
            0.0,
            0.0,
            1.0000000000000004,
            0.0
        ],
        [
            -0.0015340498397123082,
            -0.012789236335258566,
            -6.576291978476849e-05,
            -0.0017223730137335064,
            0.0005050929637246368,
            -0.036325720587360846,
            -0.04064922714430632,
            0.0005489146455191089,
            -0.06701302446181874,
            0.03292919866012801,
            -0.021845642620318184,
            -0.006659618861883742,
            -0.005288603898676384,
            -0.027810585964700398,
            0.491373938059902,
            0.0,
            0.0,
            0.0,
            0.0,
            1.0000000000000004
        ]
    ],
    "h": [
        [
            -0.22086112821594583,
            -0.44731037391153017,
            -0.027702321431009473,
            -0.2470443515648066,
            -0.005992067745863486,
            -0.5302305545527604,
            -0.4367415327761156,
            0.012011660728911785,
            0.047709466692499425,
            -0.0062200526062596104,
            -0.19475741198606042,
            -0.27942419130737256,
            -0.021832575016383797,
            0.25643662477793483,
            0.07485429504992816,
            -0.003545202900441753,
            -0.12061307792171636,
            0.000844865459777697,
            0.051543573995988315,
            0.010193631802285094
        ],
        [
            -0.44731037391153017,
            -0.30512380483135404,
            -0.02369964466112689,
            -0.22052685046443563,
            -0.006676497351435641,
            -0.5062113071074372,
            -0.35947589112601763,
            0.039144056307777064,
            0.11544184539707972,
            -0.030718984178964445,
            -0.29475262305971844,
            -0.29173782386357205,
            -0.03366008213215842,
            0.15412710567498186,
            0.06745444433666625,
            -0.12317941609801947,
            -0.18377685801386134,
            0.011452328076758288,
            0.11018591731431555,
            0.013395517019893905
        ],
        [
            -0.027702321431009473,
            -0.02369964466112689,
            1.4955518628577749,
            -0.02604727622630395,
            -0.00023264408931580907,
            -0.0038527784041203494,
            -0.020185893407675053,
            0.2858201980462505,
            -0.11540523395853916,
            -0.001858036334047909,
            -0.0071249207486214165,
            -0.015783722702471165,
            -0.04148285231203641,
            0.012140809350108427,
            0.004226693469316719,
            -0.0007462813585869955,
            -0.0070873364287542635,
            -0.002740983796124854,
            0.0028804574862720607,
            0.0005783208922040786
        ],
        [
            -0.2470443515648066,
            -0.22052685046443563,
            -0.02604727622630395,
            1.2639848546090235,
            -0.006235735275678901,
            -0.0756664413124406,
            -0.20498034895585493,
            -0.10489630533021435,
            -0.6740851039628065,
            -0.03019189332073633,
            -0.19979337767245647,
            -0.16144371039216832,
            -0.026377310948695977,
            0.19019834653885115,
            0.07376622935859803,
            -0.04906507691365694,
            -0.10144445581894924,
            0.003555144933829215,
            0.06565363617253794,
            0.010871665517811283
        ],
        [
            -0.005992067745863486,
            -0.006676497351435641,
            -0.00023264408931580907,
            -0.006235735275678901,
            1.4980585176049728,
            -0.007682563624188021,
            -0.008636448293359595,
            -0.00012953251165302628,
            -0.017075494185083,
            0.29677863132725146,
            -0.0251360063745186,
            -0.007064492906104801,
            -0.002469566923768451,
            0.023478620527135216,
            -0.032785440012080044,
            -0.008363114562926148,
            -0.008793286683957766,
            0.0006318110219970196,
            0.009493041713975206,
            -0.0014219517944233603
        ],
        [
            -0.5302305545527604,
            -0.5062113071074372,
            -0.0038527784041203494,
            -0.0756664413124406,
            -0.007682563624188021,
            -0.37393988567216563,
            -0.5689060594005064,
            0.06283030942085738,
            0.053316986039745135,
            -0.07261637149692263,
            -0.4809609452028867,
            -0.4784756249547417,
            -0.01718754983832871,
            0.043327070565502,
            0.024902665452497585,
            -0.24223881123179108,
            -0.3192553818446019,
            0.01875635172862971,
            0.23120832562808694,
            0.034658975479401166
        ],
        [
            -0.4367415327761156,
            -0.35947589112601763,
            -0.020185893407675053,
            -0.20498034895585493,
            -0.008636448293359595,
            -0.5689060594005064,
            -0.4288013157319235,
            0.05466318902319178,
            0.0187826038799674,
            -0.06880953091280159,
            -0.4914372417807742,
            -0.40244750733520096,
            -0.05463537066300899,
            0.0812201447666977,
            0.0719204321360205,
            -0.31675503312293096,
            -0.3083093851129656,
            0.029086990008444773,
            0.1895598286650339,
            0.01488472389459973
        ],
        [
            0.012011660728911785,
            0.039144056307777064,
            0.2858201980462505,
            -0.10489630533021435,
            -0.00012953251165302628,
            0.06283030942085738,
            0.05466318902319178,
            1.4153314906498233,
            0.007852919012313515,
            0.014580197282104789,
            0.011876410796116593,
            0.04338706282244033,
            0.26467282749795246,
            0.15185645601786457,
            0.06456332804035819,
            0.024565202639778773,
            0.03255675235791465,
            -0.048670220028026095,
            -0.029078129441009834,
            -0.0032711909353974355
        ],
        [
            0.047709466692499425,
            0.11544184539707972,
            -0.11540523395853916,
            -0.6740851039628065,
            -0.017075494185083,
            0.053316986039745135,
            0.0187826038799674,
            0.007852919012313515,
            0.9703664203929272,
            -0.09045480801750883,
            -0.0758837623651587,
            -0.10617248091208675,
            0.14268764892763677,
            -0.630573287448601,
            -0.35482318341187685,
            -0.28940758017195484,
            -0.16479726687092228,
            0.029073039233579727,
            0.16148452018376608,
            0.019038480503386107
        ],
        [
            -0.0062200526062596104,
            -0.030718984178964445,
            -0.001858036334047909,
            -0.03019189332073633,
            0.29677863132725146,
            -0.07261637149692263,
            -0.06880953091280159,
            0.014580197282104789,
            -0.09045480801750883,
            1.3905257700014095,
            -0.032199816215678745,
            -0.07714065411129692,
            0.06190651355777578,
            -0.35906138589606007,
            0.14881993970804192,
            -0.08967679833496753,
            -0.0731119117172659,
            0.010092450795334149,
            0.0771627503982141,
            -0.037382883049190234
        ],
        [
            -0.19475741198606042,
            -0.29475262305971844,
            -0.0071249207486214165,
            -0.19979337767245647,
            -0.0251360063745186,
            -0.4809609452028867,
            -0.4914372417807742,
            0.011876410796116593,
            -0.0758837623651587,
            -0.032199816215678745,
            -0.4383553112190106,
            -0.5935351381700722,
            -0.0890749386670944,
            -0.10981251862944141,
            0.0641214356324637,
            -0.5983131278709172,
            -0.5444666180560302,
            0.004402097668954552,
            0.07138748797195005,
            0.01246756527164758
        ],
        [
            -0.27942419130737256,
            -0.29173782386357205,
            -0.015783722702471165,
            -0.16144371039216832,
            -0.007064492906104801,
            -0.4784756249547417,
            -0.40244750733520096,
            0.04338706282244033,
            -0.10617248091208675,
            -0.07714065411129692,
            -0.5935351381700722,
            -0.42901364980521306,
            -0.07315931043512666,
            -0.047752690139259396,
            0.061795556814308955,
            -0.47492893443774875,
            -0.36882476712258705,
            0.03792979195016232,
            0.24066696263574971,
            0.018070814002182294
        ],
        [
            -0.021832575016383797,
            -0.03366008213215842,
            -0.04148285231203641,
            -0.026377310948695977,
            -0.002469566923768451,
            -0.01718754983832871,
            -0.05463537066300899,
            0.26467282749795246,
            0.14268764892763677,
            0.06190651355777578,
            -0.0890749386670944,
            -0.07315931043512666,
            1.3906050634962601,
            -0.016607688066922283,
            0.01294990703537271,
            -0.014196338592658009,
            -0.05888390679551123,
            0.39718244831453076,
            -0.16691174476173953,
            -0.004649979598532012
        ],
        [
            0.25643662477793483,
            0.15412710567498186,
            0.012140809350108427,
            0.19019834653885115,
            0.023478620527135216,
            0.043327070565502,
            0.0812201447666977,
            0.15185645601786457,
            -0.630573287448601,
            -0.35906138589606007,
            -0.10981251862944141,
            -0.047752690139259396,
            -0.016607688066922283,
            0.9190081477375784,
            -0.09510888076774773,
            -0.015137458975370444,
            -0.12668214220599538,
            -0.18299566727120914,
            -0.5548636035686485,
            -0.0450190166642057
        ],
        [
            0.07485429504992816,
            0.06745444433666625,
            0.004226693469316719,
            0.07376622935859803,
            -0.032785440012080044,
            0.024902665452497585,
            0.0719204321360205,
            0.06456332804035819,
            -0.35482318341187685,
            0.14881993970804192,
            0.0641214356324637,
            0.061795556814308955,
            0.01294990703537271,
            -0.09510888076774773,
            1.3726620004284757,
            0.011781507560219302,
            0.03002169083551083,
            -0.008495938051931662,
            -0.061701011912368806,
            0.42536954754842526
        ],
        [
            -0.003545202900441753,
            -0.12317941609801947,
            -0.0007462813585869955,
            -0.04906507691365694,
            -0.008363114562926148,
            -0.24223881123179108,
            -0.31675503312293096,
            0.024565202639778773,
            -0.28940758017195484,
            -0.08967679833496753,
            -0.5983131278709172,
            -0.47492893443774875,
            -0.014196338592658009,
            -0.015137458975370444,
            0.011781507560219302,
            -0.2902951807132994,
            -0.47819292678187286,
            0.05377347825620169,
            0.30046116716589,
            0.016196856780496212
        ],
        [
            -0.12061307792171636,
            -0.18377685801386134,
            -0.0070873364287542635,
            -0.10144445581894924,
            -0.008793286683957766,
            -0.3192553818446019,
            -0.3083093851129656,
            0.03255675235791465,
            -0.16479726687092228,
            -0.0731119117172659,
            -0.5444666180560302,
            -0.36882476712258705,
            -0.05888390679551123,
            -0.12668214220599538,
            0.03002169083551083,
            -0.47819292678187286,
            -0.31709400759819584,
            0.04251278716738852,
            0.2498555315343201,
            0.015678959311219903
        ],
        [
            0.000844865459777697,
            0.011452328076758288,
            -0.002740983796124854,
            0.003555144933829215,
            0.0006318110219970196,
            0.01875635172862971,
            0.029086990008444773,
            -0.048670220028026095,
            0.029073039233579727,
            0.010092450795334149,
            0.004402097668954552,
            0.03792979195016232,
            0.39718244831453076,
            -0.18299566727120914,
            -0.008495938051931662,
            0.05377347825620169,
            0.04251278716738852,
            1.4618826923188157,
            -0.050460424092769636,
            -0.0020321685150548044
        ],
        [
            0.051543573995988315,
            0.11018591731431555,
            0.0028804574862720607,
            0.06565363617253794,
            0.009493041713975206,
            0.23120832562808694,
            0.1895598286650339,
            -0.029078129441009834,
            0.16148452018376608,
            0.0771627503982141,
            0.07138748797195005,
            0.24066696263574971,
            -0.16691174476173953,
            -0.5548636035686485,
            -0.061701011912368806,
            0.30046116716589,
            0.2498555315343201,
            -0.050460424092769636,
            1.1832754486670323,
            -0.016448116639606065
        ],
        [
            0.010193631802285094,
            0.013395517019893905,
            0.0005783208922040786,
            0.010871665517811283,
            -0.0014219517944233603,
            0.034658975479401166,
            0.01488472389459973,
            -0.0032711909353974355,
            0.019038480503386107,
            -0.037382883049190234,
            0.01246756527164758,
            0.018070814002182294,
            -0.004649979598532012,
            -0.0450190166642057,
            0.42536954754842526,
            0.016196856780496212,
            0.015678959311219903,
            -0.0020321685150548044,
            -0.016448116639606065,
            1.4697445295422824
        ]
    ]
}