{
    "HF": -2.167570993206267,
    "coordinates": [
        [
            0.735952,
            -0.024651,
            0.078518
        ],
        [
            1.497903,
            0.041071,
            0.109286
        ],
        [
            2.298078,
            -0.192255,
            0.117724
        ],
        [
            2.951549,
            0.174385,
            -0.146088
        ]
    ],
    "elements": [
        "H",
        "H",
        "H",
        "H"
    ],
    "Enn": 2.9228628943886656,
    "S": [
        [
            0.9999999999999999,
            0.6848602514927513,
            0.0,
            0.0,
            0.0,
            0.5503228599056058,
            0.5580187618690802,
            -0.021346841154636934,
            -0.5286416720169262,
            -0.04559792948404348,
            0.10415035471138293,
            0.28909592997685235,
            -0.0034440283176603984,
            -0.1372240519245414,
            0.014723076114705755,
            0.012925835373966424,
            0.11985805986791492,
            0.0015600708131353167,
            -0.01538911789253256,
            -0.0013824664272690885
        ],
        [
            0.6848602514927513,
            1.0000000000000002,
            0.0,
            0.0,
            0.0,
            0.5580187618690802,
            0.8801918158263459,
            -0.006728752802076021,
            -0.16663351294509346,
            -0.014372955397102212,
            0.2890959299768524,
            0.5839014181156674,
            -0.004245582133010913,
            -0.1691612058131868,
            0.018149684941620167,
            0.11985805986791491,
            0.33657226549439906,
            0.009467745914480774,
            -0.09339336190879077,
            -0.008389901765022287
        ],
        [
            0.0,
            0.0,
            1.0000000000000004,
            0.0,
            0.0,
            0.021346841154636934,
            0.006728752802076019,
            0.46630137264131816,
            -0.028450757427293593,
            -0.002454016963868529,
            0.0034440283176603984,
            0.004245582133010903,
            0.04035309687251388,
            -0.006441902839027616,
            0.0006911661949371464,
            -0.0015600708131353164,
            -0.009467745914480774,
            0.001320949774948592,
            0.0019637954925465916,
            0.00017641565666251733
        ],
        [
            0.0,
            0.0,
            0.0,
            1.0000000000000004,
            0.0,
            0.528641672016926,
            0.16663351294509324,
            -0.028450757427293586,
            -0.23711565263379045,
            -0.060772252978308315,
            0.13722405192454137,
            0.16916120581318664,
            -0.006441902839027616,
            -0.21615675291540118,
            0.027538863526816938,
            0.015389117892532554,
            0.09339336190879075,
            0.0019637954925465916,
            -0.01785157865508579,
            -0.001740229555998074
        ],
        [
            0.0,
            0.0,
            0.0,
            0.0,
            1.0000000000000004,
            0.045597929484043474,
            0.014372955397102202,
            -0.0024540169638685282,
            -0.060772252978308315,
            0.46220832583684196,
            -0.014723076114705755,
            -0.018149684941620163,
            0.0006911661949371464,
            0.027538863526816938,
            0.03756006837171324,
            0.0013824664272690881,
            0.008389901765022283,
            0.00017641565666251733,
            -0.001740229555998074,
            0.001363697585354224
        ],
        [
            0.5503228599056058,
            0.5580187618690802,
            0.021346841154636934,
            0.528641672016926,
            0.04559792948404348,
            0.9999999999999999,
            0.6848602514927513,
            0.0,
            0.0,
            0.0,
            0.49666807953028347,
            0.5371710515829993,
            -0.005141361224971493,
            -0.4875549559364264,
            0.14216796031970835,
            0.1314723839658339,
            0.3180567675762291,
            0.029796622080553743,
            -0.16960904595185355,
            -0.015554860228711389
        ],
        [
            0.5580187618690802,
            0.8801918158263459,
            0.006728752802076021,
            0.1666335129450933,
            0.014372955397102212,
            0.6848602514927513,
            1.0000000000000002,
            0.0,
            0.0,
            0.0,
            0.5371710515829993,
            0.8595467713780711,
            -0.0017718283086845914,
            -0.16802236512226745,
            0.04899426546007837,
            0.3180567675762291,
            0.619785430869834,
            0.030628162963919868,
            -0.17434236288678678,
            -0.01598895313294231
        ],
        [
            -0.021346841154636934,
            -0.006728752802076019,
            0.46630137264131816,
            -0.028450757427293586,
            -0.002454016963868529,
            0.0,
            0.0,
            1.0000000000000004,
            0.0,
            0.0,
            0.005141361224971493,
            0.0017718283086845912,
            0.40572397091174456,
            -0.0071132422124364,
            0.0020741767144173903,
            -0.029796622080553743,
            -0.030628162963919847,
            0.04801769071695142,
            0.055709640871384546,
            0.005109135967854455
        ],
        [
            -0.5286416720169258,
            -0.16663351294509343,
            -0.028450757427293593,
            -0.2371156526337906,
            -0.060772252978308336,
            0.0,
            0.0,
            0.0,
            1.0000000000000004,
            0.0,
            0.4875549559364264,
            0.16802236512226743,
            -0.007113242212436395,
            -0.2687493223593879,
            0.19669404508875743,
            0.1696090459518535,
            0.17434236288678656,
            0.055709640871384525,
            -0.2593070887376353,
            -0.029082346139888
        ],
        [
            -0.045597929484043474,
            -0.014372955397102202,
            -0.0024540169638685282,
            -0.060772252978308294,
            0.46220832583684196,
            0.0,
            0.0,
            0.0,
            0.0,
            1.0000000000000004,
            -0.14216796031970835,
            -0.048994265460078366,
            0.0020741767144173903,
            0.19669404508875754,
            0.3484442343208851,
            0.015554860228711387,
            0.01598895313294232,
            0.005109135967854455,
            -0.029082346139888006,
            0.055137519020813534
        ],
        [
            0.10415035471138293,
            0.28909592997685235,
            0.0034440283176603984,
            0.13722405192454143,
            -0.014723076114705755,
            0.49666807953028347,
            0.5371710515829993,
            0.005141361224971493,
            0.4875549559364264,
            -0.14216796031970835,
            0.9999999999999999,
            0.6848602514927513,
            0.0,
            0.0,
            0.0,
            0.5272905776715362,
            0.5492713750767461,
            0.1733931527228661,
            -0.4295005416848518,
            -0.24097791425072254
        ],
        [
            0.2890959299768524,
            0.5839014181156674,
            0.004245582133010913,
            0.16916120581318672,
            -0.018149684941620163,
            0.5371710515829993,
            0.8595467713780711,
            0.0017718283086845914,
            0.16802236512226779,
            -0.04899426546007837,
            0.6848602514927513,
            1.0000000000000002,
            0.0,
            0.0,
            0.0,
            0.5492713750767461,
            0.8715658316642144,
            0.05672896070634506,
            -0.14051950131812097,
            -0.07884063709525857
        ],
        [
            -0.0034440283176603984,
            -0.004245582133010903,
            0.04035309687251388,
            -0.006441902839027617,
            0.0006911661949371464,
            -0.005141361224971493,
            -0.0017718283086845912,
            0.40572397091174456,
            -0.007113242212436395,
            0.0020741767144173903,
            0.0,
            0.0,
            1.0000000000000004,
            0.0,
            0.0,
            -0.17339315272286604,
            -0.05672896070634502,
            0.36115945250727655,
            0.19728810447458522,
            0.11069153891230352
        ],
        [
            -0.1372240519245414,
            -0.16916120581318664,
            -0.006441902839027614,
            -0.21615675291540118,
            0.027538863526816934,
            -0.4875549559364264,
            -0.16802236512226743,
            -0.0071132422124364,
            -0.2687493223593879,
            0.19669404508875754,
            0.0,
            0.0,
            0.0,
            1.0000000000000004,
            0.0,
            0.42950054168485174,
            0.14051950131812022,
            0.19728810447458522,
            -0.047882724550040084,
            -0.27418658220460757
        ],
        [
            0.014723076114705752,
            0.018149684941620167,
            0.0006911661949371464,
            0.02753886352681694,
            0.03756006837171324,
            0.14216796031970835,
            0.048994265460078366,
            0.0020741767144173903,
            0.19669404508875743,
            0.3484442343208851,
            0.0,
            0.0,
            0.0,
            0.0,
            1.0000000000000004,
            0.24097791425072254,
            0.0788406370952585,
            0.11069153891230352,
            -0.27418658220460757,
            0.2869697806138827
        ],
        [
            0.012925835373966424,
            0.11985805986791492,
            -0.0015600708131353167,
            0.015389117892532563,
            0.0013824664272690885,
            0.1314723839658339,
            0.3180567675762291,
            -0.029796622080553743,
            0.1696090459518535,
            0.015554860228711389,
            0.5272905776715362,
            0.5492713750767461,
            -0.1733931527228661,
            0.4295005416848518,
            0.24097791425072254,
            0.9999999999999999,
            0.6848602514927513,
            0.0,
            0.0,
            0.0
        ],
        [
            0.11985805986791491,
            0.33657226549439906,
            -0.009467745914480774,
            0.09339336190879081,
            0.008389901765022289,
            0.3180567675762291,
            0.619785430869834,
            -0.030628162963919868,
            0.1743423628867866,
            0.015988953132942324,
            0.5492713750767461,
            0.8715658316642144,
            -0.05672896070634506,
            0.14051950131812097,
            0.07884063709525857,
            0.6848602514927513,
            1.0000000000000002,
            0.0,
            0.0,
            0.0
        ],
        [
            0.0015600708131353164,
            0.009467745914480774,
            0.001320949774948592,
            0.0019637954925465916,
            0.00017641565666251733,
            0.029796622080553743,
            0.030628162963919847,
            0.04801769071695142,
            0.055709640871384525,
            0.005109135967854455,
            0.17339315272286604,
            0.05672896070634502,
            0.36115945250727655,
            0.19728810447458522,
            0.11069153891230352,
            0.0,
            0.0,
            1.0000000000000004,
            0.0,
            0.0
        ],
        [
            -0.015389117892532556,
            -0.09339336190879077,
            0.0019637954925465916,
            -0.01785157865508579,
            -0.001740229555998074,
            -0.16960904595185355,
            -0.17434236288678676,
            0.055709640871384546,
            -0.25930708873763536,
            -0.029082346139888006,
            -0.42950054168485174,
            -0.14051950131812022,
            0.19728810447458522,
            -0.047882724550040084,
            -0.27418658220460757,
            0.0,
            0.0,
            0.0,
            1.0000000000000004,
            0.0
        ],
        [
            -0.0013824664272690881,
            -0.008389901765022278,
            0.00017641565666251733,
            -0.001740229555998074,
            0.001363697585354224,
            -0.015554860228711387,
            -0.015988953132942307,
            0.005109135967854455,
            -0.029082346139888,
            0.055137519020813534,
            -0.24097791425072254,
            -0.0788406370952585,
            0.11069153891230352,
            -0.27418658220460757,
            0.2869697806138827,
            0.0,
            0.0,
            0.0,
            0.0,
            1.0000000000000004
        ]
    ],
    "h": [
        [
            -0.26489967832342187,
            -0.466605370078372,
            -0.01274681964921619,
            -0.2878612265697188,
            -0.020725137179822044,
            -0.5734709824223423,
            -0.4593347693220311,
            -0.00285759931523466,
            0.02413259421167735,
            0.015669120731805125,
            -0.22004764757846587,
            -0.29959698441526456,
            -0.0020699230376839076,
            0.2859203340900175,
            -0.04340292583802016,
            -0.014589270585581258,
            -0.14124454569945205,
            -0.0096130174172455,
            0.06700932854207617,
            0.007053750774800449
        ],
        [
            -0.466605370078372,
            -0.31108048337996586,
            -0.010627263757062461,
            -0.24379841580023753,
            -0.01565952327491319,
            -0.5331140226869255,
            -0.3656604258876148,
            0.006612625993207534,
            0.11927310622435428,
            0.0459334953581481,
            -0.312103224512869,
            -0.3030271173952376,
            0.01250471352640653,
            0.17131771423918507,
            -0.06318756755276425,
            -0.13845032921834977,
            -0.1996003568129513,
            -0.029327642274016574,
            0.10688246282136593,
            0.03419835242738983
        ],
        [
            -0.01274681964921619,
            -0.010627263757062461,
            1.4893356876888446,
            -0.011502369813932985,
            -0.0007969129429231947,
            -0.003052001059768432,
            -0.009609275707324281,
            0.3973262523894828,
            -0.03971508814715678,
            -0.002854122239299201,
            -0.006417145685662824,
            -0.006947637417584191,
            -0.0434850944507367,
            0.00921456176423283,
            -0.0017117217370244582,
            0.002676708986398427,
            -0.0018586608648270189,
            -0.004438315623875498,
            -0.0048770002215252,
            -0.0004993173700510657
        ],
        [
            -0.2878612265697188,
            -0.24379841580023753,
            -0.011502369813932985,
            1.2109085601242637,
            -0.019882176362274795,
            -0.06619408741056576,
            -0.2314404532566065,
            -0.04046893450309534,
            -0.6220902906080241,
            -0.0680173585964133,
            -0.22433926445183583,
            -0.18159142521438842,
            0.00492358095123723,
            0.19533074238267828,
            -0.05363618992186034,
            -0.06628089773930249,
            -0.11854905846372277,
            -0.01465153588860851,
            0.08746571267790726,
            0.014188208518637547
        ],
        [
            -0.020725137179822044,
            -0.01565952327491319,
            -0.0007969129429231947,
            -0.019882176362274795,
            1.4875675960260284,
            0.0034758234416596284,
            -0.012208916854847675,
            -0.0036337454394868417,
            -0.0849025766868594,
            0.39078741163388275,
            0.004005599954901989,
            -0.009699851793814867,
            -0.0002469922736577598,
            0.0031454765273854837,
            -0.04392063068963979,
            -0.0009066680542177477,
            -0.004283292889918432,
            -0.0004688290578430911,
            0.005220259591272888,
            -0.004773024212335391
        ],
        [
            -0.5734709824223423,
            -0.5331140226869255,
            -0.003052001059768432,
            -0.06619408741056576,
            0.0034758234416596284,
            -0.4199468234176216,
            -0.5908246478140122,
            0.009218225404267637,
            0.07454945271823868,
            0.07873808408437089,
            -0.4902698959795354,
            -0.4927933449526307,
            0.016465554659973087,
            0.0630493988200641,
            -0.03886670544249465,
            -0.24806357329914827,
            -0.33361072659580127,
            -0.056958308241964926,
            0.21472354027003265,
            0.060087501399347265
        ],
        [
            -0.4593347693220311,
            -0.3656604258876148,
            -0.009609275707324281,
            -0.2314404532566065,
            -0.012208916854847675,
            -0.5908246478140122,
            -0.43608492306833835,
            0.010138720855466713,
            0.01962113957204946,
            0.06619291064257607,
            -0.4919471901504924,
            -0.4078576930442419,
            0.04027526945541264,
            0.1151554160831515,
            -0.10635304679862805,
            -0.3169494720991912,
            -0.31673904499934946,
            -0.05738276930882849,
            0.16202182822918604,
            0.07413946959767852
        ],
        [
            -0.00285759931523466,
            0.006612625993207534,
            0.3973262523894828,
            -0.04046893450309534,
            -0.0036337454394868417,
            0.009218225404267637,
            0.010138720855466713,
            1.4142549266686255,
            -0.00569856276756888,
            -0.00012620323553978751,
            0.01298248880637743,
            0.010790104031221054,
            0.2944611306359145,
            -0.0059307264394556,
            0.007345534763621986,
            0.022389293196515322,
            0.007826262716749507,
            -0.04164600905888838,
            -0.0022347977632309335,
            -0.0036361199728335535
        ],
        [
            0.02413259421167735,
            0.11927310622435428,
            -0.03971508814715678,
            -0.6220902906080241,
            -0.0849025766868594,
            0.07454945271823868,
            0.01962113957204946,
            -0.00569856276756888,
            0.8826108756395104,
            0.03302348122952773,
            -0.07823589924996288,
            -0.11490998784222173,
            0.02172341096994075,
            -0.7299990930669313,
            0.2228066701476908,
            -0.29682510290952646,
            -0.17339888883307433,
            -0.057610832804373485,
            0.10265061109148976,
            0.07771114214811858
        ],
        [
            0.015669120731805125,
            0.0459334953581481,
            -0.002854122239299201,
            -0.0680173585964133,
            0.39078741163388275,
            0.07873808408437089,
            0.06619291064257607,
            -0.00012620323553978751,
            0.03302348122952773,
            1.3963003535901317,
            0.00936608243250231,
            0.05507668475541247,
            0.0015196418159957748,
            0.2534154094962523,
            0.22466492802224525,
            0.025202230616512056,
            0.04463687886294187,
            0.01096746026319333,
            -0.03703855797425812,
            -0.056325969727287456
        ],
        [
            -0.22004764757846587,
            -0.312103224512869,
            -0.006417145685662824,
            -0.22433926445183583,
            0.004005599954901989,
            -0.4902698959795354,
            -0.4919471901504924,
            0.01298248880637743,
            -0.07823589924996288,
            0.00936608243250231,
            -0.4047849265586769,
            -0.5787799477843963,
            0.08742855865667054,
            -0.027523249235490155,
            -0.174090180087471,
            -0.5703988922875484,
            -0.5305771615388544,
            -0.022762454882920002,
            0.08045199070070064,
            0.023682474512291163
        ],
        [
            -0.29959698441526456,
            -0.3030271173952376,
            -0.006947637417584191,
            -0.18159142521438842,
            -0.009699851793814867,
            -0.4927933449526307,
            -0.4078576930442419,
            0.010790104031221054,
            -0.11490998784222173,
            0.05507668475541247,
            -0.5787799477843963,
            -0.4260093104496865,
            0.07055031368499365,
            0.009692747269724536,
            -0.14591118334973524,
            -0.46129071367600805,
            -0.37248518015754506,
            -0.07208702969541866,
            0.20010010835166547,
            0.09318755185326595
        ],
        [
            -0.0020699230376839076,
            0.01250471352640653,
            -0.0434850944507367,
            0.00492358095123723,
            -0.0002469922736577598,
            0.016465554659973087,
            0.04027526945541264,
            0.2944611306359145,
            0.02172341096994075,
            0.0015196418159957748,
            0.08742855865667054,
            0.07055031368499365,
            1.38528323191774,
            0.06997528198069083,
            0.03934741483895164,
            0.016887396365580842,
            0.06861085698840437,
            0.24642475290182791,
            0.26109308419806904,
            0.14963485163869322
        ],
        [
            0.2859203340900175,
            0.17131771423918507,
            0.00921456176423283,
            0.19533074238267828,
            0.0031454765273854837,
            0.0630493988200641,
            0.1151554160831515,
            -0.0059307264394556,
            -0.7299990930669313,
            0.2534154094962523,
            -0.027523249235490155,
            0.009692747269724536,
            0.06997528198069083,
            0.995086864451223,
            -0.037960219694210214,
            -0.020043552475776716,
            -0.07393642188103774,
            0.2763636755763794,
            -0.35107862521894206,
            -0.3800995950603353
        ],
        [
            -0.04340292583802016,
            -0.06318756755276425,
            -0.0017117217370244582,
            -0.05363618992186034,
            -0.04392063068963979,
            -0.03886670544249465,
            -0.10635304679862805,
            0.007345534763621986,
            0.2228066701476908,
            0.22466492802224525,
            -0.174090180087471,
            -0.14591118334973524,
            0.03934741483895164,
            -0.037960219694210214,
            1.34231034771542,
            -0.03420053444523519,
            -0.12302186118756711,
            0.14460020669125262,
            -0.3464998902468843,
            0.14864195009317982
        ],
        [
            -0.014589270585581258,
            -0.13845032921834977,
            0.002676708986398427,
            -0.06628089773930249,
            -0.0009066680542177477,
            -0.24806357329914827,
            -0.3169494720991912,
            0.022389293196515322,
            -0.29682510290952646,
            0.025202230616512056,
            -0.5703988922875484,
            -0.46129071367600805,
            0.016887396365580842,
            -0.020043552475776716,
            -0.03420053444523519,
            -0.25870486473470033,
            -0.4658328127273583,
            -0.09131389297936972,
            0.2331585403034132,
            0.12313068822520025
        ],
        [
            -0.14124454569945205,
            -0.1996003568129513,
            -0.0018586608648270189,
            -0.11854905846372277,
            -0.004283292889918432,
            -0.33361072659580127,
            -0.31673904499934946,
            0.007826262716749507,
            -0.17339888883307433,
            0.04463687886294187,
            -0.5305771615388544,
            -0.37248518015754506,
            0.06861085698840437,
            -0.07393642188103774,
            -0.12302186118756711,
            -0.4658328127273583,
            -0.3188162839832902,
            -0.07784536632664427,
            0.20546909614876144,
            0.10320806322733911
        ],
        [
            -0.0096130174172455,
            -0.029327642274016574,
            -0.004438315623875498,
            -0.01465153588860851,
            -0.0004688290578430911,
            -0.056958308241964926,
            -0.05738276930882849,
            -0.04164600905888838,
            -0.057610832804373485,
            0.01096746026319333,
            -0.022762454882920002,
            -0.07208702969541866,
            0.24642475290182791,
            0.2763636755763794,
            0.14460020669125262,
            -0.09131389297936972,
            -0.07784536632664427,
            1.4513013180681633,
            0.07279423899723371,
            0.03887805160127015
        ],
        [
            0.06700932854207617,
            0.10688246282136593,
            -0.0048770002215252,
            0.08746571267790726,
            0.005220259591272888,
            0.21472354027003265,
            0.16202182822918604,
            -0.0022347977632309335,
            0.10265061109148976,
            -0.03703855797425812,
            0.08045199070070064,
            0.20010010835166547,
            0.26109308419806904,
            -0.35107862521894206,
            -0.3464998902468843,
            0.2331585403034132,
            0.20546909614876144,
            0.07279423899723371,
            1.2867167812872364,
            -0.09704648388051534
        ],
        [
            0.007053750774800449,
            0.03419835242738983,
            -0.0004993173700510657,
            0.014188208518637547,
            -0.004773024212335391,
            0.060087501399347265,
            0.07413946959767852,
            -0.0036361199728335535,
            0.07771114214811858,
            -0.056325969727287456,
            0.023682474512291163,
            0.09318755185326595,
            0.14963485163869322,
            -0.3800995950603353,
            0.14864195009317982,
            0.12313068822520025,
            0.10320806322733911,
            0.03887805160127015,
            -0.09704648388051534,
            1.426203269450496
        ]
    ]
}