{
    "HF": -2.1567130805130295,
    "coordinates": [
        [
            0.735063,
            -0.032058,
            -0.074342
        ],
        [
            1.519517,
            -0.130548,
            -0.164539
        ],
        [
            2.232308,
            0.05847,
            0.170563
        ],
        [
            2.912495,
            0.093655,
            0.188719
        ]
    ],
    "elements": [
        "H",
        "H",
        "H",
        "H"
    ],
    "Enn": 3.0478831526763916,
    "S": [
        [
            0.9999999999999999,
            0.6848602514927513,
            0.0,
            0.0,
            0.0,
            0.5262193379013881,
            0.5488573318633677,
            0.059130486913937685,
            -0.514264853394083,
            0.064567132567089,
            0.11930574144287896,
            0.30567711468391606,
            -0.02538348468848742,
            -0.155183828555621,
            -0.00938288765798734,
            0.014868123839985935,
            0.12727605536640546,
            -0.0021680091903181114,
            -0.017945239268811208,
            -0.0010360598467369195
        ],
        [
            0.6848602514927513,
            1.0000000000000002,
            0.0,
            0.0,
            0.0,
            0.5488573318633677,
            0.871156244256931,
            0.019379954772946694,
            -0.16854976375552555,
            0.021161809656502106,
            0.30567711468391606,
            0.604604637319973,
            -0.028151230100541196,
            -0.17210464674826878,
            -0.010405971942352309,
            0.12727605536640546,
            0.34947672445552613,
            -0.011826752883332025,
            -0.09789345507034285,
            -0.005651832028397671
        ],
        [
            0.0,
            0.0,
            1.0000000000000004,
            0.0,
            0.0,
            -0.05913048691393771,
            -0.01937995477294669,
            0.4302891297412951,
            0.08074639144540738,
            -0.010137894756681939,
            0.025383484688487414,
            0.028151230100541165,
            0.04209926925272357,
            -0.047468728481464946,
            -0.0028701041258912593,
            0.002168009190318109,
            0.011826752883332028,
            0.0015603325832279353,
            -0.002828493066703861,
            -0.0001633017007624314
        ],
        [
            0.0,
            0.0,
            0.0,
            1.0000000000000004,
            0.0,
            0.514264853394083,
            0.16854976375552533,
            0.08074639144540736,
            -0.2626875380824136,
            0.0881704723378624,
            0.155183828555621,
            0.17210464674826875,
            -0.04746872848146496,
            -0.24033986586465275,
            -0.017546595830914277,
            0.01794523926881119,
            0.0978934550703427,
            -0.002828493066703861,
            -0.021510205492964774,
            -0.0013516954200529247
        ],
        [
            0.0,
            0.0,
            0.0,
            0.0,
            1.0000000000000004,
            -0.06456713256708899,
            -0.021161809656502092,
            -0.010137894756681932,
            0.08817047233786236,
            0.42850339399215664,
            0.009382887657987338,
            0.010405971942352304,
            -0.00287010412589126,
            -0.017546595830914277,
            0.0488028286043141,
            0.0010360598467369184,
            0.0056518320283976695,
            -0.0001633017007624314,
            -0.0013516954200529247,
            0.0018240104056715621
        ],
        [
            0.5262193379013881,
            0.5488573318633677,
            -0.059130486913937706,
            0.514264853394083,
            -0.064567132567089,
            0.9999999999999999,
            0.6848602514927513,
            0.0,
            0.0,
            0.0,
            0.5150088659736205,
            0.5444848128740984,
            -0.21377477678263548,
            -0.4547174798051685,
            -0.12058203400128976,
            0.14086412226394252,
            0.32712801873394054,
            -0.04484178235276702,
            -0.17682151939430304,
            -0.02845982859223973
        ],
        [
            0.5488573318633677,
            0.871156244256931,
            -0.019379954772946694,
            0.16854976375552555,
            -0.02116180965650211,
            0.6848602514927513,
            1.0000000000000002,
            0.0,
            0.0,
            0.0,
            0.5444848128740984,
            0.8668235795502903,
            -0.07138867524266956,
            -0.1518499000748955,
            -0.040267574102866924,
            0.32712801873394054,
            0.6307674269469784,
            -0.04366161866050886,
            -0.17216786099247094,
            -0.027710811612311873
        ],
        [
            0.05913048691393769,
            0.01937995477294669,
            0.43028912974129513,
            0.08074639144540736,
            -0.010137894756681936,
            0.0,
            0.0,
            1.0000000000000004,
            0.0,
            0.0,
            0.21377477678263543,
            0.07138867524266954,
            0.3023071235771233,
            -0.2646058825417501,
            -0.07016821860303585,
            0.044841782352767014,
            0.04366161866050884,
            0.043388851328057636,
            -0.08199474818610407,
            -0.013197242546234821
        ],
        [
            -0.514264853394083,
            -0.1685497637555255,
            0.08074639144540738,
            -0.2626875380824136,
            0.0881704723378624,
            0.0,
            0.0,
            0.0,
            1.0000000000000004,
            0.0,
            0.4547174798051684,
            0.15184990007489546,
            -0.26460588254175005,
            -0.1361342636887546,
            -0.14925388301554907,
            0.176821519394303,
            0.1721678609924709,
            -0.08199474818610401,
            -0.2591416092770826,
            -0.05203977978579134
        ],
        [
            0.06456713256708899,
            0.0211618096565021,
            -0.010137894756681936,
            0.08817047233786236,
            0.42850339399215664,
            0.0,
            0.0,
            0.0,
            0.0,
            1.0000000000000004,
            0.12058203400128972,
            0.040267574102866924,
            -0.07016821860303583,
            -0.14925388301554907,
            0.38712622201084723,
            0.028459828592239736,
            0.027710811612311866,
            -0.013197242546234824,
            -0.05203977978579139,
            0.055806725843960216
        ],
        [
            0.11930574144287896,
            0.30567711468391606,
            0.02538348468848742,
            0.155183828555621,
            0.00938288765798734,
            0.5150088659736205,
            0.5444848128740984,
            0.21377477678263548,
            0.4547174798051685,
            0.12058203400128976,
            0.9999999999999999,
            0.6848602514927513,
            0.0,
            0.0,
            0.0,
            0.6183442364044446,
            0.5822489638521453,
            -0.014593693719712846,
            -0.5467305987073316,
            -0.02828151098965061
        ],
        [
            0.30567711468391606,
            0.604604637319973,
            0.028151230100541186,
            0.17210464674826878,
            0.010405971942352306,
            0.5444848128740984,
            0.8668235795502903,
            0.07138867524266956,
            0.1518499000748955,
            0.04026757410286691,
            0.6848602514927513,
            1.0000000000000002,
            0.0,
            0.0,
            0.0,
            0.5822489638521453,
            0.9038211566446861,
            -0.004154887625280069,
            -0.1556565625234841,
            -0.008051868313256185
        ],
        [
            -0.025383484688487414,
            -0.02815123010054117,
            0.04209926925272357,
            -0.047468728481464946,
            -0.0028701041258912593,
            -0.21377477678263543,
            -0.07138867524266954,
            0.3023071235771233,
            -0.2646058825417501,
            -0.07016821860303585,
            0.0,
            0.0,
            1.0000000000000004,
            0.0,
            0.0,
            0.014593693719712846,
            0.004154887625280068,
            0.5469190960970037,
            -0.017549937014004906,
            -0.0009078305434207985
        ],
        [
            -0.155183828555621,
            -0.17210464674826875,
            -0.04746872848146496,
            -0.24033986586465275,
            -0.017546595830914277,
            -0.4547174798051684,
            -0.15184990007489546,
            -0.26460588254175005,
            -0.1361342636887546,
            -0.14925388301554907,
            0.0,
            0.0,
            0.0,
            1.0000000000000004,
            0.0,
            0.5467305987073316,
            0.15565656252348403,
            -0.01754993701400494,
            -0.11009421894842523,
            -0.03401049426293029
        ],
        [
            -0.009382887657987338,
            -0.010405971942352307,
            -0.00287010412589126,
            -0.017546595830914277,
            0.0488028286043141,
            -0.12058203400128972,
            -0.040267574102866924,
            -0.07016821860303583,
            -0.14925388301554907,
            0.38712622201084723,
            0.0,
            0.0,
            0.0,
            0.0,
            1.0000000000000004,
            0.028281510989650593,
            0.008051868313256182,
            -0.0009078305434208011,
            -0.034010494262930326,
            0.5456282413993766
        ],
        [
            0.014868123839985935,
            0.12727605536640546,
            0.0021680091903181114,
            0.017945239268811208,
            0.0010360598467369195,
            0.14086412226394252,
            0.32712801873394054,
            0.04484178235276702,
            0.17682151939430296,
            0.02845982859223973,
            0.6183442364044446,
            0.5822489638521453,
            0.014593693719712846,
            0.5467305987073316,
            0.0282815109896506,
            0.9999999999999999,
            0.6848602514927513,
            0.0,
            0.0,
            0.0
        ],
        [
            0.12727605536640546,
            0.34947672445552613,
            0.011826752883332028,
            0.09789345507034278,
            0.00565183202839767,
            0.32712801873394054,
            0.6307674269469784,
            0.04366161866050886,
            0.17216786099247094,
            0.027710811612311873,
            0.5822489638521453,
            0.9038211566446861,
            0.004154887625280069,
            0.1556565625234841,
            0.008051868313256185,
            0.6848602514927513,
            1.0000000000000002,
            0.0,
            0.0,
            0.0
        ],
        [
            -0.002168009190318109,
            -0.011826752883332028,
            0.0015603325832279353,
            -0.002828493066703861,
            -0.0001633017007624314,
            -0.044841782352767014,
            -0.04366161866050884,
            0.043388851328057636,
            -0.08199474818610401,
            -0.013197242546234821,
            -0.014593693719712846,
            -0.004154887625280068,
            0.5469190960970038,
            -0.01754993701400494,
            -0.0009078305434208011,
            0.0,
            0.0,
            1.0000000000000004,
            0.0,
            0.0
        ],
        [
            -0.01794523926881119,
            -0.09789345507034265,
            -0.002828493066703861,
            -0.021510205492964774,
            -0.0013516954200529247,
            -0.1768215193943029,
            -0.1721678609924709,
            -0.08199474818610407,
            -0.25914160927708246,
            -0.05203977978579137,
            -0.5467305987073316,
            -0.15565656252348403,
            -0.017549937014004906,
            -0.11009421894842523,
            -0.034010494262930326,
            0.0,
            0.0,
            0.0,
            1.0000000000000004,
            0.0
        ],
        [
            -0.0010360598467369184,
            -0.005651832028397669,
            -0.0001633017007624314,
            -0.0013516954200529247,
            0.0018240104056715621,
            -0.028459828592239736,
            -0.027710811612311866,
            -0.013197242546234824,
            -0.05203977978579135,
            0.055806725843960216,
            -0.02828151098965061,
            -0.008051868313256182,
            -0.0009078305434207985,
            -0.03401049426293029,
            0.5456282413993766,
            0.0,
            0.0,
            0.0,
            0.0,
            1.0000000000000004
        ]
    ],
    "h": [
        [
            -0.25015091486437036,
            -0.46146821113936776,
            0.02708951285470953,
            -0.2727660499859441,
            0.031701133821435794,
            -0.561402329742481,
            -0.4538786371420054,
            -0.016236899489991255,
            0.034119607007094266,
            -0.01155224643343783,
            -0.2336189003634671,
            -0.3067973193571995,
            0.08171714489873924,
            0.28451445461715913,
            0.042394955787396625,
            -0.021260760003028165,
            -0.1488598705659644,
            0.012987688042690099,
            0.07639865623223463,
            0.007626441202199185
        ],
        [
            -0.46146821113936776,
            -0.31262614418450996,
            0.020790881662030438,
            -0.23702824773473666,
            0.025704103591952424,
            -0.527674698833128,
            -0.3671114166926046,
            -0.0640444925067548,
            0.11574351891921239,
            -0.04818410060145741,
            -0.32896602295664523,
            -0.3093181107730132,
            0.07555830665327683,
            0.15747467576332097,
            0.039920298924385936,
            -0.15398593841216857,
            -0.20734809973423052,
            0.014395606456888883,
            0.1315919968850935,
            0.011281172134864443
        ],
        [
            0.02708951285470953,
            0.020790881662030438,
            1.4885690911968312,
            0.024342011681735495,
            -0.0037650449253441415,
            -0.0032275391544311777,
            0.015482174366333434,
            0.3407877620346137,
            0.1078862966981328,
            -0.015566253634837771,
            -0.008665940977861643,
            0.01237431776725826,
            -0.046690021256676595,
            -0.011275974561976751,
            -0.0013471151088700149,
            -0.008516188569189329,
            0.0007501108421946942,
            -0.005283518588749236,
            0.009195048257641166,
            0.00047435445952097674
        ],
        [
            -0.2727660499859441,
            -0.23702824773473666,
            0.024342011681735495,
            1.2308802617494974,
            0.029136102541966663,
            -0.07778047945367728,
            -0.22474404397624176,
            0.08480399932305574,
            -0.6343753636925501,
            0.10512144498416112,
            -0.22824399803376563,
            -0.18012539960753493,
            0.07330934849606321,
            0.14828250974420482,
            0.039269669104061336,
            -0.07465838000572625,
            -0.12075675100577926,
            0.01432953008605475,
            0.10163842453705949,
            0.008401717109671516
        ],
        [
            0.031701133821435794,
            0.025704103591952424,
            -0.0037650449253441415,
            0.029136102541966663,
            1.488498627691254,
            0.0018760367782652831,
            0.021494649125238633,
            -0.014380118566347588,
            0.12009174333308226,
            0.3406026281534167,
            0.005192582366084546,
            0.017087665429348173,
            -0.005335167909935433,
            -0.01713507818737365,
            -0.04694666940280279,
            -0.0030617623749599424,
            0.0059691708020004185,
            7.485946850413266e-05,
            0.0026355897748903713,
            -0.006083999271421859
        ],
        [
            -0.561402329742481,
            -0.527674698833128,
            -0.0032275391544311777,
            -0.07778047945367728,
            0.0018760367782652831,
            -0.4090377222682098,
            -0.5843774507705268,
            -0.11501857900095379,
            0.06652474978545395,
            -0.08009444549884193,
            -0.5094579516618136,
            -0.4994302957047183,
            0.025264927364846812,
            0.04781481893951134,
            0.010477711148313973,
            -0.273947025788844,
            -0.3445455613651971,
            0.0365687337285447,
            0.2536378314471526,
            0.02720843577486967
        ],
        [
            -0.4538786371420054,
            -0.3671114166926046,
            0.015482174366333434,
            -0.22474404397624176,
            0.021494649125238633,
            -0.5843774507705268,
            -0.43066644894015815,
            -0.10280888451844394,
            0.023409649623568785,
            -0.07054344329687764,
            -0.5130452943980482,
            -0.4098943859923454,
            0.08099284315783759,
            0.08313061865091859,
            0.03984394656421961,
            -0.33860426322376225,
            -0.31945027317459496,
            0.014875452902777156,
            0.20827702838486484,
            0.01528507511736276
        ],
        [
            -0.016236899489991255,
            -0.0640444925067548,
            0.3407877620346137,
            0.08480399932305574,
            -0.014380118566347588,
            -0.11501857900095379,
            -0.10280888451844394,
            1.3705792610245644,
            -0.06804536323507507,
            -0.027033345777823563,
            -0.04051084797172044,
            -0.10018634541106981,
            0.1624266951154812,
            -0.36968845250004834,
            -0.09354937514785236,
            -0.10261917128088913,
            -0.08721039757690789,
            -0.04059289967957393,
            0.08109664277928771,
            0.0058623039872606406
        ],
        [
            0.034119607007094266,
            0.11574351891921239,
            0.1078862966981328,
            -0.6343753636925501,
            0.12009174333308226,
            0.06652474978545395,
            0.023409649623568785,
            -0.06804536323507507,
            0.9281315887773598,
            -0.023464422271736233,
            -0.0755041600778843,
            -0.1019414220281104,
            -0.3730712498927039,
            -0.595248774159806,
            -0.2125702411802568,
            -0.3106902676296377,
            -0.16540051631005764,
            0.004511905359707247,
            0.12762282302490274,
            0.009310357848644882
        ],
        [
            -0.01155224643343783,
            -0.04818410060145741,
            -0.015566253634837771,
            0.10512144498416112,
            0.3406026281534167,
            -0.08009444549884193,
            -0.07054344329687764,
            -0.027033345777823563,
            -0.023464422271736233,
            1.398410348122756,
            -0.026489047834099833,
            -0.06387689829126778,
            -0.0910959610675321,
            -0.2041135806720923,
            0.2740616537335496,
            -0.05929043162094876,
            -0.05207217826560105,
            0.00306396138134981,
            0.04630169620496388,
            -0.042827088599294336
        ],
        [
            -0.2336189003634671,
            -0.32896602295664523,
            -0.008665940977861643,
            -0.22824399803376563,
            0.005192582366084546,
            -0.5094579516618136,
            -0.5130452943980482,
            -0.04051084797172044,
            -0.0755041600778843,
            -0.026489047834099833,
            -0.48588588890640727,
            -0.6137477568433523,
            0.07829221673816597,
            -0.13307825378444105,
            0.032765320957598286,
            -0.6337545561065973,
            -0.5664825181310149,
            0.015254339990966571,
            0.06728576369691286,
            0.010374172977214373
        ],
        [
            -0.3067973193571995,
            -0.3093181107730132,
            0.01237431776725826,
            -0.18012539960753493,
            0.017087665429348173,
            -0.4994302957047183,
            -0.4098943859923454,
            -0.10018634541106981,
            -0.1019414220281104,
            -0.06387689829126778,
            -0.6137477568433523,
            -0.43351790212334373,
            0.07262435937350417,
            -0.05213147001292018,
            0.032126654654933404,
            -0.4919863779848386,
            -0.3720117123214477,
            0.01818271784114648,
            0.2611952096774349,
            0.019207235664476206
        ],
        [
            0.08171714489873924,
            0.07555830665327683,
            -0.046690021256676595,
            0.07330934849606321,
            -0.005335167909935433,
            0.025264927364846812,
            0.08099284315783759,
            0.1624266951154812,
            -0.3730712498927039,
            -0.0910959610675321,
            0.07829221673816597,
            0.07262435937350417,
            1.355239638065165,
            -0.10154382661854741,
            -0.02340451849795551,
            0.017557392900394896,
            0.03997053067693902,
            0.5105694127961167,
            -0.055287326487131916,
            -0.0051629174246310555
        ],
        [
            0.28451445461715913,
            0.15747467576332097,
            -0.011275974561976751,
            0.14828250974420482,
            -0.01713507818737365,
            0.04781481893951134,
            0.08313061865091859,
            -0.36968845250004834,
            -0.595248774159806,
            -0.2041135806720923,
            -0.13307825378444105,
            -0.05213147001292018,
            -0.10154382661854741,
            0.8552912499856384,
            -0.06766703597951487,
            -0.0002797182612447324,
            -0.13222777244967787,
            -0.03289104932755292,
            -0.4934366583786497,
            -0.05467827599671385
        ],
        [
            0.042394955787396625,
            0.039920298924385936,
            -0.0013471151088700149,
            0.039269669104061336,
            -0.04694666940280279,
            0.010477711148313973,
            0.03984394656421961,
            -0.09354937514785236,
            -0.2125702411802568,
            0.2740616537335496,
            0.032765320957598286,
            0.032126654654933404,
            -0.02340451849795551,
            -0.06766703597951487,
            1.3827816430042605,
            0.009823581977566387,
            0.014438594470732,
            -0.004298822516885021,
            -0.06616671158831554,
            0.5122957009098127
        ],
        [
            -0.021260760003028165,
            -0.15398593841216857,
            -0.008516188569189329,
            -0.07465838000572625,
            -0.0030617623749599424,
            -0.273947025788844,
            -0.33860426322376225,
            -0.10261917128088913,
            -0.3106902676296377,
            -0.05929043162094876,
            -0.6337545561065973,
            -0.4919863779848386,
            0.017557392900394896,
            -0.0002797182612447324,
            0.009823581977566387,
            -0.33018017764187335,
            -0.49394078393651464,
            0.014648180382120405,
            0.3377189274462944,
            0.020718742781900567
        ],
        [
            -0.1488598705659644,
            -0.20734809973423052,
            0.0007501108421946942,
            -0.12075675100577926,
            0.0059691708020004185,
            -0.3445455613651971,
            -0.31945027317459496,
            -0.08721039757690789,
            -0.16540051631005764,
            -0.05207217826560105,
            -0.5664825181310149,
            -0.3720117123214477,
            0.03997053067693902,
            -0.13222777244967787,
            0.014438594470732,
            -0.49394078393651464,
            -0.32051591267310386,
            0.01487391676365133,
            0.26910187326992685,
            0.01803416250375591
        ],
        [
            0.012987688042690099,
            0.014395606456888883,
            -0.005283518588749236,
            0.01432953008605475,
            7.485946850413266e-05,
            0.0365687337285447,
            0.014875452902777156,
            -0.04059289967957393,
            0.004511905359707247,
            0.00306396138134981,
            0.015254339990966571,
            0.01818271784114648,
            0.5105694127961167,
            -0.03289104932755292,
            -0.004298822516885021,
            0.014648180382120405,
            0.01487391676365133,
            1.4641306459254764,
            -0.01527038982365336,
            -0.0016428306718915572
        ],
        [
            0.07639865623223463,
            0.1315919968850935,
            0.009195048257641166,
            0.10163842453705949,
            0.0026355897748903713,
            0.2536378314471526,
            0.20827702838486484,
            0.08109664277928771,
            0.12762282302490274,
            0.04630169620496388,
            0.06728576369691286,
            0.2611952096774349,
            -0.055287326487131916,
            -0.4934366583786497,
            -0.06616671158831554,
            0.3377189274462944,
            0.26910187326992685,
            -0.01527038982365336,
            1.1392991718748675,
            -0.02025663958295553
        ],
        [
            0.007626441202199185,
            0.011281172134864443,
            0.00047435445952097674,
            0.008401717109671516,
            -0.006083999271421859,
            0.02720843577486967,
            0.01528507511736276,
            0.0058623039872606406,
            0.009310357848644882,
            -0.042827088599294336,
            0.010374172977214373,
            0.019207235664476206,
            -0.0051629174246310555,
            -0.05467827599671385,
            0.5122957009098127,
            0.020718742781900567,
            0.01803416250375591,
            -0.0016428306718915572,
            -0.02025663958295553,
            1.4646441134836174
        ]
    ]
}