{"HF": -401.75113978663, "coordinates": [[-0.0623108, 1.607365513, -0.030177327], [-0.002494969, 0.082147332, -0.141026292], [-1.37849299, -0.567433533, 0.027799807], [-2.301213299, -0.17019126, -1.051668988], [-2.749281912, -1.237291288, -1.55942901], [-2.363459245, -2.441722469, -1.073686853], [-1.409554254, -2.146455498, -0.010214395], [-0.149030495, -2.820271654, -0.283317981], [0.891499445, -3.387159544, -0.481780468], [0.930138277, 2.046675427, -0.16821109], [-0.733891402, 2.024182889, -0.7846296], [-0.430455055, 1.91843324, 0.954166644], [0.409671857, -0.21246533, -1.112349037], [0.672380713, -0.326804674, 0.619629701], [-1.806583822, -0.230524908, 0.97988643], [-3.449697978, -1.2990073, -2.385264407], [-1.83845922, -2.546303556, 0.913852422], [1.811261897, -3.886825946, -0.663057763]], "elements": ["C", "C", "C", "N", "C", "O", "C", "C", "C", "H", "H", "H", "H", "H", "H", "H", "H", "H"], "Enn": 428.9991390017, "S": [[1.0, 0.325565, 0.151774, -0.0, 0.0, 0.0, -0.0, -0.0, 0.0, -0.0, -0.0, 0.0, -0.0, 0.0, 0.0, 0.014571, 0.052281, 0.001362, -0.000735, 0.018746, 0.007787, -0.004202, 0.107141, -0.008781, -8.7e-05, 0.002231, -0.015324, -0.001204, 0.0, 6.3e-05, 0.008011, -1e-06, 1.2e-05, 2.1e-05, -0.000461, 0.010466, 0.017293, -1e-06, -0.0, -0.0, -1e-06, 2e-06, 0.0, 0.0, 0.000515, -0.0, -0.0, -0.0, 0.000378, 0.000828, 0.000657, -0.0, 0.0, 0.0, 0.0, 0.0, 0.0, 0.0, 5e-05, 0.0, 0.0, 0.0, 3.3e-05, 5.8e-05, 6.2e-05, 0.0, 0.0, 0.0, 0.0, 0.0, 0.0, 0.0, 0.0, 0.0, 0.0, 0.0, 0.0, 0.0, 0.0, 0.0, 0.0, 0.0, 0.0, 0.0, 0.0, 0.0, 0.000109, 0.0, 0.0, 0.0, -1e-06, 7.3e-05, 0.000204, 0.0, 0.0, 0.0, 0.0, 0.0, 0.0, 0.0, 2e-05, 0.0, 0.0, 0.0, 2e-06, 1e-06, 3.3e-05, 0.0, 0.0, 0.0, 0.0, 0.0, 0.0, 0.0, 1e-06, 0.0, 0.0, 0.0, 0.0, -0.0, 1e-06, 0.0, 0.0, 0.0, 0.0, 0.0, 0.049914, 0.086801, 0.010334, -0.074299, -0.032888, 0.050141, 0.086914, 0.056904, 0.050654, -0.031438, 0.049602, 0.086646, -0.072933, 0.027277, -0.023048, 0.000308, 0.019564, 1.7e-05, -8e-06, 2.9e-05, 0.000309, 0.019586, -1e-05, -1.2e-05, 3.1e-05, 6e-06, 0.006126, -0.0, 0.0, 0.0, 0.0, 3e-06, 0.0, 0.0, 0.0, 0.0, 1.7e-05, 0.0, 0.0, 0.0, 0.0, 0.0, 0.0, 0.0, 0.0], [0.325565, 1.0, 0.798485, -0.0, 0.0, 0.0, 0.0, 0.0, 0.0, 0.0, 0.0, 0.0, -0.0, 0.0, 0.014571, 0.185806, 0.349523, 0.015335, -0.008275, 0.211007, 0.039685, -0.021415, 0.54604, -0.08319, -0.000829, 0.021135, -0.145179, -0.011405, 6.3e-05, 0.0096, 0.081627, -0.000247, 0.005602, 0.009257, -0.004067, 0.092334, 0.152569, -0.004519, -0.000185, -0.000306, -0.003634, 0.006941, -1e-06, 0.000376, 0.013322, -0.00012, -0.000264, -0.00021, 0.010199, 0.022355, 0.017748, -0.000141, 0.000183, 0.000145, 7.4e-05, 0.000319, 0.0, 3e-06, 0.001579, 1e-06, 1e-06, 1e-06, 0.001289, 0.002266, 0.002398, -0.0, 0.0, 0.0, -0.0, 0.0, 0.0, 0.0, 3e-06, 0.0, 0.0, 0.0, 2e-06, 4e-06, 8e-06, -0.0, 0.0, 0.0, -0.0, 0.0, 0.0, 1.1e-05, 0.002921, -0.0, 2e-06, 6e-06, -3.4e-05, 0.002263, 0.006306, -1e-06, -0.0, -0.0, -2e-06, 1e-06, 0.0, 1e-06, 0.000773, 0.0, 0.0, 0.0, 9.6e-05, 3.3e-05, 0.001677, -0.0, 0.0, 0.0, -0.0, 0.0, 0.0, 0.0, 8.1e-05, 0.0, -0.0, 0.0, 1.4e-05, -2.9e-05, 0.000152, -0.0, -0.0, 0.0, -0.0, -0.0, 0.367237, 0.520568, 0.045587, -0.327763, -0.145085, 0.368133, 0.521098, 0.24989, 0.222441, -0.138058, 0.365997, 0.519833, -0.323776, 0.121092, -0.102318, 0.023913, 0.16114, 0.012478, -0.005442, 0.020984, 0.023961, 0.16128, -0.007512, -0.008493, 0.022358, 0.002988, 0.0646, -0.000852, 0.001472, 0.001551, 0.0, 0.000156, 0.0, 0.0, 0.0, 0.0, 0.000629, -0.0, 0.0, 0.0, 0.0, 9e-06, 0.0, 0.0, 0.0], [0.151774, 0.798485, 1.0, 0.0, 0.0, 0.0, 0.0, 0.0, 0.0, -0.0, 0.0, -0.0, -0.0, -0.0, 0.052281, 0.349523, 0.578434, 0.014566, -0.00786, 0.200422, 0.041724, -0.022515, 0.574092, -0.034021, -0.000339, 0.008643, -0.059372, -0.004664, 0.008011, 0.081627, 0.220653, -0.001573, 0.035716, 0.059015, -0.007731, 0.175497, 0.289983, -0.018179, -0.000744, -0.00123, -0.01462, 0.027924, -0.001754, 0.020025, 0.077158, -0.005625, -0.012328, -0.009788, 0.043263, 0.094824, 0.075285, -0.003814, 0.004965, 0.003942, 0.002011, 0.008639, 5e-05, 0.001579, 0.016156, 0.000587, 0.001031, 0.001092, 0.012214, 0.02146, 0.02272, -0.000335, 0.000448, 0.000475, -4.8e-05, 0.000834, -3e-06, 6e-05, 0.000808, 1.3e-05, 3e-05, 5.2e-05, 0.000437, 0.000965, 0.001697, -2.9e-05, 1.2e-05, 2.2e-05, -2.9e-05, 4.8e-05, 0.000109, 0.002921, 0.024286, -1.5e-05, 0.001003, 0.002794, -0.000247, 0.016689, 0.046501, -0.001009, -6e-06, -1.6e-05, -0.001349, 0.001112, 2e-05, 0.000773, 0.010064, 4.5e-05, 1.5e-05, 0.000788, 0.001214, 0.000416, 0.021242, -0.000272, 1e-06, 5.4e-05, -0.000474, 1.9e-05, 1e-06, 8.1e-05, 0.002264, 7e-06, -1.5e-05, 7.9e-05, 0.000435, -0.000918, 0.004806, -2.7e-05, -2e-06, 8e-06, -4.5e-05, -1.8e-05, 0.453986, 0.762762, 0.023517, -0.169084, -0.074845, 0.454497, 0.763286, 0.128694, 0.114558, -0.0711, 0.453278, 0.762035, -0.167419, 0.062615, -0.052907, 0.124602, 0.345816, 0.045035, -0.019642, 0.075732, 0.124721, 0.34602, -0.02707, -0.030606, 0.080575, 0.045666, 0.186664, -0.01401, 0.024194, 0.025493, 6.4e-05, 0.003206, 2.3e-05, 3.4e-05, 2.9e-05, 0.000292, 0.008206, -5e-05, 9.4e-05, 0.00022, 3e-06, 0.000458, 0.0, -1e-06, 2e-06], [-0.0, -0.0, 0.0, 1.0, 0.0, 0.0, 0.531899, 0.0, 0.0, -0.0, 0.0, 0.0, 0.0, -0.0, -0.001362, -0.015335, -0.014566, 0.064955, 0.000926, -0.023612, 0.190022, 0.001106, -0.028199, 0.021856, -0.00411, 0.104805, 0.022317, 0.001753, 1e-06, 0.000247, 0.001573, 0.001046, 0.000158, 0.000262, 0.03211, 0.002124, 0.003509, -0.000175, 0.000719, 0.001187, -0.000111, 0.000212, 0.0, -0.0001, -0.00476, 1.8e-05, 6.6e-05, 5.2e-05, -0.000633, -0.009124, -0.007244, 4.6e-05, -2.9e-05, -2.3e-05, -1.9e-05, -8.2e-05, 0.0, -1e-06, -0.000587, -0.0, -0.0, -0.0, -0.000263, -0.000923, -0.000977, 0.0, -0.0, -0.0, 0.0, -0.0, 0.0, -0.0, -0.0, 0.0, 0.0, 0.0, -0.0, -1e-06, -1e-06, 0.0, 0.0, 0.0, 0.0, 0.0, 0.0, 0.0, 1.5e-05, 0.0, 0.0, 0.0, 0.000553, 1.3e-05, 3.6e-05, -0.0, 0.0, 0.0, -0.0, 0.0, 0.0, -0.0, -4.5e-05, 0.0, -0.0, -0.0, 0.000104, -2e-06, -0.000106, 0.0, 0.0, 0.0, 0.0, -0.0, 0.0, -0.0, -7e-06, 0.0, 0.0, -0.0, 6e-06, 3e-06, -1.4e-05, 0.0, 0.0, 0.0, 0.0, 0.0, -0.049337, -0.026315, 0.193025, 0.069767, 0.030882, -0.27051, -0.143989, -0.08754, -0.259077, 0.160796, 0.3503, 0.18737, -0.289063, 0.183529, -0.155075, -0.014124, -0.058086, -0.005364, 0.003691, -0.014233, 0.008501, 0.034911, 4.9e-05, -0.003461, 0.009111, 0.001159, 0.020227, -0.000177, 0.000528, 0.000556, -0.0, -7.3e-05, 0.0, 0.0, 0.0, 0.0, 0.00013, -0.0, 0.0, 0.0, 0.0, -1e-06, 0.0, 0.0, 0.0], [0.0, 0.0, 0.0, 0.0, 1.0, 0.0, 0.0, 0.531899, 0.0, -0.0, -0.0, -0.0, 0.0, 0.0, 0.000735, 0.008275, 0.00786, 0.000926, 0.066171, 0.012741, 0.001106, 0.191475, 0.015217, -0.004454, 0.007784, 0.001753, -0.01628, 0.107108, -1.2e-05, -0.005602, -0.035716, 0.000158, -0.002541, -0.005938, 0.002124, -0.01601, -0.079665, 0.00272, 9.7e-05, 0.000212, 0.003248, -0.003624, 0.0, -0.000219, -0.010433, 6.6e-05, 0.000132, 0.000115, -0.009124, -0.016467, -0.015876, 6.9e-05, -9.5e-05, -8.2e-05, -2.4e-05, -0.000165, 0.0, -1e-06, -0.001031, -0.0, -0.0, -0.0, -0.000923, -0.001359, -0.001716, 0.0, -0.0, -0.0, 0.0, -0.0, 0.0, -0.0, -1e-06, 0.0, 0.0, 0.0, -1e-06, -1e-06, -3e-06, 0.0, 0.0, 0.0, 0.0, 0.0, 0.0, -2e-06, -0.001003, 0.0, -0.0, -1e-06, 1.3e-05, -0.000309, -0.002401, 0.0, 0.0, 0.0, 0.0, -0.0, 0.0, -0.0, -1.5e-05, -0.0, 0.0, -0.0, -2e-06, 0.000109, -3.6e-05, 0.0, 0.0, -0.0, 0.0, 0.0, 0.0, 0.0, 1.5e-05, 0.0, -0.0, 0.0, 3e-06, 2e-06, 2.9e-05, 0.0, 0.0, 0.0, 0.0, 0.0, 0.354727, 0.189202, 0.069767, -0.298888, -0.222042, -0.240797, -0.128172, -0.259077, -0.027113, 0.143134, -0.131012, -0.070076, 0.183529, 0.133016, 0.057998, 0.00616, 0.025334, 0.003691, 0.00149, 0.006208, 0.009611, 0.039472, -0.003461, -0.000803, 0.010301, -0.002002, -0.034931, 0.000528, -0.000782, -0.00096, -0.0, -0.000105, 0.0, 0.0, 0.0, -0.0, -0.000246, 0.0, -0.0, -0.0, 0.0, 3e-06, 0.0, 0.0, 0.0], [0.0, 0.0, 0.0, 0.0, 0.0, 1.0, 0.0, 0.0, 0.531899, -0.0, -0.0, -0.0, -0.0, 0.0, -0.018746, -0.211007, -0.200422, -0.023612, 0.012741, -0.258219, -0.028199, 0.015217, -0.195927, 0.113574, 0.001753, -0.03685, 0.199019, 0.019885, -2.1e-05, -0.009257, -0.059015, 0.000262, -0.005938, -0.008759, 0.003509, -0.079665, -0.099431, 0.004495, 0.000212, 0.000319, 0.002974, -0.007241, 0.0, -0.000174, -0.008283, 5.2e-05, 0.000115, 7.9e-05, -0.007244, -0.015876, -0.009075, 5.5e-05, -8.2e-05, -5.7e-05, -4.7e-05, -0.000125, 0.0, -1e-06, -0.001092, -0.0, -0.0, -0.0, -0.000977, -0.001716, -0.001555, 0.0, -0.0, -0.0, 0.0, -0.0, 0.0, -0.0, -2e-06, 0.0, 0.0, 0.0, -1e-06, -3e-06, -4e-06, 0.0, 0.0, 0.0, 0.0, 0.0, 0.0, -6e-06, -0.002794, 0.0, -1e-06, -3e-06, 3.6e-05, -0.002401, -0.006138, 0.0, 0.0, 0.0, 0.0, -0.0, 0.0, -0.0, -0.000788, -0.0, -0.0, -0.0, -0.000106, -3.6e-05, -0.001736, 0.0, -0.0, -0.0, 0.0, -0.0, 0.0, -0.0, -7.9e-05, -0.0, 0.0, -0.0, -1.4e-05, 2.9e-05, -0.000145, 0.0, 0.0, 0.0, 0.0, 0.0, 0.157021, 0.083751, 0.030882, -0.222042, 0.104441, 0.149451, 0.07955, 0.160796, 0.143134, 0.11467, 0.1107, 0.059212, -0.155075, 0.057998, 0.15265, -0.023751, -0.09768, -0.014233, 0.006208, -0.020835, -0.025303, -0.103915, 0.009111, 0.010301, -0.02401, -0.00211, -0.036805, 0.000556, -0.00096, -0.000883, -0.0, -9e-05, 0.0, 0.0, 0.0, -0.0, -0.000574, 0.0, -0.0, -0.0, 0.0, -8e-06, 0.0, 0.0, 0.0], [-0.0, 0.0, 0.0, 0.531899, 0.0, 0.0, 1.0, 0.0, 0.0, 0.0, 0.0, 0.0, 0.0, 0.0, -0.007787, -0.039685, -0.041724, 0.190022, 0.001106, -0.028199, 0.524529, 0.001909, -0.04868, 0.016717, -0.005056, 0.12892, 0.010078, 0.000792, 0.000461, 0.004067, 0.007731, 0.03211, 0.002124, 0.003509, 0.171275, 0.007139, 0.011797, -0.002147, 0.016981, 0.028059, -0.00103, 0.001967, 0.001453, -0.016157, -0.051678, -0.0002, 0.011526, 0.009151, 0.016296, -0.072889, -0.05787, 0.006971, 7e-05, 5.5e-05, -0.002169, -0.009318, -3.3e-05, -0.001289, -0.012214, -0.000263, -0.000923, -0.000977, -0.002237, -0.018219, -0.019288, 0.000468, -0.000237, -0.000251, 4.7e-05, -0.000827, 1e-06, -2.3e-05, -0.000387, -0.0, -1.3e-05, -2.2e-05, 7.1e-05, -0.000507, -0.000892, 1.7e-05, -0.0, -1e-06, 1.4e-05, -2.3e-05, 1e-06, 3.4e-05, 0.000247, 0.000553, 1.3e-05, 3.6e-05, 0.013079, 0.000192, 0.000535, -1.8e-05, 0.000231, 0.000644, -1.9e-05, 1.6e-05, -2e-06, -9.6e-05, -0.001214, 0.000104, -2e-06, -0.000106, 0.004518, -5.6e-05, -0.002861, 4.9e-05, 2e-06, 0.000127, 6.9e-05, -3e-06, -0.0, -1.4e-05, -0.000435, 6e-06, 3e-06, -1.4e-05, 0.00073, 0.000193, -0.00101, 6e-06, -1e-06, 7e-06, 8e-06, 3e-06, -0.071279, -0.067107, 0.261907, 0.033439, 0.014802, -0.390086, -0.367058, 0.127797, -0.123849, 0.076867, 0.507401, 0.478064, 0.029988, 0.088284, -0.074597, -0.129247, -0.224982, -0.003872, 0.025009, -0.096427, 0.077693, 0.13518, 0.032834, -0.023403, 0.061612, 0.038836, 0.1083, 0.001005, 0.02466, 0.025984, -5.6e-05, -0.003212, -1.6e-05, -2.9e-05, -2.5e-05, 0.000124, 0.003532, 5e-06, 4.1e-05, 9.6e-05, -0.0, -0.000107, 0.0, 0.0, -0.0], [-0.0, 0.0, 0.0, 0.0, 0.531899, 0.0, 0.0, 1.0, 0.0, 0.0, 0.0, 0.0, 0.0, 0.0, 0.004202, 0.021415, 0.022515, 0.001106, 0.191475, 0.015217, 0.001909, 0.527036, 0.026268, -0.000164, 0.009445, 0.000792, -0.010552, 0.12996, -0.010466, -0.092334, -0.175497, 0.002124, -0.01601, -0.079665, 0.007139, 0.009513, -0.267808, 0.019233, 0.00044, 0.001967, 0.040411, -0.016503, 0.003185, -0.035414, -0.113267, 0.011526, 0.019803, 0.020056, -0.072889, -0.110207, -0.126839, 0.005884, -0.009262, -0.009318, 0.00067, -0.016117, -5.8e-05, -0.002266, -0.02146, -0.000923, -0.001359, -0.001716, -0.018219, -0.02388, -0.03389, 0.000464, -0.000663, -0.000827, 0.00029, -0.001233, 2e-06, -5.2e-05, -0.000853, -1.3e-05, -2.2e-05, -4.9e-05, -0.000507, -0.000818, -0.001968, 2.7e-05, -1.1e-05, -2.3e-05, 3.6e-05, -4.1e-05, -7.3e-05, -0.002263, -0.016689, 1.3e-05, -0.000309, -0.002401, 0.000192, 0.000135, -0.036072, 0.000839, 2e-06, 1.6e-05, 0.001531, -0.000427, -1e-06, -3.3e-05, -0.000416, -2e-06, 0.000109, -3.6e-05, -5.6e-05, 0.004663, -0.00098, 1.2e-05, 8e-06, -3e-06, 2.6e-05, 0.000134, 0.0, 2.9e-05, 0.000918, 3e-06, 2e-06, 2.9e-05, 0.000193, 0.000414, 0.002134, -1e-05, 0.0, 3e-06, -1.9e-05, 1e-06, 0.512486, 0.482493, 0.033439, 0.026135, -0.106423, -0.347237, -0.326739, -0.123849, 0.156684, 0.068424, -0.189768, -0.178796, 0.088284, 0.233024, 0.027899, 0.05637, 0.098125, 0.025009, 0.042562, 0.042056, 0.087842, 0.152838, -0.023403, 0.027072, 0.069661, -0.067065, -0.187023, 0.02466, -0.027301, -0.044872, -8.1e-05, -0.00462, -2.9e-05, -3.8e-05, -3.6e-05, -0.000233, -0.006646, 4.1e-05, -5.1e-05, -0.000181, 1e-06, 0.000316, 0.0, -0.0, 1e-06], [0.0, 0.0, 0.0, 0.0, 0.0, 0.531899, 0.0, 0.0, 1.0, 0.0, 0.0, 0.0, 0.0, 0.0, -0.107141, -0.54604, -0.574092, -0.028199, 0.015217, -0.195927, -0.04868, 0.026268, -0.141741, 0.004179, 0.000792, -0.010711, 0.008278, 0.00578, -0.017293, -0.152569, -0.289983, 0.003509, -0.079665, -0.099431, 0.011797, -0.267808, -0.270924, 0.03178, 0.001967, 0.002499, 0.010482, -0.056742, 0.002529, -0.028116, -0.089927, 0.009151, 0.020056, 0.010465, -0.05787, -0.126839, -0.051151, 0.004671, -0.009318, -0.004923, -0.008082, -0.010791, -6.2e-05, -0.002398, -0.02272, -0.000977, -0.001716, -0.001555, -0.019288, -0.03389, -0.027747, 0.000491, -0.000827, -0.000757, -0.000132, -0.00133, 3e-06, -9.1e-05, -0.001501, -2.2e-05, -4.9e-05, -8e-05, -0.000892, -0.001968, -0.003162, 4.8e-05, -2.3e-05, -3.8e-05, 4.3e-05, -8.3e-05, -0.000204, -0.006306, -0.046501, 3.6e-05, -0.002401, -0.006138, 0.000535, -0.036072, -0.087426, 0.002337, 1.6e-05, 4.1e-05, 0.002977, -0.002753, -3.3e-05, -0.001677, -0.021242, -0.000106, -3.6e-05, -0.001736, -0.002861, -0.00098, -0.045362, 0.000619, -3e-06, -0.000131, 0.001079, -4.5e-05, -1e-06, -0.000152, -0.004806, -1.4e-05, 2.9e-05, -0.000145, -0.00101, 0.002134, -0.010352, 5e-05, 3e-06, -1.6e-05, 8.2e-05, 3.4e-05, 0.226853, 0.213577, 0.014802, -0.106423, 0.219449, 0.215513, 0.202791, 0.076867, 0.068424, 0.224462, 0.160347, 0.151075, -0.074597, 0.027899, 0.242469, -0.217348, -0.378341, -0.096427, 0.042056, -0.108687, -0.231255, -0.402367, 0.061612, 0.069661, -0.129858, -0.070665, -0.19706, 0.025984, -0.044872, -0.031995, -7e-05, -0.003964, -2.5e-05, -3.6e-05, -2.7e-05, -0.000544, -0.015543, 9.6e-05, -0.000181, -0.000397, -4e-06, -0.000927, -0.0, 1e-06, -2e-06], [-0.0, 0.0, -0.0, -0.0, -0.0, -0.0, 0.0, 0.0, 0.0, 1.0, 0.0, 0.0, 0.0, 0.0, -0.008781, -0.08319, -0.034021, -0.021856, 0.004454, -0.113574, -0.016717, 0.000164, -0.004179, 0.082776, 0.001654, -0.042186, 0.087276, 0.006856, -1e-06, -0.004519, -0.018179, 0.000175, -0.00272, -0.004495, 0.002147, -0.019233, -0.03178, 0.00226, 0.000125, 0.000207, 0.001741, -0.003325, 0.0, -5.1e-05, -0.003386, 1.5e-05, 2.4e-05, 1.9e-05, -0.005213, -0.005458, -0.004333, 8e-06, -1.9e-05, -1.5e-05, -6e-06, -2.4e-05, 0.0, -0.0, -0.000335, -0.0, -0.0, -0.0, -0.000468, -0.000464, -0.000491, 0.0, -0.0, -0.0, 0.0, -0.0, 0.0, 0.0, -0.0, 0.0, 0.0, 0.0, -0.0, -1e-06, -1e-06, 0.0, 0.0, 0.0, 0.0, 0.0, 0.0, -1e-06, -0.001009, 0.0, -0.0, -0.0, 1.8e-05, -0.000839, -0.002337, 0.0, 0.0, 0.0, 0.0, -0.0, 0.0, -0.0, -0.000272, -0.0, -0.0, -0.0, -4.9e-05, -1.2e-05, -0.000619, 0.0, -0.0, -0.0, 0.0, -0.0, 0.0, -0.0, -2.7e-05, 0.0, 0.0, 0.0, -6e-06, 1e-05, -5e-05, 0.0, 0.0, 0.0, 0.0, 0.0, -0.143299, -0.023342, -0.088407, 0.110054, 0.048716, 0.064826, 0.010531, -0.169385, 0.206431, -0.128122, 0.21327, 0.034872, -0.075355, 0.221973, -0.187559, -0.003176, -0.006485, -0.004711, 0.00039, -0.001504, -0.009178, -0.018707, 0.005296, 0.003388, -0.008919, -0.00071, -0.008474, 0.000197, -0.000217, -0.000228, -0.0, -1.9e-05, 0.0, 0.0, 0.0, -0.0, -0.000192, 0.0, 0.0, 0.0, 0.0, -3e-06, 0.0, 0.0, 0.0], [-0.0, 0.0, 0.0, 0.0, -0.0, -0.0, 0.0, 0.0, 0.0, 0.0, 1.0, 0.0, 0.0, 0.0, -8.7e-05, -0.000829, -0.000339, 0.00411, -0.007784, -0.001753, 0.005056, -0.009445, -0.000792, 0.001654, 0.033655, 0.008862, 0.002882, -0.016847, -0.0, -0.000185, -0.000744, -0.000719, -9.7e-05, -0.000212, -0.016981, -0.00044, -0.001967, 0.000125, -0.000381, -0.00079, 0.000112, -0.000139, -0.0, 6.6e-05, 0.004408, -1.1e-05, -3.3e-05, -2.9e-05, 0.000978, 0.008123, 0.007697, -1.9e-05, 1.5e-05, 1.3e-05, 6e-06, 3.7e-05, 0.0, 0.0, 0.000448, 0.0, 0.0, 0.0, 0.000237, 0.000663, 0.000827, -0.0, 0.0, 0.0, -0.0, 0.0, 0.0, 0.0, 0.0, 0.0, 0.0, 0.0, 0.0, 0.0, 0.0, 0.0, 0.0, 0.0, 0.0, 0.0, 0.0, -0.0, -6e-06, -0.0, -0.0, -0.0, -0.000231, -2e-06, -1.6e-05, 0.0, -0.0, -0.0, 0.0, -0.0, 0.0, 0.0, 1e-06, -0.0, -0.0, 0.0, -2e-06, -8e-06, 3e-06, -0.0, 0.0, -0.0, -0.0, -0.0, 0.0, -0.0, -2e-06, 0.0, 0.0, 0.0, 1e-06, -0.0, -3e-06, 0.0, 0.0, 0.0, 0.0, 0.0, -0.05966, -0.009718, 0.28693, 0.076554, 0.052569, 0.221518, 0.035985, 0.129127, 0.066841, -0.18528, -0.15697, -0.025666, 0.197824, 0.183327, 0.097873, -0.004713, -0.009623, -0.002254, -0.000801, -0.005406, 0.004417, 0.009003, -0.00031, -0.00072, 0.005391, -0.000989, -0.011809, 0.000137, -0.000318, -0.000379, 0.0, 5.9e-05, 0.0, 0.0, 0.0, -0.0, -6e-05, 0.0, 0.0, 0.0, 0.0, -0.0, 0.0, 0.0, 0.0], [0.0, 0.0, -0.0, 0.0, -0.0, -0.0, 0.0, 0.0, 0.0, 0.0, 0.0, 1.0, 0.0, 0.0, 0.002231, 0.021135, 0.008643, -0.104805, -0.001753, 0.03685, -0.12892, -0.000792, 0.010711, -0.042186, 0.008862, -0.191972, -0.039451, -0.003769, -0.0, -0.000306, -0.00123, -0.001187, -0.000212, -0.000319, -0.028059, -0.001967, -0.002499, 0.000207, -0.00079, -0.001209, 0.000115, -0.000266, -0.0, 5.3e-05, 0.0035, -9e-06, -2.9e-05, -2e-05, 0.000776, 0.007697, 0.004539, -1.5e-05, 1.3e-05, 9e-06, 1e-05, 2.8e-05, 0.0, 0.0, 0.000475, 0.0, 0.0, 0.0, 0.000251, 0.000827, 0.000757, -0.0, 0.0, 0.0, -0.0, 0.0, 0.0, 0.0, 0.0, 0.0, 0.0, 0.0, 0.0, 0.0, 1e-06, 0.0, 0.0, 0.0, 0.0, 0.0, 0.0, -0.0, -1.6e-05, -0.0, -0.0, -0.0, -0.000644, -1.6e-05, -4.1e-05, 0.0, -0.0, -0.0, 0.0, -0.0, 0.0, 0.0, 5.4e-05, -0.0, 0.0, 0.0, -0.000127, 3e-06, 0.000131, -0.0, -0.0, -0.0, -0.0, 0.0, 0.0, 0.0, 8e-06, 0.0, 0.0, 0.0, -7e-06, -3e-06, 1.6e-05, 0.0, 0.0, 0.0, 0.0, 0.0, -0.026409, -0.004302, 0.12701, 0.052569, -0.018935, -0.137485, -0.022334, -0.080143, -0.18528, -0.11669, 0.132633, 0.021687, -0.167153, 0.097873, 0.21646, 0.018172, 0.037102, 0.008691, -0.005406, 0.018642, -0.011628, -0.023702, 0.000815, 0.005391, -0.012864, -0.001042, -0.012442, 0.000144, -0.000379, -0.000358, 0.0, 5e-05, 0.0, 0.0, 0.0, -0.0, -0.00014, 0.0, 0.0, 0.0, 0.0, 1e-06, 0.0, 0.0, 0.0], [-0.0, -0.0, -0.0, 0.0, 0.0, -0.0, 0.0, 0.0, 0.0, 0.0, 0.0, 0.0, 1.0, 0.0, -0.015324, -0.145179, -0.059372, -0.022317, 0.01628, -0.199019, -0.010078, 0.010552, -0.008278, 0.087276, 0.002882, -0.039451, 0.188595, 0.030473, -1e-06, -0.003634, -0.01462, 0.000111, -0.003248, -0.002974, 0.00103, -0.040411, -0.010482, 0.001741, 0.000112, 0.000115, 8.5e-05, -0.003415, -0.0, 2.7e-05, 0.001786, -7e-06, -9e-06, -1.6e-05, 0.001792, 0.000482, 0.005854, -6e-06, 6e-06, 1e-05, -7e-06, 1.6e-05, 0.0, -0.0, -4.8e-05, -0.0, -0.0, -0.0, -4.7e-05, -0.00029, 0.000132, 0.0, -0.0, -0.0, -0.0, -0.0, 0.0, 0.0, -0.0, 0.0, 0.0, 0.0, -0.0, -1e-06, -1e-06, 0.0, 0.0, 0.0, 0.0, 0.0, 0.0, -2e-06, -0.001349, 0.0, -0.0, -0.0, 1.9e-05, -0.001531, -0.002977, 0.0, 0.0, 0.0, 0.0, -0.0, 0.0, -0.0, -0.000474, -0.0, -0.0, -0.0, -6.9e-05, -2.6e-05, -0.001079, 0.0, -0.0, -0.0, 0.0, -0.0, 0.0, -0.0, -4.5e-05, 0.0, 0.0, 0.0, -8e-06, 1.9e-05, -8.2e-05, 0.0, 0.0, 0.0, 0.0, 0.0, 0.172451, 0.028091, 0.047744, -0.03983, -0.286274, 0.060614, 0.009846, 0.091765, -0.12455, -0.178698, 0.008396, 0.001373, -0.016566, -0.105689, -0.099774, -0.014252, -0.029098, -0.009722, 0.005201, -0.012643, -0.014809, -0.030185, 0.006072, 0.008367, -0.014121, -9.4e-05, -0.001124, 2e-05, -0.000106, 3.9e-05, 0.0, 1.1e-05, 0.0, 0.0, 0.0, -0.0, -0.000251, 0.0, 0.0, 0.0, 0.0, -4e-06, 0.0, 0.0, 0.0], [0.0, 0.0, -0.0, -0.0, 0.0, 0.0, 0.0, 0.0, 0.0, 0.0, 0.0, 0.0, 0.0, 1.0, -0.001204, -0.011405, -0.004664, -0.001753, -0.107108, -0.019885, -0.000792, -0.12996, -0.00578, 0.006856, -0.016847, -0.003769, 0.030473, -0.196922, 2e-06, 0.006941, 0.027924, -0.000212, 0.003624, 0.007241, -0.001967, 0.016503, 0.056742, -0.003325, -0.000139, -0.000266, -0.003415, 0.004819, -0.0, 0.000116, 0.00767, -2.9e-05, -5.8e-05, -4.4e-05, 0.007697, 0.014136, 0.009949, -2.4e-05, 3.7e-05, 2.8e-05, 1.6e-05, 5.9e-05, 0.0, 0.0, 0.000834, 0.0, 0.0, 0.0, 0.000827, 0.001233, 0.00133, -0.0, 0.0, 0.0, -0.0, 0.0, 0.0, 0.0, 1e-06, 0.0, 0.0, 0.0, 0.0, 1e-06, 2e-06, 0.0, 0.0, 0.0, 0.0, 0.0, 0.0, 1e-06, 0.001112, -0.0, 0.0, 0.0, -1.6e-05, 0.000427, 0.002753, -0.0, -0.0, -0.0, -0.0, 0.0, 0.0, 0.0, 1.9e-05, 0.0, -0.0, 0.0, 3e-06, -0.000134, 4.5e-05, -0.0, -0.0, 0.0, -0.0, -0.0, 0.0, -0.0, -1.8e-05, 0.0, 0.0, 0.0, -3e-06, -1e-06, -3.4e-05, 0.0, 0.0, 0.0, 0.0, 0.0, 0.189876, 0.030929, 0.052569, -0.243642, 0.136141, -0.122383, -0.019881, -0.18528, -0.036928, -0.103872, -0.049605, -0.008111, 0.097873, 0.057934, -0.080956, -0.007926, -0.016182, -0.005406, -0.001347, -0.008131, -0.013147, -0.026798, 0.005391, 0.002142, -0.014544, 0.0018, 0.021487, -0.000379, 0.000579, 0.000618, 0.0, 7.3e-05, 0.0, 0.0, 0.0, 0.0, 0.000263, 0.0, 0.0, 0.0, 0.0, -3e-06, 0.0, 0.0, 0.0], [0.0, 0.014571, 0.052281, -0.001362, 0.000735, -0.018746, -0.007787, 0.004202, -0.107141, -0.008781, -8.7e-05, 0.002231, -0.015324, -0.001204, 1.0, 0.325565, 0.151774, 0.0, -0.0, 0.0, -0.0, -0.0, 0.0, -0.0, 0.0, 0.0, -0.0, 0.0, 0.0, 0.014539, 0.052241, -0.002069, 0.016862, 0.00796, -0.011849, 0.096574, 0.04559, -0.008567, -0.003053, -0.001441, 0.009668, 0.011746, 0.0, 4e-06, 0.003644, -0.0, -1e-06, -0.0, 0.003276, 0.008269, 0.000908, -0.0, 0.0, 0.0, 0.0, 0.0, 0.0, 0.0, 0.00089, 0.0, 0.0, 0.0, 0.000879, 0.001702, 0.000818, -0.0, 0.0, 0.0, 0.0, 0.0, 0.0, 0.0, 4e-06, 0.0, 0.0, 0.0, 3e-06, 7e-06, 8e-06, 0.0, 0.0, 0.0, 0.0, 0.0, 0.0, 3.3e-05, 0.006387, -1e-06, 6e-06, 9e-06, -0.0008, 0.0086, 0.013621, -0.0, -0.0, -0.0, -0.0, 1e-06, 0.0, 5e-06, 0.003225, 0.0, 0.0, 1e-06, 0.000393, 0.000405, 0.008024, -0.0, 0.0, 0.0, -0.0, 0.0, 0.0, 0.0, 0.000419, 0.0, -0.0, 0.0, 8.8e-05, -0.000231, 0.000898, 0.0, 0.0, 0.0, 0.0, 0.0, 0.000297, 0.019364, 0.0, -1.4e-05, -3e-05, 0.000301, 0.01944, 1e-05, 1.1e-05, -3e-05, 0.000287, 0.019162, -1.6e-05, 6e-06, -2.6e-05, 0.049682, 0.086686, 0.072159, -0.03062, 0.021887, 0.049597, 0.086643, -0.05635, -0.049995, 0.030295, 0.000354, 0.020384, -2.2e-05, 3.6e-05, 6e-06, 0.0, 4.9e-05, 0.0, 0.0, 0.0, 0.0, 0.001145, 0.0, 0.0, 0.0, 0.0, 4e-05, 0.0, 0.0, 0.0], [0.014571, 0.185806, 0.349523, -0.015335, 0.008275, -0.211007, -0.039685, 0.021415, -0.54604, -0.08319, -0.000829, 0.021135, -0.145179, -0.011405, 0.325565, 1.0, 0.798485, 0.0, 0.0, 0.0, 0.0, 0.0, 0.0, 0.0, 0.0, 0.0, -0.0, 0.0, 0.014539, 0.185583, 0.349317, -0.023323, 0.19009, 0.089738, -0.060401, 0.492292, 0.232401, -0.081365, -0.028993, -0.013687, 0.091822, 0.111556, -6.2e-05, 0.005019, 0.053419, -0.001991, -0.005026, -0.000552, 0.042477, 0.107224, 0.01177, -0.001921, 0.003776, 0.000414, 0.004708, 0.001046, 0.0, 0.000298, 0.014846, 0.000109, 0.00021, 0.000101, 0.014734, 0.028532, 0.013706, -3.6e-05, 9.3e-05, 4.5e-05, 6.9e-05, 8.7e-05, -0.0, 4e-06, 0.000757, 1e-06, 3e-06, 3e-06, 0.000593, 0.001501, 0.001604, -3e-06, 2e-06, 2e-06, -0.0, 5e-06, 3.3e-05, 0.006711, 0.068474, -0.000367, 0.003952, 0.006259, -0.007537, 0.081067, 0.128399, -0.003005, -0.000277, -0.000439, -0.002249, 0.004723, 5e-06, 0.00228, 0.04031, 0.000114, 0.000118, 0.002333, 0.004527, 0.004662, 0.092345, -0.000869, 7e-06, 0.000148, -0.001505, 0.000152, 0.0, 9.1e-05, 0.008284, 7e-06, -1.7e-05, 6.7e-05, 0.001841, -0.00483, 0.018743, -1.8e-05, -1e-06, 6e-06, -2.8e-05, -1.5e-05, 0.023473, 0.159838, 0.000306, -0.010507, -0.022133, 0.02364, 0.160333, 0.007315, 0.008313, -0.022074, 0.023035, 0.158528, -0.012052, 0.004709, -0.020207, 0.366314, 0.520021, 0.319823, -0.135712, 0.097006, 0.365977, 0.519821, -0.250182, -0.221969, 0.134506, 0.025749, 0.166433, -0.014177, 0.022818, 0.003955, 1e-06, 0.001437, 0.0, 0.0, 0.0, 0.000151, 0.017244, -2e-05, 3.5e-05, 5.1e-05, 0.0, 0.001221, 0.0, -0.0, 0.0], [0.052281, 0.349523, 0.578434, -0.014566, 0.00786, -0.200422, -0.041724, 0.022515, -0.574092, -0.034021, -0.000339, 0.008643, -0.059372, -0.004664, 0.151774, 0.798485, 1.0, -0.0, 0.0, -0.0, 0.0, 0.0, -0.0, -0.0, 0.0, 0.0, -0.0, 0.0, 0.052241, 0.349317, 0.578208, -0.02217, 0.180698, 0.085304, -0.063519, 0.517708, 0.244399, -0.033306, -0.011868, -0.005603, 0.037586, 0.045664, -0.007064, 0.063981, 0.178151, -0.017171, -0.043345, -0.004758, 0.09391, 0.237056, 0.026022, -0.008119, 0.015958, 0.001752, 0.019898, 0.004422, 0.00089, 0.014846, 0.071319, 0.006096, 0.011804, 0.00567, 0.05605, 0.108542, 0.052139, -0.002127, 0.005455, 0.00262, 0.004063, 0.005075, -0.000267, 0.003319, 0.017564, 0.000771, 0.001951, 0.002086, 0.009228, 0.023359, 0.024971, -0.001013, 0.000757, 0.00081, -0.000137, 0.00205, 0.006387, 0.068474, 0.196401, -0.002935, 0.031567, 0.049998, -0.015387, 0.165507, 0.262142, -0.015935, -0.00147, -0.002328, -0.011926, 0.025042, 0.003225, 0.04031, 0.138249, 0.001799, 0.001853, 0.036704, 0.011468, 0.01181, 0.233922, -0.010597, 9.1e-05, 0.001804, -0.01835, 0.001858, 0.000419, 0.008284, 0.048454, 0.00078, -0.002047, 0.007944, 0.008881, -0.023299, 0.090416, -0.002621, -0.000219, 0.000852, -0.004048, -0.002235, 0.123495, 0.343929, 0.00112, -0.038435, -0.080961, 0.123916, 0.344647, 0.026622, 0.030254, -0.080332, 0.122382, 0.342025, -0.04469, 0.017463, -0.074931, 0.453459, 0.762221, 0.165276, -0.070132, 0.05013, 0.453266, 0.762023, -0.12937, -0.114781, 0.069553, 0.129111, 0.353438, -0.048495, 0.078051, 0.013527, 0.000718, 0.014326, 0.000321, 0.000493, 0.000198, 0.010762, 0.076583, -0.002991, 0.005206, 0.007453, 0.000601, 0.012835, 6.1e-05, -0.000213, 0.000467], [0.001362, 0.015335, 0.014566, 0.064955, 0.000926, -0.023612, 0.190022, 0.001106, -0.028199, -0.021856, 0.00411, -0.104805, -0.022317, -0.001753, 0.0, 0.0, -0.0, 1.0, 0.0, 0.0, 0.531899, 0.0, 0.0, 0.0, 0.0, -0.0, -0.0, -0.0, 0.002069, 0.023323, 0.02217, 0.062581, 0.032385, 0.015288, 0.187182, 0.038718, 0.018278, -0.032822, 0.090499, 0.042723, 0.021487, 0.026105, 8e-06, -0.001942, -0.01971, 0.000399, 0.002085, 0.000229, 0.001142, -0.046943, -0.005153, 0.001299, -0.000935, -0.000103, -0.002229, -0.000495, -0.0, -0.000109, -0.006096, -2.7e-05, -7e-05, -3.4e-05, -0.002933, -0.013443, -0.006458, 1.3e-05, -2e-05, -1e-05, -1.9e-05, -2.4e-05, 0.0, -0.0, -0.000199, -0.0, -0.0, -0.0, -2.2e-05, -0.000432, -0.000461, 0.0, -0.0, -0.0, 0.0, -0.0, 1e-06, 0.000367, 0.002935, 0.000623, 0.000233, 0.00037, 0.025584, 0.004129, 0.006539, -0.000234, 0.000417, 0.00066, -0.00014, 0.000294, -0.0, -0.000114, -0.001799, 0.000142, -6e-06, -0.000119, 0.013342, -0.000244, -0.004838, 5.2e-05, 8e-06, 0.000149, 7.5e-05, -8e-06, -0.0, -7e-06, -0.00078, 1e-06, 1e-06, -4e-06, 0.001772, 0.000516, -0.002001, 1e-06, -0.0, 1e-06, 1e-06, 1e-06, -0.000347, -0.001446, 0.003008, 0.000178, 0.000375, -0.008287, -0.034359, 0.000105, -0.003343, 0.008876, 0.013679, 0.057757, -0.005259, 0.003199, -0.013727, -0.346052, -0.184964, -0.276572, 0.203045, -0.145135, 0.270676, 0.144788, -0.091367, -0.259962, 0.157529, 0.01596, 0.062302, -0.006698, 0.016365, 0.002836, -0.0, -0.000752, -0.0, -0.0, -0.0, 3.8e-05, 0.005096, -2e-06, 6e-06, 8e-06, -0.0, -0.000147, 0.0, 0.0, -0.0], [-0.000735, -0.008275, -0.00786, 0.000926, 0.066171, 0.012741, 0.001106, 0.191475, 0.015217, 0.004454, -0.007784, -0.001753, 0.01628, -0.107108, -0.0, 0.0, 0.0, 0.0, 1.0, -0.0, 0.0, 0.531899, -0.0, -0.0, 0.0, -0.0, 0.0, -0.0, -0.016862, -0.19009, -0.180698, 0.032385, -0.197396, -0.124605, 0.038718, -0.123631, -0.148971, 0.099014, 0.043361, 0.026105, -0.077841, -0.166836, 2.1e-05, -0.004902, -0.049753, 0.002085, 0.004837, 0.000578, -0.046943, -0.098757, -0.013008, 0.001804, -0.004175, -0.000495, -0.004775, -0.001157, -0.0, -0.00021, -0.011804, -7e-05, -0.000127, -6.5e-05, -0.013443, -0.022024, -0.012505, 1.6e-05, -4.7e-05, -2.4e-05, -3.2e-05, -4.4e-05, 0.0, -1e-06, -0.000504, -0.0, -0.0, -1e-06, -0.000432, -0.000944, -0.001168, 0.0, -0.0, -0.0, 0.0, -1e-06, -6e-06, -0.003952, -0.031567, 0.000233, -0.001866, -0.003976, 0.004129, -0.018442, -0.070339, 0.001762, 0.000145, 0.000294, 0.00194, -0.002475, -0.0, -0.000118, -0.001853, -6e-06, 0.000141, -0.000123, -0.000244, 0.013328, -0.004982, 4e-05, 7e-06, -8e-06, 8.5e-05, 0.000149, 0.0, 1.7e-05, 0.002047, 1e-06, -1e-06, 1.1e-05, 0.000516, 0.000616, 0.005249, -2e-06, -0.0, 1e-06, -4e-06, -1e-06, 0.011909, 0.049623, 0.000178, -0.003097, -0.012871, -0.009418, -0.039046, -0.003343, -0.000753, 0.010087, -0.005345, -0.022569, 0.003199, 0.001678, 0.005364, 0.146842, 0.078487, 0.203045, 0.11577, 0.061586, 0.240152, 0.12846, -0.259962, -0.029008, 0.139764, -0.025687, -0.100273, 0.016365, -0.022869, -0.004565, -0.0, -0.001155, -0.0, -0.0, -0.0, -6.5e-05, -0.00887, 6e-06, -9e-06, -1.5e-05, 0.0, 0.00051, 0.0, -0.0, 0.0], [0.018746, 0.211007, 0.200422, -0.023612, 0.012741, -0.258219, -0.028199, 0.015217, -0.195927, -0.113574, -0.001753, 0.03685, -0.199019, -0.019885, 0.0, 0.0, -0.0, 0.0, -0.0, 1.0, 0.0, -0.0, 0.531899, 0.0, -0.0, 0.0, 0.0, 0.0, -0.00796, -0.089738, -0.085304, 0.015288, -0.124605, 0.00773, 0.018278, -0.148971, 0.121606, 0.046743, 0.026105, 0.000387, -0.128598, -0.003157, 2e-06, -0.000538, -0.005462, 0.000229, 0.000578, -0.000363, -0.005153, -0.013008, 0.018311, 0.000198, -0.000495, 0.000283, -0.000711, 0.000715, -0.0, -0.000101, -0.00567, -3.4e-05, -6.5e-05, -2.2e-05, -0.006458, -0.012505, -0.001998, 8e-06, -2.4e-05, -9e-06, -2.1e-05, -1.7e-05, 0.0, -1e-06, -0.000539, -0.0, -1e-06, -1e-06, -0.000461, -0.001168, -0.0011, 1e-06, -0.0, -0.0, 0.0, -1e-06, -9e-06, -0.006259, -0.049998, 0.00037, -0.003976, -0.005653, 0.006539, -0.070339, -0.085441, 0.00279, 0.000294, 0.000425, 0.001698, -0.004575, -1e-06, -0.002333, -0.036704, -0.000119, -0.000123, -0.002289, -0.004838, -0.004982, -0.085096, 0.000791, -8e-06, -0.000142, 0.001369, -0.000147, -0.0, -6.7e-05, -0.007944, -4e-06, 1.1e-05, -4.1e-05, -0.002001, 0.005249, -0.0184, 8e-06, 1e-06, -3e-06, 1.2e-05, 7e-06, 0.025086, 0.104527, 0.000375, -0.012871, -0.024099, 0.025006, 0.103676, 0.008876, 0.010087, -0.023737, 0.022935, 0.09684, -0.013727, 0.005364, -0.020088, -0.104961, -0.056102, -0.145135, 0.061586, 0.157909, -0.145524, -0.077842, 0.157529, 0.139764, 0.116946, -0.004452, -0.017379, 0.002836, -0.004565, 0.002679, -0.0, -0.000463, -0.0, -0.0, -0.0, -9.4e-05, -0.012699, 8e-06, -1.5e-05, -2e-05, -0.0, -0.001117, -0.0, 0.0, -0.0], [0.007787, 0.039685, 0.041724, 0.190022, 0.001106, -0.028199, 0.524529, 0.001909, -0.04868, -0.016717, 0.005056, -0.12892, -0.010078, -0.000792, -0.0, 0.0, 0.0, 0.531899, 0.0, 0.0, 1.0, 0.0, 0.0, -0.0, -0.0, 0.0, 0.0, 0.0, 0.011849, 0.060401, 0.063519, 0.187182, 0.038718, 0.018278, 0.519623, 0.066857, 0.031562, -0.025262, 0.114473, 0.05404, 0.009716, 0.011804, 0.006543, -0.053653, -0.11486, -0.005181, 0.043014, 0.004722, 0.061438, -0.177273, -0.01946, 0.020084, 0.005052, 0.000555, -0.022937, -0.005097, -0.000879, -0.014734, -0.05605, -0.002933, -0.013443, -0.006458, -0.004457, -0.09763, -0.046897, 0.005114, -0.003277, -0.001574, -0.005338, -0.006667, 0.000154, -0.002026, -0.010361, 0.000107, -0.001351, -0.001444, 0.003874, -0.015406, -0.016469, 0.001131, 0.000113, 0.000121, 0.000109, -0.001628, 0.0008, 0.007537, 0.015387, 0.025584, 0.004129, 0.006539, 0.148402, 0.015034, 0.023812, -0.004019, 0.014269, 0.0226, -0.001843, 0.00387, -0.000393, -0.004527, -0.011468, 0.013342, -0.000244, -0.004838, 0.098363, -0.001131, -0.022397, 0.002488, 0.000745, 0.014753, 0.002835, -0.000287, -8.8e-05, -0.001841, -0.008881, 0.001772, 0.000516, -0.002001, 0.027425, 0.004863, -0.018873, 0.001015, -0.000531, 0.002059, 0.001164, 0.000643, -0.003214, -0.005619, 0.052842, 0.001228, 0.002586, -0.076389, -0.133319, 0.03296, -0.02289, 0.06078, 0.128172, 0.22501, -0.005143, 0.022441, -0.096289, -0.500916, -0.471863, 0.03621, 0.097582, -0.069751, 0.392085, 0.369419, 0.125079, -0.125059, 0.075782, 0.139364, 0.238557, -0.008415, 0.103497, 0.017937, -0.000806, -0.015277, -0.0003, -0.000589, -0.000236, 0.007957, 0.043447, -4.8e-05, 0.004439, 0.006355, -0.000154, -0.003158, 5e-05, 5.8e-05, -0.000126], [-0.004202, -0.021415, -0.022515, 0.001106, 0.191475, 0.015217, 0.001909, 0.527036, 0.026268, 0.000164, -0.009445, -0.000792, 0.010552, -0.12996, -0.0, 0.0, 0.0, 0.0, 0.531899, -0.0, 0.0, 1.0, 0.0, 0.0, -0.0, 0.0, -0.0, 0.0, -0.096574, -0.492292, -0.517708, 0.038718, -0.123631, -0.148971, 0.066857, -0.017083, -0.25724, 0.002308, 0.010583, 0.011804, 0.038352, -0.040718, 0.016516, -0.135435, -0.289938, 0.043014, 0.086358, 0.011919, -0.177273, -0.315822, -0.049122, 0.010086, -0.037145, -0.005097, -0.034453, -0.010293, -0.001702, -0.028532, -0.108542, -0.013443, -0.022024, -0.012505, -0.09763, -0.143106, -0.090818, 0.003165, -0.01187, -0.006667, -0.006447, -0.011042, 0.00039, -0.005129, -0.026228, -0.001351, -0.00278, -0.003657, -0.015406, -0.029039, -0.041689, 0.001624, -0.00124, -0.001628, 0.00099, -0.003356, -0.0086, -0.081067, -0.165507, 0.004129, -0.018442, -0.070339, 0.015034, -0.011909, -0.256125, 0.018119, 0.001096, 0.00387, 0.03432, -0.018666, -0.000405, -0.004662, -0.01181, -0.000244, 0.013328, -0.004982, -0.001131, 0.098297, -0.023065, 0.001248, 0.000722, -0.000287, 0.003679, 0.014736, 0.000231, 0.00483, 0.023299, 0.000516, 0.000616, 0.005249, 0.004863, 0.01652, 0.049514, -0.001635, 6.1e-05, 0.000643, -0.003649, 0.000618, 0.11027, 0.192758, 0.001228, 0.01076, -0.088718, -0.08681, -0.151505, -0.02289, 0.02709, 0.069071, -0.050085, -0.087925, 0.022441, 0.043516, 0.037626, 0.212557, 0.200228, 0.097582, 0.224766, 0.029598, 0.347869, 0.327759, -0.125059, 0.155077, 0.067236, -0.224304, -0.383953, 0.103497, -0.110687, -0.02887, -0.001238, -0.023466, -0.000589, -0.000822, -0.000363, -0.01385, -0.075618, 0.004439, -0.005223, -0.011061, 0.000534, 0.010972, 5.8e-05, -0.000134, 0.000439], [0.107141, 0.54604, 0.574092, -0.028199, 0.015217, -0.195927, -0.04868, 0.026268, -0.141741, -0.004179, -0.000792, 0.010711, -0.008278, -0.00578, 0.0, 0.0, -0.0, 0.0, -0.0, 0.531899, 0.0, 0.0, 1.0, 0.0, 0.0, -0.0, 0.0, -0.0, -0.04559, -0.232401, -0.244399, 0.018278, -0.148971, 0.121606, 0.031562, -0.25724, 0.406388, 0.001089, 0.011804, -0.008849, -0.092872, 0.072123, 0.001813, -0.014867, -0.031828, 0.004722, 0.011919, -0.020913, -0.01946, -0.049122, 0.126273, 0.001107, -0.005097, 0.008729, -0.00893, 0.022034, -0.000818, -0.013706, -0.052139, -0.006458, -0.012505, -0.001998, -0.046897, -0.090818, 0.002333, 0.00152, -0.006667, -0.001194, -0.006834, -0.002311, 0.000417, -0.005483, -0.028038, -0.001444, -0.003657, -0.003268, -0.016469, -0.041689, -0.034606, 0.001736, -0.001628, -0.001458, -0.00047, -0.00369, -0.013621, -0.128399, -0.262142, 0.006539, -0.070339, -0.085441, 0.023812, -0.256125, -0.25587, 0.028697, 0.00387, 0.004782, 0.00844, -0.051434, -0.008024, -0.092345, -0.233922, -0.004838, -0.004982, -0.085096, -0.022397, -0.023065, -0.357387, 0.024719, -0.000287, -0.004948, 0.042798, -0.005095, -0.000898, -0.018743, -0.090416, -0.002001, 0.005249, -0.0184, -0.018873, 0.049514, -0.162868, 0.006346, 0.000643, -0.002268, 0.009551, 0.00595, 0.232276, 0.406031, 0.002586, -0.088718, -0.134001, 0.2305, 0.402282, 0.06078, 0.069071, -0.130297, 0.214903, 0.377269, -0.096289, 0.037626, -0.109161, -0.151933, -0.143121, -0.069751, 0.029598, 0.245018, -0.210797, -0.198611, 0.075782, 0.067236, 0.225291, -0.038875, -0.066544, 0.017937, -0.02887, 0.050886, -0.000496, -0.009402, -0.000236, -0.000363, -6.2e-05, -0.019828, -0.108258, 0.006355, -0.011061, -0.013333, -0.001168, -0.024009, -0.000126, 0.000439, -0.000893], [-0.008781, -0.08319, -0.034021, 0.021856, -0.004454, 0.113574, 0.016717, -0.000164, 0.004179, 0.082776, 0.001654, -0.042186, 0.087276, 0.006856, -0.0, 0.0, -0.0, 0.0, -0.0, 0.0, -0.0, 0.0, 0.0, 1.0, 0.0, 0.0, 0.0, 0.0, -0.008567, -0.081365, -0.033306, 0.032822, -0.099014, -0.046743, 0.025262, -0.002308, -0.001089, 0.075769, 0.056923, 0.026872, -0.052295, -0.063533, 1e-06, -0.00122, -0.010682, 0.000722, 0.00107, 0.000117, -0.022401, -0.016814, -0.001846, 0.000176, -0.001422, -0.000156, -0.000997, -0.000222, -0.0, -3.6e-05, -0.002127, -1.3e-05, -1.6e-05, -8e-06, -0.005114, -0.003165, -0.00152, 0.0, -5e-06, -3e-06, -3e-06, -3e-06, 0.0, -0.0, -0.000223, -0.0, -0.0, -0.0, -0.000262, -0.000453, -0.000484, 0.0, -0.0, -0.0, 0.0, -0.0, -0.0, -0.003005, -0.015935, 0.000234, -0.001762, -0.00279, 0.004019, -0.018119, -0.028697, 0.001284, 0.000158, 0.00025, 0.000928, -0.00195, -0.0, -0.000869, -0.010597, -5.2e-05, -4e-05, -0.000791, -0.002488, -0.001248, -0.024719, 0.000229, -3e-06, -5e-05, 0.000388, -3.9e-05, 0.0, -1.8e-05, -0.002621, -1e-06, 2e-06, -8e-06, -0.001015, 0.001635, -0.006346, 1e-06, 0.0, -0.0, 1e-06, 1e-06, -0.012282, -0.025477, -0.00027, 0.006092, 0.012832, -0.009122, -0.018808, -0.00516, -0.003339, 0.008866, -0.002929, -0.006173, 0.004384, -0.000306, 0.001311, 0.204134, 0.033345, 0.056109, -0.241108, 0.172342, 0.066829, 0.010928, 0.16502, -0.208808, 0.12653, -0.002471, -0.004736, 0.00484, -0.000485, -8.4e-05, -0.0, -9.7e-05, -0.0, -0.0, -0.0, -2.3e-05, -0.0035, 1e-06, -2e-06, -2e-06, -0.0, -0.000403, -0.0, 0.0, -0.0], [-8.7e-05, -0.000829, -0.000339, -0.00411, 0.007784, 0.001753, -0.005056, 0.009445, 0.000792, 0.001654, 0.033655, 0.008862, 0.002882, -0.016847, 0.0, 0.0, 0.0, 0.0, 0.0, -0.0, -0.0, -0.0, 0.0, 0.0, 1.0, 0.0, 0.0, 0.0, -0.003053, -0.028993, -0.011868, -0.090499, -0.043361, -0.026105, -0.114473, -0.010583, -0.011804, 0.056923, -0.14238, -0.08246, -0.025706, -0.048562, -1e-06, 0.002398, 0.020995, -0.000595, -0.002424, -0.000285, 0.000466, 0.049993, 0.006485, -0.001422, 0.001392, 0.000162, 0.002617, 0.000622, 0.0, 9.3e-05, 0.005455, 2e-05, 4.7e-05, 2.4e-05, 0.003277, 0.01187, 0.006667, -5e-06, 1e-05, 5e-06, 8e-06, 1.1e-05, 0.0, 0.0, 0.000166, 0.0, 0.0, 0.0, 3.3e-05, 0.000343, 0.000418, -0.0, 0.0, 0.0, -0.0, 0.0, -0.0, -0.000277, -0.00147, -0.000417, -0.000145, -0.000294, -0.014269, -0.001096, -0.00387, 0.000158, -0.000212, -0.000408, 0.000133, -0.000186, 0.0, 7e-06, 9.1e-05, -8e-06, -7e-06, 8e-06, -0.000745, -0.000722, 0.000287, -3e-06, 5e-06, -6e-06, -4e-06, -6e-06, 0.0, -1e-06, -0.000219, 0.0, 0.0, -1e-06, 0.000531, -6.1e-05, -0.000643, 0.0, -0.0, 0.0, 0.0, 0.0, -0.000228, -0.000473, 0.00183, 7.9e-05, 0.00028, 0.004277, 0.008818, 0.000267, 0.000677, -0.005204, -0.004113, -0.008668, 0.001972, 0.000991, 0.004668, -0.173654, -0.028367, -0.212694, -0.152167, -0.102565, 0.222343, 0.036357, -0.133914, -0.069617, 0.182256, -0.020614, -0.039516, 0.01092, -0.021743, -0.004222, 0.0, 0.000702, 0.0, 0.0, 0.0, -1.9e-05, -0.002916, 1e-06, -1e-06, -2e-06, -0.0, -7.1e-05, 0.0, 0.0, -0.0], [0.002231, 0.021135, 0.008643, 0.104805, 0.001753, -0.03685, 0.12892, 0.000792, -0.010711, -0.042186, 0.008862, -0.191972, -0.039451, -0.003769, 0.0, 0.0, 0.0, -0.0, -0.0, 0.0, 0.0, 0.0, -0.0, 0.0, 0.0, 1.0, 0.0, 0.0, -0.001441, -0.013687, -0.005603, -0.042723, -0.026105, -0.000387, -0.05404, -0.011804, 0.008849, 0.026872, -0.08246, -0.006635, -0.034164, -0.004794, -0.0, 0.000263, 0.002305, -6.5e-05, -0.000285, 0.00014, 5.1e-05, 0.006485, -0.008375, -0.000156, 0.000162, -7e-05, 0.000366, -0.000287, 0.0, 4.5e-05, 0.00262, 1e-05, 2.4e-05, 9e-06, 0.001574, 0.006667, 0.001194, -3e-06, 5e-06, 2e-06, 5e-06, 4e-06, 0.0, 0.0, 0.000178, 0.0, 0.0, 0.0, 3.6e-05, 0.000418, 0.000399, -0.0, 0.0, 0.0, -0.0, 0.0, -0.0, -0.000439, -0.002328, -0.00066, -0.000294, -0.000425, -0.0226, -0.00387, -0.004782, 0.00025, -0.000408, -0.000601, 0.00013, -0.000332, 0.0, 0.000148, 0.001804, -0.000149, 8e-06, 0.000142, -0.014753, 0.000287, 0.004948, -5e-05, -6e-06, -0.000122, -7.3e-05, 8e-06, 0.0, 6e-06, 0.000852, -1e-06, -1e-06, 3e-06, -0.002059, -0.000643, 0.002268, -0.0, 0.0, -0.0, -0.0, -0.0, -0.000481, -0.000997, 0.003855, 0.00028, 0.000536, -0.011356, -0.023414, -0.00071, -0.005204, 0.012536, 0.017646, 0.037194, -0.00846, 0.004668, -0.017951, 0.124126, 0.020276, 0.152032, -0.102565, -0.222344, -0.134733, -0.022031, 0.081147, 0.182256, 0.120711, -0.003573, -0.006849, 0.001893, -0.004222, 0.001888, 0.0, 0.000281, 0.0, 0.0, 0.0, -2.8e-05, -0.004174, 1e-06, -2e-06, -3e-06, 0.0, 0.000156, -0.0, -0.0, 0.0], [-0.015324, -0.145179, -0.059372, 0.022317, -0.01628, 0.199019, 0.010078, -0.010552, 0.008278, 0.087276, 0.002882, -0.039451, 0.188595, 0.030473, -0.0, -0.0, -0.0, -0.0, 0.0, 0.0, 0.0, -0.0, 0.0, 0.0, 0.0, 0.0, 1.0, 0.0, 0.009668, 0