{"HF": -406.79360284212, "coordinates": [[0.03353842, 1.359080064, 0.152333837], [-0.057865461, -0.000612813, 0.015041005], [-1.1839932, -0.613532552, 0.136674082], [-1.141683197, -1.994987661, 0.043469623], [-2.183302593, -2.69289988, -0.167725875], [0.132700649, -2.664560136, 0.236072185], [1.198034681, -2.038150283, 0.110192435], [1.121288277, -0.681114452, -0.208793829], [0.762714661, 1.83675781, -0.355198748], [-0.865708867, 1.818873266, 0.126718676], [-1.919012022, -3.679519081, -0.15616724], [2.012831596, -0.2289076, -0.070220559]], "elements": ["N", "C", "N", "C", "N", "N", "N", "N", "H", "H", "H", "H"], "Enn": 362.0959254954, "S": [[1.0, -0.335827, -0.155126, 0.0, -0.0, -0.0, -0.0, -0.0, -0.0, 0.0, -0.0, -0.0, 0.0, -0.0, -0.0, -0.020643, -0.050732, -0.002918, -0.001942, -0.028894, -0.009765, -0.006501, -0.096711, 0.016115, -0.000385, -0.005728, 0.028235, -0.003813, 0.0, -1.1e-05, -0.004675, 0.0, 1e-06, 2e-06, -7.9e-05, -0.006125, -0.009923, 1e-06, -0.0, -0.0, 0.0, -1e-06, 0.0, -0.0, -0.000365, -0.0, -0.0, -0.0, -2.5e-05, -0.000269, -0.000769, 0.0, 0.0, 0.0, 0.0, 0.0, 0.0, 0.0, -0.0, 0.0, 0.0, 0.0, -0.0, -0.0, -0.0, 0.0, 0.0, 0.0, 0.0, 0.0, 0.0, 0.0, -4e-06, 0.0, 0.0, 0.0, 0.0, 0.0, -5e-06, 0.0, 0.0, 0.0, 0.0, 0.0, 0.0, 0.0, -3.5e-05, 0.0, 0.0, 0.0, -1e-06, 1.9e-05, -5.7e-05, 0.0, 0.0, 0.0, 0.0, 0.0, 0.0, -9e-06, -0.004374, 0.0, -1e-06, 2e-06, -0.001681, 0.005064, -0.009498, 0.0, 0.0, -0.0, 0.0, 1e-06, -0.050788, -0.073722, -0.046127, 0.066272, 0.043414, -0.050535, -0.07362, -0.002309, -0.081053, 0.041443, 0.0, -0.0, 0.0, 0.0, 0.0, -1.5e-05, -0.007104, -0.0, 0.0, -0.0], [-0.335827, 1.0, 0.793016, 0.0, 0.0, 0.0, 0.0, 0.0, 0.0, -0.0, 0.0, 0.0, -0.0, 0.0, 0.012317, 0.196622, 0.331197, 0.024555, 0.016348, 0.243185, 0.052029, 0.034639, 0.515271, -0.109289, 0.002611, 0.038844, -0.191479, 0.025861, -1.1e-05, 0.003569, 0.051769, -2.5e-05, -0.001968, -0.003188, 0.000789, 0.061379, 0.099444, -0.002374, 2.9e-05, 4.7e-05, -0.001843, 0.003675, 0.0, 2e-05, 0.005403, 0.0, 4e-06, 1e-05, 0.000391, 0.004219, 0.012041, -2e-06, 0.0, 0.0, -2e-06, 2e-06, 0.0, 0.0, 1.5e-05, -0.0, -0.0, -0.0, 2e-06, 1.2e-05, 2.1e-05, 0.0, 0.0, 0.0, 0.0, 0.0, 0.0, 0.0, 0.000211, 0.0, 0.0, -0.0, -9e-06, -1e-05, 0.000419, -0.0, 0.0, -0.0, -0.0, -0.0, 0.0, 1e-06, 0.001133, -0.0, 0.0, -1e-06, 2.9e-05, -0.000801, 0.002337, -0.0, -0.0, 0.0, -0.0, -0.0, -9e-06, 0.003207, 0.049151, -0.000516, 0.001553, -0.002912, 0.017174, -0.05173, 0.097025, -0.001962, -0.000525, 0.000985, -0.001992, -0.002967, 0.356072, 0.454227, 0.208431, -0.299454, -0.19617, 0.354944, 0.453695, 0.010478, 0.36785, -0.188085, 0.0, 1.7e-05, 0.0, 0.0, 0.0, 0.002285, 0.063152, 0.000122, -0.001087, 0.000872], [-0.155126, 0.793016, 1.0, 0.0, 0.0, 0.0, 0.0, 0.0, -0.0, -0.0, 0.0, 0.0, -0.0, 0.0, 0.058292, 0.381383, 0.582306, 0.026469, 0.017622, 0.262141, 0.0631, 0.042009, 0.624913, -0.054389, 0.0013, 0.019331, -0.095292, 0.01287, -0.004675, 0.051769, 0.165218, -0.000308, -0.023911, -0.03874, 0.001825, 0.141909, 0.229917, -0.016616, 0.000204, 0.000331, -0.012902, 0.025728, 5.7e-05, 0.002782, 0.03003, 9e-05, 0.000975, 0.002783, 0.001966, 0.021221, 0.060564, -0.001092, 3.8e-05, 0.00011, -0.00148, 0.001183, -0.0, 1.5e-05, 0.00076, -1e-06, -7e-06, -1.2e-05, 0.000113, 0.00078, 0.001426, -8e-06, 1e-06, 2e-06, -7e-06, 1.1e-05, -4e-06, 0.000211, 0.004383, 4e-06, 5e-06, -0.000211, -0.000195, -0.000231, 0.009363, -0.000111, 0.0, -8e-06, -0.000192, -9e-06, -3.5e-05, 0.001133, 0.013276, -1.3e-05, 0.000372, -0.001084, 0.000324, -0.008952, 0.026115, -0.000571, -8e-06, 2.2e-05, -0.000781, -0.000607, -0.004374, 0.049151, 0.159657, -0.006705, 0.020197, -0.037882, 0.040566, -0.122187, 0.229176, -0.014843, -0.003972, 0.00745, -0.015063, -0.022441, 0.495454, 0.738514, 0.130406, -0.187355, -0.122735, 0.49467, 0.737881, 0.00657, 0.230646, -0.117931, 1e-06, 0.000423, 0.0, 0.0, 0.0, 0.035343, 0.174246, 0.002934, -0.026097, 0.020938], [0.0, 0.0, 0.0, 1.0, 0.0, 0.0, -0.523134, 0.0, 0.0, 0.0, 0.0, -0.0, 0.0, 0.0, 0.001482, 0.019598, 0.014819, -0.067972, 0.002234, 0.033228, -0.159912, 0.001894, 0.028171, -0.035666, -0.008218, -0.12225, -0.036022, 0.004865, -0.0, 2.5e-05, 0.000308, 0.000267, -1.5e-05, -2.4e-05, -0.018151, 0.000431, 0.000699, -2.4e-05, -0.000301, -0.000488, -1.5e-05, 3e-05, 0.0, 0.0, 0.00015, -0.0, 0.0, 0.0, -0.001111, 0.000133, 0.000378, -0.0, -0.0, -0.0, -0.0, 0.0, 0.0, 0.0, 1e-06, 0.0, 0.0, 0.0, -1e-06, 1e-06, 1e-06, 0.0, 0.0, 0.0, 0.0, 0.0, 0.0, -0.0, -4e-06, 0.0, -0.0, 0.0, -2.2e-05, 0.0, -9e-06, 0.0, 0.0, -0.0, 0.0, 0.0, 0.0, 0.0, 1.3e-05, 0.0, 0.0, -0.0, -0.00017, -1e-05, 3e-05, -0.0, 0.0, -0.0, -0.0, -0.0, -0.0, 0.000516, 0.006705, 0.000144, 0.000259, -0.000486, -0.01427, -0.008334, 0.015632, -0.000442, 0.000134, -0.000252, -0.00036, -0.000536, 0.166628, 0.071907, -0.043278, -0.22046, -0.144422, 0.008376, 0.003625, -0.195372, 0.013653, -0.006981, 0.0, 1e-06, 0.0, 0.0, 0.0, 0.00021, 0.003913, -6.1e-05, -9e-05, 7.2e-05], [-0.0, 0.0, 0.0, 0.0, 1.0, 0.0, 0.0, -0.523134, -0.0, 0.0, 0.0, 0.0, 0.0, -0.0, 0.000987, 0.013048, 0.009866, 0.002234, -0.06984, 0.022122, 0.001894, -0.161496, 0.018755, -0.00866, -0.012755, 0.004865, -0.032691, -0.126319, -1e-06, 0.001968, 0.023911, -1.5e-05, -0.000866, -0.001835, 0.000431, 0.015365, 0.05431, -0.001311, 1.4e-05, 3e-05, -0.001454, 0.001811, 0.0, 5e-06, 0.001617, 0.0, 1e-06, 2e-06, 0.000133, 0.000307, 0.004082, -0.0, 0.0, 0.0, -0.0, 0.0, 0.0, 0.0, 7e-06, 0.0, 0.0, 0.0, 1e-06, 4e-06, 1e-05, 0.0, 0.0, 0.0, 0.0, 0.0, 0.0, -0.0, -5e-06, -0.0, 0.0, 0.0, 0.0, -2.2e-05, -1.1e-05, 0.0, 0.0, 0.0, 0.0, -0.0, 0.0, -0.0, -0.000372, 0.0, -0.0, 0.0, -1e-05, 0.000115, -0.000834, 0.0, 0.0, -0.0, 0.0, 0.0, 1e-06, -0.001553, -0.020197, 0.000259, -0.00055, 0.001464, -0.008334, 0.008066, -0.047084, 0.000935, 0.00021, -0.000536, 0.001312, 0.001184, -0.239396, -0.103309, -0.22046, 0.12001, 0.207492, 0.294053, 0.127247, 0.013653, 0.283526, -0.245064, 0.0, 6e-06, 0.0, 0.0, 0.0, -0.001868, -0.034799, -9e-05, 0.000728, -0.000642], [-0.0, 0.0, 0.0, 0.0, 0.0, 1.0, 0.0, -0.0, -0.523134, 0.0, 0.0, 0.0, 0.0, 0.0, 0.014676, 0.194095, 0.146764, 0.033228, 0.022122, 0.257746, 0.028171, 0.018755, 0.116237, -0.128818, 0.004865, 0.059289, -0.227188, 0.039472, -2e-06, 0.003188, 0.03874, -2.4e-05, -0.001835, -0.002707, 0.000699, 0.05431, 0.069836, -0.002124, 3e-05, 4.4e-05, -0.00138, 0.003423, 0.0, 1.5e-05, 0.004616, 0.0, 2e-06, 6e-06, 0.000378, 0.004082, 0.010528, -1e-06, 0.0, 0.0, -1e-06, 1e-06, 0.0, 0.0, 1.2e-05, 0.0, 0.0, 0.0, 1e-06, 1e-05, 1.7e-05, 0.0, 0.0, 0.0, 0.0, 0.0, 0.0, 0.0, 0.000211, 0.0, 0.0, -0.0, -9e-06, -1.1e-05, 0.00042, -0.0, 0.0, -0.0, -0.0, -0.0, 0.0, 1e-06, 0.001084, -0.0, 0.0, -0.0, 3e-05, -0.000834, 0.002264, -0.0, -0.0, 0.0, -0.0, -0.0, -2e-06, 0.002912, 0.037882, -0.000486, 0.001464, -0.002516, 0.015632, -0.047084, 0.071273, -0.001754, -0.000536, 0.000929, -0.001602, -0.002797, -0.156826, -0.067677, -0.144422, 0.207492, -0.0608, -0.150352, -0.065062, -0.006981, -0.245064, -0.070458, 0.0, 1.5e-05, 0.0, 0.0, 0.0, 0.001499, 0.027919, 7.2e-05, -0.000642, 0.000443], [-0.0, 0.0, 0.0, -0.523134, 0.0, 0.0, 1.0, 0.0, 0.0, 0.0, 0.0, -0.0, 0.0, 0.0, -0.012403, -0.056756, -0.049893, 0.225229, -0.003321, -0.049406, 0.51867, -0.004238, -0.06304, 0.034782, 0.01256, 0.186836, 0.021866, -0.002953, 7.9e-05, -0.000789, -0.001825, -0.018151, 0.000431, 0.000699, 0.121633, -0.001819, -0.002946, 0.000549, 0.013544, 0.021943, 0.00027, -0.000538, -3e-06, -0.000191, -0.00169, 0.000504, -7.4e-05, -0.00021, 0.016335, -0.001354, -0.003866, 0.000115, 0.000216, 0.000618, 0.000124, -9.9e-05, 0.0, -2e-06, -0.000113, -1e-06, 1e-06, 1e-06, 0.000206, -0.000125, -0.000228, 1e-06, 1e-06, 1e-06, 1e-06, -1e-06, -0.0, 9e-06, 0.000195, -2.2e-05, 0.0, -9e-06, 0.001732, -1.1e-05, 0.00046, -6e-06, -1e-06, 4.2e-05, -9e-06, -0.0, 1e-06, -2.9e-05, -0.000324, -0.00017, -1e-05, 3e-05, 0.006359, 0.000245, -0.000715, 2.2e-05, -0.000102, 0.000299, 2.4e-05, 1.9e-05, 0.001681, -0.017174, -0.040566, -0.01427, -0.008334, 0.015632, 0.10493, 0.035996, -0.067514, 0.011447, -0.009434, 0.017694, 0.007207, 0.010737, -0.306909, -0.226457, 0.223849, 0.149217, 0.097751, -0.015462, -0.011419, 0.326791, -0.009269, 0.004739, -0.0, -5e-05, 0.0, -0.0, -0.0, -0.006915, -0.021463, 0.010627, 0.006133, -0.004921], [-0.0, 0.0, 0.0, 0.0, -0.523134, -0.0, 0.0, 1.0, 0.0, 0.0, 0.0, 0.0, 0.0, -0.0, -0.008258, -0.037786, -0.033216, -0.003321, 0.228006, -0.032893, -0.004238, 0.522214, -0.041969, 0.000885, 0.019115, -0.002953, 0.027416, 0.189306, 0.006125, -0.061379, -0.141909, 0.000431, 0.015365, 0.05431, -0.001819, -0.019732, -0.229074, 0.019197, -0.000158, -0.000538, 0.034528, -0.019886, -3.3e-05, -0.002063, -0.018246, -7.4e-05, -0.000284, -0.002268, -0.001354, 0.001838, -0.041731, 0.000857, -1.4e-05, -9.9e-05, 0.001553, -0.000438, 0.0, -1.2e-05, -0.00078, 1e-06, 4e-06, 1e-05, -0.000125, -0.00064, -0.001579, 6e-06, -1e-06, -1e-06, 7e-06, -8e-06, -0.0, 1e-05, 0.000231, 0.0, -2.2e-05, -1.1e-05, -1.1e-05, 0.001728, 0.000545, -6e-06, -1e-06, -0.0, -1.2e-05, 4.2e-05, -1.9e-05, 0.000801, 0.008952, -1e-05, 0.000115, -0.000834, 0.000245, -0.000402, 0.019751, -0.000432, -3e-06, 1.9e-05, -0.000775, -0.000223, -0.005064, 0.05173, 0.122187, -0.008334, 0.008066, -0.047084, 0.035996, 0.008458, 0.203357, -0.014847, -0.001962, 0.010737, -0.033042, -0.011082, 0.440939, 0.325352, 0.149217, 0.113328, -0.140439, -0.542808, -0.400872, -0.009269, 0.001659, 0.166378, -0.0, -0.000318, -0.0, -0.0, -0.0, 0.061496, 0.190881, 0.006133, -0.043229, 0.043762], [-0.0, 0.0, -0.0, 0.0, -0.0, -0.523134, 0.0, 0.0, 1.0, 0.0, 0.0, 0.0, 0.0, 0.0, -0.122838, -0.562091, -0.494116, -0.049406, -0.032893, -0.259082, -0.06304, -0.041969, -0.099284, 0.013171, -0.002953, -0.024618, 0.025283, -0.01639, 0.009923, -0.099444, -0.229917, 0.000699, 0.05431, 0.069836, -0.002946, -0.229074, -0.249484, 0.031102, -0.000538, -0.000698, 0.012041, -0.054233, -9.6e-05, -0.005888, -0.052073, -0.00021, -0.002268, -0.005961, -0.003866, -0.041731, -0.10264, 0.002445, -9.9e-05, -0.000261, 0.003179, -0.002821, 0.0, -2.1e-05, -0.001426, 1e-06, 1e-05, 1.7e-05, -0.000228, -0.001579, -0.002662, 1.1e-05, -1e-06, -2e-06, 9e-06, -1.6e-05, 5e-06, -0.000419, -0.009363, -9e-06, -1.1e-05, 0.00042, 0.00046, 0.000545, -0.020363, 0.00023, -0.0, 1.7e-05, 0.000398, 2.1e-05, 5.7e-05, -0.002337, -0.026115, 3e-05, -0.000834, 0.002264, -0.000715, 0.019751, -0.051254, 0.001261, 1.9e-05, -5.1e-05, 0.001662, 0.001421, 0.009498, -0.097025, -0.229176, 0.015632, -0.047084, 0.071273, -0.067514, 0.203357, -0.264539, 0.027847, 0.010737, -0.016375, 0.019457, 0.049324, 0.288855, 0.213136, 0.097751, -0.140439, 0.235708, 0.277543, 0.204969, 0.004739, 0.166378, 0.241985, -1e-06, -0.000819, -0.0, -0.0, -0.0, -0.049338, -0.153144, -0.004921, 0.043762, -0.023794], [0.0, -0.0, -0.0, 0.0, 0.0, 0.0, 0.0, 0.0, 0.0, 1.0, 0.0, 0.0, 0.0, 0.0, -0.010926, -0.07775, -0.023692, -0.03294, -0.007226, -0.10749, -0.01769, 0.000574, 0.008535, 0.086441, -0.004455, -0.066274, 0.074594, -0.010075, 1e-06, -0.002374, -0.016616, 2.4e-05, 0.001311, 0.002124, -0.000549, -0.019197, -0.031102, 0.001721, -2.8e-05, -4.6e-05, 0.001283, -0.002559, 0.0, -9e-06, -0.001916, -0.0, -1e-06, -3e-06, -0.00024, -0.001613, -0.004604, 0.0, -0.0, -0.0, 0.0, -0.0, 0.0, 0.0, -8e-06, 0.0, 0.0, 0.0, -1e-06, -6e-06, -1.1e-05, 0.0, 0.0, 0.0, 0.0, 0.0, 0.0, -0.0, -0.000111, -0.0, -0.0, 0.0, 6e-06, 6e-06, -0.00023, 0.0, -0.0, 0.0, 0.0, 0.0, 0.0, -0.0, -0.000571, 0.0, -0.0, 0.0, -2.2e-05, 0.000432, -0.001261, 0.0, 0.0, -0.0, 0.0, 0.0, 0.0, -0.001962, -0.014843, 0.000442, -0.000935, 0.001754, -0.011447, 0.014847, -0.027847, 0.001219, 0.000463, -0.000868, 0.001233, 0.001837, -0.031525, -0.003945, -0.230241, -0.084712, -0.055494, -0.130623, -0.016402, -0.017507, -0.104825, 0.053598, 0.0, -8e-06, 0.0, 0.0, 0.0, -0.00143, -0.012223, -8.6e-05, 0.000577, -0.000463], [-0.0, 0.0, 0.0, 0.0, 0.0, 0.0, 0.0, 0.0, 0.0, 0.0, 1.0, 0.0, 0.0, 0.0, 0.000261, 0.001858, 0.000566, -0.008054, -0.012462, 0.00431, -0.007004, -0.010626, 0.001259, -0.004455, 0.045605, -0.018481, -0.007783, -0.028744, -0.0, 2.9e-05, 0.000204, 0.000301, -1.4e-05, -3e-05, -0.013544, 0.000158, 0.000538, -2.8e-05, -0.000292, -0.000583, -2.5e-05, 3.2e-05, 0.0, 0.0, 6.7e-05, -0.0, 0.0, 0.0, -0.000557, 1.6e-05, 0.000194, -0.0, -0.0, -0.0, -0.0, 0.0, 0.0, 0.0, 1e-06, 0.0, 0.0, 0.0, -1e-06, 1e-06, 1e-06, 0.0, 0.0, 0.0, 0.0, 0.0, 0.0, 0.0, 0.0, -0.0, -0.0, -0.0, 1e-06, 1e-06, 0.0, -0.0, 0.0, 0.0, -0.0, 0.0, 0.0, -0.0, -8e-06, -0.0, -0.0, 0.0, 0.000102, 3e-06, -1.9e-05, 0.0, -0.0, 0.0, 0.0, 0.0, 0.0, -0.000525, -0.003972, -0.000134, -0.00021, 0.000536, 0.009434, 0.001962, -0.010737, 0.000463, -9.8e-05, 0.00024, 0.000503, 0.000481, -0.165164, -0.020667, 0.043741, 0.114836, 0.18461, 0.010231, 0.001285, -0.293707, 0.013136, -0.011003, 0.0, 1e-06, 0.0, 0.0, 0.0, -0.000344, -0.002942, 9.3e-05, 0.000142, -0.000124], [-0.0, 0.0, 0.0, -0.0, 0.0, 0.0, -0.0, 0.0, 0.0, 0.0, 0.0, 1.0, 0.0, 0.0, 0.003883, 0.027634, 0.008421, -0.11981, 0.00431, 0.051367, -0.104185, 0.001259, 0.008023, -0.066274, -0.018481, -0.228076, -0.05672, 0.009663, -0.0, 4.7e-05, 0.000331, 0.000488, -3e-05, -4.4e-05, -0.021943, 0.000538, 0.000698, -4.6e-05, -0.000583, -0.000877, -2.5e-05, 6e-05, 0.0, 1e-06, 0.000192, -0.0, 0.0, 0.0, -0.001589, 0.000194, 0.000503, -0.0, -0.0, -0.0, -0.0, 0.0, 0.0, 0.0, 2e-06, 0.0, 0.0, 0.0, -1e-06, 1e-06, 2e-06, 0.0, 0.0, 0.0, 0.0, 0.0, 0.0, -0.0, -8e-06, 0.0, -0.0, 0.0, -4.2e-05, 0.0, -1.7e-05, 0.0, 0.0, -0.0, 0.0, 0.0, 0.0, 0.0, 2.2e-05, 0.0, 0.0, -0.0, -0.000299, -1.9e-05, 5.1e-05, -0.0, 0.0, -0.0, -0.0, -0.0, -0.0, 0.000985, 0.00745, 0.000252, 0.000536, -0.000929, -0.017694, -0.010737, 0.016375, -0.000868, 0.00024, -0.00042, -0.000644, -0.001103, -0.108198, -0.013539, 0.028655, 0.18461, -0.046035, -0.005231, -0.000657, 0.150175, -0.011003, -0.002758, 0.0, 1e-06, 0.0, 0.0, 0.0, 0.000276, 0.00236, -7.5e-05, -0.000124, 8.7e-05], [0.0, -0.0, -0.0, 0.0, 0.0, 0.0, 0.0, 0.0, 0.0, 0.0, 0.0, 0.0, 1.0, 0.0, -0.019143, -0.136221, -0.041508, -0.031914, -0.029736, -0.189782, -0.009325, -0.013339, 0.01373, 0.074594, -0.007783, -0.05672, 0.181235, -0.05742, 0.0, -0.001843, -0.012902, 1.5e-05, 0.001454, 0.00138, -0.00027, -0.034528, -0.012041, 0.001283, -2.5e-05, -2.5e-05, 2.1e-05, -0.002511, 0.0, -1.2e-05, -0.002598, -0.0, -2e-06, -4e-06, -0.000243, -0.003191, -0.005893, 0.0, -0.0, -0.0, 0.0, -0.0, 0.0, 0.0, -7e-06, 0.0, 0.0, 0.0, -1e-06, -7e-06, -9e-06, 0.0, 0.0, 0.0, 0.0, 0.0, 0.0, -0.0, -0.000192, -0.0, -0.0, 0.0, 9e-06, 1.2e-05, -0.000398, 0.0, -0.0, 0.0, 0.0, 0.0, 0.0, -0.0, -0.000781, 0.0, -0.0, 0.0, -2.4e-05, 0.000775, -0.001662, 0.0, 0.0, -0.0, 0.0, 0.0, 0.0, -0.001992, -0.015063, 0.00036, -0.001312, 0.001602, -0.007207, 0.033042, -0.019457, 0.001233, 0.000503, -0.000644, 0.000579, 0.002391, 0.06773, 0.008475, 0.080436, 0.124327, -0.232854, 0.132636, 0.016655, 0.007947, -0.015335, -0.293136, 0.0, -1e-05, 0.0, 0.0, 0.0, 0.000545, 0.004661, 2.7e-05, -0.000134, 0.000284], [-0.0, 0.0, 0.0, 0.0, -0.0, 0.0, 0.0, -0.0, 0.0, 0.0, 0.0, 0.0, 0.0, 1.0, 0.002585, 0.018398, 0.005606, 0.00431, -0.123414, 0.034198, 0.001259, -0.105238, 0.005341, -0.010075, -0.028744, 0.009663, -0.05742, -0.236157, -1e-06, 0.003675, 0.025728, -3e-05, -0.001811, -0.003423, 0.000538, 0.019886, 0.054233, -0.002559, 3.2e-05, 6e-05, -0.002511, 0.003768, 0.0, 9e-06, 0.002076, 0.0, 1e-06, 3e-06, 0.000194, 0.000493, 0.005428, -0.0, 0.0, 0.0, -0.0, 0.0, 0.0, 0.0, 1.1e-05, 0.0, 0.0, 0.0, 1e-06, 8e-06, 1.6e-05, 0.0, 0.0, 0.0, 0.0, 0.0, 0.0, -0.0, -9e-06, -0.0, 0.0, 0.0, 0.0, -4.2e-05, -2.1e-05, 0.0, 0.0, 0.0, 0.0, -0.0, 0.0, -0.0, -0.000607, 0.0, -0.0, 0.0, -1.9e-05, 0.000223, -0.001421, 0.0, 0.0, -0.0, 0.0, 0.0, 1e-06, -0.002967, -0.022441, 0.000536, -0.001184, 0.002797, -0.010737, 0.011082, -0.049324, 0.001837, 0.000481, -0.001103, 0.002391, 0.002536, 0.155449, 0.019451, 0.18461, -0.108081, 0.066139, -0.183648, -0.023061, -0.011003, -0.235795, -0.096809, 0.0, 9e-06, 0.0, 0.0, 0.0, -0.002456, -0.02099, -0.000124, 0.001011, -0.000772], [-0.0, 0.012317, 0.058292, 0.001482, 0.000987, 0.014676, -0.012403, -0.008258, -0.122838, -0.010926, 0.000261, 0.003883, -0.019143, 0.002585, 1.0, 0.325565, 0.151774, 0.0, -0.0, -0.0, 0.0, -0.0, 0.0, -0.0, -0.0, 0.0, -0.0, 0.0, -1e-06, 0.018461, 0.067062, 0.00223, -0.020645, -0.011237, -0.012934, 0.119748, 0.065176, -0.018336, -0.00539, -0.002933, 0.017559, 0.027159, 0.0, 0.000356, 0.014553, -3e-06, 0.0001, 0.000183, -0.000452, 0.01724, 0.031724, -2.3e-05, -0.0, -1e-06, -2.2e-05, 3.3e-05, 0.0, 0.0, 9.8e-05, 0.0, 0.0, 0.0, 1e-05, 0.000114, 0.000144, 0.0, 0.0, 0.0, 0.0, 0.0, 0.0, 1e-06, 0.001908, 0.0, 0.0, -0.0, -0.000375, -0.000323, 0.004516, -0.0, 0.0, -0.0, -0.0, -0.0, 0.0, 1e-05, 0.004836, 0.0, 1e-06, -2e-06, -0.000476, -0.006277, 0.010184, -1e-06, 0.0, -0.0, -0.0, -1e-06, -0.0, 0.0117, 0.057263, -0.002259, 0.0119, -0.006868, 0.019807, -0.104343, 0.060218, -0.009712, -0.005064, 0.002923, 0.008897, -0.015397, 0.000651, 0.024391, 2e-05, -4.5e-05, -0.000101, 0.000883, 0.026674, -1e-05, 7.3e-05, -0.000165, 0.0, 0.000105, 0.0, 0.0, 0.0, 0.000516, 0.022781, 3e-06, -7.7e-05, 9e-06], [-0.020643, 0.196622, 0.381383, 0.019598, 0.013048, 0.194095, -0.056756, -0.037786, -0.562091, -0.07775, 0.001858, 0.027634, -0.136221, 0.018398, 0.325565, 1.0, 0.798485, 0.0, -0.0, 0.0, 0.0, -0.0, -0.0, 0.0, 0.0, 0.0, -0.0, 0.0, -0.027711, 0.236662, 0.42121, 0.021505, -0.1991, -0.108364, -0.056143, 0.519799, 0.282912, -0.086192, -0.025335, -0.013789, 0.082539, 0.127667, 0.000356, 0.024652, 0.129684, -0.000363, 0.013843, 0.025474, -0.003351, 0.127735, 0.235051, -0.012647, -0.000262, -0.000482, -0.01192, 0.018385, -0.0, 4.2e-05, 0.004091, -2e-06, -2.1e-05, -2.7e-05, 0.000492, 0.005723, 0.007249, -1.9e-05, 2e-06, 3e-06, -8e-06, 3.2e-05, -1.6e-05, 0.002131, 0.03375, 0.000184, 0.000158, -0.002214, -0.006193, -0.00534, 0.074642, -0.001308, 2.7e-05, -0.000379, -0.002274, -0.000327, -0.000111, 0.007299, 0.065291, 0.000318, 0.004193, -0.006803, -0.005546, -0.0732, 0.118757, -0.004664, 0.000338, -0.000548, -0.003641, -0.007239, -0.019885, 0.192045, 0.3766, -0.031096, 0.163813, -0.094538, 0.091245, -0.480675, 0.277403, -0.072833, -0.037981, 0.021919, 0.066722, -0.11547, 0.035596, 0.19168, 0.007014, -0.015546, -0.034809, 0.04185, 0.205668, -0.002588, 0.018721, -0.042166, 2e-06, 0.002622, 0.0, 0.0, 0.0, 0.031465, 0.18165, 0.001385, -0.033638, 0.003709], [-0.050732, 0.331197, 0.582306, 0.014819, 0.009866, 0.146764, -0.049893, -0.033216, -0.494116, -0.023692, 0.000566, 0.008421, -0.041508, 0.005606, 0.151774, 0.798485, 1.0, 0.0, 0.0, 0.0, -0.0, 0.0, 0.0, -0.0, -0.0, 0.0, -0.0, 0.0, -0.056047, 0.359888, 0.618219, 0.01434, -0.132768, -0.072262, -0.047107, 0.436132, 0.237374, -0.022996, -0.006759, -0.003679, 0.022021, 0.034061, 0.014553, 0.129684, 0.299869, -0.001274, 0.048565, 0.089366, -0.005274, 0.201079, 0.370014, -0.024574, -0.000509, -0.000937, -0.023163, 0.035726, -0.000537, 0.007459, 0.037881, -0.000354, -0.004114, -0.005211, 0.003633, 0.042244, 0.05351, -0.00252, 0.00029, 0.000367, -0.001019, 0.00427, -0.004457, 0.043576, 0.135093, 0.002774, 0.002392, -0.033432, -0.016984, -0.014643, 0.204694, -0.01022, 0.000212, -0.002963, -0.017765, -0.002555, -0.008639, 0.075675, 0.201051, 0.002144, 0.028295, -0.045906, -0.011159, -0.14729, 0.238959, -0.015069, 0.001092, -0.001772, -0.011765, -0.02339, -0.050094, 0.327719, 0.577894, -0.023891, 0.125857, -0.072634, 0.080687, -0.425056, 0.245304, -0.022571, -0.01177, 0.006793, 0.020677, -0.035784, 0.15082, 0.388768, 0.018982, -0.04207, -0.094199, 0.162979, 0.407685, -0.006231, 0.045076, -0.101523, 0.001381, 0.021496, 5e-05, 0.000549, 0.001084, 0.142157, 0.374925, 0.004098, -0.09952, 0.010972], [-0.002918, 0.024555, 0.026469, -0.067972, 0.002234, 0.033228, 0.225229, -0.003321, -0.049406, -0.03294, -0.008054, -0.11981, -0.031914, 0.00431, 0.0, 0.0, 0.0, 1.0, -0.0, -0.0, 0.531899, -0.0, 0.0, -0.0, -0.0, 0.0, 0.0, -0.0, -0.003834, 0.027415, 0.026204, -0.090188, -0.032387, -0.017627, 0.256424, 0.04111, 0.022375, -0.037211, 0.135146, 0.073556, 0.018804, 0.029085, 3e-06, 0.000363, 0.001274, 0.003848, 0.000236, 0.000434, 0.056763, 0.001515, 0.002787, -0.000333, 0.002743, 0.005048, -0.000236, 0.000364, 0.0, -1e-06, -0.000232, -1e-06, 1e-06, 1e-06, 0.000791, -0.00036, -0.000456, 1e-06, 1e-06, 1e-06, 0.0, -1e-06, -0.0, 0.00017, 0.002877, -0.000117, 1.3e-05, -0.000181, 0.010543, -0.000533, 0.007452, -0.000145, -1.7e-05, 0.000243, -0.000205, -3e-05, -2e-06, 0.000317, 0.002573, -0.000698, 0.000199, -0.000323, 0.025074, -0.003443, 0.005585, -0.000327, -0.000793, 0.001286, -0.0002, -0.000398, 0.004524, -0.038878, -0.04255, -0.060307, -0.04533, 0.02616, 0.213541, 0.068747, -0.039675, 0.05063, -0.091138, 0.052596, -0.0252, 0.043612, -0.007723, -0.023969, 0.003862, 0.004034, 0.009032, 0.002821, 0.007801, 0.007058, 0.001535, -0.003456, -0.0, -0.000109, 0.0, -0.0, -0.0, -0.001538, -0.005208, 0.00463, 0.001941, -0.000214], [-0.001942, 0.016348, 0.017622, 0.002234, -0.06984, 0.022122, -0.003321, 0.228006, -0.032893, -0.007226, -0.012462, 0.00431, -0.029736, -0.123414, -0.0, -0.0, 0.0, -0.0, 1.0, 0.0, -0.0, 0.531899, 0.0, 0.0, -0.0, -0.0, -0.0, 0.0, 0.0355, -0.253817, -0.242606, -0.032387, 0.206162, 0.163199, 0.04111, -0.119748, -0.207157, 0.10044, 0.038218, 0.029085, -0.033178, -0.192583, -0.0001, -0.013843, -0.048565, 0.000236, -0.005141, -0.016553, 0.001515, -0.000942, -0.106258, 0.007947, 0.000125, 0.000364, 0.011735, -0.008803, 0.0, -1.5e-05, -0.002696, 1e-06, 6e-06, 8e-06, -0.00036, -0.003361, -0.005298, 5e-06, -1e-06, -1e-06, 3e-06, -9e-06, -0.0, 0.000147, 0.002481, 1.3e-05, -0.000121, -0.000156, -0.000533, 0.010701, 0.006424, -9e-05, -2.1e-05, -3e-05, -0.000197, 0.000252, -2.6e-05, 0.004185, 0.033956, 0.000199, 0.001915, -0.004263, -0.003443, -0.020106, 0.073721, -0.002917, 0.000184, -0.000398, -0.003455, -0.003938, -0.023835, 0.204807, 0.22415, -0.04533, 0.169884, -0.137812, 0.068747, -0.135565, 0.209004, -0.084014, -0.055546, 0.043612, 0.027272, -0.168871, 0.017118, 0.053123, 0.004034, -0.003258, -0.020019, -0.020408, -0.056431, 0.001535, -0.00383, 0.025001, -0.0, -0.001189, -0.0, -0.0, -0.0, 0.037341, 0.126494, 0.001941, -0.042436, 0.005198], [-0.028894, 0.243185, 0.262141, 0.033228, 0.022122, 0.257746, -0.049406, -0.032893, -0.259082, -0.10749, 0.00431, 0.051367, -0.189782, 0.034198, -0.0, 0.0, 0.0, -0.0, 0.0, 1.0, 0.0, 0.0, 0.531899, -0.0, -0.0, -0.0, -0.0, -0.0, 0.019322, -0.138145, -0.132044, -0.017627, 0.163199, -0.004861, 0.022375, -0.207157, 0.148115, 0.054667, 0.029085, 0.00061, -0.171453, -0.005644, -0.000183, -0.025474, -0.089366, 0.000434, -0.016553, -0.026605, 0.002787, -0.106258, -0.138726, 0.014624, 0.000364, 0.000597, 0.011479, -0.022757, 0.0, -1.9e-05, -0.003415, 1e-06, 8e-06, 1e-05, -0.000456, -0.005298, -0.00589, 7e-06, -1e-06, -1e-06, 2e-06, -1.1e-05, 4e-06, -0.002049, -0.034676, -0.000181, -0.000156, 0.002055, 0.007452, 0.006424, -0.078648, 0.001264, -3e-05, 0.00039, 0.002198, 0.000336, 4.2e-05, -0.00679, -0.05509, -0.000323, -0.004263, 0.006203, 0.005585, 0.073721, -0.094268, 0.004732, -0.000398, 0.000584, 0.002971, 0.007713, 0.013755, -0.118196, -0.129359, 0.02616, -0.137812, 0.010621, -0.039675, 0.209004, 0.105973, 0.048485, 0.043612, -0.005145, -0.137489, 0.027106, 0.038328, 0.118947, 0.009032, -0.020019, -0.039143, 0.045965, 0.127099, -0.003456, 0.025001, -0.049038, -1e-06, -0.00235, -0.0, -0.0, -0.0, -0.004117, -0.013946, -0.000214, 0.005198, 0.004136], [-0.009765, 0.052029, 0.0631, -0.159912, 0.001894, 0.028171, 0.51867, -0.004238, -0.06304, -0.01769, -0.007004, -0.104185, -0.009325, 0.001259, 0.0, 0.0, -0.0, 0.531899, -0.0, 0.0, 1.0, 0.0, 0.0, 0.0, 0.0, 0.0, -0.0, 0.0, -0.009714, 0.05064, 0.059677, -0.177542, -0.022865, -0.012445, 0.557688, 0.049604, 0.026998, -0.01678, 0.096005, 0.052253, 0.00444, 0.006867, 0.000452, 0.003351, 0.005274, 0.056763, 0.001515, 0.002787, 0.245298, 0.004123, 0.007587, -0.001688, 0.025563, 0.047039, -0.000861, 0.001328, 6.6e-05, -0.000945, -0.004253, -0.001606, 0.000594, 0.000752, 0.021125, -0.005394, -0.006833, 0.000567, 0.001469, 0.001861, 0.000169, -0.000706, -0.00093, 0.008431, 0.020611, -0.013335, 0.000544, -0.0076, 0.092317, -0.002582, 0.036096, -0.004312, -0.001153, 0.016112, -0.004681, -0.000673, -0.000864, 0.006779, 0.013695, -0.026996, 0.003009, -0.004882, 0.150755, -0.011655, 0.018909, -0.003243, -0.015633, 0.025362, -0.001455, -0.002892, 0.015688, -0.083817, -0.102024, -0.153221, -0.039323, 0.022693, 0.503623, 0.088342, -0.050983, 0.028155, -0.086494, 0.049917, -0.00756, 0.013084, -0.054876, -0.087285, 0.059307, 0.018868, 0.042248, 0.01807, 0.027706, 0.073838, 0.006171, -0.013898, -0.000128, -0.001802, 0.000185, -5.5e-05, -0.000109, -0.01182, -0.019333, 0.062587, 0.010186, -0.001123], [-0.006501, 0.034639, 0.042009, 0.001894, -0.161496, 0.018755, -0.004238, 0.522214, -0.041969, 0.000574, -0.010626, 0.001259, -0.013339, -0.105238, -0.0, -0.0, 0.0, -0.0, 0.531899, 0.0, 0.0, 1.0, 0.0, 0.0, 0.0, 0.0, 0.0, 0.0, 0.089938, -0.468846, -0.552513, -0.022865, 0.031686, 0.115221, 0.049604, 0.103789, -0.249961, -0.01329, 0.002101, 0.006867, 0.056262, -0.010586, -0.01724, -0.127735, -0.201079, 0.001515, -0.000942, -0.106258, 0.004123, 0.088227, -0.289231, 0.020061, 5.1e-05, 0.001328, 0.058411, -0.003562, 0.000763, -0.010991, -0.049455, 0.000594, 0.005247, 0.008746, -0.005394, -0.04114, -0.079459, 0.003972, -0.000427, -0.000706, 0.003477, -0.006292, -0.000802, 0.007269, 0.01777, 0.000544, -0.013497, -0.006553, -0.002582, 0.093085, 0.031121, -0.001624, -0.001353, -0.000673, -0.005244, 0.016313, -0.011403, 0.089482, 0.180764, 0.003009, 0.012493, -0.064437, -0.011655, -0.002197, 0.249577, -0.015488, 0.000588, -0.002892, -0.034968, -0.012591, -0.082644, 0.441545, 0.537456, -0.039323, 0.046464, -0.119548, 0.088342, 0.055011, 0.268576, 0.008946, -0.005436, 0.013084, -0.050969, -0.016527, 0.121624, 0.193453, 0.018868, 0.026002, -0.093637, -0.130711, -0.20042, 0.006171, 0.030055, 0.100534, -0.001394, -0.019588, -5.5e-05, -0.000412, -0.001189, 0.287053, 0.469529, 0.010186, -0.184385, 0.027275], [-0.096711, 0.515271, 0.624913, 0.028171, 0.018755, 0.116237, -0.06304, -0.041969, -0.099284, 0.008535, 0.001259, 0.008023, 0.01373, 0.005341, 0.0, -0.0, 0.0, 0.0, 0.0, 0.531899, 0.0, 0.0, 1.0, 0.0, 0.0, 0.0, 0.0, 0.0, 0.048951, -0.25518, -0.300718, -0.012445, 0.115221, -0.1173, 0.026998, -0.249961, 0.426999, -0.007234, 0.006867, -0.006779, -0.075367, 0.062763, -0.031724, -0.235051, -0.370014, 0.002787, -0.106258, -0.138726, 0.007587, -0.289231, -0.28682, 0.036915, 0.001328, 0.001773, 0.013338, -0.067595, 0.000967, -0.013923, -0.062645, 0.000752, 0.008746, 0.009422, -0.006833, -0.079459, -0.079061, 0.005031, -0.000706, -0.000764, 0.000561, -0.008887, 0.011205, -0.101611, -0.248407, -0.0076, -0.006553, 0.077633, 0.036096, 0.031121, -0.339733, 0.022704, -0.000673, 0.008009, 0.039525, 0.006905, 0.0185, -0.145173, -0.293266, -0.004882, -0.064437, 0.077316, 0.018909, 0.249577, -0.25327, 0.025127, -0.002892, 0.003497, 0.005569, 0.046161, 0.047695, -0.25482, -0.310172, 0.022693, -0.119548, -0.091693, -0.050983, 0.268576, 0.365394, -0.005163, 0.013084, 0.009685, -0.075386, -0.051019, 0.272329, 0.433163, 0.042248, -0.093637, -0.141843, 0.294397, 0.451402, -0.013898, 0.100534, -0.151739, -0.002756, -0.03872, -0.000109, -0.001189, -0.002161, -0.031648, -0.051766, -0.001123, 0.027275, 0.059999], [0.016115, -0.109289, -0.054389, -0.035666, -0.00866, -0.128818, 0.034782, 0.000885, 0.013171, 0.086441, -0.004455, -0.066274, 0.074594, -0.010075, -0.0, 0.0, -0.0, -0.0, 0.0, -0.0, 0.0, 0.0, 0.0, 1.0, 0.0, 0.0, 0.0, 0.0, 0.024874, -0.126117, -0.054298, -0.041133, 0.123215, 0.067063, 0.033797, 0.000726, 0.000395, 0.097515, 0.062909, 0.034239, -0.032338, -0.050018, -2.3e-05, -0.012647, -0.024574, 0.000333, -0.007947, -0.014624, 0.001688, -0.020061, -0.036915, 0.008986, 0.00027, 0.000497, 0.007873, -0.012143, 0.0, -4e-06, -0.001602, 0.0, 1e-06, 1e-06, -0.000305, -0.002388, -0.003025, 1e-06, -0.0, -0.0, 0.0, -1e-06, 0.0, -0.00069, -0.011807, -6.9e-05, -4.5e-05, 0.000625, 0.004343, 0.001969, -0.027529, 0.000382, -1e-05, 0.000144, 0.000651, 9.4e-05, 3e-06, -0.003212, -0.020985, -0.000198, -0.001838, 0.002982, 0.00396, 0.023825, -0.038653, 0.002418, -0.000239, 0.000388, 0.001808, 0.003595, 0.014475, -0.101857, -0.051632, 0.054596, -0.100878, 0.058218, -0.055024, 0.007399, -0.00427, 0.067147, 0.087262, -0.05036, -0.031719, 0.054894, -0.017189, -0.024982, -0.006755, 0.008896, 0.019918, -0.022315, -0.028222, 0.00284, -0.012461, 0.028066, -0.0, -0.000875, -0.0, -0.0, -0.0, -0.016676, -0.026936, -0.001368, 0.021033, -0.002319], [-0.000385, 0.002611, 0.0013, -0.008218, -0.012755, 0.004865, 0.01256, 0.019115, -0.002953, -0.004455, 0.045605, -0.018481, -0.007783, -0.028744, -0.0, 0.0, -0.0, -0.0, -0.0, -0.0, 0.0, 0.0, 0.0, 0.0, 1.0, 0.0, 0.0, 0.0, 0.007311, -0.037071, -0.01596, 0.142091, 0.045394, 0.03345, -0.177782, -0.010958, -0.016609, 0.062909, -0.20286, -0.146905, -0.012741, -0.050372, -0.0, -0.000262, -0.000509, -0.002743, -0.000125, -0.000364, -0.025563, -5.1e-05, -0.001328, 0.00027, -0.001494, -0.003917, 0.00028, -0.000243, 0.0, 0.0, 0.000184, 0.0, -0.0, -0.0, -0.00064, 0.000262, 0.000404, -0.0, -0.0, -0.0, -0.0, 0.0, -0.0, 1.4e-05, 0.000245, -7e-06, -9e-06, -1.4e-05, 0.000963, 0.001136, 0.000743, -1e-05, 8e-06, 1.5e-05, -1.8e-05, 1.8e-05, -0.0, 0.000233, 0.001521, -0.000432, 0.000118, -0.000246, 0.016237, -0.00117, 0.003917, -0.000239, -0.000422, 0.000856, -0.000209, -0.000268, 0.007549, -0.053116, -0.026925, -0.091661, -0.0646, 0.049092, 0.153028, 0.022001, -0.030563, 0.087262, -0.136906, 0.102156, -0.018851, 0.078713, -0.004792, -0.006965, 0.002134, 0.001462, 0.006817, -0.001771, -0.00224, -0.0045, -0.000558, 0.002709, 0.0, 5.7e-05, -0.0, 0.0, 0.0, -0.002358, -0.003809, 0.006889, 0.003259, -0.000391], [-0.005728, 0.038844, 0.019331, -0.12225, 0.004865, 0.059289, 0.186836, -0.002953, -0.024618, -0.066274, -0.018481, -0.228076, -0.05672, 0.009663, 0.0, 0.0, 0.0, 0.0, -0.0, -0.0, 0.0, 0.0, 0.0, 0.0, 0.0, 1.0, 0.0, 0.0, 0.003979, -0.020177, -0.008687, 0.077336, 0.03345, 0.002142, -0.096762, -0.016609, 0.010518, 0.034239, -0.146905, -0.012906, -0.040233, -0.005888, -1e-06, -0.000482, -0.000937, -0.005048, -0.000364, -0.000597, -0.047039, -0.001328, -0.001773, 0.000497, -0.003917, -0.006573, 0.000309, -0.00058, 0.0, 1e-06, 0.000233, 0.0, -0.0, -0.0, -0.000811, 0.000404, 0.000454, -0.0, -0.0, -0.0, -0.0, 0.0, 0.0, -0.0002, -0.003423, 0.000103, -1.4e-05, 0.000191, -0.013467, 0.000743, -0.009191, 0.000144, 1.5e-05, -0.0002, 0.000209, 3.2e-05, 0.0, -0.000378, -0.002468, 0.000702, -0.000246, 0.000366, -0.026343, 0.003917, -0.00511, 0.000388, 0.000856, -0.001284, 0.000206, 0.000501, -0.004356, 0.030654, 0.015539, 0.052899, 0.049092, -0.007866, -0.088314, -0.030563, -0.013319, -0.05036, 0.102156, -0.018848, 0.056997, -0.018778, -0.01073, -0.015594, 0.004778, 0.006817, 0.013681, 0.003988, 0.005044, 0.010135, 0.002709, -0.005456, 0.0, 0.000113, -0.0, 0.0, 0.0, 0.00026, 0.00042, -0.000759, -0.000391, -0.000247], [0.028235, -0.191479, -0.095292, -0.036022, -0.032691, -0.227188, 0.021866, 0.027416, 0.025283, 0.074594, -0.007783, -0.05672, 0.181235, -0.05742, -0.0, -0.0, -0.0, 0.0, -0.0, -0.0, -0.0, 0.0, 0.0, 0.0, 0.0, 0.0, 1.0, 0.0, -0.02382, 0.120773, 0.051997, 0.021626, -0.051495, -0.189925, -0.010738, -0.081658, 0.152667, -0.032338, -0.012741, -0.040233, -0.155587, 0.218346, -2.2e-05, -0.01192, -0.023163, 0.000236, -0.011735, -0.011479, 0.000861, -0.058411, -0.013338, 0.007873, 0.00028, 0.000309, 0.001469, -0.015718, 0.0, -2e-06, -0.000648, 0.0, 1e-06, 0.0, -9.6e-05, -0.001789, -0.000575, 0.0, -0.0, -0.0, -0.0, -1e-06, 0.0, -0.0012, -0.020523, -0.0001, -9.5e-05, 0.001086, 0.005163, 0.005477, -0.047903, 0.000651, -1.8e-05, 0.000209, 0.00114, 0.000198, 2e-06, -0.002508, -0.016385, -0.000124, -0.002079, 0.001933, 0.00197, 0.042424, -0.015548, 0.001808, -0.000209, 0.000206, -5.3e-05, 0.003601, -0.013261, 0.09331, 0.0473, -0.028367, 0.041626, -0.148458, 0.01766, 0.070048, 0.147805, -0.031719, -0.018851, 0.056997, -0.129593, -0.178785, -0.021314, -0.030977, -0.00611, 0.017049, 0.022466, -0.026086, -0.032991, 0.002449, -0.022382, 0.029392, -0.0, -0.000901, -0.0, -0.0, -0.0, 0.028285, 0.045687, 0.001753, -0.035529, 0.005468], [-0.003813, 0.025861, 0.01287, 0.004865, -0.126319, 0.039472, -0.002953, 0.189306, -0.01639, -0.010075, -0.028744, 0.009663, -0.05742, -0.236157, 0.0, 0.0, 0.0, -0.0, 0.0, -0.0, 0.0, 0.0, 0.0, 0.0, 0.0, 0.0, 0.0, 1.0, -0.036843, 0.186804, 0.080426, 0.03345, -0.228745, -0.019829, -0.016609, 0.055221, -0.097382, -0.050018, -0.050372, -0.005888, 0.218346, 0.040971, 3.3e-05, 0.018385, 0.035726, -0.000364, 0.008803, 0.022757, -0.001328, 0.003562, 0.067595, -0.012143, -0.000243, -0.00058, -0.015718, 0.015522, 0.0, 7e-06, 0.002714, -0.0, -2e-06, -3e-06, 0.000404, 0.003854, 0.005285, -1e-06, 0.0, 0.0, -1e-06, 2e-06, 0.0, -0.000173, -0.002951, -1.4e-05, 0.000107, 0.000165, 0.000743, -0.013688, -0.007924, 9.4e-05, 1.8e-05, 3.2e-05, 0.000198, -0.000209, 5e-06, -0.004987, -0.032574, -0.000246, -0.002531, 0.004831, 0.003917, 0.025058, -0.067452, 0.003595, -0.000268, 0.000501, 0.003601, 0.005295, 0.022949, -0.161484, -0.081858, 0.049092, -0.196396, 0.04144, -0.030563, 0.066888, 0.070164, 0.054894, 0.078713, -0.018778, -0.178785, 0.076507, 0.023781, 0.034563, 0.006817, -0.007255, -0.030323, -0.028851, -0.036488, 0.002709, -0.009085, 0.039466, 0.0, 0.001226, 0.0, 0.0, 0.0, -0.006313, -0.010198, -0.000391, 0.008725, 0.005987], [0.0, -1.1e-05, -0.004675, -0.0, -1e-06, -2e-06, 7.9e-05, 0.006125, 0.009923, 1e-06, -0.0, -0.0, 0.0, -1e-06, -1e-06, -0.027711, -0.056047, -0.003834, 0.0355, 0.019322, -0.009714, 0.089938, 0.048951, 0.024874, 0.007311, 0.003979, -0.02382, -0.036843, 1.0, -0.335827, -0.155126, -0.0, -0.0, -0.0, -0.0, 0.0, 0.0, 0.0, 0.0, 0.0, 0.0, 0.0, -0.0, -0.019477, -0.049743, -0.001832, 0.000832, -0.02716, -0.006479, 0.002941, -0.096036, 0.01503, 0.000108, -0.003542, 0.026223, 0.001608, 0.0, -1e-05, -0.004552, 0.0, 1e-06, 2e-06, -0.001484, -0.004872, -0.010138, 0.0, -0.0, -0.0, 1e-06, -1e-06, 0.0, -4e-06, -0.003212, -0.0, -0.0, 1e-06, 0.000323, 0.004277, -0.006663, 0.0, -0.0, 0.0, 0.0, 0.0, 0.0, -0.0, -0.001025, 0.0, -0.0, 0.0, -2.3e-05, 0.002046, -0.001223, 0.0, 0.0, -0.0, -0.0, 0.0, 0.0, -1e-05, -0.004483, 0.0, -2e-06, 0.0, -0.001655, 0.011044, -0.000324, 0.0, 0.0, -0.0, -1e-06, 0.0, -0.0, -0.001559, -0.0, 0.0, 0.0, -3e-05, -0.008688, -0.0, 0.0, 1e-06, -0.0, -0.001565, -0.0, -0.0, -0.0, -0.0, -0.001328, -0.0, 0.0, 0.0], [-1.1e-05, 0.003569, 0.051769, 2.5e-05, 0.001968, 0.003188, -0.000789, -0.061379, -0.099444, -0.002374, 2.9e-05, 4.7e-05, -0.001843, 0.003675, 0.018461, 0.236662, 0.359888, 0.027415, -0.253817, -0.138145, 0.05064, -0.468846, -0.25518, -0.126117, -0.037071, -0.020177, 0.120773, 0.186804, -0.335827, 1.0, 0.793016, 0.0, -0.0, -0.0, 0.0, 0.0, 0.0, -0.0, 0.0, 0.0, -0.0, 0.0, 0.011371, 0.189554, 0.325807, 0.015928, -0.007231, 0.236083, 0.034671, -0.015739, 0.513883, -0.107947, -0.000779, 0.025437, -0.188332, -0.011547, -1e-05, 0.003418, 0.050696, -0.000468, -0.001536, -0.003197, 0.014989, 0.049207, 0.102389, -0.002149, 0.000441, 0.000917, -0.002409, 0.003011, -4e-06, 0.00195, 0.03863, 8e-05, 0.001057, -0.001646, -0.003606, -0.04777, 0.074412, -0.001221, 9.4e-05, -0.000146, -0.000883, -0.001929, -0.0, 0.00031, 0.015852, -3e-06, 0.000228, -0.000136, 0.000353, -0.031761, 0.018995, -0.000156, -4e-06, 3e-06, 0.000128, -0.000239, -1e-05, 0.003336, 0.050103, -0.000516, 0.003445, -0.000101, 0.016787, -0.112021, 0.003284, -0.002061, -0.001119, 3.3e-05, 0.003731, -0.000219, 9.3e-05, 0.017576, 4e-06, -1.5e-05, -1.8e-05, 0.0035, 0.074839, 1e-05, -0.000309, -0.00236, 9.3e-05, 0.017635, 2e-06, 6e-06, 2.3e-05, 6.6e-05, 0.015354, 1e-06, -1.5e-05, -2e-06], [-0.004675, 0.051769, 0.165218, 0.000308, 0.023911, 0.03874, -0.001825, -0.141909, -0.229917, -0.016616, 0.000204, 0.000331, -0.012902, 0.025728, 0.067062, 0.42121, 0.618219, 0.026204, -0.242606, -0.132044, 0.059677, -0.552513, -0.300718, -0.054298, -0.01596, -0.008687, 0.051997, 0.080426, -0.155126, 0.793016, 1.0, 0.0, -0.0, 0.0, 0.0, 0.0, 0.0, -0.0, 0.0, 0.0, -0.0, 0.0, 0.056701, 0.373974, 0.575463, 0.01758, -0.00798, 0.260562, 0.042287, -0.019196, 0.626774, -0.055281, -0.000399, 0.013026, -0.096447, -0.005913, -0.004552, 0.050696, 0.162952, -0.005844, -0.019186, -0.039923, 0.034955, 0.114753, 0.238778, -0.015521, 0.003184, 0.006625, -0.017401, 0.021748, -0.003212, 0.03863, 0.1362, 0.001423, 0.018845, -0.029354, -0.009407, -0.124614, 0.194112, -0.013226, 0.001013, -0.001578, -0.009568, -0.020897, -0.001025, 0.015852, 0.075675, -0.000145, 0.01303, -0.007793, 0.00133, -0.119621, 0.071542, -0.006395, -0.000181, 0.000109, 0.005241, -0.009761, -0.004483, 0.050103, 0.161691, -0.006549, 0.043701, -0.001281, 0.03934, -0.262511, 0.007696, -0.015149, -0.008227, 0.000241, 0.027425, -0.001609, 0.006502, 0.068328, 0.000946, -0.003744, -0.004712, 0.044288, 0.197304, 0.000169, -0.005419, -0.04141, 0.00653, 0.068495, 0.000566, 0.001421, 0.005926, 0.005439, 0.06189, 0.000325, -0.005016, -0.000604], [0.0, -2.5e-05, -0.000308, 0.000267, -1.5e-05, -2.4e-05, -0.018151, 0.000431, 0.000699, 2.4e-05, 0.000301, 0.000488, 1.5e-05, -3e-05, 0.00223, 0.021505, 0.01434, -0.090188, -0.032387, -0.017627, -0.177542, -0.022865, -0.012445, -0.041133, 0.142091, 0.077336, 0.021626, 0.03345, -0.0, 0.0, 0.0, 1.0, 0.0, 0.0, -0.523134, 0.0, 0.0, 0.0, 0.0, 0.0, 0.0, 0.0, 0.000906, 0.012755, 0.009887, -0.066148, -0.000664, 0.021681, -0.158264, -0.000583, 0.019047, -0.023215, 0.003683, -0.120244, -0.023724, -0.001455, -0.0, 0.000468, 0.005844, 0.000185, -0.000219, -0.000456, -0.015654, 0.006704, 0.01395, -0.000414, -0.000164, -0.00034, -0.000373, 0.000466, 0.0, -8e-05, -0.001423, 0.000114, -4.4e-05, 6.8e-05, -0.012526, 0.002066, -0.003218, 6.5e-05, 0.000126, -0.000197, 3.9e-05, 8.4e-05, -0.0, 3e-06, 0.000145, 1e-05, 2e-06, -1e-06, -0.004259, -0.000334, 0.0002, -1e-06, 1.5e-05, -9e-06, 1e-06, -2e-06, -0.0, 0.000516, 0.006549, 0.00016, 0.000555, -1.6e-05, -0.01485, -0.0173, 0.000507, -0.000449, 0.00032, -9e-06, 0.000651, -3.8e-05, 1.2e-05, 0.00224, -0.0, -1e-06, -2e-06, 1.5e-05, 0.000209, -0.00014, -1e-06, -1e-05, 7e-06, 0.001339, -0.0, 0.0, 1e-06, 4e-06, 0.000817, -0.0, -0.0, -0.0], [1e-06, -0.001968, -0.023911, -1.5e-05, -0.000866, -0.001835, 0.000431, 0.015365, 0.05431, 0.001311, -1.4e-05, -3e-05, 0.001454, -0.001811, -0.020645, -0.1991, -0.132768, -0.032387, 0.206162, 0.163199, -0.022865, 0.031686, 0.115221, 0.123215, 0.045394, 0.03345, -0.051495, -0.228745, -0.0, -0.0, -0.0, 0.0, 1.0, 0.0, 0.0, -0.523134, 0.0, -0.0, 0.0, 0.0, 0.0, 0.0, -0.000411, -0.00579, -0.004488, -0.000664, -0.067309, -0.009842, -0.000583, -0.159285, -0.008646, 0.00399, -0.008284, -0.001455, 0.01455, -0.122788, -1e-06, 0.001536, 0.019186, -0.000219, -0.000468, -0.001497, 0.006704, 0.004312, 0.045795, -0.000957, 0.000153, 0.000466, -0.001455, 0.001047, 0.0, -0.001057, -0.018845, -4.4e-05, -0.000463, 0.000903, 0.002066, 0.014681, -0.042624, 0.000633, -4.4e-05, 8.4e-05, 0.000643, 0.000916, 0.0, -0.000228, -0.01303, 2e-06, -0.000145, 9.2e-05, -0.000334, 0.025777, -0.017965, 9.5e-05, 3e-06, -2e-06, -7e-05, 0.000148, 2e-06, -0.003445, -0.043701, 0.000555, -0.003459, 0.000109, -0.0173, 0.097996, -0.003384, 0.002102, 0.001226, -3.8e-05, -0.003828, 0.00024, -4.9e-05, -0.008867, -1e-06, 4e-06, 6e-06, -0.000487, -0.006696, -1e-06, -9.9e-05, 0.00031, 1.9e-05, 0.00336, 0.0, 0.0, 3e-06, -5.4e-05, -0.012624, -0.0, 7e-06, 1e-06], [2e-06, -0.003188, -0.03874, -2.4e-05, -0.001835, -0.002707, 0.000699, 0.05431, 0.069836, 0.002124, -3e-05, -4.4e-05, 0.00138, -0.003423, -0.011237, -0.108364, -0.072262, -0.017627, 0.163199, -0.004861, -0.012445, 0.115221, -0.1173, 0.067063, 0.03345, 0.002142, -0.189925, -0.019829, -0.0, -0.0, 0.0, 0.0, 0.0, 1.0, 0.0, 0.0, -0.523134, -0.0, 0.0, 0.0, -0.0, 0.0, 0.013432, 0.189051, 0.146537, 0.021681, -0.009842, 0.253734, 0.019047, -0.008646, 0.122763, -0.130275, -0.001455, 0.039164, -0.228187, -0.017779, -2e-06, 0.003197, 0.039923, -0.000456, -0.001497, -0.002863, 0.01395, 0.045795, 0.077594, -0.001992, 0.000466, 0.00089