{"HF": -325.66265458541, "coordinates": [[-0.082794861, 1.636618776, -0.001731318], [-0.025119143, 0.144720834, -0.34184825], [-1.296716551, -0.591058645, 0.028236419], [-1.275839217, -2.135023368, 0.04161911], [-1.522945184, -1.971477142, 1.52619805], [-1.67917025, -2.758528133, 2.489755274], [-1.531619513, -0.592633591, 1.484145343], [0.856327866, 2.135052498, -0.257837224], [-0.888288489, 2.137581487, -0.54979655], [-0.264645715, 1.779680633, 1.067199922], [0.144334176, 0.003357752, -1.417445936], [0.817691224, -0.329547022, 0.17616236], [-2.169008032, -0.154316942, -0.469857226], [-2.076798597, -2.63701853, -0.502953319], [-0.318001446, -2.593224387, -0.213371099], [-1.833323534, -2.247464468, 3.36106025]], "elements": ["C", "C", "C", "C", "C", "N", "O", "H", "H", "H", "H", "H", "H", "H", "H", "H"], "Enn": 304.3579108838, "S": [[1.0, 0.325565, 0.151774, -0.0, 0.0, 0.0, -0.0, -0.0, 0.0, -0.0, 0.0, 0.0, -0.0, 0.0, 0.0, 0.01452, 0.052219, 0.004161, -0.000706, 0.018253, 0.023859, -0.004046, 0.104656, -0.007562, -0.000257, 0.006653, -0.01457, -0.001128, 0.0, 6.6e-05, 0.008115, -0.0, 1.2e-05, 2.2e-05, -0.000242, 0.009799, 0.017982, -1e-06, -0.0, -0.0, -1e-06, 2e-06, 0.0, 0.0, 0.000123, 0.0, 0.0, 0.0, -3e-06, 7.4e-05, 0.000235, 0.0, 0.0, 0.0, 0.0, 0.0, 0.0, 0.0, 5.5e-05, 0.0, 0.0, 0.0, -3.7e-05, 3.5e-05, 8.8e-05, 0.0, 0.0, 0.0, 0.0, 0.0, 0.0, 0.0, 0.0, 0.0, 0.0, 0.0, -0.0, 0.0, 0.0, 0.0, 0.0, 0.0, 0.0, 0.0, 0.0, 0.0, 7.9e-05, 0.0, 0.0, 0.0, -0.000125, 0.000122, 0.000187, 0.0, 0.0, 0.0, 0.0, 0.0, 0.04999, 0.086839, 0.019221, -0.070483, -0.037408, 0.049681, 0.086685, 0.040714, 0.059838, -0.037215, 0.049977, 0.086833, -0.080191, 0.013642, -0.010733, 0.0003, 0.019418, 2.2e-05, -3e-06, 2.5e-05, 0.000307, 0.019542, -3e-06, -1.4e-05, 3.1e-05, 4e-06, 0.005307, 0.0, 0.0, 0.0, 0.0, 1e-05, 0.0, 0.0, 0.0, 0.0, 7e-05, 0.0, 0.0, 0.0, 0.0, 1e-06, 0.0, 0.0, 0.0], [0.325565, 1.0, 0.798485, 0.0, -0.0, 0.0, -0.0, 0.0, 0.0, 0.0, 0.0, 0.0, -0.0, 0.0, 0.01452, 0.185458, 0.349201, 0.046948, -0.007961, 0.205936, 0.121639, -0.020627, 0.53356, -0.071912, -0.002446, 0.063273, -0.138565, -0.01073, 6.6e-05, 0.009798, 0.082449, -0.000131, 0.005291, 0.00971, -0.002126, 0.086122, 0.158043, -0.004628, -9.1e-05, -0.000166, -0.004347, 0.006738, 0.0, 1.3e-05, 0.003197, -0.0, 2e-06, 8e-06, -8.1e-05, 0.002218, 0.007011, -2e-06, -0.0, -0.0, -2e-06, 2e-06, 0.0, 4e-06, 0.001709, -1e-06, 1e-06, 2e-06, -0.001407, 0.001326, 0.003323, -0.0, -0.0, -0.0, -0.0, 0.0, 0.0, 0.0, 2e-06, 0.0, 0.0, 0.0, -2e-06, 1e-06, 3e-06, 0.0, 0.0, 0.0, 0.0, 0.0, -1e-06, 0.000124, 0.005444, -6.7e-05, 6.5e-05, 0.0001, -0.007485, 0.007298, 0.011229, -3.1e-05, -8.7e-05, -0.000133, -5.8e-05, 0.00013, 0.367538, 0.520746, 0.084664, -0.310455, -0.164772, 0.36631, 0.520019, 0.180457, 0.265218, -0.164948, 0.367487, 0.520716, -0.353309, 0.060106, -0.047286, 0.023591, 0.160188, 0.01605, -0.002575, 0.018516, 0.023864, 0.160995, -0.002046, -0.010357, 0.022613, 0.002313, 0.057694, 0.000286, 0.001274, 0.001093, 0.0, 0.000422, 0.0, 0.0, 0.0, 1e-06, 0.0019, 0.0, 0.0, 0.0, 0.0, 4.1e-05, 0.0, 0.0, 0.0], [0.151774, 0.798485, 1.0, 0.0, 0.0, 0.0, 0.0, 0.0, -0.0, -0.0, 0.0, 0.0, -0.0, 0.0, 0.052219, 0.349201, 0.578081, 0.044648, -0.007571, 0.195847, 0.127936, -0.021695, 0.561182, -0.029452, -0.001002, 0.025914, -0.056749, -0.004394, 0.008115, 0.082449, 0.222122, -0.000822, 0.0333, 0.061109, -0.004024, 0.163023, 0.299165, -0.018328, -0.000359, -0.000659, -0.017213, 0.026683, 0.000123, 0.003197, 0.025784, -3.6e-05, 0.000979, 0.003095, -0.000573, 0.015763, 0.049832, -0.0011, -1.3e-05, -4e-05, -0.00156, 0.001096, 5.5e-05, 0.001709, 0.017023, -0.000638, 0.000602, 0.001508, -0.01291, 0.012168, 0.030485, -0.000359, -0.000263, -0.000658, -0.000653, 0.00062, -0.0, 1.5e-05, 0.000429, 7e-06, -4e-06, -1.2e-05, -0.000422, 0.00027, 0.000744, -2e-06, -4e-06, -1e-05, -7e-06, 6e-06, -0.001361, 0.013778, 0.052404, -0.005389, 0.005254, 0.008085, -0.045155, 0.044029, 0.067745, -0.00117, -0.003289, -0.00506, -0.002193, 0.004934, 0.454157, 0.762938, 0.043651, -0.160065, -0.084953, 0.453456, 0.762219, 0.093256, 0.137058, -0.085241, 0.454128, 0.762908, -0.182176, 0.030993, -0.024382, 0.123792, 0.344436, 0.058497, -0.009385, 0.067486, 0.124479, 0.345607, -0.007395, -0.037433, 0.081734, 0.040342, 0.172955, 0.005668, 0.02526, 0.021685, 0.00019, 0.006272, 1.6e-05, 6.5e-05, 0.00014, 0.000972, 0.017297, 4.2e-05, 4.7e-05, 0.000846, 1.5e-05, 0.001304, -7e-06, 3e-06, 8e-06], [-0.0, 0.0, 0.0, 1.0, 0.0, 0.0, 0.531899, 0.0, 0.0, -0.0, 0.0, 0.0, 0.0, 0.0, -0.004161, -0.046948, -0.044648, 0.050378, 0.002732, -0.070666, 0.172582, 0.003268, -0.084536, 0.061625, -0.00292, 0.075537, 0.065303, 0.005057, 0.0, 0.000131, 0.000822, 0.00108, 7.8e-05, 0.000142, 0.032575, 0.001025, 0.001881, -9.3e-05, 0.000689, 0.001264, -6.9e-05, 0.000107, 0.0, 0.0, 3.6e-05, 0.0, 0.0, 0.0, 0.000616, 2.7e-05, 8.7e-05, -0.0, 0.0, 0.0, -0.0, 0.0, 0.0, 1e-06, 0.000638, -0.0, 0.0, 0.0, -0.000289, 0.000544, 0.001363, -0.0, -0.0, -0.0, -0.0, 0.0, 0.0, 0.0, 1e-06, 0.0, 0.0, 0.0, -1e-06, 0.0, 1e-06, 0.0, 0.0, 0.0, 0.0, 0.0, -0.0, 3.7e-05, 0.002901, -1.6e-05, 1.8e-05, 2.8e-05, -0.002943, 0.004366, 0.006718, -1.5e-05, -2.3e-05, -3.5e-05, -1.8e-05, 4.1e-05, -0.091636, -0.048843, 0.169541, 0.122654, 0.065098, -0.195256, -0.104365, 0.049586, -0.223894, 0.139247, 0.3824, 0.203846, -0.379616, 0.099108, -0.077968, -0.018184, -0.075504, -0.011151, 0.002276, -0.016368, 0.002316, 0.009539, 0.002862, -0.001154, 0.00252, -0.000399, -0.008299, 4.3e-05, -0.000197, -0.000169, -0.0, -4.5e-05, 0.0, -0.0, -0.0, -0.0, -9.6e-05, 0.0, -0.0, -0.0, 0.0, 2.5e-05, 0.0, 0.0, 0.0], [0.0, -0.0, 0.0, 0.0, 1.0, 0.0, 0.0, 0.531899, 0.0, 0.0, -0.0, 0.0, 0.0, 0.0, 0.000706, 0.007961, 0.007571, 0.002732, 0.066025, 0.011983, 0.003268, 0.1913, 0.014335, -0.003396, 0.023823, 0.005057, -0.015147, 0.104499, -1.2e-05, -0.005291, -0.0333, 7.8e-05, -0.002062, -0.00577, 0.001025, -0.008919, -0.076193, 0.002583, 4.1e-05, 0.000107, 0.003491, -0.003075, 0.0, -2e-06, -0.000979, 0.0, -0.0, -1e-06, 2.7e-05, -0.000137, -0.002385, 0.0, 0.0, 0.0, 0.0, -0.0, 0.0, -1e-06, -0.000602, 0.0, -0.0, -0.0, 0.000544, -0.000224, -0.001284, 0.0, 0.0, 0.0, 0.0, -0.0, 0.0, 0.0, -1e-06, 0.0, 0.0, 0.0, 0.0, -0.0, -1e-06, 0.0, 0.0, 0.0, 0.0, 0.0, 0.0, -3.6e-05, -0.002829, 1.8e-05, -1.5e-05, -2.8e-05, 0.004366, -0.002723, -0.00655, 7e-06, 2.2e-05, 4.1e-05, 2.2e-05, -3.3e-05, 0.336022, 0.179102, 0.122654, -0.246776, -0.23871, -0.286968, -0.153385, -0.223894, -0.127132, 0.204652, -0.065055, -0.034679, 0.099108, 0.186085, 0.013264, 0.002917, 0.012113, 0.002276, 0.002672, 0.002626, 0.011724, 0.048287, -0.001154, -0.002752, 0.012756, -0.001777, -0.036985, -0.000197, -0.000793, -0.000755, -0.0, -0.00018, -0.0, -0.0, -0.0, -0.0, -0.000106, -0.0, 0.0, -0.0, -0.0, -1.3e-05, 0.0, 0.0, 0.0], [0.0, 0.0, 0.0, 0.0, 0.0, 1.0, 0.0, 0.0, 0.531899, -0.0, 0.0, -0.0, -0.0, 0.0, -0.018253, -0.205936, -0.195847, -0.070666, 0.011983, -0.243484, -0.084536, 0.014335, -0.178956, 0.087832, 0.005057, -0.106784, 0.181092, 0.018108, -2.2e-05, -0.00971, -0.061109, 0.000142, -0.00577, -0.009505, 0.001881, -0.076193, -0.107221, 0.004741, 0.000107, 0.00018, 0.003873, -0.007277, 0.0, -8e-06, -0.003095, 0.0, -1e-06, -3e-06, 8.7e-05, -0.002385, -0.006923, 0.0, 0.0, 0.0, 1e-06, -0.0, 0.0, -2e-06, -0.001508, 0.0, -0.0, -1e-06, 0.001363, -0.001284, -0.002929, 0.0, 0.0, 0.0, 0.0, -0.0, 0.0, 0.0, -2e-06, 0.0, 0.0, 0.0, 1e-06, -1e-06, -2e-06, 0.0, 0.0, 0.0, 0.0, 0.0, 0.0, -5.5e-05, -0.004353, 2.8e-05, -2.8e-05, -3.9e-05, 0.006718, -0.00655, -0.008544, 1e-05, 4.1e-05, 5.8e-05, 2e-05, -5.7e-05, 0.178342, 0.095057, 0.065098, -0.23871, 0.076296, 0.178475, 0.095395, 0.139247, 0.204652, 0.074646, 0.051179, 0.027282, -0.077968, 0.013264, 0.192511, -0.020979, -0.087107, -0.016368, 0.002626, -0.015847, -0.025599, -0.105432, 0.00252, 0.012756, -0.024761, -0.001526, -0.031751, -0.000169, -0.000755, -0.000561, -0.0, -0.000385, -0.0, -0.0, -0.0, -0.0, -0.001912, -0.0, -0.0, -0.0, -0.0, -2.9e-05, 0.0, 0.0, 0.0], [-0.0, -0.0, 0.0, 0.531899, 0.0, 0.0, 1.0, 0.0, 0.0, -0.0, 0.0, 0.0, 0.0, 0.0, -0.023859, -0.121639, -0.127936, 0.172582, 0.003268, -0.084536, 0.494407, 0.005644, -0.145997, 0.04887, -0.004403, 0.113892, 0.029551, 0.002288, 0.000242, 0.002126, 0.004024, 0.032575, 0.001025, 0.001881, 0.172839, 0.00343, 0.006294, -0.001122, 0.015903, 0.029183, -0.000628, 0.000973, 3e-06, 8.1e-05, 0.000573, 0.000616, 2.7e-05, 8.7e-05, 0.014013, 0.000396, 0.001251, -4.4e-05, 0.00023, 0.000727, -4.9e-05, 3.4e-05, 3.7e-05, 0.001407, 0.01291, -0.000289, 0.000544, 0.001363, -0.002359, 0.010369, 0.025979, -0.000511, -0.00014, -0.000351, -0.000655, 0.000622, -0.0, 1.1e-05, 0.000435, 4e-06, -3e-06, -9e-06, -0.000345, 0.000295, 0.000811, -3e-06, -3e-06, -7e-06, -6e-06, 5e-06, -0.001632, 0.016357, 0.055187, -0.003894, 0.007199, 0.011077, -0.019008, 0.052176, 0.080281, -0.00472, -0.002758, -0.004243, -0.003457, 0.00778, -0.132306, -0.12454, 0.250665, 0.058736, 0.031174, -0.282638, -0.266246, 0.192958, -0.107603, 0.066922, 0.552177, 0.519783, -0.012353, 0.047467, -0.037342, -0.167842, -0.293065, -0.044304, 0.015617, -0.112299, 0.021223, 0.03696, 0.051856, -0.007834, 0.017105, -0.01565, -0.046245, 0.010465, -0.011708, -0.010051, -4e-05, -0.001405, 1.2e-05, -1.4e-05, -3e-05, -0.000107, -0.001764, 0.000117, -6e-06, -0.0001, 1.6e-05, 0.001745, -6e-06, 3e-06, 8e-06], [-0.0, 0.0, 0.0, 0.0, 0.531899, 0.0, 0.0, 1.0, 0.0, 0.0, -0.0, 0.0, 0.0, 0.0, 0.004046, 0.020627, 0.021695, 0.003268, 0.1913, 0.014335, 0.005644, 0.526734, 0.024758, 0.000243, 0.028953, 0.002288, -0.009936, 0.126998, -0.009799, -0.086122, -0.163023, 0.001025, -0.008919, -0.076193, 0.00343, 0.033982, -0.254973, 0.017882, 0.000137, 0.000973, 0.041341, -0.010206, -7.4e-05, -0.002218, -0.015763, 2.7e-05, -0.000137, -0.002385, 0.000396, 0.003141, -0.034416, 0.000819, 3e-06, 3.4e-05, 0.00158, -0.000221, -3.5e-05, -0.001326, -0.012168, 0.000544, -0.000224, -0.001284, 0.010369, -0.001131, -0.024487, 0.000268, 0.000118, 0.000622, 0.000741, -0.000278, 0.0, -7e-06, -0.000279, -3e-06, 1e-06, 6e-06, 0.000295, -7.4e-05, -0.00052, 1e-06, 1e-06, 5e-06, 5e-06, -2e-06, 0.001592, -0.015949, -0.053811, 0.007199, -0.003531, -0.010801, 0.052176, -0.016373, -0.078279, 0.000397, 0.002566, 0.00778, 0.005799, -0.00385, 0.485157, 0.456681, 0.058736, 0.051302, -0.114312, -0.415395, -0.391303, -0.107603, 0.108028, 0.098355, -0.093939, -0.088428, 0.047467, 0.258586, 0.006353, 0.026928, 0.047018, 0.015617, 0.050531, 0.018017, 0.107428, 0.187089, -0.007834, 0.013749, 0.086583, -0.069746, -0.206093, -0.011708, -0.039086, -0.044792, -0.000161, -0.00559, -1.4e-05, -4.1e-05, -0.000121, -0.000119, -0.00196, -6e-06, 0.000116, -0.000111, -8e-06, -0.000908, 3e-06, -1e-06, -4e-06], [0.0, 0.0, -0.0, 0.0, 0.0, 0.531899, 0.0, 0.0, 1.0, 0.0, 0.0, -0.0, 0.0, 0.0, -0.104656, -0.53356, -0.561182, -0.084536, 0.014335, -0.178956, -0.145997, 0.024758, -0.112715, -0.006274, 0.002288, -0.03015, 0.002239, 0.005113, -0.017982, -0.158043, -0.299165, 0.001881, -0.076193, -0.107221, 0.006294, -0.254973, -0.294979, 0.032816, 0.000973, 0.001393, 0.01745, -0.056411, -0.000235, -0.007011, -0.049832, 8.7e-05, -0.002385, -0.006923, 0.001251, -0.034416, -0.094775, 0.00259, 3.4e-05, 0.000101, 0.003539, -0.002769, -8.8e-05, -0.003323, -0.030485, 0.001363, -0.001284, -0.002929, 0.025979, -0.024487, -0.052706, 0.000672, 0.000622, 0.001428, 0.001238, -0.001346, 0.0, -2e-05, -0.000767, -9e-06, 6e-06, 1.6e-05, 0.000811, -0.00052, -0.001316, 3e-06, 5e-06, 1.4e-05, 1e-05, -9e-06, 0.002449, -0.02454, -0.082797, 0.011077, -0.010801, -0.01313, 0.080281, -0.078279, -0.085943, 0.000611, 0.00778, 0.009481, 0.001451, -0.009244, 0.257494, 0.242381, 0.031174, -0.114312, 0.206012, 0.258348, 0.243364, 0.066922, 0.098355, 0.205002, 0.073901, 0.069566, -0.037342, 0.006353, 0.261664, -0.193634, -0.338099, -0.112299, 0.018017, -0.076519, -0.234564, -0.408499, 0.017105, 0.086583, -0.135647, -0.059875, -0.176923, -0.010051, -0.044792, -0.025361, -0.000344, -0.011982, -3e-05, -0.000121, -0.000244, -0.002137, -0.03525, -0.0001, -0.000111, -0.001876, -1.8e-05, -0.002015, 8e-06, -4e-06, -8e-06], [-0.0, 0.0, -0.0, -0.0, 0.0, -0.0, -0.0, 0.0, 0.0, 1.0, 0.0, 0.0, 0.0, 0.0, -0.007562, -0.071912, -0.029452, -0.061625, 0.003396, -0.087832, -0.04887, -0.000243, 0.006274, 0.040409, 0.004377, -0.113232, 0.054927, 0.004253, -1e-06, -0.004628, -0.018328, 9.3e-05, -0.002583, -0.004741, 0.001122, -0.017882, -0.032816, 0.002339, 6.2e-05, 0.000114, 0.002101, -0.003258, 0.0, -2e-06, -0.0011, 0.0, -0.0, -0.0, 4.4e-05, -0.000819, -0.00259, 0.0, 0.0, 0.0, 0.0, -0.0, 0.0, -0.0, -0.000359, 0.0, -0.0, -0.0, 0.000511, -0.000268, -0.000672, 0.0, 0.0, 0.0, 0.0, -0.0, 0.0, 0.0, -0.0, 0.0, 0.0, 0.0, 0.0, -0.0, -0.0, 0.0, 0.0, 0.0, 0.0, 0.0, 0.0, -4e-06, -0.000667, 2e-06, -1e-06, -2e-06, 0.002323, -0.000543, -0.000836, -1e-06, 3e-06, 4e-06, 1e-06, -2e-06, -0.125783, -0.02047, -0.155174, 0.070941, 0.037652, -0.037443, -0.006116, -0.233767, 0.081089, -0.050432, 0.28087, 0.045716, -0.224408, 0.1346, -0.105889, 0.003372, 0.006965, -0.000257, -0.00074, 0.005319, -0.012255, -0.025064, 0.001789, 0.005894, -0.012869, -0.000817, -0.012125, -8.3e-05, -0.000279, -0.000239, -0.0, -0.000143, 0.0, 0.0, 0.0, -0.0, -0.000641, -0.0, -0.0, -0.0, 0.0, 2e-06, 0.0, 0.0, 0.0], [0.0, 0.0, 0.0, 0.0, -0.0, 0.0, 0.0, -0.0, 0.0, 0.0, 1.0, 0.0, 0.0, 0.0, -0.000257, -0.002446, -0.001002, 0.00292, -0.023823, -0.005057, 0.004403, -0.028953, -0.002288, 0.004377, 0.023282, 0.005778, 0.008214, -0.05041, -0.0, -9.1e-05, -0.000359, -0.000689, -4.1e-05, -0.000107, -0.015903, -0.000137, -0.000973, 6.2e-05, -0.000325, -0.000783, 6.3e-05, -6.2e-05, 0.0, -0.0, -1.3e-05, -0.0, -0.0, -0.0, -0.00023, -3e-06, -3.4e-05, 0.0, -0.0, -0.0, 0.0, -0.0, 0.0, -0.0, -0.000263, 0.0, -0.0, -0.0, 0.00014, -0.000118, -0.000622, 0.0, 0.0, 0.0, 0.0, -0.0, 0.0, 0.0, -0.0, 0.0, 0.0, 0.0, 0.0, -0.0, -0.0, 0.0, 0.0, 0.0, 0.0, 0.0, 0.0, -1e-05, -0.001875, 4e-06, -4e-06, -6e-06, 0.002226, -0.002121, -0.004832, 3e-06, 5e-06, 8e-06, 5e-06, -8e-06, -0.104882, -0.017069, 0.233679, 0.119168, 0.104869, 0.191486, 0.03128, -0.034784, 0.142395, -0.192311, -0.084748, -0.013794, 0.126052, 0.296315, 0.024321, -0.002913, -0.006017, -0.002131, -0.002396, -0.002978, 0.001474, 0.003015, 0.001661, -0.000475, 0.001825, 0.000388, 0.00576, -2e-05, 0.000135, 0.000126, 0.0, 2.3e-05, 0.0, 0.0, 0.0, 0.0, 6e-06, -0.0, -0.0, 0.0, 0.0, -1e-05, 0.0, 0.0, 0.0], [0.0, 0.0, 0.0, 0.0, 0.0, -0.0, 0.0, 0.0, -0.0, 0.0, 0.0, 1.0, 0.0, 0.0, 0.006653, 0.063273, 0.025914, -0.075537, -0.005057, 0.106784, -0.113892, -0.002288, 0.03015, -0.113232, 0.005778, -0.125959, -0.110672, -0.010543, -0.0, -0.000166, -0.000659, -0.001264, -0.000107, -0.00018, -0.029183, -0.000973, -0.001393, 0.000114, -0.000783, -0.001335, 7.7e-05, -0.000139, 0.0, -0.0, -4e-05, -0.0, -0.0, -0.0, -0.000727, -3.4e-05, -0.000101, 0.0, -0.0, -0.0, 0.0, -0.0, 0.0, -0.0, -0.000658, 0.0, -0.0, -0.0, 0.000351, -0.000622, -0.001428, 0.0, 0.0, 0.0, 0.0, -0.0, 0.0, 0.0, -1e-06, 0.0, 0.0, 0.0, 0.0, -0.0, -1e-06, 0.0, 0.0, 0.0, 0.0, 0.0, 0.0, -1.6e-05, -0.002885, 6e-06, -6e-06, -9e-06, 0.003426, -0.004832, -0.006415, 4e-06, 8e-06, 1.2e-05, 5e-06, -1.4e-05, -0.055665, -0.009059, 0.124024, 0.104869, -0.022762, -0.119091, -0.019454, 0.021633, -0.192311, -0.047216, 0.066671, 0.010852, -0.099165, 0.024321, 0.308096, 0.02095, 0.04327, 0.015321, -0.002978, 0.018606, -0.003219, -0.006583, -0.003627, 0.001825, -0.003624, 0.000333, 0.004945, -1.7e-05, 0.000126, 9.6e-05, 0.0, 4.9e-05, 0.0, 0.0, 0.0, 0.0, 0.000111, -0.0, 0.0, 0.0, 0.0, -2.1e-05, 0.0, 0.0, 0.0], [-0.0, -0.0, -0.0, 0.0, 0.0, -0.0, 0.0, 0.0, 0.0, 0.0, 0.0, 0.0, 1.0, 0.0, -0.01457, -0.138565, -0.056749, -0.065303, 0.015147, -0.181092, -0.029551, 0.009936, -0.002239, 0.054927, 0.008214, -0.110672, 0.165352, 0.027398, -1e-06, -0.004347, -0.017213, 6.9e-05, -0.003491, -0.003873, 0.000628, -0.041341, -0.01745, 0.002101, 6.3e-05, 7.7e-05, 0.000757, -0.00391, 0.0, -2e-06, -0.00156, 0.0, -0.0, -1e-06, 4.9e-05, -0.00158, -0.003539, 0.0, 0.0, 0.0, 0.0, -0.0, 0.0, -0.0, -0.000653, 0.0, -0.0, -0.0, 0.000655, -0.000741, -0.001238, 0.0, 0.0, 0.0, 0.0, -0.0, 0.0, 0.0, -1e-06, 0.0, 0.0, 0.0, 0.0, -0.0, -1e-06, 0.0, 0.0, 0.0, 0.0, 0.0, 0.0, -7e-06, -0.00125, 3e-06, -3e-06, -3e-06, 0.002147, -0.003088, -0.001692, 1e-06, 5e-06, 5e-06, 0.0, -6e-06, 0.138129, 0.022479, 0.070965, 0.027339, -0.290734, 0.086286, 0.014095, 0.094805, -0.105841, -0.23914, 0.002747, 0.000447, -0.005891, -0.054667, -0.044584, -0.011851, -0.024477, -0.010501, 0.002136, -0.008872, -0.014055, -0.028748, 0.001574, 0.009796, -0.013413, 0.000228, 0.003376, 1.9e-05, 3.3e-05, 0.000119, -0.0, -0.000162, 0.0, 0.0, 0.0, -0.0, -0.001109, -0.0, -0.0, -0.0, 0.0, -1e-05, 0.0, 0.0, 0.0], [0.0, 0.0, 0.0, 0.0, 0.0, 0.0, 0.0, 0.0, 0.0, 0.0, 0.0, 0.0, 0.0, 1.0, -0.001128, -0.01073, -0.004394, -0.005057, -0.104499, -0.018108, -0.002288, -0.126998, -0.005113, 0.004253, -0.05041, -0.010543, 0.027398, -0.186345, 2e-06, 0.006738, 0.026683, -0.000107, 0.003075, 0.007277, -0.000973, 0.010206, 0.056411, -0.003258, -6.2e-05, -0.000139, -0.00391, 0.004296, 0.0, 2e-06, 0.001096, -0.0, 0.0, 0.0, -3.4e-05, 0.000221, 0.002769, -0.0, -0.0, -0.0, -0.0, 0.0, 0.0, 0.0, 0.00062, -0.0, 0.0, 0.0, -0.000622, 0.000278, 0.001346, -0.0, -0.0, -0.0, -0.0, 0.0, 0.0, 0.0, 0.0, 0.0, 0.0, 0.0, -0.0, 0.0, 1e-06, 0.0, 0.0, 0.0, 0.0, 0.0, -0.0, 1.5e-05, 0.002813, -6e-06, 5e-06, 9e-06, -0.004832, 0.003182, 0.006255, -2e-06, -8e-06, -1.4e-05, -6e-06, 1.1e-05, 0.204121, 0.033219, 0.104869, -0.231925, 0.083466, -0.175029, -0.028591, -0.192311, -0.130157, -0.069393, -0.011342, -0.001846, 0.024321, 0.039658, -0.052415, -0.003361, -0.006942, -0.002978, -0.002764, -0.002985, -0.016292, -0.033322, 0.001825, 0.00525, -0.018343, 0.001485, 0.022037, 0.000126, 0.000517, 0.00043, 0.0, 0.000194, 0.0, 0.0, 0.0, 0.0, 0.000124, 0.0, -0.0, 0.0, 0.0, 1.1e-05, 0.0, 0.0, 0.0], [0.0, 0.01452, 0.052219, -0.004161, 0.000706, -0.018253, -0.023859, 0.004046, -0.104656, -0.007562, -0.000257, 0.006653, -0.01457, -0.001128, 1.0, 0.325565, 0.151774, -0.0, -0.0, 0.0, 0.0, -0.0, 0.0, -0.0, -0.0, 0.0, -0.0, 0.0, 0.0, 0.015503, 0.053407, -0.004938, 0.016967, 0.009818, -0.026649, 0.091565, 0.052982, -0.008044, -0.006959, -0.004027, 0.007952, 0.013835, 0.0, 3.5e-05, 0.006548, -2e-06, 6e-06, 1e-05, -0.002413, 0.00787, 0.014345, -0.0, -0.0, -0.0, -0.0, 1e-06, 0.0, 0.0, 0.001458, -0.0, 0.0, 0.0, -0.002054, 0.001647, 0.002327, 0.0, -0.0, -0.0, -0.0, 0.0, 0.0, 0.0, 1e-06, 0.0, 0.0, 0.0, -1e-06, 0.0, 1e-06, 0.0, 0.0, 0.0, 0.0, 0.0, 0.0, 0.0, 0.001183, -0.0, 0.0, 0.0, -0.002822, 0.002328, 0.001139, 0.0, -0.0, -0.0, 0.0, 0.0, 0.000291, 0.019237, -1e-06, -1.3e-05, -2.9e-05, 0.000285, 0.01912, 3e-06, 1.2e-05, -2.8e-05, 0.000303, 0.01948, -2.2e-05, 4e-06, -2.5e-05, 0.049281, 0.086485, 0.078844, -0.012421, 0.010362, 0.049428, 0.086559, -0.038159, -0.062085, 0.034937, 0.000309, 0.019594, 2e-06, 3.4e-05, 5e-06, 0.0, 0.000894, 0.0, 0.0, 0.0, 5e-06, 0.005728, -0.0, 0.0, 0.0, 0.0, 9e-06, 0.0, 0.0, 0.0], [0.01452, 0.185458, 0.349201, -0.046948, 0.007961, -0.205936, -0.121639, 0.020627, -0.53356, -0.071912, -0.002446, 0.063273, -0.138565, -0.01073, 0.325565, 1.0, 0.798485, -0.0, -0.0, 0.0, 0.0, -0.0, 0.0, 0.0, 0.0, 0.0, -0.0, 0.0, 0.015503, 0.19217, 0.355348, -0.053302, 0.183145, 0.105972, -0.13497, 0.463753, 0.26834, -0.071118, -0.061524, -0.0356, 0.070309, 0.122319, 3.5e-05, 0.006982, 0.069815, -0.001127, 0.003677, 0.006703, -0.022579, 0.073643, 0.134233, -0.002964, -0.000761, -0.001388, -0.002883, 0.004526, 0.0, 0.00065, 0.021777, -0.000352, 0.000282, 0.000399, -0.029811, 0.023903, 0.033771, 5e-06, -0.000189, -0.000267, -7.5e-05, 0.000214, 0.0, 0.0, 0.00014, 0.0, -0.0, -0.0, -0.00018, 0.000105, 0.000185, 0.0, -0.0, -0.0, -0.0, 0.0, -4.7e-05, 0.002499, 0.031185, -0.002145, 0.00177, 0.000866, -0.057397, 0.047354, 0.023178, 0.001301, -0.003216, -0.001574, 0.001009, 0.001299, 0.023197, 0.159012, -0.000933, -0.009784, -0.022094, 0.022943, 0.15825, 0.002277, 0.009451, -0.02182, 0.023727, 0.160589, -0.016089, 0.002735, -0.018669, 0.364716, 0.519072, 0.352312, -0.055504, 0.046303, 0.365304, 0.519422, -0.170001, -0.276595, 0.155646, 0.023979, 0.161333, 0.001481, 0.024805, 0.00346, 9.7e-05, 0.0142, 2e-06, 2.3e-05, 3.1e-05, 0.002651, 0.061276, -9.3e-05, 0.000212, 0.001986, 0.0, 0.000393, -0.0, 0.0, 0.0], [0.052219, 0.349201, 0.578081, -0.044648, 0.007571, -0.195847, -0.127936, 0.021695, -0.561182, -0.029452, -0.001002, 0.025914, -0.056749, -0.004394, 0.151774, 0.798485, 1.0, -0.0, -0.0, -0.0, 0.0, 0.0, -0.0, -0.0, 0.0, 0.0, -0.0, 0.0, 0.053407, 0.355348, 0.584804, -0.049512, 0.170122, 0.098437, -0.140953, 0.484308, 0.280233, -0.028339, -0.024516, -0.014185, 0.028016, 0.048741, 0.006548, 0.069815, 0.198943, -0.008786, 0.028655, 0.052232, -0.045735, 0.149169, 0.271896, -0.015243, -0.003916, -0.007137, -0.01483, 0.023279, 0.001458, 0.021777, 0.091933, -0.012142, 0.009736, 0.013755, -0.097027, 0.077798, 0.109916, 0.000161, -0.006061, -0.008563, -0.002421, 0.006866, -1.8e-05, 0.000444, 0.00496, 0.000277, -0.000162, -0.000284, -0.006476, 0.003783, 0.00664, 5e-05, -0.000165, -0.00029, -0.0001, 0.000169, -0.005753, 0.048531, 0.137814, -0.024524, 0.020233, 0.009903, -0.149729, 0.123531, 0.060462, 0.006357, -0.015713, -0.007691, 0.004929, 0.006345, 0.122793, 0.342728, -0.003441, -0.0361, -0.081515, 0.122146, 0.34162, 0.008468, 0.035148, -0.081148, 0.124134, 0.345019, -0.058397, 0.009927, -0.06776, 0.452544, 0.761283, 0.182617, -0.02877, 0.024001, 0.452881, 0.761629, -0.08802, -0.14321, 0.080587, 0.124766, 0.346095, 0.005335, 0.089346, 0.012462, 0.008705, 0.067179, 0.000362, 0.004607, 0.006246, 0.043096, 0.180129, -0.001672, 0.003813, 0.035641, 0.000176, 0.005979, -0.000112, 5.5e-05, 7.2e-05], [0.004161, 0.046948, 0.044648, 0.050378, 0.002732, -0.070666, 0.172582, 0.003268, -0.084536, -0.061625, 0.00292, -0.075537, -0.065303, -0.005057, -0.0, -0.0, -0.0, 1.0, 0.0, 0.0, 0.531899, 0.0, 0.0, 0.0, -0.0, -0.0, -0.0, 0.0, 0.004938, 0.053302, 0.049512, 0.049903, 0.069147, 0.04001, 0.172705, 0.080109, 0.046353, -0.0691, 0.063367, 0.036666, 0.036616, 0.063702, 2e-06, 0.001127, 0.008786, 0.000483, 0.000642, 0.00117, 0.023214, 0.011018, 0.020082, -0.000693, 0.000271, 0.000493, -0.000532, 0.000835, 0.0, 0.000352, 0.012142, -0.000156, 0.000146, 0.000206, -0.012836, 0.015423, 0.021791, -1.3e-05, -7.5e-05, -0.000107, -3.4e-05, 9.8e-05, 0.0, 0.0, 8.8e-05, 0.0, -0.0, -0.0, -0.000104, 6.8e-05, 0.00012, 0.0, -0.0, -0.0, -0.0, 0.0, -1.2e-05, 0.001731, 0.025501, -0.00142, 0.001326, 0.000649, -0.04195, 0.044683, 0.02187, 0.000712, -0.002548, -0.001247, 0.0009, 0.001158, 0.001058, 0.004445, 0.002911, -0.000511, -0.001154, -0.002585, -0.010946, 0.002617, -0.001218, 0.002811, 0.018221, 0.075352, -0.011115, 0.00241, -0.016452, -0.381049, -0.204416, -0.382, 0.091777, -0.076563, 0.183896, 0.098519, 0.065581, -0.220421, 0.124036, -0.001676, -0.00688, 0.002994, -0.001992, -0.000278, -3e-06, -0.000632, 1e-06, -1e-06, -1e-06, 0.000128, 0.00243, 0.000103, 9e-06, 8.8e-05, 0.0, 0.00031, -0.0, 0.0, 0.0], [-0.000706, -0.007961, -0.007571, 0.002732, 0.066025, 0.011983, 0.003268, 0.1913, 0.014335, 0.003396, -0.023823, -0.005057, 0.015147, -0.104499, -0.0, -0.0, -0.0, 0.0, 1.0, 0.0, 0.0, 0.531899, 0.0, 0.0, 0.0, 0.0, -0.0, -0.0, -0.016967, -0.183145, -0.170122, 0.069147, -0.167559, -0.137474, 0.080109, -0.079232, -0.159268, 0.072175, 0.082324, 0.063702, -0.030403, -0.163672, -6e-06, -0.003677, -0.028655, 0.000642, -0.001414, -0.003817, 0.011018, -0.009343, -0.0655, 0.001547, 0.000332, 0.000835, 0.002147, -0.001975, -0.0, -0.000282, -0.009736, 0.000146, -9e-05, -0.000166, 0.015423, -0.005967, -0.017472, -8e-06, 5.6e-05, 9.8e-05, 3.8e-05, -6.3e-05, 0.0, -0.0, -5.2e-05, -0.0, 0.0, 0.0, 6.8e-05, -2.7e-05, -7e-05, -0.0, 0.0, 0.0, 0.0, -0.0, 1e-05, -0.001428, -0.021039, 0.001326, -0.000907, -0.000535, 0.044683, -0.024656, -0.018043, -0.001142, 0.001979, 0.001158, -0.000422, -0.000799, 0.0111, 0.046638, -0.000511, -0.0024, -0.012103, -0.01073, -0.045434, -0.001218, -0.002144, 0.01167, -0.003097, -0.012809, 0.00241, 0.002654, 0.002797, 0.060032, 0.032204, 0.091777, 0.186091, 0.012062, 0.299201, 0.160292, -0.220421, -0.157571, 0.201808, -0.028071, -0.115223, -0.001992, -0.030244, -0.004653, -4.4e-05, -0.008044, -1e-06, -6e-06, -9e-06, -0.000292, -0.005541, 9e-06, 8.6e-05, -0.0002, -0.0, -0.000151, 0.0, -0.0, -0.0], [0.018253, 0.205936, 0.195847, -0.070666, 0.011983, -0.243484, -0.084536, 0.014335, -0.178956, -0.087832, -0.005057, 0.106784, -0.181092, -0.018108, 0.0, 0.0, -0.0, 0.0, 0.0, 1.0, 0.0, 0.0, 0.531899, 0.0, 0.0, 0.0, 0.0, -0.0, -0.009818, -0.105972, -0.098437, 0.04001, -0.137474, -0.009518, 0.046353, -0.159268, 0.103864, 0.041762, 0.063702, 0.009092, -0.128003, -0.03124, -1e-05, -0.006703, -0.052232, 0.00117, -0.003817, -0.006277, 0.020082, -0.0655, -0.092798, 0.002819, 0.000835, 0.001397, 0.002415, -0.004556, -0.0, -0.000399, -0.013755, 0.000206, -0.000166, -0.000207, 0.021791, -0.017472, -0.018286, -1.1e-05, 9.8e-05, 0.000125, 2.4e-05, -0.0001, 0.0, -0.0, -9.1e-05, -0.0, 0.0, 0.0, 0.00012, -7e-05, -0.00011, -0.0, 0.0, 0.0, 0.0, -0.0, 5e-06, -0.000699, -0.010297, 0.000649, -0.000535, -7.5e-05, 0.02187, -0.018043, 0.003377, -0.000559, 0.001158, 0.000179, -0.00052, -0.000148, 0.025063, 0.105309, -0.001154, -0.012103, -0.02437, 0.024773, 0.104898, 0.002811, 0.01167, -0.024032, 0.021143, 0.087433, -0.016452, 0.002797, -0.016026, -0.05008, -0.026866, -0.076563, 0.012062, 0.190487, -0.168367, -0.0902, 0.124036, 0.201808, 0.087496, -0.003915, -0.016072, -0.000278, -0.004653, 0.002464, -6e-05, -0.010906, -1e-06, -9e-06, -1.1e-05, -0.002734, -0.051795, 8.8e-05, -0.0002, -0.001761, -0.0, -0.0002, 0.0, -0.0, -0.0], [0.023859, 0.121639, 0.127936, 0.172582, 0.003268, -0.084536, 0.494407, 0.005644, -0.145997, -0.04887, 0.004403, -0.113892, -0.029551, -0.002288, 0.0, 0.0, 0.0, 0.531899, 0.0, 0.0, 1.0, 0.0, 0.0, 0.0, -0.0, 0.0, 0.0, 0.0, 0.026649, 0.13497, 0.140953, 0.172705, 0.080109, 0.046353, 0.494914, 0.137241, 0.079411, -0.053426, 0.097134, 0.056204, 0.015919, 0.027694, 0.002413, 0.022579, 0.045735, 0.023214, 0.011018, 0.020082, 0.139871, 0.039766, 0.072483, -0.011605, 0.011435, 0.020843, -0.006739, 0.010578, 0.002054, 0.029811, 0.097027, -0.012836, 0.015423, 0.021791, -0.055786, 0.09428, 0.133203, -0.004727, -0.007658, -0.01082, -0.004451, 0.012627, -2e-05, 0.0006, 0.007158, 0.000353, -0.000238, -0.000418, -0.008352, 0.006053, 0.010624, 1.1e-05, -0.000237, -0.000415, -0.000166, 0.000279, -0.01073, 0.084454, 0.197247, -0.034403, 0.041288, 0.020209, -0.138984, 0.200095, 0.097936, -0.001085, -0.025523, -0.012492, 0.011604, 0.014938, 0.009869, 0.017298, 0.052165, -0.00356, -0.008039, -0.024283, -0.042669, 0.050094, -0.008573, 0.019794, 0.167573, 0.292215, -0.043539, 0.016448, -0.112271, -0.553423, -0.521829, -0.015776, 0.044315, -0.036969, 0.266755, 0.251437, 0.200452, -0.106247, 0.059787, -0.015311, -0.026636, 0.052753, -0.013459, -0.001877, -0.000957, -0.005765, 0.001873, -0.000581, -0.000787, 0.004627, 0.013258, 0.014003, 0.00049, 0.00458, 0.000274, 0.009861, -0.000163, 8.6e-05, 0.000114], [-0.004046, -0.020627, -0.021695, 0.003268, 0.1913, 0.014335, 0.005644, 0.526734, 0.024758, -0.000243, -0.028953, -0.002288, 0.009936, -0.126998, -0.0, -0.0, 0.0, 0.0, 0.531899, 0.0, 0.0, 1.0, 0.0, 0.0, 0.0, 0.0, -0.0, 0.0, -0.091565, -0.463753, -0.484308, 0.080109, -0.079232, -0.159268, 0.137241, 0.0633, -0.272855, -0.008797, 0.015538, 0.027694, 0.056367, -0.030892, -0.00787, -0.073643, -0.149169, 0.011018, -0.009343, -0.0655, 0.039766, 0.022363, -0.236411, 0.014962, 0.001752, 0.010578, 0.035194, -0.010417, -0.001647, -0.023903, -0.077798, 0.015423, -0.005967, -0.017472, 0.09428, -0.013797, -0.106804, -0.002251, 0.004587, 0.012627, 0.007057, -0.005196, 1.2e-05, -0.00035, -0.004181, -0.000238, 8.4e-05, 0.000244, 0.006053, -0.001526, -0.006206, -6.9e-05, 9.8e-05, 0.000279, 0.000133, -0.0001, 0.008853, -0.069677, -0.162735, 0.041288, -0.018422, -0.016673, 0.200095, -0.061537, -0.080801, -0.018968, 0.016619, 0.014938, 0.001894, -0.006711, 0.103548, 0.181496, -0.00356, 0.015149, -0.084349, -0.100797, -0.177115, -0.008573, 0.016572, 0.082163, -0.028486, -0.049674, 0.016448, 0.050423, 0.019085, 0.087188, 0.082211, 0.044315, 0.258528, 0.005824, 0.434014, 0.409091, -0.106247, 0.092889, 0.097275, -0.256433, -0.446099, -0.013459, -0.17186, -0.031442, -0.012189, -0.073411, -0.000581, -0.005476, -0.010026, -0.010549, -0.030224, 0.00049, 0.013101, -0.010441, -0.000134, -0.004815, 8.6e-05, -2.8e-05, -5.6e-05], [0.104656, 0.53356, 0.561182, -0.084536, 0.014335, -0.178956, -0.145997, 0.024758, -0.112715, 0.006274, -0.002288, 0.03015, -0.002239, -0.005113, 0.0, 0.0, -0.0, 0.0, 0.0, 0.531899, 0.0, 0.0, 1.0, -0.0, 0.0, 0.0, -0.0, -0.0, -0.052982, -0.26834, -0.280233, 0.046353, -0.159268, 0.103864, 0.079411, -0.272855, 0.376975, -0.00509, 0.027694, -0.016299, -0.095913, 0.056004, -0.014345, -0.134233, -0.271896, 0.020082, -0.0655, -0.092798, 0.072483, -0.236411, -0.278854, 0.027273, 0.010578, 0.01523, 0.015978, -0.049675, -0.002327, -0.033771, -0.109916, 0.021791, -0.017472, -0.018286, 0.133203, -0.106804, -0.0891, -0.003181, 0.012627, 0.01349, 0.000115, -0.010816, 2e-05, -0.000615, -0.007339, -0.000418, 0.000244, 0.000374, 0.010624, -0.006206, -0.008883, -0.00012, 0.000279, 0.000429, 0.000107, -0.000251, 0.004333, -0.034104, -0.07965, 0.020209, -0.016673, 0.007481, 0.097936, -0.080801, 0.064, -0.009284, 0.014938, -0.006589, -0.010299, 0.005436, 0.233815, 0.409822, -0.008039, -0.084349, -0.137959, 0.232718, 0.408917, 0.019794, 0.082163, -0.137535, 0.19444, 0.339065, -0.112271, 0.019085, -0.077052, -0.072735, -0.068583, -0.036969, 0.005824, 0.26065, -0.244229, -0.230204, 0.059787, 0.097275, 0.211015, -0.035768, -0.062224, -0.001877, -0.031442, 0.049171, -0.016527, -0.099534, -0.000787, -0.010026, -0.011675, -0.098613, -0.282542, 0.00458, -0.010441, -0.083383, -0.000177, -0.00637, 0.000114, -5.6e-05, -6e-05], [-0.007562, -0.071912, -0.029452, 0.061625, -0.003396, 0.087832, 0.04887, 0.000243, -0.006274, 0.040409, 0.004377, -0.113232, 0.054927, 0.004253, -0.0, 0.0, -0.0, 0.0, 0.0, 0.0, 0.0, 0.0, -0.0, 1.0, 0.0, 0.0, 0.0, 0.0, -0.008044, -0.071118, -0.028339, 0.0691, -0.072175, -0.041762, 0.053426, 0.008797, 0.00509, 0.031578, 0.107971, 0.062475, -0.02312, -0.040222, -0.0, -0.002964, -0.015243, 0.000693, -0.001547, -0.002819, 0.011605, -0.014962, -0.027273, 0.001163, 0.000419, 0.000764, 0.001123, -0.001763, 0.0, 5e-06, 0.000161, 1.3e-05, 8e-06, 1.1e-05, 0.004727, 0.002251, 0.003181, -9e-06, 1e-06, 2e-06, -2e-06, 6e-06, 0.0, 0.0, 1.2e-05, 0.0, -0.0, -0.0, -5e-06, 1.3e-05, 2.2e-05, 0.0, 0.0, 0.0, 0.0, 0.0, -0.0, 0.000469, 0.008426, -0.000296, 0.000416, 0.000204, -0.00595, 0.022687, 0.011104, -7.2e-05, -0.000754, -0.000369, 0.000363, 0.000467, -0.012079, -0.025309, 0.000816, 0.005627, 0.012705, -0.011664, -0.024671, -0.001949, -0.005272, 0.012171, 0.003269, 0.00672, 0.000373, 0.000769, -0.005249, 0.281661, 0.046235, 0.231734, -0.125151, 0.104405, -0.049691, -0.008142, 0.232749, -0.063471, 0.035716, -0.01244, -0.025339, -0.001308, -0.014302, -0.001995, -1.9e-05, -0.004151, -0.0, -1e-06, -2e-06, -0.001041, -0.013759, 3.1e-05, -5.4e-05, -0.000505, 0.0, 0.000112, 0.0, 0.0, 0.0], [-0.000257, -0.002446, -0.001002, -0.00292, 0.023823, 0.005057, -0.004403, 0.028953, 0.002288, 0.004377, 0.023282, 0.005778, 0.008214, -0.05041, -0.0, 0.0, 0.0, -0.0, 0.0, 0.0, -0.0, 0.0, 0.0, 0.0, 1.0, 0.0, 0.0, 0.0, -0.006959, -0.061524, -0.024516, -0.063367, -0.082324, -0.063702, -0.097134, -0.015538, -0.027694, 0.107971, -0.083014, -0.061305, -0.027172, -0.106089, -0.0, -0.000761, -0.003916, -0.000271, -0.000332, -0.000835, -0.011435, -0.001752, -0.010578, 0.000419, -0.000104, -0.000245, 0.000439, -0.000449, -0.0, -0.000189, -0.006061, 7.5e-05, -5.6e-05, -9.8e-05, 0.007658, -0.004587, -0.012627, 1e-06, 2.2e-05, 3.8e-05, 1.6e-05, -2.8e-05, 0.0, -0.0, -4e-05, -0.0, 0.0, 0.0, 4.9e-05, -2.2e-05, -5.6e-05, 0.0, 0.0, 0.0, 0.0, 0.0, 1e-06, -0.001158, -0.020827, 0.000975, -0.000766, -0.000434, 0.039951, -0.028988, -0.020277, -0.000754, 0.001747, 0.000981, -0.000456, -0.000773, 0.000656, 0.001374, 0.001661, -0.000197, -0.00081, 0.001566, 0.003313, -0.001426, 0.000442, -0.001926, -0.003082, -0.006334, 0.002245, 0.002364, 0.003163, -0.07851, -0.012888, -0.117972, -0.298203, -0.022231, 0.188542, 0.030894, 0.059584, -0.161498, 0.17917, 0.002542, 0.005177, -0.004182, 0.003178, 0.00048, 2e-06, 0.0004, -0.0, 0.0, 0.0, -1.8e-05, -0.000238, -9e-06, 3e-06, -1e-05, -0.0, -0.00014, 0.0, 0.0, 0.0], [0.006653, 0.063273, 0.025914, 0.075537, 0.005057, -0.106784, 0.113892, 0.002288, -0.03015, -0.113232, 0.005778, -0.125959, -0.110672, -0.010543, 0.0, 0.0, 0.0, -0.0, 0.0, 0.0, 0.0, 0.0, 0.0, 0.0, 0.0, 1.0, 0.0, 0.0, -0.004027, -0.0356, -0.014185, -0.036666, -0.063702, -0.009092, -0.056204, -0.027694, 0.016299, 0.062475, -0.061305, -0.012537, -0.074345, -0.02769, -0.0, -0.001388, -0.007137, -0.000493, -0.000835, -0.001397, -0.020843, -0.010578, -0.01523, 0.000764, -0.000245, -0.000416, 0.000542, -0.000983, -0.0, -0.000267, -0.008563, 0.000107, -9.8e-05, -0.000125, 0.01082, -0.012627, -0.01349, 2e-06, 3.8e-05, 4.9e-05, 1.1e-05, -4.4e-05, 0.0, -0.0, -7.1e-05, -0.0, 0.0, 0.0, 8.6e-05, -5.6e-05, -8.9e-05, 0.0, 0.0, 0.0, 0.0, 0.0, 0.0, -0.000567, -0.010194, 0.000477, -0.000434, -9.2e-05, 0.019554, -0.020277, 0.002517, -0.000369, 0.000981, 0.000223, -0.000451, -0.000201, 0.001481, 0.003103, 0.003751, -0.00081, -0.001667, -0.003617, -0.007649, 0.003291, -0.001926, 0.004054, 0.021034, 0.043234, -0.015326, 0.003163, -0.018762, 0.065495, 0.010751, 0.098416, -0.022231, -0.306306, -0.106097, -0.017385, -0.033529, 0.17917, 0.056077, 0.000355, 0.000722, -0.000583, 0.00048, -0.000195, 2e-06, 0.000542, -0.0, 0.0, 0.0, -0.000168, -0.002221, -8.5e-05, -1e-05, -8.6e-05, -0.0, -0.000186, 0.0, 0.0, 0.0], [-0.01457, -0.138565, -0.056749, 0.065303, -0.015147, 0.181092, 0.029551, -0.009936, 0.002239, 0.054927, 0.008214, -0.110672, 0.165352, 0.027398, -0.0, -0.0, -0.0, -0.0, -0.0, 0.0, 0.0, -0.0, -0.0, 0.0, 0.0, 0.0, 1.0, 0.0, 0.007952, 0.070309, 0.028016, -0.036616, 0.030403, 0.128003, -0.015919, -0.056367, 0.095913, -0.02312, -0.027172, -0.074345, -0.105708, 0.154734, -0.0, -0.002883, -0.01483, 0.000532, -0.002147, -0.002415, 0.006739, -0.035194, -0.015978, 0.001123, 0.000439, 0.000542, 0.000446, -0.002189, -0.0, -7.5e-05, -0.002421, 3.4e-05, -3.8e-05, -2.4e-05, 0.004451, -0.007057, -0.000115, -2e-06, 1.6e-05, 1.1e-05, -4e-06, -1.3e-05, 0.0, -0.0, -2.5e-05, -0.0, 0.0, 0.0, 3.3e-05, -2.5e-05, -2.4e-05, 0.0, 0.0, 0.0, 0.0, 0.0, -0.0, 0.000363, 0.006533, -0.000337, 0.000179, 0.000185, -0.015752, 0.002732, 0.011385, 0.000363, -0.000456, -0.000451, 3e-06, 0.000278, -0.014103, -0.029549, 0.000735, 0.009408, 0.013586, -0.014079, -0.029777, -0.001806, -0.009123, 0.013552, -0.011941, -0.024544, 0.010563, -0.002276, 0.008976, 0.00188, 0.000309, 0.004051, 0.05054, 0.043227, 0.104811, 0.017174, -0.108788, 0.07828, 0.243252, 0.02087, 0.042511, 0.001686, 0.023856, 0.004551, -1e-05, -0.002133, -0.0, -1e-06, -1e-06, -0.00177, -0.023394, 4.4e-05, -0.000111, -0.000857, -0.0, -2.6e-05, 0.0, 0.0, 0.0], [-0.001128, -0.01073, -0.004394, 0.005057, 0.104499, 0.018108, 0.002288, 0.126998, 0.005113, 0.004253, -0.05041, -0.010543, 0.027398, -0.186345, 0.0, 0.0, 0.0, 0.0, -0.0, -0.0, 0.0, 0.0, -0.0, 0.0, 0.0, 0.0, 0.0, 1.0, 0.013835, 0.122319, 0.048741, -0.063702, 0.163672, 0.03124, -0.027694, 0.030892, -0.056004, -0.040222, -0.106089, -0.02769, 0.154734, 0.074545, 1e-06, 0.004526, 0.023279, -0.000835, 0.001975, 0.004556, -0.010578, 0.010417, 0.049675, -0.001763, -0.000449, -0.000983, -0.002189, 0.002488, 0.0, 0.000214, 0.006866, -9.8e-05, 6.3e-05, 0.0001, -0.012627, 0.005196, 0.010816, 6e-06, -2.8e-05, -4.4e-05, -1.3e-05, 3e-05, 0.0, 0.0, 4.1e-05, 0.0, -0.0, -0.0, -5.6e-05, 2.3e-05, 5.2e-05, 0.0, 0.0, 0.0, 0.0, 0.0, -0.0, 0.000468, 0.00841, -0.000434, 0.000309, 7.6e-05, -0.020277, 0.011706, -0.002076, 0.000467, -0.000773, -0.000201, 0.000278, 0.000145, 0.015539, 0.032558, -0.00081, -0.004669, -0.017492, -0.015012, -0.031751, -0.001926, -0.004238, 0.016828, -0.003576, -0.007349, 0.003163, 0.002743, 0.003189, -0.010318, -0.001694, -0.022231, -0.039192, 0.048257, -0.172621, -0.028285, 0.17917, 0.147861, 0.091239, 0.005937, 0.012094, 0.00048, 0.007423, -0.003266, 3.1e-05, 0.006898, 0.0, 2e-06, 3e-06, 0.000383, 0.005063, -1e-05, -6.8e-05, 0.000195, 0.0, 9.1e-05, 0.0, 0.0, 0.0], [0.0, 6.6e-05, 0.008115, 0.0, -1.2e-05, -2.2e-05, 0.000242, -0.009799, -0.017982, -1e-06, -0.0, -0.0, -1e-06, 2e-06, 0.0, 0.015503, 0.053407, 0.004938, -0.016967, -0.009818, 0.026649, -0.091565, -0.052982, -0.008044, -0.006959, -0.004027, 0.007952, 0.013835, 1.0, 0.325565, 0.151774, -0.0, -0.0, -0.0, -0.0, -0.0, -0.0, -0.0, 0.0, 0.0, -0.0, 0.0, 0.0, 0.013778, 0.051284, -0.000153, -0.000238, 0.017621, -0.000919, -0.001434, 0.106061, -0.008194, 3e-06, -0.000246, -0.014189, -0.000384, 0.0, 0.00125, 0.022445, -0.000719, 0.000109, 0.000662, -0.039411, 0.005952, 0.036318, 0.000109, -5.1e-05, -0.00031, -0.000139, 4.7e-05, 0.0, 0.0, 0.000174, 0.0, -0.0, -0.0, -0.000258, 4e-05, 0.000227, 0.0, 0.0, 0.0, 0.0, 0.0, -0.0, 0.002304, 0.036715, -0.002486, 0.000401, 3e-06, -0.091397, 0.014746, 9.9e-05, 0.004704, -0.001332, -9e-06, 0.000107, 1e-06, 0.0, 0.00083, 0.0, 0.0, 0.0, 3e-06, 0.004942, 0.0, -0.0, -0.0, 4e-06, 0.005338, -0.0, -0.0, -0.0, 0.000402, 0.021169, 3.6e-05, -3.6e-05, -1.5e-05, 0.000379, 0.020804, -3e-06, -4.8e-05, -6e-06, 0.049712, 0.086701, 0.037041, 0.064868, -0.032478, 0.00018, 0.016713, 4e-06, 5e-06, 1.4e-05, 0.000194, 0.017084, 2e-06, -7e-06, 1.5e-05, 0.0, 0.000357, 0.0, 0.0, 0.0], [6.6e-05, 0.009798, 0.082449, 0.000131, -0.005291, -0.00971, 0.002126, -0.086122, -0.158043, -0.004628, -9.1e-05, -0.000166, -0.004347, 0.006738, 0.015503, 0.19217, 0.355348, 0.053302, -0.183145, -0.105972, 0.13497, -0.463753, -0.26834, -0.071118, -0.061524, -0.0356, 0.070309, 0.122319, 0.325565, 1.0, 0.798485, -0.0, -0.0, 0.0, 0.0, -0.0, 0.0, 0.0, 0.0, 0.0, -0.0, 0.0, 0.013778, 0.180245, 0.344348, -0.001785, -0.002785, 0.205987, -0.004712, -0.00735, 0.543589, -0.082618, 3.4e-05, -0.002481, -0.143068, -0.00387, 0.00125, 0.048873, 0.181459, -0.042651, 0.006441, 0.039304, -0.257247, 0.038851, 0.237061, 0.015449, -0.007165, -0.043722, -0.019605, 0.006603, -0.0, 8.9e-05, 0.006161, 5.8e-05, -9e-06, -5.1e-05, -0.010442, 0.001622, 0.009195, 3e-05, -1.3e-05, -7.6e-05, -3.2e-05, 1.2e-05, -0.010907, 0.113291, 0.286012, -0.111843, 0.018045, 0.000121, -0.467876, 0.075489, 0.000506, 0.101547, -0.028752, -0.000193, 0.002319, 3.1e-05, 8.5e-05, 0.01339, 3e-06, -2e-05, -2.5e-05, 0.002037, 0.054552, 0.000301, -0.000212, -0.001419, 0.002337, 0.057961, -0.000643, -0.000638, -0.001467, 0.027564, 0.171457, 0.019909, -0.019845, -0.008186, 0.026712, 0.169122, -0.001959, -0.027997, -0.003463, 0.366435, 0.520093, 0.16407, 0.287329, -0.143861, 0.018011, 0.142349, 0.004296, 0.006309, 0.016546, 0.018736, 0.14483, 0.002053, -0.008316, 0.017013, 1.9e-05, 0.006885, -5e-06, 1e-06, 2e-06], [0.008115, 0.082449, 0.222122, 0.000822, -0.0333, -0.061109, 0.004024, -0.163023, -0.299165, -0.018328, -0.000359, -0.000659, -0.017213, 0.026683, 0.053407, 0.355348, 0.584804, 0.049512, -0.170122, -0.098437, 0.140953, -0.484308, -0.280233, -0.028339, -0.024516, -0.014185, 0.028016, 0.048741, 0.151774, 0.798485, 1.0, 0.0, 0.0, -0.0, 0.0, 0.0, 0.0, -0.0, -0.0, -0.0, -0.0, 0.0, 0.051284, 0.344348, 0.572745, -0.00173, -0.002699, 0.199624, -0.004984, -0.007775, 0.574996, -0.034589, 1.4e-05, -0.001039, -0.059897, -0.00162, 0.022445, 0.181459, 0.374633, -0.096619, 0.014592, 0.089037, -0.353192, 0.053341, 0.325477, 0.017705, -0.008212, -0.050106, -0.022467, 0.007567, -0.00081, 0.010506, 0.048482, 0.006846, -0.001064, -0.006029, -0.063603, 0.009882, 0.056005, 0.002269, -0.001017, -0.005766, -0.002459, 0.000896, -0.035856, 0.240042, 0.470372, -0.103221, 0.016654, 0.000112, -0.420971, 0.067921, 0.000455, 0.036811, -0.010423, -7e-05, 0.000841, 1.1e-05, 0.008164, 0.06457, 0.000599, -0.004505, -0.005704, 0.037941, 0.166544, 0.006543, -0.004623, -0.030888, 0.040548, 0.