{"HF": -457.51742424217, "coordinates": [[-0.113656784, 1.449588128, -0.017513196], [0.021257738, -0.033500476, 0.030116131], [-1.1554122, -0.82290555, -0.152605818], [-0.509146296, -1.936872012, 0.550285048], [0.656545611, -1.035800985, 0.983293368], [1.226285652, -0.86376036, -0.398331763], [0.999218288, -2.002775036, -1.20578315], [0.043945805, -2.783592451, -0.600015731], [-0.281901758, -3.857864113, -1.002197282], [0.855259038, 1.92774473, 0.152369827], [-0.48147089, 1.761356713, -1.000752619], [-0.816526625, 1.802594582, 0.742744025], [-1.166426043, -2.44108589, 1.25313817], [1.16828226, -0.972284583, 1.93359749], [2.188228772, -0.401902491, -0.575161792]], "elements": ["C", "C", "O", "C", "C", "C", "O", "C", "O", "H", "H", "H", "H", "H", "H"], "Enn": 462.4885171831, "S": [[1.0, 0.325565, 0.151774, 0.0, -0.0, 0.0, -0.0, -0.0, 0.0, -0.0, 0.0, 0.0, -0.0, -0.0, 0.0, 0.017128, 0.055268, -0.000725, -0.002054, 0.022582, -0.003569, -0.010109, 0.111128, -0.011346, 0.000114, -0.001254, -0.019368, -0.003553, 0.0, 0.0, 0.001067, 0.0, 0.0, 0.0, 0.000187, 0.001439, 0.003139, -0.0, 0.0, 0.0, -0.0, 0.0, 0.0, 0.0, 0.000662, -0.0, 0.0, 0.0, -0.00025, 0.000174, 0.001489, -0.0, -0.0, -0.0, -0.0, 0.0, 0.0, 1.1e-05, 0.004422, -1e-06, -1e-06, 2e-06, -0.003991, -0.003071, 0.009911, -0.0, 0.0, -0.0, -0.0, -0.0, 0.0, 2.1e-05, 0.0055, 1e-06, -3e-06, 5e-06, 0.001957, -0.006885, 0.011887, -0.0, -0.0, 0.0, -0.0, -0.0, 0.0, 0.0, 1e-06, 0.0, 0.0, 0.0, 1e-06, -1e-06, 2e-06, 0.0, 0.0, 0.0, 0.0, 0.0, 0.0, 0.0, 3.7e-05, 0.0, 0.0, 0.0, 9e-06, -2e-06, 6.6e-05, 0.0, 0.0, 0.0, 0.0, 0.0, 0.0, 0.0, 0.0, 0.0, 0.0, 0.0, 0.0, 0.0, 0.0, 0.0, 0.0, 0.0, 0.0, 0.0, 0.049967, 0.086828, -0.01274, -0.072663, -0.035859, 0.049748, 0.086719, 0.073205, 0.027385, -0.023212, 0.049942, 0.086815, -0.056968, 0.052667, -0.026451, 0.0, 7.4e-05, 0.0, 0.0, 0.0, 0.0, 0.001182, 0.0, 0.0, 0.0, 1e-06, 0.00311, 0.0, -0.0, 0.0], [0.325565, 1.0, 0.798485, 0.0, 0.0, 0.0, -0.0, -0.0, 0.0, 0.0, 0.0, 0.0, -0.0, 0.0, 0.017128, 0.20285, 0.364909, -0.007318, -0.02073, 0.227881, -0.017895, -0.050689, 0.557219, -0.089761, 0.000903, -0.009924, -0.153232, -0.028111, -4e-05, 0.002227, 0.029162, 0.00014, 0.001079, 0.002354, 0.003958, 0.030521, 0.066579, -0.001842, 0.000145, 0.000315, -0.002095, 0.002432, 0.0, 0.000187, 0.011807, -2.5e-05, 1.8e-05, 0.000151, -0.004563, 0.003178, 0.027214, -4.1e-05, -3e-06, -2.5e-05, -7.3e-05, 1.7e-05, 1.1e-05, 0.003754, 0.051486, -0.001433, -0.001103, 0.003558, -0.041889, -0.032237, 0.104027, -0.000957, 0.000536, -0.001729, -0.001941, -0.001331, 2.1e-05, 0.0053, 0.060983, 0.000813, -0.002861, 0.00494, 0.019269, -0.0678, 0.117054, -0.002178, -0.000561, 0.000969, -0.001956, -0.00341, -0.0, 1e-06, 0.000284, 0.0, -0.0, 1e-06, 0.00027, -0.000253, 0.000786, -0.0, -0.0, 1e-06, -1e-06, -1e-06, 0.0, 2e-06, 0.001263, 0.0, -0.0, 1e-06, 0.000382, -0.000103, 0.002779, -0.0, -0.0, 0.0, -0.0, -0.0, 0.0, 0.0, 0.0, 0.0, 0.0, 0.0, 0.0, 0.0, 0.0, 0.0, 0.0, 0.0, 0.0, 0.0, 0.367445, 0.520691, -0.056143, -0.320208, -0.158022, 0.366577, 0.520177, 0.324025, 0.121213, -0.102743, 0.367346, 0.520632, -0.251169, 0.23221, -0.116624, 1e-06, 0.001985, -0.0, 0.0, 0.0, 0.00016, 0.017692, -4e-05, -2.7e-05, 5e-05, 0.000893, 0.037881, 0.000102, -0.000422, 0.000339], [0.151774, 0.798485, 1.0, 0.0, 0.0, 0.0, 0.0, 0.0, -0.0, -0.0, 0.0, 0.0, -0.0, -0.0, 0.055268, 0.364909, 0.595184, -0.006559, -0.018578, 0.204224, -0.018487, -0.052367, 0.575661, -0.034305, 0.000345, -0.003793, -0.058563, -0.010744, -0.005443, 0.046238, 0.132787, 0.001725, 0.013305, 0.029023, 0.010663, 0.082225, 0.179367, -0.009738, 0.000764, 0.001667, -0.011074, 0.012854, 0.000662, 0.011807, 0.061277, -0.001906, 0.001327, 0.011366, -0.019054, 0.013272, 0.113644, -0.003419, -0.000242, -0.002074, -0.006101, 0.001445, 0.004422, 0.051486, 0.162587, -0.016491, -0.012691, 0.040955, -0.096049, -0.073918, 0.238527, -0.007943, 0.004449, -0.014356, -0.016114, -0.011048, 0.0055, 0.060983, 0.181888, 0.007537, -0.026519, 0.045783, 0.04124, -0.145107, 0.250521, -0.013854, -0.003571, 0.006166, -0.012444, -0.021695, -0.000119, 0.001638, 0.01021, 0.000472, -0.000442, 0.00137, 0.006737, -0.006309, 0.019572, -0.00049, -0.000217, 0.000673, -0.000876, -0.000631, 3.7e-05, 0.001263, 0.013933, 0.000176, -4.8e-05, 0.001278, 0.003967, -0.001073, 0.028827, -0.000422, -8e-06, 0.000209, -0.000757, -5.6e-05, -0.0, 5e-06, 0.000112, 1e-06, 0.0, 5e-06, 5.4e-05, 9e-06, 0.000293, -3e-06, 0.0, 2e-06, -5e-06, 0.0, 0.454105, 0.762884, -0.028951, -0.165122, -0.081487, 0.453609, 0.762376, 0.167364, 0.062608, -0.053068, 0.454048, 0.762825, -0.129545, 0.119766, -0.060151, 0.00102, 0.017817, -0.000268, 0.000222, 0.000821, 0.011067, 0.077917, -0.005706, -0.003749, 0.007082, 0.025446, 0.130221, 0.004072, -0.016809, 0.01352], [0.0, 0.0, 0.0, 1.0, 0.0, 0.0, 0.531899, 0.0, 0.0, 0.0, -0.0, -0.0, -0.0, -0.0, 0.000725, 0.007318, 0.006559, 0.075428, -0.001025, 0.011264, 0.202134, -0.00113, 0.012425, -0.010688, -0.011041, 0.121372, -0.010518, -0.00193, 1e-06, -0.000111, -0.001749, 0.000152, -5.8e-05, -0.000127, 0.010996, -0.00211, -0.004602, 0.000146, 0.000179, 0.000391, 0.000134, -0.000155, 0.0, 2.5e-05, 0.001906, 2e-06, 2e-06, 1.8e-05, 0.002191, 0.000586, 0.005015, -5e-06, 0.0, 1e-06, -7e-06, 2e-06, 1e-06, 0.001433, 0.016491, -0.000281, -0.000441, 0.001422, 0.002481, -0.012187, 0.039327, -0.000525, 0.000123, -0.000398, -0.000783, -0.000537, -1e-06, -0.000813, -0.007537, 0.000334, 0.000468, -0.000808, 0.019712, 0.009929, -0.017143, 0.000461, -0.000187, 0.000323, 0.000331, 0.000577, 0.0, -0.0, -8.5e-05, -0.0, 0.0, -0.0, -4e-05, 8.2e-05, -0.000253, 0.0, 0.0, -0.0, 0.0, 0.0, 0.0, -0.0, -0.000176, 0.0, 0.0, -0.0, 0.000141, 1.6e-05, -0.000422, 0.0, -0.0, 0.0, 0.0, 0.0, 0.0, 0.0, -0.0, 0.0, 0.0, 0.0, -0.0, -0.0, -0.0, 0.0, 0.0, 0.0, 0.0, 0.0, 0.060765, 0.032395, 0.188198, -0.083907, -0.041408, -0.350623, -0.187294, -0.288738, -0.183636, 0.155655, 0.27184, 0.144956, -0.091679, 0.272272, -0.136745, 0.0, 0.000602, -0.0, 0.0, 0.0, 7.4e-05, 0.00969, -1.1e-05, -8e-06, 1.6e-05, -0.000157, -0.006284, 6e-06, 6e-05, -4.8e-05], [-0.0, 0.0, 0.0, 0.0, 1.0, -0.0, 0.0, 0.531899, 0.0, 0.0, 0.0, -0.0, -0.0, -0.0, 0.002054, 0.02073, 0.018578, -0.001025, 0.072887, 0.031906, -0.00113, 0.199331, 0.035196, -0.011043, -0.003744, -0.00193, -0.040898, 0.116587, 6e-06, -0.000858, -0.013486, -5.8e-05, -0.000288, -0.000977, -0.00211, -0.004998, -0.035486, 0.000799, -4.7e-05, -0.000155, 0.001221, -0.000787, -0.0, -1.8e-05, -0.001327, 2e-06, 3e-06, -1.3e-05, 0.000586, 0.002624, -0.003493, 3e-06, -0.0, 2e-06, 5e-06, 2e-06, 1e-06, 0.001103, 0.012691, -0.000441, -4.8e-05, 0.001095, -0.012187, 0.008938, 0.030266, -0.000243, 4.6e-05, -0.000537, -0.000695, -0.000113, 3e-06, 0.002861, 0.026519, 0.000468, -0.00118, 0.002843, 0.009929, -0.012403, 0.060318, -0.001135, -0.000254, 0.000577, -0.001448, -0.001545, 0.0, 0.0, 7.9e-05, 0.0, -0.0, 0.0, 8.2e-05, -3e-05, 0.000237, -0.0, -0.0, 0.0, -0.0, -0.0, 0.0, 0.0, 4.8e-05, 0.0, 0.0, 0.0, 1.6e-05, 0.000195, 0.000114, -0.0, 0.0, 0.0, -0.0, 0.0, 0.0, 0.0, -0.0, 0.0, 0.0, 0.0, -0.0, 0.0, -0.0, 0.0, 0.0, 0.0, 0.0, 0.0, 0.34657, 0.184763, -0.083907, -0.275647, -0.236166, -0.131162, -0.070064, -0.183636, 0.133462, 0.058228, -0.25132, -0.134014, 0.272272, -0.048897, 0.126423, -0.0, -0.000499, 0.0, -0.0, -0.0, 4.9e-05, 0.006366, -8e-06, -4e-06, 1e-05, 0.000648, 0.025938, 6e-05, -0.000228, 0.0002], [0.0, 0.0, 0.0, 0.0, -0.0, 1.0, 0.0, 0.0, 0.531899, 0.0, -0.0, 0.0, 0.0, -0.0, -0.022582, -0.227881, -0.204224, 0.011264, 0.031906, -0.274952, 0.012425, 0.035196, -0.184371, 0.121392, -0.00193, 0.017293, 0.205473, 0.048983, 1.2e-05, -0.001872, -0.029418, -0.000127, -0.000977, -0.001971, -0.004602, -0.035486, -0.066139, 0.001743, -0.000155, -0.000315, 0.001841, -0.002426, -0.0, -0.000151, -0.011366, 1.8e-05, -1.3e-05, -0.000105, 0.005015, -0.003493, -0.02688, 2.2e-05, 2e-06, 1.4e-05, 3.9e-05, -1e-05, -2e-06, -0.003558, -0.040955, 0.001422, 0.001095, -0.003241, 0.039327, 0.030266, -0.079347, 0.000785, -0.000537, 0.001611, 0.001644, 0.00124, -5e-06, -0.00494, -0.045783, -0.000808, 0.002843, -0.004441, -0.017143, 0.060318, -0.081602, 0.001959, 0.000577, -0.000917, 0.001525, 0.003226, 0.0, -0.0, -0.000246, -0.0, 0.0, -0.0, -0.000253, 0.000237, -0.000688, 0.0, 0.0, -0.0, 0.0, 0.0, 0.0, -1e-06, -0.001278, -0.0, 0.0, -0.0, -0.000422, 0.000114, -0.002866, 0.0, 0.0, -0.0, 0.0, 0.0, 0.0, 0.0, -0.0, 0.0, 0.0, 0.0, -0.0, -0.0, -0.0, 0.0, 0.0, 0.0, 0.0, 0.0, 0.171031, 0.09118, -0.041408, -0.236166, 0.086362, 0.111176, 0.059388, 0.155655, 0.058228, 0.152802, 0.126222, 0.067307, -0.136745, 0.126423, 0.139329, -0.0, -0.001844, 0.0, -0.0, -0.0, -9.2e-05, -0.012027, 1.6e-05, 1e-05, -1.8e-05, -0.000521, -0.020863, -4.8e-05, 0.0002, -0.00014], [-0.0, -0.0, 0.0, 0.531899, 0.0, 0.0, 1.0, 0.0, 0.0, 0.0, -0.0, 0.0, 0.0, 0.0, 0.003569, 0.017895, 0.018487, 0.202134, -0.00113, 0.012425, 0.54527, -0.001913, 0.021028, -0.007491, -0.012171, 0.133799, -0.004301, -0.000789, 0.000744, -0.005913, -0.014006, 0.014506, -0.001994, -0.004349, 0.097993, -0.009814, -0.021407, 0.002804, 0.00735, 0.016034, 0.001914, -0.002222, 0.00025, 0.004563, 0.019054, 0.002191, 0.000586, 0.005015, 0.031734, 0.004714, 0.040367, -0.002423, 0.000293, 0.002511, -0.003094, 0.000733, 0.003991, 0.041889, 0.096049, 0.002481, -0.012187, 0.039327, 0.054541, -0.050507, 0.162982, -0.017196, -0.000454, 0.001464, -0.018206, -0.012483, -0.001957, -0.019269, -0.04124, 0.019712, 0.009929, -0.017143, 0.126138, 0.038109, -0.065793, 0.010016, -0.0103, 0.017782, 0.005496, 0.009582, 7.7e-05, -0.001154, -0.007252, -9.7e-05, 0.00035, -0.001086, 4.4e-05, 0.004994, -0.015493, 0.000622, 5.3e-05, -0.000164, 0.000795, 0.000572, -9e-06, -0.000382, -0.003967, 0.000141, 1.6e-05, -0.000422, 0.005576, 0.000342, -0.009199, 0.000193, -6e-06, 0.000169, 0.000276, 2.1e-05, 0.0, -1e-06, -4.1e-05, 0.0, -0.0, -1e-06, 1e-05, -4e-06, -0.000117, 1e-06, 0.0, 0.0, 1e-06, -0.0, 0.087751, 0.082605, 0.259597, -0.040192, -0.019834, -0.507253, -0.477756, 0.030545, -0.088186, 0.074749, 0.392647, 0.369643, 0.125494, 0.130457, -0.06552, 0.000677, 0.010932, -6.2e-05, 0.000159, 0.000586, 0.015189, 0.081865, -0.006445, -0.005938, 0.011218, -0.011089, -0.040617, 0.005262, 0.008648, -0.006956], [-0.0, -0.0, 0.0, 0.0, 0.531899, 0.0, 0.0, 1.0, 0.0, 0.0, 0.0, 0.0, -0.0, 0.0, 0.010109, 0.050689, 0.052367, -0.00113, 0.199331, 0.035196, -0.001913, 0.540527, 0.059562, -9.4e-05, -0.004234, -0.000789, -0.024379, 0.131843, 0.00574, -0.045597, -0.108009, -0.001994, -0.00061, -0.033539, -0.009814, 0.023589, -0.16508, 0.008662, -4.8e-05, -0.002222, 0.022245, -0.000814, -0.000174, -0.003178, -0.013272, 0.000586, 0.002624, -0.003493, 0.004714, 0.035219, -0.028117, 0.000967, -0.000512, 0.000733, 0.002571, 0.003052, 0.003071, 0.032237, 0.073918, -0.012187, 0.008938, 0.030266, -0.050507, 0.081301, 0.125428, -0.003742, -0.003253, -0.012483, -0.019491, 0.008078, 0.006885, 0.0678, 0.145107, 0.009929, -0.012403, 0.060318, 0.038109, 0.00288, 0.231497, -0.014672, -0.002174, 0.009582, -0.031216, -0.013208, -7.2e-05, 0.001081, 0.006792, 0.00035, -5.1e-05, 0.001017, 0.004994, 0.000699, 0.01451, -0.000333, -3e-05, 0.000572, -0.000889, -8.9e-05, 2e-06, 0.000103, 0.001073, 1.6e-05, 0.000195, 0.000114, 0.000342, 0.006749, 0.002489, -3.6e-05, 3.3e-05, 2.1e-05, -8.4e-05, 0.000239, 0.0, -0.0, -7e-06, -0.0, 0.0, -0.0, -4e-06, 3.1e-05, -2e-05, 0.0, 0.0, -0.0, 0.0, 1e-06, 0.500483, 0.471133, -0.040192, 0.037414, -0.113124, -0.189755, -0.178721, -0.088186, 0.233295, 0.027962, -0.363008, -0.341741, 0.130457, 0.145993, 0.060574, -0.000561, -0.009057, 0.000159, -2e-06, -0.000486, 0.00998, 0.053788, -0.005938, -0.001309, 0.007371, 0.045773, 0.16766, 0.008648, -0.028339, 0.028712], [0.0, 0.0, -0.0, 0.0, 0.0, 0.531899, 0.0, 0.0, 1.0, -0.0, 0.0, 0.0, -0.0, -0.0, -0.111128, -0.557219, -0.575661, 0.012425, 0.035196, -0.184371, 0.021028, 0.059562, -0.108813, 0.001034, -0.000789, 0.004367, -0.000166, 0.01237, 0.01252, -0.099465, -0.235611, -0.004349, -0.033539, -0.058398, -0.021407, -0.16508, -0.260842, 0.018896, -0.002222, -0.003877, 0.015881, -0.029898, -0.001489, -0.027214, -0.113644, 0.005015, -0.003493, -0.02688, 0.040367, -0.028117, -0.202252, 0.008283, 0.000733, 0.005676, 0.014889, -0.003953, -0.009911, -0.104027, -0.238527, 0.039327, 0.030266, -0.079347, 0.162982, 0.125428, -0.284576, 0.012075, -0.012483, 0.03316, 0.027529, 0.025519, -0.011887, -0.117054, -0.250521, -0.017143, 0.060318, -0.081602, -0.065793, 0.231497, -0.262701, 0.02533, 0.009582, -0.013167, 0.012882, 0.046328, 0.000222, -0.003352, -0.021071, -0.001086, 0.001017, -0.002879, -0.015493, 0.01451, -0.039637, 0.001032, 0.000572, -0.001621, 0.001863, 0.001518, -6.6e-05, -0.002779, -0.028827, -0.000422, 0.000114, -0.002866, -0.009199, 0.002489, -0.060009, 0.000975, 2.1e-05, -0.000519, 0.00176, 0.00014, 0.0, -6e-06, -0.000223, -1e-06, -0.0, -7e-06, -0.000117, -2e-05, -0.000599, 4e-06, -0.0, -3e-06, 7e-06, -0.0, 0.246986, 0.232503, -0.019834, -0.113124, 0.210818, 0.160841, 0.151488, 0.074749, 0.027962, 0.242582, 0.182316, 0.171635, -0.06552, 0.060574, 0.23618, -0.002074, -0.033472, 0.000586, -0.000486, -0.001666, -0.018854, -0.101617, 0.011218, 0.007371, -0.011332, -0.036817, -0.134855, -0.006956, 0.028712, -0.015737], [-0.0, 0.0, -0.0, 0.0, 0.0, 0.0, 0.0, 0.0, -0.0, 1.0, 0.0, 0.0, 0.0, 0.0, -0.011346, -0.089761, -0.034305, 0.010688, 0.011043, -0.121392, 0.007491, 9.4e-05, -0.001034, 0.092762, -0.001851, 0.020342, 0.08766, 0.016082, 0.0, -0.000635, -0.012496, -5.1e-05, -0.000296, -0.000646, -0.003191, -0.013349, -0.029121, 0.000635, -6.5e-05, -0.000142, 0.000702, -0.000814, -0.0, -4.1e-05, -0.003419, 5e-06, -3e-06, -2.2e-05, 0.002423, -0.000967, -0.008283, 3e-06, 0.0, 2e-06, 5e-06, -1e-06, -0.0, -0.000957, -0.007943, 0.000525, 0.000243, -0.000785, 0.017196, 0.003742, -0.012075, 9.3e-05, -0.00015, 0.000483, 0.000334, 0.000229, -0.0, -0.002178, -0.013854, -0.000461, 0.001135, -0.001959, -0.010016, 0.014672, -0.02533, 0.000767, 0.000272, -0.00047, 0.000685, 0.001193, 0.0, -0.0, -6.7e-05, -0.0, 0.0, -0.0, -9.3e-05, 6e-05, -0.000185, 0.0, 0.0, -0.0, 0.0, 0.0, 0.0, -0.0, -0.000422, -0.0, 0.0, -0.0, -0.000193, 3.6e-05, -0.000975, 0.0, 0.0, -0.0, 0.0, 0.0, 0.0, 0.0, -0.0, 0.0, 0.0, 0.0, -0.0, -0.0, -0.0, 0.0, 0.0, 0.0, 0.0, 0.0, -0.139638, -0.022731, 0.107624, 0.100185, 0.049441, 0.21324, 0.034805, 0.074361, 0.221982, -0.188158, 0.067586, 0.011005, 0.16549, 0.219428, -0.110205, -0.0, -0.000491, 0.0, -0.0, -0.0, 0.0, 4.7e-05, 0.0, -0.0, 0.0, -0.000257, -0.008576, -1.8e-05, 5.9e-05, -4.7e-05], [0.0, 0.0, 0.0, -0.0, 0.0, -0.0, -0.0, 0.0, 0.0, 0.0, 1.0, -0.0, 0.0, 0.0, 0.000114, 0.000903, 0.000345, 0.011041, 0.003744, 0.00193, 0.012171, 0.004234, 0.000789, -0.001851, 0.039516, 0.023828, -0.00317, 0.008027, -0.0, 5e-05, 0.000981, -5.3e-05, 1.8e-05, 5.6e-05, -0.006325, 0.000499, 0.002927, -6.5e-05, -5.1e-05, -0.000153, -7.7e-05, 5.8e-05, -0.0, -3e-06, -0.000242, -0.0, 0.0, -2e-06, -0.000293, 0.000512, -0.000733, 0.0, 0.0, -0.0, 0.0, 0.0, 0.0, 0.000536, 0.004449, -0.000123, -4.6e-05, 0.000537, 0.000454, 0.003253, 0.012483, -0.00015, 2e-05, -0.000154, -0.000298, -7.4e-05, -0.0, -0.000561, -0.003571, 0.000187, 0.000254, -0.000577, 0.0103, 0.002174, -0.009582, 0.000272, -7.2e-05, 0.000155, 0.000265, 0.000311, 0.0, -0.0, -3e-05, -0.0, 0.0, -0.0, -1.7e-05, 1.4e-05, -9.5e-05, 0.0, 0.0, -0.0, 0.0, 0.0, 0.0, -0.0, -8e-06, 0.0, -0.0, -0.0, 6e-06, -3.3e-05, -2.1e-05, 0.0, 0.0, 0.0, 0.0, -0.0, 0.0, 0.0, 0.0, 0.0, 0.0, 0.0, 0.0, -0.0, 0.0, 0.0, 0.0, 0.0, 0.0, 0.0, 0.07175, 0.01168, 0.272102, -0.087457, -0.068819, 0.157049, 0.025633, 0.19751, -0.183848, -0.098173, -0.232826, -0.037913, 0.140029, -0.095672, 0.164858, -0.0, -0.000175, 0.0, -0.0, -0.0, 2.7e-05, 0.003876, -2e-06, -1e-06, 3e-06, -0.000141, -0.004705, 1e-06, 3.3e-05, -2.8e-05], [0.0, 0.0, 0.0, -0.0, -0.0, 0.0, 0.0, 0.0, 0.0, 0.0, -0.0, 1.0, 0.0, 0.0, -0.001254, -0.009924, -0.003793, -0.121372, 0.00193, -0.017293, -0.133799, 0.000789, -0.004367, 0.020342, 0.023828, -0.220249, 0.017915, 0.00407, -0.0, 0.000109, 0.002139, -0.000116, 5.6e-05, 0.000115, -0.013797, 0.002927, 0.005543, -0.000142, -0.000153, -0.000315, -0.000127, 0.000162, -0.0, -2.5e-05, -0.002074, -1e-06, -2e-06, -1.4e-05, -0.002511, -0.000733, -0.005676, 2e-06, -0.0, -0.0, 3e-06, -1e-06, -0.0, -0.001729, -0.014356, 0.000398, 0.000537, -0.001611, -0.001464, 0.012483, -0.03316, 0.000483, -0.000154, 0.000468, 0.000748, 0.000553, 0.0, 0.000969, 0.006166, -0.000323, -0.000577, 0.000917, -0.017782, -0.009582, 0.013167, -0.00047, 0.000155, -0.000251, -0.000307, -0.000624, 0.0, 0.0, 9.2e-05, 0.0, -0.0, 0.0, 5.2e-05, -9.5e-05, 0.000277, -0.0, -0.0, 0.0, -0.0, -0.0, 0.0, 0.0, 0.000209, -0.0, -0.0, 0.0, -0.000169, -2.1e-05, 0.000519, -0.0, 0.0, -0.0, -0.0, -0.0, 0.0, 0.0, 0.0, 0.0, 0.0, 0.0, 0.0, 0.0, 0.0, 0.0, 0.0, 0.0, 0.0, 0.0, 0.035408, 0.005764, 0.134281, -0.068819, 0.018033, -0.133119, -0.021728, -0.167415, -0.098173, -0.216455, 0.116934, 0.019041, -0.070328, 0.164858, 0.149779, -0.0, -0.000646, 0.0, -0.0, -0.0, -5.1e-05, -0.007323, 4e-06, 3e-06, -5e-06, 0.000114, 0.003784, -1e-06, -2.8e-05, 2.1e-05], [-0.0, -0.0, -0.0, -0.0, -0.0, 0.0, 0.0, -0.0, -0.0, 0.0, 0.0, 0.0, 1.0, 0.0, -0.019368, -0.153232, -0.058563, 0.010518, 0.040898, -0.205473, 0.004301, 0.024379, 0.000166, 0.08766, -0.00317, 0.017915, 0.183474, 0.074729, 1e-06, -0.000723, -0.01421, -4.8e-05, -0.00043, -0.000692, -0.002522, -0.025945, -0.028245, 0.000702, -7.7e-05, -0.000127, 0.000572, -0.00114, -0.0, -7.3e-05, -0.006101, 7e-06, -5e-06, -3.9e-05, 0.003094, -0.002571, -0.014889, 5e-06, 0.0, 3e-06, 9e-06, -2e-06, -0.0, -0.001941, -0.016114, 0.000783, 0.000695, -0.001644, 0.018206, 0.019491, -0.027529, 0.000334, -0.000298, 0.000748, 0.000683, 0.000658, -0.0, -0.001956, -0.012444, -0.000331, 0.001448, -0.001525, -0.005496, 0.031216, -0.012882, 0.000685, 0.000265, -0.000307, 0.000191, 0.001347, 0.0, -0.0, -0.00012, -0.0, 0.0, -0.0, -0.000132, 0.000139, -0.000333, 0.0, 0.0, -0.0, 0.0, 0.0, 0.0, -0.0, -0.000757, -0.0, 0.0, -0.0, -0.000276, 8.4e-05, -0.00176, 0.0, 0.0, -0.0, 0.0, 0.0, 0.0, 0.0, -0.0, 0.0, 0.0, 0.0, -0.0, -0.0, -0.0, 0.0, 0.0, 0.0, 0.0, 0.0, 0.154779, 0.025196, -0.052745, -0.004275, -0.294805, 0.00827, 0.00135, 0.016304, -0.106002, -0.100189, 0.080478, 0.013105, -0.122726, -0.101559, -0.164976, -0.0, -0.000917, 0.0, -0.0, -0.0, -2.3e-05, -0.003272, 2e-06, 1e-06, -2e-06, 0.000103, 0.003428, 6e-06, -1.6e-05, 2.8e-05], [-0.0, 0.0, -0.0, -0.0, -0.0, -0.0, 0.0, 0.0, -0.0, 0.0, 0.0, 0.0, 0.0, 1.0, -0.003553, -0.028111, -0.010744, 0.00193, -0.116587, -0.048983, 0.000789, -0.131843, -0.01237, 0.016082, 0.008027, 0.00407, 0.074729, -0.210158, -1e-06, 0.000839, 0.016494, 5.6e-05, 0.000311, 0.00089, 0.002927, 0.008397, 0.042743, -0.000814, 5.8e-05, 0.000162, -0.00114, 0.000913, 0.0, 1.7e-05, 0.001445, -2e-06, -2e-06, 1e-05, -0.000733, -0.003052, 0.003953, -1e-06, 0.0, -1e-06, -2e-06, -1e-06, -0.0, -0.001331, -0.011048, 0.000537, 0.000113, -0.00124, 0.012483, -0.008078, -0.025519, 0.000229, -7.4e-05, 0.000553, 0.000658, 0.000174, -0.0, -0.00341, -0.021695, -0.000577, 0.001545, -0.003226, -0.009582, 0.013208, -0.046328, 0.001193, 0.000311, -0.000624, 0.001347, 0.001767, 0.0, -0.0, -8.6e-05, -0.0, 0.0, -0.0, -9.5e-05, 4e-05, -0.000259, 0.0, 0.0, -0.0, 0.0, 0.0, 0.0, -0.0, -5.6e-05, -0.0, -0.0, -0.0, -2.1e-05, -0.000239, -0.00014, 0.0, -0.0, -0.0, 0.0, -0.0, 0.0, 0.0, 0.0, 0.0, 0.0, 0.0, 0.0, -0.0, 0.0, 0.0, 0.0, 0.0, 0.0, 0.0, 0.201948, 0.032875, -0.068819, -0.246157, 0.102852, -0.049798, -0.008128, -0.098173, 0.058295, -0.080972, -0.108107, -0.017604, 0.164858, -0.044423, -0.138473, 0.0, 0.000535, -0.0, 0.0, 0.0, -3.3e-05, -0.004812, 3e-06, 1e-06, -3e-06, -0.000469, -0.015622, -2.8e-05, 0.000109, -8.5e-05], [0.0, 0.017128, 0.055268, 0.000725, 0.002054, -0.022582, 0.003569, 0.010109, -0.111128, -0.011346, 0.000114, -0.001254, -0.019368, -0.003553, 1.0, 0.325565, 0.151774, 0.0, 0.0, -0.0, 0.0, 0.0, -0.0, -0.0, -0.0, 0.0, -0.0, 0.0, -0.0, 0.003194, 0.04122, 0.000466, 0.003004, 0.002015, 0.012996, 0.083692, 0.056147, -0.003412, 0.001309, 0.000878, 0.002318, 0.005657, 0.0, 0.001293, 0.022711, -0.000261, 0.000266, 0.000955, -0.013874, 0.014147, 0.050767, -0.000155, -4.4e-05, -0.000158, -0.000266, 0.000161, 0.0, 0.015069, 0.052889, -0.012249, -0.008164, 0.01288, -0.067863, -0.04523, 0.07136, 0.001657, 0.008499, -0.013409, -0.004218, -0.008937, 0.0, 0.014906, 0.052691, 0.005427, -0.015263, 0.010516, 0.030371, -0.08542, 0.058854, -0.007046, -0.007103, 0.004894, 0.005247, -0.013764, 0.0, 0.0, 0.000983, 0.0, -0.0, 0.0, 0.001564, -0.001238, 0.002492, -0.0, -0.0, 0.0, -0.0, -0.0, 0.0, 9e-06, 0.004058, 0.0, -0.0, 2e-06, 0.002275, -8.2e-05, 0.009927, -0.0, -0.0, 0.0, -0.0, -0.0, 0.0, 0.0, 0.0, 0.0, 0.0, 0.0, 0.0, 0.0, 1e-06, 0.0, 0.0, 0.0, 0.0, 0.0, 0.000381, 0.020839, -3e-06, -1.9e-05, -4.5e-05, 0.000393, 0.021017, 2.5e-05, 1.2e-05, -4.3e-05, 0.000369, 0.020628, -1.5e-05, 1.8e-05, -3.9e-05, 1e-06, 0.003585, -0.0, 0.0, 0.0, 6.2e-05, 0.012188, -2e-06, -1e-06, 1e-06, 0.000151, 0.015875, 3e-06, -1.1e-05, 2e-06], [0.017128, 0.20285, 0.364909, 0.007318, 0.02073, -0.227881, 0.017895, 0.050689, -0.557219, -0.089761, 0.000903, -0.009924, -0.153232, -0.028111, 0.325565, 1.0, 0.798485, 0.0, 0.0, 0.0, 0.0, 0.0, -0.0, 0.0, 0.0, 0.0, -0.0, 0.0, -0.013108, 0.128814, 0.308169, 0.016176, 0.10417, 0.069885, 0.063501, 0.408924, 0.27434, -0.054399, 0.020874, 0.014004, 0.036961, 0.090183, 0.001293, 0.049791, 0.183125, -0.015138, 0.015436, 0.055392, -0.090248, 0.092024, 0.330231, -0.021042, -0.00598, -0.021459, -0.036212, 0.021882, 0.015069, 0.189231, 0.35267, -0.134777, -0.089828, 0.141723, -0.34469, -0.229734, 0.362454, 0.015119, 0.077559, -0.122366, -0.03849, -0.081556, 0.014906, 0.188112, 0.351645, 0.060154, -0.169186, 0.116568, 0.154432, -0.434346, 0.299263, -0.065088, -0.065608, 0.045204, 0.048464, -0.127138, -3.5e-05, 0.002034, 0.02767, 0.00116, -0.000918, 0.001848, 0.034268, -0.027116, 0.054602, -0.000477, -0.001122, 0.002259, -0.001356, -0.001787, 9e-06, 0.003278, 0.048172, 0.000771, -2.8e-05, 0.003365, 0.02448, -0.000881, 0.106837, -0.001134, -8e-06, 0.001006, -0.002195, -3.6e-05, -0.0, 0.0, 0.000144, 0.0, 0.0, 0.0, 0.000115, 3.4e-05, 0.000428, -0.0, 0.0, 0.0, -0.0, 0.0, 0.026794, 0.169348, -0.001625, -0.011086, -0.026069, 0.027208, 0.170487, 0.013968, 0.006812, -0.024319, 0.026306, 0.167996, -0.009258, 0.010883, -0.023852, 0.00115, 0.042366, -0.000309, 0.0003, 0.000608, 0.010221, 0.111026, -0.007561, -0.004556, 0.003729, 0.01642, 0.136698, 0.004359, -0.015607, 0.002653], [0.055268, 0.364909, 0.595184, 0.006559, 0.018578, -0.204224, 0.018487, 0.052367, -0.575661, -0.034305, 0.000345, -0.003793, -0.058563, -0.010744, 0.151774, 0.798485, 1.0, 0.0, 0.0, -0.0, 0.0, 0.0, 0.0, -0.0, 0.0, 0.0, -0.0, 0.0, -0.038134, 0.253315, 0.490221, 0.013701, 0.088232, 0.059193, 0.055123, 0.354977, 0.238147, -0.018066, 0.006932, 0.004651, 0.012275, 0.02995, 0.022711, 0.183125, 0.376907, -0.033885, 0.034552, 0.12399, -0.123448, 0.125877, 0.451715, -0.02377, -0.006755, -0.024242, -0.040908, 0.024719, 0.052889, 0.35267, 0.58188, -0.126478, -0.084297, 0.132996, -0.361078, -0.240657, 0.379687, 0.006096, 0.031275, -0.049343, -0.015521, -0.032887, 0.052691, 0.351645, 0.580759, 0.056672, -0.159392, 0.10982, 0.161966, -0.455536, 0.313863, -0.026366, -0.026577, 0.018312, 0.019632, -0.051502, -0.005212, 0.044519, 0.128979, 0.015174, -0.012007, 0.024178, 0.094678, -0.074918, 0.150859, -0.002681, -0.006307, 0.012701, -0.007623, -0.01005, 0.004058, 0.048172, 0.155576, 0.009662, -0.000348, 0.042169, 0.057671, -0.002076, 0.251695, -0.010455, -7.6e-05, 0.009272, -0.020231, -0.000334, -6.8e-05, 0.001005, 0.007016, 0.000247, 7.2e-05, 0.000914, 0.003982, 0.001169, 0.014751, -0.000357, 3.1e-05, 0.000388, -0.000715, 0.000114, 0.131601, 0.357603, -0.005401, -0.036843, -0.08664, 0.132575, 0.359223, 0.045908, 0.022388, -0.079931, 0.130446, 0.355675, -0.031179, 0.036655, -0.080334, 0.028763, 0.140432, -0.010217, 0.009921, 0.020112, 0.082737, 0.268976, -0.050622, -0.030505, 0.024967, 0.103984, 0.309494, 0.02067, -0.074, 0.012581], [-0.000725, -0.007318, -0.006559, 0.075428, -0.001025, 0.011264, 0.202134, -0.00113, 0.012425, 0.010688, 0.011041, -0.121372, 0.010518, 0.00193, 0.0, 0.0, 0.0, 1.0, 0.0, 0.0, 0.531899, 0.0, 0.0, 0.0, -0.0, -0.0, -0.0, 0.0, 0.002276, -0.021974, -0.034646, 0.036516, -0.023394, -0.015695, 0.182865, -0.055758, -0.037407, 0.02805, 0.05957, 0.039964, -0.011041, -0.026939, 0.000261, 0.015138, 0.033885, 0.004673, 0.005672, 0.020356, 0.06642, 0.020738, 0.07442, -0.014225, 0.001541, 0.005528, -0.01625, 0.009819, 0.012249, 0.134777, 0.126478, -0.061958, -0.086929, 0.137149, 0.040981, -0.102122, 0.161118, -0.060295, 0.056906, -0.089781, -0.051281, -0.108661, -0.005427, -0.060154, -0.056672, 0.041763, 0.073458, -0.050612, 0.162662, 0.086758, -0.059776, 0.074673, -0.047992, 0.033066, -0.02895, 0.075945, 6e-06, -0.000912, -0.015077, -0.000416, 0.000442, -0.000889, -0.010915, 0.017013, -0.034259, 0.000499, 0.000484, -0.000974, 0.000773, 0.001019, -0.0, -0.000771, -0.009662, 5.3e-05, 7e-06, -0.000823, 0.011099, 0.000208, -0.025253, 0.000347, -0.0, 2.1e-05, 0.000536, 9e-06, 0.0, -0.0, -3.5e-05, -0.0, -0.0, -0.0, -8e-06, -9e-06, -0.00011, 0.0, -0.0, -0.0, 0.0, -0.0, 0.001824, 0.006924, 0.003558, -0.000877, -0.002062, -0.015662, -0.058805, -0.005582, -0.004563, 0.01629, 0.010406, 0.040011, -0.000661, 0.004992, -0.010941, 0.000462, 0.015546, -7.4e-05, 0.0001, 0.000204, 0.009171, 0.06835, -0.006291, -0.004301, 0.00352, -0.00508, -0.027203, 0.000257, 0.005336, -0.000907], [-0.002054, -0.02073, -0.018578, -0.001025, 0.072887, 0.031906, -0.00113, 0.199331, 0.035196, 0.011043, 0.003744, 0.00193, 0.040898, -0.116587, 0.0, 0.0, 0.0, 0.0, 1.0, 0.0, 0.0, 0.531899, 0.0, 0.0, 0.0, 0.0, -0.0, -0.0, 0.014655, -0.141503, -0.22311, -0.023394, -0.110503, -0.10107, -0.055758, -0.167539, -0.240888, 0.066652, -0.029936, -0.026939, -0.005296, -0.129333, -0.000266, -0.015436, -0.034552, 0.005672, 0.004452, -0.020756, 0.020738, 0.065612, -0.075884, 0.007189, -0.001406, 0.009819, 0.020793, 0.005146, 0.008164, 0.089828, 0.084297, -0.086929, 0.010532, 0.091409, -0.102122, 0.126139, 0.107385, 0.040231, -0.000789, -0.108661, -0.080608, 0.00083, 0.015263, 0.169186, 0.159392, 0.073458, -0.138722, 0.142349, 0.086758, -0.050501, 0.168122, -0.059015, -0.079227, 0.075945, -0.00576, -0.153529, -4e-06, 0.000722, 0.01193, 0.000442, -0.000208, 0.000704, 0.017013, -0.002877, 0.027109, -0.000125, -0.000309, 0.001019, -0.000768, -0.000493, 0.0, 2.8e-05, 0.000348, 7e-06, 0.000242, 3e-05, 0.000208, 0.016878, 0.000909, -9e-06, 6.1e-05, 9e-06, -2.1e-05, 0.000266, 0.0, -0.0, -1e-05, -0.0, 0.0, -0.0, -9e-06, 1.9e-05, -3.2e-05, 0.0, 0.0, -0.0, 0.0, 0.0, 0.012444, 0.047232, -0.000877, -0.002295, -0.014067, -0.007638, -0.028678, -0.004563, 0.001549, 0.007944, -0.012233, -0.047038, 0.004992, -0.002284, 0.012863, -0.000449, -0.015097, 0.0001, -6.8e-05, -0.000198, 0.005526, 0.041187, -0.004301, -0.001745, 0.002121, 0.018188, 0.09739, 0.005336, -0.017355, 0.003248], [0.022582, 0.227881, 0.204224, 0.011264, 0.031906, -0.274952, 0.012425, 0.035196, -0.184371, -0.121392, 0.00193, -0.017293, -0.205473, -0.048983, -0.0, 0.0, -0.0, 0.0, 0.0, 1.0, 0.0, 0.0, 0.531899, 0.0, 0.0, 0.0, 0.0, -0.0, 0.009832, -0.094932, -0.149681, -0.015695, -0.10107, -0.027657, -0.037407, -0.240888, 0.029916, 0.044716, -0.026939, -0.007854, -0.091847, -0.050579, -0.000955, -0.055392, -0.12399, 0.020356, -0.020756, -0.064248, 0.07442, -0.075884, -0.185555, 0.025799, 0.009819, 0.031093, 0.044302, -0.031705, -0.01288, -0.141723, -0.132996, 0.137149, 0.091409, -0.075748, 0.161118, 0.107385, 0.024781, -0.063473, -0.108661, 0.101773, -0.019328, 0.067831, -0.010516, -0.116568, -0.10982, -0.050612, 0.142349, -0.030197, -0.059776, 0.168122, 0.077673, 0.040661, 0.075945, -0.021328, -0.116168, 0.059985, 9e-06, -0.001453, -0.024023, -0.000889, 0.000704, -0.001275, -0.034259, 0.027109, -0.044002, 0.000252, 0.001019, -0.001855, 0.000918, 0.001468, -2e-06, -0.003365, -0.042169, -0.000823, 3e-05, -0.00335, -0.025253, 0.000909, -0.093325, 0.001055, 9e-06, -0.001011, 0.002073, 3.6e-05, 0.0, -0.0, -0.000128, -0.0, -0.0, -0.0, -0.00011, -3.2e-05, -0.000385, 0.0, -0.0, -0.0, 0.0, -0.0, 0.029264, 0.111071, -0.002062, -0.014067, -0.029392, 0.027269, 0.102386, 0.01629, 0.007944, -0.024588, 0.02681, 0.103088, -0.010941, 0.012863, -0.024605, -0.000909, -0.030604, 0.000204, -0.000198, -0.000371, -0.004523, -0.03371, 0.00352, 0.002121, -0.000889, -0.003092, -0.016557, -0.000907, 0.003248, 0.001195], [-0.003569, -0.017895, -0.018487, 0.202134, -0.00113, 0.012425, 0.54527, -0.001913, 0.021028, 0.007491, 0.012171, -0.133799, 0.004301, 0.000789, 0.0, 0.0, 0.0, 0.531899, 0.0, 0.0, 1.0, 0.0, 0.0, 0.0, 0.0, 0.0, -0.0, 0.0, 0.009699, -0.055596, -0.080129, 0.108751, -0.023218, -0.015577, 0.42778, -0.066161, -0.044386, 0.017201, 0.063176, 0.042383, -0.003734, -0.00911, 0.013874, 0.090248, 0.123448, 0.06642, 0.020738, 0.07442, 0.273143, 0.048202, 0.172973, -0.03927, 0.014739, 0.05289, -0.029398, 0.017764, 0.067863, 0.34469, 0.361078, 0.040981, -0.102122, 0.161118, 0.268322, -0.175565, 0.276992, -0.086281, -0.009232, 0.014565, -0.022686, -0.048069, -0.030371, -0.154432, -0.161966, 0.162662, 0.086758, -0.059776, 0.477441, 0.149353, -0.102904, 0.059942, -0.086374, 0.059512, -0.012893, 0.033821, 0.006474, -0.051807, -0.124086, -0.00657, 0.016367, -0.032957, -0.00701, 0.081539, -0.164192, 0.014008, 0.003206, -0.006455, 0.011986, 0.015802, -0.002275, -0.02448, -0.057671, 0.011099, 0.000208, -0.025253, 0.089434, 0.00089, -0.107856, 0.012108, -9.4e-05, 0.011422, 0.01424, 0.000235, 3.5e-05, -0.000574, -0.004164, -3e-06, -4.6e-05, -0.000584, 0.000882, -0.000772, -0.009734, 0.000347, -1e-06, -9e-06, 0.000522, -8.3e-05, 0.015532, 0.026348, 0.056452, -0.005344, -0.012567, -0.132063, -0.223252, 0.001552, -0.027413, 0.09787, 0.089638, 0.152695, 0.030284, 0.03095, -0.06783, 0.027921, 0.096602, -0.003171, 0.011407, 0.023123, 0.143138, 0.302138, -0.074399, -0.064174, 0.052523, -0.058925, -0.1117, 0.028362, 0.051263, -0.008715], [-0.010109, -0.050689, -0.052367, -0.00113, 0.199331, 0.035196, -0.001913, 0.540527, 0.059562, 9.4e-05, 0.004234, 0.000789, 0.024379, -0.131843, 0.0, 0.0, 0.0, 0.0, 0.531899, 0.0, 0.0, 1.0, 0.0, 0.0, 0.0, 0.0, 0.0, 0.0, 0.062461, -0.358019, -0.516005, -0.023218, -0.03716, -0.100308, -0.066161, 0.011998, -0.285833, -0.002305, -0.003441, -0.00911, 0.041241, -0.014866, -0.014147, -0.092024, -0.125877, 0.020738, 0.065612, -0.075884, 0.048202, 0.271265, -0.176376, 0.006106, -0.014265, 0.017764, 0.04957, 0.052197, 0.04523, 0.229734, 0.240657, -0.102122, 0.126139, 0.107385, -0.175565, 0.414724, 0.184613, 0.037661, -0.051971, -0.048069, -0.070065, 0.054649, 0.08542, 0.434346, 0.455536, 0.086758, -0.050501, 0.168122, 0.149353, 0.110482, 0.289421, 0.011247, -0.012172, 0.033821, -0.067567, -0.023587, -0.005123, 0.040995, 0.098189, 0.016367, 0.001162, 0.026078, 0.081539, 0.031514, 0.129924, 0.000539, 0.000634, 0.015802, -0.016196, 0.00101, 8.2e-05, 0.000881, 0.002076, 0.000208, 0.016878, 0.000909, 0.00089, 0.114116, 0.003883, -0.000179, 0.004111, 0.000235, -0.000661, 0.01794, 1e-05, -0.000169, -0.001223, -4.6e-05, 0.000141, -0.000172, -0.000772, 0.003283, -0.002859, 6.4e-05, 6.8e-05, -8.3e-05, 0.000175, 0.000251, 0.105956, 0.179742, -0.005344, 0.02078, -0.085729, -0.064404, -0.108874, -0.027413, 0.044394, 0.047729, -0.105381, -0.179513, 0.03095, 0.020225, 0.079743, -0.027115, -0.093811, 0.011407, -0.002502, -0.022455, 0.086254, 0.182066, -0.064174, -0.006573, 0.03165, 0.210958, 0.3999, 0.051263, -0.140848, 0.031201], [0.111128, 0.557219, 0.575661, 0.012425, 0.035196, -0.184371, 0.021028, 0.059562, -0.108813, -0.001034, 0.000789, -0.004367, 0.000166, -0.01237, -0.0, -0.0, 0.0, 0.0, 0.0, 0.531899, 0.0, 0.0, 1.0, 0.0, 0.0, 0.0, 0.0, 0.0, 0.041904, -0.240188, -0.346178, -0.015577, -0.100308, 0.045062, -0.044386, -0.285833, 0.246294, -0.001546, -0.00911, 0.004026, -0.059928, 0.025928, -0.050767, -0.330231, -0.451715, 0.07442, -0.075884, -0.185555, 0.172973, -0.176376, -0.312517, 0.021913, 0.017764, 0.044532, 0.037261, -0.045408, -0.07136, -0.362454, -0.379687, 0.161118, 0.107385, 0.024781, 0.276992, 0.184613, 0.240471, -0.059419, -0.048069, -0.006599, -0.062832, -0.004398, -0.058854, -0.299263, -0.313863, -0.059776, 0.168122, 0.077673, -0.102904, 0.289421, 0.331134, -0.007749, 0.033821, 0.013613, -0.09652, -0.038287, 0.010316, -0.082549, -0.197718, -0.032957, 0.026078, -0.0384, -0.164192, 0.129924, -0.165587, -0.001086, 0.015802, -0.023338, 0.005584, 0.018467, -0.009927, -0.106837, -0.251695, -0.025253, 0.000909, -0.093325, -0.107856, 0.003883, -0.356568, 0.021756, 0.000235, -0.02437, 0.044201, 0.000877, 0.000129, -0.002128, -0.015425, -0.000584, -0.000172, -0.002011, -0.009734, -0.002859, -0.032551, 0.000809, -8.3e-05, -0.000977, 0.00166, -0.000287, 0.249167, 0.422684, -0.012567, -0.085729, -0.144367, 0.229937, 0.388707, 0.09787, 0.047729, -0.11264, 0.230954, 0.393421, -0.06783, 0.079743, -0.118154, -0.054965, -0.190166, 0.023123, -0.022455, -0.036944, -0.070595, -0.149012, 0.052523, 0.03165, 0.006193, -0.035864, -0.067986, -0.008715, 0.031201, 0.037376], [-0.011346, -0.089761, -0.034305, -0.010688, -0.011043, 0.121392, -0.007491, -9.4e-05, 0.001034, 0.092762, -0.001851, 0.020342, 0.08766, 0.016082, -0.0, 0.0, -0.0, 0.0, 0.0, 0.0, 0.0, 0.0, 0.0, 1.0, 0.0, 0.0, 0.0, 0.0, 0.008721, -0.08623, -0.072472, -0.030243, -0.083368, -0.05593, -0.050054, -0.039907, -0.026773, 0.063138, -0.051839, -0.034778, -0.02815, -0.068683, -0.000155, -0.021042, -0.02377, 0.014225, -0.007189, -0.025799, 0.03927, -0.006106, -0.021913, 0.010141, 0.006792, 0.024372, 0.019868, -0.012006, 0.001657, 0.015119, 0.006096, 0.060295, -0.040231, 0.063473, 0.086281, -0.037661, 0.059419, -0.134769, -0.01518, 0.02395, -0.046804, -0.099173, -0.007046, -0.065088, -0.026366, -0.074673, 0.059015, -0.040661, -0.059942, -0.011247, 0.007749, 0.014541, 0.108697, -0.074892, -0.012141, 0.03185, 0.0, -0.000159, -0.003354, -0.000162, 5e-05, -0.0001, -0.013731, 0.001004, -0.002022, -0.000144, 0.000166, -0.000334, 5.2e-05, 6.8e-05, -0.0, -0.001134, -0.010455, -0.000347, 9e-06, -0.001055, -0.012108, 0.000179, -0.021756, 0.00027, 3e-06, -0.000351, 0.000551, 9e-06, 0.0, -0.0, -3.5e-05, -0.0, -0.0, -0.0, -3.9e-05, -8e-06, -0.000105, 0.0, -0.0, -0.0, 0.0, -0.0, -0.014008, -0.025957, 0.001501, 0.006601, 0.015523, -0.004275, -0.007819, -0.006055, -0.000697, 0.002488, -0.00926, -0.01743, 0.006373, -0.003962, 0.008684, -0.000188, -0.005062, 3.8e-05, -2.3e-05, -4.7e-05, 0.004287, 0.018022, -0.002373, -0.002253, 0.001844, -0.006584, -0.018508, -0.002767, 0.006122, -0.001041], [0.000114, 0.000903, 0.000345, -0.011041, -0.003744, -0.00193, -0.012171, -0.004234, -0.000789, -0.001851, 0.039516, 0.023828, -0.00317, 0.008027, -0.0, 0.0, 0.0, -0.0, 0.0, 0.0, 0.0, 0.0, 0.0, 0.0, 1.0, 0.0, 0.0, 0.0, -0.003346, 0.033089, 0.027809, -0.05713, 0.036252, 0.03102, -0.155071, 0.026118, 0.034509, -0.051839, -0.093403, -0.079388, 0.006331, 0.052157, -4.4e-05, -0.00598, -0.006755, -0.001541, 0.001406, -0.009819, -0.014739, 0.014265, -0.017764, 0.006792, 0.000115, -0.001684, 0.011701, 0.001428, 0.008499, 0.077559, 0.031275, -0.056906, 0.000789, 0.108661, 0.009232, 0.051971, 0.048069, -0.01518, 0.008921, -0.106064, -0.117486, -0.015259, -0.007103, -0.065608, -0.026577, 0.047992, 0.079227, -0.075945, 0.086374, 0.012172, -0.033821, 0.108697, -0.054073, 0.04909, -0.00477, 0.115549, 0.0, -0.000374, -0.007891, -0.00018, 0.000121, -0.000359, -0.007066, 0.002902, -0.020331, 0.000166, 0.000165, -0.000478, 0.000426, 0.000325, -0.0, -8e-06, -7.6e-05, 0.0, -6.1e-05, -9e-06, 9.4e-05, -0.004111, -0.000235, 3e-06, -2e-06, -0.0, 6e-06, -5.7e-05, 0.0, 0.0, 3e-06, 0.0, -0.0, 0.0, 1e-06, -5e-06, 1e-05, -0.0, -0.0, 0.0, -0.0, -0.0, 0.001097, 0.002032, 0.00201, -0.000304, -0.001438, 0.00569, 0.010406, 0.002652, -0.000742, -0.006885, -0.006264, -0.01179, 0.000919, -0.001743, 0.007619, -0.000225, -0.006042, 2.6e-05, -2.5e-05, -6.7e-05, 0.006421, 0.026994, -0.004444, -0.002176, 0.002426, -0.007298, -0.020516, -0.000102, 0.007574, -0.001391], [-0.001254, -0.009924, -0.003793, 0.121372, -0.00193, 0.017293, 0.133799, -0.000789, 0.004367, 0.020342, 0.023828, -0.220249, 0.017915, 0.00407, 0.0, 0.0, 0.0, -0.0, 0.0, 0.0, 0.0, 0.0, 0.0, 0.0, 0.0, 1.0, 0.0, 0.0, -0.002245, 0.022199, 0.018657, -0.038327, 0.03102, 0.010824, -0.104034, 0.034509, -0.002169, -0.034778, -0.079388, -0.028329, 0.03209, 0.02358, -0.000158, -0.021459, -0.024242, -0.005528, -0.009819, -0.031093, -0.05289, -0.017764, -0.044532, 0.024372, -0.001684, -0.005458, 0.027443, -0.018951, -0.013409, -0.122366, -0.049343, 0.089781, 0.108661, -0.101773, -0.014565, 0.048069, 0.006599, 0.02395, -0.106064, 0.109032, -0.014112, 0.118213, 0.004894, 0.045204, 0.018312, -0.033066, -0.075945, 0.021328, -0.059512, -0.033821, -0.013613, -0.074892, 0.04909, -0.016648, 0.076688, -0.051633, -1e-06, 0.000753, 0.015889, 0.000362, -0.000359, 0.000666, 0.014229, -0.020331, 0.033745, -0.000334, -0.000478, 0.000891, -0.000572, -0.000871, 0.0, 0.001006, 0.009272, -2.1e-05, -9e-06, 0.001011, -0.011422, -0.000235, 0.02437, -0.000351, -0.0, 3.2e-05, -0.000559, -1e-05, 0.0, 0.0, 3.8e-05, 0.0, 0.0, 0.0, 1.2e-05, 1e-05, 0.000122, -0.0, 0.0, 0.0, -0.0, 0.0, 0.002579, 0.004778, 0.004727, -0.001438, -0.003074, -0.020314, -0.037153, -0.009467, -0.006885, 0.021909, 0.013728, 0.02584, -0.002014, 0.007619, -0.014964, -0.000456, -0.012249, 5.3e-05, -6.7e-05, -0.000128, -0.005255, -0.022094, 0.003637, 0.002426, -0.001197, 0.001241, 0.003488, 1.7e-05, -0.001391, -0.000374], [-0.019368, -0.153232, -0.058563, -0.010518, -0.040898, 0.205473, -0.004301, -0.024379, -0.000166, 0.08766, -0.00317, 0.017915, 0.183474, 0.074729, -0.0, -0.0, -0.0, -0.0, -0.0, 0.0, -0.0, 0.0, 0.0, 0.0, 0.0, 0.0, 1.0, 0.0, -0.005925, 0.058589, 0.049241, 0.012714, 0.017562, 0.098071, 0.014144, -0.071979, 0.170497, -0.02815, 0.006331, 0.03209, -0.117666, 0.117001, -0.000266, -0.036212, -0.040908, 0.01625, -0.020793, -0.044302, 0.029398, -0.04957, -0.037261, 0.019868, 0.011701, 0.027443, 0.032474, -0.035399, -0.004218, -0.03849, -0.015521, 0.051281, 0.080608, 0.019328, 0.022686, 0.070065, 0.062832, -0.046804, -0.117486, -0.014112, -0.083534, 0.057068, 0.005247, 0.048464, 0.019632, 0.02895, 0.00576, 0.116168, 0.012893, 0.067567, 0.09652, -0.012141, -0.00477, 0.076688, -0.14195, -0.112465, 0.0, -0.000452, -0.009537, -0.000273, 0.000261, -0.000343, -0.015422, 0.017897, -0.013108, 5.2e-05, 0.000426, -0.000572, 0.000163, 0.000565, -0.0, -0.002195, -0.020231, -0.000536, 2.1e-05, -0.002073, -0.01424, 0.000661, -0.044201, 0.000551, 6e-06, -0.000559, 0.001107, 2.2e-05, 0.0, -0.0, -7.1e-05, -0.0, -0.0, -0.0, -6.4e-05, -2.1e-05, -0.000214, 0.0, -0.0, -0.0, 0.0, -0.0, -0.016943, -0.031396, 0.001385, 0.01155, 0.017286, -0.016297, -0.029806, -0.011326, -0.006826, 0.015069, -0.014003, -0.026358, 0.006611, -0.00981, 0.012565, -0.000339, -0.009122, 5.2e-05, -5.8e-05, -8.6e-05, 0.000639, 0.002685, -0.000489, 0.00018, 0.00063, 0.012686, 0.035664, 0.003974, -0.012043, 0.00279], [-0.003553, -0.028111, -0.010744, -0.00193, 0.116587, 0.048983, -0.000789, 0.131843, 0.01237, 0.016082, 0.008027, 0.00407, 0.074729, -0.210158, 0.0, 0.0, 0.0, 0.0, -0.0, -0.0, 0.0, 0.0, 0.0, 0.0, 0.0, 0.0, 0.0, 1.0, -0.014458, 0.142953, 0.120144, 0.03102, 0.156617, 0.069706, 0.034509, 0.112835, -0.01397, -0.068683, 0.052157, 0.02358, 0.117001, 0.119855, 0.000161, 0.021882, 0.024719, -0.009819, -0.005146, 0.031705, -0.017764, -0.052197, 0.045408, -0.012006, 0.001428, -0.018951, -0.035399, -0.004719, -0.008937, -0.081556, -0.032887, 0.108661, -0.00083, -0.067831, 0.048069, -0.054649, 0.004398, -0.099173, -0.015259, 0.118213, 0.057068, 0.010455, -0.013764, -0.127138, -0.051502, -0.075945, 0.153529, -0.059985, -0.033821, 0.023587, 0.038287, 0.03185, 0.115549, -0.051633, -0.112465, 0.110213, 0.0, -0.000596, -0.012573, -0.000359, 0.000193, -0.000527, -0.020331, 0.004623, -0.026702, 6.8e-05, 0.000325, -0.000871, 0.000565, 0.000479, -0.0, -3.6e-05, -0.000334, -9e-06, -0.000266, -3.6e-05, -0.000235, -0.01794, -0.000877, 9e-06, 