{"HF": -477.68904601971, "coordinates": [[-0.020274555, 1.525256845, -0.011511471], [-0.029179089, 0.025761793, -0.0575668], [-1.116566621, -0.73005546, 0.17610325], [-2.289581494, -0.1985863, 0.46985898], [-1.07919787, -2.185964342, 0.12183078], [-2.095767578, -2.908493223, 0.339425805], [0.153569796, -2.739750313, -0.186452232], [1.301897732, -1.98866324, -0.435139681], [1.176816958, -0.71162575, -0.365825373], [0.691579328, 1.886576824, 0.739003191], [0.287297311, 1.94188726, -0.976978503], [-1.008278124, 1.915429663, 0.234327172], [-1.859960964, -3.898070377, 0.252826655], [2.09845992, -0.171770177, -0.567431281]], "elements": ["C", "C", "C", "F", "C", "N", "O", "N", "C", "H", "H", "H", "H", "H"], "Enn": 439.2847695337, "S": [[1.0, 0.325565, 0.151774, -0.0, -0.0, 0.0, -0.0, -0.0, 0.0, -0.0, 0.0, -0.0, -0.0, -0.0, 0.0, 0.016446, 0.054502, 0.000665, 0.000128, 0.021636, 0.003395, 0.000656, 0.110551, -0.010678, 7e-06, 0.001138, -0.018529, 0.00022, 0.0, 7.6e-05, 0.008545, -2e-06, 1.3e-05, 2.7e-05, -0.001608, 0.009396, 0.01933, -2e-06, -0.0, -0.0, -2e-06, 2e-06, 0.0, 0.0, 2.8e-05, 0.0, 0.0, 0.0, -1.9e-05, 8.9e-05, 6.7e-05, 0.0, 0.0, 0.0, 0.0, 0.0, 0.0, 0.0, 0.000172, -0.0, 0.0, 0.0, -1.2e-05, 9.7e-05, 0.000341, 0.0, 0.0, 0.0, 0.0, 0.0, 0.0, 0.0, 0.0, 0.0, 0.0, 0.0, -0.0, 0.0, 0.0, 0.0, 0.0, 0.0, 0.0, 0.0, 0.0, 0.0, 0.0, 0.0, 0.0, 0.0, 0.0, -0.0, 0.0, 0.0, 0.0, 0.0, 0.0, 0.0, 0.0, 0.0, 2e-05, 0.0, 0.0, 0.0, 4e-06, -1.1e-05, 3e-05, 0.0, 0.0, 0.0, 0.0, 0.0, 0.0, 5.6e-05, 0.007666, 3e-06, -1e-05, 1.8e-05, 0.002677, -0.009045, 0.016901, -1e-06, -0.0, 0.0, -1e-06, -1e-06, 0.049651, 0.08667, -0.055699, -0.05283, -0.026815, 0.04967, 0.08668, 0.071696, -0.02284, -0.030939, 0.050524, 0.087103, -0.018777, 0.075463, -0.029801, 0.0, 0.0, 0.0, 0.0, 0.0, 4e-06, 0.005539, 0.0, -0.0, 0.0], [0.325565, 1.0, 0.798485, 0.0, 0.0, 0.0, -0.0, 0.0, 0.0, 0.0, 0.0, 0.0, -0.0, -0.0, 0.016446, 0.19843, 0.360984, 0.006892, 0.001333, 0.224407, 0.017095, 0.003305, 0.556596, -0.088392, 5.6e-05, 0.009422, -0.153379, 0.001822, 7.6e-05, 0.010631, 0.085818, -0.000899, 0.005254, 0.010808, -0.013921, 0.081347, 0.167349, -0.004986, -0.000571, -0.001175, -0.005395, 0.006867, -2e-06, 0.000138, 0.004349, 2.7e-05, -0.000128, -9.7e-05, -0.002186, 0.010304, 0.007827, -0.000149, -7.4e-05, -5.6e-05, 7.4e-05, 0.000264, 0.0, 2.2e-05, 0.004148, -1e-06, 4e-06, 1.4e-05, -0.000332, 0.002635, 0.009236, -3e-06, -0.0, -0.0, -5e-06, 3e-06, 0.0, 0.0, 1.5e-05, 0.0, -0.0, -0.0, -2e-06, 1.1e-05, 2.3e-05, -0.0, -0.0, -0.0, -0.0, 0.0, 0.0, 0.0, 3.6e-05, 0.0, -0.0, 0.0, 5e-06, -5e-06, 0.000113, -0.0, -0.0, 0.0, -0.0, -0.0, -0.0, 5e-06, 0.001319, -0.0, 1e-06, -3e-06, 0.000325, -0.001014, 0.002695, -2e-06, -0.0, 1e-06, -2e-06, -2e-06, 5.6e-05, 0.008955, 0.078888, 0.001391, -0.0047, 0.008782, 0.023923, -0.080828, 0.151035, -0.003947, -0.000938, 0.001752, -0.003947, -0.00592, 0.366192, 0.519949, -0.247021, -0.234296, -0.118923, 0.366266, 0.519993, 0.317846, -0.101257, -0.137161, 0.369649, 0.521993, -0.081827, 0.328857, -0.129869, 0.0, 1.3e-05, 0.0, 0.0, 0.0, 0.002497, 0.059672, 0.000374, -0.001424, 0.001141], [0.151774, 0.798485, 1.0, 0.0, 0.0, -0.0, 0.0, 0.0, -0.0, -0.0, 0.0, 0.0, -0.0, 0.0, 0.054502, 0.360984, 0.590934, 0.006268, 0.001212, 0.204071, 0.017739, 0.00343, 0.577554, -0.034361, 2.2e-05, 0.003663, -0.059624, 0.000708, 0.008545, 0.085818, 0.228097, -0.005375, 0.031407, 0.06461, -0.025926, 0.151495, 0.311657, -0.018538, -0.002124, -0.00437, -0.020059, 0.025535, -0.001717, 0.015236, 0.051871, 0.001816, -0.008562, -0.006504, -0.014444, 0.068093, 0.051726, -0.003803, -0.001879, -0.001428, 0.001874, 0.00673, 0.000172, 0.004148, 0.03064, -0.000145, 0.00115, 0.004031, -0.002122, 0.016848, 0.059046, -0.001406, -4.6e-05, -0.000162, -0.002073, 0.001288, -2e-06, 6.8e-05, 0.001284, 5e-06, -2.8e-05, -6e-05, -0.000191, 0.001128, 0.00241, -3.2e-05, -3e-06, -7e-06, -3.6e-05, 4.3e-05, -2.2e-05, 0.000372, 0.003273, 1.5e-05, -1.5e-05, 0.000364, 0.000308, -0.000307, 0.00752, -0.000182, -1e-06, 2.6e-05, -0.000316, -2.6e-05, -0.000173, 0.002895, 0.019157, -0.000301, 0.00094, -0.002499, 0.004078, -0.012726, 0.033823, -0.001063, -0.00015, 0.000399, -0.001421, -0.001246, 0.007666, 0.078888, 0.215718, 0.009266, -0.031306, 0.058498, 0.046107, -0.155777, 0.291085, -0.016755, -0.00398, 0.007437, -0.016752, -0.025126, 0.453389, 0.76215, -0.127683, -0.121106, -0.06147, 0.453431, 0.762193, 0.164269, -0.052332, -0.070887, 0.45536, 0.764169, -0.042021, 0.168881, -0.066693, 4e-06, 0.000605, -0.0, 1e-06, 3e-06, 0.041861, 0.176935, 0.00701, -0.026715, 0.021398], [-0.0, 0.0, 0.0, 1.0, 0.0, 0.0, 0.531899, 0.0, 0.0, 0.0, 0.0, -0.0, -0.0, -0.0, -0.000665, -0.006892, -0.006268, 0.073058, -6.3e-05, -0.010651, 0.199486, -7.1e-05, -0.011987, 0.010025, 0.000702, 0.118219, 0.010081, -0.00012, 2e-06, 0.000899, 0.005375, 0.001127, 0.000491, 0.00101, 0.033199, 0.006087, 0.012523, -0.000649, 0.000653, 0.001344, -0.00055, 0.0007, -0.0, 1.3e-05, 0.000785, -1e-06, -1.2e-05, -9e-06, 0.000817, 0.002114, 0.001606, -2.1e-05, 5e-06, 3e-06, 9e-06, 3.1e-05, 0.0, 1e-06, 0.000145, 0.0, 0.0, 0.0, 0.000835, 0.000103, 0.00036, -0.0, 0.0, 0.0, -0.0, 0.0, 0.0, 0.0, 1e-06, 0.0, 0.0, 0.0, 1e-06, 1e-06, 1e-06, 0.0, 0.0, 0.0, 0.0, 0.0, 0.0, -0.0, -1e-06, 0.0, 0.0, -0.0, 4e-06, 0.0, -4e-06, 0.0, -0.0, 0.0, 0.0, 0.0, 0.0, -0.0, -0.000155, -0.0, -0.0, 0.0, 0.000163, 0.000128, -0.000341, 0.0, -0.0, 0.0, 0.0, 0.0, -3e-06, -0.001391, -0.009266, 0.00072, 0.0008, -0.001494, 0.027534, 0.01132, -0.021152, 0.000924, -0.000417, 0.000779, 0.000723, 0.001085, 0.267271, 0.142895, -0.083696, -0.270813, -0.137458, -0.343908, -0.183838, -0.27076, 0.150573, 0.203963, 0.088614, 0.047006, 0.17371, 0.125039, -0.049379, 0.0, 1e-06, 0.0, 0.0, 0.0, -0.000518, -0.01022, 2.8e-05, 0.000268, -0.000214], [-0.0, 0.0, 0.0, 0.0, 1.0, -0.0, 0.0, 0.531899, 0.0, -0.0, 0.0, -0.0, 0.0, -0.0, -0.000128, -0.001333, -0.001212, -6.3e-05, 0.073373, -0.002059, -7.1e-05, 0.19984, -0.002318, 0.000716, 0.003649, -0.00012, 0.002655, 0.118815, -1.3e-05, -0.005254, -0.031407, 0.000491, -0.001659, -0.005903, 0.006087, -0.00133, -0.073176, 0.00256, 0.000219, 0.0007, 0.003926, -0.002628, 0.0, -6.1e-05, -0.003701, -1.2e-05, 5.3e-05, 4.3e-05, 0.002114, -0.0087, -0.00757, 7.5e-05, 3.8e-05, 3.1e-05, -2.7e-05, -0.000135, -0.0, -4e-06, -0.00115, 0.0, -0.0, -2e-06, 0.000103, 3.1e-05, -0.002861, 0.0, 0.0, 0.0, 1e-06, -0.0, 0.0, -0.0, -6e-06, 0.0, 0.0, 0.0, 1e-06, -3e-06, -9e-06, 0.0, 0.0, 0.0, 0.0, 0.0, 0.0, 0.0, 1e-06, 0.0, 0.0, 0.0, 0.0, 4e-06, 4e-06, -0.0, 0.0, 0.0, -0.0, 0.0, -0.0, 1e-06, 0.000483, -0.0, 0.0, -0.0, 0.000128, -0.000197, 0.001066, -0.0, -0.0, 0.0, -0.0, -0.0, 1e-05, 0.0047, 0.031306, 0.0008, -0.001744, 0.005048, 0.01132, -0.007361, 0.071466, -0.002104, -0.000406, 0.001085, -0.003032, -0.002565, 0.253503, 0.135534, -0.270813, -0.055038, -0.130377, 0.10956, 0.058566, 0.150573, 0.15392, -0.064977, -0.356134, -0.188913, 0.125039, -0.297698, 0.19845, 0.0, -4e-06, 0.0, 0.0, 0.0, 0.001973, 0.038952, 0.000268, -0.000922, 0.000817], [0.0, 0.0, -0.0, 0.0, -0.0, 1.0, 0.0, 0.0, 0.531899, 0.0, -0.0, 0.0, 0.0, 0.0, -0.021636, -0.224407, -0.204071, -0.010651, -0.002059, -0.273393, -0.011987, -0.002318, -0.19041, 0.120553, -0.00012, -0.016514, 0.209399, -0.003193, -2.7e-05, -0.010808, -0.06461, 0.00101, -0.005903, -0.010933, 0.012523, -0.073176, -0.116298, 0.005266, 0.0007, 0.001319, 0.005149, -0.007706, 0.0, -4.6e-05, -0.002811, -9e-06, 4.3e-05, 2.9e-05, 0.001606, -0.00757, -0.004485, 5.7e-05, 3.1e-05, 2.1e-05, -4.1e-05, -9.7e-05, -0.0, -1.4e-05, -0.004031, 0.0, -2e-06, -7e-06, 0.00036, -0.002861, -0.009179, 1e-06, 0.0, 0.0, 2e-06, -1e-06, 0.0, -0.0, -1.2e-05, 0.0, 0.0, 0.0, 1e-06, -9e-06, -1.7e-05, 0.0, 0.0, 0.0, 0.0, 0.0, 0.0, -0.0, -3.1e-05, -0.0, 0.0, -0.0, -4e-06, 4e-06, -9.6e-05, 0.0, 0.0, -0.0, 0.0, 0.0, 0.0, -2e-06, -0.001284, 0.0, -0.0, 1e-06, -0.000341, 0.001066, -0.002628, 0.0, 0.0, -0.0, 1e-06, 1e-06, -1.8e-05, -0.008782, -0.058498, -0.001494, 0.005048, -0.008475, -0.021152, 0.071466, -0.102657, 0.003931, 0.001085, -0.001853, 0.003466, 0.006259, 0.128672, 0.068794, -0.137458, -0.130377, 0.135648, 0.148408, 0.079332, 0.203963, -0.064977, 0.113872, 0.140641, 0.074604, -0.049379, 0.19845, 0.126453, 0.0, -1.2e-05, 0.0, 0.0, 0.0, -0.00158, -0.031199, -0.000214, 0.000817, -0.000557], [-0.0, -0.0, 0.0, 0.531899, 0.0, 0.0, 1.0, 0.0, 0.0, 0.0, 0.0, 0.0, 0.0, 0.0, -0.003395, -0.017095, -0.017739, 0.199486, -7.1e-05, -0.011987, 0.540775, -0.000121, -0.020386, 0.007176, 0.000792, 0.133411, 0.004227, -5e-05, 0.001608, 0.013921, 0.025926, 0.033199, 0.006087, 0.012523, 0.174937, 0.020003, 0.04115, -0.007251, 0.014653, 0.030144, -0.004609, 0.005867, -0.000715, 0.006238, 0.019233, -0.00291, -0.00406, -0.003084, 0.028257, 0.02839, 0.021566, -0.003175, 0.003472, 0.002637, 0.001021, 0.003669, 1.2e-05, 0.000332, 0.002122, 0.000835, 0.000103, 0.00036, 0.016989, 0.001321, 0.004629, -0.000183, 0.000282, 0.000988, -0.000209, 0.00013, -0.0, 9e-06, 0.000203, -5e-06, -4e-06, -8e-06, 0.000382, 0.000194, 0.000415, -6e-06, 4e-06, 8e-06, -5e-06, 7e-06, 2e-06, -3.1e-05, -0.000304, 4.6e-05, 1e-06, -3.4e-05, 0.001443, 3.2e-05, -0.000773, 2.4e-05, -4e-06, 9e-05, 3.4e-05, 3e-06, 4.1e-05, -0.00075, -0.004683, -0.000442, -0.000273, 0.000726, 0.008613, 0.003508, -0.009323, 0.00046, -0.000243, 0.000646, 0.00047, 0.000412, -0.002677, -0.023923, -0.046107, 0.027534, 0.01132, -0.021152, 0.155683, 0.03865, -0.072221, 0.012238, -0.013117, 0.024511, 0.007172, 0.010757, 0.386977, 0.364559, 0.128856, -0.130197, -0.066085, -0.497862, -0.469, 0.038971, 0.072374, 0.098037, 0.127383, 0.119755, 0.25275, 0.05951, -0.023501, 0.0, 6e-05, 0.0, 0.0, 0.0, -0.019377, -0.056276, 0.009831, 0.014788, -0.011845], [-0.0, 0.0, 0.0, 0.0, 0.531899, 0.0, 0.0, 1.0, 0.0, 0.0, 0.0, 0.0, 0.0, 0.0, -0.000656, -0.003305, -0.00343, -7.1e-05, 0.19984, -0.002318, -0.000121, 0.541377, -0.003942, 1.3e-05, 0.004105, -5e-05, 0.001611, 0.133661, -0.009396, -0.081347, -0.151495, 0.006087, -0.00133, -0.073176, 0.020003, 0.061478, -0.240452, 0.016145, 0.000261, 0.005867, 0.04207, -0.003133, 0.003371, -0.029409, -0.090672, -0.00406, 0.01537, 0.01454, 0.02839, -0.099556, -0.101666, 0.007178, 0.003876, 0.003669, -0.000319, -0.01388, -9.7e-05, -0.002635, -0.016848, 0.000103, 3.1e-05, -0.002861, 0.001321, 0.006666, -0.036759, 0.00096, 1e-06, 0.00013, 0.001947, -2.7e-05, 1e-06, -5.3e-05, -0.0012, -4e-06, 1.7e-05, 4.9e-05, 0.000194, -0.000734, -0.002455, 2.6e-05, 2e-06, 7e-06, 3.7e-05, -2.9e-05, -2e-06, 3.1e-05, 0.000302, 1e-06, 4.6e-05, 3.4e-05, 3.2e-05, 0.001444, 0.000768, -1.7e-05, 4e-06, 3e-06, -3.7e-05, 9e-05, -0.000127, 0.002342, 0.014615, -0.000273, 0.000323, -0.002266, 0.003508, -0.001211, 0.029097, -0.000929, -6.1e-05, 0.000412, -0.00176, -0.000508, 0.009045, 0.080828, 0.155777, 0.01132, -0.007361, 0.071466, 0.03865, 0.036539, 0.244007, -0.015678, -0.00137, 0.010757, -0.039051, -0.008648, 0.367043, 0.34578, -0.130197, 0.142633, -0.062681, 0.158606, 0.149411, 0.072374, 0.243098, -0.031232, -0.511943, -0.481284, 0.05951, 0.02839, 0.09445, -2e-06, -0.000418, 0.0, -0.0, -1e-06, 0.073849, 0.214482, 0.014788, -0.04265, 0.045143], [0.0, 0.0, -0.0, 0.0, 0.0, 0.531899, 0.0, 0.0, 1.0, 0.0, 0.0, 0.0, 0.0, 0.0, -0.110551, -0.556596, -0.577554, -0.011987, -0.002318, -0.19041, -0.020386, -0.003942, -0.122352, 0.00213, -5e-05, -0.004348, 0.003939, -0.000841, -0.01933, -0.167349, -0.311657, 0.012523, -0.073176, -0.116298, 0.04115, -0.240452, -0.316303, 0.033214, 0.005867, 0.009478, 0.024252, -0.055382, 0.002561, -0.02234, -0.068877, -0.003084, 0.01454, 0.007274, 0.021566, -0.101666, -0.04295, 0.005453, 0.003669, 0.001833, -0.007073, -0.008642, -0.000341, -0.009236, -0.059046, 0.00036, -0.002861, -0.009179, 0.004629, -0.036759, -0.111676, 0.003365, 0.00013, 0.000419, 0.004814, -0.003328, 2e-06, -0.000112, -0.002564, -8e-06, 4.9e-05, 9.9e-05, 0.000415, -0.002455, -0.004829, 5.6e-05, 7e-06, 1.3e-05, 5.9e-05, -7.8e-05, 3.8e-05, -0.000765, -0.007412, -3.4e-05, 3.4e-05, -0.000779, -0.000773, 0.000768, -0.017375, 0.000418, 3e-06, -6.3e-05, 0.000724, 6.3e-05, 0.000337, -0.006224, -0.038841, 0.000726, -0.002266, 0.005494, -0.009323, 0.029097, -0.067593, 0.002468, 0.000412, -0.001001, 0.003121, 0.003125, -0.016901, -0.151035, -0.291085, -0.021152, 0.071466, -0.102657, -0.072221, 0.244007, -0.288829, 0.029295, 0.010757, -0.015713, 0.017582, 0.053089, 0.186302, 0.17551, -0.066085, -0.062681, 0.234308, 0.214844, 0.202389, 0.098037, -0.031232, 0.223848, 0.202171, 0.190064, -0.023501, 0.09445, 0.230258, -6e-06, -0.001233, 0.0, -1e-06, -3e-06, -0.05915, -0.171792, -0.011845, 0.045143, -0.022447], [-0.0, 0.0, -0.0, 0.0, -0.0, 0.0, 0.0, 0.0, 0.0, 1.0, 0.0, 0.0, 0.0, 0.0, -0.010678, -0.088392, -0.034361, -0.010025, -0.000716, -0.120553, -0.007176, -1.3e-05, -0.00213, 0.091418, -0.000114, -0.019239, 0.089791, -0.001066, -2e-06, -0.004986, -0.018538, 0.000649, -0.00256, -0.005266, 0.007251, -0.016145, -0.033214, 0.002529, 0.0004, 0.000824, 0.002633, -0.003352, 0.0, -1e-05, -0.001716, -2e-06, 7e-06, 6e-06, 0.001433, -0.004409, -0.00335, 1.2e-05, 8e-06, 6e-06, -6e-06, -2.2e-05, 0.0, -3e-06, -0.001406, 0.0, -0.0, -1e-06, 0.000183, -0.00096, -0.003365, 0.0, 0.0, 0.0, 0.0, -0.0, 0.0, 0.0, -4e-06, 0.0, 0.0, 0.0, 1e-06, -3e-06, -6e-06, 0.0, 0.0, 0.0, 0.0, 0.0, 0.0, -0.0, -9e-06, 0.0, 0.0, 0.0, -1e-06, 1e-06, -2.9e-05, 0.0, 0.0, 0.0, 0.0, 0.0, 0.0, -0.0, -0.00049, 0.0, -0.0, 0.0, -0.000175, 0.000389, -0.001035, 0.0, 0.0, -0.0, 0.0, 0.0, -1e-06, -0.003947, -0.016755, -0.000924, 0.002104, -0.003931, -0.012238, 0.015678, -0.029295, 0.001734, 0.000584, -0.001092, 0.00171, 0.002564, 0.06123, 0.010006, 0.171509, -0.212401, -0.10781, 0.199812, 0.032644, 0.047474, -0.177242, -0.240088, -0.127993, -0.020696, 0.151005, -0.077494, 0.030603, 0.0, -4e-06, 0.0, 0.0, 0.0, -0.000859, -0.011941, -0.000109, 0.000308, -0.000247], [0.0, 0.0, 0.0, 0.0, 0.0, -0.0, 0.0, 0.0, 0.0, 0.0, 1.0, 0.0, 0.0, 0.0, 7e-06, 5.6e-05, 2.2e-05, -0.000702, -0.003649, 0.00012, -0.000792, -0.004105, 5e-05, -0.000114, 0.039905, -0.001523, -0.000198, -0.007921, -0.0, -0.000571, -0.002124, -0.000653, -0.000219, -0.0007, -0.014653, -0.000261, -0.005867, 0.0004, -0.000261, -0.000759, 0.00046, -0.000351, 0.0, -5e-06, -0.000848, 0.0, 4e-06, 3e-06, -0.000811, -0.002278, -0.001949, 8e-06, -1e-06, -0.0, -3e-06, -1.2e-05, 0.0, -0.0, -4.6e-05, -0.0, -0.0, -0.0, -0.000282, -1e-06, -0.00013, 0.0, -0.0, -0.0, 0.0, -0.0, 0.0, 0.0, -0.0, 0.0, 0.0, 0.0, -0.0, -0.0, -1e-06, 0.0, 0.0, 0.0, 0.0, 0.0, 0.0, -0.0, -0.0, 0.0, 0.0, 0.0, 0.0, -0.0, -0.0, 0.0, 0.0, 0.0, 0.0, 0.0, 0.0, -0.0, -6.9e-05, -0.0, -0.0, 0.0, 7.1e-05, 3.3e-05, -0.000166, 0.0, -0.0, 0.0, 0.0, 0.0, -0.0, -0.000938, -0.00398, 0.000417, 0.000406, -0.001085, 0.013117, 0.00137, -0.010757, 0.000584, -0.000169, 0.000417, 0.000628, 0.000595, 0.231616, 0.037849, -0.131919, -0.102208, -0.167763, -0.128778, -0.021039, -0.15565, -0.214402, 0.107559, -0.106889, -0.017284, -0.252867, -0.136032, 0.083753, 0.0, -0.0, 0.0, 0.0, 0.0, -0.000519, -0.007217, 7e-06, 0.000192, -0.000167], [-0.0, 0.0, 0.0, -0.0, -0.0, 0.0, 0.0, 0.0, 0.0, 0.0, 0.0, 1.0, 0.0, 0.0, 0.001138, 0.009422, 0.003663, -0.118219, 0.00012, 0.016514, -0.133411, 5e-05, 0.004348, -0.019239, -0.001523, -0.21648, -0.017523, 0.000255, -0.0, -0.001175, -0.00437, -0.001344, -0.0007, -0.001319, -0.030144, -0.005867, -0.009478, 0.000824, -0.000759, -0.001454, 0.000657, -0.00095, 0.0, -4e-06, -0.000644, 0.0, 3e-06, 2e-06, -0.000616, -0.001949, -0.001193, 6e-06, -0.0, -0.0, -3e-06, -9e-06, 0.0, -0.0, -0.000162, -0.0, -0.0, -0.0, -0.000988, -0.00013, -0.000419, 0.0, -0.0, -0.0, 0.0, -0.0, 0.0, 0.0, -1e-06, 0.0, 0.0, 0.0, -1e-06, -1e-06, -1e-06, 0.0, 0.0, 0.0, 0.0, 0.0, 0.0, 0.0, 1e-06, 0.0, 0.0, 0.0, -4e-06, -0.0, 4e-06, 0.0, 0.0, 0.0, 0.0, 0.0, 0.0, 0.0, 0.000184, 0.0, 0.0, -0.0, -0.000187, -0.000166, 0.000412, -0.0, 0.0, -0.0, -0.0, -0.0, 0.0, 0.001752, 0.007437, -0.000779, -0.001085, 0.001853, -0.024511, -0.010757, 0.015713, -0.001092, 0.000417, -0.000724, -0.000789, -0.001368, 0.117563, 0.019211, -0.066959, -0.167763, 0.143158, -0.174441, -0.028499, -0.21084, 0.107559, -0.148109, 0.042212, 0.006826, 0.09986, 0.083753, 0.042975, 0.0, -1e-06, 0.0, 0.0, 0.0, 0.000416, 0.005781, -6e-06, -0.000167, 0.000117], [-0.0, -0.0, -0.0, -0.0, 0.0, 0.0, 0.0, 0.0, 0.0, 0.0, 0.0, 0.0, 1.0, 0.0, -0.018529, -0.153379, -0.059624, -0.010081, -0.002655, -0.209399, -0.004227, -0.001611, -0.003939, 0.089791, -0.000198, -0.017523, 0.196415, -0.00492, -2e-06, -0.005395, -0.020059, 0.00055, -0.003926, -0.005149, 0.004609, -0.04207, -0.024252, 0.002633, 0.00046, 0.000657, 0.001651, -0.004682, -0.0, 5e-06, 0.000845, 1e-06, -3e-06, -4e-06, -0.000543, 0.001203, 0.002972, -6e-06, -3e-06, -3e-06, -3e-06, 1.2e-05, 0.0, -5e-06, -0.002073, 0.0, -1e-06, -2e-06, 0.000209, -0.001947, -0.004814, 0.0, 0.0, 0.0, 0.0, -0.0, 0.0, 0.0, -5e-06, 0.0, 0.0, 0.0, 1e-06, -4e-06, -6e-06, 0.0, 0.0, 0.0, 0.0, 0.0, 0.0, -0.0, -1.6e-05, 0.0, 0.0, 0.0, -2e-06, 2e-06, -5e-05, 0.0, 0.0, 0.0, 0.0, 0.0, 0.0, -0.0, -0.000656, 0.0, -0.0, 0.0, -0.000189, 0.000681, -0.001328, 0.0, 0.0, -0.0, 0.0, 0.0, -1e-06, -0.003947, -0.016752, -0.000723, 0.003032, -0.003466, -0.007172, 0.039051, -0.017582, 0.00171, 0.000628, -0.000789, 0.000733, 0.003314, 0.081544, 0.013325, -0.122683, 0.100187, -0.168979, -0.017126, -0.002798, -0.033147, 0.104158, -0.112483, 0.181292, 0.029314, -0.089503, 0.054068, -0.262751, 0.0, -6e-06, 0.0, 0.0, 0.0, 0.000355, 0.00493, 3.7e-05, -8e-05, 0.000163], [-0.0, -0.0, 0.0, -0.0, -0.0, 0.0, 0.0, 0.0, 0.0, 0.0, 0.0, 0.0, 0.0, 1.0, 0.00022, 0.001822, 0.000708, 0.00012, -0.118815, 0.003193, 5e-05, -0.133661, 0.000841, -0.001066, -0.007921, 0.000255, -0.00492, -0.21775, 2e-06, 0.006867, 0.025535, -0.0007, 0.002628, 0.007706, -0.005867, 0.003133, 0.055382, -0.003352, -0.000351, -0.00095, -0.004682, 0.003933, -0.0, 1.7e-05, 0.003036, 3e-06, -1.3e-05, -1e-05, -0.001949, 0.008158, 0.005624, -2.2e-05, -1.2e-05, -9e-06, 1.2e-05, 3.9e-05, 0.0, 3e-06, 0.001288, -0.0, 0.0, 1e-06, -0.00013, 2.7e-05, 0.003328, -0.0, -0.0, -0.0, -0.0, 0.0, 0.0, 0.0, 6e-06, 0.0, 0.0, 0.0, -1e-06, 3e-06, 8e-06, 0.0, 0.0, 0.0, 0.0, 0.0, 0.0, -0.0, -1e-06, 0.0, 0.0, 0.0, -0.0, -4e-06, -4e-06, 0.0, 0.0, 0.0, 0.0, 0.0, 0.0, -0.0, -0.000575, 0.0, -0.0, 0.0, -0.000166, 0.000277, -0.001285, 0.0, 0.0, -0.0, 0.0, 0.0, -1e-06, -0.00592, -0.025126, -0.001085, 0.002565, -0.006259, -0.010757, 0.008648, -0.053089, 0.002564, 0.000595, -0.001368, 0.003314, 0.003494, 0.111507, 0.018222, -0.167763, -0.049206, 0.135784, 0.055572, 0.009079, 0.107559, 0.092522, 0.047184, -0.169645, -0.027431, 0.083753, -0.215898, -0.172712, 0.0, 4e-06, 0.0, 0.0, 0.0, -0.001584, -0.022031, -0.000167, 0.000585, -0.000447], [0.0, 0.016446, 0.054502, -0.000665, -0.000128, -0.021636, -0.003395, -0.000656, -0.110551, -0.010678, 7e-06, 0.001138, -0.018529, 0.00022, 1.0, 0.325565, 0.151774, -0.0, 0.0, -0.0, -0.0, -0.0, -0.0, -0.0, -0.0, 0.0, -0.0, 0.0, 2e-06, 0.029548, 0.066656, -0.007342, 0.034164, 0.023747, -0.021765, 0.101286, 0.070401, -0.023008, -0.012315, -0.00856, 0.01481, 0.039832, 0.0, 0.0, 0.000692, 0.0, -0.0, -0.0, -0.000597, 0.002557, 0.000254, -0.0, -0.0, -0.0, 0.0, 0.0, 0.0, 0.000113, 0.009781, -4e-06, 2.1e-05, 4.5e-05, -0.001799, 0.010529, 0.022177, -3e-06, -0.0, -1e-06, -4e-06, 5e-06, 0.0, 0.0, 4.4e-05, 0.0, 0.0, 0.0, -8e-06, 4.4e-05, 6.2e-05, 0.0, 0.0, 0.0, 0.0, 0.0, 0.0, 0.0, 0.00031, 0.0, -0.0, 0.0, 4.7e-05, -6.7e-05, 0.001009, -0.0, -0.0, 0.0, -0.0, -0.0, 0.0, 6e-06, 0.004158, -0.0, 1e-06, -1e-06, 0.001583, -0.005582, 0.008448, -0.0, -0.0, 0.0, -0.0, -0.0, 0.0, 0.02026, 0.058552, 0.005865, -0.022944, 0.014029, 0.024699, -0.09663, 0.059083, -0.012622, -0.00899, 0.005497, 0.011011, -0.021505, 0.00035, 0.020318, -1.6e-05, -1.4e-05, -3.7e-05, 0.00035, 0.020315, 1.8e-05, -6e-06, -3.8e-05, 0.000351, 0.020335, -6e-06, 1.9e-05, -3.7e-05, 0.0, 4.8e-05, 0.0, 0.0, 0.0, 0.000259, 0.018591, 6e-06, -2.5e-05, 2e-06], [0.016446, 0.19843, 0.360984, -0.006892, -0.001333, -0.224407, -0.017095, -0.003305, -0.556596, -0.088392, 5.6e-05, 0.009422, -0.153379, 0.001822, 0.325565, 1.0, 0.798485, -0.0, 0.0, 0.0, -0.0, -0.0, 0.0, 0.0, 0.0, 0.0, -0.0, 0.0, 0.029548, 0.272693, 0.421949, -0.051206, 0.238289, 0.165629, -0.103311, 0.48076, 0.334165, -0.098871, -0.05292, -0.036784, 0.063644, 0.171174, -9.7e-05, 0.002898, 0.028944, 0.000765, -0.003279, -0.000325, -0.016727, 0.071689, 0.007115, -0.002327, -0.002087, -0.000207, 0.004429, 0.000888, 0.000113, 0.01316, 0.095298, -0.001102, 0.006451, 0.013588, -0.01497, 0.08762, 0.184561, -0.006316, -0.000695, -0.001464, -0.006991, 0.008569, -0.0, 1.4e-05, 0.002322, 1e-06, -6e-06, -9e-06, -0.00057, 0.002968, 0.004214, -6e-06, -1e-06, -2e-06, -3e-06, 1e-05, -6e-06, 0.000564, 0.013131, 3e-05, -4.2e-05, 0.000643, 0.001635, -0.002318, 0.035083, -0.000486, -5e-06, 7.9e-05, -0.000839, -0.000111, -8.1e-05, 0.005977, 0.05866, -0.001006, 0.003545, -0.005366, 0.01954, -0.068886, 0.104251, -0.003561, -0.001118, 0.001692, -0.002543, -0.005966, 0.02026, 0.222207, 0.381605, 0.052827, -0.206675, 0.126368, 0.121772, -0.476407, 0.291292, -0.082786, -0.058963, 0.036052, 0.072221, -0.141047, 0.025598, 0.166005, -0.010001, -0.009049, -0.023362, 0.025591, 0.165985, 0.011539, -0.003972, -0.024049, 0.025636, 0.166114, -0.003672, 0.012316, -0.023769, 1e-06, 0.001429, -0.0, 0.0, 0.0, 0.021814, 0.154796, 0.005241, -0.02187, 0.00203], [0.054502, 0.360984, 0.590934, -0.006268, -0.001212, -0.204071, -0.017739, -0.00343, -0.577554, -0.034361, 2.2e-05, 0.003663, -0.059624, 0.000708, 0.151774, 0.798485, 1.0, -0.0, -0.0, -0.0, 0.0, 0.0, -0.0, -0.0, 0.0, 0.0, -0.0, 0.0, 0.066656, 0.421949, 0.65531, -0.037678, 0.175335, 0.121871, -0.100603, 0.468156, 0.325404, -0.030074, -0.016097, -0.011189, 0.019359, 0.052067, -0.006603, 0.051278, 0.1379, 0.00694, -0.029745, -0.002952, -0.042612, 0.182622, 0.018125, -0.007949, -0.007131, -0.000708, 0.015131, 0.003033, 0.009781, 0.095298, 0.244495, -0.005757, 0.033696, 0.070976, -0.026715, 0.156363, 0.329359, -0.01992, -0.002192, -0.004617, -0.022047, 0.027024, -0.000304, 0.004645, 0.026932, 0.000466, -0.002424, -0.003441, -0.005489, 0.028575, 0.040573, -0.001622, -0.000367, -0.000521, -0.00097, 0.002711, -0.002817, 0.026003, 0.085349, 0.000905, -0.001283, 0.019411, 0.006462, -0.009163, 0.138662, -0.00656, -7e-05, 0.001059, -0.011313, -0.001502, -0.007759, 0.069191, 0.188487, -0.007736, 0.027272, -0.041272, 0.041344, -0.145753, 0.220579, -0.013279, -0.00417, 0.00631, -0.009484, -0.022246, 0.058552, 0.381605, 0.613092, 0.044562, -0.17434, 0.106598, 0.123532, -0.483291, 0.295501, -0.029491, -0.021005, 0.012843, 0.025727, -0.050245, 0.128746, 0.352825, -0.034356, -0.031086, -0.080257, 0.128729, 0.352796, 0.039648, -0.013648, -0.08263, 0.128839, 0.352981, -0.012599, 0.042262, -0.081565, 0.000713, 0.014271, -4.4e-05, 0.00026, 0.000557, 0.119217, 0.336572, 0.020218, -0.084369, 0.007833], [0.000665, 0.006892, 0.006268, 0.073058, -6.3e-05, -0.010651, 0.199486, -7.1e-05, -0.011987, -0.010025, -0.000702, -0.118219, -0.010081, 0.00012, -0.0, -0.0, -0.0, 1.0, 0.0, 0.0, 0.531899, 0.0, 0.0, -0.0, 0.0, 0.0, 0.0, -0.0, 0.007342, 0.051206, 0.037678, 0.103589, 0.063801, 0.044346, 0.230706, 0.053478, 0.037171, -0.075371, 0.128803, 0.089528, 0.024667, 0.066344, -1e-05, 0.000608, 0.007576, -5.1e-05, -0.000773, -7.7e-05, 0.006768, 0.021792, 0.002163, -0.000905, 0.000173, 1.7e-05, 0.001317, 0.000264, 4e-06, 0.001102, 0.005757, 0.00152, 0.000604, 0.001272, 0.037848, 0.006341, 0.013356, -0.000845, 0.000891, 0.001876, -0.000725, 0.000889, -0.0, 1e-06, 0.00027, -0.0, -0.0, -0.0, 0.000336, 0.000378, 0.000536, -0.0, 0.0, 0.0, -0.0, 0.0, 0.0, -2e-05, -0.000678, 2.4e-05, 2e-06, -2.3e-05, 0.004265, 0.000136, -0.00206, 2.4e-05, -5e-06, 7e-05, 3.5e-05, 5e-06, 5e-06, -0.000992, -0.009066, -0.000362, -0.000636, 0.000963, 0.018582, 0.012667, -0.019169, 0.000944, -0.000409, 0.000619, 0.000525, 0.00123, -0.005865, -0.052827, -0.044562, 0.06923, 0.068095, -0.041636, 0.196337, 0.069108, -0.042255, 0.072591, -0.08876, 0.054271, -0.033442, 0.065313, 0.011263, 0.044151, -0.00165, -0.004605, -0.011888, -0.012996, -0.050953, -0.003339, 0.002333, 0.014123, 0.004135, 0.01619, 0.002762, 0.002297, -0.004434, 0.0, 0.000103, 0.0, 0.0, 0.0, -0.005973, -0.026206, 0.001062, 0.006813, -0.000633], [0.000128, 0.001333, 0.001212, -6.3e-05, 0.073373, -0.002059, -7.1e-05, 0.19984, -0.002318, -0.000716, -0.003649, 0.00012, -0.002655, -0.118815, 0.0, 0.0, -0.0, 0.0, 1.0, -0.0, 0.0, 0.531899, 0.0, -0.0, -0.0, -0.0, 0.0, 0.0, -0.034164, -0.238289, -0.175335, 0.063801, -0.179598, -0.206366, 0.053478, -0.006662, -0.172976, 0.092121, 0.063363, 0.066344, 0.034524, -0.20495, 4.1e-05, -0.002606, -0.032468, -0.000773, 0.00308, 0.000329, 0.021792, -0.081541, -0.009269, 0.002507, 0.002475, 0.000264, -0.00485, -0.001053, -2.1e-05, -0.006451, -0.033696, 0.000604, -0.001911, -0.007444, 0.006341, 0.001819, -0.078173, 0.003279, 0.000258, 0.000889, 0.005207, -0.003175, 0.0, -4e-06, -0.001406, -0.0, 1e-06, 2e-06, 0.000378, -0.001557, -0.002792, 1e-06, 0.0, 0.0, 1e-06, -2e-06, -0.0, 2.8e-05, 0.000961, 2e-06, 2.3e-05, 3.3e-05, 0.000136, 0.004168, 0.002921, -2.6e-05, 3e-06, 5e-06, -5.4e-05, 6.7e-05, -1.8e-05, 0.003495, 0.031959, -0.000636, 0.001701, -0.003394, 0.012667, -0.02248, 0.067579, -0.00222, -0.000632, 0.00123, -0.002489, -0.00337, 0.022944, 0.206675, 0.17434, 0.068095, -0.179773, 0.162891, 0.069108, -0.056367, 0.165313, -0.082968, -0.077153, 0.065313, 0.014773, -0.184558, 0.010191, 0.039949, -0.004605, -0.000727, -0.010756, 0.004473, 0.017539, 0.002333, 0.002635, -0.004861, -0.013869, -0.054307, 0.002297, -0.004259, 0.014873, -0.0, -0.00061, 0.0, -0.0, -0.0, 0.024925, 0.109356, 0.006813, -0.025734, 0.002639], [0.021636, 0.224407, 0.204071, -0.010651, -0.002059, -0.273393, -0.011987, -0.002318, -0.19041, -0.120553, 0.00012, 0.016514, -0.209399, 0.003193, -0.0, 0.0, -0.0, 0.0, -0.0, 1.0, 0.0, 0.0, 0.531899, -0.0, -0.0, -0.0, -0.0, 0.0, -0.023747, -0.165629, -0.121871, 0.044346, -0.206366, -0.026141, 0.037171, -0.172976, 0.121966, 0.064031, 0.066344, 0.014028, -0.183572, -0.06528, 4e-06, -0.000259, -0.003222, -7.7e-05, 0.000329, -0.000199, 0.002163, -0.009269, 0.010932, 0.000249, 0.000264, -0.000159, -0.000639, 0.000681, -4.5e-05, -0.013588, -0.070976, 0.001272, -0.007444, -0.014057, 0.013356, -0.078173, -0.125729, 0.006907, 0.000889, 0.001708, 0.006913, -0.009996, 0.0, -6e-06, -0.001996, -0.0, 2e-06, 3e-06, 0.000536, -0.002792, -0.003555, 2e-06, 0.0, 1e-06, 1e-06, -3e-06, 1e-06, -0.000429, -0.014546, -2.3e-05, 3.3e-05, -0.000473, -0.00206, 0.002921, -0.039845, 0.000392, 5e-06, -6.7e-05, 0.000676, 9.5e-05, 2.7e-05, -0.00529, -0.048367, 0.000963, -0.003394, 0.004595, -0.019169, 0.067579, -0.080098, 0.00336, 0.00123, -0.001681, 0.001831, 0.005925, -0.014029, -0.126368, -0.106598, -0.041636, 0.162891, -0.012962, -0.042255, 0.165313, 0.112924, 0.05073, 0.065313, -0.010268, -0.150963, 0.040172, 0.026312, 0.103139, -0.011888, -0.010756, -0.024331, 0.027085, 0.106191, 0.014123, -0.004861, -0.025996, 0.026767, 0.104813, -0.004434, 0.014873, -0.025257, -0.0, -0.001307, 0.0, -0.0, -0.0, -0.002314, -0.010153, -0.000633, 0.002639, 0.00245], [0.003395, 0.017095, 0.017739, 0.199486, -7.1e-05, -0.011987, 0.540775, -0.000121, -0.020386, -0.007176, -0.000792, -0.133411, -0.004227, 5e-05, -0.0, -0.0, 0.0, 0.531899, 0.0, 0.0, 1.0, 0.0, 0.0, 0.0, -0.0, 0.0, 0.0, 0.0, 0.021765, 0.103311, 0.100603, 0.230706, 0.053478, 0.037171, 0.592617, 0.084622, 0.058819, -0.040542, 0.112764, 0.07838, 0.007138, 0.019197, -0.003759, 0.027449, 0.062633, -0.011516, -0.01866, -0.001852, 0.081675, 0.093553, 0.009285, -0.010783, 0.01364, 0.001354, 0.010896, 0.002185, 0.001799, 0.01497, 0.026715, 0.037848, 0.006341, 0.013356, 0.190011, 0.019865, 0.041842, -0.007727, 0.016125, 0.033965, -0.004925, 0.006037, -7.4e-05, 0.001201, 0.006365, -0.0008, -0.000708, -0.001005, 0.013025, 0.007648, 0.01086, -0.000723, 0.000699, 0.000992, -0.000324, 0.000905, 0.00033, -0.002927, -0.008203, 0.007317, 0.000168, -0.002542, 0.059363, 0.000994, -0.015039, 0.001525, -0.000647, 0.009784, 0.001707, 0.000227, 0.003026, -0.024308, -0.050648, -0.021208, -0.011354, 0.017183, 0.127735, 0.045459, -0.068797, 0.011324, -0.012941, 0.019584, 0.004588, 0.010763, -0.024699, -0.121772, -0.123532, 0.196337, 0.069108, -0.042255, 0.535872, 0.114558, -0.070045, 0.04822, -0.105492, 0.064501, -0.012315, 0.024051, 0.098722, 0.169213, 0.023332, -0.029281, -0.075595, -0.113929, -0.195291, 0.01258, 0.014837, 0.089832, 0.036205, 0.062036, 0.051394, 0.014588, -0.028156, 0.000111, 0.002104, 7.5e-05, 4.3e-05, 9.2e-05, -0.057929, -0.10296, 0.038559, 0.050272, -0.004667], [0.000656, 0.003305, 0.00343, -7.1e-05, 0.19984, -0.002318, -0.000121, 0.541377, -0.003942, -1.3e-05, -0.004105, 5e-05, -0.001611, -0.133661, -0.0, -0.0, 0.0, 0.0, 0.531899, 0.0, 0.0, 1.0, 0.0, 0.0, 0.0, 0.0, -0.0, 0.0, -0.101286, -0.48076, -0.468156, 0.053478, -0.006662, -0.172976, 0.084622, 0.21701, -0.273715, -0.016931, 0.002111, 0.019197, 0.085484, -0.006829, 0.016111, -0.11764, -0.268428, -0.01866, 0.064103, 0.007937, 0.093553, -0.297439, -0.039794, 0.013693, 0.017629, 0.002185, -0.027924, -0.007499, -0.010529, -0.08762, -0.156363, 0.006341, 0.001819, -0.078173, 0.019865, 0.077137, -0.244903, 0.016452, 2.7e-05, 0.006037, 0.045439, -0.000337, 0.000384, -0.006252, -0.033133, -0.000708, 0.002749, 0.005233, 0.007648, -0.02532, -0.056531, 0.002343, 0.00048, 0.000905, 0.002506, -0.003544, -0.000468, 0.00415, 0.011631, 0.000168, 0.007197, 0.003604, 0.000994, 0.058655, 0.021324, -0.001024, 0.000448, 0.000227, -0.003077, 0.009623, -0.010666, 0.085693, 0.178552, -0.011354, 0.015599, -0.060577, 0.045459, -0.019629, 0.242532, -0.014014, -0.002869, 0.010763, -0.031134, -0.015307, 0.09663, 0.476407, 0.483291, 0.069108, -0.056367, 0.165313, 0.114558, 0.11697, 0.274035, 0.011483, -0.009801, 0.024051, -0.067367, -0.023446, 0.089326, 0.153109, -0.029281, 0.029199, -0.068401, 0.039216, 0.067222, 0.014837, 0.050576, -0.030921, -0.121443, -0.208087, 0.014588, 0.006809, 0.094443, -0.000653, -0.012411, 4.3e-05, -0.000171, -0.000543, 0.241733, 0.429649, 0.050272, -0.159176, 0.019476], [0.110551, 0.556596, 0.577554, -0.011987, -0.002318, -0.19041, -0.020386, -0.003942, -0.122352, -0.00213, 5e-05, 0.004348, -0.003939, 0.000841, -0.0, 0.0, -0.0, 0.0, 0.0, 0.531899, 0.0, 0.0, 1.0, 0.0, 0.0, 0.0, 0.0, -0.0, -0.070401, -0.334165, -0.325404, 0.037171, -0.172976, 0.121966, 0.058819, -0.273715, 0.420549, -0.011768, 0.019197, -0.012164, -0.105592, 0.056605, 0.001599, -0.011676, -0.026642, -0.001852, 0.007937, -0.015083, 0.009285, -0.039794, 0.099554, 0.001359, 0.002185, -0.004164, -0.006498, 0.017847, -0.022177, -0.184561, -0.329359, 0.013356, -0.078173, -0.125729, 0.041842, -0.244903, -0.32245, 0.034653, 0.006037, 0.009877, 0.02572, -0.05781, 0.000545, -0.008877, -0.047044, -0.001005, 0.005233, 0.006494, 0.01086, -0.056531, -0.065771, 0.003327, 0.000905, 0.001127, 0.001227, -0.005866, 0.007079, -0.062802, -0.176003, -0.002542, 0.003604, -0.0471, -0.015039, 0.021324, -0.262633, 0.015498, 0.000227, -0.002965, 0.026683, 0.004205, 0.016142, -0.129685, -0.270216, 0.017183, -0.060577, 0.067247, -0.068797, 0.242532, -0.226413, 0.021208, 0.010763, -0.012046, 0.001843, 0.042466, -0.059083, -0.291292, -0.295501, -0.042255, 0.165313, 0.112924, -0.070045, 0.274035, 0.397599, -0.007021, 0.024051, 0.014829, -0.100107, -0.058013, 0.230617, 0.395288, -0.075595, -0.068401, -0.1209, 0.237436, 0.407002, 0.089832, -0.030921, -0.131532, 0.234385, 0.401609, -0.028156, 0.094443, -0.126533, -0.001399, -0.026599, 9.2e-05, -0.000543, -0.001081, -0.022443, -0.039889, -0.004667, 0.019476, 0.048798], [-0.010678, -0.088392, -0.034361, 0.010025, 0.000716, 0.120553, 0.007176, 1.3e-05, 0.00213, 0.091418, -0.000114, -0.019239, 0.089791, -0.001066, -0.0, 0.0, -0.0, -0.0, -0.0, -0.0, 0.0, 0.0, 0.0, 1.0, 0.0, 0.0, 0.0, 0.0, -0.023008, -0.098871, -0.030074, 0.075371, -0.092121, -0.064031, 0.040542, 0.016931, 0.011768, 0.072624, 0.106036, 0.073703, -0.013289, -0.035742, 2e-06, -0.000684, -0.011892, -0.000263, 0.000797, 7.9e-05, 0.013618, -0.029128, -0.002891, 0.000744, 0.001042, 0.000103, -0.001503, -0.000301, -3e-06, -0.006316, -0.01992, 0.000845, -0.003279, -0.006907, 0.007727, -0.016452, -0.034653, 0.003484, 0.000537, 0.001132, 0.003692, -0.004525, 0.0, -1e-06, -0.000878, -0.0, 0.0, 0.0, 0.000327, -0.001177, -0.001671, 0.0, 0.0, 0.0, 0.0, -0.0, 0.0, -0.0001, -0.005724, -6e-06, 6e-06, -9.7e-05, -0.001237, 0.001063, -0.016082, 8.6e-05, 1e-06, -1.7e-05, 0.000145, 1.9e-05, 2e-06, -0.002349, -0.017941, 0.000547, -0.001347, 0.002038, -0.013351, 0.020972, -0.031738, 0.001499, 0.000675, -0.001022, 0.001066, 0.0025, -0.012622, -0.082786, -0.029491, -0.072591, 0.082968, -0.05073, -0.04822, -0.011483, 0.007021, 0.048216, 0.110479, -0.067551, -0.022011, 0.042987, -0.007921, -0.01526, 0.006247, 0.002766, 0.007142, -0.006073, -0.011703, -0.006099, 0.000833, 0.005043, -0.012752, -0.024536, 0.003214, -0.00685, 0.01322, -0.0, -0.000483, 0.0, -0.0, -0.0, -0.009523, -0.021027, -0.003927, 0.010067, -0.000935], [7e-06, 5.6e-05, 2.2e-05, 0.000702, 0.003649, -0.00012, 0.000792, 0.004105, -5e-05, -0.000114, 0.039905, -0.001523, -0.000198, -0.007921, -0.0, 0.0, 0.0, 0.0, -0.0, -0.0, -0.0, 0.0, 0.0, 0.0, 1.0, 0.0, 0.0, 0.0, -0.012315, -0.05292, -0.016097, -0.128803, -0.063363, -0.066344, -0.112764, -0.002111, -0.019197, 0.106036, -0.151628, -0.149714, 0.006966, -0.090644, 2e-06, -0.000613, -0.010669, -0.0, 0.000769, 8.1e-05, -0.008741, -0.030936, -0.003461, 0.001042, 9e-06, 1e-06, -0.001579, -0.000336, -0.0, -0.000695, -0.002192, -0.000891, -0.000258, -0.000889, -0.016125, -2.7e-05, -0.006037, 0.000537, -0.000356, -0.0011, 0.00063, -0.000445, 0.0, -0.0, -0.000199, 0.0, 0.0, 0.0, -0.000244, -0.000248, -0.000434, 0.0, -0.0, -0.0, 0.0, -0.0, 0.0, -1e-06, -6.1e-05, 1e-06, -1e-06, -1e-06, 0.000389, -0.000268, -0.000209, 1e-06, 1e-06, 3e-06, 2e-06, -2e-06, 1e-06, -0.000738, -0.005633, -0.000199, -0.000388, 0.000732, 0.012424, 0.005043, -0.014099, 0.000675, -0.000189, 0.000349, 0.000552, 0.000835, -0.00899, -0.058963, -0.021005, 0.08876, 0.077153, -0.065313, 0.105492, 0.009801, -0.024051, 0.110479, -0.115593, 0.093079, -0.016068, 0.103035, 0.005806, 0.011186, -0.001354, -0.000892, -0.007056, -0.002942, -0.005668, -0.001035, -0.001517, 0.003681, -0.002896, -0.005572, -0.001717, -0.001177, 0.003577, -0.0, -5.1e-05, -0.0, -0.0, -0.0, -0.008845, -0.01953, 0.000939, 0.010433, -0.00105], [0.001138, 0.009422, 0.003663, 0.118219, -0.00012, -0.016514, 0.133411, -5e-05, -0.004348, -0.019239, -0.001523, -0.21648, -0.017523, 0.000255, 0.0, 0.0, 0.0, 0.0, -0.0, -0.0, 0.0, 0.0, 0.0, 0.0, 0.0, 1.0, 0.0, 0.0, -0.00856, -0.036784, -0.011189, -0.089528, -0.066344, -0.014028, -0.07838, -0.019197, 0.012164, 0.073703, -0.149714, -0.040299, -0.071395, -0.034659, 0.0, -6.1e-05, -0.001059, -0.0, 8.1e-05, -3.6e-05, -0.000868, -0.003461, 0.003595, 0.000103, 1e-06, -0.0, -0.000195, 0.000157, -1e-06, -0.001464, -0.004617, -0.001876, -0.000889, -0.001708, -0.033965, -0.006037, -0.009877, 0.001132, -0.0011, -0.002151, 0.000913, -0.001275, 0.0, -0.0, -0.000282, 0.0, 0.0, 0.0, -0.000347, -0.000434, -0.000558, 0.0, -0.0, -0.0, 0.0, -0.0, -0.0, 1.6e-05, 0.000924, -1.4e-05, -1e-06, 1.6e-05, -0.005894, -0.000209, 0.002878, -1.7e-05, 3e-06, -4.1e-05, -2.5e-05, -4e-06, -1e-06, 0.001116, 0.008526, 0.000302, 0.000732, -0.001013, -0.018802, -0.014099, 0.017064, -0.001022, 0.000349, -0.000487, -0.000475, -0.001418, 0.005497, 0.036052, 0.012843, -0.054271, -0.065313, 0.010268, -0.064501, -0.024051, -0.014829, -0.067551, 0.093079, -0.020275, 0.075138, -0.029556, 0.01499, 0.02888, -0.003496, -0.007056, -0.016376, -0.01781, -0.03432, -0.006265, 0.003681, 0.020159, 0.00559, 0.010755, 0.003315, 0.003577, -0.006227, -0.0, -0.00011, -0.0, -0.0, -0.0, 0.000821, 0.001813, -8.7e-05, -0.00105, -0.000777], [-0.018529, -0.153379, -0.059624, 0.010081, 0.002655, 0.209399, 0.004227, 0.001611, 0.003939, 0.089791, -0.000198, -0.017523, 0.196415, -0.00492, -0.0, -0.0, -0.0, 0.0, 0.0, -0.0, 0.0, -0.0, 0.0, 0.0, 0.0, 0.0, 1.0, 0.0, 0.01481, 0.063644, 0.019359, -0.024667, -0.034524, 0.183572, -0.007138, -0.085484, 0.105592, -0.013289, 0.006966, -0.071395, -0.245371, 0.154853, -4e-06, 0.001301, 0.022637, 0.000403, -0.001537, -0.00019, -0.017265, 0.057115, 0.009019, -0.001503, -0.001579, -0.000195, 0.00297, 0.000754, -4e-06, -0.006991, -0.022047, 0.000725, -0.005207, -0.006913, 0.004925, -0.045439, -0.02572, 0.003692, 0.00063, 0.000913, 0.002405, -0.006556, 0.0, -1e-06, -0.000525, -0.0, 0.0, 0.0, 0.000155, -0.001111, -0.000718, 0.0, 0.0, 0.0, 0.0, -0.0, 0.0, -0.000173, -0.009871, -8e-06, 1.3e-05, -0.000167, -0.001573, 0.002629, -0.027706, 0.000145, 2e-06, -2.5e-05, 0.000251, 3.9e-05, 1e-06, -0.001678, -0.012813, 0.000312, -0.001437, 0.001156, -0.006011, 0.036256, -0.009266, 0.001066, 0.000552, -0.000475, -0.000325, 0.00231, 0.011011, 0.072221, 0.025727, 0.033442, -0.014773, 0.150963, 0.012315, 0.067367, 0.100107, -0.022011, -0.016068, 0.075138, -0.151685, -0.166199, -0.014882, -0.028672, 0.007742, 0.008672, 0.013784, -0.018052, -0.034787, -0.010838, 0.004462, 0.01816, -0.013236, -0.025467, 0.002525, -0.01074, 0.011966, -0.0, -0.000543, 0.0, -0.0, -0.0, 0.018297, 0.040397, 0.005605, -0.01974, 0.00251], [0.00022, 0.001822, 0.000708, -0.00012, 0.118815, -0.003193, -5e-05, 0.133661, -0.000841, -0.001066, -0.007921, 0.000255, -0.00492, -0.21775, 0.0, 0.0, 0.0, -0.0, 0.0, 0.0, 0.0, 0.0, -0.0, 0.0, 0.0, 0.0, 0.0, 1.0, 0.039832, 0.171174, 0.052067, -0.066344, 0.20495, 0.06528, -0.019197, 0.006829, -0.056605, -0.035742, -0.090644, -0.034659, 0.154853, 0.113541, -1e-06, 0.000261, 0.004538, 8.1e-05, -0.000327, 0.000155, -0.003461, 0.013159, -0.015406, -0.000301, -0.000336, 0.000157, 0.000754, -0.000638, 5e-06, 0.008569, 0.027024, -0.000889, 0.003175, 0.009996, -0.006037, 0.000337, 0.05781, -0.004525, -0.000445, -0.001275, -0.006556, 0.005093, 0.0, 2e-06, 0.001468, 0.0, -0.0, -1e-06, -0.000434, 0.00183, 0.002905, -0.0, -0.0, -0.0, -0.0, 0.0, 0.0, -2.3e-05, -0.00131, -1e-06, -1.3e-05, -2.3e-05, -0.000209, -0.005745, -0.004081, 1.9e-05, -2e-06, -4e-06, 3.9e-05, -3.9e-05, 3e-06, -0.003936, -0.030055, 0.000732, -0.002072, 0.00357, -0.014099, 0.026904, -0.060156, 0.0025, 0.000835, -0.001418, 0.00231, 0.00411, -0.021505, -0.141047, -0.050245, -0.065313, 0.184558, -0.040172, -0.024051, 0.023446, 0.058013, 0.042987, 0.103035, -0.029556, -0.166199, 0.087804, 0.013564, 0.026132, -0.007056, -0.002083, -0.014817, 0.00613, 0.011814, 0.003681, 0.003161, -0.006939, -0.018749, -0.036075, 0.003577, -0.007617, 0.020887, 0.0, 0.000647, -0.0, 0.0, 0.0, -0.003427, -0.007566, -0.00105, 0.004042, 0.003242], [0.0, 7.6e-05, 0.008545, 2e-06, -1.3e-05, -2.7e-05, 0.001608, -0.009396, -0.01933, -2e-06, -0.0, -0.0, -2e-06, 2e-06, 2e-06, 0.029548, 0.066656, 0.007342, -0.034164, -0.023747, 0.021765, -0.101286, -0.070401, -0.023008, -0.012315, -0.00856, 0.01481, 0.039832, 1.0, 0.325565, 0.151774, 0.0, -0.0, -0.0, 0.0, 0.0, 0.0, -0.0, 0.0, -0.0, -0.0, 0.0, -0.0, 0.002542, 0.041416, 0.000685, -0.002734, 0.001239, -0.023919, 0.095514, -0.043275, -0.003884, -0.00312, 0.001414, 0.004951, -0.005645, 0.0, 0.019449, 0.057736, 0.000978, -0.000673, 0.026238, 0.004278, -0.002946, 0.11477, -0.013698, -4.5e-05, 0.001773, -0.02376, -0.001221, 0.0, 1e-05, 0.004857, 0.0, -1e-06, -2e-06, -0.00082, 0.004919, 0.010944, -1e-06, -0.0, -0.0, -1e-06, 1e-06, 0.0, 0.0, 0.001621, 0.0, -0.0, 0.0, 0.000786, -0.002755, 0.004359, -0.0, -0.0, 0.0, -0.0, -0.0, 0.0, 0.0, 0.001275, -0.0, 0.0, -0.0, 0.000649, -0.002568, 0.001336, -0.0, -0.0, 0.0, 0.0, -0.0, 0.0, 0.00021, 0.012129, 2.5e-05, -0.000105, -1e-06, 0.006976, -0.029521, -0.000237, -8e-06, -7e-06, -0.0, 1.6e-05, 0.0, 0.0, 0.00172, -0.0, -0.0, -0.0, 0.0, 0.001715, 0.0, -0.0, -0.0, 1.1e-05, 0.007343, -0.0, -0.0, -0.0, 0.0, 0.001606, -0.0, 0.0, 0.0, 0.0, 0.001242, 0.0, -0.0, -0.0], [7.6e-05, 0.010631, 0.085818, 0.000899, -0.005254, -0.010808, 0.013921, -0.081347, -0.167349, -0.004986, -0.000571, -0.001175, -0.005395, 0.006867, 0.029548, 0.272693, 0.421949, 0.051206, -0.238289, -0.165629, 0.103311, -0.48076, -0.334165, -0.098871, -0.05292, -0.036784, 0.063644, 0.