{"HF": -380.63826972272, "coordinates": [[-0.29248315, -1.213142014, 0.474783734], [-0.178190333, -0.028703588, 0.30056972], [-0.05063146, 1.414013156, 0.05471179], [1.437339648, 1.766920643, -0.20371972], [1.668811202, 3.20761254, -0.272206861], [1.87698875, 4.343365795, -0.303194911], [-0.8524163, 1.954211623, -1.045860515], [-1.119038172, 1.124078395, -2.218459766], [-2.205395582, 1.455001114, -1.253568714], [-0.393507969, -2.25680037, 0.647612819], [-0.371796223, 1.947034498, 0.957987264], [2.057147634, 1.34401738, 0.592743118], [1.756276649, 1.304400656, -1.14338752], [-1.047743621, 1.63960029, -3.171175908], [-0.763768381, 0.096205139, -2.21477471], [-2.554877815, 0.642491844, -0.620506577], [-2.945805327, 2.213814874, -1.488061089]], "elements": ["C", "C", "C", "C", "C", "N", "N", "C", "C", "H", "H", "H", "H", "H", "H", "H", "H"], "Enn": 393.0341372279, "S": [[1.0, 0.325565, 0.151774, 0.0, 0.0, -0.0, 0.0, -0.0, -0.0, -0.0, -0.0, 0.0, -0.0, 0.0, 1.9e-05, 0.047738, 0.07859, 0.010407, -0.006828, -0.070757, 0.019649, -0.01289, -0.133586, -0.046008, -0.002342, -0.024266, -0.081721, 0.01592, 0.0, 2.6e-05, 0.005903, 1e-06, -1e-06, -8e-06, 0.002343, -0.001349, -0.014653, -0.0, -0.0, -0.0, -0.0, 0.0, 0.0, 0.0, 0.000556, 0.0, -0.0, -0.0, 0.000243, -0.00062, -0.001069, 0.0, 0.0, 0.0, 0.0, 0.0, 0.0, 0.0, 3e-06, 0.0, 0.0, 0.0, 1e-06, -2e-06, -3e-06, 0.0, 0.0, 0.0, 0.0, 0.0, 0.0, 0.0, 0.0, 0.0, 0.0, 0.0, 0.0, 0.0, 0.0, 0.0, 0.0, 0.0, 0.0, 0.0, 0.0, 0.0, 5.6e-05, 0.0, 0.0, 0.0, 4.3e-05, 1.6e-05, -8.9e-05, 0.0, 0.0, 0.0, 0.0, 0.0, 0.0, 0.0, 0.000342, 0.0, 0.0, -0.0, 0.00055, 0.000169, -0.000478, 0.0, 0.0, 0.0, 0.0, 0.0, 0.0, 0.0, 0.00029, 0.0, 0.0, -0.0, 0.000291, 0.000322, -0.000449, 0.0, 0.0, 0.0, 0.0, 0.0, 0.055206, 0.089333, -0.015274, 0.008928, 0.092234, 0.0, 0.001877, -0.0, 0.0, -0.0, 0.0, 0.000857, 0.0, 0.0, 0.0, 0.0, 0.000542, 0.0, 0.0, 0.0, 0.0, 1.3e-05, 0.0, 0.0, 0.0, 1e-06, 0.00294, 0.0, 0.0, -0.0, 0.0, 0.002287, 0.0, 0.0, -0.0, 0.0, 1e-05, 0.0, 0.0, 0.0], [0.325565, 1.0, 0.798485, -0.0, 0.0, -0.0, 0.0, 0.0, -0.0, 0.0, 0.0, 0.0, -0.0, 0.0, 0.047738, 0.353701, 0.479412, 0.05225, -0.034278, -0.355233, 0.088872, -0.058304, -0.60422, -0.11518, -0.005862, -0.060749, -0.204587, 0.039854, 2.6e-05, 0.005925, 0.064413, 0.001021, -0.000588, -0.006385, 0.0226, -0.013012, -0.14134, -0.002434, -0.00013, -0.001408, -0.004366, 0.000811, 0.0, 0.000142, 0.010302, 2.2e-05, -5.6e-05, -9.7e-05, 0.00468, -0.011931, -0.020555, -2.8e-05, -1e-05, -1.8e-05, -2.6e-05, 4.6e-05, 0.0, 0.0, 0.000171, 0.0, -0.0, -0.0, 5.2e-05, -0.000137, -0.000309, -0.0, -0.0, -0.0, -0.0, 0.0, 0.0, 0.0, 0.0, 0.0, 0.0, 0.0, 0.0, -0.0, -0.0, 0.0, 0.0, 0.0, 0.0, 0.0, -0.0, 2e-05, 0.002763, -7e-06, -2e-06, 1.4e-05, 0.002649, 0.000975, -0.005517, -4e-06, 2e-06, -1.1e-05, -1.1e-05, -4e-06, 0.0, 6.6e-05, 0.007074, 3.6e-05, 1.1e-05, -3.1e-05, 0.012189, 0.003741, -0.010578, 8e-06, 7e-06, -2e-05, -8e-06, -6e-06, 0.0, 5.1e-05, 0.006217, 1.7e-05, 1.9e-05, -2.6e-05, 0.006768, 0.007491, -0.010449, -3e-06, 7e-06, -1e-05, -4e-06, -1.2e-05, 0.387699, 0.532481, -0.060895, 0.035595, 0.367726, 0.000364, 0.02546, -2.8e-05, 5e-06, -0.000186, 9e-05, 0.013732, -1e-06, -2.4e-05, -2.6e-05, 4e-05, 0.009571, 6e-06, -7e-06, -9e-06, 0.0, 0.000497, 0.0, 0.0, -0.0, 0.000807, 0.036239, 0.000434, 7.6e-05, -0.000211, 0.000517, 0.029741, 0.0001, 0.000207, -0.00017, 0.0, 0.000402, 0.0, 0.0, -0.0], [0.151774, 0.798485, 1.0, -0.0, -0.0, 0.0, -0.0, 0.0, 0.0, -0.0, -0.0, 0.0, -0.0, 0.0, 0.07859, 0.479412, 0.713163, 0.032274, -0.021173, -0.21942, 0.082159, -0.0539, -0.558577, -0.028665, -0.001459, -0.015119, -0.050915, 0.009918, 0.005903, 0.064413, 0.188604, 0.008821, -0.005079, -0.055166, 0.047303, -0.027234, -0.295833, -0.014208, -0.000757, -0.008221, -0.025488, 0.004733, 0.000556, 0.010302, 0.055984, 0.001966, -0.005011, -0.008633, 0.020659, -0.052669, -0.090736, -0.00292, -0.001084, -0.001867, -0.002719, 0.004761, 3e-06, 0.000171, 0.003708, 2.6e-05, -6.9e-05, -0.000156, 0.001223, -0.003211, -0.007237, -5.6e-05, -1.3e-05, -2.9e-05, -6.8e-05, 7.5e-05, -0.0, 1e-06, 4.6e-05, -0.0, 0.0, 1e-06, 1.2e-05, -3.4e-05, -8.7e-05, -0.0, -0.0, -0.0, -0.0, 0.0, -0.000362, 0.005372, 0.029904, -0.00208, -0.000766, 0.004332, 0.023503, 0.008654, -0.048955, -0.000864, 0.000446, -0.00252, -0.002543, -0.000928, 0.000342, 0.007074, 0.043638, 0.005201, 0.001596, -0.004513, 0.062708, 0.019245, -0.054418, 0.001453, 0.00134, -0.003789, -0.001438, -0.001163, 0.00029, 0.006217, 0.04006, 0.002904, 0.003214, -0.004483, 0.0367, 0.040619, -0.056655, -0.00072, 0.001718, -0.002396, -0.000899, -0.002652, 0.465485, 0.774494, -0.030257, 0.017686, 0.182711, 0.016475, 0.099605, -0.002189, 0.000359, -0.014314, 0.008392, 0.065676, -0.000254, -0.005067, -0.005515, 0.005659, 0.051481, 0.002261, -0.002863, -0.003518, 0.000227, 0.007004, 0.000146, 3e-05, -0.000114, 0.024242, 0.126387, 0.018621, 0.003263, -0.009065, 0.019528, 0.110614, 0.00598, 0.012352, -0.010131, 0.00018, 0.006069, 6.1e-05, 8.2e-05, -0.000106], [0.0, -0.0, -0.0, 1.0, -0.0, -0.0, 0.531899, -0.0, 0.0, -0.0, 0.0, 0.0, 0.0, -0.0, -0.010407, -0.05225, -0.032274, 0.161945, 0.00754, 0.078143, 0.275979, 0.004907, 0.050853, 0.082086, -0.022935, -0.237675, 0.06801, -0.013249, -1e-06, -0.001021, -0.008821, 0.000355, 0.000109, 0.001179, 0.020423, 0.002114, 0.022966, 0.000592, -3.6e-05, -0.000391, 0.000842, -0.000156, -0.0, -2.2e-05, -0.001966, 0.0, 8e-06, 1.3e-05, 0.001551, 0.002592, 0.004465, 3e-06, 0.0, 0.0, 3e-06, -5e-06, 0.0, -0.0, -2.6e-05, -0.0, 0.0, 0.0, 9e-06, 2.2e-05, 5e-05, 0.0, 0.0, 0.0, 0.0, 0.0, 0.0, 0.0, -0.0, 0.0, 0.0, 0.0, 0.0, 0.0, 0.0, 0.0, 0.0, 0.0, 0.0, 0.0, 0.0, -5e-06, -0.001252, 1e-06, 0.0, -3e-06, -0.000812, -0.000486, 0.002747, 1e-06, -0.0, 2e-06, 2e-06, 1e-06, -0.0, -3.6e-05, -0.005201, -1.6e-05, -5e-06, 1.5e-05, -0.008499, -0.003107, 0.008785, -2e-06, -2e-06, 6e-06, 3e-06, 2e-06, -0.0, -1.7e-05, -0.002904, -4e-06, -5e-06, 7e-06, -0.002174, -0.003942, 0.005498, 1e-06, -1e-06, 2e-06, 1e-06, 2e-06, 0.066262, 0.033765, 0.204127, 0.009724, 0.100458, 4.8e-05, 0.00355, 2e-06, 0.0, -1.8e-05, 2e-06, 0.000446, 1e-06, -0.0, -0.0, -1.2e-05, -0.004151, -1e-06, 1e-06, 2e-06, -0.0, -0.000392, -0.0, -0.0, 0.0, -0.000674, -0.028895, -0.000273, -5.1e-05, 0.000141, -0.000163, -0.009512, -1.6e-05, -5e-05, 4.1e-05, -0.0, -0.000168, -0.0, -0.0, 0.0], [0.0, 0.0, -0.0, -0.0, 1.0, 0.0, -0.0, 0.531899, 0.0, -0.0, -0.0, -0.0, 0.0, 0.0, 0.006828, 0.034278, 0.021173, 0.00754, 0.168492, -0.051266, 0.004907, 0.28024, -0.033362, -0.010753, 0.036651, -0.013249, -0.069501, -0.249178, 1e-06, 0.000588, 0.005079, 0.000109, 0.000481, -0.000679, 0.002114, 0.022878, -0.013222, -0.000235, 9.2e-05, -0.000156, -0.000546, -0.000572, 0.0, 5.6e-05, 0.005011, 8e-06, -1.6e-05, -3.4e-05, 0.002592, -0.00404, -0.011384, -7e-06, -2e-06, -5e-06, -8e-06, 1.1e-05, 0.0, 0.0, 6.9e-05, 0.0, -0.0, -0.0, 2.2e-05, -4e-05, -0.000131, 0.0, 0.0, 0.0, 0.0, 0.0, 0.0, 0.0, 0.0, 0.0, 0.0, 0.0, 0.0, -0.0, -0.0, 0.0, 0.0, 0.0, 0.0, 0.0, 0.0, -2e-06, -0.000461, 0.0, -0.0, -1e-06, -0.000486, 0.000328, 0.001012, 0.0, 0.0, 1e-06, 1e-06, -0.0, -0.0, -1.1e-05, -0.001596, -5e-06, -0.0, 4e-06, -0.003107, 0.00067, 0.002696, -1e-06, -0.0, 2e-06, 1e-06, 0.0, -0.0, -1.9e-05, -0.003214, -5e-06, -5e-06, 8e-06, -0.003942, -0.002975, 0.006085, 1e-06, -1e-06, 2e-06, 1e-06, 2e-06, -0.038733, -0.019737, 0.009724, 0.215078, -0.058721, -8e-06, -0.000583, 0.0, 5e-06, 3e-06, 4.6e-05, 0.008886, -0.0, -7e-06, -8e-06, 1.6e-05, 0.005256, 1e-06, -1e-06, -2e-06, -0.0, -8.1e-05, -0.0, -0.0, 0.0, -0.000118, -0.005063, -5.1e-05, 8e-06, 2.5e-05, -0.000337, -0.019648, -5e-05, -9.5e-05, 8.5e-05, -0.0, -0.000227, -0.0, -0.0, 0.0], [-0.0, -0.0, 0.0, -0.0, 0.0, 1.0, 0.0, 0.0, 0.531899, -0.0, -0.0, -0.0, -0.0, 0.0, 0.070757, 0.355233, 0.21942, 0.078143, -0.051266, -0.357839, 0.050853, -0.033362, -0.06228, -0.111436, -0.013249, -0.09937, -0.204516, 0.065192, 8e-06, 0.006385, 0.055166, 0.001179, -0.000679, -0.006833, 0.022966, -0.013222, -0.119536, -0.002554, -0.000156, -0.001593, -0.004605, 0.000917, 0.0, 9.7e-05, 0.008633, 1.3e-05, -3.4e-05, -5.5e-05, 0.004465, -0.011384, -0.017044, -1.2e-05, -5e-06, -8e-06, -1.1e-05, 2e-05, 0.0, 0.0, 0.000156, 0.0, -0.0, -0.0, 5e-05, -0.000131, -0.000277, 0.0, 0.0, 0.0, 0.0, 0.0, 0.0, 0.0, 0.0, 0.0, 0.0, 0.0, 0.0, -0.0, -0.0, 0.0, 0.0, 0.0, 0.0, 0.0, -0.0, 1e-05, 0.002608, -3e-06, -1e-06, 5e-06, 0.002747, 0.001012, -0.005216, -1e-06, 1e-06, -4e-06, -4e-06, -1e-06, 0.0, 3.1e-05, 0.004513, 1.5e-05, 4e-06, -1.1e-05, 0.008785, 0.002696, -0.006, 3e-06, 2e-06, -6e-06, -2e-06, -2e-06, 0.0, 2.6e-05, 0.004483, 7e-06, 8e-06, -1.1e-05, 0.005498, 0.006085, -0.0071, -1e-06, 2e-06, -3e-06, -1e-06, -3e-06, -0.400136, -0.203897, 0.100458, -0.058721, -0.385871, 0.000313, 0.023218, -1.8e-05, 3e-06, -0.000113, 5e-05, 0.00967, -0.0, -8e-06, -8e-06, 1.9e-05, 0.006459, 2e-06, -2e-06, -2e-06, 0.0, 0.000307, 0.0, 0.0, -0.0, 0.000328, 0.014067, 0.000141, 2.5e-05, -5.2e-05, 0.000276, 0.016116, 4.1e-05, 8.5e-05, -6.1e-05, 0.0, 0.000293, 0.0, 0.0, -0.0], [0.0, 0.0, -0.0, 0.531899, -0.0, 0.0, 1.0, 0.0, 0.0, 0.0, 0.0, 0.0, -0.0, 0.0, -0.019649, -0.088872, -0.082159, 0.275979, 0.004907, 0.050853, 0.662995, 0.007319, 0.075849, 0.033959, -0.014316, -0.148358, 0.014283, -0.002782, -0.002343, -0.0226, -0.047303, 0.020423, 0.002114, 0.022966, 0.129139, 0.007915, 0.08598, 0.011599, -0.00193, -0.020961, 0.012526, -0.002326, -0.000243, -0.00468, -0.020659, 0.001551, 0.002592, 0.004465, 0.025953, 0.022175, 0.038203, 0.002422, -0.000882, -0.001519, 0.001612, -0.002823, -1e-06, -5.2e-05, -0.001223, 9e-06, 2.2e-05, 5e-05, 0.001016, 0.001167, 0.00263, 2.3e-05, -4e-06, -9e-06, 2.3e-05, -2.6e-05, 0.0, -0.0, -1.2e-05, -0.0, -0.0, -0.0, 5e-06, 9e-06, 2.4e-05, 0.0, -0.0, -0.0, 0.0, -0.0, 0.000346, -0.005423, -0.027332, 0.001263, 0.000876, -0.004953, -0.007981, -0.00897, 0.050741, 0.001965, -0.000316, 0.001789, 0.003324, 0.001213, -0.00055, -0.012189, -0.062708, -0.008499, -0.003107, 0.008785, -0.076573, -0.031453, 0.088938, -0.001538, -0.002523, 0.007134, 0.003188, 0.002578, -0.000291, -0.006768, -0.0367, -0.002174, -0.003942, 0.005498, -0.014746, -0.042276, 0.058968, 0.001917, -0.001519, 0.002119, 0.001253, 0.003696, 0.091816, 0.085412, 0.267429, 0.004396, 0.045415, 0.005888, 0.026392, 0.003356, 0.00015, -0.005969, 0.000673, 0.004119, 0.001809, -0.000465, -0.000506, -0.005922, -0.043506, -0.001562, 0.003392, 0.004168, -0.000359, -0.011508, -0.000217, -4.9e-05, 0.000185, -0.050638, -0.189709, -0.038939, -0.008036, 0.022327, -0.016163, -0.066953, -0.000521, -0.011985, 0.00983, -0.000149, -0.005312, -3.7e-05, -6.9e-05, 9e-05], [-0.0, 0.0, 0.0, -0.0, 0.531899, 0.0, 0.0, 1.0, 0.0, 0.0, 0.0, 0.0, 0.0, 0.0, 0.01289, 0.058304, 0.0539, 0.004907, 0.28024, -0.033362, 0.007319, 0.669349, -0.049761, 0.003226, 0.022177, -0.002782, -0.024096, -0.150774, 0.001349, 0.013012, 0.027234, 0.002114, 0.022878, -0.013222, 0.007915, 0.13833, -0.049502, -0.002691, 0.003783, -0.002326, -0.009513, -0.023662, 0.00062, 0.011931, 0.052669, 0.002592, -0.00404, -0.011384, 0.022175, -0.021884, -0.097397, -0.003534, -0.001041, -0.002823, -0.005635, 0.00457, 2e-06, 0.000137, 0.003211, 2.2e-05, -4e-05, -0.000131, 0.001167, -0.001603, -0.006906, -4.5e-05, -8e-06, -2.6e-05, -6.9e-05, 4.8e-05, -0.0, 0.0, 3.3e-05, -0.0, 0.0, 0.0, 9e-06, -1.7e-05, -6.6e-05, -0.0, -0.0, -0.0, -0.0, 0.0, 0.000127, -0.001997, -0.010064, 0.000876, -0.000793, -0.001824, -0.00897, 0.013077, 0.018684, 0.000262, 0.000509, 0.001213, 0.00149, -0.001059, -0.000169, -0.003741, -0.019245, -0.003107, 0.00067, 0.002696, -0.031453, 0.01626, 0.027295, -0.001247, 0.000545, 0.002578, 0.001426, -0.000473, -0.000322, -0.007491, -0.040619, -0.003942, -0.002975, 0.006085, -0.042276, -0.023339, 0.065264, 0.000606, -0.001859, 0.003696, 0.002262, 0.00287, -0.05367, -0.049926, 0.004396, 0.27238, -0.026546, -0.000966, -0.004332, 0.00015, 0.004244, 0.00098, 0.013396, 0.082055, -0.000465, -0.00743, -0.010081, 0.007498, 0.055083, 0.003392, -0.003177, -0.005277, -7.4e-05, -0.002384, -4.9e-05, 9e-06, 3.8e-05, -0.008873, -0.033242, -0.008036, 0.005515, 0.003912, -0.033385, -0.138295, -0.011985, -0.019474, 0.020304, -0.000201, -0.007181, -6.9e-05, -7.9e-05, 0.000121], [-0.0, -0.0, 0.0, 0.0, 0.0, 0.531899, 0.0, 0.0, 1.0, 0.0, 0.0, 0.0, 0.0, 0.0, 0.133586, 0.60422, 0.558577, 0.050853, -0.033362, -0.06228, 0.075849, -0.049761, 0.158472, 0.033433, -0.002782, -0.00639, 0.055492, 0.004192, 0.014653, 0.14134, 0.295833, 0.022966, -0.013222, -0.119536, 0.08598, -0.049502, -0.394838, -0.029235, -0.002326, -0.021269, -0.053337, 0.012245, 0.001069, 0.020555, 0.090736, 0.004465, -0.011384, -0.017044, 0.038203, -0.097397, -0.13314, -0.006088, -0.002823, -0.004265, -0.004455, 0.010874, 3e-06, 0.000309, 0.007237, 5e-05, -0.000131, -0.000277, 0.00263, -0.006906, -0.014105, -0.000101, -2.6e-05, -5.5e-05, -0.000118, 0.000143, -0.0, 1e-06, 8.5e-05, -0.0, 0.0, 1e-06, 2.4e-05, -6.6e-05, -0.00016, -0.0, -0.0, -0.0, -0.0, 0.0, -0.00072, 0.011296, 0.056931, -0.004953, -0.001824, 0.009202, 0.050741, 0.018684, -0.08931, -0.001484, 0.001213, -0.00614, -0.005418, -0.002261, 0.000478, 0.010578, 0.054418, 0.008785, 0.002696, -0.006, 0.088938, 0.027295, -0.051269, 0.003525, 0.002578, -0.005831, -0.001503, -0.00179, 0.000449, 0.010449, 0.056655, 0.005498, 0.006085, -0.0071, 0.058968, 0.065264, -0.067579, -0.000845, 0.003696, -0.004364, -0.000713, -0.00483, -0.554445, -0.515775, 0.045415, -0.026546, 0.000706, 0.038507, 0.172605, -0.005969, 0.00098, -0.034769, 0.014579, 0.089302, -0.000506, -0.010081, -0.009139, 0.009213, 0.067687, 0.004168, -0.005277, -0.005368, 0.000281, 0.009005, 0.000185, 3.8e-05, -0.000125, 0.024652, 0.092355, 0.022327, 0.003912, -0.003946, 0.027383, 0.113431, 0.00983, 0.020304, -0.011372, 0.00026, 0.009275, 9e-05, 0.000121, -0.000142], [-0.0, 0.0, -0.0, -0.0, -0.0, -0.0, 0.0, 0.0, 0.0, 1.0, 0.0, 0.0, 0.0, 0.0, -0.046008, -0.11518, -0.028665, -0.082086, 0.010753, 0.111436, -0.033959, -0.003226, -0.033433, 0.099485, 0.012216, 0.1266, -0.009311, 0.001814, -0.0, -0.002434, -0.014208, -0.000592, 0.000235, 0.002554, -0.011599, 0.002691, 0.029235, 0.000874, 6.5e-05, 0.00071, 0.001569, -0.000291, 0.0, -2.8e-05, -0.00292, -3e-06, 7e-06, 1.2e-05, -0.002422, 0.003534, 0.006088, 2e-06, 1e-06, 1e-06, 1e-06, -3e-06, 0.0, -0.0, -5.6e-05, 0.0, 0.0, 0.0, -2.3e-05, 4.5e-05, 0.000101, 0.0, 0.0, 0.0, 0.0, 0.0, 0.0, 0.0, -0.0, 0.0, 0.0, 0.0, -0.0, 0.0, 0.0, 0.0, 0.0, 0.0, 0.0, 0.0, 0.0, -1e-06, -0.000491, 0.0, 0.0, -0.0, -0.000897, -0.000151, 0.000853, 0.0, -0.0, 0.0, 0.0, 0.0, 0.0, 8e-06, 0.001453, 2e-06, 1e-06, -3e-06, 0.001538, 0.001247, -0.003525, 0.0, 0.0, -1e-06, -0.0, -0.0, 0.0, -3e-06, -0.00072, -1e-06, -1e-06, 1e-06, -0.001917, -0.000606, 0.000845, -0.0, -0.0, 0.0, 0.0, 0.0, -0.142567, -0.021843, 0.117125, -0.00953, -0.098451, -9e-05, -0.006432, 3e-06, -0.0, 1.8e-05, -1.7e-05, -0.004042, 0.0, 1e-06, 1e-06, -3e-06, -0.001183, -0.0, 0.0, 0.0, 0.0, 0.000141, 0.0, 0.0, 0.0, 0.000348, 0.012611, 8.5e-05, 1.8e-05, -4.9e-05, -9.3e-05, -0.00496, -1e-05, -1.5e-05, 1.2e-05, -0.0, -6.9e-05, 0.0, 0.0, 0.0], [-0.0, 0.0, -0.0, 0.0, -0.0, -0.0, 0.0, 0.0, 0.0, 0.0, 1.0, 0.0, 0.0, 0.0, -0.002342, -0.005862, -0.001459, 0.022935, -0.036651, 0.013249, 0.014316, -0.022177, 0.002782, 0.012216, 0.111395, -0.044751, 0.021515, 0.071902, -0.0, -0.00013, -0.000757, 3.6e-05, -9.2e-05, 0.000156, 0.00193, -0.003783, 0.002326, 6.5e-05, 1.5e-05, -3.4e-05, 0.000117, 9.8e-05, 0.0, -1e-05, -0.001084, -0.0, 2e-06, 5e-06, 0.000882, 0.001041, 0.002823, 1e-06, 0.0, 0.0, 1e-06, -1e-06, 0.0, -0.0, -1.3e-05, 0.0, 0.0, 0.0, 4e-06, 8e-06, 2.6e-05, 0.0, 0.0, 0.0, 0.0, 0.0, 0.0, 0.0, -0.0, 0.0, 0.0, 0.0, 0.0, 0.0, 0.0, 0.0, 0.0, 0.0, 0.0, 0.0, 0.0, 0.0, 0.000253, -0.0, 0.0, 0.0, 0.000191, -0.000173, -0.000614, -0.0, -0.0, -0.0, -0.0, 0.0, 0.0, 7e-06, 0.00134, 2e-06, 0.0, -2e-06, 0.002523, -0.000545, -0.002578, 0.0, 0.0, -1e-06, -0.0, -0.0, 0.0, 7e-06, 0.001718, 1e-06, 1e-06, -2e-06, 0.001519, 0.001859, -0.003696, -0.0, 0.0, -0.0, -0.0, -0.0, -0.008294, -0.001271, -0.031122, 0.056512, -0.017533, -1e-06, -9e-05, -0.0, 0.0, 0.0, 1e-06, 0.000323, 0.0, -0.0, -0.0, -5e-06, -0.002565, -0.0, 0.0, 0.0, 0.0, 7.5e-05, 0.0, 0.0, 0.0, 0.000122, 0.004419, 3.2e-05, -3e-06, -1.6e-05, 0.00013, 0.006909, 8e-06, 2.2e-05, -2e-05, 0.0, 0.000112, 0.0, 0.0, 0.0], [0.0, 0.0, 0.0, 0.0, -0.0, -0.0, 0.0, 0.0, 0.0, 0.0, 0.0, 1.0, 0.0, 0.0, -0.024266, -0.060749, -0.015119, 0.237675, 0.013249, 0.09937, 0.148358, 0.002782, 0.00639, 0.1266, -0.044751, -0.348049, 0.073589, -0.021678, -0.0, -0.001408, -0.008221, 0.000391, 0.000156, 0.001593, 0.020961, 0.002326, 0.021269, 0.00071, -3.4e-05, -0.000347, 0.001034, -0.000203, 0.0, -1.8e-05, -0.001867, -0.0, 5e-06, 8e-06, 0.001519, 0.002823, 0.004265, 1e-06, 0.0, 0.0, 1e-06, -2e-06, 0.0, -0.0, -2.9e-05, 0.0, 0.0, 0.0, 9e-06, 2.6e-05, 5.5e-05, 0.0, 0.0, 0.0, 0.0, 0.0, 0.0, 0.0, -0.0, 0.0, 0.0, 0.0, 0.0, 0.0, 0.0, 0.0, 0.0, 0.0, 0.0, 0.0, 0.0, -2e-06, -0.001433, 0.0, 0.0, -1e-06, -0.001082, -0.000614, 0.003194, 0.0, -0.0, 0.0, 0.0, 0.0, 0.0, -2e-05, -0.003789, -6e-06, -2e-06, 6e-06, -0.007134, -0.002578, 0.005831, -1e-06, -1e-06, 1e-06, 1e-06, 0.0, 0.0, -1e-05, -0.002396, -2e-06, -2e-06, 3e-06, -0.002119, -0.003696, 0.004364, 0.0, -0.0, 0.0, 0.0, 1e-06, -0.085681, -0.013127, -0.321511, -0.017533, -0.122923, 5e-05, 0.003572, 1e-06, 0.0, -1e-05, 1e-06, 0.000351, 0.0, -0.0, -0.0, -7e-06, -0.003152, -0.0, 0.0, 0.0, -0.0, -0.000284, 0.0, 0.0, 0.0, -0.000338, -0.012277, -8.9e-05, -1.6e-05, 3.6e-05, -0.000107, -0.005667, -7e-06, -2e-05, 1.4e-05, -0.0, -0.000145, 0.0, 0.0, 0.0], [-0.0, -0.0, -0.0, 0.0, 0.0, -0.0, -0.0, 0.0, 0.0, 0.0, 0.0, 0.0, 1.0, 0.0, -0.081721, -0.204587, -0.050915, -0.06801, 0.069501, 0.204516, -0.014283, 0.024096, -0.055492, -0.009311, 0.021515, 0.073589, 0.113538, -0.097277, -0.0, -0.004366, -0.025488, -0.000842, 0.000546, 0.004605, -0.012526, 0.009513, 0.053337, 0.001569, 0.000117, 0.001034, 0.002866, -0.000663, 0.0, -2.6e-05, -0.002719, -3e-06, 8e-06, 1.1e-05, -0.001612, 0.005635, 0.004455, 1e-06, 1e-06, 1e-06, 1e-06, -3e-06, 0.0, -0.0, -6.8e-05, 0.0, 0.0, 0.0, -2.3e-05, 6.9e-05, 0.000118, 0.0, 0.0, 0.0, 0.0, 0.0, 0.0, 0.0, -0.0, 0.0, 0.0, 0.0, -0.0, 0.0, 0.0, 0.0, 0.0, 0.0, 0.0, 0.0, 0.0, -2e-06, -0.001446, 0.0, 0.0, -1e-06, -0.001683, -0.000724, 0.00292, 0.0, -0.0, 0.0, 0.0, 0.0, 0.0, -8e-06, -0.001438, -3e-06, -1e-06, 2e-06, -0.003188, -0.001426, 0.001503, -0.0, -0.0, 1e-06, 0.0, 0.0, 0.0, -4e-06, -0.000899, -1e-06, -1e-06, 1e-06, -0.001253, -0.002262, 0.000713, 0.0, -0.0, 0.0, -0.0, 0.0, -0.256275, -0.039264, 0.089718, -0.086469, -0.190269, -0.000163, -0.011672, 5e-06, -1e-06, 3.2e-05, -3e-06, -0.000593, 0.0, 0.0, 0.0, -2e-06, -0.000828, -0.0, 0.0, 0.0, -0.0, -0.000103, 0.0, 0.0, 0.0, -7.2e-05, -0.002601, -2e-05, -5e-06, 5e-06, 4.4e-05, 0.002335, 4e-06, 5e-06, -9e-06, -0.0, -5.1e-05, 0.0, 0.0, 0.0], [0.0, 0.0, 0.0, -0.0, 0.0, 0.0, 0.0, 0.0, 0.0, 0.0, 0.0, 0.0, 0.0, 1.0, 0.01592, 0.039854, 0.009918, 0.013249, 0.249178, -0.065192, 0.002782, 0.150774, -0.004192, 0.001814, 0.071902, -0.021678, -0.097277, -0.36687, 0.0, 0.000811, 0.004733, 0.000156, 0.000572, -0.000917, 0.002326, 0.023662, -0.012245, -0.000291, 9.8e-05, -0.000203, -0.000663, -0.000583, 0.0, 4.6e-05, 0.004761, 5e-06, -1.1e-05, -2e-05, 0.002823, -0.00457, -0.010874, -3e-06, -1e-06, -2e-06, -3e-06, 4e-06, 0.0, 0.0, 7.5e-05, 0.0, 0.0, 0.0, 2.6e-05, -4.8e-05, -0.000143, 0.0, 0.0, 0.0, 0.0, 0.0, 0.0, 0.0, 0.0, 0.0, 0.0, 0.0, 0.0, -0.0, -0.0, 0.0, 0.0, 0.0, 0.0, 0.0, 0.0, -1e-06, -0.000528, 0.0, -0.0, -0.0, -0.000614, 0.00036, 0.001176, 0.0, 0.0, 0.0, 0.0, -0.0, 0.0, -6e-06, -0.001163, -2e-06, -0.0, 2e-06, -0.002578, 0.000473, 0.00179, -0.0, -0.0, 0.0, 0.0, 0.0, 0.0, -1.2e-05, -0.002652, -2e-06, -2e-06, 3e-06, -0.003696, -0.00287, 0.00483, 0.0, -0.0, 1e-06, 0.0, 1e-06, 0.050083, 0.007673, -0.017533, -0.341258, 0.071853, -8e-06, -0.000586, 0.0, 2e-06, 2e-06, 3e-05, 0.006992, -0.0, -2e-06, -2e-06, 9e-06, 0.003991, 0.0, -0.0, -0.0, -0.0, -5.9e-05, 0.0, 0.0, 0.0, -5.9e-05, -0.002151, -1.6e-05, 2e-06, 6e-06, -0.000221, -0.011706, -2e-05, -3.8e-05, 3e-05, -0.0, -0.000195, 0.0, 0.0, 0.0], [1.9e-05, 0.047738, 0.07859, -0.010407, 0.006828, 0.070757, -0.019649, 0.01289, 0.133586, -0.046008, -0.002342, -0.024266, -0.081721, 0.01592, 1.0, 0.325565, 0.151774, 0.0, -0.0, -0.0, 0.0, -0.0, -0.0, -0.0, 0.0, 0.0, -0.0, 0.0, 0.0, 0.01859, 0.056846, 0.004173, -0.002165, -0.024488, 0.019035, -0.009876, -0.111696, -0.011781, -0.000647, -0.007323, -0.021317, 0.003799, 0.0, 0.000104, 0.009509, 9e-06, -2.9e-05, -3.3e-05, 0.004894, -0.015677, -0.017424, -3e-06, -1e-06, -2e-06, -1e-06, 5e-06, 0.0, 0.0, 0.000236, 0.0, -0.0, -0.0, 7.6e-05, -0.000246, -0.00043, 0.0, 0.0, 0.0, 0.0, 0.0, 0.0, 0.0, 0.0, 0.0, 0.0, 0.0, 0.0, -0.0, -0.0, 0.0, 0.0, 0.0, 0.0, 0.0, 0.0, 4e-06, 0.003592, -0.0, -0.0, 1e-06, 0.004763, 0.002385, -0.007014, -0.0, 0.0, -0.0, -0.0, -0.0, 0.0, 4e-06, 0.00309, 1e-06, 0.0, -0.0, 0.006627, 0.002475, -0.003033, 0.0, 0.0, -0.0, -0.0, -0.0, 0.0, 3e-06, 0.002865, 0.0, 0.0, -0.0, 0.003744, 0.004884, -0.003574, -0.0, 0.0, -0.0, 0.0, -0.0, 0.000167, 0.01633, -2e-06, 1e-06, 1.3e-05, 0.000497, 0.02253, -2.3e-05, 7e-06, -6.9e-05, 1.2e-05, 0.007492, -0.0, -0.0, -0.0, 5e-06, 0.005715, 0.0, -0.0, -0.0, 0.0, 0.000193, 0.0, 0.0, 0.0, 1.8e-05, 0.008441, 0.0, 0.0, -0.0, 1.2e-05, 0.007552, 0.0, 0.0, -0.0, 0.0, 0.00017, 0.0, 0.0, 0.0], [0.047738, 0.353701, 0.479412, -0.05225, 0.034278, 0.355233, -0.088872, 0.058304, 0.60422, -0.11518, -0.005862, -0.060749, -0.204587, 0.039854, 0.325565, 1.0, 0.798485, 0.0, -0.0, -0.0, 0.0, -0.0, -0.0, 0.0, 0.0, 0.0, -0.0, 0.0, 0.01859, 0.212073, 0.372961, 0.039842, -0.020671, -0.233796, 0.09466, -0.049112, -0.555472, -0.085059, -0.004675, -0.05287, -0.153912, 0.027431, 0.000104, 0.012586, 0.093235, 0.002941, -0.009423, -0.010473, 0.041062, -0.131544, -0.146208, -0.005346, -0.002833, -0.003149, -0.001068, 0.010087, 0.0, 3.7e-05, 0.005308, 4e-06, -1.3e-05, -2.2e-05, 0.001879, -0.00606, -0.010618, -6e-06, -2e-06, -3e-06, -5e-06, 9e-06, 0.0, 0.0, 1.8e-05, -0.0, 0.0, 0.0, 4e-06, -1.3e-05, -2.8e-05, -0.0, -0.0, -0.0, -0.0, 0.0, -6e-05, 0.004925, 0.052876, -0.002881, -0.001443, 0.004243, 0.062096, 0.031095, -0.09145, -0.000387, 0.0016, -0.004707, -0.003065, -0.002357, 4e-06, 0.002132, 0.038997, 0.001873, 0.000699, -0.000857, 0.077228, 0.028844, -0.035342, 0.00099, 0.000776, -0.000951, -7.3e-05, -0.000355, 3e-06, 0.001891, 0.036771, 0.001006, 0.001312, -0.00096, 0.044609, 0.058187, -0.042587, -0.000119, 0.00088, -0.000644, 0.000266, -0.00084, 0.017276, 0.139776, -0.002664, 0.001653, 0.017103, 0.030843, 0.180075, -0.010417, 0.003068, -0.031306, 0.00428, 0.075692, -0.000388, -0.002967, -0.001822, 0.00264, 0.061159, 0.001042, -0.001395, -0.000962, 6e-06, 0.004237, 1e-06, 0.0, -1e-06, 0.005297, 0.083145, 0.004368, 0.001017, -0.000217, 0.004342, 0.076172, 0.001245, 0.003213, -0.000907, 5e-06, 0.003838, 0.0, 1e-06, -1e-06], [0.07859, 0.479412, 0.713163, -0.032274, 0.021173, 0.21942, -0.082159, 0.0539, 0.558577, -0.028665, -0.001459, -0.015119, -0.050915, 0.009918, 0.151774, 0.798485, 1.0, 0.0, 0.0, 0.0, 0.0, 0.0, 0.0, -0.0, -0.0, -0.0, -0.0, 0.0, 0.056846, 0.372961, 0.603854, 0.034668, -0.017987, -0.203432, 0.096927, -0.050289, -0.568779, -0.031412, -0.001726, -0.019525, -0.056839, 0.01013, 0.009509, 0.093235, 0.240974, 0.015804, -0.050629, -0.056273, 0.073932, -0.236848, -0.263251, -0.017449, -0.009247, -0.010278, -0.003486, 0.032925, 0.000236, 0.005308, 0.036079, 0.000812, -0.002617, -0.004586, 0.010866, -0.035039, -0.061395, -0.001657, -0.000459, -0.000805, -0.001533, 0.002594, -2e-06, 7.9e-05, 0.001428, -1e-05, 3.2e-05, 6.9e-05, 0.000367, -0.001251, -0.002661, -3.6e-05, -7e-06, -1.4e-05, -4.1e-05, 4.9e-05, -0.006992, 0.063436, 0.177057, -0.02516, -0.012599, 0.037053, 0.137945, 0.069076, -0.203154, -0.001659, 0.006857, -0.020166, -0.013132, -0.010098, 0.00309, 0.038997, 0.13525, 0.030735, 0.011479, -0.014065, 0.198283, 0.074058, -0.09074, 0.012721, 0.009968, -0.012214, -0.000933, -0.004562, 0.002865, 0.036771, 0.130082, 0.017794, 0.023211, -0.016988, 0.117307, 0.153014, -0.11199, -0.001681, 0.012393, -0.009071, 0.003753, -0.011832, 0.106561, 0.314178, -0.012173, 0.007552, 0.078151, 0.140802, 0.37273, -0.031267, 0.009208, -0.093967, 0.054333, 0.207721, -0.004903, -0.037511, -0.023035, 0.043006, 0.179897, 0.018753, -0.025124, -0.017314, 0.002328, 0.029709, 0.001821, 0.000456, -0.000875, 0.06023, 0.221307, 0.047254, 0.011001, -0.002347, 0.054712, 0.20861, 0.015574, 0.040187, -0.011349, 0.00209, 0.027795, 0.000833, 0.00129, -0.001045], [0.010407, 0.05225, 0.032274, 0.161945, 0.00754, 0.078143, 0.275979, 0.004907, 0.050853, -0.082086, 0.022935, 0.237675, -0.06801, 0.013249, 0.0, 0.0, 0.0, 1.0, 0.0, 0.0, 0.531899, 0.0, 0.0, 0.0, -0.0, 0.0, -0.0, 0.0, -0.004173, -0.039842, -0.034668, 0.070581, 0.00535, 0.060511, 0.197126, 0.005667, 0.064097, 0.055963, -0.009639, -0.109022, 0.055639, -0.009916, -9e-06, -0.002941, -0.015804, 0.00076, 0.002455, 0.002729, 0.029568, 0.026696, 0.029672, 0.002035, -0.000563, -0.000625, 0.000307, -0.002903, -0.0, -4e-06, -0.000812, 0.0, 1e-06, 2e-06, 0.000822, 0.00104, 0.001823, 0.0, -0.0, -0.0, 0.0, -1e-06, 0.0, -0.0, -2e-06, 0.0, 0.0, 0.0, 1e-06, 1e-06, 3e-06, 0.0, 0.0, 0.0, 0.0, 0.0, 1.2e-05, -0.002807, -0.028814, 0.001343, 0.000881, -0.002591, -0.020649, -0.0201, 0.059113, 0.00083, -0.000871, 0.002562, 0.002134, 0.001641, -1e-06, -0.001873, -0.030735, -0.001539, -0.000625, 0.000766, -0.058333, -0.026658, 0.032663, -0.000714, -0.000624, 0.000765, 6.3e-05, 0.000306, -0.0, -0.001006, -0.017794, -0.000427, -0.000705, 0.000516, -0.013144, -0.032975, 0.024134, 0.000133, -0.000372, 0.000272, -0.000137, 0.000432, 0.003092, 0.015977, 0.001359, 0.000329, 0.0034, 0.011579, 0.039784, -4.1e-05, 0.001357, -0.013852, 0.00051, 0.006941, 0.000179, -0.000339, -0.000208, -0.001435, -0.02726, -0.00041, 0.000692, 0.000477, -3e-06, -0.003711, -0.0, -0.0, 0.0, -0.005626, -0.066121, -0.004246, -0.001061, 0.000226, -0.001634, -0.022031, -0.000222, -0.001162, 0.000328, -1e-06, -0.00172, -0.0, -0.0, 0.0], [-0.006828, -0.034278, -0.021173, 0.00754, 0.168492, -0.051266, 0.004907, 0.28024, -0.033362, 0.010753, -0.036651, 0.013249, 0.069501, 0.249178, -0.0, -0.0, 0.0, 0.0, 1.0, 0.0, 0.0, 0.531899, 0.0, 0.0, 0.0, 0.0, -0.0, 0.0, 0.002165, 0.020671, 0.017987, 0.00535, 0.078117, -0.031395, 0.005667, 0.205108, -0.033256, -0.009413, 0.020959, -0.009916, -0.040196, -0.12299, 2.9e-05, 0.009423, 0.050629, 0.002455, -0.006339, -0.008743, 0.026696, -0.047621, -0.095056, -0.004134, -0.002182, -0.002903, -0.002363, 0.00777, 0.0, 1.3e-05, 0.002617, 1e-06, -3e-06, -6e-06, 0.00104, -0.00221, -0.005878, -1e-06, -0.0, -1e-06, -1e-06, 2e-06, 0.0, 0.0, 7e-06, 0.0, 0.0, 0.0, 1e-06, -4e-06, -1e-05, 0.0, 0.0, 0.0, 0.0, 0.0, 6e-06, -0.001406, -0.014429, 0.000881, 2.5e-05, -0.001297, -0.0201, 0.009425, 0.029601, -5e-06, -7.3e-05, 0.001641, 0.001312, 0.000107, -0.0, -0.000699, -0.011479, -0.000625, -9.9e-05, 0.000286, -0.026658, 0.003084, 0.012199, -0.000345, -0.000128, 0.000306, 6.9e-05, 5.9e-05, -0.0, -0.001312, -0.023211, -0.000705, -0.000806, 0.000674, -0.032975, -0.030876, 0.03148, 3.3e-05, -0.000528, 0.000432, -9.8e-05, 0.000505, -0.001918, -0.009912, 0.000329, 0.001685, -0.002109, -0.00341, -0.011716, 0.001357, 0.004169, 0.004079, 0.0039, 0.053102, -0.000339, -0.002372, -0.001594, 0.001922, 0.03652, 0.000692, -0.00082, -0.000638, -1e-06, -0.00093, -0.0, -0.0, 0.0, -0.00131, -0.015393, -0.001061, 6.3e-05, 5.3e-05, -0.004216, -0.056846, -0.001162, -0.002771, 0.000847, -2e-06, -0.002661, -0.0, -0.0, 0.0], [-0.070757, -0.355233, -0.21942, 0.078143, -0.051266, -0.357839, 0.050853, -0.033362, -0.06228, 0.111436, 0.013249, 0.09937, 0.204516, -0.065192, -0.0, -0.0, 0.0, 0.0, 0.0, 1.0, 0.0, 0.0, 0.531899, -0.0, 0.0, 0.0, -0.0, -0.0, 0.024488, 0.233796, 0.203432, 0.060511, -0.031395, -0.27419, 0.064097, -0.033256, -0.16808, -0.106459, -0.009916, -0.090319, -0.19836, 0.04686, 3.3e-05, 0.010473, 0.056273, 0.002729, -0.008743, -0.008191, 0.029672, -0.095056, -0.067751, -0.004595, -0.002903, -0.002797, 0.000437, 0.00896, 0.0, 2.2e-05, 0.004586, 2e-06, -6e-06, -1e-05, 0.001823, -0.005878, -0.009154, -2e-06, -1e-06, -1e-06, -2e-06, 3e-06, 0.0, 0.0, 1.4e-05, 0.0, 0.0, 0.0, 3e-06, -1e-05, -2.1e-05, 0.0, 0.0, 0.0, 0.0, 0.0, -1.8e-05, 0.004134, 0.042435, -0.002591, -0.001297, 0.0034, 0.059113, 0.029601, -0.067568, 1.6e-05, 0.001641, -0.004341, -0.002428, -0.002174, 0.0, 0.000857, 0.014065, 0.000766, 0.000286, -0.000216, 0.032663, 0.012199, -0.001907, 0.000423, 0.000306, -0.000254, 2.7e-05, -9.5e-05, 0.0, 0.00096, 0.016988, 0.000516, 0.000674, -0.000379, 0.024134, 0.03148, -0.010904, -2.5e-05, 0.000432, -0.000254, 0.00019, -0.000332, -0.019849, -0.102573, 0.0034, -0.002109, -0.019939, 0.034799, 0.119564, -0.013852, 0.004079, -0.037062, 0.002395, 0.03261, -0.000208, -0.001594, -0.000755, 0.001324, 0.025167, 0.000477, -0.000638, -0.000333, 1e-06, 0.001783, 0.0, 0.0, -0.0, 0.000279, 0.003283, 0.000226, 5.3e-05, 0.000299, 0.001191, 0.016054, 0.000328, 0.000847, -1.1e-05, 2e-06, 0.002156, 0.0, 0.0, -0.0], [0.019649, 0.088872, 0.082159, 0.275979, 0.004907, 0.050853, 0.662995, 0.007319, 0.075849, -0.033959, 0.014316, 0.148358, -0.014283, 0.002782, 0.0, 0.0, 0.0, 0.531899, 0.0, 0.0, 1.0, 0.0, 0.0, 0.0, -0.0, -0.0, 0.0, 0.0, -0.019035, -0.09466, -0.096927, 0.197126, 0.005667, 0.064097, 0.536933, 0.009494, 0.107384, 0.038351, -0.011207, -0.126748, 0.021621, -0.003853, -0.004894, -0.041062, -0.073932, 0.029568, 0.026696, 0.029672, 0.163792, 0.084472, 0.093889, 0.019874, -0.01906, -0.021185, 0.002182, -0.020603, -7.6e-05, -0.001879, -0.010866, 0.000822, 0.00104, 0.001823, 0.017044, 0.011973, 0.020979, 0.000993, -0.000482, -0.000844, 0.00069, -0.001169, 0.0, -1.8e-05, -0.000392, -5e-06, -8e-06, -1.7e-05, 0.000359, 0.000375, 0.000797, 1.1e-05, -3e-06, -7e-06, 1.1e-05, -1.3e-05, 0.009559, -0.078565, -0.168688, 0.014875, 0.018462, -0.054296, -0.021702, -0.076327, 0.224479, 0.018514, -0.004866, 0.014311, 0.022352, 0.017187, -0.006627, -0.077228, -0.198283, -0.058333, -0.026658, 0.032663, -0.238484, -0.125283, 0.153504, -0.020181, -0.022455, 0.027513, 0.002539, 0.012412, -0.003744, -0.044609, -0.117307, -0.013144, -0.032975, 0.024134, -0.029365, -0.159145, 0.116478, 0.011044, -0.011292, 0.008264, -0.006241, 0.019676, 0.034733, 0.065086, 0.03915, 0.003011, 0.031158, 0.090154, 0.148132, 0.037619, 0.007257, -0.074053, 0.013667, 0.035137, 0.017506, -0.011358, -0.006975, -0.051885, -0.148803, -0.012895, 0.036273, 0.024997, -0.004678, -0.051722, -0.003672, -0.001011, 0.00194, -0.13217, -0.323798, -0.103538, -0.029132, 0.006214, -0.043424, -0.11128, 0.004274, -0.038401, 0.010845, -0.002136, -0.024808, -0.000617, -0.001449, 0.001174], [-0.01289, -0.058304, -0.0539, 0.004907, 0.28024, -0.033362, 0.007319, 0.669349, -0.049761, -0.003226, -0.022177, 0.002782, 0.024096, 0.150774, -0.0, -0.0, 0.0, 0.0, 0.531899, 0.0, 0.0, 1.0, 0.0, 0.0, 0.0, 0.0, -0.0, -0.0, 0.009876, 0.049112, 0.050289, 0.005667, 0.205108, -0.033256, 0.009494, 0.550307, -0.055714, 0.00065, 0.022525, -0.003853, -0.023081, -0.132176, 0.015677, 0.131544, 0.236848, 0.026696, -0.047621, -0.095056, 0.084472, -0.080452, -0.300779, -0.020634, -0.010781, -0.020603, -0.031835, 0.038386, 0.000246, 0.00606, 0.035039, 0.00104, -0.00221, -0.005878, 0.011973, -0.017852, -0.06765, -0.00201, -0.000453, -0.001169, -0.002914, 0.002562, -1e-06, 6.2e-05, 0.001335, -8e-06, 2e-05, 5.7e-05, 0.000375, -0.000806, -0.002713, -2.9e-05, -5e-06, -1.3e-05, -4.2e-05, 3.4e-05, 0.004787, -0.039341, -0.084471, 0.018462, -0.012748, -0.027189, -0.076327, 0.092502, 0.112408, -0.002515, 0.007745, 0.017187, 0.017998, -0.011406, -0.002475, -0.028844, -0.074058, -0.026658, 0.003084, 0.012199, -0.125283, 0.050156, 0.057333, -0.015622, 0.002367, 0.012412, 0.005616, -0.001083, -0.004884, -0.058187, -0.153014, -0.032975, -0.030876, 0.03148, -0.159145, -0.114945, 0.151932, -0.001734, -0.01974, 0.019676, 0.001177, 0.018845, -0.021549, -0.040382, 0.003011, 0.042135, -0.019331, -0.02655, -0.043624, 0.007257, 0.060122, 0.021808, 0.104563, 0.268827, -0.011358, -0.067905, -0.053362, 0.06951, 0.199351, 0.036273, -0.034414, -0.033488, -0.001172, -0.012954, -0.001011, 0.000113, 0.000486, -0.03077, -0.075381, -0.029132, 0.014816, 0.001447, -0.112049, -0.28714, -0.038401, -0.079932, 0.027983, -0.003305, -0.038386, -0.001449, -0.001922, 0.001816], [-0.133586, -0.60422, -0.558577, 0.050853, -0.033362, -0.06228, 0.075849, -0.049761, 0.158472, -0.033433, 0.002782, 0.00639, -0.055492, -0.004192, -0.0, -0.0, 0.0, 0.0, 0.0, 0.531899, 0.0, 0.0, 1.0, 0.0, 0.0, 0.0, 0.0, -0.0, 0.111696, 0.555472, 0.568779, 0.064097, -0.033256, -0.16808, 0.107384, -0.055714, -0.074904, 0.007351, -0.003853, -0.020717, 0.007304, 0.010748, 0.017424, 0.146208, 0.263251, 0.029672, -0.095056, -0.067751, 0.093889, -0.300779, -0.144149, -0.022934, -0.020603, -0.015144, 0.019848, 0.048514, 0.00043, 0.010618, 0.061395, 0.001823, -0.005878, -0.009154, 0.020979, -0.06765, -0.09778, -0.003522, -0.001169, -0.001834, -0.002694, 0.005914, -3e-06, 0.000131, 0.002839, -1.7e-05, 5.7e-05, 0.000115, 0.000797, -0.002713, -0.005303, -6.3e-05, -1.3e-05, -2.6e-05, -6.8e-05, 9e-05, -0.014078, 0.115704, 0.24843, -0.054296, -0.027189, 0.05797, 0.224479, 0.112408, -0.199872, 0.007396, 0.017187, -0.03696, -0.012906, -0.018508, 0.003033, 0.035342, 0.09074, 0.032663, 0.012199, -0.001907, 0.153504, 0.057333, 0.026701, 0.019141, 0.012412, -0.002711, 0.004557, -0.001012, 0.003574, 0.042587, 0.11199, 0.024134, 0.03148, -0.010904, 0.116478, 0.151932, -0.018557, 0.001269, 0.019676, -0.007257, 0.012778, -0.009466, -0.222992, -0.417867, 0.031158, -0.019331, -0.156036, 0.270939, 0.44518, -0.074053, 0.021808, -0.160292, 0.064212, 0.165087, -0.006975, -0.053362, -0.013779, 0.047901, 0.137379, 0.024997, -0.033488, -0.008897, 0.002248, 0.024854, 0.00194, 0.000486, -0.000567, 0.006563, 0.016079, 0.006214, 0.001447, 0.02129, 0.031643, 0.081091, 0.010845, 0.027983, 0.011253, 0.002678, 0.031103, 0.001174, 0.001816, -0.001152], [-0.046008, -0.11518, -0.028665, 0.082086, -0.010753, -0.111436, 0.033959, 0.003226, 0.033433, 0.099485, 0.012216, 0.1266, -0.009311, 0.001814, -0.0, 0.0, -0.0, 0.0, 0.0, -0.0, 0.0, 0.0, 0.0, 1.0, 0.0, 0.0, 0.0, 0.0, -0.011781, -0.085059, -0.031412, -0.055963, 0.009413, 0.106459, -0.038351, -0.00065, -0.007351, 0.065539, 0.009065, 0.102531, 0.0643, -0.01146, -3e-06, -0.005346, -0.017449, -0.002035, 0.004134, 0.004595, -0.019874, 0.020634, 0.022934, 0.0023, 0.001933, 0.002148, 0.000475, -0.004483, 0.0, -6e-06, -0.001657, -0.0, 1e-06, 2e-06, -0.000993, 0.00201, 0.003522, 0.0, 0.0, 0.0, 0.0, -0.0, 0.0, 0.0, -5e-06, 0.0, 0.0, 0.0, -1e-06, 3e-06, 7e-06, 0.0, 0.0, 0.0, 0.0, 0.0, 0.0, -0.000245, -0.002176, 0.000439, 6e-06, -1.8e-05, -0.018884, 0.002038, -0.005995, -0.000565, -0.000192, 0.000563, -0.000132, -0.000101, 0.0, 0.00099, 0.012721, 0.000714, 0.000345, -0.000423, 0.020181, 0.015622, -0.019141, 0.000242, 0.000267, -0.000328, -3e-05, -0.000149, -0.0, -0.000119, -0.001681, -0.000133, -3.3e-05, 2.5e-05, -0.011044, 0.001734, -0.001269, -4.9e-05, -6.2e-05, 4.6e-05, -1e-06, 2e-06, -0.008204, -0.022087, 0.001958, -0.000801, -0.00829, -0.011547, -0.018972, 0.007945, -0.001242, 0.012675, -0.001765, -0.015531, 0.000157, 0.000893, 0.000548, -0.000185, -0.002454, -0.000106, 3.4e-05, 2.3e-05, 1e-06, 0.001828, 0.0, 0.0, -0.0, 0.004309, 0.031645, 0.002721, 0.000756, -0.000161, -0.001181, -0.010262, -0.000365, -0.000601, 0.00017, -0.0, -0.0005, -0.0, -0.0, 0.0], [-0.002342, -0.005862, -0.001459, -0.022935, 0.036651, -0.013249, -0.014316, 0.022177, -0.002782, 0.012216, 0.111395, -0.044751, 0.021515, 0.071902, 0.0, 0.0, -0.0, -0.0, 0.0, 0.0, -0.0, 0.0, 0.0, 0.0, 1.0, 0.0, 0.0, 0.0, -0.000647, -0.004675, -0.001726, 0.009639, -0.020959, 0.009916, 0.011207, -0.022525, 0.003853, 0.009065, 0.036155, -0.019935, 0.01622, 0.044285, -1e-06, -0.002833, -0.009247, 0.000563, 0.002182, 0.002903, 0.01906, 0.010781, 0.020603, 0.001933, -0.000295, -0.000379, 0.00073, -0.002791, 0.0, -2e-06, -0.000459, 0.0, 0.0, 1e-06, 0.000482, 0.000453, 0.001169, 0.0, -0.0, -0.0, 0.0, -0.0, 0.0, 0.0, -1e-06, 0.0, 0.0, 0.0, 0.0, 1e-06, 1e-06, 0.0, 0.0, 0.0, 0.0, 0.0, -1e-06, 0.001012, 0.008995, -0.000515, -7.4e-05, 0.00094, 0.008166, -0.00584, -0.021799, -0.000192, 0.00011, -0.001053, -0.00098, -0.000196, 0.0, 0.000776, 0.009968, 0.000624, 0.000128, -0.000306, 0.022455, -0.002367, -0.012412, 0.000267, 0.000128, -0.00026, -5.4e-05, -6.2e-05, 0.0, 0.00088, 0.012393, 0.000372, 0.000528, -0.000432, 0.011292, 0.01974, -0.019676, -6.2e-05, 0.000245, -0.000196, 6e-05, -0.000273, -0.000445, -0.001199, -0.000157, 0.000334, -0.000527, -0.001655, -0.002719, 0.000149, 0.001921, 0.002352, 0.000595, 0.005236, 0.000136, -0.000313, -0.000206, -0.001327, -0.017598, -0.000311, 0.000453, 0.000345, 0.0, 0.00093, 0.0, 0.0, -0.0, 0.001788, 0.013132, 0.001204, -6e-06, -6.3e-05, 0.002034, 0.017677, 0.00028, 0.001154, -0.000348, 1e-06, 0.001363, 0.0, 0.0, -0.0], [-0.024266, -0.060749, -0.015119, -0.237675, -0.013249, -0.09937, -0.148358, -0.002782, -0.00639, 0.1266, -0.044751, -0.348049, 0.073589, -0.021678, 0.0, 0.0, -0.0, 0.0, 0.0, 0.0, -0.0, 0.0, 0.0, 0.0, 0.0, 1.0, 0.0, 0.0, -0.007323, -0.05287, -0.019525, 0.109022, 0.009916, 0.090319, 0.126748, 0.003853, 0.020717, 0.102531, -0.019935, -0.187556, 0.090562, -0.020312, -2e-06, -0.003149, -0.010278, 0.000625, 0.002903, 0.002797, 0.021185, 0.020603, 0.015144, 0.002148, -0.000379, -0.000375, -5.3e-05, -0.003193, 0.0, -3e-06, -0.000805, 0.0, 1e-06, 1e-06, 0.000844, 0.001169, 0.001834, 0.0, -0.0, -0.0, 0.0, -0.0, 0.0, 0.0, -2e-06, 0.0, 0.0, 0.0, 0.0, 1e-06, 3e-06, 0.0, 0.0, 0.0, 0.0, 0.0, 2e-06, -0.002977, -0.026455, 0.001516, 0.00094, -0.00252, -0.024016, -0.021799, 0.05086, 0.000563, -0.001053, 0.002848, 0.001998, 0.001726, -0.0, -0.000951, -0.012214, -0.000765, -0.000306, 0.000254, -0.027513, -0.012412, 0.002711, -0.000328, -0.00026, 0.000235, -1.5e-05, 9.3e-05, -0.0, -0.000644, -0.009071, -0.000272, -0.000432, 0.000254, -0.008264, -0.019676, 0.007257, 4.6e-05, -0.000196, 0.00012, -9.5e-05, 0.000184, -0.004607, -0.012404, -0.00162, -0.000527, -0.005072, 0.016886, 0.027746, -0.001518, 0.002352, -0.021846, 0.000365, 0.003216, 8.4e-05, -0.000206, -0.000103, -0.000914, -0.012128, -0.000214, 0.000345, 0.000191, -1e-06, -0.001783, -0.0, -0.0, 0.0, -0.000381, -0.002801, -0.000257, -6.3e-05, -0.000289, -0.000574, -0.004992, -7.9e-05, -0.000348, 2.2e-05, -0.0, -0.001105, -0.0, -0.0, 0.0], [-0.081721, -0.204587, -0.050915, 0.06801, -0.069501, -0.204516, 0.014283, -0.024096, 0.055492, -0.009311, 0.021515, 0.073589, 0.113538, -0.097277, -0.0, -0.0, -0.0, -0.0, -0.0, -0.0, 0.0, -0.0, 0.0, 0.0, 0.0, 0.0, 1.0, 0.0, -0.021317, -0.153912, -0.056839, -0.055639, 0.040196, 0.19836, -0.021621, 0.023081, -0.007304, 0.0643, 0.01622, 0.090562, 0.170005, -0.071083, -1e-06, -0.001068, -0.003486, -0.000307, 0.002363, -0.000437, -0.002182, 0.031835, -0.019848, 0.000475, 0.00073, -5.3e-05, -0.002489, -0.001215, 0.0, -5e-06, -0.001533, -0.0, 1e-06, 2e-06, -0.00069, 0.002914, 0.002694, 0.0, 0.0, 0.0, 0.0, -0.0, 0.0, 0.0, -6e-06, 0.0, 0.0, 0.0, -1e-06, 4e-06, 7e-06, 0.0, 0.0, 0.0, 0.0, 0.0, 1e-06, -0.001939, -0.017228, 0.001223, 0.000736, -0.001439, -0.02835, -0.020833, 0.022235, -0.000132, -0.00098, 0.001998, 0.000915, 0.001222, -0.0, -7.3e-05, -0.000933, -6.3e-05, -6.9e-05, -2.7e-05, -0.002539, -0.005616, -0.004557, -3e-05, -5.4e-05, -1.5e-05, -2.4e-05, 1e-05, 0.0, 0.000266, 0.003753, 0.000137, 9.8e-05, -0.00019, 0.006241, -0.001177, -0.012778, -1e-06, 6e-05, -9.5e-05, -3.7e-05, -9e-05, -0.014651, -0.039445, 0.002703, -0.001916, -0.014882, -0.025131, -0.041292, 0.011884, -0.004133, 0.029247, 0.001418, 0.012477, -0.000105, -0.000621, -0.000602, 0.000467, 0.00619, 0.000131, -0.000113, -0.000164, -0.0, -0.000312, -0.0, -0.0, 0.0, 0.000199, 0.001459, 0.000142, -3.8e-05, -2.2e-05, 0.002414, 0.020988, 0.000566, 0.001264, -0.000468, 0.0, 0.000362, 0.0, 0.0, -0.0], [0.01592, 0.039854, 0.009918, -0.013249, -0.249178, 0.065192, -0.002782, -0.150774, 0.004192, 0.001814, 0.071902, -0.021678, -0.097277, -0.36687, 0.0, 0.0, 0.0, 0.0, 0.0, -0.0, 0.0, -0.0, -0.0, 