{"HF": -401.77843412166, "coordinates": [[0.030017231, 1.542724094, -0.099639171], [0.000615675, 0.049042611, 0.003750749], [0.426661437, -1.087027448, -0.947631165], [1.206772085, -1.767066758, 0.171168029], [0.46169826, -0.843178196, 1.20193038], [-0.787741015, -1.567517017, 1.626441244], [-1.06373158, -2.018568116, 2.771554004], [-1.571623546, -1.717320599, 0.50204125], [-1.017786303, -0.897308026, -0.520374134], [1.044846553, 1.93548825, 0.027767018], [-0.332750539, 1.87233862, -1.078778149], [-0.605386751, 2.00501118, 0.664588213], [0.708408931, -1.035781234, -1.9937151], [1.099424808, -2.84839899, 0.301761198], [2.267123612, -1.509562396, 0.128065561], [1.038741991, -0.423644209, 2.020682791], [-1.963034383, -2.503395808, 2.758825846], [-1.753928588, -0.604612059, -1.257898363]], "elements": ["C", "C", "C", "C", "C", "C", "N", "O", "C", "H", "H", "H", "H", "H", "H", "H", "H", "H"], "Enn": 457.5336959273, "S": [[1.0, 0.325565, 0.151774, -0.0, 0.0, 0.0, 0.0, -0.0, 0.0, -0.0, 0.0, -0.0, -0.0, 0.0, 0.0, 0.016622, 0.054702, -0.001513, 0.00043, 0.021859, -0.007655, 0.002177, 0.110592, -0.010725, -5.1e-05, -0.002596, -0.018742, 0.000738, 0.0, 1.1e-05, 0.004382, 1e-06, -0.0, 3e-06, 0.003346, -0.001565, 0.010377, -0.0, -0.0, 0.0, -0.0, -0.0, 0.0, 0.0, 0.000536, -0.0, -0.0, 0.0, -9.3e-05, -0.000405, 0.001138, 0.0, 0.0, 0.0, 0.0, 0.0, 0.0, 1.5e-05, 0.004841, -2e-06, -1e-06, 3e-06, -0.005766, -0.001912, 0.010569, -0.0, 0.0, -0.0, -0.0, -0.0, 0.0, 0.0, 0.000354, -0.0, 0.0, 0.0, -0.000367, 0.000174, 0.000662, 0.0, 0.0, 0.0, 0.0, 0.0, 0.0, 0.0, 0.0, 0.0, 0.0, 0.0, -0.0, 0.0, 0.0, 0.0, 0.0, 0.0, 0.0, 0.0, 0.0, 0.0, 2e-06, 0.0, 0.0, 0.0, -1e-06, 3e-06, 5e-06, 0.0, 0.0, 0.0, 0.0, 0.0, 0.0, 2.3e-05, 0.005661, 1e-06, 3e-06, 6e-06, 0.002236, 0.005567, 0.012965, -0.0, 0.0, 0.0, -0.0, 0.0, 0.049665, 0.086677, -0.00946, -0.075349, -0.029162, 0.049769, 0.086729, 0.072951, 0.027028, -0.024558, 0.049583, 0.086636, -0.056587, 0.047049, -0.03423, 0.0, 0.001538, 0.0, -0.0, 0.0, 0.0, 2.3e-05, 0.0, 0.0, 0.0, 0.0, 0.000323, 0.0, 0.0, 0.0, 0.0, 0.002689, -0.0, -0.0, 0.0, 0.0, 1e-06, 0.0, 0.0, 0.0, 1e-06, 0.002984, 0.0, 0.0, 0.0], [0.325565, 1.0, 0.798485, -0.0, 0.0, 0.0, -0.0, 0.0, 0.0, 0.0, 0.0, 0.0, -0.0, 0.0, 0.016622, 0.19958, 0.36201, -0.01558, 0.004431, 0.225089, -0.038499, 0.010948, 0.556205, -0.087736, -0.000418, -0.021232, -0.153313, 0.006038, 1.1e-05, 0.003701, 0.051123, 0.001194, -0.000558, 0.003703, 0.035213, -0.016471, 0.109202, -0.001109, -0.000229, 0.001521, -0.002305, -0.000711, 0.0, 0.000134, 0.010018, -8e-06, -3.6e-05, 0.0001, -0.00181, -0.007866, 0.022124, -2.9e-05, 3e-06, -7e-06, -3.9e-05, -3.2e-05, 1.5e-05, 0.004331, 0.05523, -0.002199, -0.000729, 0.004032, -0.058937, -0.019547, 0.108037, -0.000605, 0.000473, -0.002612, -0.002315, -0.000866, 0.0, 7e-05, 0.00727, -2.5e-05, 1.2e-05, 4.4e-05, -0.008056, 0.003816, 0.014515, -4e-06, -5e-06, -1.9e-05, -1.6e-05, 9e-06, 0.0, 0.0, 3.7e-05, 0.0, -0.0, -0.0, -4.1e-05, 1.6e-05, 5.1e-05, 0.0, -0.0, -0.0, -0.0, 0.0, -0.0, 2e-06, 0.0005, -0.0, 1e-06, 2e-06, -0.000248, 0.00066, 0.001343, -1e-06, -0.0, -1e-06, -2e-06, 2e-06, 2.3e-05, 0.005547, 0.062362, 0.000947, 0.002359, 0.005493, 0.021829, 0.054363, 0.126596, -0.00226, 0.000515, 0.0012, -0.002838, 0.002988, 0.366247, 0.519981, -0.041941, -0.334075, -0.129295, 0.366662, 0.520227, 0.322762, 0.119582, -0.108654, 0.36592, 0.519787, -0.25131, 0.208948, -0.152019, 0.000255, 0.02176, 7.1e-05, -2.5e-05, 9.7e-05, 0.0, 0.000798, -0.0, -0.0, 0.0, 1.6e-05, 0.006368, -0.0, -2e-06, 3e-06, 0.000689, 0.033786, -0.00028, -0.000133, 0.00026, 0.0, 5.6e-05, 0.0, 0.0, 0.0, 0.000829, 0.036667, 0.000193, 0.000298, 0.000358], [0.151774, 0.798485, 1.0, 0.0, -0.0, 0.0, 0.0, -0.0, -0.0, -0.0, 0.0, 0.0, -0.0, 0.0, 0.054702, 0.36201, 0.592046, -0.014114, 0.004014, 0.203908, -0.039903, 0.011347, 0.576482, -0.033954, -0.000162, -0.008217, -0.059333, 0.002337, 0.004382, 0.051123, 0.161828, 0.013867, -0.006486, 0.043003, 0.080974, -0.037875, 0.251113, -0.009313, -0.001926, 0.012767, -0.019346, -0.005972, 0.000536, 0.010018, 0.054955, -0.000761, -0.003308, 0.009303, -0.008082, -0.035121, 0.098782, -0.003149, 0.000285, -0.000802, -0.004281, -0.003484, 0.004841, 0.05523, 0.170329, -0.02314, -0.007675, 0.042418, -0.13133, -0.043557, 0.240741, -0.004495, 0.003513, -0.019415, -0.017212, -0.006439, 0.000354, 0.00727, 0.044438, -0.003433, 0.001627, 0.006186, -0.040982, 0.019416, 0.073846, -0.000786, -0.000876, -0.003334, -0.002796, 0.001579, -5e-06, 0.000144, 0.002207, 8.6e-05, -3.3e-05, -0.000106, -0.002776, 0.001057, 0.003443, 8e-06, -3.3e-05, -0.000107, -6e-05, 4.1e-05, -0.00019, 0.002463, 0.013968, -0.000365, 0.000971, 0.001976, -0.004706, 0.012526, 0.025496, -0.000906, -0.000243, -0.000494, -0.001015, 0.001314, 0.005661, 0.062362, 0.184602, 0.008531, 0.021245, 0.049473, 0.046296, 0.115295, 0.268489, -0.013881, 0.003165, 0.00737, -0.017431, 0.018355, 0.45342, 0.762182, -0.021677, -0.172663, -0.066825, 0.453657, 0.762425, 0.166685, 0.061756, -0.056112, 0.453233, 0.76199, -0.129967, 0.108059, -0.078618, 0.013876, 0.089591, 0.007103, -0.002544, 0.00967, 0.000379, 0.009635, -2.8e-05, -7.5e-05, 0.00031, 0.003629, 0.03911, -0.000195, -0.001916, 0.002614, 0.022452, 0.120552, -0.013494, -0.00642, 0.012514, 2.1e-05, 0.001613, -8e-06, 6e-06, 1.2e-05, 0.024555, 0.127392, 0.008133, 0.012527, 0.015079], [-0.0, -0.0, 0.0, 1.0, 0.0, 0.0, 0.531899, 0.0, 0.0, 0.0, -0.0, 0.0, -0.0, 0.0, 0.001513, 0.01558, 0.014114, 0.072346, 0.000473, 0.024027, 0.198692, 0.000529, 0.026898, -0.022535, 0.002291, 0.116413, -0.02268, 0.000893, -1e-06, -0.001194, -0.013867, -0.000118, 0.000189, -0.00125, 0.006888, 0.005272, -0.034954, 0.000493, 3.1e-05, -0.000208, 0.000784, 0.000242, 0.0, 8e-06, 0.000761, 3e-06, -2e-06, 5e-06, 0.002325, -0.00068, 0.001913, -1e-06, -1e-06, 2e-06, -2e-06, -1e-06, 2e-06, 0.002199, 0.02314, -0.000824, -0.000391, 0.00216, -0.009232, -0.009682, 0.053513, -0.000559, 0.000193, -0.001064, -0.001265, -0.000473, 0.0, 2.5e-05, 0.003433, -6e-06, 4e-06, 1.3e-05, -0.00262, 0.002037, 0.007747, -1e-06, -1e-06, -4e-06, -3e-06, 2e-06, 0.0, 0.0, 2.1e-05, 0.0, -0.0, -0.0, -2.1e-05, 9e-06, 2.9e-05, 0.0, -0.0, -0.0, -0.0, 0.0, -0.0, 0.0, 8.1e-05, 0.0, 0.0, 0.0, 4.8e-05, 0.000116, 0.000236, -0.0, 0.0, 0.0, -0.0, 0.0, -1e-06, -0.000947, -0.008531, 0.000324, -0.00043, -0.001002, 0.019619, -0.008817, -0.020532, 0.000538, 0.00014, 0.000325, 0.000538, -0.000566, 0.04538, 0.024259, 0.193642, -0.065556, -0.025372, -0.349264, -0.186533, -0.284764, -0.18043, 0.16394, 0.271893, 0.145457, -0.094098, 0.245844, -0.178863, -0.000124, -0.011752, -2.2e-05, 9e-06, -3.3e-05, 0.0, 7.2e-05, 0.0, -0.0, 0.0, 1e-06, 0.000377, 0.0, -0.0, 0.0, 0.000442, 0.021124, -0.000128, -6.7e-05, 0.000131, 0.0, 3e-05, 0.0, 0.0, 0.0, -0.000299, -0.012602, -3.8e-05, -8.6e-05, -0.000104], [0.0, 0.0, -0.0, 0.0, 1.0, 0.0, 0.0, 0.531899, 0.0, 0.0, 0.0, 0.0, -0.0, 0.0, -0.00043, -0.004431, -0.004014, 0.000473, 0.073874, -0.006833, 0.000529, 0.200403, -0.007649, 0.002332, -0.008258, 0.000893, 0.008803, 0.1193, 0.0, 0.000558, 0.006486, 0.000189, 0.000197, 0.000585, 0.005272, 0.015694, 0.016349, -0.00015, 6.3e-05, 0.000242, -0.000413, 0.000197, 0.0, 3.6e-05, 0.003308, -2e-06, -5e-06, 2.4e-05, -0.00068, -0.000474, 0.008312, -5e-06, 0.0, -1e-06, -8e-06, -4e-06, 1e-06, 0.000729, 0.007675, -0.000391, 0.000225, 0.000716, -0.009682, 0.016749, 0.017748, -7.2e-05, -0.000112, -0.000473, -0.000485, 0.000206, -0.0, -1.2e-05, -0.001627, 4e-06, -0.0, -6e-06, 0.002037, 0.000714, -0.00367, 0.0, 0.0, 2e-06, 2e-06, -0.0, 0.0, -0.0, -8e-06, -0.0, 0.0, 0.0, 9e-06, -1e-06, -1.1e-05, -0.0, 0.0, 0.0, 0.0, -0.0, 0.0, -0.0, -0.000215, 0.0, -0.0, -0.0, 0.000116, -0.000217, -0.000628, 0.0, 0.0, 0.0, 0.0, -0.0, -3e-06, -0.002359, -0.021245, -0.00043, -0.000575, -0.002496, -0.008817, 0.001201, -0.051133, 0.00093, -0.000148, -0.000566, 0.001577, -0.000858, 0.361467, 0.193233, -0.065556, -0.320298, -0.202093, -0.129401, -0.06911, -0.18043, 0.135382, 0.060739, -0.226061, -0.120938, 0.245844, -0.002814, 0.148713, 4.4e-05, 0.004209, 9e-06, -0.0, 1.2e-05, 0.0, 0.000191, -0.0, -0.0, 0.0, 6e-06, 0.003705, -0.0, -0.0, 1e-06, 0.00021, 0.01005, -6.7e-05, -1.8e-05, 6.2e-05, -0.0, -2.1e-05, 0.0, 0.0, 0.0, -0.000461, -0.01941, -8.6e-05, -0.000115, -0.00016], [0.0, 0.0, 0.0, 0.0, 0.0, 1.0, 0.0, 0.0, 0.531899, -0.0, 0.0, 0.0, -0.0, -0.0, -0.021859, -0.225089, -0.203908, 0.024027, -0.006833, -0.27311, 0.026898, -0.007649, -0.18805, 0.118486, 0.000893, 0.037103, 0.20811, -0.010551, -3e-06, -0.003703, -0.043003, -0.00125, 0.000585, -0.003592, -0.034954, 0.016349, -0.090237, 0.000992, 0.000242, -0.001505, 0.002122, 0.000704, -0.0, -0.0001, -0.009303, 5e-06, 2.4e-05, -6.3e-05, 0.001913, 0.008312, -0.020897, 1.4e-05, -1e-06, 4e-06, 1.8e-05, 1.6e-05, -3e-06, -0.004032, -0.042418, 0.00216, 0.000716, -0.003605, 0.053513, 0.017748, -0.078133, 0.000396, -0.000473, 0.002417, 0.001956, 0.000802, -0.0, -4.4e-05, -0.006186, 1.3e-05, -6e-06, -2.3e-05, 0.007747, -0.00367, -0.01228, 1e-06, 2e-06, 7e-06, 6e-06, -3e-06, 0.0, -0.0, -2.5e-05, -0.0, 0.0, 0.0, 2.9e-05, -1.1e-05, -3.3e-05, -0.0, 0.0, 0.0, 0.0, -0.0, 0.0, -1e-06, -0.000438, 0.0, -0.0, -0.0, 0.000236, -0.000628, -0.001187, 0.0, 0.0, 0.0, 0.0, -0.0, -6e-06, -0.005493, -0.049473, -0.001002, -0.002496, -0.005316, -0.020532, -0.051133, -0.095916, 0.002165, -0.000566, -0.001224, 0.002567, -0.003048, 0.139897, 0.074786, -0.025372, -0.202093, 0.123657, 0.117575, 0.062794, 0.16394, 0.060739, 0.147042, 0.16447, 0.087988, -0.178863, 0.148713, 0.093393, -0.000169, -0.015998, -3.3e-05, 1.2e-05, -4.2e-05, -0.0, -0.000783, 0.0, 0.0, -0.0, -8e-06, -0.005054, 0.0, 1e-06, -1e-06, -0.00041, -0.01959, 0.000131, 6.2e-05, -0.000108, -0.0, -4.2e-05, 0.0, 0.0, 0.0, -0.000555, -0.023363, -0.000104, -0.00016, -0.000175], [0.0, -0.0, 0.0, 0.531899, 0.0, 0.0, 1.0, 0.0, 0.0, 0.0, 0.0, 0.0, 0.0, 0.0, 0.007655, 0.038499, 0.039903, 0.198692, 0.000529, 0.026898, 0.539427, 0.000899, 0.045688, -0.016087, 0.002605, 0.132336, -0.009446, 0.000372, -0.003346, -0.035213, -0.080974, 0.006888, 0.005272, -0.034954, 0.072656, 0.021919, -0.145322, 0.015809, -0.000955, 0.006332, 0.0185, 0.005711, 9.3e-05, 0.00181, 0.008082, 0.002325, -0.00068, 0.001913, 0.032554, -0.005892, 0.016572, -0.001008, -0.000933, 0.002624, -0.001009, -0.000821, 0.005766, 0.058937, 0.13133, -0.009232, -0.009682, 0.053513, 0.00968, -0.038868, 0.214822, -0.018393, 0.001855, -0.010252, -0.025575, -0.009568, 0.000367, 0.008056, 0.040982, -0.00262, 0.002037, 0.007747, -0.016529, 0.02037, 0.077476, -0.002239, -0.000792, -0.003013, -0.00399, 0.002254, -4e-06, 0.00017, 0.002999, 9.4e-05, -4.1e-05, -0.000135, -0.003358, 0.001577, 0.005133, -7e-06, -4e-05, -0.000131, -8.4e-05, 5.7e-05, -6.7e-05, 0.00093, 0.00519, 0.000294, 0.000415, 0.000844, 0.005724, 0.005197, 0.010578, -0.00059, 0.00022, 0.000448, -0.000496, 0.000643, -0.002236, -0.021829, -0.046296, 0.019619, -0.008817, -0.020532, 0.125906, -0.033497, -0.078006, 0.01123, 0.008011, 0.018656, 0.008536, -0.008988, 0.065698, 0.06189, 0.26219, -0.031512, -0.012196, -0.505198, -0.475797, 0.032512, -0.086625, 0.078708, 0.393894, 0.371136, 0.123741, 0.118287, -0.08606, -0.019021, -0.092326, -0.007866, 0.00405, -0.015395, 7e-05, 0.001785, 3.2e-05, -1.5e-05, 6e-05, 0.000506, 0.004557, 0.000609, -0.000298, 0.000407, 0.036615, 0.142155, -0.019605, -0.012319, 0.024014, 2e-05, 0.001864, -6e-06, 5e-06, 1e-05, -0.022125, -0.082396, -0.001608, -0.013313, -0.016025], [-0.0, 0.0, -0.0, 0.0, 0.531899, 0.0, 0.0, 1.0, 0.0, -0.0, 0.0, 0.0, 0.0, 0.0, -0.002177, -0.010948, -0.011347, 0.000529, 0.200403, -0.007649, 0.000899, 0.542334, -0.012993, 1.8e-05, -0.009243, 0.000372, 0.005317, 0.133538, 0.001565, 0.016471, 0.037875, 0.005272, 0.015694, 0.016349, 0.021919, 0.109264, 0.067973, -0.002551, 0.005117, 0.005711, -0.01145, 0.015869, 0.000405, 0.007866, 0.035121, -0.00068, -0.000474, 0.008312, -0.005892, 0.008307, 0.072013, -0.002646, 6.2e-05, -0.000821, -0.005382, -0.000754, 0.001912, 0.019547, 0.043557, -0.009682, 0.016749, 0.017748, -0.038868, 0.11398, 0.071248, -0.000273, -0.008413, -0.009568, -0.011847, 0.015423, -0.000174, -0.003816, -0.019416, 0.002037, 0.000714, -0.00367, 0.02037, 0.016817, -0.036705, 0.000267, -0.000375, 0.002254, 0.002349, 0.000676, 2e-06, -6.5e-05, -0.001142, -4.1e-05, 1e-06, 5.1e-05, 0.001577, 0.00018, -0.001955, -8e-06, 2e-06, 5.7e-05, 3.8e-05, -3e-06, 0.000178, -0.002476, -0.013817, 0.000415, -0.000654, -0.002247, 0.005197, -0.006157, -0.028157, 0.000984, 0.000189, 0.000643, 0.00166, -0.001022, -0.005567, -0.054363, -0.115295, -0.008817, 0.001201, -0.051133, -0.033497, 0.055934, -0.194267, 0.011408, -2.1e-05, -0.008988, 0.030819, -0.00012, 0.523303, 0.492971, -0.031512, 0.015146, -0.097143, -0.187174, -0.176281, -0.086625, 0.234224, 0.029161, -0.327496, -0.308575, 0.118287, 0.167662, 0.071553, 0.006813, 0.033068, 0.00405, 0.001992, 0.005514, 0.000187, 0.004755, -1.5e-05, -2e-06, 0.00016, 0.004967, 0.044775, -0.000298, -0.002291, 0.003998, 0.017419, 0.067629, -0.012319, 0.000429, 0.011425, -1.4e-05, -0.0013, 5e-06, -3e-06, -7e-06, -0.034078, -0.126907, -0.013313, -0.013469, -0.024681], [0.0, 0.0, -0.0, 0.0, 0.0, 0.531899, 0.0, 0.0, 1.0, 0.0, 0.0, 0.0, 0.0, 0.0, -0.110592, -0.556205, -0.576482, 0.026898, -0.007649, -0.18805, 0.045688, -0.012993, -0.117473, 0.000937, 0.000372, 0.009649, 0.002825, -0.002744, -0.010377, -0.109202, -0.251113, -0.034954, 0.016349, -0.090237, -0.145322, 0.067973, -0.331148, 0.016912, 0.005711, -0.031883, 0.038831, 0.014913, -0.001138, -0.022124, -0.098782, 0.001913, 0.008312, -0.020897, 0.016572, 0.072013, -0.168636, 0.007443, -0.000821, 0.002079, 0.009513, 0.009033, -0.010569, -0.108037, -0.240741, 0.053513, 0.017748, -0.078133, 0.214822, 0.071248, -0.266919, 0.001507, -0.009568, 0.042737, 0.028286, 0.014174, -0.000662, -0.014515, -0.073846, 0.007747, -0.00367, -0.01228, 0.077476, -0.036705, -0.113137, 0.001014, 0.002254, 0.007604, 0.005445, -0.003602, 5e-06, -0.000211, -0.00372, -0.000135, 5.1e-05, 0.000153, 0.005133, -0.001955, -0.005587, -2.5e-05, 5.7e-05, 0.000171, 8.5e-05, -6.5e-05, 0.000362, -0.005041, -0.028123, 0.000844, -0.002247, -0.004123, 0.010578, -0.028157, -0.049636, 0.002003, 0.000643, 0.001181, 0.002, -0.003145, -0.012965, -0.126596, -0.268489, -0.020532, -0.051133, -0.095916, -0.078006, -0.194267, -0.313035, 0.026566, -0.008988, -0.017092, 0.027238, -0.042566, 0.202531, 0.190792, -0.012196, -0.097143, 0.228549, 0.170068, 0.160171, 0.078708, 0.029161, 0.239822, 0.238269, 0.224503, -0.08606, 0.071553, 0.213952, -0.025895, -0.125689, -0.015395, 0.005514, -0.017516, -0.000769, -0.019523, 6e-05, 0.00016, -0.000619, -0.006777, -0.06109, 0.000407, 0.003998, -0.004816, -0.033957, -0.131833, 0.024014, 0.011425, -0.015981, -2.8e-05, -0.002639, 1e-05, -7e-06, -1.4e-05, -0.041019, -0.152757, -0.016025, -0.024681, -0.022673], [-0.0, 0.0, -0.0, 0.0, 0.0, -0.0, 0.0, -0.0, 0.0, 1.0, 0.0, 0.0, 0.0, -0.0, -0.010725, -0.087736, -0.033954, 0.022535, -0.002332, -0.118486, 0.016087, -1.8e-05, -0.000937, 0.087638, 0.000847, 0.04302, 0.086493, -0.003406, -0.0, -0.001109, -0.009313, -0.000493, 0.00015, -0.000992, -0.015809, 0.002551, -0.016912, 0.000192, 7.4e-05, -0.000488, 0.000494, 0.000153, 0.0, -2.9e-05, -0.003149, 1e-06, 5e-06, -1.4e-05, 0.001008, 0.002646, -0.007443, 2e-06, -0.0, 1e-06, 2e-06, 2e-06, -0.0, -0.000605, -0.004495, 0.000559, 7.2e-05, -0.000396, 0.018393, 0.000273, -0.001507, -0.000137, -8.5e-05, 0.000468, 0.000142, 5.3e-05, 0.0, -4e-06, -0.000786, 1e-06, -0.0, -1e-06, 0.002239, -0.000267, -0.001014, -0.0, 0.0, 0.0, 0.0, -0.0, 0.0, 0.0, 1e-06, 0.0, 0.0, 0.0, 0.0, 1e-06, 3e-06, 0.0, 0.0, 0.0, 0.0, 0.0, 0.0, -0.0, -0.000163, 0.0, -0.0, -0.0, 0.000115, -0.000224, -0.000456, 0.0, 0.0, 0.0, 0.0, -0.0, -0.0, -0.00226, -0.013881, -0.000538, -0.00093, -0.002165, -0.01123, -0.011408, -0.026566, 0.000791, -0.000252, -0.000587, 0.000993, -0.001046, -0.144166, -0.023554, 0.081587, 0.115009, 0.044511, 0.210327, 0.034321, 0.068209, 0.216851, -0.197033, 0.06883, 0.011257, 0.162658, 0.19911, -0.144862, 0.0, 3.7e-05, -1e-06, -0.0, 1e-06, -0.0, -0.000271, 0.0, 0.0, 0.0, -2e-06, -0.002003, 0.0, 0.0, -0.0, 9.2e-05, 0.003819, -1.2e-05, -1e-05, 2e-05, 0.0, -3e-06, 0.0, 0.0, 0.0, -0.000147, -0.005212, -2.3e-05, -2.4e-05, -2.8e-05], [0.0, 0.0, 0.0, -0.0, 0.0, 0.0, 0.0, 0.0, 0.0, 0.0, 1.0, 0.0, 0.0, 0.0, -5.1e-05, -0.000418, -0.000162, -0.002291, 0.008258, -0.000893, -0.002605, 0.009243, -0.000372, 0.000847, 0.039284, -0.004941, 0.001477, 0.017878, -0.0, -0.000229, -0.001926, -3.1e-05, -6.3e-05, -0.000242, 0.000955, -0.005117, -0.005711, 7.4e-05, -9e-06, -4.6e-05, 0.00015, -5.1e-05, 0.0, 3e-06, 0.000285, 1e-06, -0.0, 1e-06, 0.000933, -6.2e-05, 0.000821, -0.0, -0.0, 0.0, -0.0, -0.0, 0.0, 0.000473, 0.003513, -0.000193, 0.000112, 0.000473, -0.001855, 0.008413, 0.009568, -8.5e-05, -3.6e-05, -0.000226, -0.000285, 8.3e-05, 0.0, -5e-06, -0.000876, 1e-06, -0.0, -2e-06, 0.000792, 0.000375, -0.002254, 0.0, 0.0, 0.0, 0.0, -0.0, 0.0, -0.0, -5e-06, 0.0, 0.0, 0.0, 5e-06, -1e-06, -8e-06, 0.0, 0.0, 0.0, 0.0, 0.0, 0.0, -0.0, -4.4e-05, 0.0, -0.0, -0.0, -2.2e-05, -4.9e-05, -0.000137, 0.0, 0.0, 0.0, 0.0, -0.0, 0.0, 0.000515, 0.003165, -0.00014, 0.000148, 0.000566, -0.008011, 2.1e-05, 0.008988, -0.000252, -3.5e-05, -0.000118, -0.000328, 0.000205, 0.056067, 0.00916, 0.294479, -0.075296, -0.044145, 0.154305, 0.025179, 0.192338, -0.186301, -0.101983, -0.21027, -0.034389, 0.12905, -0.03562, 0.194833, -2.6e-05, -0.002516, -2e-06, 0.0, -4e-06, 0.0, 2e-05, 0.0, 0.0, 0.0, 0.0, 0.000249, 0.0, -0.0, 0.0, 0.000166, 0.006889, -3.1e-05, -1e-05, 3.1e-05, 0.0, -1.3e-05, 0.0, 0.0, 0.0, 0.000206, 0.0073, 1.8e-05, 3.4e-05, 4.6e-05], [-0.0, 0.0, 0.0, 0.0, 0.0, 0.0, 0.0, 0.0, 0.0, 0.0, 0.0, 1.0, 0.0, 0.0, -0.002596, -0.021232, -0.008217, -0.116413, -0.000893, -0.037103, -0.132336, -0.000372, -0.009649, 0.04302, -0.004941, -0.211632, 0.039172, -0.001896, 0.0, 0.001521, 0.012767, 0.000208, -0.000242, 0.001505, -0.006332, -0.005711, 0.031883, -0.000488, -4.6e-05, 0.00029, -0.000808, -0.000264, 0.0, -7e-06, -0.000802, -2e-06, 1e-06, -4e-06, -0.002624, 0.000821, -0.002079, 1e-06, 0.0, -0.0, 1e-06, 1e-06, -0.0, -0.002612, -0.019415, 0.001064, 0.000473, -0.002417, 0.010252, 0.009568, -0.042737, 0.000468, -0.000226, 0.001175, 0.001221, 0.000491, 0.0, -1.9e-05, -0.003334, 4e-06, -2e-06, -7e-06, 0.003013, -0.002254, -0.007604, 0.0, 0.0, 1e-06, 1e-06, -1e-06, 0.0, -0.0, -1.8e-05, 0.0, 0.0, 0.0, 1.8e-05, -8e-06, -2.3e-05, 0.0, 0.0, 0.0, 0.0, 0.0, 0.0, -0.0, -8.9e-05, 0.0, -0.0, -0.0, -4.5e-05, -0.000137, -0.000261, 0.0, 0.0, 0.0, 0.0, -0.0, 0.0, 0.0012, 0.00737, -0.000325, 0.000566, 0.001224, -0.018656, 0.008988, 0.017092, -0.000587, -0.000118, -0.000259, -0.000571, 0.000661, 0.021699, 0.003545, 0.113971, -0.044145, 0.021683, -0.140203, -0.022878, -0.17476, -0.101983, -0.205879, 0.152981, 0.02502, -0.09389, 0.194833, 0.090423, 9.9e-05, 0.009565, 9e-06, -4e-06, 1.3e-05, -0.0, -8.2e-05, 0.0, 0.0, 0.0, -0.0, -0.000339, -0.0, 0.0, -0.0, -0.000323, -0.013428, 6e-05, 3.1e-05, -5.5e-05, 0.0, -2.7e-05, 0.0, 0.0, 0.0, 0.000248, 0.008787, 2.2e-05, 4.6e-05, 5.1e-05], [-0.0, -0.0, -0.0, -0.0, -0.0, -0.0, 0.0, 0.0, 0.0, 0.0, 0.0, 0.0, 1.0, -0.0, -0.018742, -0.153313, -0.059333, 0.02268, -0.008803, -0.20811, 0.009446, -0.005317, -0.002825, 0.086493, 0.001477, 0.039172, 0.193863, -0.016236, -0.0, -0.002305, -0.019346, -0.000784, 0.000413, -0.002122, -0.0185, 0.01145, -0.038831, 0.000494, 0.00015, -0.000808, 0.001085, 0.000422, 0.0, -3.9e-05, -0.004281, 2e-06, 8e-06, -1.8e-05, 0.001009, 0.005382, -0.009513, 2e-06, -0.0, 1e-06, 3e-06, 3e-06, -0.0, -0.002315, -0.017212, 0.001265, 0.000485, -0.001956, 0.025575, 0.011847, -0.028286, 0.000142, -0.000285, 0.001221, 0.000923, 0.000464, 0.0, -1.6e-05, -0.002796, 3e-06, -2e-06, -6e-06, 0.00399, -0.002349, -0.005445, 0.0, 0.0, 1e-06, 1e-06, -1e-06, 0.0, -0.0, -1e-05, 0.0, 0.0, 0.0, 1.1e-05, -5e-06, -1.2e-05, 0.0, 0.0, 0.0, 0.0, 0.0, 0.0, -0.0, -0.000182, 0.0, -0.0, -0.0, 0.000106, -0.000329, -0.000476, 0.0, 0.0, 0.0, 0.0, -0.0, -0.0, -0.002838, -0.017431, -0.000538, -0.001577, -0.002567, -0.008536, -0.030819, -0.027238, 0.000993, -0.000328, -0.000571, 0.00095, -0.001661, 0.189848, 0.031018, -0.048489, -0.077432, -0.268993, 0.004986, 0.000814, 0.009789, -0.106982, -0.103795, 0.041143, 0.006729, -0.063022, -0.140638, -0.178566, -6.3e-05, -0.00606, -7e-06, 3e-06, -8e-06, -0.0, -0.000423, 0.0, 0.0, 0.0, -1e-06, -0.001052, 0.0, 0.0, -0.0, -0.00011, -0.004588, 2.2e-05, 1.3e-05, -1.5e-05, 0.0, -1.4e-05, 0.0, 0.0, 0.0, -7.1e-05, -0.002524, -9e-06, -2e-05, -8e-06], [0.0, 0.0, 0.0, 0.0, 0.0, -0.0, 0.0, 0.0, 0.0, -0.0, 0.0, 0.0, -0.0, 1.0, 0.000738, 0.006038, 0.002337, -0.000893, -0.1193, 0.010551, -0.000372, -0.133538, 0.002744, -0.003406, 0.017878, -0.001896, -0.016236, -0.217759, -0.0, -0.000711, -0.005972, -0.000242, -0.000197, -0.000704, -0.005711, -0.015869, -0.014913, 0.000153, -5.1e-05, -0.000264, 0.000422, -0.000151, 0.0, -3.2e-05, -0.003484, 1e-06, 4e-06, -1.6e-05, 0.000821, 0.000754, -0.009033, 2e-06, -0.0, 1e-06, 3e-06, 2e-06, -0.0, -0.000866, -0.006439, 0.000473, -0.000206, -0.000802, 0.009568, -0.015423, -0.014174, 5.3e-05, 8.3e-05, 0.000491, 0.000464, -0.000143, 0.0, 9e-06, 0.001579, -2e-06, 0.0, 3e-06, -0.002254, -0.000676, 0.003602, -0.0, -0.0, -1e-06, -1e-06, 0.0, 0.0, 0.0, 7e-06, 0.0, 0.0, 0.0, -8e-06, 1e-06, 9e-06, 0.0, 0.0, 0.0, 0.0, 0.0, 0.0, 0.0, 0.000236, -0.0, 0.0, 0.0, -0.000137, 0.000268, 0.000695, -0.0, -0.0, -0.0, -0.0, 0.0, 0.0, 0.002988, 0.018355, 0.000566, 0.000858, 0.003048, 0.008988, 0.00012, 0.042566, -0.001046, 0.000205, 0.000661, -0.001661, 0.001121, 0.172841, 0.02824, -0.044145, -0.232119, 0.172709, -0.051945, -0.008476, -0.101983, 0.062716, -0.076277, -0.127194, -0.020802, 0.194833, -0.021547, -0.075181, -3.5e-05, -0.003426, -4e-06, 0.0, -5e-06, -0.0, -0.000219, 0.0, 0.0, 0.0, -3e-06, -0.003333, 0.0, 0.0, -0.0, -0.000154, -0.006388, 3.1e-05, 1e-05, -2.6e-05, 0.0, 1.9e-05, 0.0, 0.0, 0.0, 0.000381, 0.013534, 4.6e-05, 6.3e-05, 7.9e-05], [0.0, 0.016622, 0.054702, 0.001513, -0.00043, -0.021859, 0.007655, -0.002177, -0.110592, -0.010725, -5.1e-05, -0.002596, -0.018742, 0.000738, 1.0, 0.325565, 0.151774, 0.0, 0.0, 0.0, 0.0, 0.0, 0.0, -0.0, 0.0, 0.0, -0.0, 0.0, 0.0, 0.013909, 0.051451, 0.010995, -0.004924, 0.013129, 0.065601, -0.029377, 0.078336, 0.001182, -0.004911, 0.013095, -0.006719, -0.005864, 0.0, 0.000581, 0.017236, -2.9e-05, -0.000211, 0.000318, -0.003241, -0.023352, 0.035161, -5.1e-05, 8e-06, -1.1e-05, -3.5e-05, -8.2e-05, 0.0, 0.012728, 0.049907, -0.012313, -0.004738, 0.009169, -0.079745, -0.030687, 0.059382, 0.005536, 0.005688, -0.011007, -0.003004, -0.004236, 0.0, 0.000139, 0.010513, -4.3e-05, 2.1e-05, 4.3e-05, -0.017693, 0.008596, 0.017626, 2e-06, -4e-06, -7e-06, -3e-06, 4e-06, 0.0, 0.0, 4.3e-05, 0.0, 0.0, 0.0, -5.7e-05, 2.2e-05, 4.3e-05, 0.0, 0.0, 0.0, 0.0, 0.0, 0.0, 0.0, 0.001543, -0.0, 0.0, 0.0, -0.001025, 0.003234, 0.003634, -0.0, -0.0, -0.0, -0.0, 0.0, 0.0, 0.017416, 0.055586, 0.008159, 0.015853, 0.014732, 0.039535, 0.076819, 0.071384, -0.007312, 0.009774, 0.009082, 0.001296, 0.017647, 0.000334, 0.020035, -0.0, -1.9e-05, -3.4e-05, 0.000355, 0.020398, 2.2e-05, 7e-06, -3.7e-05, 0.000343, 0.020205, -1.3e-05, 1.2e-05, -3.7e-05, 7.7e-05, 0.013004, 3e-06, -1e-06, 2e-06, 0.0, 0.002356, -0.0, -0.0, 0.0, 5e-06, 0.00577, -0.0, -0.0, 0.0, 0.000118, 0.014761, -7e-06, -3e-06, 2e-06, 0.0, 7e-05, 0.0, 0.0, 0.0, 0.000175, 0.016566, 8e-06, 1.1e-05, 4e-06], [0.016622, 0.19958, 0.36201, 0.01558, -0.004431, -0.225089, 0.038499, -0.010948, -0.556205, -0.087736, -0.000418, -0.021232, -0.153313, 0.006038, 0.325565, 1.0, 0.798485, -0.0, 0.0, 0.0, 0.0, 0.0, 0.0, 0.0, 0.0, 0.0, -0.0, 0.0, 0.013909, 0.181173, 0.345217, 0.127709, -0.05719, 0.1525, 0.335903, -0.150424, 0.401111, 0.011797, -0.048995, 0.130648, -0.067035, -0.058507, 0.000581, 0.032205, 0.147862, -0.002923, -0.021058, 0.031707, -0.022856, -0.164666, 0.247937, -0.016458, 0.002451, -0.003691, -0.011188, -0.026588, 0.012728, 0.172658, 0.337155, -0.151855, -0.058437, 0.113078, -0.411985, -0.15854, 0.306783, 0.060962, 0.062636, -0.121205, -0.033076, -0.046642, 0.000139, 0.014749, 0.10078, -0.011383, 0.00553, 0.01134, -0.144166, 0.070041, 0.143622, 0.002518, -0.005493, -0.011263, -0.004276, 0.005472, -0.0, 1.4e-05, 0.00229, 8e-06, -3e-06, -6e-06, -0.003915, 0.001505, 0.002924, 4e-06, -5e-06, -9e-06, -2e-06, 3e-06, -7.1e-05, 0.003357, 0.037015, -0.000807, 0.002547, 0.002862, -0.018748, 0.059154, 0.066458, -0.002393, -0.001275, -0.001432, -0.000527, 0.004519, 0.017416, 0.204694, 0.366534, 0.08141, 0.158184, 0.146993, 0.197905, 0.384539, 0.357333, -0.056782, 0.075899, 0.070529, 0.010065, 0.137042, 0.024959, 0.164183, -0.000292, -0.012703, -0.022948, 0.025779, 0.166518, 0.013712, 0.004223, -0.023095, 0.025342, 0.165279, -0.008193, 0.007514, -0.024251, 0.011479, 0.116833, 0.00918, -0.003253, 0.004986, 0.000545, 0.030446, -2.9e-05, -0.000108, 0.000284, 0.002685, 0.061622, -9.2e-05, -0.001671, 0.001149, 0.01441, 0.129091, -0.012332, -0.006347, 0.00289, 1e-06, 0.001919, -0.0, 0.0, 0.0, 0.017727, 0.141362, 0.010002, 0.01391, 0.005182], [0.054702, 0.36201, 0.592046, 0.014114, -0.004014, -0.203908, 0.039903, -0.011347, -0.576482, -0.033954, -0.000162, -0.008217, -0.059333, 0.002337, 0.151774, 0.798485, 1.0, 0.0, -0.0, -0.0, -0.0, -0.0, -0.0, -0.0, 0.0, 0.0, -0.0, 0.0, 0.051451, 0.345217, 0.573702, 0.123344, -0.055236, 0.147289, 0.354947, -0.158952, 0.423852, 0.00492, -0.020431, 0.054481, -0.027954, -0.024398, 0.017236, 0.147862, 0.327102, -0.008648, -0.062306, 0.093814, -0.034108, -0.245734, 0.370002, -0.026022, 0.003875, -0.005835, -0.017689, -0.042039, 0.049907, 0.337155, 0.564789, -0.151404, -0.058263, 0.112743, -0.43955, -0.169147, 0.327309, 0.026383, 0.027108, -0.052456, -0.014315, -0.020186, 0.010513, 0.10078, 0.253726, -0.055326, 0.026879, 0.055117, -0.251481, 0.122178, 0.250531, 0.007273, -0.015865, -0.032533, -0.012351, 0.015805, -0.0003, 0.004592, 0.026708, 0.003206, -0.001233, -0.002395, -0.037933, 0.014587, 0.028337, 0.001264, -0.001301, -0.002527, -0.000694, 0.000972, -0.006627, 0.054917, 0.151539, -0.007611, 0.024014, 0.026979, -0.045042, 0.142118, 0.159666, -0.009563, -0.005093, -0.005722, -0.002107, 0.018056, 0.055586, 0.366534, 0.596939, 0.072522, 0.140914, 0.130945, 0.204085, 0.396548, 0.368492, -0.02155, 0.028806, 0.026768, 0.00382, 0.052011, 0.127192, 0.350208, -0.001022, -0.044444, -0.08029, 0.129184, 0.35356, 0.046863, 0.014431, -0.078931, 0.128127, 0.351783, -0.028352, 0.025999, -0.083917, 0.087503, 0.278387, 0.056479, -0.020013, 0.030674, 0.020035, 0.112377, -0.001674, -0.006171, 0.016271, 0.043363, 0.180815, -0.001629, -0.029704, 0.020427, 0.097642, 0.297768, -0.064296, -0.033093, 0.015068, 0.000983, 0.017416, -0.000558, 0.000398, 0.000517, 0.107891, 0.316579, 0.044857, 0.062382, 0.02324], [-0.001513, -0.01558, -0.014114, 0.072346, 0.000473, 0.024027, 0.198692, 0.000529, 0.026898, 0.022535, -0.002291, -0.116413, 0.02268, -0.000893, 0.0, -0.0, 0.0, 1.0, 0.0, 0.0, 0.531899, 0.0, 0.0, 0.0, -0.0, -0.0, -0.0, -0.0, -0.010995, -0.127709, -0.123344, -0.057434, 0.054498, -0.145322, 0.040491, 0.066578, -0.177534, 0.059158, 0.035031, -0.093413, 0.087489, 0.076359, 2.9e-05, 0.002923, 0.008648, 0.005268, -0.002247, 0.003383, 0.065103, -0.011665, 0.017564, -0.002834, -0.004413, 0.006644, -0.001412, -0.003356, 0.012313, 0.151855, 0.151404, -0.119653, -0.069102, 0.133717, -0.04529, -0.088136, 0.170547, 0.011654, 0.072041, -0.139403, -0.053269, -0.075117, 4.3e-05, 0.011383, 0.055326, -0.007982, 0.0048, 0.009843, -0.053244, 0.046124, 0.09458, 0.000377, -0.004459, -0.009143, -0.004148, 0.005308, -0.0, 5e-06, 0.001854, 2e-06, -1e-06, -2e-06, -0.003065, 0.001333, 0.00259, 1e-06, -1e-06, -2e-06, -1e-06, 1e-06, -6e-06, 0.000676, 0.008448, 0.0001, 0.000562, 0.000631, 0.010026, 0.015626, 0.017556, -0.000817, 0.000168, 0.000189, -0.000139, 0.001194, -0.008159, -0.08141, -0.072522, 0.032391, -0.086291, -0.080186, 0.155056, -0.094407, -0.087728, 0.09365, 0.027555, 0.025605, -0.007634, -0.103938, 0.00033, 0.001315, 0.003305, -0.000194, -0.00035, -0.015435, -0.060202, -0.006024, -0.002926, 0.016002, 0.009234, 0.036455, -6.2e-05, 0.003163, -0.010209, -0.011023, -0.07578, -0.008376, 0.003327, -0.005098, 4.7e-05, 0.002654, 7e-06, -7e-06, 1.9e-05, 0.000126, 0.002366, 0.000105, -7.2e-05, 4.9e-05, 0.014525, 0.085216, -0.012121, -0.006976, 0.003176, 0.0, 0.001259, -0.0, 0.0, 0.0, -0.011585, -0.058793, -0.005316, -0.010124, -0.003772], [0.00043, 0.004431, 0.004014, 0.000473, 0.073874, -0.006833, 0.000529, 0.200403, -0.007649, -0.002332, 0.008258, -0.000893, -0.008803, -0.1193, 0.0, 0.0, -0.0, 0.0, 1.0, 0.0, 0.0, 0.531899, 0.0, 0.0, 0.0, -0.0, -0.0, -0.0, 0.004924, 0.05719, 0.055236, 0.054498, 0.039858, 0.065078, 0.066578, 0.159349, 0.079503, 0.023588, 0.03593, 0.076359, -0.068093, 0.042905, 0.000211, 0.021058, 0.062306, -0.002247, -0.010607, 0.024373, -0.011665, -0.017318, 0.12654, -0.012238, 0.001573, -0.003356, -0.014895, -0.017066, 0.004738, 0.058437, 0.058263, -0.069102, 0.033326, 0.051457, -0.088136, 0.149825, 0.06563, 0.05443, -0.036114, -0.075117, -0.049335, 0.026892, -2.1e-05, -0.00553, -0.026879, 0.0048, -0.000434, -0.004782, 0.046124, 0.019285, -0.04595, -0.001689, 0.000799, 0.005308, 0.002884, -0.000796, 0.0, -2e-06, -0.000713, -1e-06, 0.0, 1e-06, 0.001333, -0.000111, -0.000996, -1e-06, 0.0, 1e-06, 0.0, -0.0, 1.8e-05, -0.002134, -0.026655, 0.000562, -0.001495, -0.001992, 0.015626, -0.034328, -0.055393, 0.001704, 0.000903, 0.001194, 0.000945, -0.003201, -0.015853, -0.158184, -0.140914, -0.086291, -0.090867, -0.155805, -0.094407, 0.020205, -0.17046, 0.034535, -0.068045, -0.103938, 0.070287, -0.12286, 0.014333, 0.057193, -0.000194, -0.005105, -0.0152, -0.004753, -0.018539, -0.002926, 0.002575, 0.004928, -0.008468, -0.03343, 0.003163, 0.000486, 0.009362, 0.003906, 0.026852, 0.003327, -0.000167, 0.001807, 0.000174, 0.009787, -7e-06, -1.7e-05, 7e-05, 0.002297, 0.043138, -7.2e-05, -0.001196, 0.000898, 0.007476, 0.043861, -0.006976, -0.002159, 0.001635, -0.0, -0.000898, 0.0, -0.0, -0.0, -0.01611, -0.081762, -0.010124, -0.012115, -0.005245], [0.021859, 0.225089, 0.203908, 0.024027, -0.006833, -0.27311, 0.026898, -0.007649, -0.18805, -0.118486, -0.000893, -0.037103, -0.20811, 0.010551, 0.0, 0.0, -0.0, 0.0, 0.0, 1.0, 0.0, 0.0, 0.531899, 0.0, -0.0, 0.0, 0.0, -0.0, -0.013129, -0.1525, -0.147289, -0.145322, 0.065078, -0.10927, -0.177534, 0.079503, -0.022834, -0.0629, 0.076359, -0.139048, 0.027373, 0.062268, -0.000318, -0.031707, -0.093814, 0.003383, 0.024373, -0.031117, 0.017564, 0.12654, -0.123808, 0.018427, -0.003356, 0.004397, 0.008207, 0.031679, -0.009169, -0.113078, -0.112743, 0.133717, 0.051457, -0.039654, 0.170547, 0.06563, 0.056743, -0.105325, -0.075117, 0.070423, -0.016133, 0.0271, -4.3e-05, -0.01134, -0.055117, 0.009843, -0.004782, -0.007907, 0.09458, -0.04595, -0.052528, -0.003462, 0.005308, 0.009095, 0.00235, -0.004419, 0.0, -4e-06, -0.001385, -2e-06, 1e-06, 1e-06, 0.00259, -0.000996, -0.001533, -1e-06, 1e-06, 2e-06, 0.0, -1e-06, 2.1e-05, -0.002397, -0.029946, 0.000631, -0.001992, -0.00196, 0.017556, -0.055393, -0.047255, 0.001915, 0.001194, 0.001182, -7.3e-05, -0.003728, -0.014732, -0.146993, -0.130945, -0.080186, -0.155805, -0.067982, -0.087728, -0.17046, 0.045243, 0.032092, -0.103938, -0.052778, -0.092881, -0.10255, 0.025893, 0.103321, -0.00035, -0.0152, -0.02415, 0.025997, 0.101397, 0.016002, 0.004928, -0.023475, 0.027333, 0.107902, -0.010209, 0.009362, -0.026829, -0.005987, -0.041156, -0.005098, 0.001807, -0.001757, -0.000459, -0.025806, 1.9e-05, 7e-05, -0.000175, -0.00158, -0.029665, 4.9e-05, 0.000898, -0.000508, -0.003404, -0.019971, 0.003176, 0.001635, 0.000687, -0.0, -0.001167, 0.0, -0.0, -0.0, -0.006002, -0.030461, -0.003772, -0.005245, 1e-05], [-0.007655, -0.038499, -0.039903, 0.198692, 0.000529, 0.026898, 0.539427, 0.000899, 0.045688, 0.016087, -0.002605, -0.132336, 0.009446, -0.000372, 0.0, 0.0, -0.0, 0.531899, 0.0, 0.0, 1.0, 0.0, 0.0, 0.0, 0.0, 0.0, -0.0, 0.0, -0.065601, -0.335903, -0.354947, 0.040491, 0.066578, -0.177534, 0.264904, 0.115594, -0.308237, 0.085261, -0.006134, 0.016356, 0.040644, 0.035473, 0.003241, 0.022856, 0.034108, 0.065103, -0.011665, 0.017564, 0.267442, -0.029903, 0.045025, -0.011227, -0.032888, 0.049519, -0.003954, -0.009398, 0.079745, 0.411985, 0.43955, -0.04529, -0.088136, 0.170547, 0.111555, -0.154701, 0.299356, -0.064742, 0.011836, -0.022903, -0.026113, -0.036824, 0.017693, 0.144166, 0.251481, -0.053244, 0.046124, 0.09458, -0.087992, 0.140863, 0.288846, -0.017054, -0.018929, -0.038815, -0.025178, 0.032221, -0.000506, 0.008264, 0.043972, 0.005596, -0.002507, -0.00487, -0.05637, 0.027197, 0.052832, 0.001683, -0.002604, -0.005058, -0.001611, 0.002257, -0.003452, 0.026535, 0.059775, 0.013807, 0.013628, 0.01531, 0.095227, 0.063479, 0.071317, -0.011344, 0.010551, 0.011853, -0.00138, 0.011824, -0.039535, -0.197905, -0.204085, 0.155056, -0.094407, -0.087728, 0.465768, -0.159438, -0.148158, 0.072457, 0.069306, 0.064403, -0.003089, -0.04206, 0.002936, 0.005061, 0.054828, -0.00126, -0.002276, -0.134678, -0.230474, -0.004089, -0.018483, 0.101088, 0.081455, 0.139935, 0.033221, 0.020302, -0.065527, -0.160013, -0.328984, -0.091337, 0.044561, -0.068298, 0.004526, 0.018529, 0.00501, -0.001635, 0.004312, 0.004509, 0.012881, 0.014125, -0.003697, 0.002542, 0.182875, 0.357089, -0.107539, -0.075661, 0.034451, 0.001409, 0.02313, -0.000736, 0.000613, 0.000796, -0.128051, -0.238558, -0.02045, -0.090587, -0.033748], [0.002177, 0.010948, 0.011347, 0.000529, 0.200403, -0.007649, 0.000899, 0.542334, -0.012993, -1.8e-05, 0.009243, -0.000372, -0.005317, -0.133538, 0.0, 0.0, -0.0, 0.0, 0.531899, 0.0, 0.0, 1.0, 0.0, 0.0, 0.0, 0.0, 0.0, 0.0, 0.029377, 0.150424, 0.158952, 0.066578, 0.159349, 0.079503, 0.115594, 0.471266, 0.138034, 0.023895, 0.06673, 0.035473, -0.054041, 0.079684, 0.023352, 0.164666, 0.245734, -0.011665, -0.017318, 0.12654, -0.029903, 0.056155, 0.324385, -0.022423, 0.001556, -0.009398, -0.062244, -0.016884, 0.030687, 0.15854, 0.169147, -0.088136, 0.149825, 0.06563, -0.154701, 0.454034, 0.115198, 0.040239, -0.07872, -0.036824, -0.047665, 0.058618, -0.008596, -0.070041, -0.122178, 0.046124, 0.019285, -0.04595, 0.140863, 0.133513, -0.140331, -0.014947, -0.011896, 0.032221, 0.025646, 0.011851, 0.000194, -0.003178, -0.016909, -0.002507, 4.1e-05, 0.001873, 0.027197, 0.003895, -0.020316, -0.001369, 7.8e-05, 0.002257, 0.001036, -5.8e-05, 0.010893, -0.083724, -0.188605, 0.013628, -0.024873, -0.048309, 0.063479, -0.084949, -0.225025, 0.011742, 0.006123, 0.011824, 0.018239, -0.021706, -0.076819, -0.384539, -0.396548, -0.094407, 0.020205, -0.17046, -0.159438, 0.238027, -0.287878, -0.019601, 0.002395, -0.04206, 0.086598, 0.004325, 0.127651, 0.220057, -0.00126, 8.1e-05, -0.098956, -0.041474, -0.070975, -0.018483, 0.050237, 0.03113, -0.074696, -0.128324, 0.020302, 0.036743, 0.060089, 0.0567, 0.116574, 0.044561, 0.018629, 0.024201, 0.01669, 0.068318, -0.001635, -0.000576, 0.0159, 0.082204, 0.234849, -0.003697, -0.053074, 0.04635, 0.094127, 0.183796, -0.075661, 0.000517, 0.017732, -0.001004, -0.016485, 0.000613, -0.000313, -0.000568, -0.178077, -0.331756, -0.090587, -0.081288, -0.046933], [0.110592, 0.556205, 0.576482, 0.026898, -0.007649, -0.18805, 0.045688, -0.012993, -0.117473, -0.000937, -0.000372, -0.009649, -0.002825, 0.002744, 0.0, 0.0, -0.0, 0.0, 0.0, 0.531899, 0.0, 0.0, 1.0, 0.0, 0.0, 0.0, 0.0, 0.0, -0.078336, -0.401111, -0.423852, -0.177534, 0.079503, -0.022834, -0.308237, 0.138034, 0.154957, -0.063718, 0.035473, -0.014557, -0.047036, 0.006519, -0.035161, -0.247937, -0.370002, 0.017564, 0.12654, -0.123808, 0.045025, 0.324385, -0.216834, 0.033762, -0.009398, 0.009465, -0.007926, 0.068194, -0.059382, -0.306783, -0.327309, 0.170547, 0.06563, 0.056743, 0.299356, 0.115198, 0.290651, -0.077865, -0.036824, -0.026493, -0.053344, -0.010195, -0.017626, -0.143622, -0.250531, 0.09458, -0.04595, -0.052528, 0.288846, -0.140331, -0.085806, -0.03065, 0.032221, 0.038461, -0.002422, -0.018685, 0.000378, -0.006173, -0.032848, -0.00487, 0.001873, 0.002715, 0.052832, -0.020316, -0.025113, -0.00266, 0.002257, 0.0033, 0.000394, -0.001269, 0.012238, -0.094061, -0.211892, 0.01531, -0.048309, -0.036147, 0.071317, -0.225025, -0.137463, 0.013192, 0.011824, 0.008883, -0.01071, -0.028027, -0.071384, -0.357333, -0.368492, -0.087728, -0.17046, 0.045243, -0.148158, -0.287878, 0.280312, -0.018214, -0.04206, 0.008573, -0.091626, 0.016658, 0.230607, 0.397542, -0.002276, -0.098956, -0.123911, 0.226837, 0.388185, 0.101088, 0.03113, -0.114333, 0.241093, 0.414185, -0.065527, 0.060089, -0.138588, -0.086903, -0.178671, -0.068298, 0.024201, -0.002673, -0.044009, -0.180146, 0.004312, 0.0159, -0.036474, -0.056529, -0.161498, 0.002542, 0.04635, -0.017545, -0.042858, -0.083687, 0.034451, 0.017732, 0.031387, -0.001305, -0.021428, 0.000796, -0.000568, -0.000614, -0.066343, -0.123596, -0.033748, -0.046933, 0.027204], [-0.010725, -0.087736, -0.033954, -0.022535, 0.002332, 0.118486, -0.016087, 1.8e-05, 0.000937, 0.087638, 0.000847, 0.04302, 0.086493, -0.003406, -0.0, 0.0, -0.0, 0.0, 0.0, 0.0, 0.0, 0.0, 0.0, 1.0, 0.0, 0.0, 0.0, 0.0, 0.001182, 0.011797, 0.00492, -0.059158, -0.023588, 0.0629, -0.085261, -0.023895, 0.063718, -0.126412, 0.011585, -0.030893, -0.076116, -0.066432, -5.1e-05, -0.016458, -0.026022, 0.002834, 0.012238, -0.018427, 0.011227, 0.022423, -0.033762, 0.012298, -0.002777, 0.004181, 0.007743, 0.018401, 0.005536, 0.060962, 0.026383, -0.011654, -0.05443, 0.105325, 0.064742, -0.040239, 0.077865, -0.093482, 0.046085, -0.089177, -0.0683, -0.096313, 2e-06, 0.002518, 0.007273, -0.000377, 0.001689, 0.003462, 0.017054, 0.014947, 0.03065, -0.00213, -0.000919, -0.001884, -0.001844, 0.002359, 0.0, 1e-06, 0.000681, 0.0, -0.0, -0.0, -0.000942, 0.000627, 0.001219, 0.0, -0.0, -0.0, -0.0, 0.0, 1e-06, -0.000963, -0.013771, 0.000321, -0.000716, -0.000804, 0.014091, -0.021215, -0.023835, 0.00079, 0.000631, 0.000709, 0.000181, -0.001548, -0.007312, -0.056782, -0.02155, -0.09365, -0.034535, -0.032092, -0.072457, 0.019601, 0.018214, -0.025008, -0.111921, -0.104003, 0.00012, 0.001633, -0.013115, -0.025818, 0.000264, 0.007498, 0.013545, -0.003218, -0.006162, -0.005212, -0.000252, 0.00138, -0.009561, -0.018579, 0.005836, -0.002971, 0.009588, 0.006254, 0.023827, 0.00416, -0.002106, 0.003227, -0.000154, -0.00779, 4e-06, 1.3e-05, -3.4e-05, -0.001057, -0.013822, 3.1e-05, 0.000428, -0.000294, 0.00921, 0.028928, -0.007134, -0.005091, 0.002318, 0.0, 0.000175, -0.0, 0.0, 0.0, -0.000574, -0.001511, -0.002085, 0.000636, 0.000237], [-5.1e-05, -0.000418, -0.000162, 0.002291, -0.008258, 0.000893, 0.002605, -0.009243, 0.000372, 0.000847, 0.039284, -0.004941, 0.001477, 0.017878, 0.0, 0.0, 0.0, -0.0, 0.0, -0.0, 0.0, 0.0, 0.0, 0.0, 1.0, 0.0, 0.0, 0.0, -0.004911, -0.048995, -0.020431, -0.035031, -0.03593, -0.076359, 0.006134, -0.06673, -0.035473, 0.011585, -0.025587, -0.07349, 0.100293, -0.049821, 8e-06, 0.002451, 0.003875, 0.004413, -0.001573, 0.003356, 0.032888, -0.001556, 0.009398, -0.002777, -0.00314, 0.006226, -0.002267, -0.002965, 0.005688, 0.062636, 0.027108, -0.072041, 0.036114, 0.075117, -0.011836, 0.07872, 0.036824, 0.046085, -0.037087, -0.11101, -0.088129, 0.036521, -4e-06, -0.005493, -0.015865, 0.004459, -0.000799, -0.005308, 0.018929, 0.011896, -0.032221, -0.000919, 0.001158, 0.005438, 0.003218, -0.001331, 0.0, -1e-06, -0.000701, -0.0, 0.0, 0.0, 0.00129, -0.000157, -0.001078, -0.0, 0.0, 0.0, 0.0, -0.0, 1e-06, -0.000513, -0.007335, -3.3e-05, -0.00038, -0.000487, -0.008531, -0.011173, -0.017331, 0.000631, -4.7e-05, -5.9e-05, 0.000237, -0.000943, 0.009774, 0.075899, 0.028806, -0.027555, 0.068045, 0.103938, -0.069306, -0.002395, 0.04206, -0.111921, -0.018045, -0.025311, -0.051968, 0.118821, 0.000245, 0.000483, 0.002299, -0.000112, -0.000298, 0.003685, 0.007056, 0.001834, -0.001731, -0.004404, -0.003996, -0.007764, 0.00034, -7.4e-05, 0.005078, -0.00486, -0.018517, -0.003792, 0.000444, -0.002257, 1.8e-05, 0.000938, 1e-06, -1e-06, 4e-06, 0.000137, 0.00179, 7.2e-05, -5.7e-05, 4.2e-05, 0.009773, 0.030699, -0.008701, -0.003309, 0.002231, -0.0, -0.000681, 0.0, -0.0, -0.0, 0.013654, 0.035964, 0.007241, 0.01