{"HF": -417.76424368997, "coordinates": [[-0.023703799, 1.569216075, -0.036773872], [-0.051160883, 0.067550556, 0.095205313], [1.213239917, -0.649435038, -0.15230895], [0.647557896, -0.637852125, 1.19233375], [1.346596176, -0.167845273, 2.462018009], [0.266935425, -0.028459138, 3.450139563], [0.87126803, -1.385248051, 3.21787893], [0.245774951, -1.910210202, 1.936446351], [-0.168231485, -2.97214428, 1.566682913], [0.929032747, 1.970247857, 0.318822836], [-0.146846276, 1.867932395, -1.082959229], [-0.832245878, 2.02050742, 0.546627625], [-0.961765531, -0.41904663, -0.252596835], [1.03709771, -1.559528144, -0.576865899], [2.301346052, 0.332705794, 2.545687058], [0.681065445, 0.307555124, 4.320955059], [1.33257857, -1.937539528, 4.025727139]], "elements": ["C", "C", "N", "C", "C", "N", "C", "C", "O", "H", "H", "H", "H", "H", "H", "H", "H"], "Enn": 441.9327327555, "S": [[1.0, 0.325565, 0.151774, -0.0, -0.0, -0.0, -0.0, -0.0, 0.0, -0.0, 0.0, 0.0, -0.0, 0.0, 0.0, 0.015964, 0.053948, -0.001831, 0.000381, 0.020829, -0.009615, 0.002, 0.109403, -0.010004, -5.7e-05, -0.003093, -0.017588, 0.000643, 0.0, 3e-06, 0.003026, -0.0, 0.0, -0.0, 0.000335, -0.003584, 0.006429, -0.0, -0.0, 0.0, -0.0, -0.0, 0.0, 3.9e-05, 0.006779, -6e-06, -3e-06, 1.1e-05, -0.008051, -0.004397, 0.014457, -0.0, 0.0, -1e-06, -1e-06, -0.0, 0.0, 0.0, 0.000956, -0.0, -0.0, 0.0, -0.001684, -0.000923, 0.00117, 0.0, 0.0, -0.0, -0.0, -0.0, 0.0, 0.0, 1.4e-05, 0.0, 0.0, 0.0, -2e-05, -2e-06, 9e-06, 0.0, 0.0, 0.0, 0.0, 0.0, 0.0, 0.0, 1.6e-05, 0.0, 0.0, 0.0, -1.9e-05, -5e-06, 1.7e-05, 0.0, 0.0, 0.0, 0.0, 0.0, 0.0, 0.0, 0.000101, 0.0, 0.0, 0.0, -9.8e-05, -1.3e-05, 0.000173, 0.0, 0.0, 0.0, 0.0, 0.0, 0.0, 0.0, 0.0, 0.0, 0.0, 0.0, -0.0, 0.0, 0.0, 0.0, 0.0, 0.0, 0.0, 0.0, 0.050064, 0.086876, -0.026753, -0.071679, -0.030172, 0.049774, 0.086731, 0.077958, 0.009176, -0.022259, 0.049858, 0.086773, -0.043595, 0.060418, -0.033723, 0.00024, 0.01817, 2e-06, 1e-05, 2.1e-05, 0.0, 0.001239, 0.0, -0.0, 0.0, 0.0, 0.000448, 0.0, 0.0, 0.0, 0.0, 1.9e-05, 0.0, 0.0, 0.0, 0.0, 0.0, 0.0, 0.0, 0.0], [0.325565, 1.0, 0.798485, 0.0, -0.0, -0.0, -0.0, 0.0, 0.0, 0.0, 0.0, 0.0, -0.0, -0.0, 0.015964, 0.195249, 0.358132, -0.019373, 0.00403, 0.220431, -0.048556, 0.010102, 0.552469, -0.08561, -0.000484, -0.026464, -0.150506, 0.005506, -4.2e-05, 0.003924, 0.046815, -0.000191, 0.002048, -0.003673, 0.004655, -0.049836, 0.089389, -0.002489, -0.000192, 0.000344, -0.002276, -0.003682, 3.9e-05, 0.007374, 0.071716, -0.003851, -0.002103, 0.006915, -0.074582, -0.040732, 0.133924, -0.001134, 0.001409, -0.004631, -0.003774, -0.002529, 0.0, 0.000334, 0.0157, -0.000218, -0.00012, 0.000152, -0.027635, -0.015155, 0.019211, 6.1e-05, 9.5e-05, -0.000121, -1.6e-05, -6.6e-05, -0.0, 3e-06, 0.00104, 2e-06, 0.0, -1e-06, -0.002054, -0.000171, 0.000941, 2e-06, 0.0, -1e-06, -0.0, -0.0, 0.0, 1e-06, 0.00066, -0.0, -0.0, 0.0, -0.001033, -0.000284, 0.000938, 0.0, 0.0, -0.0, -0.0, -0.0, 0.0, 1e-05, 0.002755, -3e-06, -0.0, 5e-06, -0.003104, -0.000424, 0.005474, -0.0, 0.0, -2e-06, -1e-06, -0.0, 0.0, 0.0, 2e-06, -0.0, 0.0, 0.0, -2e-06, 0.0, 7e-06, -0.0, -0.0, -0.0, -0.0, 0.0, 0.367831, 0.520919, -0.117665, -0.315256, -0.132699, 0.366679, 0.520238, 0.344883, 0.040595, -0.098474, 0.367013, 0.520435, -0.192532, 0.266832, -0.148934, 0.020934, 0.152032, 0.002107, 0.009158, 0.019411, 0.000174, 0.018352, 1.2e-05, -2.4e-05, 7.2e-05, 2.8e-05, 0.008234, -6e-06, -5e-06, 3e-06, 0.0, 0.000677, -0.0, -0.0, 0.0, 0.0, 2.8e-05, 0.0, 0.0, 0.0], [0.151774, 0.798485, 1.0, 0.0, -0.0, 0.0, 0.0, 0.0, -0.0, -0.0, 0.0, 0.0, -0.0, 0.0, 0.053948, 0.358132, 0.587836, -0.017807, 0.003705, 0.202613, -0.050547, 0.010516, 0.575126, -0.033697, -0.00019, -0.010417, -0.059241, 0.002167, -0.006188, 0.057295, 0.164535, -0.001938, 0.020748, -0.037216, 0.010949, -0.117217, 0.210248, -0.01255, -0.000967, 0.001734, -0.011476, -0.018567, 0.006779, 0.071716, 0.202514, -0.028991, -0.015833, 0.052058, -0.149427, -0.081608, 0.268321, -0.00559, 0.006945, -0.022836, -0.018606, -0.012471, 0.000956, 0.0157, 0.074012, -0.011407, -0.006255, 0.00793, -0.102763, -0.056353, 0.071436, 0.003271, 0.00511, -0.006477, -0.00085, -0.003552, -0.000136, 0.002373, 0.0166, 0.00201, 0.000168, -0.000921, -0.028819, -0.002402, 0.013205, 0.001353, 0.000219, -0.001205, -0.000267, -0.0001, 1.6e-05, 0.00066, 0.009066, -0.000489, -0.000134, 0.000444, -0.013953, -0.003837, 0.012666, 0.000136, 0.000118, -0.000389, -0.00016, -0.000107, 0.000101, 0.002755, 0.023362, -0.001379, -0.000188, 0.002432, -0.023443, -0.003202, 0.041338, -0.000261, 0.000109, -0.001412, -0.001237, -0.000193, -2e-06, 5e-05, 0.000706, -1.7e-05, 2e-06, 4.9e-05, -0.000585, 5.3e-05, 0.001658, -1.9e-05, -1e-06, -3.1e-05, -4.4e-05, 3e-06, 0.454324, 0.763109, -0.060632, -0.16245, -0.068379, 0.453667, 0.762435, 0.178103, 0.020964, -0.050854, 0.453858, 0.762631, -0.099364, 0.13771, -0.076863, 0.116878, 0.332506, 0.008375, 0.036401, 0.077153, 0.011519, 0.079867, 0.00165, -0.003242, 0.009561, 0.004803, 0.046514, -0.003012, -0.002712, 0.001442, 0.000317, 0.008625, -0.000252, -4.1e-05, 7.3e-05, 1e-05, 0.000999, -5e-06, -2e-06, 4e-06], [-0.0, 0.0, 0.0, 1.0, 0.0, 0.0, 0.531899, 0.0, 0.0, 0.0, 0.0, -0.0, -0.0, -0.0, 0.001831, 0.019373, 0.017807, 0.069051, 0.000545, 0.029828, 0.194918, 0.000623, 0.034064, -0.02776, 0.002026, 0.11082, -0.028148, 0.00103, 1e-06, -0.000184, -0.002161, -0.000295, -0.000102, 0.000182, 0.0165, 0.002719, -0.004876, 0.000174, -0.000308, 0.000552, 0.000128, 0.000206, 6e-06, 0.003851, 0.028991, -0.001447, -0.001191, 0.003915, -0.008385, -0.019588, 0.064405, -0.001191, 0.000605, -0.001991, -0.002268, -0.00152, 0.0, 0.000218, 0.011407, -0.000121, -7.2e-05, 9.1e-05, -0.018777, -0.012651, 0.016036, 2.4e-05, 4.5e-05, -5.7e-05, -8e-06, -3.3e-05, 0.0, 1e-06, 0.000981, 1e-06, 0.0, -0.0, -0.001928, -0.000173, 0.000953, 0.0, 0.0, -0.0, -0.0, -0.0, 0.0, 0.0, 0.000489, -0.0, -0.0, 0.0, -0.000733, -0.000226, 0.000748, 0.0, 0.0, -0.0, -0.0, -0.0, 0.0, 3e-06, 0.001379, -1e-06, -0.0, 1e-06, -0.001206, -0.000235, 0.003036, -0.0, 0.0, -0.0, -0.0, -0.0, 0.0, 0.0, 1e-06, 0.0, 0.0, 0.0, -0.0, 0.0, 2e-06, 0.0, 0.0, 0.0, 0.0, 0.0, 0.127365, 0.067841, 0.138674, -0.172998, -0.072819, -0.373203, -0.19931, -0.353769, -0.065446, 0.158759, 0.20836, 0.11119, 0.029372, 0.239989, -0.133951, -0.002409, -0.010879, 0.002256, -0.001194, -0.00253, -2.3e-05, -0.00279, 1e-06, 2e-06, -6e-06, 1.3e-05, 0.005636, -1e-06, -1e-06, 1e-06, 0.0, 0.000652, -0.0, -0.0, 0.0, 0.0, 2e-05, 0.0, 0.0, 0.0], [-0.0, -0.0, -0.0, 0.0, 1.0, 0.0, 0.0, 0.531899, 0.0, -0.0, 0.0, -0.0, 0.0, -0.0, -0.000381, -0.00403, -0.003705, 0.000545, 0.071559, -0.006206, 0.000623, 0.197782, -0.007087, 0.002109, -0.010156, 0.00103, 0.007973, 0.115555, -7e-06, 0.001968, 0.023131, -0.000102, 0.000783, -0.001951, 0.002719, -0.012351, 0.052204, -0.00131, -8.5e-05, 0.000206, -0.001684, -0.001638, 3e-06, 0.002103, 0.015833, -0.001191, 8.3e-05, 0.002138, -0.019588, 0.016784, 0.035174, -0.000233, 2.1e-05, -0.00152, -0.00148, -3.8e-05, 0.0, 0.00012, 0.006255, -7.2e-05, -2.9e-05, 5e-05, -0.012651, -0.002645, 0.008794, 1.9e-05, 2e-05, -3.3e-05, -8e-06, -1.4e-05, 0.0, 0.0, 8.2e-05, 0.0, -0.0, -0.0, -0.000173, 0.000138, 7.9e-05, 0.0, -0.0, -0.0, -0.0, 0.0, 0.0, 0.0, 0.000134, -0.0, -0.0, 0.0, -0.000226, 2.8e-05, 0.000206, 0.0, 0.0, -0.0, -0.0, -0.0, 0.0, 0.0, 0.000188, -0.0, 0.0, 0.0, -0.000235, 0.000483, 0.000415, -0.0, -0.0, -0.0, -0.0, 0.0, 0.0, 0.0, -0.0, 0.0, 0.0, 0.0, 0.0, 0.0, -0.0, 0.0, 0.0, 0.0, 0.0, 0.0, 0.341244, 0.181764, -0.172998, -0.260263, -0.195102, -0.043928, -0.02346, -0.065446, 0.194543, 0.018687, -0.288768, -0.154099, 0.239989, -0.130067, 0.185644, -0.01047, -0.047286, -0.001194, -0.002658, -0.010998, 4.4e-05, 0.00548, 2e-06, -3e-06, 1.3e-05, 1.2e-05, 0.005075, -1e-06, -1e-06, 1e-06, 0.0, 0.000105, -0.0, -0.0, 0.0, 0.0, 7e-06, 0.0, 0.0, 0.0], [-0.0, -0.0, 0.0, 0.0, 0.0, 1.0, 0.0, 0.0, 0.531899, 0.0, -0.0, 0.0, 0.0, 0.0, -0.020829, -0.220431, -0.202613, 0.029828, -0.006206, -0.267715, 0.034064, -0.007087, -0.189668, 0.115332, 0.00103, 0.046139, 0.204496, -0.009599, 1.2e-05, -0.003529, -0.041489, 0.000182, -0.001951, 0.003194, -0.004876, 0.052204, -0.076883, 0.002349, 0.000206, -0.00034, 0.001878, 0.003644, -1.1e-05, -0.006915, -0.052058, 0.003915, 0.002138, -0.006297, 0.064405, 0.035174, -0.088168, 0.000766, -0.00152, 0.004557, 0.00328, 0.002489, -0.0, -0.000152, -0.00793, 9.1e-05, 5e-05, -5.3e-05, 0.016036, 0.008794, -0.006856, -2.4e-05, -3.3e-05, 3.6e-05, 1e-06, 2e-05, 0.0, -1e-06, -0.00045, -0.0, -0.0, 0.0, 0.000953, 7.9e-05, -0.000285, -0.0, -0.0, 0.0, 0.0, 0.0, 0.0, -0.0, -0.000444, 0.0, 0.0, -0.0, 0.000748, 0.000206, -0.000588, -0.0, -0.0, 0.0, 0.0, 0.0, 0.0, -5e-06, -0.002432, 1e-06, 0.0, -2e-06, 0.003036, 0.000415, -0.004837, 0.0, -0.0, 0.0, 0.0, 0.0, 0.0, 0.0, -1e-06, 0.0, 0.0, 0.0, 2e-06, -0.0, -4e-06, 0.0, 0.0, 0.0, 0.0, 0.0, 0.143638, 0.076509, -0.072819, -0.195102, 0.12112, 0.10656, 0.056909, 0.158759, 0.018687, 0.156916, 0.161177, 0.086011, -0.133951, 0.185644, 0.098917, -0.022191, -0.100224, -0.00253, -0.010998, -0.020781, -0.000131, -0.016162, -6e-06, 1.3e-05, -3.5e-05, -6e-06, -0.002699, 1e-06, 1e-06, -0.0, -0.0, -0.000189, 0.0, 0.0, -0.0, 0.0, -1.7e-05, 0.0, 0.0, 0.0], [-0.0, -0.0, 0.0, 0.531899, 0.0, 0.0, 1.0, 0.0, 0.0, 0.0, 0.0, 0.0, 0.0, 0.0, 0.009615, 0.048556, 0.050547, 0.194918, 0.000623, 0.034064, 0.532981, 0.001063, 0.058148, -0.020283, 0.002384, 0.13038, -0.012019, 0.00044, 0.000712, -0.006008, -0.013361, -0.019204, -0.002569, 0.004608, 0.11896, 0.011029, -0.019783, 0.002991, -0.010867, 0.019492, 0.00165, 0.002669, 0.008051, 0.074582, 0.149427, -0.008385, -0.019588, 0.064405, 0.027369, -0.069842, 0.229637, -0.023703, 0.002816, -0.009257, -0.027216, -0.018242, 0.001684, 0.027635, 0.102763, -0.018777, -0.012651, 0.016036, -0.115389, -0.089594, 0.113574, 0.003244, 0.009845, -0.01248, -0.001986, -0.008294, -0.000254, 0.004931, 0.032961, 0.00425, 0.000389, -0.002138, -0.056176, -0.005369, 0.029513, 0.002875, 0.000528, -0.002903, -0.000704, -0.000265, 1.9e-05, 0.001033, 0.013953, -0.000733, -0.000226, 0.000748, -0.019794, -0.006583, 0.02173, 0.000156, 0.000194, -0.00064, -0.000294, -0.000196, 9.8e-05, 0.003104, 0.023443, -0.001206, -0.000235, 0.003036, -0.01404, -0.003625, 0.046804, -0.000727, 0.00011, -0.00142, -0.00173, -0.00027, -1e-06, 2.9e-05, 0.000512, -6e-06, 1e-06, 3.1e-05, -0.000208, 4.2e-05, 0.001319, -1.7e-05, -0.0, -1.3e-05, -3.2e-05, 2e-06, 0.18378, 0.172963, 0.23591, -0.082773, -0.034841, -0.539805, -0.508384, -0.000605, -0.031419, 0.076216, 0.301164, 0.283577, 0.183414, 0.115101, -0.064244, -0.023978, -0.043018, 0.047267, -0.009153, -0.019401, -0.004398, -0.023271, 0.001998, 0.00143, -0.004218, 0.007858, 0.062265, -0.004644, -0.005, 0.002659, 0.000624, 0.017201, -0.000486, -8.3e-05, 0.000149, 1.2e-05, 0.001583, -5e-06, -2e-06, 5e-06], [-0.0, 0.0, 0.0, 0.0, 0.531899, 0.0, 0.0, 1.0, 0.0, 0.0, 0.0, 0.0, 0.0, 0.0, -0.002, -0.010102, -0.010516, 0.000623, 0.197782, -0.007087, 0.001063, 0.537871, -0.012097, 2.4e-05, -0.011637, 0.00044, 0.004923, 0.132402, -0.00762, 0.064318, 0.143044, -0.002569, 0.008062, -0.049336, 0.011029, 0.001908, 0.211798, -0.01296, -0.00046, 0.002669, -0.028667, -0.008834, 0.004397, 0.040732, 0.081608, -0.019588, 0.016784, 0.035174, -0.069842, 0.117109, 0.125413, -0.000226, -0.007898, -0.018242, -0.022207, 0.014182, 0.000923, 0.015155, 0.056353, -0.012651, -0.002645, 0.008794, -0.089594, -0.001144, 0.062282, 0.005393, 0.002738, -0.008294, -0.003176, -0.001903, -2.1e-05, 0.000411, 0.002747, 0.000389, -0.000384, -0.000178, -0.005369, 0.007789, 0.00246, 0.000327, -0.000555, -0.000265, -0.000109, 0.000254, 5e-06, 0.000284, 0.003837, -0.000226, 2.8e-05, 0.000206, -0.006583, 0.002335, 0.005975, 8.2e-05, -2.2e-05, -0.000196, -0.000103, 2e-05, 1.3e-05, 0.000424, 0.003202, -0.000235, 0.000483, 0.000415, -0.003625, 0.012008, 0.006392, -2.5e-05, -0.000293, -0.00027, -0.000279, 0.000517, 0.0, -3e-06, -4.6e-05, 1e-06, 4e-06, -3e-06, 4.2e-05, 0.000254, -0.000119, 1e-06, -3e-06, 2e-06, 3e-06, 9e-06, 0.492396, 0.463413, -0.082773, 0.045033, -0.093349, -0.063538, -0.05984, -0.031419, 0.262628, 0.008971, -0.417386, -0.393012, 0.115101, 0.106946, 0.089036, -0.104219, -0.186973, -0.009153, 0.009588, -0.084326, 0.008639, 0.045706, 0.00143, -8.3e-05, 0.008285, 0.007075, 0.056058, -0.005, -0.003592, 0.002394, 0.000101, 0.002782, -8.3e-05, 1.6e-05, 2.4e-05, 4e-06, 0.000529, -2e-06, -0.0, 2e-06], [0.0, 0.0, -0.0, 0.0, 0.0, 0.531899, 0.0, 0.0, 1.0, -0.0, 0.0, 0.0, -0.0, 0.0, -0.109403, -0.552469, -0.575126, 0.034064, -0.007087, -0.189668, 0.058148, -0.012097, -0.123515, 0.001291, 0.00044, 0.012401, 0.004258, -0.00258, 0.013667, -0.115364, -0.256572, 0.004608, -0.049336, 0.069048, -0.019783, 0.211798, -0.259902, 0.023246, 0.002669, -0.003759, 0.011937, 0.040247, -0.014457, -0.133924, -0.268321, 0.064405, 0.035174, -0.088168, 0.229637, 0.125413, -0.257099, 0.000742, -0.018242, 0.046533, 0.024725, 0.025414, -0.00117, -0.019211, -0.071436, 0.016036, 0.008794, -0.006856, 0.113574, 0.062282, -0.030964, -0.006837, -0.008294, 0.006709, -0.001265, 0.003679, 0.000116, -0.002259, -0.015103, -0.002138, -0.000178, 0.000563, 0.029513, 0.00246, -0.005286, -0.001796, -0.000265, 0.000854, 4.6e-05, 7.1e-05, -1.7e-05, -0.000938, -0.012666, 0.000748, 0.000206, -0.000588, 0.02173, 0.005975, -0.015581, -0.000269, -0.000196, 0.000567, 0.000194, 0.000156, -0.000173, -0.005474, -0.041338, 0.003036, 0.000415, -0.004837, 0.046804, 0.006392, -0.070028, 0.000323, -0.00027, 0.003166, 0.002496, 0.000432, 3e-06, -8.4e-05, -0.00145, 3.1e-05, -3e-06, -8.3e-05, 0.001319, -0.000119, -0.003479, 3.4e-05, 2e-06, 6e-05, 8e-05, -5e-06, 0.207262, 0.195063, -0.034841, -0.093349, 0.227511, 0.15413, 0.145158, 0.076216, 0.008971, 0.244564, 0.232966, 0.219361, -0.064244, 0.089036, 0.216769, -0.220896, -0.396298, -0.019401, -0.084326, -0.129359, -0.02548, -0.134807, -0.004218, 0.008285, -0.021709, -0.003762, -0.029813, 0.002659, 0.002394, -0.000364, -0.000181, -0.00498, 0.000149, 2.4e-05, -1.4e-05, -1e-05, -0.001367, 5e-06, 2e-06, -4e-06], [-0.0, 0.0, -0.0, 0.0, -0.0, 0.0, 0.0, 0.0, -0.0, 1.0, 0.0, 0.0, 0.0, 0.0, -0.010004, -0.08561, -0.033697, 0.02776, -0.002109, -0.115332, 0.020283, -2.4e-05, -0.001291, 0.083232, 0.00097, 0.053041, 0.084762, -0.003101, 1e-06, -0.001499, -0.015906, 9.3e-05, -0.00073, 0.001309, -0.003318, 0.01762, -0.031604, 0.000984, 0.0001, -0.00018, 0.000871, 0.001409, -0.0, -0.001134, -0.00559, 0.001191, 0.000233, -0.000766, 0.023703, 0.000226, -0.000742, -0.000359, -0.000337, 0.001107, 0.000271, 0.000181, 0.0, 6.1e-05, 0.003271, -2.4e-05, -1.9e-05, 2.4e-05, -0.003244, -0.005393, 0.006837, 1e-06, 7e-06, -9e-06, -1e-06, -6e-06, 0.0, 0.0, 0.000584, 0.0, 0.0, -0.0, -0.001135, -0.00012, 0.000657, 0.0, 0.0, -0.0, -0.0, -0.0, 0.0, 0.0, 0.000136, -0.0, -0.0, 0.0, -0.000156, -8.2e-05, 0.000269, 0.0, 0.0, -0.0, -0.0, -0.0, 0.0, -0.0, -0.000261, 0.0, 0.0, -0.0, 0.000727, 2.5e-05, -0.000323, -0.0, -0.0, 0.0, 0.0, 0.0, 0.0, 0.0, -0.0, 0.0, 0.0, 0.0, 0.0, -0.0, -1e-06, 0.0, 0.0, 0.0, 0.0, 0.0, -0.102805, -0.016716, 0.199255, 0.027843, 0.01172, 0.261441, 0.042659, 0.180077, 0.086234, -0.209185, -0.022192, -0.003617, 0.231715, 0.106591, -0.059494, -0.010555, -0.024137, -0.001735, -0.004962, -0.010517, -3.6e-05, -0.004817, -1e-06, 2e-06, -5e-06, 2e-06, 0.001207, -0.0, -0.0, 0.0, 0.0, 0.000401, 0.0, 0.0, 0.0, 0.0, 6e-06, 0.0, 0.0, 0.0], [0.0, 0.0, 0.0, 0.0, 0.0, -0.0, 0.0, 0.0, 0.0, 0.0, 1.0, 0.0, 0.0, 0.0, -5.7e-05, -0.000484, -0.00019, -0.002026, 0.010156, -0.00103, -0.002384, 0.011637, -0.00044, 0.00097, 0.036874, -0.004353, 0.001699, 0.021971, 0.0, -0.000115, -0.001225, -0.000149, -4.9e-05, 0.000113, 0.010165, 0.000852, -0.003259, 0.0001, -0.000126, 0.000285, 9.9e-05, 0.000107, 0.0, 0.001409, 0.006945, -0.000605, -2.1e-05, 0.00152, -0.002816, 0.007898, 0.018242, -0.000337, 5.5e-05, -0.00081, -0.000995, -0.000129, 0.0, 9.5e-05, 0.00511, -4.5e-05, -2e-05, 3.3e-05, -0.009845, -0.002738, 0.008294, 7e-06, 9e-06, -1.4e-05, -3e-06, -7e-06, 0.0, 0.0, 9.5e-05, 0.0, -0.0, -0.0, -0.000202, 0.000155, 9.9e-05, 0.0, -0.0, -0.0, -0.0, 0.0, 0.0, 0.0, 0.000118, -0.0, -0.0, 0.0, -0.000194, 2.2e-05, 0.000196, 0.0, 0.0, -0.0, -0.0, -0.0, 0.0, 0.0, 0.000109, -0.0, 0.0, 0.0, -0.00011, 0.000293, 0.00027, -0.0, -0.0, -0.0, -0.0, 0.0, 0.0, 0.0, -0.0, 0.0, 0.0, 0.0, 0.0, 0.0, -0.0, 0.0, 0.0, 0.0, 0.0, 0.0, 0.147924, 0.024052, 0.18661, -0.173721, -0.119021, 0.05597, 0.009133, 0.079862, -0.305191, -0.033524, -0.20523, -0.033453, -0.006828, -0.1546, 0.185746, 0.001562, 0.003571, -0.001291, 0.000519, 0.001826, -7e-06, -0.000925, 0.0, 0.0, -1e-06, 6e-06, 0.003919, -0.0, -0.0, 0.0, 0.0, 0.000119, 0.0, 0.0, 0.0, 0.0, 6e-06, 0.0, 0.0, 0.0], [0.0, 0.0, 0.0, -0.0, -0.0, 0.0, 0.0, 0.0, 0.0, 0.0, 0.0, 1.0, 0.0, 0.0, -0.003093, -0.026464, -0.010417, -0.11082, -0.00103, -0.046139, -0.13038, -0.00044, -0.012401, 0.053041, -0.004353, -0.201107, 0.048882, -0.002191, -0.0, 0.000207, 0.002198, 0.000266, 0.000113, -0.000189, -0.018233, -0.003259, 0.004881, -0.00018, 0.000285, -0.000479, -0.000122, -0.000227, -1e-06, -0.004631, -0.022836, 0.001991, 0.00152, -0.004557, 0.009257, 0.018242, -0.046533, 0.001107, -0.00081, 0.002473, 0.002378, 0.001758, -0.0, -0.000121, -0.006477, 5.7e-05, 3.3e-05, -3.6e-05, 0.01248, 0.008294, -0.006709, -9e-06, -1.4e-05, 1.6e-05, 1e-06, 9e-06, 0.0, -0.0, -0.00052, -0.0, -0.0, 0.0, 0.001109, 9.9e-05, -0.000371, -0.0, -0.0, 0.0, 0.0, 0.0, 0.0, -0.0, -0.000389, 0.0, 0.0, -0.0, 0.00064, 0.000196, -0.000567, -0.0, -0.0, 0.0, 0.0, 0.0, 0.0, -2e-06, -0.001412, 0.0, 0.0, -0.0, 0.00142, 0.00027, -0.003166, 0.0, -0.0, 0.0, 0.0, 0.0, 0.0, 0.0, -0.0, 0.0, 0.0, 0.0, 0.0, -0.0, -1e-06, 0.0, 0.0, 0.0, 0.0, 0.0, 0.062265, 0.010124, 0.078549, -0.119021, 0.058941, -0.135771, -0.022154, -0.193727, -0.033524, -0.237689, 0.11455, 0.018672, 0.003811, 0.185746, 0.07451, 0.00331, 0.00757, -0.002737, 0.001826, 0.003527, 2e-05, 0.00273, -0.0, -1e-06, 3e-06, -3e-06, -0.002084, 0.0, 0.0, -0.0, -0.0, -0.000213, 0.0, 0.0, 0.0, 0.0, -1.5e-05, 0.0, 0.0, 0.0], [-0.0, -0.0, -0.0, -0.0, 0.0, 0.0, 0.0, 0.0, -0.0, 0.0, 0.0, 0.0, 1.0, 0.0, -0.017588, -0.150506, -0.059241, 0.028148, -0.007973, -0.204496, 0.012019, -0.004923, -0.004258, 0.084762, 0.001699, 0.048882, 0.191494, -0.01475, 1e-06, -0.001371, -0.014545, 7e-05, -0.000903, 0.001066, -0.002015, 0.031903, -0.020148, 0.000871, 9.9e-05, -0.000122, 0.000325, 0.001603, -1e-06, -0.003774, -0.018606, 0.002268, 0.00148, -0.00328, 0.027216, 0.022207, -0.024725, 0.000271, -0.000995, 0.002378, 0.001482, 0.001543, -0.0, -1.6e-05, -0.00085, 8e-06, 8e-06, -1e-06, 0.001986, 0.003176, 0.001265, -1e-06, -3e-06, 1e-06, -1e-06, 1e-06, 0.0, -0.0, -0.000115, -0.0, -0.0, 0.0, 0.000263, 3.6e-05, -4.1e-05, -0.0, -0.0, 0.0, 0.0, 0.0, 0.0, -0.0, -0.00016, 0.0, 0.0, -0.0, 0.000294, 0.000103, -0.000194, -0.0, -0.0, 0.0, 0.0, 0.0, 0.0, -1e-06, -0.001237, 0.0, 0.0, -0.0, 0.00173, 0.000279, -0.002496, 0.0, -0.0, 0.0, 0.0, 0.0, 0.0, 0.0, -1e-06, 0.0, 0.0, 0.0, 1e-06, -0.0, -2e-06, 0.0, 0.0, 0.0, 0.0, 0.0, 0.163054, 0.026512, -0.116331, -0.019534, -0.254166, -0.016089, -0.002625, -0.033751, -0.041522, -0.08145, 0.09791, 0.015959, -0.114555, -0.088185, -0.22645, -0.011854, -0.027106, -0.001504, -0.008027, -0.010701, -5.2e-05, -0.006997, -1e-06, 3e-06, -7e-06, 2e-06, 0.001265, -0.0, -0.0, 0.0, -0.0, -2.1e-05, 0.0, 0.0, 0.0, 0.0, -5e-06, 0.0, 0.0, 0.0], [0.0, -0.0, 0.0, -0.0, -0.0, 0.0, 0.0, 0.0, 0.0, 0.0, 0.0, 0.0, 0.0, 1.0, 0.000643, 0.005506, 0.002167, -0.00103, -0.115555, 0.009599, -0.00044, -0.132402, 0.00258, -0.003101, 0.021971, -0.002191, -0.01475, -0.211183, 1e-06, -0.002217, -0.023532, 0.000113, -0.000935, 0.002019, -0.003259, 0.016359, -0.052256, 0.001409, 0.000107, -0.000227, 0.001603, 0.001928, -0.0, -0.002529, -0.012471, 0.00152, 3.8e-05, -0.002489, 0.018242, -0.014182, -0.025414, 0.000181, -0.000129, 0.001758, 0.001543, 0.000214, -0.0, -6.6e-05, -0.003552, 3.3e-05, 1.4e-05, -2e-05, 0.008294, 0.001903, -0.003679, -6e-06, -7e-06, 9e-06, 1e-06, 4e-06, 0.0, -0.0, -4.3e-05, -0.0, 0.0, 0.0, 9.9e-05, -7.1e-05, -3.1e-05, -0.0, 0.0, 0.0, 0.0, -0.0, 0.0, -0.0, -0.000107, 0.0, 0.0, -0.0, 0.000196, -2e-05, -0.000156, -0.0, -0.0, 0.0, 0.0, 0.0, 0.0, -0.0, -0.000193, 0.0, -0.0, -0.0, 0.00027, -0.000517, -0.000432, 0.0, 0.0, 0.0, 0.0, -0.0, 0.0, 0.0, 0.0, 0.0, 0.0, 0.0, -0.0, -0.0, 0.0, 0.0, 0.0, 0.0, 0.0, 0.0, 0.166825, 0.027125, -0.119021, -0.195917, 0.157917, -0.015981, -0.002608, -0.033524, 0.087141, -0.027977, -0.158756, -0.025877, 0.185746, -0.119591, -0.103265, 0.014388, 0.032901, 0.001826, 0.004779, 0.015331, -4e-05, -0.005361, -1e-06, 1e-06, -5e-06, -3e-06, -0.001877, 0.0, 0.0, -0.0, -0.0, -3.4e-05, 0.0, 0.0, 0.0, 0.0, -5e-06, 0.0, 0.0, 0.0], [0.0, 0.015964, 0.053948, 0.001831, -0.000381, -0.020829, 0.009615, -0.002, -0.109403, -0.010004, -5.7e-05, -0.003093, -0.017588, 0.000643, 1.0, 0.325565, 0.151774, 0.0, -0.0, 0.0, 0.0, -0.0, 0.0, -0.0, -0.0, 0.0, -0.0, 0.0, -0.0, 0.007075, 0.048099, -0.001295, 0.006618, -0.003753, 0.017882, -0.091347, 0.051799, -0.005007, -0.002727, 0.001547, 0.004726, -0.0079, 0.0, 0.017834, 0.056041, -0.017625, -0.011225, 0.011332, -0.083545, -0.053207, 0.053716, 0.007849, 0.014663, -0.014803, -9e-05, -0.009428, 0.0, 1.4e-05, 0.004758, -3e-06, -2e-06, 0.0, -0.010277, -0.006069, 0.001022, 0.0, 0.0, -0.0, 0.0, -0.0, 0.0, 0.0, 0.000129, 0.0, 0.0, 0.0, -0.000248, -2.4e-05, 7e-06, 0.0, 0.0, 0.0, 0.0, 0.0, 0.0, 0.0, 0.000468, -0.0, -0.0, 0.0, -0.000917, -0.000271, 0.000427, 0.0, 0.0, 0.0, 0.0, 0.0, 0.0, 1.9e-05, 0.005261, -4e-06, -1e-06, 4e-06, -0.008985, -0.001449, 0.009651, 0.0, 0.0, -0.0, -0.0, -0.0, 0.0, 0.0, 1.3e-05, 0.0, 0.0, 0.0, -1.7e-05, 1e-06, 3.5e-05, 0.0, 0.0, 0.0, 0.0, 0.0, 0.000343, 0.020194, -4e-06, -1.9e-05, -3.6e-05, 0.000339, 0.020129, 2.2e-05, 2e-06, -3.4e-05, 0.000344, 0.020221, -9e-06, 1.5e-05, -3.7e-05, 0.050665, 0.087173, 0.026687, 0.069872, 0.037337, 0.000566, 0.023406, 2.9e-05, -4.7e-05, 7.1e-05, 0.0, 0.001044, 0.0, 0.0, 0.0, 0.0, 5.7e-05, 0.0, 0.0, 0.0, 0.0, 1.6e-05, 0.0, 0.0, 0.0], [0.015964, 0.195249, 0.358132, 0.019373, -0.00403, -0.220431, 0.048556, -0.010102, -0.552469, -0.08561, -0.000484, -0.026464, -0.150506, 0.005506, 0.325565, 1.0, 0.798485, -0.0, -0.0, 0.0, 0.0, -0.0, 0.0, 0.0, 0.0, 0.0, -0.0, 0.0, -0.013787, 0.152488, 0.332814, -0.026364, 0.134679, -0.07637, 0.087963, -0.449348, 0.254806, -0.062664, -0.034134, 0.019356, 0.059151, -0.098878, 0.017834, 0.20735, 0.36886, -0.173062, -0.110216, 0.111271, -0.417213, -0.265707, 0.268249, 0.059363, 0.11089, -0.111951, -0.000679, -0.071297, 1.4e-05, 0.004215, 0.054495, -0.003875, -0.002288, 0.000385, -0.105576, -0.062349, 0.0105, 0.002153, 0.002683, -0.000452, 0.00077, -0.000267, -0.0, 6e-05, 0.004987, 5e-05, 5e-06, -1e-06, -0.011255, -0.001067, 0.000322, 5.7e-05, 9e-06, -3e-06, 0.0, -0.0, 0.0, 0.000108, 0.009012, -7.4e-05, -2.2e-05, 3.4e-05, -0.018541, -0.005477, 0.008626, 2.9e-05, 1.8e-05, -2.8e-05, -4e-06, -8e-06, 1.9e-05, 0.00494, 0.058915, -0.003624, -0.000584, 0.003893, -0.089631, -0.014455, 0.096277, 0.000804, 0.000548, -0.003649, -0.001915, -0.000588, -0.0, 1.6e-05, 0.001648, -7e-06, 1e-06, 1.5e-05, -0.002116, 0.000168, 0.004371, -6e-06, -1e-06, -1.8e-05, -1.9e-05, 1e-06, 0.025317, 0.165208, -0.002769, -0.012138, -0.023562, 0.025171, 0.164791, 0.014485, 0.001176, -0.022134, 0.025378, 0.165381, -0.005607, 0.009701, -0.024257, 0.370205, 0.52232, 0.115974, 0.303639, 0.162255, 0.033043, 0.185565, 0.011605, -0.018791, 0.028094, 0.000128, 0.016037, -3.8e-05, -3.7e-05, -4e-06, 1e-06, 0.00163, -0.0, -0.0, -0.0, 0.0, 0.000611, -0.0, -0.0, 0.0], [0.053948, 0.358132, 0.587836, 0.017807, -0.003705, -0.202613, 0.050547, -0.010516, -0.575126, -0.033697, -0.00019, -0.010417, -0.059241, 0.002167, 0.151774, 0.798485, 1.0, -0.0, -0.0, 0.0, -0.0, 0.0, 0.0, -0.0, 0.0, 0.0, -0.0, 0.0, -0.044252, 0.295531, 0.53642, -0.023671, 0.120923, -0.06857, 0.082429, -0.421079, 0.238775, -0.022912, -0.01248, 0.007077, 0.021627, -0.036152, 0.056041, 0.36886, 0.599446, -0.152855, -0.097347, 0.098279, -0.429135, -0.2733, 0.275914, 0.022307, 0.041669, -0.042068, -0.000255, -0.026791, 0.004758, 0.054495, 0.168824, -0.041473, -0.024492, 0.004125, -0.236543, -0.139694, 0.023526, 0.016343, 0.02037, -0.00343, 0.005844, -0.002026, -0.000655, 0.008803, 0.042682, 0.007738, 0.000734, -0.000221, -0.075702, -0.007178, 0.002166, 0.005772, 0.000953, -0.000288, 4.1e-05, -2.7e-05, 0.000468, 0.009012, 0.051236, -0.007831, -0.002313, 0.003643, -0.086425, -0.02553, 0.040208, 0.003787, 0.002284, -0.003598, -0.0005, -0.001063, 0.005261, 0.058915, 0.177776, -0.035104, -0.005661, 0.037707, -0.194545, -0.031374, 0.20897, 0.005401, 0.003679, -0.024504, -0.012864, -0.003952, -0.000508, 0.005818, 0.027032, -0.002179, 0.000173, 0.004501, -0.022664, 0.001803, 0.046818, -0.00088, -0.000107, -0.00277, -0.002857, 0.00022, 0.128067, 0.351682, -0.009589, -0.042032, -0.08159, 0.127711, 0.351083, 0.050368, 0.004091, -0.076968, 0.128214, 0.35193, -0.019382, 0.033536, -0.08385, 0.455676, 0.764493, 0.059495, 0.155768, 0.083237, 0.145533, 0.380357, 0.033139, -0.053661, 0.080229, 0.009941, 0.072924, -0.006368, -0.006114, -0.000689, 0.000823, 0.015596, -0.000703, -0.000122, -4e-05, 0.000284, 0.00805, -0.000201, -7.1e-05, 0.000103], [-0.001831, -0.019373, -0.017807, 0.069051, 0.000545, 0.029828, 0.194918, 0.000623, 0.034064, 0.02776, -0.002026, -0.11082, 0.028148, -0.00103, 0.0, -0.0, -0.0, 1.0, 0.0, 0.0, 0.531899, 0.0, 0.0, 0.0, -0.0, 0.0, -0.0, -0.0, 0.003068, -0.032305, -0.040983, -0.041853, -0.038009, 0.021553, 0.180336, 0.06972, -0.039535, 0.041359, -0.065768, 0.037294, -0.022266, 0.03722, 0.017625, 0.173062, 0.152855, -0.120171, -0.126376, 0.127585, -0.009329, -0.136648, 0.137956, -0.013459, 0.117367, -0.11849, -0.001084, -0.113849, 3e-06, 0.003875, 0.041473, -0.003412, -0.002216, 0.000373, -0.075322, -0.056079, 0.009444, 0.001724, 0.002441, -0.000411, 0.000759, -0.000263, -0.0, 3.7e-05, 0.005292, 2.6e-05, 3e-06, -1e-06, -0.012261, -0.001262, 0.000381, 2.7e-05, 5e-06, -1e-06, 0.0, -0.0, 0.0, 7.4e-05, 0.007831, -4.2e-05, -1.3e-05, 2e-05, -0.016108, -0.005403, 0.008509, 1.2e-05, 8e-06, -1.2e-05, -2e-06, -4e-06, 4e-06, 0.003624, 0.035104, -0.0024, -0.000455, 0.003033, -0.041633, -0.010198, 0.067923, 0.000246, 0.000384, -0.002556, -0.001537, -0.000472, -0.0, 3e-06, 0.000751, -1e-06, 0.0, 2e-06, -0.000692, 8.5e-05, 0.002201, -1e-06, -0.0, -3e-06, -3e-06, 0.0, 0.003121, 0.01233, 0.002987, -0.001729, -0.003355, -0.016333, -0.064787, -0.007498, -0.000881, 0.01658, 0.006319, 0.024919, 0.001781, 0.002791, -0.006978, -0.125612, -0.066547, 0.142879, -0.163446, -0.08734, -0.01284, -0.042011, -0.000278, 0.008666, -0.012957, 7.2e-05, 0.01095, -1.3e-05, -1.4e-05, -2e-06, 0.0, 0.001621, -0.0, -0.0, -0.0, 0.0, 0.000527, -0.0, -0.0, 0.0], [0.000381, 0.00403, 0.003705, 0.000545, 0.071559, -0.006206, 0.000623, 0.197782, -0.007087, -0.002109, 0.010156, -0.00103, -0.007973, -0.115555, -0.0, -0.0, -0.0, 0.0, 1.0, 0.0, 0.0, 0.531899, 0.0, 0.0, 0.0, -0.0, -0.0, 0.0, -0.01567, 0.165028, 0.209357, -0.038009, 0.144872, -0.110103, 0.06972, -0.162172, 0.201961, -0.07511, -0.050248, 0.03722, 0.035126, -0.145556, 0.011225, 0.110216, 0.097347, -0.126376, -0.002219, 0.081254, -0.136648, 0.11821, 0.087859, 0.09484, 0.019022, -0.113849, -0.060395, -0.01223, 2e-06, 0.002288, 0.024492, -0.002216, -0.000968, 0.00022, -0.056079, -0.013482, 0.005577, 0.00137, 0.001218, -0.000263, 0.000245, -0.000121, -0.0, 4e-06, 0.000502, 3e-06, -1e-06, -0.0, -0.001262, 0.000929, 3.6e-05, 3e-06, -1e-06, -0.0, -0.0, 0.0, 0.0, 2.2e-05, 0.002313, -1.3e-05, -2e-06, 6e-06, -0.005403, 0.000585, 0.002513, 4e-06, 1e-06, -4e-06, -1e-06, -1e-06, 1e-06, 0.000584, 0.005661, -0.000455, 0.00035, 0.000489, -0.010198, 0.019957, 0.010954, 0.000136, -0.000275, -0.000472, -0.000304, 0.000295, 0.0, -0.0, -6e-05, 0.0, 0.0, -0.0, 8.5e-05, 0.000367, -0.000175, 0.0, -0.0, 0.0, 0.0, 1e-06, 0.013681, 0.054048, -0.001729, -0.004195, -0.014708, -0.001326, -0.005262, -0.000881, 0.003281, 0.001347, -0.010933, -0.043117, 0.002791, -0.001435, 0.012074, -0.328872, -0.174232, -0.163446, -0.222622, -0.228671, 0.020791, 0.068027, 0.008666, -0.00896, 0.020981, 6.9e-05, 0.010512, -1.4e-05, -1.2e-05, -1e-06, 0.0, 0.000281, -0.0, -0.0, -0.0, 0.0, 0.000186, -0.0, -0.0, 0.0], [0.020829, 0.220431, 0.202613, 0.029828, -0.006206, -0.267715, 0.034064, -0.007087, -0.189668, -0.115332, -0.00103, -0.046139, -0.204496, 0.009599, 0.0, 0.0, 0.0, 0.0, 0.0, 1.0, 0.0, 0.0, 0.531899, -0.0, -0.0, 0.0, -0.0, -0.0, 0.008886, -0.09358, -0.118717, 0.021553, -0.110103, 0.01314, -0.039535, 0.201961, 0.079462, 0.042592, 0.03722, -0.005716, -0.109079, 0.029201, -0.011332, -0.111271, -0.098279, 0.127585, 0.081254, -0.003766, 0.137956, 0.087859, 0.116537, -0.095747, -0.113849, 0.02119, -0.059579, 0.013495, -0.0, -0.000385, -0.004125, 0.000373, 0.00022, 0.000304, 0.009444, 0.005577, 0.018697, -0.000231, -0.000263, -0.0003, -0.00011, -0.000177, 0.0, -1e-06, -0.000151, -1e-06, -0.0, -1e-06, 0.000381, 3.6e-05, 0.001038, -1e-06, -0.0, -2e-06, -0.0, -0.0, -0.0, -3.4e-05, -0.003643, 2e-05, 6e-06, -7e-06, 0.008509, 0.002513, -0.001777, -7e-06, -4e-06, 5e-06, 0.0, 1e-06, -4e-06, -0.003893, -0.037707, 0.003033, 0.000489, -0.002834, 0.067923, 0.010954, -0.051358, -0.000908, -0.000472, 0.002799, 0.001279, 0.000451, 0.0, -6e-06, -0.001552, 2e-06, -0.0, -5e-06, 0.002201, -0.000175, -0.004173, 2e-06, 0.0, 6e-06, 6e-06, -0.0, 0.026557, 0.104914, -0.003355, -0.014708, -0.025168, 0.024959, 0.099002, 0.01658, 0.001347, -0.021985, 0.027336, 0.107807, -0.006978, 0.012074, -0.026794, -0.175738, -0.093104, -0.08734, -0.228671, 0.083112, -0.031085, -0.101709, -0.012957, 0.020981, -0.026296, 8e-06, 0.001185, -2e-06, -1e-06, 1e-06, 0.0, 9.2e-05, -0.0, -0.0, 0.0, -0.0, -0.000269, 0.0, 0.0, -0.0], [-0.009615, -0.048556, -0.050547, 0.194918, 0.000623, 0.034064, 0.532981, 0.001063, 0.058148, 0.020283, -0.002384, -0.13038, 0.012019, -0.00044, 0.0, 0.0, -0.0, 0.531899, 0.0, 0.0, 1.0, 0.0, 0.0, 0.0, 0.0, 0.0, -0.0, 0.0, 0.015019, -0.082447, -0.104007, -0.133702, -0.041125, 0.02332, 0.458246, 0.096024, -0.054451, 0.02848, -0.080705, 0.045764, -0.008604, 0.014383, 0.083545, 0.417213, 0.429135, -0.009329, -0.136648, 0.137956, 0.189202, -0.230103, 0.232304, -0.078343, 0.00655, -0.006613, -0.000432, -0.045397, 0.010277, 0.105576, 0.236543, -0.075322, -0.056079, 0.009444, -0.257958, -0.226495, 0.038144, 0.02313, 0.044215, -0.007446, 0.015757, -0.005462, -0.001518, 0.020928, 0.088925, 0.018989, 0.001992, -0.000601, -0.154846, -0.017035, 0.005142, 0.01459, 0.002689, -0.000812, 0.000128, -8.5e-05, 0.000917, 0.018541, 0.086425, -0.016108, -0.005403, 0.008509, -0.134894, -0.049078, 0.077296, 0.007445, 0.005419, -0.008535, -0.001334, -0.002839, 0.008985, 0.089631, 0.194545, -0.041633, -0.010198, 0.067923, -0.113159, -0.039757, 0.264801, -0.006549, 0.005296, -0.035277, -0.027319, -0.008392, -0.000513, 0.006063, 0.026313, -0.001343, 0.000206, 0.005356, -0.008471, 0.001967, 0.051084, -0.002213, -7.6e-05, -0.001978, -0.003904, 0.000301, 0.027548, 0.047337, 0.052794, -0.011105, -0.021557, -0.144688, -0.248948, -0.014947, -0.005692, 0.107096, 0.055685, 0.095633, 0.045067, 0.01789, -0.04473, -0.180359, -0.169501, 0.238124, -0.077664, -0.041501, -0.095672, -0.154764, 0.038041, 0.04345, -0.064962, 0.016907, 0.095758, -0.010195, -0.011963, -0.001348, 0.00177, 0.031512, -0.001517, -0.00028, -9.2e-05, 0.000497, 0.014407, -0.000339, -0.000128, 0.000186], [0.002, 0.010102, 0.010516, 0.000623, 0.197782, -0.007087, 0.001063, 0.537871, -0.012097, -2.4e-05, 0.011637, -0.00044, -0.004923, -0.132402, -0.0, -0.0, 0.0, 0.0, 0.531899, 0.0, 0.0, 1.0, 0.0, 0.0, 0.0, 0.0, 0.0, 0.0, -0.076721, 0.421173, 0.531308, -0.041125, 0.068328, -0.119127, 0.096024, -0.013485, 0.278157, 0.002896, -0.008594, 0.014383, -0.041716, -0.024895, 0.053207, 0.265707, 0.2733, -0.136648, 0.11821, 0.087859, -0.230103, 0.403965, 0.147945, 0.061055, -0.055615, -0.045397, -0.064332, 0.035758, 0.006069, 0.062349, 0.139694, -0.056079, -0.013482, 0.005577, -0.226495, -0.008196, 0.022526, 0.032204, 0.014305, -0.005462, -0.001401, -0.001423, -0.000144, 0.001984, 0.008431, 0.001992, -0.001835, -5.7e-05, -0.017035, 0.023202, 0.000487, 0.001866, -0.002658, -8.5e-05, -0.000267, 7.6e-05, 0.000271, 0.005477, 0.02553, -0.005403, 0.000585, 0.002513, -0.049078, 0.016751, 0.022833, 0.003383, -0.000511, -0.002839, -0.001078, 0.000238, 0.001449, 0.014455, 0.031374, -0.010198, 0.019957, 0.010954, -0.039757, 0.126952, 0.042704, 0.003303, -0.014346, -0.008392, -0.006922, 0.015409, 4.1e-05, -0.000482, -0.002093, 0.000206, 0.001234, -0.000426, 0.001967, 0.016102, -0.004064, 5.6e-05, -0.000863, 0.000301, 0.00038, 0.001783, 0.120754, 0.207496, -0.011105, 0.00665, -0.09449, -0.011751, -0.020218, -0.005692, 0.054674, 0.008698, -0.09635, -0.165472, 0.01789, 0.024452, 0.077396, -0.472209, -0.443783, -0.077664, 0.06445, -0.108657, 0.154918, 0.250603, 0.04345, -0.005482, 0.105191, 0.016231, 0.09193, -0.011963, -0.009219, -0.001294, 0.000307, 0.00546, -0.00028, 5e-05, -1.6e-05, 0.000175, 0.005072, -0.000128, -1.9e-05, 6.6e-05], [0.109403, 0.552469, 0.575126, 0.034064, -0.007087, -0.189668, 0.058148, -0.012097, -0.123515, -0.001291, -0.00044, -0.012401, -0.004258, 0.00258, 0.0, 0.0, 0.0, 0.0, 0.0, 0.531899, 0.0, 0.0, 1.0, 0.0, 0.0, 0.0, 0.0, 0.0, 0.043505, -0.238828, -0.301281, 0.02332, -0.119127, -0.074201, -0.054451, 0.278157, 0.319313, -0.001642, 0.014383, 0.008614, -0.073504, -0.044006, -0.053716, -0.268249, -0.275914, 0.137956, 0.087859, 0.116537, 0.232304, 0.147945, 0.401148, -0.061639, -0.045397, -0.05475, -0.064391, -0.034868, -0.001022, -0.0105, -0.023526, 0.009444, 0.005577, 0.018697, 0.038144, 0.022526, 0.12177, -0.005423, -0.005462, -0.017209, -0.00337, -0.010163, 4.3e-05, -0.000599, -0.002545, -0.000601, -5.7e-05, -0.002007, 0.005142, 0.000487, 0.02467, -0.000563, -8.5e-05, -0.002914, -8.8e-05, -0.000276, -0.000427, -0.008626, -0.040208, 0.008509, 0.002513, -0.001777, 0.077296, 0.022833, -0.004713, -0.005328, -0.002839, 0.002158, -0.000456, 0.000637, -0.009651, -0.096277, -0.20897, 0.067923, 0.010954, -0.051358, 0.264801, 0.042704, -0.151071, -0.022, -0.008392, 0.040292, 0.012582, 0.006498, 0.00106, -0.012524, -0.054356, 0.005356, -0.000426, -0.009814, 0.051084, -0.004064, -0.089268, 0.001441, 0.000301, 0.006945, 0.006258, -0.000553, 0.234402, 0.402779, -0.021557, -0.09449, -0.128092, 0.221101, 0.380423, 0.107096, 0.008698, -0.10852, 0.240906, 0.413731, -0.04473, 0.077396, -0.138108, -0.252333, -0.237143, -0.041501, -0.108657, 0.209725, -0.231622, -0.374682, -0.064962, 0.105191, -0.0924, 0.001829, 0.010362, -0.001348, -0.001294, 0.00212, 0.000101, 0.00179, -9.2e-05, -1.6e-05, 9.4e-05, -0.000254, -0.00735, 0.000186, 6.6e-05, -6.9e-05], [-0.010004, -0.08561, -0.033697, -0.02776, 0.002109, 0.115332, -0.020283, 2.4e-05, 0.001291, 0.083232, 0.00097, 0.053041, 0.084762, -0.003101, -0.0, 0.0, -0.0, 0.0, 0.0, -0.0, 0.0, 0.0, 0.0, 1.0, 0.0, 0.0, 0.0, 0.0, 0.00826, -0.083366, -0.050609, 0.043243, -0.087019, 0.049344, -0.053958, 0.01918, -0.010876, 0.056854, 0.074056, -0.041994, -0.035758, 0.059774, 0.007849, 0.059363, 0.022307, 0.013459, -0.09484, 0.095747, 0.078343, -0.061055, 0.061639, -0.138022, 0.057111, -0.057657, -0.001367, -0.143606, 0.0, 0.002153, 0.016343, -0.001724, -0.00137, 0.000231, -0.02313, -0.032204, 0.005423, 0.000669, 0.001257, -0.000212, 0.00045, -0.000156, -0.0, 1.4e-05, 0.00388, 7e-06, 1e-06, -0.0, -0.009355, -0.001113, 0.000336, 5e-06, 1e-06, -0.0, 0.0, -0.0, 0.0, 2.9e-05, 0.003787, -1.2e-05, -4e-06, 7e-06, -0.007445, -0.003383, 0.005328, 2e-06, 1e-06, -2e-06, -0.0, -1e-06, 0.0, 0.000804, 0.005401, -0.000246, -0.000136, 0.000908, 0.006549, -0.003303, 0.022, -0.000272, 7e-05, -0.000465, -0.00049, -0.000151, 0.0, -0.0, -0.000282, 0.0, -0.0, -0.0, 0.00068, -2.5e-05, -0.000653, 0.0, 0.0, 0.0, 0.0, -0.0, -0.012889, -0.025067, 0.002456, 0.006922, 0.013437, -0.001354, -0.002646, -0.004081, 4e-05, -0.000751, -0.011591, -0.022495, 0.004588, -0.00486, 0.012152, -0.104937, -0.016939, -0.197886, -0.028878, -0.015432, -0.01206, -0.018681, -0.008928, 0.007442, -0.011127, 1.5e-05, 0.002564, -1e-06, -1e-06, -0.0, 0.0, 0.00106, -0.0, -0.0, -0.0, 0.0, 0.000249, 0.0, 0.0, 0.0], [-5.7e-05, -0.000484, -0.00019, 0.002026, -0.010156, 0.00103, 0.002384, -0.011637, 0.00044, 0.00097, 0.036874, -0.004353, 0.001699, 0.021971, -0.0, 0.0, 0.0, -0.0, 0.0, -0.0, 0.0, 0.0, 0.0, 0.0, 1.0, 0.0, 0.0, 0.0, 0.004499, -0.045411, -0.027567, -0.06326, -0.056578, 0.040663, 0.136907, 0.028028, -0.03233, 0.074056, -0.101908, 0.071969, -0.022252, 0.071266, 0.014663, 0.11089, 0.041669, -0.117367, -0.019022, 0.113849, -0.00655, 0.055615, 0.045397, 0.057111, 0.04219, -0.150498, -0.097267, -0.038249, 0.0, 0.002683, 0.02037, -0.002441, -0.001218, 0.000263, -0.044215, -0.014305, 0.005462, 0.001257, 0.001305, -0.000268, 0.000307, -0.000138, -0.0, 2e-06, 0.00064, 1e-06, -0.0, -0.0, -0.001676, 0.001204, 5.2e-05, 1e-06, -0.0, -0.0, -0.0, 0.0, 0.0, 1.8e-05, 0.002284, -8e-06, -1e-06, 4e-06, -0.005419, 0.000511, 0.002839, 1e-06, 0.0, -1e-06, -0.0, -0.0, 0.0, 0.000548, 0.003679, -0.000384, 0.000275, 0.000472, -0.005296, 0.014346, 0.008392, 7e-05, -0.000169, -0.000379, -0.000263, 0.000203, 0.0, -0.0, -3.4e-05, 0.0, 0.0, -0.0, 3.6e-05, 0.000206, -0.00011, 0.0, -0.0, 0.0, 0.0, 0.0, 0.002184, 0.004247, 0.001903, -0.000884, -0.002698, 0.001115, 0.002178, 0.000636, -0.002571, -0.001299, -0.003525, -0.006841, -0.000742, -0.000763, 0.004476, 0.139711, 0.022553, -0.184841, 0.147679, 0.136563, -0.010434, -0.016163, -0.001176, 0.005961, -0.012652, 4.6e-05, 0.007995, -4e-06, -4e-06, -0.0, 0.0, 0.000323, -0.0, -0.0, -0.0, 0.0, 0.000188, 0.0, 0.0, 0.0], [-0.003093, -0.026464, -0.010417, 0.11082, 0.00103, 0.046139, 0.13038, 0.00044, 0.012401, 0.053041, -0.004353, -0.201107, 0.048882, -0.002191, 0.0, 0.0, 0.0, 0.0, -0.0, 0.0, 0.0, 0.0, 0.0, 0.0, 0.0, 1.0, 0.0, 0.0, -0.002551, 0.02575, 0.015632, 0.035872, 0.040663, -0.007927, -0.077634, -0.03233, -0.010652, -0.041994, 0.071969, -0.015801, 0.047597, -0.019486, -0.014803, -0.111951, -0.042068, 0.11849, 0.113849, -0.02119, 0.006613, 0.045397, 0.05475, -0.057657, -0.150498, 0.045056, -0.095599, 0.04046, -0.0, -0.000452, -0.00343, 0.000411, 0.000263, 0.0003, 0.007446, 0.005462, 0.017209, -0.000212, -0.000268, -0.00024, -0.000112, -0.000151, 0.0, -1e-06, -0.000193, -0.0, -0.0, -0.0, 0.000506, 5.2e-05, 0.00136, -0.0, -0.0, -0.0, -0.0, -0.0, 0.0, -2.8e-05, -0.003598, 1.2e-05, 4e-06, -5e-06, 0.008535, 0.002839, -0.002158, -2e-06, -1e-06, 2e-06, 0.0, 1e-06, -0.0, -0.003649, -0.024504, 0.002556, 0.000472, -0.002799, 0.035277, 0.008392, -0.040292, -0.000465, -0.000379, 0.002301, 0.001209, 0.000414, 0.0, -1e-06, -0.000886, 0.0, -0.0, -1e-06, 0.000943, -0.00011, -0.002634, 0.0, 0.0, 1e-06, 1e-06, -0.0, 0.00424, 0.008245, 0.003694, -0.002698, -0.004732, -0.020972, -0.040987, -0.011962, -0.001299, 0.021804, 0.008813, 0.017104, 0.001856, 0.004476, -0.010163, 0.074657, 0.012051, -0.098773, 0.136563, -0.034906, 0.0156, 0.024165, 0.001758, -0.012652, 0.016415, 5e-06, 0.000901, -0.0, -0.0, 0.0, 0.0, 0.000106, -0.0, -0.0, 0.0, -0.0, -0.000272, 0.0, 0.0, 0.0], [-0.017588, -0.150506, -0.059241, -0.028148, 0.007973, 0.204496, -0.012019, 0.004923, 0.004258, 0.084762, 0.001699, 0.048882, 0.191494, -0.01475, -0.0, -0.0, -0.0, -0.0, -0.0, -0.0, -0.0, 0.0, 0.0, 0.0, 0.0, 0.0, 1.0, 0.0, -0.007797, 0.078692, 0.047771, -0.024326, 0.046967, -0.114297, 0.01934, 0.049269, 0.139987, -0.035758, -0.022252, 0.047597, -0.085164, -0.153803, -9e-05, -0.000679, -0.000255, 0.001084, 0.060395, 0.059579, 0.000432, 0.064332, 0.064391, -0.001367, -0.097267, -0.095599, -0.079593, 0.000827, 0.0, 0.00077, 0.005844, -0.000759, -0.000245, 0.00011, -0.015757, 0.001401, 0.00337, 0.00045, 0.000307, -0.000112, 5e-05, -4.8e-05, -0.0, 0.0, 2.8e-05, 0.0, -0.0, -0.0, -7.8e-05, 0.000123, 4.2e-05, 0.0, -0.0, -0.0, 0.0, -0.0, 0.0, -4e-06, -0.0005, 2e-06, 1e-06, -0.0, 0.001334, 0.001078, 0.000456, -0.0, -0.0, 0.0, -0.0, 0.0, -0.0, -0.001915, -0.012864, 0.001537, 0.000304, -0.001279, 0.027319, 0.006922, -0.012582, -0.00049, -0.000263, 0.001209, 0.000505, 0.000239, 0.0, -1e-06, -0.000914, 0.0, -0.0, -1e-06, 0.00142, -0.00013, -0.002499,