{"HF": -367.02084363236, "coordinates": [[0.092449412, 1.578966648, 0.003581262], [-9.515e-05, 0.051980696, -0.040481346], [-1.42661688, -0.472262058, 0.171942988], [-1.508854369, -1.98607529, 0.09779566], [-2.835849058, -2.714827768, -0.112803], [-2.778750598, -2.39244065, -1.63817993], [-2.9356867, -3.852804185, -2.069579543], [-2.060820199, -3.870320867, -0.814710884], [-1.276849299, -2.613673391, -1.283653264], [1.121297526, 1.920823875, -0.14693716], [-0.526504137, 2.0363991, -0.776553031], [-0.250758729, 1.971224838, 0.967829035], [0.37088365, -0.318931387, -1.002883618], [0.658816197, -0.37797799, 0.72559831], [-1.799054944, -0.148287556, 1.154126887], [-2.097303533, -0.022141063, -0.571332086], [-0.842679626, -2.441627933, 0.844105788], [-3.722669291, -2.789309511, 0.527394309], [-3.104857262, -1.486278261, -2.149482342], [-3.93383585, -4.28977638, -1.98463588], [-2.444619758, -4.134883468, -3.004671321], [-1.530819582, -4.696151132, -0.336003344]], "elements": ["C", "C", "C", "C", "C", "C", "C", "C", "N", "H", "H", "H", "H", "H", "H", "H", "H", "H", "H", "H", "H", "H"], "Enn": 452.2524673635, "S": [[1.0, 0.325565, 0.151774, 0.0, 0.0, 0.0, 0.0, 0.0, 0.0, -0.0, 0.0, 0.0, -0.0, 0.0, 0.0, 0.01457, 0.05228, 0.000542, 0.001137, 0.018766, 0.003095, 0.006501, 0.107263, -0.008899, 5.4e-05, 0.000888, -0.015326, 0.001865, 0.0, 5.7e-05, 0.007732, -1e-06, 1.3e-05, 1.7e-05, -0.001285, 0.011592, 0.015652, -1e-06, -0.0, -0.0, -1e-06, 2e-06, 0.0, 0.0, 0.000145, -0.0, 0.0, 0.0, -7e-06, 0.000121, 0.00027, 0.0, 0.0, 0.0, 0.0, 0.0, 0.0, 0.0, 1e-06, 0.0, 0.0, 0.0, 0.0, 0.0, 1e-06, 0.0, 0.0, 0.0, 0.0, 0.0, 0.0, 0.0, 1e-06, 0.0, 0.0, 0.0, 0.0, 1e-06, 1e-06, 0.0, 0.0, 0.0, 0.0, 0.0, 0.0, 0.0, 0.0, 0.0, 0.0, 0.0, 0.0, 0.0, 0.0, 0.0, 0.0, 0.0, 0.0, 0.0, 0.0, 0.0, 0.0, 0.0, 0.0, 0.0, 0.0, 0.0, 0.0, 0.0, 0.0, 0.0, 0.0, 0.0, 0.0, 0.0, 0.0, 0.0, 0.0, 0.0, 0.0, 0.0, 0.0, 0.0, 0.0, 0.0, 0.0, 0.0, 0.049837, 0.086763, 0.011239, -0.076826, -0.025527, 0.049622, 0.086656, 0.057841, 0.04589, -0.033915, 0.049587, 0.086638, -0.071408, 0.025417, -0.029049, 0.000314, 0.019674, 1.7e-05, -5e-06, 3.1e-05, 0.000323, 0.019848, -1.2e-05, -1e-05, 3.4e-05, 3e-06, 0.005073, -0.0, 0.0, 0.0, 4e-06, 0.005513, 0.0, 0.0, 0.0, 0.0, 7.7e-05, 0.0, 0.0, 0.0, 0.0, 0.0, 0.0, 0.0, 0.0, 0.0, 5e-06, 0.0, 0.0, 0.0, 0.0, 0.0, 0.0, 0.0, 0.0, 0.0, 0.0, 0.0, 0.0, 0.0, 0.0, 0.0, 0.0, 0.0, 0.0], [0.325565, 1.0, 0.798485, 0.0, -0.0, 0.0, 0.0, 0.0, 0.0, 0.0, 0.0, 0.0, -0.0, 0.0, 0.01457, 0.185802, 0.349518, 0.006096, 0.012803, 0.211245, 0.015775, 0.033131, 0.546665, -0.084309, 0.00051, 0.008411, -0.145199, 0.017665, 5.7e-05, 0.009077, 0.079412, -0.000671, 0.006058, 0.00818, -0.011452, 0.103332, 0.139531, -0.004196, -0.000576, -0.000777, -0.002138, 0.007013, 0.0, 1.7e-05, 0.00364, -0.0, 5e-06, 1e-05, -0.000203, 0.003443, 0.007664, -2e-06, -0.0, -0.0, -3e-06, 3e-06, 0.0, 0.0, 5.8e-05, 0.0, 0.0, 0.0, 2e-06, 6.1e-05, 8.9e-05, -0.0, 0.0, 0.0, -0.0, 0.0, 0.0, 0.0, 6.5e-05, 0.0, 0.0, 0.0, 3.9e-05, 6.7e-05, 9.3e-05, -0.0, 0.0, 0.0, -0.0, 0.0, 0.0, 0.0, 0.0, 0.0, 0.0, 0.0, 0.0, 0.0, 0.0, 0.0, 0.0, 0.0, 0.0, 0.0, 0.0, 0.0, 3e-06, 0.0, 0.0, 0.0, 1e-06, 2e-06, 5e-06, 0.0, 0.0, 0.0, 0.0, 0.0, 0.0, 0.0, 5.8e-05, -0.0, -0.0, -0.0, 3.1e-05, 3.3e-05, 0.0001, -0.0, 0.0, 0.0, -0.0, 0.0, 0.366928, 0.520385, 0.04966, -0.339443, -0.112787, 0.366076, 0.51988, 0.256672, 0.203642, -0.1505, 0.365937, 0.519797, -0.317103, 0.112868, -0.128998, 0.024154, 0.161849, 0.011752, -0.003251, 0.022161, 0.024542, 0.162978, -0.0086, -0.006746, 0.023309, 0.002134, 0.055684, -0.000635, 0.001043, 0.000953, 0.002476, 0.059451, 0.000382, 0.001457, 0.001065, 1e-06, 0.002063, -0.0, 0.0, 0.0, 0.0, 9e-06, 0.0, 0.0, 0.0, 0.0, 0.000234, 0.0, 0.0, 0.0, 0.0, 0.0, 0.0, 0.0, 0.0, 0.0, 0.0, 0.0, 0.0, 0.0, 0.0, 1e-06, 0.0, 0.0, 0.0], [0.151774, 0.798485, 1.0, -0.0, -0.0, 0.0, -0.0, 0.0, -0.0, -0.0, 0.0, 0.0, -0.0, 0.0, 0.05228, 0.349518, 0.578429, 0.00579, 0.012161, 0.200651, 0.016585, 0.034833, 0.574753, -0.03448, 0.000208, 0.00344, -0.059382, 0.007224, 0.007732, 0.079412, 0.216666, -0.004435, 0.040011, 0.054028, -0.022013, 0.198612, 0.26819, -0.017626, -0.002418, -0.003265, -0.008981, 0.029459, 0.000145, 0.00364, 0.0281, -8.9e-05, 0.001511, 0.003364, -0.001366, 0.02321, 0.051673, -0.001244, -4.3e-05, -9.5e-05, -0.001433, 0.001612, 1e-06, 5.8e-05, 0.001806, 1e-06, 3.2e-05, 4.7e-05, 8.8e-05, 0.002209, 0.00324, -2e-05, 1e-06, 1e-06, -1.2e-05, 3.2e-05, 1e-06, 6.5e-05, 0.001944, 2e-05, 3.5e-05, 4.9e-05, 0.001341, 0.002345, 0.003243, -1.5e-05, 1.4e-05, 1.9e-05, -1.1e-05, 3.3e-05, 0.0, 0.0, 4.3e-05, 0.0, 0.0, 0.0, 2.8e-05, 4.1e-05, 7.4e-05, -0.0, 0.0, 0.0, -0.0, 0.0, 0.0, 3e-06, 0.00028, 0.0, 1e-06, 3e-06, 8.3e-05, 0.000218, 0.000552, -1e-06, 0.0, 0.0, -1e-06, 1e-06, -8e-06, 0.000212, 0.002917, -5.8e-05, -6.2e-05, -0.000189, 0.001674, 0.001781, 0.005453, -7.4e-05, 2.8e-05, 8.6e-05, -0.000125, 9.1e-05, 0.45381, 0.762581, 0.025633, -0.175211, -0.058218, 0.453323, 0.762082, 0.132701, 0.105284, -0.077809, 0.453243, 0.762, -0.163987, 0.058369, -0.06671, 0.125205, 0.346841, 0.042106, -0.011648, 0.079399, 0.126166, 0.348472, -0.030459, -0.023893, 0.082556, 0.038805, 0.168868, -0.01335, 0.021947, 0.020041, 0.041691, 0.176492, 0.007217, 0.027487, 0.020098, 0.001063, 0.018281, -0.000186, 0.000207, 0.000888, 3e-06, 0.000478, -0.0, 1e-06, 1e-06, 0.0001, 0.004215, 3.5e-05, 5.2e-05, 5e-05, 0.0, 4e-06, 0.0, 0.0, 0.0, 0.0, 1.9e-05, 0.0, 0.0, 0.0, 0.0, 7.5e-05, 0.0, 0.0, 0.0], [0.0, 0.0, -0.0, 1.0, 0.0, 0.0, 0.531899, 0.0, 0.0, -0.0, -0.0, 0.0, 0.0, -0.0, -0.000542, -0.006096, -0.00579, 0.066397, -0.000569, -0.009396, 0.191745, -0.00068, -0.011222, 0.008756, 0.006525, 0.107661, 0.008872, -0.001079, 1e-06, 0.000671, 0.004435, 0.00092, 0.000491, 0.000663, 0.030373, 0.006881, 0.009292, -0.000464, 0.000713, 0.000963, -0.000187, 0.000613, 0.0, 0.0, 8.9e-05, 0.0, 0.0, 0.0, 0.000718, 9.4e-05, 0.000209, -0.0, 0.0, 0.0, -0.0, 0.0, 0.0, -0.0, -1e-06, 0.0, -0.0, -0.0, 5e-06, -1e-06, -2e-06, 0.0, 0.0, 0.0, 0.0, 0.0, 0.0, -0.0, -2e-05, -0.0, -0.0, -0.0, -7e-06, -2.2e-05, -3e-05, 0.0, 0.0, 0.0, 0.0, 0.0, 0.0, 0.0, -0.0, 0.0, 0.0, 0.0, -0.0, -0.0, -0.0, 0.0, 0.0, 0.0, 0.0, 0.0, 0.0, 0.0, -0.0, 0.0, 0.0, 0.0, 0.0, -0.0, -1e-06, 0.0, 0.0, 0.0, 0.0, 0.0, 0.0, -0.0, -1.5e-05, 0.0, 0.0, 0.0, -4e-06, -9e-06, -2.7e-05, 0.0, -0.0, -0.0, 0.0, -0.0, -0.053741, -0.028684, 0.19094, 0.078758, 0.026169, -0.277705, -0.148513, -0.106617, -0.244636, 0.180796, 0.343076, 0.183532, -0.269155, 0.167559, -0.191506, -0.013292, -0.054279, -0.004286, 0.002057, -0.014019, 0.009715, 0.039232, -0.000695, -0.003075, 0.010625, 0.000893, 0.019633, -0.00016, 0.000389, 0.000355, -0.00053, -0.010527, 2.2e-05, -0.000282, -0.000207, 0.0, 0.000415, -0.0, 0.0, 0.0, 0.0, 1e-06, 0.0, 0.0, 0.0, -0.0, -0.000103, 0.0, 0.0, 0.0, 0.0, -0.0, 0.0, 0.0, 0.0, 0.0, -0.0, 0.0, 0.0, 0.0, 0.0, -0.0, 0.0, 0.0, 0.0], [0.0, -0.0, -0.0, 0.0, 1.0, 0.0, 0.0, 0.531899, 0.0, 0.0, -0.0, -0.0, -0.0, 0.0, -0.001137, -0.012803, -0.012161, -0.000569, 0.065472, -0.019735, -0.00068, 0.19064, -0.023569, 0.007035, 0.003056, -0.001079, 0.025191, 0.105908, -1.3e-05, -0.006058, -0.040011, 0.000491, -0.003457, -0.005984, 0.006881, -0.030953, -0.08384, 0.002869, 0.000369, 0.000613, 0.00245, -0.0045, -0.0, -5e-06, -0.001511, 0.0, -1e-06, -2e-06, 9.4e-05, -0.000869, -0.003544, 0.0, 0.0, 0.0, 0.0, -0.0, 0.0, -0.0, -3.2e-05, -0.0, -0.0, -0.0, -1e-06, -3e-05, -5.1e-05, 0.0, 0.0, 0.0, 0.0, 0.0, 0.0, -0.0, -3.5e-05, -0.0, -0.0, -0.0, -2.2e-05, -3.3e-05, -5.3e-05, 0.0, 0.0, 0.0, 0.0, 0.0, 0.0, 0.0, -0.0, 0.0, 0.0, 0.0, -0.0, -0.0, -0.0, 0.0, 0.0, 0.0, 0.0, 0.0, 0.0, 0.0, -1e-06, 0.0, 0.0, 0.0, -0.0, -0.0, -2e-06, 0.0, 0.0, 0.0, 0.0, 0.0, 0.0, -0.0, -1.6e-05, 0.0, 0.0, 0.0, -9e-06, -5e-06, -2.8e-05, 0.0, -0.0, -0.0, 0.0, -0.0, 0.36734, 0.196067, 0.078758, -0.33588, -0.178876, -0.220329, -0.11783, -0.244636, 0.007632, 0.143442, -0.122112, -0.065325, 0.167559, 0.141964, 0.068163, 0.003677, 0.015016, 0.002057, 0.002579, 0.003878, 0.007621, 0.030774, -0.003075, 0.000813, 0.008335, -0.001467, -0.032277, 0.000389, -0.000562, -0.000584, -0.002019, -0.040097, -0.000282, -0.000979, -0.000787, -0.0, -0.000462, 0.0, -0.0, -0.0, 0.0, -6e-06, 0.0, 0.0, 0.0, -0.0, -0.000153, 0.0, 0.0, 0.0, 0.0, -0.0, 0.0, 0.0, 0.0, 0.0, -0.0, 0.0, 0.0, 0.0, 0.0, -0.0, 0.0, 0.0, 0.0], [0.0, 0.0, 0.0, 0.0, 0.0, 1.0, 0.0, 0.0, 0.531899, -0.0, -0.0, -0.0, -0.0, -0.0, -0.018766, -0.211245, -0.200651, -0.009396, -0.019735, -0.258962, -0.011222, -0.023569, -0.196824, 0.116075, -0.001079, -0.014689, 0.199294, -0.03085, -1.7e-05, -0.00818, -0.054028, 0.000663, -0.005984, -0.007105, 0.009292, -0.08384, -0.082075, 0.003874, 0.000613, 0.000743, 0.001246, -0.006705, -0.0, -1e-05, -0.003364, 0.0, -2e-06, -4e-06, 0.000209, -0.003544, -0.007168, 1e-06, 0.0, 0.0, 1e-06, -1e-06, 0.0, -0.0, -4.7e-05, -0.0, -0.0, -0.0, -2e-06, -5.1e-05, -7e-05, 0.0, 0.0, 0.0, 0.0, 0.0, 0.0, -0.0, -4.9e-05, -0.0, -0.0, -0.0, -3e-05, -5.3e-05, -6.8e-05, 0.0, 0.0, 0.0, 0.0, 0.0, 0.0, 0.0, -0.0, 0.0, 0.0, 0.0, -0.0, -0.0, -0.0, 0.0, 0.0, 0.0, 0.0, 0.0, 0.0, 0.0, -3e-06, 0.0, 0.0, 0.0, -1e-06, -2e-06, -4e-06, 0.0, 0.0, 0.0, 0.0, 0.0, 0.0, -0.0, -5e-05, 0.0, 0.0, 0.0, -2.7e-05, -2.8e-05, -8.2e-05, 0.0, -0.0, -0.0, 0.0, -0.0, 0.122057, 0.065148, 0.026169, -0.178876, 0.143026, 0.162832, 0.087081, 0.180796, 0.143442, 0.095714, 0.139564, 0.074661, -0.191506, 0.068163, 0.123699, -0.025064, -0.102354, -0.014019, 0.003878, -0.023288, -0.026332, -0.106334, 0.010625, 0.008335, -0.025573, -0.00134, -0.029474, 0.000355, -0.000584, -0.000456, -0.001476, -0.029318, -0.000207, -0.000787, -0.000479, -1e-06, -0.001985, 0.0, -0.0, -0.0, 0.0, -7e-06, 0.0, 0.0, 0.0, -0.0, -0.000147, 0.0, 0.0, 0.0, 0.0, -0.0, 0.0, 0.0, 0.0, 0.0, -0.0, 0.0, 0.0, 0.0, 0.0, -1e-06, 0.0, 0.0, 0.0], [0.0, 0.0, -0.0, 0.531899, 0.0, 0.0, 1.0, 0.0, 0.0, 0.0, 0.0, 0.0, 0.0, 0.0, -0.003095, -0.015775, -0.016585, 0.191745, -0.00068, -0.011222, 0.527502, -0.001174, -0.019373, 0.006676, 0.007897, 0.130304, 0.004007, -0.000487, 0.001285, 0.011452, 0.022013, 0.030373, 0.006881, 0.009292, 0.165383, 0.023425, 0.031631, -0.006017, 0.018477, 0.02495, -0.001829, 0.005999, 7e-06, 0.000203, 0.001366, 0.000718, 9.4e-05, 0.000209, 0.015433, 0.001276, 0.00284, -0.000112, 0.000363, 0.000808, -0.0001, 0.000112, -0.0, -2e-06, -8.8e-05, 5e-06, -1e-06, -2e-06, 0.000627, -0.000117, -0.000172, 1e-06, 3e-06, 4e-06, 1e-06, -1e-06, -0.0, -3.9e-05, -0.001341, -7e-06, -2.2e-05, -3e-05, -0.000323, -0.001768, -0.002445, 1.2e-05, -5e-06, -7e-06, 7e-06, -2.1e-05, -0.0, -0.0, -2.8e-05, -0.0, -0.0, -0.0, -1.1e-05, -2.8e-05, -5e-05, 0.0, -0.0, -0.0, 0.0, -0.0, -0.0, -1e-06, -8.3e-05, 0.0, -0.0, -1e-06, 4.6e-05, -6.9e-05, -0.000174, 0.0, 0.0, 0.0, 0.0, -0.0, 3e-06, -0.000118, -0.001823, 1.2e-05, 3.7e-05, 0.000113, -7.1e-05, -0.001225, -0.003752, 6.2e-05, -7e-06, -2.1e-05, 8.3e-05, -6.1e-05, -0.077691, -0.073158, 0.260902, 0.037782, 0.012554, -0.402182, -0.37891, 0.117786, -0.117652, 0.08695, 0.496999, 0.46828, 0.039524, 0.080616, -0.092138, -0.120863, -0.209909, 0.003894, 0.013804, -0.094092, 0.087458, 0.151345, 0.028382, -0.020336, 0.070266, 0.036816, 0.110779, -0.002646, 0.024853, 0.022695, -0.019947, -0.058043, 0.009512, -0.015726, -0.011498, 0.000469, 0.007434, 4.8e-05, 9.8e-05, 0.000422, 0.0, 9.2e-05, 0.0, 0.0, 0.0, -8.5e-05, -0.003939, -2.2e-05, -4.4e-05, -4.2e-05, -0.0, -2e-06, -0.0, -0.0, -0.0, -0.0, -1.7e-05, -0.0, -0.0, -0.0, -0.0, -8e-06, 0.0, -0.0, -0.0], [0.0, 0.0, 0.0, 0.0, 0.531899, 0.0, 0.0, 1.0, 0.0, 0.0, 0.0, 0.0, 0.0, 0.0, -0.006501, -0.033131, -0.034833, -0.00068, 0.19064, -0.023569, -0.001174, 0.525596, -0.040688, 0.000319, 0.003737, -0.000487, 0.016326, 0.129512, -0.011592, -0.103332, -0.198612, 0.006881, -0.030953, -0.08384, 0.023425, -0.043373, -0.285393, 0.021434, 0.00234, 0.005999, 0.035472, -0.028512, -0.000121, -0.003443, -0.02321, 9.4e-05, -0.000869, -0.003544, 0.001276, -0.006174, -0.04827, 0.001264, 2.9e-05, 0.000112, 0.002065, -0.001098, -0.0, -6.1e-05, -0.002209, -1e-06, -3e-05, -5.1e-05, -0.000117, -0.00232, -0.004328, 2e-05, -1e-06, -1e-06, 1.7e-05, -3.1e-05, -1e-06, -6.7e-05, -0.002345, -2.2e-05, -3.3e-05, -5.3e-05, -0.001768, -0.002403, -0.004276, 1.5e-05, -1.3e-05, -2.1e-05, 1.6e-05, -3.2e-05, -0.0, -0.0, -4.1e-05, -0.0, -0.0, -0.0, -2.8e-05, -3.3e-05, -7.3e-05, 0.0, -0.0, -0.0, 0.0, -0.0, -0.0, -2e-06, -0.000218, -0.0, -0.0, -2e-06, -6.9e-05, -0.00011, -0.000459, 0.0, -0.0, -0.0, 1e-06, -0.0, 3e-06, -0.000126, -0.001939, 3.7e-05, 1.7e-05, 0.00012, -0.001225, -0.000223, -0.003992, 4.6e-05, -9e-06, -6.1e-05, 0.000101, -2.8e-05, 0.531048, 0.500062, 0.037782, 0.008172, -0.085812, -0.319089, -0.300625, -0.117652, 0.172731, 0.068985, -0.176899, -0.166677, 0.080616, 0.237323, 0.032795, 0.033436, 0.058071, 0.013804, 0.049973, 0.02603, 0.068604, 0.118719, -0.020336, 0.038354, 0.055118, -0.060526, -0.182121, 0.024853, -0.028388, -0.037311, -0.075975, -0.221076, -0.015726, -0.046256, -0.043796, -0.000522, -0.00827, 9.8e-05, 2.7e-05, -0.00047, -3e-06, -0.000674, 0.0, -1e-06, -1e-06, -0.000126, -0.00585, -4.4e-05, -5.8e-05, -6.2e-05, -0.0, -5e-06, -0.0, -0.0, -0.0, -0.0, -1.4e-05, -0.0, -0.0, -0.0, -0.0, -3.9e-05, -0.0, -0.0, -0.0], [0.0, 0.0, -0.0, 0.0, 0.0, 0.531899, 0.0, 0.0, 1.0, -0.0, 0.0, 0.0, -0.0, 0.0, -0.107263, -0.546665, -0.574753, -0.011222, -0.023569, -0.196824, -0.019373, -0.040688, -0.143293, 0.005256, -0.000487, -0.004276, 0.008312, -0.008981, -0.015652, -0.139531, -0.26819, 0.009292, -0.08384, -0.082075, 0.031631, -0.285393, -0.217394, 0.028943, 0.005999, 0.005998, -0.003332, -0.05412, -0.00027, -0.007664, -0.051673, 0.000209, -0.003544, -0.007168, 0.00284, -0.04827, -0.091958, 0.002814, 0.000112, 0.000229, 0.002968, -0.003891, -1e-06, -8.9e-05, -0.00324, -2e-06, -5.1e-05, -7e-05, -0.000172, -0.004328, -0.005715, 3e-05, -1e-06, -2e-06, 1.6e-05, -4.9e-05, -1e-06, -9.3e-05, -0.003243, -3e-05, -5.3e-05, -6.8e-05, -0.002445, -0.004276, -0.005226, 2.1e-05, -2.1e-05, -2.7e-05, 1.2e-05, -4.7e-05, -0.0, -0.0, -7.4e-05, -0.0, -0.0, -0.0, -5e-05, -7.3e-05, -0.000123, 0.0, -0.0, -0.0, 0.0, -0.0, -0.0, -5e-06, -0.000552, -1e-06, -2e-06, -4e-06, -0.000174, -0.000459, -0.00109, 1e-06, -0.0, -1e-06, 2e-06, -2e-06, 1.1e-05, -0.000386, -0.005937, 0.000113, 0.00012, 0.000346, -0.003752, -0.003992, -0.011141, 0.00014, -6.1e-05, -0.000176, 0.000235, -0.000187, 0.176452, 0.166157, 0.012554, -0.085812, 0.237917, 0.23582, 0.222174, 0.08695, 0.068985, 0.215092, 0.202181, 0.190497, -0.092138, 0.032795, 0.228535, -0.227913, -0.395828, -0.094092, 0.02603, -0.123639, -0.237044, -0.410203, 0.070266, 0.055118, -0.136141, -0.05527, -0.166306, 0.022695, -0.037311, -0.0216, -0.055551, -0.161647, -0.011498, -0.043796, -0.018382, -0.002245, -0.035559, 0.000422, -0.00047, -0.001884, -3e-06, -0.000771, 0.0, -1e-06, -1e-06, -0.00012, -0.005608, -4.2e-05, -6.2e-05, -5.3e-05, -0.0, -7e-06, -0.0, -0.0, -0.0, -0.0, -3.2e-05, -0.0, -0.0, -0.0, -0.0, -0.000152, -0.0, -0.0, -0.0], [-0.0, 0.0, -0.0, -0.0, 0.0, -0.0, 0.0, 0.0, -0.0, 1.0, 0.0, 0.0, 0.0, 0.0, -0.008899, -0.084309, -0.03448, -0.008756, -0.007035, -0.116075, -0.006676, -0.000319, -0.005256, 0.087269, -0.001028, -0.016961, 0.090284, -0.010984, -1e-06, -0.004196, -0.017626, 0.000464, -0.002869, -0.003874, 0.006017, -0.021434, -0.028943, 0.002012, 0.000376, 0.000508, 0.000988, -0.00324, 0.0, -2e-06, -0.001244, 0.0, -0.0, -1e-06, 0.000112, -0.001264, -0.002814, 0.0, 0.0, 0.0, 0.0, -0.0, 0.0, -0.0, -2e-05, 0.0, 0.0, 0.0, -1e-06, -2e-05, -3e-05, 0.0, 0.0, 0.0, 0.0, 0.0, 0.0, -0.0, -1.5e-05, 0.0, 0.0, 0.0, -1.2e-05, -1.5e-05, -2.1e-05, 0.0, 0.0, 0.0, 0.0, 0.0, 0.0, 0.0, -0.0, 0.0, 0.0, 0.0, -0.0, -0.0, -0.0, 0.0, 0.0, 0.0, 0.0, 0.0, 0.0, 0.0, -1e-06, 0.0, 0.0, 0.0, -0.0, -0.0, -1e-06, 0.0, 0.0, 0.0, 0.0, 0.0, 0.0, -0.0, -1.4e-05, 0.0, 0.0, 0.0, -9e-06, -7e-06, -2.2e-05, 0.0, 0.0, 0.0, 0.0, 0.0, -0.141883, -0.023133, -0.095889, 0.111392, 0.037012, 0.078163, 0.012777, -0.15165, 0.205624, -0.151964, 0.198503, 0.032463, -0.045361, 0.196757, -0.224877, -0.004465, -0.009038, -0.005258, 0.000454, -0.003096, -0.008573, -0.01712, 0.005736, 0.002403, -0.008304, -0.000403, -0.006402, 0.000109, -0.000109, -9.9e-05, -0.000842, -0.011797, -0.00011, -0.000311, -0.000227, -0.0, -0.000615, 0.0, -0.0, -0.0, 0.0, -3e-06, 0.0, 0.0, 0.0, -0.0, -3.5e-05, 0.0, 0.0, 0.0, 0.0, -0.0, 0.0, 0.0, 0.0, 0.0, -0.0, 0.0, 0.0, 0.0, 0.0, -0.0, 0.0, 0.0, 0.0], [0.0, 0.0, 0.0, -0.0, -0.0, -0.0, 0.0, 0.0, 0.0, 0.0, 1.0, 0.0, 0.0, 0.0, 5.4e-05, 0.00051, 0.000208, -0.006525, -0.003056, 0.001079, -0.007897, -0.003737, 0.000487, -0.001028, 0.034185, -0.014147, -0.001773, -0.006608, -0.0, -0.000576, -0.002418, -0.000713, -0.000369, -0.000613, -0.018477, -0.00234, -0.005999, 0.000376, -0.000448, -0.000714, 0.000237, -0.000481, 0.0, -0.0, -4.3e-05, -0.0, -0.0, -0.0, -0.000363, -2.9e-05, -0.000112, 0.0, -0.0, -0.0, 0.0, -0.0, 0.0, 0.0, 1e-06, 0.0, 0.0, 0.0, -3e-06, 1e-06, 1e-06, 0.0, 0.0, 0.0, 0.0, 0.0, 0.0, 0.0, 1.4e-05, 0.0, 0.0, 0.0, 5e-06, 1.3e-05, 2.1e-05, 0.0, 0.0, 0.0, 0.0, 0.0, 0.0, 0.0, 0.0, 0.0, 0.0, 0.0, 0.0, 0.0, 0.0, 0.0, 0.0, 0.0, 0.0, 0.0, 0.0, 0.0, 0.0, 0.0, 0.0, 0.0, -0.0, 0.0, 0.0, 0.0, 0.0, 0.0, 0.0, 0.0, 0.0, 0.0, 5e-06, 0.0, 0.0, 0.0, 1e-06, 2e-06, 9e-06, 0.0, 0.0, 0.0, 0.0, 0.0, -0.067352, -0.010981, 0.293775, 0.093012, 0.046174, 0.209231, 0.034203, 0.139012, 0.022407, -0.191851, -0.143312, -0.023437, 0.172704, 0.194378, 0.112676, -0.002621, -0.005306, -0.001094, -0.001625, -0.003152, 0.003907, 0.007803, -0.000592, 0.000129, 0.004886, -0.000776, -0.012331, 0.000114, -0.00023, -0.000233, 0.000548, 0.007681, -4e-06, 0.00021, 0.000165, -0.0, -0.000107, 0.0, -0.0, -0.0, 0.0, -1e-06, 0.0, 0.0, 0.0, 0.0, 8e-05, 0.0, 0.0, 0.0, 0.0, 0.0, 0.0, 0.0, 0.0, 0.0, 0.0, 0.0, 0.0, 0.0, 0.0, 0.0, 0.0, 0.0, 0.0], [0.0, 0.0, 0.0, 0.0, -0.0, -0.0, 0.0, 0.0, 0.0, 0.0, 0.0, 1.0, 0.0, 0.0, 0.000888, 0.008411, 0.00344, -0.107661, 0.001079, 0.014689, -0.130304, 0.000487, 0.004276, -0.016961, -0.014147, -0.198382, -0.015703, 0.002324, -0.0, -0.000777, -0.003265, -0.000963, -0.000613, -0.000743, -0.02495, -0.005999, -0.005998, 0.000508, -0.000714, -0.000884, 0.000148, -0.000702, 0.0, -0.0, -9.5e-05, -0.0, -0.0, -0.0, -0.000808, -0.000112, -0.000229, 0.0, -0.0, -0.0, 0.0, -0.0, 0.0, 0.0, 1e-06, 0.0, 0.0, 0.0, -4e-06, 1e-06, 2e-06, 0.0, 0.0, 0.0, 0.0, 0.0, 0.0, 0.0, 1.9e-05, 0.0, 0.0, 0.0, 7e-06, 2.1e-05, 2.7e-05, 0.0, 0.0, 0.0, 0.0, 0.0, 0.0, 0.0, 0.0, 0.0, 0.0, 0.0, 0.0, 0.0, 0.0, 0.0, 0.0, 0.0, 0.0, 0.0, 0.0, 0.0, 0.0, 0.0, 0.0, 0.0, -0.0, 0.0, 1e-06, 0.0, 0.0, 0.0, 0.0, 0.0, 0.0, 0.0, 1.6e-05, 0.0, 0.0, 0.0, 4e-06, 9e-06, 2.7e-05, 0.0, 0.0, 0.0, 0.0, 0.0, -0.022379, -0.003649, 0.097613, 0.046174, -0.030611, -0.154631, -0.025277, -0.102735, -0.191851, -0.095401, 0.163794, 0.026787, -0.197387, 0.112676, 0.164185, 0.017866, 0.036166, 0.007457, -0.003152, 0.019397, -0.013501, -0.026963, 0.002046, 0.004886, -0.015338, -0.000709, -0.011261, 0.000104, -0.000233, -0.000188, 0.000401, 0.005617, -3e-06, 0.000165, 0.000104, -0.0, -0.000461, 0.0, -0.0, -0.0, 0.0, -1e-06, 0.0, 0.0, 0.0, 0.0, 7.7e-05, 0.0, 0.0, 0.0, 0.0, 0.0, 0.0, 0.0, 0.0, 0.0, 0.0, 0.0, 0.0, 0.0, 0.0, 0.0, 0.0, 0.0, 0.0], [-0.0, -0.0, -0.0, 0.0, -0.0, -0.0, 0.0, 0.0, -0.0, 0.0, 0.0, 0.0, 1.0, 0.0, -0.015326, -0.145199, -0.059382, -0.008872, -0.025191, -0.199294, -0.004007, -0.016326, -0.008312, 0.090284, -0.001773, -0.015703, 0.187677, -0.047207, -1e-06, -0.002138, -0.008981, 0.000187, -0.00245, -0.001246, 0.001829, -0.035472, 0.003332, 0.000988, 0.000237, 0.000148, -0.000894, -0.002108, 0.0, -3e-06, -0.001433, 0.0, -0.0, -1e-06, 0.0001, -0.002065, -0.002968, 0.0, 0.0, 0.0, 0.0, -0.0, 0.0, -0.0, -1.2e-05, 0.0, 0.0, 0.0, -1e-06, -1.7e-05, -1.6e-05, 0.0, 0.0, 0.0, 0.0, 0.0, 0.0, -0.0, -1.1e-05, 0.0, 0.0, 0.0, -7e-06, -1.6e-05, -1.2e-05, 0.0, 0.0, 0.0, 0.0, 0.0, 0.0, 0.0, -0.0, 0.0, 0.0, 0.0, -0.0, -0.0, -0.0, 0.0, 0.0, 0.0, 0.0, 0.0, 0.0, 0.0, -1e-06, 0.0, 0.0, 0.0, -0.0, -1e-06, -2e-06, 0.0, 0.0, 0.0, 0.0, 0.0, 0.0, -0.0, -2.4e-05, 0.0, 0.0, 0.0, -1.3e-05, -1.5e-05, -3.7e-05, 0.0, 0.0, 0.0, 0.0, 0.0, 0.204774, 0.033387, 0.061811, -0.108396, -0.244754, 0.037668, 0.006158, 0.058904, -0.141448, -0.173613, -0.007811, -0.001277, 0.015096, -0.109649, -0.113037, -0.016482, -0.033365, -0.010511, 0.003486, -0.015884, -0.016764, -0.033479, 0.007734, 0.007277, -0.016779, 0.000106, 0.001684, -2.1e-05, -6e-06, 6.9e-05, 0.000486, 0.006808, 5.3e-05, 0.000137, 0.000192, -0.0, -0.001043, 0.0, -0.0, -0.0, 0.0, -1e-06, 0.0, 0.0, 0.0, 0.0, 5e-06, 0.0, 0.0, 0.0, 0.0, -0.0, 0.0, 0.0, 0.0, 0.0, -0.0, 0.0, 0.0, 0.0, 0.0, -0.0, 0.0, 0.0, 0.0], [0.0, 0.0, 0.0, -0.0, 0.0, -0.0, 0.0, 0.0, 0.0, 0.0, 0.0, 0.0, 0.0, 1.0, 0.001865, 0.017665, 0.007224, 0.001079, -0.105908, 0.03085, 0.000487, -0.129512, 0.008981, -0.010984, -0.006608, 0.002324, -0.047207, -0.194608, 2e-06, 0.007013, 0.029459, -0.000613, 0.0045, 0.006705, -0.005999, 0.028512, 0.05412, -0.00324, -0.000481, -0.000702, -0.002108, 0.005377, 0.0, 3e-06, 0.001612, -0.0, 0.0, 1e-06, -0.000112, 0.001098, 0.003891, -0.0, -0.0, -0.0, -0.0, 0.0, 0.0, 0.0, 3.2e-05, 0.0, 0.0, 0.0, 1e-06, 3.1e-05, 4.9e-05, 0.0, 0.0, 0.0, 0.0, 0.0, 0.0, 0.0, 3.3e-05, 0.0, 0.0, 0.0, 2.1e-05, 3.2e-05, 4.7e-05, 0.0, 0.0, 0.0, 0.0, 0.0, 0.0, 0.0, 0.0, 0.0, 0.0, 0.0, 0.0, 0.0, 0.0, 0.0, 0.0, 0.0, 0.0, 0.0, 0.0, 0.0, 1e-06, 0.0, 0.0, 0.0, 0.0, 0.0, 2e-06, 0.0, 0.0, 0.0, 0.0, 0.0, 0.0, 0.0, 1.7e-05, 0.0, 0.0, 0.0, 9e-06, 6e-06, 2.9e-05, 0.0, 0.0, 0.0, 0.0, 0.0, 0.15297, 0.024941, 0.046174, -0.211248, 0.209235, -0.122683, -0.020055, -0.191851, -0.013138, -0.075691, -0.0583, -0.009534, 0.112676, 0.079073, -0.058439, -0.004942, -0.010005, -0.003152, -0.003065, -0.005366, -0.010591, -0.02115, 0.004886, -0.00035, -0.012032, 0.001165, 0.018512, -0.000233, 0.000346, 0.000309, 0.001527, 0.021392, 0.000165, 0.000584, 0.000397, 0.0, 0.000513, -0.0, 0.0, 0.0, 0.0, 5e-06, 0.0, 0.0, 0.0, 0.0, 0.000114, 0.0, 0.0, 0.0, 0.0, 0.0, 0.0, 0.0, 0.0, 0.0, 0.0, 0.0, 0.0, 0.0, 0.0, 0.0, 0.0, 0.0, 0.0], [0.0, 0.01457, 0.05228, -0.000542, -0.001137, -0.018766, -0.003095, -0.006501, -0.107263, -0.008899, 5.4e-05, 0.000888, -0.015326, 0.001865, 1.0, 0.325565, 0.151774, -0.0, -0.0, 0.0, 0.0, -0.0, 0.0, -0.0, 0.0, 0.0, -0.0, 0.0, 0.0, 0.014327, 0.051978, -0.002553, 0.017145, 0.006301, -0.014822, 0.099534, 0.036579, -0.008196, -0.003876, -0.001425, 0.011258, 0.009567, 0.0, 6.5e-05, 0.00807, -1e-06, 1.5e-05, 2e-05, -0.001109, 0.012101, 0.016346, -1e-06, -0.0, -0.0, -1e-06, 2e-06, 0.0, 0.0, 0.00012, 0.0, 0.0, 0.0, 4e-06, 0.000172, 0.000168, 0.0, 0.0, 0.0, 0.0, 0.0, 0.0, 0.0, 9.4e-05, 0.0, 0.0, 0.0, 7.3e-05, 0.000126, 0.000111, 0.0, 0.0, 0.0, 0.0, 0.0, 0.0, 0.0, 0.0, 0.0, 0.0, 0.0, 0.0, 0.0, 0.0, 0.0, 0.0, 0.0, 0.0, 0.0, 0.0, 0.0, 1.5e-05, 0.0, 0.0, 0.0, 4e-06, 1.1e-05, 2.2e-05, 0.0, 0.0, 0.0, 0.0, 0.0, 0.0, 0.0, 0.000259, -0.0, -0.0, -0.0, 0.000207, 0.000213, 0.000444, 0.0, 0.0, 0.0, 0.0, 0.0, 0.000284, 0.019106, 1e-06, -1.6e-05, -2.6e-05, 0.000286, 0.019144, 1e-05, 7e-06, -2.8e-05, 0.000283, 0.019094, -1.4e-05, 3e-06, -2.7e-05, 0.049588, 0.086639, 0.071274, -0.027474, 0.027469, 0.049259, 0.086474, -0.056114, -0.048264, 0.031494, 0.000309, 0.019583, -1.9e-05, 2.9e-05, 3e-06, 0.000317, 0.019732, 9e-06, 3.5e-05, 1e-06, 4e-06, 0.005463, -0.0, 0.0, 0.0, 0.0, 1.1e-05, 0.0, 0.0, 0.0, 0.0, 0.000134, 0.0, 0.0, 0.0, 0.0, 0.0, 0.0, 0.0, 0.0, 0.0, 0.0, 0.0, 0.0, 0.0, 0.0, 4e-06, 0.0, 0.0, 0.0], [0.01457, 0.185802, 0.349518, -0.006096, -0.012803, -0.211245, -0.015775, -0.033131, -0.546665, -0.084309, 0.00051, 0.008411, -0.145199, 0.017665, 0.325565, 1.0, 0.798485, -0.0, -0.0, 0.0, 0.0, -0.0, 0.0, 0.0, 0.0, 0.0, -0.0, 0.0, 0.014327, 0.18411, 0.347953, -0.029068, 0.195203, 0.071736, -0.075667, 0.508136, 0.186738, -0.079124, -0.037421, -0.013752, 0.108681, 0.092352, 6.5e-05, 0.009713, 0.082098, -0.000597, 0.00651, 0.008794, -0.009763, 0.106528, 0.1439, -0.004545, -0.000514, -0.000694, -0.002312, 0.007574, 0.0, 1.3e-05, 0.00314, 0.0, 6e-06, 5e-06, 0.000132, 0.005165, 0.00504, -2e-06, 0.0, 0.0, 0.0, 3e-06, 0.0, 8e-06, 0.002589, 2e-06, 4e-06, 3e-06, 0.002344, 0.004077, 0.003587, -1e-06, 1e-06, 1e-06, 0.0, 1e-06, 0.0, 0.0, 4.1e-05, 0.0, 0.0, 0.0, 2.9e-05, 4.2e-05, 5.5e-05, -0.0, 0.0, 0.0, -0.0, 0.0, 0.0, 0.0, 0.000636, 0.0, 0.0, 0.0, 0.000235, 0.000627, 0.001193, -0.0, 0.0, 0.0, -0.0, 0.0, -0.0, 0.000152, 0.008186, -5.3e-05, -5.4e-05, -0.000113, 0.00723, 0.007425, 0.015503, -4.4e-05, 4.3e-05, 8.9e-05, -7.4e-05, 9.2e-05, 0.022914, 0.158163, 0.001164, -0.012259, -0.02043, 0.022995, 0.158407, 0.008082, 0.00578, -0.021789, 0.022887, 0.158079, -0.011006, 0.002736, -0.020949, 0.365941, 0.5198, 0.3165, -0.122002, 0.12198, 0.364629, 0.519021, -0.250858, -0.215765, 0.140793, 0.023953, 0.161258, -0.013804, 0.020787, 0.002314, 0.024283, 0.162224, 0.00624, 0.024651, 0.000871, 0.002436, 0.059027, -0.000576, 0.000549, 0.001625, 0.0, 0.000457, -0.0, 0.0, 0.0, 3e-06, 0.003177, 0.0, 0.0, 0.0, 0.0, 2e-06, 0.0, 0.0, 0.0, 0.0, 1.6e-05, 0.0, 0.0, 0.0, 0.0, 0.000184, 0.0, 0.0, 0.0], [0.05228, 0.349518, 0.578429, -0.00579, -0.012161, -0.200651, -0.016585, -0.034833, -0.574753, -0.03448, 0.000208, 0.00344, -0.059382, 0.007224, 0.151774, 0.798485, 1.0, 0.0, 0.0, 0.0, 0.0, 0.0, -0.0, -0.0, 0.0, 0.0, -0.0, 0.0, 0.051978, 0.347953, 0.576711, -0.027777, 0.186538, 0.068552, -0.0797, 0.535221, 0.196692, -0.032589, -0.015413, -0.005664, 0.044762, 0.038037, 0.00807, 0.082098, 0.221495, -0.003776, 0.041197, 0.05565, -0.018513, 0.202002, 0.272867, -0.018118, -0.002049, -0.002767, -0.009217, 0.030194, 0.00012, 0.00314, 0.025476, 5.8e-05, 0.002282, 0.002226, 0.000943, 0.036985, 0.036086, -0.001081, 4.9e-05, 4.8e-05, 4.6e-05, 0.001872, 9.4e-05, 0.002589, 0.02242, 0.001044, 0.001816, 0.001598, 0.018159, 0.031581, 0.027782, -0.000475, 0.000851, 0.000748, 0.000167, 0.001301, 0.0, 4.1e-05, 0.001444, 1.6e-05, 2.2e-05, 3e-05, 0.001203, 0.001741, 0.002316, -8e-06, 1e-05, 1.4e-05, -6e-06, 2e-05, 1.5e-05, 0.000636, 0.00884, 0.000112, 0.000297, 0.000566, 0.00323, 0.008598, 0.016365, -0.000206, 6.2e-05, 0.000118, -0.000216, 0.000313, -0.001077, 0.013326, 0.057539, -0.004447, -0.004568, -0.009536, 0.03854, 0.039581, 0.082638, -0.002277, 0.002218, 0.004631, -0.003826, 0.004756, 0.122073, 0.341494, 0.004332, -0.045633, -0.076049, 0.122279, 0.341849, 0.030008, 0.021461, -0.080901, 0.122001, 0.341372, -0.041005, 0.010194, -0.07805, 0.453245, 0.762002, 0.163674, -0.063092, 0.06308, 0.452494, 0.761232, -0.130051, -0.111858, 0.072991, 0.124702, 0.345987, -0.049758, 0.07493, 0.008342, 0.125524, 0.347384, 0.02227, 0.087982, 0.00311, 0.041365, 0.175641, -0.011009, 0.010486, 0.031033, 0.000207, 0.006618, -2.1e-05, 0.000134, 0.000103, 0.001701, 0.024465, 0.000783, 0.001152, 0.000571, 1e-06, 0.000186, 0.0, 0.0, 0.0, 5e-06, 0.000688, 2e-06, 2e-06, 3e-06, 7.7e-05, 0.003582, 4e-06, 1.9e-05, 5.7e-05], [0.000542, 0.006096, 0.00579, 0.066397, -0.000569, -0.009396, 0.191745, -0.00068, -0.011222, -0.008756, -0.006525, -0.107661, -0.008872, 0.001079, -0.0, -0.0, 0.0, 1.0, 0.0, -0.0, 0.531899, 0.0, 0.0, 0.0, -0.0, 0.0, -0.0, -0.0, 0.002553, 0.029068, 0.027777, 0.05957, 0.041741, 0.01534, 0.183526, 0.050262, 0.018471, -0.040325, 0.088516, 0.032529, 0.03189, 0.027098, 1e-06, 0.000597, 0.003776, 0.001029, 0.00044, 0.000594, 0.031895, 0.005847, 0.007899, -0.000422, 0.000808, 0.001092, -0.000169, 0.000554, 0.0, -0.0, -5.8e-05, 0.0, -0.0, -0.0, 0.000601, -0.000106, -0.000104, 0.0, 0.0, 0.0, -0.0, -0.0, 0.0, -2e-06, -0.001044, -0.0, -1e-06, -1e-06, -0.000569, -0.00182, -0.001601, 0.0, -0.0, -0.0, -0.0, -0.0, 0.0, -0.0, -1.6e-05, 0.0, 0.0, 0.0, -8e-06, -1.6e-05, -2.1e-05, 0.0, 0.0, 0.0, 0.0, 0.0, 0.0, -0.0, -0.000112, -0.0, -0.0, -0.0, 4.2e-05, -0.000118, -0.000225, 0.0, -0.0, -0.0, 0.0, -0.0, 0.0, -4.1e-05, -0.003386, 9e-06, 1.3e-05, 2.8e-05, -0.001439, -0.003464, -0.007233, 1.4e-05, -8e-06, -1.6e-05, 1.8e-05, -2.2e-05, -0.001321, -0.0056, 0.002828, 0.000808, 0.001347, -0.009174, -0.038786, -0.000768, -0.002638, 0.009944, 0.012498, 0.053013, -0.003972, 0.001708, -0.013079, -0.342424, -0.183181, -0.267359, 0.180773, -0.180741, 0.271313, 0.145577, -0.094925, -0.254076, 0.165792, 0.015622, 0.064172, -0.007232, 0.015572, 0.001734, -0.007054, -0.028701, 0.001088, -0.008237, -0.000291, 0.0008, 0.016073, -7.7e-05, 0.000163, 0.000483, 0.0, 5.6e-05, 0.0, 0.0, 0.0, -1e-06, -0.001655, -0.0, -0.0, -0.0, 0.0, -1e-06, 0.0, 0.0, 0.0, 0.0, -8e-06, 0.0, 0.0, 0.0, -0.0, -1.1e-05, 0.0, 0.0, 0.0], [0.001137, 0.012803, 0.012161, -0.000569, 0.065472, -0.019735, -0.00068, 0.19064, -0.023569, -0.007035, -0.003056, 0.001079, -0.025191, -0.105908, -0.0, -0.0, 0.0, 0.0, 1.0, -0.0, 0.0, 0.531899, 0.0, 0.0, 0.0, -0.0, -0.0, 0.0, -0.017145, -0.195203, -0.186538, 0.041741, -0.21452, -0.103012, 0.050262, -0.146518, -0.124041, 0.098468, 0.058922, 0.027098, -0.114656, -0.145413, -1.5e-05, -0.00651, -0.041197, 0.00044, -0.003729, -0.006482, 0.005847, -0.031371, -0.086185, 0.003142, 0.000333, 0.000554, 0.002693, -0.004907, 0.0, -6e-06, -0.002282, -0.0, -2e-06, -2e-06, -0.000106, -0.003565, -0.004068, 0.0, -0.0, -0.0, 0.0, -1e-06, 0.0, -4e-06, -0.001816, -1e-06, -1e-06, -1e-06, -0.00182, -0.002687, -0.002784, 0.0, -0.0, -0.0, -0.0, -0.0, 0.0, -0.0, -2.2e-05, 0.0, 0.0, 0.0, -1.6e-05, -2e-05, -3.1e-05, 0.0, 0.0, 0.0, 0.0, 0.0, 0.0, -0.0, -0.000297, -0.0, -0.0, -0.0, -0.000118, -0.000229, -0.0006, 0.0, -0.0, -0.0, 0.0, -0.0, 0.0, -4.3e-05, -0.003477, 1.3e-05, 1e-05, 2.9e-05, -0.003464, -0.001624, -0.007429, 9e-06, -8e-06, -2.2e-05, 2.1e-05, -1.7e-05, 0.013919, 0.058992, 0.000808, -0.00561, -0.01419, -0.006561, -0.027738, -0.002638, 0.001034, 0.007111, -0.003107, -0.013179, 0.001708, 0.002475, 0.003251, 0.131995, 0.070611, 0.180773, 0.131924, 0.06967, 0.233359, 0.125212, -0.254076, -0.018058, 0.142599, -0.023525, -0.096636, 0.015572, -0.020341, -0.00261, -0.02787, -0.113386, -0.008237, -0.029369, -0.00115, -0.000762, -0.01531, 0.000163, -6.1e-05, -0.00046, -0.0, -0.000366, 0.0, -0.0, -0.0, -1e-06, -0.002437, -0.0, -0.0, -0.0, 0.0, -1e-06, 0.0, 0.0, 0.0, 0.0, -7e-06, 0.0, 0.0, 0.0, -0.0, -5.7e-05, 0.0, 0.0, 0.0], [0.018766, 0.211245, 0.200651, -0.009396, -0.019735, -0.258962, -0.011222, -0.023569, -0.196824, -0.116075, 0.001079, 0.014689, -0.199294, 0.03085, 0.0, 0.0, 0.0, -0.0, -0.0, 1.0, 0.0, 0.0, 0.531899, -0.0, -0.0, 0.0, -0.0, -0.0, -0.006301, -0.071736, -0.068552, 0.01534, -0.103012, 0.027929, 0.018471, -0.124041, 0.145426, 0.036187, 0.027098, -0.004858, -0.115265, 0.03262, -2e-05, -0.008794, -0.05565, 0.000594, -0.006482, -0.007687, 0.007899, -0.086185, -0.083989, 0.004244, 0.000554, 0.000671, 0.001352, -0.007326, 0.0, -5e-06, -0.002226, -0.0, -2e-06, -2e-06, -0.000104, -0.004068, -0.003365, 0.0, -0.0, -0.0, -0.0, -1e-06, 0.0, -3e-06, -0.001598, -1e-06, -1e-06, -1e-06, -0.001601, -0.002784, -0.001972, 0.0, -0.0, -0.0, -0.0, -0.0, 0.0, -0.0, -3e-05, 0.0, 0.0, 0.0, -2.1e-05, -3.1e-05, -3.8e-05, 0.0, 0.0, 0.0, 0.0, 0.0, 0.0, -0.0, -0.000566, -0.0, -0.0, -0.0, -0.000225, -0.0006, -0.001055, 0.0, -0.0, -0.0, 0.0, -0.0, 0.0, -8.9e-05, -0.00726, 2.8e-05, 2.9e-05, 5.6e-05, -0.007233, -0.007429, -0.013576, 2e-05, -2.2e-05, -4.4e-05, 3.3e-05, -4.5e-05, 0.023197, 0.098312, 0.001347, -0.01419, -0.020743, 0.024734, 0.104566, 0.009944, 0.007111, -0.023887, 0.023789, 0.100906, -0.013079, 0.003251, -0.021995, -0.131971, -0.070598, -0.180741, 0.06967, 0.131949, -0.152273, -0.081704, 0.165792, 0.142599, 0.107424, -0.002619, -0.010758, 0.001734, -0.00261, 0.002817, -0.000985, -0.004007, -0.000291, -0.00115, 0.003133, -0.002256, -0.04531, 0.000483, -0.00046, -0.001267, -0.0, -0.000279, 0.0, -0.0, -0.0, -1e-06, -0.001207, -0.0, -0.0, -0.0, 0.0, -1e-06, 0.0, 0.0, 0.0, 0.0, -1.1e-05, 0.0, 0.0, 0.0, -0.0, -0.000176, 0.0, 0.0, 0.0], [0.003095, 0.015775, 0.016585, 0.191745, -0.00068, -0.011222, 0.527502, -0.001174, -0.019373, -0.006676, -0.007897, -0.130304, -0.004007, 0.000487, 0.0, 0.0, 0.0, 0.531899, 0.0, 0.0, 1.0, 0.0, 0.0, 0.0, 0.0, 0.0, 0.0, 0.0, 0.014822, 0.075667, 0.0797, 0.183526, 0.050262, 0.018471, 0.513285, 0.086948, 0.031953, -0.03144, 0.116229, 0.042714, 0.01455, 0.012364, 0.001109, 0.009763, 0.018513, 0.031895, 0.005847, 0.007899, 0.170557, 0.019606, 0.026484, -0.005128, 0.019328, 0.026108, -0.00155, 0.005077, -4e-06, -0.000132, -0.000943, 0.000601, -0.000106, -0.000104, 0.013793, -0.001547, -0.001509, 7.2e-05, 0.000532, 0.000519, -2e-06, -9.8e-05, -7.3e-05, -0.002344, -0.018159, -0.000569, -0.00182, -0.001601, -0.004669, -0.028845, -0.025376, 0.000803, -0.000545, -0.00048, -0.000187, -0.001458, -0.0, -2.9e-05, -0.001203, -8e-06, -1.6e-05, -2.1e-05, -0.000605, -0.001579, -0.002101, 7e-06, -6e-06, -7e-06, 4e-06, -1.5e-05, -4e-06, -0.000235, -0.00323, 4.2e-05, -0.000118, -0.000225, 0.002709, -0.003501, -0.006664, 0.000111, 2.2e-05, 4.2e-05, 9.4e-05, -0.000136, 0.001003, -0.0124, -0.045655, 0.001423, 0.004889, 0.010208, 0.00021, -0.035911, -0.074976, 0.004906, -0.000864, -0.001803, 0.004713, -0.005859, -0.012423, -0.021835, 0.05158, 0.005698, 0.009496, -0.086062, -0.151144, 0.026317, -0.018533, 0.069863, 0.117589, 0.206735, 0.003593, 0.012054, -0.092297, -0.496051, -0.467385, 0.040391, 0.086973, -0.086958, 0.394118, 0.371638, 0.122802, -0.122712, 0.080073, 0.142806, 0.24849, -0.016422, 0.10533, 0.011726, -0.063932, -0.110901, 0.040037, -0.055014, -0.001944, 0.030421, 0.088845, 0.003829, 0.00922, 0.027285, 5e-05, 0.001687, 1.2e-05, 3.4e-05, 2.6e-05, -0.001998, -0.025506, -0.000758, -0.001479, -0.000733, -0.0, -0.000124, -0.0, -0.0, -0.0, -4e-06, -0.000775, -1e-06, -1e-06, -2e-06, -9e-06, -0.000454, 5e-06, -2e-06, -6e-06], [0.006501, 0.033131, 0.034833, -0.00068, 0.19064, -0.023569, -0.001174, 0.525596, -0.040688, -0.000319, -0.003737, 0.000487, -0.016326, -0.129512, -0.0, -0.0, 0.0, 0.0, 0.531899, 0.0, 0.0, 1.0, 0.0, 0.0, 0.0, 0.0, 0.0, 0.0, -0.099534, -0.508136, -0.535221, 0.050262, -0.146518, -0.124041, 0.086948, -0.057659, -0.214578, 0.001138, 0.015589, 0.012364, 0.023532, -0.038472, -0.012101, -0.106528, -0.202002, 0.005847, -0.031371, -0.086185, 0.019606, -0.04157, -0.288971, 0.021882, 0.001955, 0.005077, 0.036582, -0.02882, -0.000172, -0.005165, -0.036985, -0.000106, -0.003565, -0.004068, -0.001547, -0.046817, -0.059174, 0.001908, -8.7e-05, -9.8e-05, 0.00044, -0.003319, -0.000126, -0.004077, -0.031581, -0.00182, -0.002687, -0.002784, -0.028845, -0.03825, -0.044132, 0.000691, -0.001423, -0.001458, 8.2e-05, -0.002178, -0.0, -4.2e-05, -0.001741, -1.6e-05, -2e-05, -3.1e-05, -0.001579, -0.001799, -0.003039, 7e-06, -1e-05, -1.5e-05, 8e-06, -1.8e-05, -1.1e-05, -0.000627, -0.008598, -0.000118, -0.000229, -0.0006, -0.003501, -0.005294, -0.017737, 0.00021, -5.3e-05, -0.000136, 0.000298, -0.000269, 0.00103, -0.012735, -0.046889, 0.004889, 0.001683, 0.010484, -0.035911, -0.001705, -0.077001, 0.001802, -0.000987, -0.005859, 0.006709, -0.002115, 0.130863, 0.230009, 0.005698, -0.007899, -0.100025, -0.061548, -0.108092, -0.018533, 0.038977, 0.049963, -0.029232, -0.051394, 0.012054, 0.049086, 0.022945, 0.191214, 0.180164, 0.086973, 0.232493, 0.03352, 0.338984, 0.319649, -0.122712, 0.159927, 0.068872, -0.215052, -0.374201, 0.10533, -0.105094, -0.017658, -0.252574, -0.438131, -0.055014, -0.163379, -0.007682, -0.028976, -0.084626, 0.00922, 0.004726, -0.025989, -0.00033, -0.011056, 3.4e-05, -0.000203, -0.000168, -0.002941, -0.037548, -0.001479, -0.00193, -0.001079, -1e-06, -0.000252, -0.0, -0.0, -0.0, -4e-06, -0.000639, -1e-06, -1e-06, -2e-06, -4.5e-05, -0.002352, -2e-06, -6e-06, -3.3e-05], [0.107263, 0.546665, 0.574753, -0.011222, -0.023569, -0.196824, -0.019373, -0.040688, -0.143293, -0.005256, 0.000487, 0.004276, -0.008312, 0.008981, 0.0, 0.0, -0.0, 0.0, 0.0, 0.531899, 0.0, 0.0, 1.0, 0.0, 0.0, 0.0, 0.0, 0.0, -0.036579, -0.186738, -0.196692, 0.018471, -0.124041, 0.145426, 0.031953, -0.214578, 0.447376, 0.000418, 0.012364, -0.01351, -0.080462, 0.090727, -0.016346, -0.1439, -0.272867, 0.007899, -0.086185, -0.083989, 0.026484, -0.288971, -0.217993, 0.029558, 0.005077, 0.005055, -0.003732, -0.055154, -0.000168, -0.00504, -0.036086, -0.000104, -0.004068, -0.003365, -0.001509, -0.059174, -0.043903, 0.001862, -9.8e-05, -8.2e-05, -0.000614, -0.003213, -0.000111, -0.003587, -0.027782, -0.001601, -0.002784, -0.001972, -0.025376, -0.044132, -0.026907, 0.000608, -0.001458, -0.001048, -0.000645, -0.001823, -0.0, -5.5e-05, -0.002316, -2.1e-05, -3.1e-05, -3.8e-05, -0.002101, -0.003039, -0.003557, 9e-06, -1.5e-05, -1.8e-05, 5e-06, -2.6e-05, -2.2e-05, -0.001193, -0.016365, -0.000225, -0.0006, -0.001055, -0.006664, -0.017737, -0.029735, 0.000399, -0.000136, -0.00024, 0.000381, -0.000639, 0.00215, -0.026589, -0.097896, 0.010208, 0.010484, 0.018551, -0.074976, -0.077001, -0.12559, 0.003762, -0.005859, -0.010413, 0.006204, -0.010694, 0.218088, 0.383319, 0.009496, -0.100025, -0.114575, 0.232019, 0.407478, 0.069863, 0.049963, -0.136117, 0.223822, 0.393505, -0.092297, 0.022945, -0.123597, -0.191179, -0.180131, -0.086958, 0.03352, 0.232505, -0.221197, -0.20858, 0.080073, 0.068872, 0.220532, -0.023941, -0.041658, 0.011726, -0.017658, 0.051557, -0.008927, -0.015485, -0.001944, -0.007682, 0.053691, -0.085754, -0.25045, 0.027285, -0.025989, -0.063407, -0.000252, -0.008439, 2.6e-05, -0.000168, -0.000111, -0.001457, -0.018603, -0.000733, -0.001079, -0.000288, -1e-06, -0.000278, -0.0, -0.0, -0.0, -6e-06, -0.001094, -2e-06, -2e-06, -3e-06, -0.000139, -0.007295, -6e-06, -3.3e-05, -9.8e-05], [-0.008899, -0.084309, -0.03448, 0.008756, 0.007035, 0.116075, 0.006676, 0.000319, 0.005256, 0.087269, -0.001028, -0.016961, 0.090284, -0.010984, -0.0, 0.0, -0.0, 0.0, 0.0, -0.0, 0.0, 0.0, 0.0, 1.0, 0.0, 0.0, 0.0, 0.0, -0.008196, -0.079124, -0.032589, 0.040325, -0.098468, -0.036187, 0.03144, -0.001138, -0.000418, 0.068483, 0.072128, 0.026507, -0.05879, -0.049958, -1e-06, -0.004545, -0.018118, 0.000422, -0.003142, -0.004244, 0.005128, -0.021882, -0.029558, 0.002255, 0.000348, 0.00047, 0.001102, -0.00361, 0.0, -2e-06, -0.001081, -0.0, -0.0, -0.0, -7.2e-05, -0.001908, -0.001862, 0.0, -0.0, -0.0, -0.0, -0.0, 0.0, -1e-06, -0.000475, -0.0, -0.0, -0.0, -0.000803, -0.000691, -0.000608, 0.0, -0.0, -0.0, -0.0, -0.0, 0.0, -0.0, -8e-06, 0.0, 0.0, 0.0, -7e-06, -7e-06, -9e-06, 0.0, 0.0, 0.0, 0.0, 0.0, 0.0, -0.0, -0.000206, -0.0, -0.0, -0.0, -0.000111, -0.00021, -0.000399, 0.0, -0.0, -0.0, 0.0, -0.0, 0.0, -1.3e-05, -0.001761, 4e-06, 3e-06, 6e-06, -0.003139, -0.001456, -0.003041, 1e-06, -2e-06, -5e-06, 3e-06, -3e-06, -0.01189, -0.025174, -0.001011, 0.007002, 0.011669, -0.007913, -0.016704, -0.005206, -0.001997, 0.00753, -0.004301, -0.009116, 0.004856, -0.000393, 0.003007, 0.197174, 0.032245, 0.042706, -0.211691, 0.211653, 0.068952, 0.011322, 0.161247, -0.205849, 0.134322, -0.001127, -0.002298, 0.003667, 0.000842, 9.4e-05, -0.010443, -0.021044, -0.004807, -0.011379, -0.000402, -0.00066, -0.00937, 0.000137, -9e-05, -0.000267, -0.0, -0.000153, 0.0, 0.0, 0.0, -0.0, -0.0002, -0.0, -0.0, -0.0, 0.0, -0.0, 0.0, 0.0, 0.0, 0.0, -1e-06, 0.0, 0.0, 0.0, -0.0, -6.3e-05, 0.0, 0.0, 0.0], [5.4e-05, 0.00051, 0.000208, 0.006525, 0.003056, -0.001079, 0.007897, 0.003737, -0.000487, -0.001028, 0.034185, -0.014147, -0.001773, -0.006608, 0.0, 0.0, 0.0, -0.0, 0.0, -0.0, 0.0, 0.0, 0.0, 0.0, 1.0, -0.0, 0.0, 0.0, -0.003876, -0.037421, -0.015413, -0.088516, -0.058922, -0.027098, -0.116229, -0.015589, -0.012364, 0.072128, -0.145091, -0.064397, -0.045359, -0.052991, -0.0, -0.000514, -0.002049, -0.000808, -0.000333, -0.000554, -0.019328, -0.001955, -0.005077, 0.000348, -0.000519, -0.000829, 0.000219, -0.000442, 0.0, 0.0, 4.9e-05, -0.0, 0.0, 0.0, -0.000532, 8.7e-05, 9.8e-05, -0.0, -0.0, -0.0, -0.0, 0.0, 0.0, 1e-06, 0.000851, 0.0, 0.0, 0.0, 0.000545, 0.001423, 0.001458, -0.0, 0.0, 0.0, 0.0, 0.0, 0.0, 0.0, 1e-05, 0.0, 0.0, 0.0, 6e-06, 1e-05, 1.5e-05, 0.0, 0.0, 0.0, 0.0, 0.0, 0.0, 0.0, 6.2e-05, 0.0, 0.0, 0.0, -2.2e-05, 5.3e-05, 0.000136, -0.0, 0.0, 0.0, -0.0, 0.0, -0.0, 1.3e-05, 0.001716, -2e-06, -2e-06, -6e-06, 0.00092, 0.000999, 0.004159, -2e-06, 1e-06, 3e-06, -4e-06, 4e-06, -0.00104, -0.002202, 0.00204, 0.000519, 0.001198, 0.003392, 0.00716, 0.000546, -0.00029, -0.004157, -0.002198, -0.004659, 0.000895, 0.001552, 0.002599, -0.154614, -0.025285, -0.185537, -0.177441, -0.114947, 0.217351, 0.035688, -0.134594, -0.055585, 0.187183, -0.019875, -0.04052