{"HF": -346.69599882954, "coordinates": [[-0.00807213, 1.572459402, -0.156101128], [0.016668984, 0.070269312, 0.0211587], [-1.167059415, -0.559002117, -0.410556582], [1.299938571, -0.711394243, -0.133882676], [0.619344481, -0.60599684, 1.219709939], [1.2620027, 0.135618301, 2.36039821], [2.185007711, -0.747923283, 2.986532555], [0.910747784, 2.045849534, 0.19874067], [-0.115813631, 1.825901999, -1.218346201], [-0.856648256, 2.010307412, 0.37949045], [-1.216933685, -0.4599931, -1.36821198], [1.248776508, -1.664526873, -0.647770988], [2.22541543, -0.161688644, -0.276569767], [0.079086756, -1.495303, 1.529633109], [1.773226366, 1.03877464, 1.992649195], [0.489261255, 0.465854031, 3.073386965], [2.538223104, -0.305387992, 3.764089253]], "elements": ["C", "C", "O", "C", "C", "C", "O", "H", "H", "H", "H", "H", "H", "H", "H", "H", "H"], "Enn": 320.477281695, "S": [[1.0, 0.325565, 0.151774, -0.0, 0.0, 0.0, -0.0, 0.0, 0.0, -0.0, 0.0, 0.0, -0.0, -0.0, 0.0, 0.015641, 0.05357, -0.002393, -0.000334, 0.02028, -0.012809, -0.001788, 0.108552, -0.00952, 6.6e-05, -0.004002, -0.016953, -0.000559, 0.0, 0.0, 0.001402, 0.0, 0.0, 0.0, 0.000472, 0.00215, 0.003955, -0.0, 0.0, 0.0, -0.0, 0.0, 0.0, 3.4e-05, 0.006493, -0.0, -6e-06, 1e-05, -0.000138, -0.008149, 0.014229, -0.0, 0.0, -0.0, -0.0, -1e-06, 0.0, 3e-05, 0.00619, -5e-06, -2e-06, 8e-06, -0.00811, -0.003698, 0.012841, -0.0, 0.0, -1e-06, -0.0, -0.0, 0.0, 1e-06, 0.001598, -0.0, -0.0, 0.0, -0.003077, -0.001553, 0.001757, 0.0, 0.0, -0.0, -0.0, -0.0, 0.0, 0.0, 0.0, 0.0, 0.0, 0.0, -0.0, -0.0, 0.0, 0.0, 0.0, 0.0, 0.0, 0.0, 0.050119, 0.086903, -0.026745, -0.069253, -0.03568, 0.049383, 0.086536, 0.078133, 0.007925, -0.018642, 0.049792, 0.086741, -0.039935, 0.063272, -0.032647, 1e-05, 0.007196, 0.0, 0.0, 0.0, 0.0, 0.000779, 0.0, 0.0, 0.0, 3e-06, 0.00481, 0.0, -0.0, 0.0, 0.0, 0.000792, 0.0, 0.0, 0.0, 2e-06, 0.00468, -0.0, -0.0, 0.0, 0.0, 0.000922, 0.0, 0.0, 0.0, 0.0, 3e-06, 0.0, 0.0, 0.0], [0.325565, 1.0, 0.798485, 0.0, 0.0, 0.0, -0.0, -0.0, 0.0, 0.0, 0.0, 0.0, -0.0, 0.0, 0.015641, 0.193095, 0.356187, -0.025677, -0.003584, 0.217602, -0.064818, -0.009047, 0.5493, -0.083346, 0.000577, -0.035036, -0.148414, -0.00489, -6.1e-05, 0.003018, 0.034795, 0.000367, 0.001672, 0.003075, 0.008972, 0.040867, 0.075157, -0.0024, 0.000426, 0.000783, -0.002311, 0.003567, 3.4e-05, 0.006888, 0.069354, -6.4e-05, -0.003786, 0.006611, -0.001299, -0.076447, 0.13348, -0.003117, 4.5e-05, -7.9e-05, -0.002732, -0.004658, 3e-05, 0.006389, 0.066837, -0.003649, -0.001664, 0.005778, -0.077146, -0.035181, 0.122153, -0.000551, 0.001218, -0.004227, -0.003069, -0.001928, 1e-06, 0.000752, 0.023377, -0.00056, -0.000283, 0.00032, -0.04348, -0.021944, 0.024826, 0.000212, 0.000261, -0.000296, -1.8e-05, -0.000149, 0.0, 0.0, 1.3e-05, -0.0, -0.0, 0.0, -2.9e-05, -2e-05, 2.1e-05, 0.0, 0.0, -0.0, -0.0, -0.0, 0.368049, 0.521048, -0.117499, -0.304248, -0.156753, 0.365126, 0.519316, 0.348405, 0.035338, -0.083127, 0.366752, 0.520281, -0.176604, 0.279806, -0.144374, 0.003983, 0.073327, 0.001469, 0.001465, 0.002464, 7.6e-05, 0.012734, 4e-06, -1e-05, 2.6e-05, 0.001941, 0.0534, 5.9e-05, -0.001093, 0.000849, 7.8e-05, 0.012901, -1.4e-05, -1e-06, 2.6e-05, 0.001849, 0.052258, -0.000988, -0.000819, 0.000245, 0.000103, 0.014546, -3.8e-05, -6e-06, 1.3e-05, 0.0, 0.000161, -0.0, -0.0, 0.0], [0.151774, 0.798485, 1.0, -0.0, 0.0, 0.0, 0.0, 0.0, -0.0, -0.0, 0.0, 0.0, -0.0, 0.0, 0.05357, 0.356187, 0.585719, -0.023776, -0.003319, 0.201488, -0.067626, -0.009439, 0.573096, -0.033088, 0.000229, -0.013909, -0.05892, -0.001941, -0.006297, 0.052521, 0.146436, 0.00371, 0.016899, 0.031079, 0.022206, 0.101143, 0.18601, -0.010311, 0.00183, 0.003365, -0.009927, 0.015328, 0.006493, 0.069354, 0.198071, -0.000505, -0.029754, 0.051952, -0.002637, -0.155265, 0.271101, -0.016201, 0.000235, -0.000411, -0.014201, -0.024206, 0.00619, 0.066837, 0.193278, -0.030068, -0.013712, 0.04761, -0.159062, -0.072538, 0.251858, -0.003036, 0.006706, -0.023285, -0.016905, -0.010619, 0.001598, 0.023377, 0.096355, -0.01766, -0.008913, 0.010083, -0.137491, -0.069391, 0.078503, 0.006093, 0.007506, -0.008491, -0.00053, -0.004286, -9e-06, 0.000179, 0.001866, -0.000125, -8.7e-05, 9.3e-05, -0.003112, -0.002171, 0.002298, 4.5e-05, 0.000111, -0.000118, -5e-06, -8.2e-05, 0.454449, 0.763236, -0.060522, -0.156713, -0.080741, 0.452779, 0.761524, 0.180452, 0.018303, -0.043054, 0.453709, 0.762478, -0.091189, 0.144476, -0.074547, 0.052474, 0.203321, 0.019579, 0.019526, 0.03283, 0.007728, 0.062417, 0.000968, -0.002475, 0.006376, 0.037064, 0.164165, 0.001329, -0.024643, 0.019133, 0.007839, 0.062969, -0.003373, -0.000174, 0.006138, 0.036196, 0.161787, -0.023099, -0.019149, 0.005737, 0.008936, 0.068277, -0.007463, -0.001149, 0.002557, 6.7e-05, 0.003272, -4e-05, -2.6e-05, 1.9e-05], [-0.0, 0.0, -0.0, 1.0, 0.0, 0.0, 0.531899, 0.0, 0.0, -0.0, 0.0, -0.0, 0.0, -0.0, 0.002393, 0.025677, 0.023776, 0.06587, -0.000649, 0.03941, 0.191226, -0.000749, 0.04546, -0.036317, -0.001727, 0.10488, -0.037098, -0.001222, 2e-06, -0.000303, -0.004022, 0.0002, -0.000183, -0.000337, 0.012713, -0.005462, -0.010045, 0.000396, 0.000265, 0.000487, 0.000303, -0.000467, 0.0, 6.4e-05, 0.000505, 0.000667, -3.8e-05, 6.7e-05, 0.026366, -0.000662, 0.001156, -4.1e-05, -0.00042, 0.000734, -2.9e-05, -5e-05, 5e-06, 0.003649, 0.030068, -0.001641, -0.001023, 0.003552, -0.016007, -0.018796, 0.065263, -0.000808, 0.000607, -0.002109, -0.001981, -0.001244, 0.0, 0.00056, 0.01766, -0.00037, -0.000203, 0.00023, -0.031092, -0.019214, 0.021737, 0.00011, 0.000156, -0.000176, -1.2e-05, -9.6e-05, 0.0, 0.0, 7e-06, -0.0, -0.0, 0.0, -1.5e-05, -1.1e-05, 1.2e-05, 0.0, 0.0, -0.0, -0.0, -0.0, 0.127192, 0.067715, 0.139075, -0.166648, -0.08586, -0.376863, -0.201981, -0.368322, -0.057735, 0.135812, 0.191109, 0.102045, 0.056535, 0.23096, -0.119171, -0.001944, -0.027826, -0.000483, -0.000682, -0.001146, -8e-06, -0.001714, 0.0, 1e-06, -2e-06, -8.4e-05, -0.001965, 6.4e-05, 4.2e-05, -3.2e-05, 2.8e-05, 0.005961, -3e-06, -0.0, 6e-06, 0.00141, 0.034241, -0.0006, -0.000549, 0.000164, 7.4e-05, 0.012993, -1.7e-05, -3e-06, 6e-06, 0.0, 0.000126, 0.0, 0.0, 0.0], [0.0, 0.0, 0.0, 0.0, 1.0, -0.0, 0.0, 0.531899, 0.0, -0.0, -0.0, -0.0, 0.0, -0.0, 0.000334, 0.003584, 0.003319, -0.000649, 0.07043, 0.005501, -0.000749, 0.196485, 0.006345, -0.001827, -0.013389, -0.001222, -0.00705, 0.113467, 1.1e-05, -0.001382, -0.018321, -0.000183, -0.000594, -0.001535, -0.005462, -0.010966, -0.045753, 0.001247, -0.000184, -0.000467, 0.001699, -0.001539, 6e-06, 0.003786, 0.029754, -3.8e-05, -0.00158, 0.003926, -0.000662, -0.012607, 0.068068, -0.001712, 2.1e-05, -5e-05, -0.002134, -0.002186, 2e-06, 0.001664, 0.013712, -0.001023, 0.000136, 0.00162, -0.018796, 0.016638, 0.029762, -5.9e-05, -3.3e-05, -0.001244, -0.001082, 5.3e-05, 0.0, 0.000283, 0.008913, -0.000203, -7e-05, 0.000116, -0.019214, -0.002719, 0.010971, 7.5e-05, 6.2e-05, -9.6e-05, -1.7e-05, -3.5e-05, 0.0, 0.0, 5e-06, -0.0, -0.0, 0.0, -1.1e-05, -7e-06, 8e-06, 0.0, 0.0, -0.0, -0.0, -0.0, 0.329348, 0.17534, -0.166648, -0.228082, -0.222323, -0.038225, -0.020487, -0.057735, 0.195047, 0.013775, -0.302788, -0.161678, 0.23096, -0.163617, 0.18881, -0.001939, -0.027751, -0.000682, -0.00048, -0.001143, 2e-05, 0.004383, 1e-06, -1e-06, 4e-06, 0.001552, 0.036431, 4.2e-05, -0.000704, 0.000598, 1e-06, 0.000308, -0.0, 0.0, 0.0, 0.001169, 0.028386, -0.000549, -0.000393, 0.000136, 1.1e-05, 0.002001, -3e-06, 0.0, 1e-06, 0.0, 8.2e-05, 0.0, 0.0, 0.0], [0.0, 0.0, 0.0, 0.0, -0.0, 1.0, 0.0, 0.0, 0.531899, 0.0, -0.0, -0.0, 0.0, 0.0, -0.02028, -0.217602, -0.201488, 0.03941, 0.005501, -0.263461, 0.04546, 0.006345, -0.188662, 0.110947, -0.001222, 0.060808, 0.200753, 0.008487, 2e-05, -0.002541, -0.033694, -0.000337, -0.001535, -0.002582, -0.010045, -0.045753, -0.070231, 0.002293, -0.000467, -0.000789, 0.001946, -0.003594, -1e-05, -0.006611, -0.051952, 6.7e-05, 0.003926, -0.006186, 0.001156, 0.068068, -0.092473, 0.002989, -5e-05, 7.9e-05, 0.002258, 0.00468, -8e-06, -0.005778, -0.04761, 0.003552, 0.00162, -0.005021, 0.065263, 0.029762, -0.078128, 0.000205, -0.001244, 0.003929, 0.002517, 0.001792, -0.0, -0.00032, -0.010083, 0.00023, 0.000116, -9.9e-05, 0.021737, 0.010971, -0.005433, -8.5e-05, -9.6e-05, 8.6e-05, -6e-06, 4.3e-05, 0.0, -0.0, -5e-06, 0.0, 0.0, -0.0, 1.2e-05, 8e-06, -8e-06, -0.0, -0.0, 0.0, -0.0, 0.0, 0.169685, 0.090338, -0.08586, -0.222323, 0.088889, 0.089916, 0.048191, 0.135812, 0.013775, 0.168499, 0.156232, 0.083422, -0.119171, 0.18881, 0.104887, -0.00326, -0.046658, -0.001146, -0.001143, -0.001721, -5.2e-05, -0.011288, -2e-06, 4e-06, -1.1e-05, -0.001205, -0.028286, -3.2e-05, 0.000598, -0.000398, -5.1e-05, -0.010849, 6e-06, 0.0, -1e-05, -0.00035, -0.008505, 0.000164, 0.000136, 2.1e-05, -2.5e-05, -0.004452, 6e-06, 1e-06, -1e-06, -0.0, -6e-05, 0.0, 0.0, 0.0], [-0.0, -0.0, 0.0, 0.531899, 0.0, 0.0, 1.0, 0.0, 0.0, -0.0, 0.0, 0.0, 0.0, 0.0, 0.012809, 0.064818, 0.067626, 0.191226, -0.000749, 0.04546, 0.526652, -0.001281, 0.077797, -0.02694, -0.002105, 0.127819, -0.016041, -0.000529, 0.001661, -0.012878, -0.029391, 0.016119, -0.004864, -0.008945, 0.105895, -0.022983, -0.042268, 0.005884, 0.009094, 0.016725, 0.003297, -0.00509, 0.000138, 0.001299, 0.002637, 0.026366, -0.000662, 0.001156, 0.151245, -0.002397, 0.004186, -0.000695, -0.013695, 0.023912, -0.000374, -0.000637, 0.00811, 0.077146, 0.159062, -0.016007, -0.018796, 0.065263, -0.004717, -0.069199, 0.240268, -0.020776, 0.004594, -0.01595, -0.027371, -0.017192, 0.003077, 0.04348, 0.137491, -0.031092, -0.019214, 0.021737, -0.160126, -0.113762, 0.128699, 0.007847, 0.015563, -0.017606, -0.001328, -0.010737, -1.1e-05, 0.000245, 0.002936, -0.000168, -0.000131, 0.000139, -0.004624, -0.00377, 0.003989, 4.3e-05, 0.00017, -0.00018, -8e-06, -0.00014, 0.183447, 0.172627, 0.236121, -0.079684, -0.041055, -0.546874, -0.515526, -0.008841, -0.027844, 0.065498, 0.27638, 0.260282, 0.196388, 0.110855, -0.057199, -0.054515, -0.142458, -0.00628, -0.024398, -0.04102, -0.002555, -0.016257, 0.001287, 0.000935, -0.002408, -0.00366, -0.011253, 0.011619, 0.002901, -0.002253, 0.008902, 0.056268, -0.002695, -0.000226, 0.007966, 0.063567, 0.197587, -0.036903, -0.040069, 0.012005, 0.019762, 0.117584, -0.016952, -0.002916, 0.006488, 9.7e-05, 0.005464, -5.4e-05, -3.8e-05, 2.8e-05], [0.0, -0.0, 0.0, 0.0, 0.531899, 0.0, 0.0, 1.0, 0.0, 0.0, -0.0, 0.0, 0.0, 0.0, 0.001788, 0.009047, 0.009439, -0.000749, 0.196485, 0.006345, -0.001281, 0.535653, 0.010859, -6e-06, -0.015521, -0.000529, -0.004406, 0.131532, 0.007566, -0.058657, -0.133871, -0.004864, -0.004968, -0.040744, -0.022983, 0.006257, -0.192521, 0.009996, -0.000638, -0.00509, 0.024718, -0.005343, 0.008149, 0.076447, 0.155265, -0.000662, -0.012607, 0.068068, -0.002397, 0.010156, 0.24642, -0.017174, 0.000132, -0.000637, -0.035689, -0.013557, 0.003698, 0.035181, 0.072538, -0.018796, 0.016638, 0.029762, -0.069199, 0.115467, 0.10957, 0.001375, -0.008784, -0.017192, -0.018746, 0.013909, 0.001553, 0.021944, 0.069391, -0.019214, -0.002719, 0.010971, -0.113762, 0.007863, 0.064954, 0.009577, 0.003066, -0.010737, -0.003913, -0.00175, -7e-06, 0.000171, 0.002049, -0.000131, -7.2e-05, 9.7e-05, -0.00377, -0.001852, 0.002784, 6.4e-05, 0.000104, -0.00014, -2.5e-05, -7.7e-05, 0.475014, 0.446996, -0.079684, 0.060562, -0.106306, -0.055468, -0.052289, -0.027844, 0.262855, 0.006643, -0.437889, -0.412383, 0.110855, 0.090721, 0.090624, -0.054369, -0.142076, -0.024398, -0.006149, -0.04091, 0.006531, 0.041558, 0.000935, -0.000738, 0.006156, 0.067864, 0.208622, 0.002901, -0.042017, 0.041766, 0.00046, 0.002909, -0.000226, 0.00167, 0.000412, 0.052697, 0.163798, -0.040069, -0.021785, 0.009952, 0.003043, 0.018108, -0.002916, 0.001533, 0.000999, 6.3e-05, 0.003549, -3.8e-05, -2e-05, 1.8e-05], [0.0, 0.0, -0.0, 0.0, 0.0, 0.531899, 0.0, 0.0, 1.0, 0.0, 0.0, -0.0, 0.0, 0.0, -0.108552, -0.5493, -0.573096, 0.04546, 0.006345, -0.188662, 0.077797, 0.010859, -0.123457, 0.000358, -0.000529, 0.016561, 0.004333, 0.002312, 0.013915, -0.107875, -0.246199, -0.008945, -0.040744, -0.057744, -0.042268, -0.192521, -0.243119, 0.018384, -0.00509, -0.007232, 0.009774, -0.032938, -0.014229, -0.13348, -0.271101, 0.001156, 0.068068, -0.092473, 0.004186, 0.24642, -0.278976, 0.029987, -0.000637, 0.000879, 0.01447, 0.051741, -0.012841, -0.122153, -0.251858, 0.065263, 0.029762, -0.078128, 0.240268, 0.10957, -0.233414, -0.004775, -0.017192, 0.045957, 0.021589, 0.020958, -0.001757, -0.024826, -0.078503, 0.021737, 0.010971, -0.005433, 0.128699, 0.064954, -0.008204, -0.010834, -0.010737, 0.005722, -0.00291, 0.002888, 8e-06, -0.000181, -0.002168, 0.000139, 9.7e-05, -8.3e-05, 0.003989, 0.002784, -0.002167, -6.8e-05, -0.00014, 0.00012, -1.5e-05, 8.4e-05, 0.244735, 0.230299, -0.041055, -0.106306, 0.212124, 0.130479, 0.123, 0.065498, 0.006643, 0.250052, 0.225942, 0.212781, -0.057199, 0.090624, 0.219596, -0.09141, -0.238872, -0.04102, -0.04091, -0.050598, -0.016821, -0.107031, -0.002408, 0.006156, -0.014201, -0.052692, -0.161981, -0.002253, 0.041766, -0.020653, -0.016199, -0.102398, 0.007966, 0.000412, -0.012814, -0.015788, -0.049075, 0.012005, 0.009952, 0.00845, -0.006772, -0.040291, 0.006488, 0.000999, -0.000241, -4.7e-05, -0.002617, 2.8e-05, 1.8e-05, -9e-06], [-0.0, 0.0, -0.0, -0.0, -0.0, 0.0, -0.0, 0.0, 0.0, 1.0, 0.0, 0.0, 0.0, 0.0, -0.00952, -0.083346, -0.033088, 0.036317, 0.001827, -0.110947, 0.02694, 6e-06, -0.000358, 0.0763, -0.001138, 0.069076, 0.08029, 0.002645, 1e-06, -0.000928, -0.014411, -0.000151, -0.000506, -0.00093, -0.007195, -0.016973, -0.031214, 0.000914, -0.000219, -0.000403, 0.000862, -0.00133, -0.0, -0.003117, -0.016201, 4.1e-05, 0.001712, -0.002989, 0.000695, 0.017174, -0.029987, 0.001363, -2.6e-05, 4.6e-05, 0.00115, 0.001961, -0.0, -0.000551, -0.003036, 0.000808, 5.9e-05, -0.000205, 0.020776, -0.001375, 0.004775, -0.000428, -0.000181, 0.000629, -1e-05, -7e-06, 0.0, 0.000212, 0.006093, -0.00011, -7.5e-05, 8.5e-05, -0.007847, -0.009577, 0.010834, 1.7e-05, 3.8e-05, -4.4e-05, -3e-06, -2.8e-05, 0.0, 0.0, 1e-06, 0.0, 0.0, 0.0, -2e-06, -3e-06, 3e-06, 0.0, 0.0, 0.0, 0.0, 0.0, -0.103012, -0.016738, 0.19912, 0.027082, 0.013953, 0.271671, 0.04454, 0.206984, 0.077468, -0.18223, -0.042413, -0.006919, 0.2342, 0.077276, -0.039873, -0.000634, -0.005926, -0.000285, -0.000137, -0.00023, -1.3e-05, -0.00357, -0.0, 0.0, -1e-06, -0.000722, -0.012429, -1.7e-05, 0.000243, -0.000189, -4e-06, -0.001169, 0.0, 0.0, -0.0, 0.00049, 0.008794, -0.000128, -0.000157, 4.7e-05, 3.3e-05, 0.006951, -3e-06, -1e-06, 1e-06, 0.0, 4.6e-05, 0.0, 0.0, 0.0], [0.0, 0.0, 0.0, 0.0, -0.0, -0.0, 0.0, -0.0, 0.0, 0.0, 1.0, 0.0, 0.0, 0.0, 6.6e-05, 0.000577, 0.000229, 0.001727, 0.013389, 0.001222, 0.002105, 0.015521, 0.000529, -0.001138, 0.034565, 0.003676, -0.002012, 0.028887, -0.0, 0.000165, 0.002557, -8.3e-05, 7.7e-05, 0.000185, -0.008254, 0.001944, 0.007258, -0.000219, -9.7e-05, -0.000228, -0.000227, 0.000232, 0.0, 4.5e-05, 0.000235, 0.00042, -2.1e-05, 5e-05, 0.013695, -0.000132, 0.000637, -2.6e-05, -0.000196, 0.00043, -2.5e-05, -2.8e-05, 0.0, 0.001218, 0.006706, -0.000607, 3.3e-05, 0.001244, -0.004594, 0.008784, 0.017192, -0.000181, 2.4e-05, -0.000747, -0.000772, -4.6e-05, 0.0, 0.000261, 0.007506, -0.000156, -6.2e-05, 9.6e-05, -0.015563, -0.003066, 0.010737, 3.8e-05, 3.8e-05, -5.5e-05, -9e-06, -2.3e-05, 0.0, 0.0, 3e-06, 0.0, 0.0, 0.0, -7e-06, -5e-06, 6e-06, 0.0, 0.0, 0.0, 0.0, 0.0, 0.14249, 0.023153, 0.180589, -0.153783, -0.13535, 0.049387, 0.008097, 0.0725, -0.310802, -0.025077, -0.197516, -0.032221, -0.046719, -0.172715, 0.173415, 0.001212, 0.011334, 0.000272, 0.000271, 0.000599, -2e-06, -0.00066, 0.0, 0.0, -0.0, -8.4e-05, -0.001454, 3.9e-05, 2.9e-05, -2.4e-05, 1e-06, 0.000159, -0.0, 0.0, 0.0, 0.001125, 0.020185, -0.000359, -0.000287, 9.7e-05, 1e-05, 0.001995, -1e-06, 0.0, 0.0, 0.0, 7.6e-05, 0.0, 0.0, 0.0], [0.0, 0.0, 0.0, -0.0, -0.0, -0.0, 0.0, 0.0, -0.0, 0.0, 0.0, 1.0, 0.0, 0.0, -0.004002, -0.035036, -0.013909, -0.10488, 0.001222, -0.060808, -0.127819, 0.000529, -0.016561, 0.069076, 0.003676, -0.188596, 0.064314, 0.002596, -0.0, 0.000303, 0.004703, -0.000153, 0.000185, 0.000317, -0.015179, 0.007258, 0.011345, -0.000403, -0.000228, -0.000392, -0.000288, 0.00051, -0.0, -7.9e-05, -0.000411, -0.000734, 5e-05, -7.9e-05, -0.023912, 0.000637, -0.000879, 4.6e-05, 0.00043, -0.0007, 2.9e-05, 5.8e-05, -1e-06, -0.004227, -0.023285, 0.002109, 0.001244, -0.003929, 0.01595, 0.017192, -0.045957, 0.000629, -0.000747, 0.002402, 0.001939, 0.001344, -0.0, -0.000296, -0.008491, 0.000176, 9.6e-05, -8.6e-05, 0.017606, 0.010737, -0.005722, -4.4e-05, -5.5e-05, 5.2e-05, -2e-06, 2.8e-05, 0.0, 0.0, -4e-06, 0.0, 0.0, 0.0, 8e-06, 6e-06, -5e-06, 0.0, 0.0, 0.0, 0.0, 0.0, 0.073413, 0.011929, 0.093042, -0.13535, 0.039189, -0.116173, -0.019046, -0.170544, -0.025077, -0.262473, 0.101914, 0.016625, 0.024106, 0.173415, 0.073896, 0.002037, 0.019055, 0.000457, 0.000599, 0.000921, 6e-06, 0.001701, -0.0, -0.0, 1e-06, 6.6e-05, 0.001129, -3e-05, -2.4e-05, 1.7e-05, -2.1e-05, -0.005608, 1e-06, 0.0, -2e-06, -0.000337, -0.006048, 0.000108, 9.7e-05, 7e-06, -2.1e-05, -0.004439, 2e-06, 0.0, -1e-06, -0.0, -5.6e-05, 0.0, 0.0, 0.0], [-0.0, -0.0, -0.0, 0.0, 0.0, 0.0, 0.0, 0.0, 0.0, 0.0, 0.0, 0.0, 1.0, 0.0, -0.016953, -0.148414, -0.05892, 0.037098, 0.00705, -0.200753, 0.016041, 0.004406, -0.004333, 0.08029, -0.002012, 0.064314, 0.187764, 0.013016, 1e-06, -0.000893, -0.013874, -0.00012, -0.00065, -0.00081, -0.004701, -0.03053, -0.022601, 0.000862, -0.000227, -0.000288, 0.000377, -0.001606, -0.0, -0.002732, -0.014201, 2.9e-05, 0.002134, -0.002258, 0.000374, 0.035689, -0.01447, 0.00115, -2.5e-05, 2.9e-05, 0.000317, 0.002154, -0.0, -0.003069, -0.016905, 0.001981, 0.001082, -0.002517, 0.027371, 0.018746, -0.021589, -1e-05, -0.000772, 0.001939, 0.001084, 0.001054, -0.0, -1.8e-05, -0.00053, 1.2e-05, 1.7e-05, 6e-06, 0.001328, 0.003913, 0.00291, -3e-06, -9e-06, -2e-06, -6e-06, 2e-06, 0.0, 0.0, -0.0, 0.0, 0.0, 0.0, 0.0, 1e-06, 0.0, 0.0, 0.0, 0.0, 0.0, 0.0, 0.135511, 0.022019, -0.096486, 0.032206, -0.274034, -0.011354, -0.001862, -0.024165, -0.035056, -0.070933, 0.114812, 0.018729, -0.123305, -0.063485, -0.234362, -0.001104, -0.010324, -0.000325, -0.000409, -0.000402, -1.8e-05, -0.004754, -0.0, 1e-06, -2e-06, 0.000311, 0.005353, 6e-06, -7.4e-05, 0.000121, -1.9e-05, -0.005099, 1e-06, 0.0, -2e-06, 0.000424, 0.007616, -0.000147, -9.2e-05, 4.5e-05, -3e-06, -0.000607, 0.0, 0.0, -0.0, 0.0, 1.1e-05, 0.0, 0.0, 0.0], [-0.0, 0.0, 0.0, -0.0, -0.0, 0.0, 0.0, 0.0, 0.0, 0.0, 0.0, 0.0, 0.0, 1.0, -0.000559, -0.00489, -0.001941, 0.001222, -0.113467, -0.008487, 0.000529, -0.131532, -0.002312, 0.002645, 0.028887, 0.002596, 0.013016, -0.206832, -1e-06, 0.001379, 0.021422, 0.000185, 0.000649, 0.001444, 0.007258, 0.016284, 0.051674, -0.00133, 0.000232, 0.00051, -0.001606, 0.001817, -1e-06, -0.004658, -0.024206, 5e-05, 0.002186, -0.00468, 0.000637, 0.013557, -0.051741, 0.001961, -2.8e-05, 5.8e-05, 0.002154, 0.002725, -0.0, -0.001928, -0.010619, 0.001244, -5.3e-05, -0.001792, 0.017192, -0.013909, -0.020958, -7e-06, -4.6e-05, 0.001344, 0.001054, 6.8e-05, -0.0, -0.000149, -0.004286, 9.6e-05, 3.5e-05, -4.3e-05, 0.010737, 0.00175, -0.002888, -2.8e-05, -2.3e-05, 2.8e-05, 2e-06, 1.1e-05, 0.0, 0.0, -3e-06, 0.0, 0.0, 0.0, 6e-06, 4e-06, -4e-06, 0.0, 0.0, 0.0, 0.0, 0.0, 0.190095, 0.030888, -0.13535, -0.20516, 0.101475, -0.011783, -0.001932, -0.025077, 0.074155, -0.026622, -0.16147, -0.026341, 0.173415, -0.141195, -0.117079, 0.002032, 0.019004, 0.000599, 0.000454, 0.000919, -1.6e-05, -0.004347, -0.0, 0.0, -1e-06, -0.001216, -0.020932, -2.4e-05, 0.000417, -0.000308, -1e-06, -0.00029, 0.0, -0.0, -0.0, -0.000279, -0.005013, 9.7e-05, 7.1e-05, 5e-06, -3e-06, -0.000684, 0.0, -0.0, -0.0, -0.0, -3.6e-05, 0.0, 0.0, 0.0], [0.0, 0.015641, 0.05357, 0.002393, 0.000334, -0.02028, 0.012809, 0.001788, -0.108552, -0.00952, 6.6e-05, -0.004002, -0.016953, -0.000559, 1.0, 0.325565, 0.151774, 0.0, 0.0, 0.0, 0.0, 0.0, -0.0, -0.0, 0.0, 0.0, -0.0, 0.0, -0.0, 0.003676, 0.043325, 0.001311, 0.003594, 0.00191, 0.032401, 0.08884, 0.047228, -0.003036, 0.003773, 0.002006, 0.003711, 0.0055, 0.0, 0.015782, 0.053736, 0.002118, -0.017532, 0.010679, 0.011244, -0.093066, 0.056688, -0.009747, -0.00304, 0.001852, 0.007913, -0.015327, 0.0, 0.016308, 0.054344, -0.017101, -0.008599, 0.009649, -0.088066, -0.044283, 0.04969, 0.009615, 0.011722, -0.013153, -0.000764, -0.006614, 0.0, 3e-05, 0.006205, -8e-06, -4e-06, -0.0, -0.013825, -0.00736, -0.000386, 0.0, 1e-06, 0.0, 0.0, 0.0, 0.0, 0.0, 1e-06, 0.0, 0.0, 0.0, -3e-06, -2e-06, 1e-06, 0.0, 0.0, 0.0, 0.0, 0.0, 0.000296, 0.019332, -3e-06, -1.3e-05, -2.9e-05, 0.00034, 0.02015, 2.3e-05, 2e-06, -3.3e-05, 0.000331, 0.019991, -6e-06, 1.6e-05, -3.5e-05, 0.001253, 0.029565, 0.000225, 0.0002, 8.6e-05, 0.000209, 0.01745, 6e-06, -1e-05, 1.5e-05, 0.000195, 0.017113, 2e-06, -1.7e-05, 2e-06, 0.000297, 0.01936, -2.3e-05, -1e-06, 2.4e-05, 3e-06, 0.005019, -0.0, -0.0, -0.0, 0.0, 0.002352, -0.0, -0.0, -0.0, 0.0, 2.4e-05, 0.0, 0.0, 0.0], [0.015641, 0.193095, 0.356187, 0.025677, 0.003584, -0.217602, 0.064818, 0.009047, -0.5493, -0.083346, 0.000577, -0.035036, -0.148414, -0.00489, 0.325565, 1.0, 0.798485, 0.0, 0.0, 0.0, 0.0, 0.0, 0.0, 0.0, 0.0, 0.0, -0.0, 0.0, -0.014186, 0.136128, 0.318218, 0.040625, 0.111391, 0.059216, 0.155169, 0.425461, 0.226176, -0.042473, 0.052784, 0.02806, 0.051915, 0.076939, 0.015782, 0.19404, 0.357042, 0.02259, -0.186978, 0.113892, 0.056846, -0.47051, 0.286596, -0.084477, -0.026349, 0.016049, 0.068585, -0.132841, 0.016308, 0.19752, 0.360171, -0.178386, -0.089699, 0.100652, -0.443766, -0.223142, 0.250389, 0.080345, 0.09795, -0.109911, -0.006381, -0.055267, 3e-05, 0.006412, 0.066955, -0.00623, -0.003317, -0.000174, -0.131429, -0.069968, -0.003672, 0.003841, 0.004129, 0.000217, 0.001096, 0.000115, -0.0, 1e-06, 0.000356, -1e-06, -1e-06, 0.0, -0.000855, -0.000625, 0.000236, 1e-06, 1e-06, -1e-06, 0.0, -0.0, 0.023403, 0.159629, -0.001993, -0.010035, -0.022174, 0.025218, 0.164925, 0.015274, 0.001633, -0.021634, 0.024861, 0.1639, -0.004338, 0.010571, -0.023484, 0.050428, 0.223016, 0.040593, 0.036042, 0.015493, 0.019463, 0.147264, 0.005962, -0.010981, 0.015461, 0.018792, 0.14502, 0.002539, -0.018839, 0.001978, 0.023465, 0.159812, -0.016987, -0.000703, 0.01763, 0.002094, 0.055215, -0.001061, -0.000946, -0.000521, 0.000543, 0.0304, -0.000298, -4.6e-05, -3.9e-05, 0.0, 0.000819, -0.0, -0.0, 0.0], [0.05357, 0.356187, 0.585719, 0.023776, 0.003319, -0.201488, 0.067626, 0.009439, -0.573096, -0.033088, 0.000229, -0.013909, -0.05892, -0.001941, 0.151774, 0.798485, 1.0, 0.0, 0.0, 0.0, -0.0, -0.0, 0.0, -0.0, 0.0, 0.0, -0.0, 0.0, -0.039158, 0.259248, 0.499013, 0.033162, 0.090927, 0.048337, 0.132638, 0.363683, 0.193334, -0.013584, 0.016882, 0.008974, 0.016604, 0.024607, 0.053736, 0.357042, 0.586649, 0.02085, -0.172573, 0.105117, 0.059251, -0.490414, 0.298721, -0.033411, -0.010421, 0.006348, 0.027126, -0.052539, 0.054344, 0.360171, 0.590051, -0.162715, -0.081819, 0.09181, -0.460899, -0.231757, 0.260056, 0.031344, 0.038212, -0.042878, -0.002489, -0.021561, 0.006205, 0.066955, 0.193504, -0.051222, -0.027269, -0.001431, -0.270788, -0.144159, -0.007565, 0.021099, 0.022678, 0.00119, 0.00602, 0.000634, -0.000143, 0.001927, 0.011571, -0.001393, -0.001019, 0.000384, -0.019115, -0.013977, 0.005274, 0.000686, 0.001252, -0.000472, 0.000392, -0.000345, 0.123317, 0.343626, -0.007307, -0.036788, -0.081288, 0.127825, 0.351275, 0.053042, 0.005669, -0.075129, 0.126951, 0.3498, -0.01522, 0.037093, -0.0824, 0.178181, 0.430577, 0.08545, 0.07587, 0.032612, 0.112854, 0.325435, 0.024982, -0.046014, 0.064788, 0.110965, 0.322082, 0.010916, -0.08098, 0.008504, 0.123473, 0.343891, -0.062154, -0.002572, 0.064507, 0.038447, 0.167907, -0.022643, -0.020175, -0.011124, 0.020001, 0.112261, -0.017109, -0.002649, -0.002217, 0.00039, 0.009806, -0.000272, -0.000184, 2.7e-05], [-0.002393, -0.025677, -0.023776, 0.06587, -0.000649, 0.03941, 0.191226, -0.000749, 0.04546, 0.036317, 0.001727, -0.10488, 0.037098, 0.001222, 0.0, 0.0, 0.0, 1.0, 0.0, 0.0, 0.531899, -0.0, -0.0, -0.0, 0.0, 0.0, 0.0, 0.0, 0.005978, -0.055675, -0.084931, 0.021427, -0.06027, -0.032039, 0.14886, -0.137841, -0.073277, 0.060959, 0.033684, 0.017907, -0.03753, -0.05562, -0.002118, -0.02259, -0.02085, 0.067441, 0.029665, -0.018069, 0.193054, 0.034068, -0.020751, 0.032165, -0.092115, 0.056109, -0.015027, 0.029106, 0.017101, 0.178386, 0.162715, -0.147123, -0.110633, 0.124142, -0.049341, -0.125026, 0.140292, 0.02833, 0.119819, -0.13445, -0.010893, -0.094345, 8e-06, 0.00623, 0.051222, -0.005911, -0.003469, -0.000182, -0.094149, -0.063572, -0.003336, 0.003447, 0.004179, 0.000219, 0.001204, 0.000127, -0.0, 0.0, 0.000273, -0.0, -0.0, 0.0, -0.000647, -0.000518, 0.000195, 0.0, 0.0, -0.0, 0.0, -0.0, 0.00226, 0.009435, 0.002779, -0.00111, -0.002453, -0.017221, -0.06822, -0.008682, -0.001287, 0.017058, 0.004896, 0.019589, 0.002304, 0.0024, -0.005332, -0.043786, -0.105926, -0.034026, -0.038784, -0.016671, -0.006854, -0.032579, -9.6e-05, 0.004348, -0.006122, -0.002928, -0.014262, 0.001704, 0.003288, -0.000345, 0.019254, 0.080248, -0.012964, -0.000661, 0.016581, 0.001496, 0.033336, -0.0006, -0.000601, -0.000331, 0.000482, 0.02714, -0.000194, -3.1e-05, -2.6e-05, 0.0, 0.000687, -0.0, -0.0, 0.0], [-0.000334, -0.003584, -0.003319, -0.000649, 0.07043, 0.005501, -0.000749, 0.196485, 0.006345, 0.001827, 0.013389, 0.001222, 0.00705, -0.113467, 0.0, 0.0, 0.0, 0.0, 1.0, 0.0, -0.0, 0.531899, 0.0, 0.0, -0.0, 0.0, 0.0, 0.0, 0.016392, -0.152657, -0.232875, -0.06027, -0.121847, -0.08785, -0.137841, -0.178818, -0.200918, 0.042709, -0.078426, -0.05562, -0.031061, -0.114314, 0.017532, 0.186978, 0.172573, 0.029665, -0.174508, 0.149558, 0.034068, -0.084808, 0.171758, -0.096682, -0.035957, 0.029106, 0.026491, -0.18128, 0.008599, 0.089699, 0.081819, -0.110633, 0.017264, 0.062423, -0.125026, 0.136432, 0.070544, 0.096327, -0.010166, -0.094345, -0.052867, 0.005736, 4e-06, 0.003317, 0.027269, -0.003469, -0.001241, -9.7e-05, -0.063572, -0.008579, -0.001776, 0.002453, 0.001745, 0.000127, 0.000284, 4.9e-05, -0.0, 0.0, 0.000199, -0.0, -0.0, 0.0, -0.000518, -0.000317, 0.000143, 0.0, 0.0, -0.0, 0.0, -0.0, 0.011377, 0.047504, -0.00111, -0.00259, -0.012352, -0.001841, -0.007292, -0.001287, 0.003224, 0.001823, -0.011931, -0.047743, 0.0024, -0.00256, 0.012995, -0.038877, -0.09405, -0.038784, -0.024781, -0.014802, 0.012624, 0.060008, 0.004348, -0.005744, 0.011276, 0.021718, 0.105806, 0.003288, -0.022247, 0.002562, 0.000797, 0.00332, -0.000661, 0.002985, 0.000686, 0.001333, 0.029702, -0.000601, -0.000461, -0.000295, 7.5e-05, 0.004202, -3.1e-05, 5e-06, -4e-06, 0.0, 0.000463, -0.0, -0.0, 0.0], [0.02028, 0.217602, 0.201488, 0.03941, 0.005501, -0.263461, 0.04546, 0.006345, -0.188662, -0.110947, 0.001222, -0.060808, -0.200753, -0.008487, 0.0, 0.0, 0.0, 0.0, 0.0, 1.0, -0.0, 0.0, 0.531899, 0.0, 0.0, -0.0, 0.0, 0.0, 0.008714, -0.081153, -0.123797, -0.032039, -0.08785, -0.003293, -0.073277, -0.200918, 0.092323, 0.022704, -0.05562, -0.003366, -0.092895, -0.009229, -0.010679, -0.113892, -0.105117, -0.018069, 0.149558, -0.020074, -0.020751, 0.171758, 0.092549, 0.058891, 0.029106, -0.005902, -0.135387, 0.048852, -0.009649, -0.100652, -0.09181, 0.124142, 0.062423, 0.002849, 0.140292, 0.070544, 0.120142, -0.108089, -0.094345, 0.011621, -0.04703, 0.005843, 0.0, 0.000174, 0.001431, -0.000182, -9.7e-05, 0.0006, -0.003336, -0.001776, 0.025171, 0.000129, 0.000127, -0.000663, 5.2e-05, -0.000353, 0.0, -0.0, -7.5e-05, 0.0, 0.0, -0.0, 0.000195, 0.000143, 7e-06, -0.0, -0.0, 0.0, -0.0, 0.0, 0.025138, 0.104967, -0.002453, -0.012352, -0.024293, 0.024392, 0.096626, 0.017058, 0.001823, -0.0208, 0.026505, 0.106059, -0.005332, 0.012995, -0.025577, -0.016711, -0.040427, -0.016671, -0.014802, 0.003292, -0.017775, -0.084491, -0.006122, 0.011276, -0.013612, -0.002281, -0.011112, -0.000345, 0.002562, 0.001878, -0.019983, -0.083285, 0.016581, 0.000686, -0.014197, 0.000735, 0.016377, -0.000331, -0.000295, -8.8e-05, 6.2e-05, 0.003517, -2.6e-05, -4e-06, 6e-06, -0.0, -6.9e-05, 0.0, 0.0, 0.0], [-0.012809, -0.064818, -0.067626, 0.191226, -0.000749, 0.04546, 0.526652, -0.001281, 0.077797, 0.02694, 0.002105, -0.127819, 0.016041, 0.000529, 0.0, 0.0, -0.0, 0.531899, -0.0, -0.0, 1.0, 0.0, 0.0, 0.0, 0.0, 0.0, 0.0, 0.0, 0.023634, -0.134868, -0.193073, 0.094815, -0.056735, -0.03016, 0.388472, -0.160466, -0.085304, 0.038236, 0.055353, 0.029426, -0.011975, -0.017748, -0.011244, -0.056846, -0.059251, 0.193054, 0.034068, -0.020751, 0.529789, 0.058237, -0.035473, 0.023692, -0.110294, 0.067182, -0.006462, 0.012516, 0.088066, 0.443766, 0.460899, -0.049341, -0.125026, 0.140292, 0.117134, -0.212863, 0.238855, -0.06521, 0.016899, -0.018962, -0.004591, -0.03976, 0.013825, 0.131429, 0.270788, -0.094149, -0.063572, -0.003336, -0.292043, -0.233852, -0.012271, 0.031069, 0.049983, 0.002623, 0.016576, 0.001744, -0.000237, 0.003467, 0.020778, -0.00249, -0.002066, 0.00078, -0.032085, -0.027993, 0.010563, 0.001054, 0.002564, -0.000968, 0.000911, -0.000802, 0.020962, 0.036668, 0.051259, -0.007674, -0.016957, -0.152375, -0.262063, -0.02246, -0.0083, 0.109994, 0.04371, 0.075419, 0.048293, 0.015683, -0.034839, -0.248665, -0.36552, -0.064067, -0.130982, -0.056302, -0.071432, -0.130288, 0.027897, 0.035672, -0.050225, -0.031192, -0.057347, 0.042523, 0.027869, -0.002927, 0.178318, 0.311736, -0.057293, -0.004558, 0.114329, 0.062429, 0.188662, -0.031549, -0.039092, -0.021554, 0.046273, 0.18956, -0.040987, -0.007189, -0.006018, 0.000677, 0.016958, -0.000456, -0.000333, 5e-05], [-0.001788, -0.009047, -0.009439, -0.000749, 0.196485, 0.006345, -0.001281, 0.535653, 0.010859, 6e-06, 0.015521, 0.000529, 0.004406, -0.131532, 0.0, 0.0, -0.0, -0.0, 0.531899, 0.0, 0.0, 1.0, 0.0, 0.0, 0.0, 0.0, 0.0, 0.0, 0.064804, -0.369798, -0.52939, -0.056735, -0.040056, -0.082697, -0.160466, 0.007012, -0.233896, -0.012125, -0.008757, -0.017748, 0.034694, -0.012764, 0.093066, 0.47051, 0.490414, 0.034068, -0.084808, 0.171758, 0.058237, 0.054804, 0.293608, -0.000765, -0.006922, 0.012516, -0.059292, -0.034897, 0.044283, 0.223142, 0.231757, -0.125026, 0.136432, 0.070544, -0.212863, 0.433423, 0.120105, 0.059992, -0.071098, -0.03976, -0.055876, 0.040116, 0.00736, 0.069968, 0.144159, -0.063572, -0.008579, -0.001776, -0.233852, 0.022731, -0.006533, 0.038125, 0.009835, 0.001744, -0.003637, 0.000275, -0.000174, 0.002535, 0.015194, -0.002066, -0.001175, 0.00057, -0.027993, -0.014272, 0.007724, 0.001363, 0.001658, -0.000802, 0.000325, -0.000457, 0.10554, 0.184614, -0.007674, 0.014145, -0.085376, -0.016286, -0.02801, -0.0083, 0.05431, 0.011756, -0.106529, -0.183809, 0.015683, 0.016505, 0.08491, -0.220787, -0.32454, -0.130982, -0.032842, -0.04999, 0.131572, 0.239978, 0.035672, -0.01844, 0.092511, 0.231407, 0.42544, 0.027869, -0.160473, 0.021713, 0.007378, 0.012899, -0.004558, 0.052678, 0.004731, 0.055623, 0.168094, -0.039092, -0.022503, -0.019204, 0.007165, 0.029351, -0.007189, 0.004329, -0.000932, 0.000456, 0.011424, -0.000333, -0.000186, 3.3e-05], [0.108552, 0.5493, 0.573096, 0.04546, 0.006345, -0.188662, 0.077797, 0.010859, -0.123457, -0.000358, 0.000529, -0.016561, -0.004333, -0.002312, -0.0, 0.0, 0.0, -0.0, 0.0, 0.531899, 0.0, 0.0, 1.0, 0.0, 0.0, 0.0, 0.0, 0.0, 0.03445, -0.196585, -0.281424, -0.03016, -0.082697, 0.071545, -0.085304, -0.233896, 0.322656, -0.006446, -0.017748, 0.015194, -0.053354, 0.04166, -0.056688, -0.286596, -0.298721, -0.020751, 0.171758, 0.092549, -0.035473, 0.293608, 0.357983, 0.000466, 0.012516, 0.006002, -0.101272, -0.049677, -0.04969, -0.250389, -0.260056, 0.140292, 0.070544, 0.120142, 0.238855, 0.120105, 0.405688, -0.067317, -0.03976, -0.061916, -0.057518, -0.031134, 0.000386, 0.003672, 0.007565, -0.003336, -0.001776, 0.025171, -0.012271, -0.006533, 0.146883, 0.002001, 0.001744, -0.023317, 0.001117, -0.012413, 6.5e-05, -0.000957, -0.005733, 0.00078, 0.00057, 0.000121, 0.010563, 0.007724, 0.003283, -0.000514, -0.000802, -0.000165, -0.00038, -0.00012, 0.233203, 0.407928, -0.016957, -0.085376, -0.135866, 0.215824, 0.371186, 0.109994, 0.011756, -0.100597, 0.23665, 0.408325, -0.034839, 0.08491, -0.133895, -0.094905, -0.139503, -0.056302, -0.04999, 0.061967, -0.185252, -0.337887, -0.050225, 0.092511, -0.082991, -0.024302, -0.044679, -0.002927, 0.021713, 0.044, -0.185067, -0.323536, 0.114329, 0.004731, -0.065791, 0.030668, 0.092681, -0.021554, -0.019204, 0.001739, 0.005997, 0.024568, -0.006018, -0.000932, 0.004663, -6.8e-05, -0.001702, 5e-05, 3.3e-05, 3.4e-05], [-0.00952, -0.083346, -0.033088, -0.036317, -0.001827, 0.110947, -0.02694, -6e-06, 0.000358, 0.0763, -0.001138, 0.069076, 0.08029, 0.002645, -0.0, 0.0, -0.0, -0.0, 0.0, 0.0, 0.0, 0.0, 0.0, 1.0, 0.0, 0.0, 0.0, 0.0, 0.007439, -0.068738, -0.055344, -0.065767, -0.056951, -0.030275, -0.109709, -0.004445, -0.002363, 0.002534, -0.108161, -0.057498, -0.013651, -0.020231, -0.009747, -0.084477, -0.033411, -0.032165, 0.096682, -0.058891, -0.023692, 0.000765, -0.000466, 0.07987, 0.052392, -0.031913, -0.037943, 0.07349, 0.009615, 0.080345, 0.031344, -0.02833, -0.096327, 0.108089, 0.06521, -0.059992, 0.067317, -0.095029, 0.091589, -0.102772, -0.015233, -0.131929, 0.0, 0.003841, 0.021099, -0.003447, -0.002453, -0.000129, -0.031069, -0.038125, -0.002001, 0.001689, 0.002607, 0.000137, 0.000859, 9e-05, 0.0, 0.0, 0.000105, -0.0, -0.0, 0.0, -0.000227, -0.000237, 8.9e-05, 0.0, 0.0, -0.0, 0.0, -0.0, -0.012004, -0.024963, 0.00173, 0.00568, 0.012551, -7.7e-05, -0.000151, -0.00328, 0.000165, -0.002191, -0.011984, -0.023671, 0.003668, -0.005628, 0.012503, 0.015009, 0.01616, 0.006152, 0.022909, 0.009847, -0.007334, -0.017844, -0.003847, 0.004129, -0.005813, -0.009158, -0.022955, -0.001961, 0.009584, -0.001007, 0.005443, 0.011293, -0.001701, -0.000283, 0.007095, 0.000376, 0.006076, -8e-05, -0.000135, -7.4e-05, 0.000296, 0.01506, -6.9e-05, -1.2e-05, -1e-05, 0.0, 0.000298, 0.0, 0.0, 0.0], [6.6e-05, 0.000577, 0.000229, -0.001727, -0.013389, -0.001222, -0.002105, -0.015521, -0.000529, -0.001138, 0.034565, 0.003676, -0.002012, 0.028887, 0.0, 0.0, 0.0, 0.0, -0.0, 0.0, 0.0, 0.0, 0.0, 0.0, 1.0, 0.0, 0.0, 0.0, -0.009245, 0.085426, 0.06878, -0.026778, 0.095909, 0.064796, -0.124317, 0.065893, 0.068203, -0.108161, -0.04267, -0.028647, 0.039359, 0.110066, -0.00304, -0.026349, -0.010421, 0.092115, 0.035957, -0.029106, 0.110294, 0.006922, -0.012516, 0.052392, -0.132526, 0.102515, -0.01047, 0.049267, 0.011722, 0.09795, 0.038212, -0.119819, 0.010166, 0.094345, -0.016899, 0.071098, 0.03976, 0.091589, 0.004651, -0.143816, -0.093157, -0.00347, 1e-06, 0.004129, 0.022678, -0.004179, -0.001745, -0.000127, -0.049983, -0.009835, -0.001744, 0.002607, 0.002195, 0.000149, 0.00044, 6.5e-05, 0.0, 0.0, 0.000191, -0.0, -0.0, 0.0, -0.000491, -0.000333, 0.000147, 0.0, 0.0, -0.0, 0.0, -0.0, 0.001423, 0.00296, 0.001591, -0.000446, -0.001752, 0.001628, 0.003176, 0.00101, -0.002647, -0.001852, -0.003043, -0.00601, -0.001211, -0.000925, 0.003797, 0.043305, 0.046627, 0.045474, 0.037975, 0.0212, -0.005764, -0.014024, -0.000475, 0.003093, -0.00566, -0.004387, -0.010997, 0.00214, 0.004998, -0.000565, 0.000847, 0.001757, -0.000675, 0.002931, 0.000828, 0.001204, 0.019436, -0.000371, -0.000322, -0.000201, 8.1e-05, 0.004123, -2e-05, 2e-06, -3e-06, 0.0, 0.000453, 0.0, 0.0, 0.0], [-0.004002, -0.035036, -0.013909, 0.10488, -0.001222, 0.060808, 0.127819, -0.000529, 0.016561, 0.069076, 0.003676, -0.188596, 0.064314, 0.002596, 0.0, 0.0, 0.0, 0.0, 0.0, -0.0, 0.0, 0.0, 0.0, 0.0, 0.0, 1.0, 0.0, 0.0, -0.004915, 0.045413, 0.036564, -0.014235, 0.064796, 0.008467, -0.066087, 0.068203, -0.026147, -0.057498, -0.028647, -0.004011, 0.078797, 0.019461, 0.001852, 0.016049, 0.006348, -0.056109, -0.029106, 0.005902, -0.067182, -0.012516, -0.006002, -0.031913, 0.102515, -0.02667, 0.032975, -0.016277, -0.013153, -0.109911, -0.042878, 0.13445, 0.094345, -0.011621, 0.018962, 0.03976, 0.061916, -0.102772, -0.143816, 0.037862, -0.079756, 0.025172, 0.0, 0.000217, 0.00119, -0.000219, -0.000127, 0.000663, -0.002623, -0.001744, 0.023317, 0.000137, 0.000149, -0.000632, 6.1e-05, -0.000359, 0.0, -0.0, -7.2e-05, 0.0, 0.0, -0.0, 0.000185, 0.000147, 1e-06, -0.0, -0.0, 0.0, -0.0, 0.0, 0.003145, 0.006539, 0.003515, -0.001752, -0.003525, -0.021569, -0.042088, -0.013378, -0.001852, 0.021753, 0.006759, 0.013351, 0.002689, 0.003797, -0.00765, 0.018614, 0.020043, 0.019547, 0.0212, -0.002232, 0.008116, 0.019746, 0.000669, -0.00566, 0.007042, 0.000461, 0.001155, -0.000225, -0.000565, -0.000327, -0.021243, -0.044077, 0.016924, 0.000828, -0.017793, 0.000664, 0.010716, -0.000205, -0.000201, -6.9e-05, 6.8e-05, 0.003451, -1.7e-05, -3e-06, 3e-06, -0.0, -6.8e-05, 0.0, 0.0, 0.0], [-0.016953, -0.148414, -0.05892, -0.037098, -0.00705, 0.200753, -0.016041, -0.004406, 0.004333, 0.08029, -0.002012, 0.064314, 0.187764, 0.013016, -0.0, -0.0, -0.0, 0.0, 0.0, 0.0, 0.0, 0.0, 0.0, 0.0, 0.0, 0.0, 1.0, 0.0, -0.009093, 0.084019, 0.067647, 0.043721, 0.048648, 0.101595, 0.04602, -0.044923, 0.158041, -0.013651, 0.039359, 0.078797, -0.068112, 0.136713, 0.007913, 0.068585, 0.027126, 0.015027, -0.026491, 0.135387, 0.006462, 0.059292, 0.101272, -0.037943, -0.01047, 0.032975, -0.125263, -0.162858, -0.000764, -0.006381, -0.002489, 0.010893, 0.052867, 0.04703, 0.004591, 0.055876, 0.057518, -0.015233, -0.093157, -0.079756, -0.05277, 0.006229, 0.0, 0.001096, 0.00602, -0.001204, -0.000284, -5.2e-05, -0.016576, 0.003637, -0.001117, 0.000859, 0.00044, 6.1e-05, 6.3e-05, 2.2e-05, 0.0, 0.0, 6e-05, -0.0, -0.0, 0.0, -0.000167, -8.1e-05, 6.2e-05, 0.0, 0.0, -0.0, 0.0, -0.0, -0.013909, -0.028925, 0.00154, 0.0095, 0.013264, -0.015188, -0.029637, -0.0122, -0.001602, 0.013333, -0.01459, -0.028817, 0.003363, -0.010108, 0.013959, 0.015673, 0.016875, 0.020103, 0.007777, 0.012002, -0.005216, -0.012689, -0.001975, 0.005344, -0.002717, 0.016095, 0.040342, 0.002662, -0.016886, 0.002375, -0.011006, -0.022837, 0.010362, 0.000551, -0.007678, 0.000373, 0.006026, -0.000127, -7.6e-05, -8.2e-05, 2e-06, 9.6e-05, -0.0, 1e-06, -1e-06, 0.0, 0.000149, 0.0, 0.0, 0.0], [-0.000559, -0.00489, -0.001941, -0.001222, 0.113467, 0.008487, -0.000529, 0.131532, 0.002312, 0.002645, 0.028887, 0.002596, 0.013016, -0.206832, 0.0, 0.0, 0.0, 0.0, 0.0, 0.0, 0.0, 0.0, 0.0, 0.0, 0.0, 0.0, 0.0, 1.0, -0.013476, 0.124518, 0.100255, 0.064796, 0.139798, 0.023215, 0.068203, 0.096047, -0.071694, -0.020231, 0.110066, 0.019461, 0.136713, 0.042252, -0.015327, -0.132841, -0.052539, -0.029106, 0.18128, -0.048852, -0.012516, 0.034897, 0.049677, 0.07349, 0.049267, -0.016277, -0.162858, 0.106088, -0.006614, -0.055267, -0.021561, 0.094345, -0.005736, -0.005843, 0.03976, -0.040116, 0.031134, -0.131929, -0.00347, 0.025172, 0.006229, 0.000459, 0.0, 0.000115, 0.000634, -0.000127, -4.9e-05, 0.000353, -0.001744, -0.000275, 0.012413, 9e-05, 6.5e-05, -0.000359, 2.2e-05, -0.000148, 0.0, -0.0, -5.3e-05, 0.0, 0.0, -0.0, 0.000147, 9.2e-05, 1e-06, -0.0, -0.0, 0.0, -0.0, 0.0, 0.015832, 0.032924, -0.001752, -0.004959, -0.017747, -0.002305, -0.004498, -0.001852, 0.003749, 0.002325, -0.016473, -0.032538, 0.003797, -0.005007, 0.018645, 0.016527, 0.017796, 0.0212, 0.014493, -0.001981, -0.01495, -0.036371, -0.00566, 0.008021, -0.01297, -0.003418, -0.008568, -0.000565, 0.003894, 0.002425, -0.000879, -0.001824, 0.000828, -0.003042, -0.000736, 0.000591, 0.009548, -0.000201, -0.000158, -6.2e-05, 1.1e-05, 0.000534, -3e-06, 0.0, 0.0, -0.0, -4.5e-05, 0.0, 0.0, 0.0], [0.0, -6.1e-05, -0.006297, 2e-06, 1.1e-05, 2e-05, 0.001661, 0.007566, 0.013915, 1e-06, -0.0, -0.0, 1e-06, -1e-06, -0.0, -0.014186, -0.039158, 0.005978, 0.016392, 0.008714, 0.023634, 0.064804, 0.03445, 0.007439, -0.009245, -0.004915, -0.009093, -0.013476, 1.0, -0.344017, -0.15787, 0.0, 0.0, -0.0, -0.0, 0.0, 0.0, -0.0, 0.0, -0.0, 0.0, 0.0, 0.0, -4.4e-05, -0.005652, 2e-06, 1.5e-05, -1e-06, 0.001593, 0.014202, -0.000877, 1e-06, -0.0, 0.0, -1e-06, 0.0, 0.0, -7e-05, -0.006594, 1.9e-05, 2e-05, -1e-06, 0.011229, 0.012304, -0.000324, -0.0, -2e-06, 0.0, -1e-06, 0.0, 0.0, -0.0, -0.00015, 0.0, 0.0, 0.0, 0.000234, 0.000206, 5.9e-05, 0.0, 0.0, 0.0, 0.0, 0.0, 0.0, 0.0, -0.0, 0.0, 0.0, 0.0, 0.0, 0.0, -0.0, 0.0, 0.0, 0.0, 0.0, 0.0, -0.0, -0.000671, 0.0, 0.0, 0.0, -2e-06, -0.003787, -0.0, 0.0, 0.0, -3e-06, -0.003993, 0.0, 0.0, 0.0, -0.046978, -0.062206, -0.088465, -0.004607, 0.009146, -4e-06, -0.004365, -0.0, 