{"HF": -422.88719159626, "coordinates": [[-0.141133495, 1.568883575, 0.053842879], [-0.031223347, 0.071786502, 0.002148589], [-0.01279441, -0.624546098, -1.1339329], [0.065946816, -2.131861333, -1.169423586], [1.331302252, -2.781431254, -0.612006064], [1.93886079, -3.613078056, -1.230364076], [1.727531969, -2.518266816, 0.65866776], [1.462953097, -1.354667509, 1.458016042], [0.103617185, -0.67158714, 1.315414393], [0.724274572, 2.015248642, 0.561086269], [-0.210603434, 2.004554724, -0.946114992], [-1.026695947, 1.87761676, 0.624543318], [-0.078257621, -0.11414446, -2.0905521], [-0.774995966, -2.562631545, -0.605023361], [-0.016226891, -2.503970646, -2.190491091], [1.592384582, -1.713754864, 2.483459275], [2.258839052, -0.626986407, 1.254757262], [0.008829245, 0.020913339, 2.159105015], [-0.695430943, -1.4159276, 1.434132968]], "elements": ["C", "C", "C", "C", "C", "O", "O", "C", "C", "H", "H", "H", "H", "H", "H", "H", "H", "H", "H"], "Enn": 453.9415152929, "S": [[1.0, 0.325565, 0.151774, -0.0, 0.0, 0.0, -0.0, 0.0, 0.0, -0.0, -0.0, 0.0, -0.0, 0.0, 0.0, 0.01633, 0.05437, 0.000739, -0.001571, 0.021399, 0.0038, -0.00808, 0.110062, -0.010557, -9.2e-05, 0.001259, -0.018132, -0.002677, 0.0, 8.5e-05, 0.008882, 1.7e-05, -2e-06, 3.1e-05, 0.010648, -0.001151, 0.019664, -1e-06, -0.0, 3e-06, -3e-06, -0.0, 0.0, 0.0, 0.000149, 0.0, -0.0, 0.0, 9.5e-05, -1.6e-05, 0.000287, 0.0, 0.0, 0.0, 0.0, 0.0, 0.0, 0.0, 8e-06, 0.0, 0.0, 0.0, 2e-06, -4e-06, 1.2e-05, 0.0, 0.0, 0.0, 0.0, 0.0, 0.0, 0.0, 0.0, 0.0, 0.0, 0.0, 0.0, 0.0, 0.0, 0.0, 0.0, 0.0, 0.0, 0.0, 0.0, 0.0, 0.0, 0.0, 0.0, 0.0, -0.0, -0.0, 0.0, 0.0, 0.0, 0.0, 0.0, 0.0, 0.0, 0.0, 0.000393, -0.0, -0.0, 0.0, -0.000337, -0.000385, 0.000703, 0.0, 0.0, 0.0, 0.0, 0.0, 0.0, 4.8e-05, 0.007295, -8e-06, -2e-06, 1.5e-05, -0.008999, -0.001746, 0.015981, -0.0, 0.0, -1e-06, -1e-06, -0.0, 0.049291, 0.08649, -0.037195, -0.063458, -0.032731, 0.050096, 0.086892, 0.075312, 0.005232, -0.032812, 0.049308, 0.086498, -0.041872, 0.064973, -0.022651, 6e-06, 0.006141, 0.0, -0.0, 0.0, 0.0, 7.2e-05, 0.0, 0.0, 0.0, 0.0, 1.5e-05, 0.0, 0.0, 0.0, 0.0, 3.4e-05, 0.0, 0.0, 0.0, 0.0, 0.000875, 0.0, 0.0, 0.0, 1.4e-05, 0.007869, -0.0, -0.0, 0.0, 0.0, 0.001284, -0.0, 0.0, 0.0], [0.325565, 1.0, 0.798485, 0.0, -0.0, -0.0, 0.0, -0.0, 0.0, 0.0, -0.0, 0.0, -0.0, 0.0, 0.01633, 0.197666, 0.360301, 0.007701, -0.016373, 0.223017, 0.019148, -0.040711, 0.554528, -0.088086, -0.000771, 0.010505, -0.151292, -0.022335, 8.5e-05, 0.011301, 0.088433, 0.006112, -0.00066, 0.011287, 0.09115, -0.009849, 0.168324, -0.001745, -0.000459, 0.00785, -0.007223, -0.000848, 0.0, 1.8e-05, 0.003702, 4e-06, -1e-06, 1.1e-05, 0.00268, -0.000454, 0.008108, -2e-06, -0.0, 3e-06, -4e-06, -0.0, 0.0, 0.0, 0.000401, 0.0, -0.0, 0.0, 0.000121, -0.000267, 0.000789, -0.0, -0.0, 0.0, -0.0, -0.0, 0.0, 0.0, 0.0, 0.0, 0.0, 0.0, 0.0, -0.0, 0.0, 0.0, 0.0, 0.0, 0.0, 0.0, 0.0, 0.0, 1e-05, -0.0, -0.0, 0.0, -4e-06, -1.3e-05, 2.8e-05, -0.0, 0.0, -0.0, -0.0, -0.0, 0.0, 8.2e-05, 0.007884, -2.4e-05, -2.8e-05, 5.1e-05, -0.007176, -0.008198, 0.014941, -9e-06, 1e-05, -1.8e-05, -1.3e-05, -2e-05, 4.8e-05, 0.008281, 0.075914, -0.004522, -0.000877, 0.008031, -0.081591, -0.015829, 0.1449, -0.001091, 0.000615, -0.00563, -0.00494, -0.001092, 0.364757, 0.519097, -0.16617, -0.283502, -0.146226, 0.367958, 0.520994, 0.331017, 0.022997, -0.144221, 0.364825, 0.519137, -0.186999, 0.290169, -0.101162, 0.003001, 0.064721, 0.001819, -5.3e-05, 0.001428, 1e-06, 0.001956, 0.0, 0.0, 0.0, 0.0, 0.000561, 0.0, -0.0, 0.0, 0.0, 0.001079, -0.0, -0.0, 0.0, 9.4e-05, 0.013963, -1.3e-05, -2.5e-05, 2.3e-05, 0.004672, 0.078674, -0.003121, -0.000222, 0.002295, 0.000185, 0.018878, -3.4e-05, 1.4e-05, 7.5e-05], [0.151774, 0.798485, 1.0, 0.0, 0.0, -0.0, 0.0, 0.0, -0.0, -0.0, 0.0, 0.0, -0.0, 0.0, 0.05437, 0.360301, 0.590193, 0.007021, -0.014927, 0.203326, 0.019884, -0.042277, 0.575853, -0.034344, -0.000301, 0.004096, -0.058988, -0.008708, 0.008882, 0.088433, 0.232678, 0.035152, -0.003798, 0.064913, 0.167689, -0.018119, 0.309666, -0.006188, -0.001629, 0.027842, -0.02562, -0.003008, 0.000149, 0.003702, 0.028416, 0.001176, -0.000199, 0.003556, 0.017945, -0.003038, 0.054289, -0.000893, -7.3e-05, 0.001303, -0.001965, -0.000221, 8e-06, 0.000401, 0.006514, 5.8e-05, -0.000129, 0.000382, 0.002, -0.004422, 0.013065, -0.000134, -2.2e-05, 6.6e-05, -0.000192, -0.000147, -0.0, 1e-06, 3.6e-05, 0.0, -0.0, 1e-06, 2.2e-05, -3.6e-05, 9e-05, -1e-06, -0.0, 0.0, -1e-06, -1e-06, -8e-06, 0.000147, 0.001602, -2e-05, -6.1e-05, 0.000133, -0.000512, -0.001583, 0.003461, -7.4e-05, 1.5e-05, -3.2e-05, -8.7e-05, -0.0001, 0.000393, 0.007884, 0.046889, -0.003048, -0.003482, 0.006346, -0.035324, -0.040353, 0.073545, -0.001411, 0.001534, -0.002796, -0.002034, -0.003194, 0.007295, 0.075914, 0.210294, -0.031647, -0.00614, 0.056203, -0.159727, -0.030988, 0.283665, -0.004917, 0.002773, -0.025386, -0.022273, -0.004925, 0.452568, 0.761307, -0.086126, -0.146939, -0.075789, 0.454397, 0.763183, 0.170531, 0.011847, -0.074299, 0.452607, 0.761347, -0.096909, 0.150375, -0.052425, 0.04576, 0.186899, 0.029811, -0.000874, 0.023397, 0.001003, 0.017637, 0.000137, 0.000131, 0.000856, 0.000258, 0.007597, 0.000104, -6e-06, 0.000188, 0.000526, 0.011811, -0.000246, -0.000176, 0.000333, 0.008546, 0.066418, -0.002642, -0.00528, 0.004831, 0.056686, 0.213207, -0.037008, -0.002636, 0.027211, 0.01188, 0.081403, -0.004364, 0.001752, 0.009436], [-0.0, 0.0, 0.0, 1.0, -0.0, 0.0, 0.531899, -0.0, 0.0, -0.0, 0.0, 0.0, 0.0, 0.0, -0.000739, -0.007701, -0.007021, 0.072563, 0.000871, -0.011866, 0.198926, 0.000984, -0.013401, 0.011187, -0.008597, 0.117095, 0.011143, 0.001645, -1.7e-05, -0.006112, -0.035152, -0.002348, 0.000396, -0.006767, -0.007799, 0.004681, -0.080002, 0.002129, 0.00021, -0.003586, 0.004746, 0.000557, -0.0, -4e-06, -0.001176, -0.0, 0.0, -2e-06, -0.00021, 0.000161, -0.002869, 0.0, 0.0, -0.0, 0.0, 0.0, 0.0, -0.0, -5.8e-05, 0.0, 0.0, -0.0, 3.1e-05, 4.2e-05, -0.000123, 0.0, 0.0, -0.0, 0.0, 0.0, 0.0, 0.0, -0.0, 0.0, 0.0, 0.0, -0.0, 0.0, -0.0, 0.0, 0.0, 0.0, 0.0, 0.0, 0.0, 0.0, 1e-06, 0.0, -0.0, 0.0, 0.0, -1e-06, 3e-06, -0.0, -0.0, 0.0, -0.0, -0.0, 0.0, 2.4e-05, 0.003048, -5e-06, -7e-06, 1.3e-05, -0.001288, -0.003588, 0.006539, -2e-06, 1e-06, -3e-06, -2e-06, -4e-06, 8e-06, 0.004522, 0.031647, -0.001834, -0.000523, 0.004784, -0.011055, -0.007861, 0.071959, -0.001327, 0.000286, -0.002621, -0.003151, -0.000697, 0.179725, 0.096406, 0.071002, -0.22108, -0.11403, -0.358317, -0.190803, -0.307529, -0.035492, 0.222586, 0.202258, 0.108476, 0.036561, 0.254609, -0.088764, -0.002474, -0.04303, -0.001256, 4.1e-05, -0.001088, -0.0, -0.000307, -0.0, -0.0, -0.0, -0.0, -0.000274, -0.0, 0.0, -0.0, 0.0, 0.000599, -0.0, -0.0, 0.0, 2.5e-05, 0.004624, -1e-06, -4e-06, 4e-06, 0.004068, 0.05214, -0.002378, -0.000188, 0.001936, 6.2e-05, 0.00735, -6e-06, 3e-06, 1.7e-05], [0.0, -0.0, 0.0, -0.0, 1.0, -0.0, -0.0, 0.531899, -0.0, -0.0, -0.0, 0.0, 0.0, 0.0, 0.001571, 0.016373, 0.014927, 0.000871, 0.07112, 0.02523, 0.000984, 0.197297, 0.028493, -0.008798, 0.003949, 0.001645, -0.032345, 0.114371, 2e-06, 0.00066, 0.003798, 0.000396, 0.001274, 0.000731, 0.004681, 0.035017, 0.008644, -7.1e-05, 0.000818, 0.000557, -0.000605, 0.001511, 0.0, 1e-06, 0.000199, 0.0, 0.0, 0.0, 0.000161, 0.000711, 0.000486, -0.0, 0.0, 0.0, -0.0, 0.0, 0.0, 0.0, 0.000129, 0.0, -0.0, 0.0, 4.2e-05, -4.2e-05, 0.000272, -0.0, -0.0, 0.0, -0.0, -0.0, 0.0, 0.0, 0.0, 0.0, 0.0, 0.0, 0.0, -0.0, 0.0, 0.0, 0.0, 0.0, 0.0, 0.0, 0.0, 0.0, 3e-06, -0.0, -0.0, 0.0, -1e-06, -3e-06, 9e-06, -0.0, 0.0, -0.0, -0.0, -0.0, 0.0, 2.8e-05, 0.003482, -7e-06, -6e-06, 1.5e-05, -0.003588, -0.002246, 0.00747, -2e-06, 2e-06, -4e-06, -3e-06, -4e-06, 2e-06, 0.000877, 0.00614, -0.000523, 0.000758, 0.000928, -0.007861, 0.027939, 0.01396, -7.4e-05, -0.00047, -0.000697, -0.000717, 0.000835, 0.30663, 0.164478, -0.22108, -0.176601, -0.194547, -0.024893, -0.013256, -0.035492, 0.200888, 0.015464, -0.313846, -0.168323, 0.254609, -0.194436, 0.137736, 7.3e-05, 0.001262, 4.1e-05, 0.000129, 3.2e-05, -0.0, -0.000296, -0.0, 0.0, -0.0, 0.0, 1.5e-05, 0.0, 0.0, 0.0, 0.0, 0.000427, -0.0, -0.0, 0.0, 4.9e-05, 0.00924, -4e-06, -8e-06, 8e-06, 0.00029, 0.003714, -0.000188, 0.000242, 0.000138, -2.5e-05, -0.002952, 3e-06, 1e-06, -7e-06], [0.0, -0.0, -0.0, 0.0, -0.0, 1.0, 0.0, -0.0, 0.531899, -0.0, 0.0, -0.0, -0.0, 0.0, -0.021399, -0.223017, -0.203326, -0.011866, 0.02523, -0.270686, -0.013401, 0.028493, -0.18872, 0.119834, 0.001645, -0.018336, 0.204834, 0.038986, -3.1e-05, -0.011287, -0.064913, -0.006767, 0.000731, -0.01118, -0.080002, 0.008644, -0.112213, 0.00121, 0.000557, -0.008673, 0.007193, 0.000937, -0.0, -1.1e-05, -0.003556, -2e-06, 0.0, -5e-06, -0.002869, 0.000486, -0.007941, 1e-06, 0.0, -1e-06, 1e-06, 0.0, 0.0, -0.0, -0.000382, -0.0, 0.0, -0.0, -0.000123, 0.000272, -0.000753, 0.0, 0.0, -0.0, 0.0, 0.0, 0.0, 0.0, -0.0, 0.0, 0.0, 0.0, -0.0, 0.0, -0.0, 0.0, 0.0, 0.0, 0.0, 0.0, 0.0, -0.0, -7e-06, 0.0, 0.0, -0.0, 3e-06, 9e-06, -1.9e-05, 0.0, -0.0, 0.0, 0.0, 0.0, -0.0, -5.1e-05, -0.006346, 1.3e-05, 1.5e-05, -2.5e-05, 0.006539, 0.00747, -0.011762, 3e-06, -4e-06, 7e-06, 4e-06, 8e-06, -1.5e-05, -0.008031, -0.056203, 0.004784, 0.000928, -0.007636, 0.071959, 0.01396, -0.098331, 0.000675, -0.000697, 0.005831, 0.004625, 0.001131, 0.158155, 0.084836, -0.11403, -0.194547, 0.10024, 0.156115, 0.083131, 0.222586, 0.015464, 0.106375, 0.109416, 0.058682, -0.088764, 0.137736, 0.152624, -0.001941, -0.033772, -0.001088, 3.2e-05, -0.000724, -0.0, -0.001927, -0.0, -0.0, -0.0, -0.0, -0.000498, -0.0, 0.0, -0.0, -0.0, -0.000809, 0.0, 0.0, -0.0, -4.5e-05, -0.008454, 4e-06, 8e-06, -6e-06, -0.002991, -0.038338, 0.001936, 0.000138, -0.001168, -0.000135, -0.015894, 1.7e-05, -7e-06, -3.5e-05], [-0.0, 0.0, 0.0, 0.531899, -0.0, 0.0, 1.0, 0.0, 0.0, 0.0, 0.0, 0.0, -0.0, 0.0, -0.0038, -0.019148, -0.019884, 0.198926, 0.000984, -0.013401, 0.539822, 0.001675, -0.022813, 0.00804, -0.00975, 0.132804, 0.004692, 0.000693, -0.010648, -0.09115, -0.167689, -0.007799, 0.004681, -0.080002, 0.042123, 0.015173, -0.259315, 0.028739, 0.000538, -0.009195, 0.037443, 0.004397, -9.5e-05, -0.00268, -0.017945, -0.00021, 0.000161, -0.002869, 0.002892, 0.00217, -0.03878, 0.001141, 1.8e-05, -0.00032, 0.001785, 0.0002, -2e-06, -0.000121, -0.002, 3.1e-05, 4.2e-05, -0.000123, 0.002137, 0.001507, -0.004452, 5.6e-05, -1.1e-05, 3.4e-05, 6.7e-05, 5.1e-05, 0.0, -0.0, -1.5e-05, -0.0, 0.0, -0.0, -1e-06, 1.7e-05, -4.1e-05, 0.0, 0.0, -0.0, 0.0, 0.0, -2e-06, 3.8e-05, 0.000478, 1e-05, -1.7e-05, 3.7e-05, 0.000487, -0.00052, 0.001137, -2.8e-05, -9e-06, 1.9e-05, -2.8e-05, -3.2e-05, 0.000337, 0.007176, 0.035324, -0.001288, -0.003588, 0.006539, -0.002115, -0.034607, 0.063073, -0.002669, 0.000805, -0.001467, -0.002392, -0.003755, 0.008999, 0.081591, 0.159727, -0.011055, -0.007861, 0.071959, 0.021446, -0.027313, 0.250024, -0.024607, 0.001319, -0.012071, -0.033744, -0.007462, 0.261005, 0.246099, 0.202964, -0.106736, -0.055053, -0.516894, -0.486432, 0.022509, -0.016976, 0.10646, 0.293686, 0.276902, 0.186352, 0.122899, -0.042846, -0.08264, -0.230235, -0.049205, 0.001892, -0.050646, -0.000345, -0.005607, 7.6e-05, -4.9e-05, -0.000316, -0.000256, -0.007731, -8.3e-05, 6e-06, -0.000192, 0.000615, 0.013442, -0.000248, -0.000217, 0.00041, 0.006988, 0.042448, -0.000601, -0.004947, 0.004527, 0.103304, 0.260372, -0.061244, -0.005789, 0.059755, 0.011638, 0.060701, -0.00211, 0.001985, 0.01069], [0.0, -0.0, 0.0, -0.0, 0.531899, -0.0, 0.0, 1.0, 0.0, 0.0, 0.0, 0.0, 0.0, 0.0, 0.00808, 0.040711, 0.042277, 0.000984, 0.197297, 0.028493, 0.001675, 0.537048, 0.048503, -0.000165, 0.004546, 0.000693, -0.01975, 0.131657, 0.001151, 0.009849, 0.018119, 0.004681, 0.035017, 0.008644, 0.015173, 0.180906, 0.028019, 8.7e-05, 0.016799, 0.004397, -0.005889, 0.031021, 1.6e-05, 0.000454, 0.003038, 0.000161, 0.000711, 0.000486, 0.00217, 0.015344, 0.006565, -0.000109, 0.000274, 0.0002, -0.000351, 0.00083, 4e-06, 0.000267, 0.004422, 4.2e-05, -4.2e-05, 0.000272, 0.001507, -0.000513, 0.009845, -9.1e-05, -9e-06, 5.1e-05, -0.000166, -5.6e-05, -0.0, 0.0, 2.5e-05, 0.0, -0.0, 0.0, 1.7e-05, -1.8e-05, 6.7e-05, -0.0, -0.0, 0.0, -0.0, -0.0, -5e-06, 0.000116, 0.001476, -1.7e-05, -3.7e-05, 0.000115, -0.00052, -0.000952, 0.003514, -6.5e-05, 1e-05, -3.2e-05, -9.9e-05, -6.9e-05, 0.000385, 0.008198, 0.040353, -0.003588, -0.002246, 0.00747, -0.034607, -0.011355, 0.072053, -0.001318, 0.001186, -0.003755, -0.003731, -0.002469, 0.001746, 0.015829, 0.030988, -0.007861, 0.027939, 0.01396, -0.027313, 0.156932, 0.048506, 0.000219, -0.014044, -0.007462, -0.009429, 0.024941, 0.445301, 0.419869, -0.106736, 0.083423, -0.093926, -0.03591, -0.033794, -0.016976, 0.265677, 0.007396, -0.455716, -0.429671, 0.122899, 0.074851, 0.066485, 0.002423, 0.006751, 0.001892, 0.015269, 0.001485, -0.000332, -0.005394, -4.9e-05, 8e-05, -0.000304, 1.4e-05, 0.00043, 6e-06, 2.3e-05, 1.1e-05, 0.000439, 0.00959, -0.000217, -9.8e-05, 0.000293, 0.013966, 0.08483, -0.004947, -0.008012, 0.009046, 0.007359, 0.018547, -0.005789, 0.019611, 0.004256, -0.004674, -0.024376, 0.001985, 0.002036, -0.004293], [0.0, 0.0, -0.0, 0.0, -0.0, 0.531899, 0.0, 0.0, 1.0, -0.0, 0.0, 0.0, -0.0, 0.0, -0.110062, -0.554528, -0.575853, -0.013401, 0.028493, -0.18872, -0.022813, 0.048503, -0.120055, 0.002252, 0.000693, -0.004838, 0.002753, 0.010286, -0.019664, -0.168324, -0.309666, -0.080002, 0.008644, -0.112213, -0.259315, 0.028019, -0.296323, -0.001483, 0.004397, -0.058087, 0.037648, 0.006276, -0.000287, -0.008108, -0.054289, -0.002869, 0.000486, -0.007941, -0.03878, 0.006565, -0.101611, 0.001955, 0.0002, -0.003296, 0.004537, 0.000558, -1.2e-05, -0.000789, -0.013065, -0.000123, 0.000272, -0.000753, -0.004452, 0.009845, -0.026268, 0.00027, 5.1e-05, -0.000142, 0.000378, 0.000313, 0.0, -1e-06, -6.2e-05, -0.0, 0.0, -1e-06, -4.1e-05, 6.7e-05, -0.000157, 1e-06, 0.0, -1e-06, 1e-06, 1e-06, 1.1e-05, -0.000254, -0.003228, 3.7e-05, 0.000115, -0.000236, 0.001137, 0.003514, -0.007032, 0.000142, -3.2e-05, 6.5e-05, 0.000157, 0.000202, -0.000703, -0.014941, -0.073545, 0.006539, 0.00747, -0.011762, 0.063073, 0.072053, -0.103142, 0.002403, -0.003755, 0.00597, 0.003159, 0.00682, -0.015981, -0.1449, -0.283665, 0.071959, 0.01396, -0.098331, 0.250024, 0.048506, -0.281796, -0.002006, -0.007462, 0.053444, 0.033538, 0.010368, 0.22968, 0.216562, -0.055053, -0.093926, 0.21708, 0.225205, 0.211933, 0.10646, 0.007396, 0.220473, 0.158876, 0.149796, -0.042846, 0.066485, 0.242376, -0.06486, -0.1807, -0.050646, 0.001485, -0.024425, -0.002162, -0.035159, -0.000316, -0.000304, -0.001856, -0.000464, -0.014029, -0.000192, 1.1e-05, -0.000326, -0.000831, -0.018161, 0.00041, 0.000293, -0.000498, -0.012778, -0.077616, 0.004527, 0.009046, -0.006402, -0.075958, -0.191448, 0.059755, 0.004256, -0.023914, -0.025167, -0.131264, 0.01069, -0.004293, -0.020283], [-0.0, 0.0, -0.0, -0.0, -0.0, -0.0, 0.0, 0.0, -0.0, 1.0, 0.0, 0.0, 0.0, 0.0, -0.010557, -0.088086, -0.034344, -0.011187, 0.008798, -0.119834, -0.00804, 0.000165, -0.002252, 0.090906, 0.001573, -0.021422, 0.088734, 0.013099, -1e-06, -0.001745, -0.006188, -0.002129, 7.1e-05, -0.00121, -0.028739, -8.7e-05, 0.001483, -0.000841, 0.000131, -0.00224, 0.000462, 5.4e-05, 0.0, -2e-06, -0.000893, -0.0, 0.0, -1e-06, -0.001141, 0.000109, -0.001955, 0.0, 0.0, -0.0, 0.0, 0.0, 0.0, -0.0, -0.000134, -0.0, 0.0, -0.0, -5.6e-05, 9.1e-05, -0.00027, 0.0, 0.0, 0.0, 0.0, 0.0, 0.0, 0.0, -0.0, 0.0, 0.0, 0.0, -0.0, 0.0, -0.0, 0.0, 0.0, 0.0, 0.0, 0.0, 0.0, 0.0, -2e-06, 0.0, 0.0, 0.0, 1e-06, 2e-06, -5e-06, 0.0, 0.0, 0.0, 0.0, 0.0, 0.0, -9e-06, -0.001411, 2e-06, 2e-06, -3e-06, 0.002669, 0.001318, -0.002403, 0.0, -0.0, 1e-06, 0.0, 0.0, -0.0, -0.001091, -0.004917, 0.001327, 7.4e-05, -0.000675, 0.024607, -0.000219, 0.002006, -0.000542, -0.000137, 0.001257, 0.000211, 4.7e-05, -0.053924, -0.008851, 0.231723, -0.057454, -0.029634, 0.227658, 0.037002, 0.102491, 0.04404, -0.276188, -0.028382, -0.004657, 0.23158, 0.104151, -0.03631, 0.001037, 0.012332, 0.000362, -1.5e-05, 0.000404, -0.0, -0.000616, -0.0, -0.0, -0.0, -0.0, -5.9e-05, 0.0, 0.0, 0.0, -0.0, -3.7e-05, 0.0, 0.0, -0.0, -1.2e-05, -0.002635, 1e-06, 1e-06, -1e-06, 0.001908, 0.015584, -0.000833, -8.4e-05, 0.000867, -2e-05, -0.002603, 2e-06, -0.0, -2e-06], [-0.0, -0.0, 0.0, 0.0, -0.0, 0.0, 0.0, 0.0, 0.0, 0.0, 1.0, 0.0, 0.0, 0.0, -9.2e-05, -0.000771, -0.000301, 0.008597, -0.003949, -0.001645, 0.00975, -0.004546, -0.000693, 0.001573, 0.038182, 0.01859, 0.002707, -0.008507, -0.0, -0.000459, -0.001629, -0.00021, -0.000818, -0.000557, -0.000538, -0.016799, -0.004397, 0.000131, -0.00039, -0.000329, 0.000461, -0.000957, 0.0, -0.0, -7.3e-05, -0.0, -0.0, -0.0, -1.8e-05, -0.000274, -0.0002, 0.0, -0.0, -0.0, 0.0, -0.0, 0.0, -0.0, -2.2e-05, -0.0, 0.0, -0.0, 1.1e-05, 9e-06, -5.1e-05, 0.0, 0.0, 0.0, 0.0, 0.0, 0.0, 0.0, -0.0, 0.0, 0.0, 0.0, -0.0, 0.0, -0.0, 0.0, 0.0, 0.0, 0.0, 0.0, 0.0, 0.0, 0.0, 0.0, 0.0, 0.0, 0.0, -0.0, 1e-06, 0.0, 0.0, 0.0, 0.0, 0.0, 0.0, 1e-05, 0.001534, -1e-06, -2e-06, 4e-06, -0.000805, -0.001186, 0.003755, -0.0, 0.0, -0.0, -0.0, -1e-06, 0.0, 0.000615, 0.002773, -0.000286, 0.00047, 0.000697, -0.001319, 0.014044, 0.007462, -0.000137, -0.000214, -0.000404, -0.000518, 0.000487, 0.189121, 0.031041, 0.069262, -0.174617, -0.169098, 0.030348, 0.004933, 0.039574, -0.302585, -0.026529, -0.2178, -0.035741, -0.018605, -0.213913, 0.134699, -7.6e-05, -0.000906, -3.1e-05, -8.7e-05, -2.7e-05, 0.0, 5.4e-05, 0.0, 0.0, 0.0, -0.0, -9e-06, 0.0, 0.0, 0.0, 0.0, 0.000276, -0.0, -0.0, 0.0, 1.5e-05, 0.003418, -0.0, -1e-06, 1e-06, 0.000324, 0.002644, -0.000166, 0.000187, 0.000133, -1e-05, -0.001276, 1e-06, 0.0, -1e-06], [0.0, 0.0, 0.0, 0.0, 0.0, -0.0, 0.0, 0.0, 0.0, 0.0, 0.0, 1.0, -0.0, 0.0, 0.001259, 0.010505, 0.004096, -0.117095, -0.001645, 0.018336, -0.132804, -0.000693, 0.004838, -0.021422, 0.01859, -0.213674, -0.019245, -0.003495, 3e-06, 0.00785, 0.027842, 0.003586, -0.000557, 0.008673, 0.009195, -0.004397, 0.058087, -0.00224, -0.000329, 0.005209, -0.005872, -0.000749, 0.0, 3e-06, 0.001303, 0.0, -0.0, 1e-06, 0.00032, -0.0002, 0.003296, -0.0, -0.0, 0.0, -0.0, -0.0, 0.0, 0.0, 6.6e-05, 0.0, -0.0, 0.0, -3.4e-05, -5.1e-05, 0.000142, 0.0, 0.0, 0.0, 0.0, 0.0, 0.0, 0.0, 0.0, 0.0, 0.0, 0.0, 0.0, -0.0, 0.0, 0.0, 0.0, 0.0, 0.0, 0.0, 0.0, 0.0, -1e-06, 0.0, 0.0, 0.0, -0.0, 1e-06, -2e-06, 0.0, 0.0, 0.0, 0.0, 0.0, 0.0, -1.8e-05, -0.002796, 3e-06, 4e-06, -7e-06, 0.001467, 0.003755, -0.00597, 1e-06, -0.0, 1e-06, 1e-06, 1e-06, -1e-06, -0.00563, -0.025386, 0.002621, 0.000697, -0.005831, 0.012071, 0.007462, -0.053444, 0.001257, -0.000404, 0.00344, 0.003572, 0.000855, 0.097546, 0.01601, 0.035725, -0.169098, 0.06601, -0.190322, -0.030934, -0.248185, -0.026529, -0.140442, 0.075932, 0.01246, 0.006486, 0.134699, 0.125495, 0.002038, 0.024241, 0.000843, -2.7e-05, 0.000628, 0.0, 0.00035, 0.0, 0.0, 0.0, 0.0, 0.000286, 0.0, 0.0, 0.0, -0.0, -0.000523, 0.0, 0.0, -0.0, -1.4e-05, -0.003127, 0.0, 1e-06, -1e-06, -0.003342, -0.027295, 0.001716, 0.000133, -0.00117, -5.4e-05, -0.006871, 3e-06, -1e-06, -7e-06], [-0.0, -0.0, -0.0, 0.0, 0.0, -0.0, -0.0, 0.0, -0.0, 0.0, 0.0, -0.0, 1.0, 0.0, -0.018132, -0.151292, -0.058988, -0.011143, 0.032345, -0.204834, -0.004692, 0.01975, -0.002753, 0.088734, 0.002707, -0.019245, 0.187382, 0.059652, -3e-06, -0.007223, -0.02562, -0.004746, 0.000605, -0.007193, -0.037443, 0.005889, -0.037648, 0.000462, 0.000461, -0.005872, 0.004601, 0.000743, 0.0, -4e-06, -0.001965, -0.0, 0.0, -1e-06, -0.001785, 0.000351, -0.004537, 0.0, 0.0, -0.0, 0.0, 0.0, 0.0, -0.0, -0.000192, -0.0, 0.0, -0.0, -6.7e-05, 0.000166, -0.000378, 0.0, 0.0, 0.0, 0.0, 0.0, 0.0, 0.0, -0.0, 0.0, 0.0, 0.0, -0.0, 0.0, -0.0, 0.0, 0.0, 0.0, 0.0, 0.0, 0.0, 0.0, -2e-06, 0.0, 0.0, 0.0, 1e-06, 3e-06, -6e-06, 0.0, 0.0, 0.0, 0.0, 0.0, 0.0, -1.3e-05, -0.002034, 2e-06, 3e-06, -4e-06, 0.002392, 0.003731, -0.003159, 0.0, -0.0, 1e-06, 0.0, 1e-06, -1e-06, -0.00494, -0.022273, 0.003151, 0.000717, -0.004625, 0.033744, 0.009429, -0.033538, 0.000211, -0.000518, 0.003572, 0.002666, 0.000807, 0.11841, 0.019435, -0.120313, 0.056156, -0.240712, -0.040406, -0.006567, -0.081071, -0.026948, -0.098354, 0.148443, 0.024359, -0.169704, -0.004268, -0.185098, -0.000799, -0.009499, -0.000358, 1.3e-05, -0.000211, -0.0, -0.001071, -0.0, -0.0, -0.0, -0.0, -0.00026, 0.0, 0.0, 0.0, -0.0, -0.000255, 0.0, 0.0, -0.0, 2e-06, 0.000556, -0.0, -0.0, 0.0, -0.001217, -0.009941, 0.000679, 6.3e-05, -0.000352, -5.6e-05, -0.007173, 4e-06, -2e-06, -7e-06], [0.0, 0.0, 0.0, 0.0, 0.0, 0.0, 0.0, 0.0, 0.0, 0.0, 0.0, 0.0, 0.0, 1.0, -0.002677, -0.022335, -0.008708, -0.001645, -0.114371, -0.038986, -0.000693, -0.131657, -0.010286, 0.013099, -0.008507, -0.003495, 0.059652, -0.207887, -0.0, -0.000848, -0.003008, -0.000557, -0.001511, -0.000937, -0.004397, -0.031021, -0.006276, 5.4e-05, -0.000957, -0.000749, 0.000743, -0.001638, 0.0, -0.0, -0.000221, -0.0, -0.0, -0.0, -0.0002, -0.00083, -0.000558, 0.0, -0.0, -0.0, 0.0, -0.0, 0.0, -0.0, -0.000147, -0.0, 0.0, -0.0, -5.1e-05, 5.6e-05, -0.000313, 0.0, 0.0, 0.0, 0.0, 0.0, 0.0, 0.0, -0.0, 0.0, 0.0, 0.0, -0.0, 0.0, -0.0, 0.0, 0.0, 0.0, 0.0, 0.0, 0.0, 0.0, -3e-06, 0.0, 0.0, 0.0, 1e-06, 3e-06, -8e-06, 0.0, 0.0, 0.0, 0.0, 0.0, 0.0, -2e-05, -0.003194, 4e-06, 4e-06, -8e-06, 0.003755, 0.002469, -0.00682, 0.0, -1e-06, 1e-06, 1e-06, 1e-06, -0.0, -0.001092, -0.004925, 0.000697, -0.000835, -0.001131, 0.007462, -0.024941, -0.010368, 4.7e-05, 0.000487, 0.000855, 0.000807, -0.000804, 0.166423, 0.027315, -0.169098, -0.153659, 0.11262, -0.013222, -0.002149, -0.026529, 0.131833, -0.009757, -0.117824, -0.019335, 0.134699, -0.115721, -0.194731, -6e-05, -0.000711, -2.7e-05, -6.9e-05, -1.8e-05, 0.0, 0.000336, 0.0, 0.0, 0.0, -0.0, -1.6e-05, 0.0, 0.0, 0.0, -0.0, -0.000373, 0.0, 0.0, -0.0, -2.8e-05, -0.00625, 1e-06, 2e-06, -2e-06, -0.000238, -0.001944, 0.000133, -0.000138, -8.3e-05, 2.2e-05, 0.002759, -1e-06, -0.0, 3e-06], [0.0, 0.01633, 0.05437, -0.000739, 0.001571, -0.021399, -0.0038, 0.00808, -0.110062, -0.010557, -9.2e-05, 0.001259, -0.018132, -0.002677, 1.0, 0.325565, 0.151774, 0.0, -0.0, -0.0, 0.0, -0.0, 0.0, -0.0, 0.0, 0.0, -0.0, 0.0, 2e-06, 0.030843, 0.067645, 0.037794, -0.000613, 0.023165, 0.107648, -0.001746, 0.06598, 0.031742, -0.001098, 0.041498, -0.012709, -0.000673, 0.0, 8.5e-05, 0.008884, 1.6e-05, -1e-06, 3.1e-05, 0.010505, -0.000871, 0.019759, -1e-06, -0.0, 3e-06, -3e-06, -0.0, 0.0, 0.0, 0.001354, 0.0, -0.0, 0.0, 0.00062, -0.001375, 0.002879, -0.0, -0.0, 0.0, -0.0, -0.0, 0.0, 0.0, 0.0, 0.0, 0.0, 0.0, 0.0, -0.0, 0.0, 0.0, 0.0, 0.0, 0.0, 0.0, 0.0, 0.0, 3.5e-05, 0.0, 0.0, 0.0, -2.3e-05, -6.1e-05, 8.9e-05, 0.0, 0.0, 0.0, 0.0, 0.0, 0.0, 7e-05, 0.008302, -1.6e-05, -1.6e-05, 1.5e-05, -0.012067, -0.012385, 0.011823, -0.0, 2e-06, -2e-06, 0.0, -2e-06, 0.0, 0.0155, 0.053404, -0.017518, -0.001799, 0.009916, -0.094557, -0.009709, 0.053524, 0.012283, 0.002618, -0.01443, -0.00395, -0.001482, 0.000329, 0.019945, -1e-05, -1.3e-05, -3.5e-05, 0.000326, 0.019888, 1.7e-05, 3e-06, -3.4e-05, 0.000339, 0.020123, -1.2e-05, 1.9e-05, -3.4e-05, 0.000467, 0.022123, 6.6e-05, 1e-06, 6e-06, 3e-06, 0.005122, 0.0, 0.0, 0.0, 0.0, 0.001121, 0.0, 0.0, 0.0, 0.0, 0.000892, 0.0, 0.0, 0.0, 7e-06, 0.006498, -0.0, -0.0, 0.0, 0.00033, 0.019976, -3.9e-05, -1e-06, 1e-06, 0.000308, 0.019569, -2.3e-05, 1.1e-05, 2.4e-05], [0.01633, 0.197666, 0.360301, -0.007701, 0.016373, -0.223017, -0.019148, 0.040711, -0.554528, -0.088086, -0.000771, 0.010505, -0.151292, -0.022335, 0.325565, 1.0, 0.798485, 0.0, -0.0, 0.0, 0.0, 0.0, 0.0, 0.0, 0.0, 0.0, -0.0, 0.0, 0.030843, 0.279111, 0.426795, 0.256028, -0.004153, 0.156926, 0.508758, -0.008253, 0.31183, 0.12999, -0.004498, 0.169944, -0.052045, -0.002757, 8.5e-05, 0.011304, 0.088443, 0.00603, -0.0005, 0.011342, 0.089918, -0.007458, 0.16913, -0.001845, -0.000343, 0.007781, -0.007303, -0.000645, 0.0, 0.000579, 0.020559, 0.000101, -0.000224, 0.00047, 0.009189, -0.020386, 0.042689, -0.000154, -4.8e-05, 0.000101, -0.000181, -0.000224, 0.0, 0.0, 2.4e-05, 0.0, -0.0, 0.0, 2.1e-05, -3.4e-05, 6.4e-05, -0.0, -0.0, 0.0, -0.0, -0.0, -0.0, 4.9e-05, 0.003193, -1.1e-05, -2.9e-05, 4.3e-05, -0.00189, -0.005063, 0.007456, -3.7e-05, 1.7e-05, -2.4e-05, -2.6e-05, -6.6e-05, 7e-05, 0.010157, 0.083921, -0.006617, -0.006791, 0.006483, -0.105355, -0.108127, 0.103227, -2.1e-05, 0.005687, -0.005429, 0.000259, -0.005572, 0.0155, 0.192148, 0.355328, -0.18912, -0.019418, 0.107051, -0.478919, -0.049173, 0.271092, 0.108621, 0.023147, -0.127612, -0.034929, -0.013103, 0.024758, 0.163604, -0.006731, -0.009098, -0.023404, 0.024631, 0.163236, 0.011346, 0.002146, -0.023126, 0.025157, 0.164749, -0.007646, 0.01223, -0.022185, 0.029845, 0.177508, 0.031825, 0.000715, 0.002828, 0.002172, 0.056113, 0.000342, 0.000419, 0.001485, 0.000145, 0.016958, 4e-05, -0.0, 4.7e-05, 9.7e-05, 0.014164, -2.7e-05, -1.8e-05, 2e-05, 0.00332, 0.067669, -0.001207, -0.002206, 0.000673, 0.024826, 0.1638, -0.026064, -0.000484, 0.000615, 0.023924, 0.161172, -0.016521, 0.007663, 0.017164], [0.05437, 0.360301, 0.590193, -0.007021, 0.014927, -0.203326, -0.019884, 0.042277, -0.575853, -0.034344, -0.000301, 0.004096, -0.058988, -0.008708, 0.151774, 0.798485, 1.0, -0.0, 0.0, -0.0, -0.0, 0.0, -0.0, -0.0, 0.0, 0.0, -0.0, -0.0, 0.067645, 0.426795, 0.660287, 0.185475, -0.003009, 0.113682, 0.493121, -0.007999, 0.302246, 0.038837, -0.001344, 0.050774, -0.015549, -0.000824, 0.008884, 0.088443, 0.232695, 0.034676, -0.002876, 0.065224, 0.165415, -0.01372, 0.311134, -0.006542, -0.001217, 0.027594, -0.025901, -0.002289, 0.001354, 0.020559, 0.088493, 0.003751, -0.008323, 0.017428, 0.030616, -0.067923, 0.142236, -0.005413, -0.001698, 0.003555, -0.006375, -0.007887, -1.6e-05, 0.000278, 0.002614, 7.8e-05, -0.000124, 0.000232, 0.001725, -0.002758, 0.005158, -0.000107, -6.2e-05, 0.000116, -0.000124, -0.000186, -0.000877, 0.009377, 0.038999, -0.001596, -0.004276, 0.006297, -0.014731, -0.039464, 0.058117, -0.002635, 0.001179, -0.001736, -0.001845, -0.004651, 0.008302, 0.083921, 0.224742, -0.04071, -0.041781, 0.039887, -0.197999, -0.203209, 0.193999, -8.2e-05, 0.021901, -0.020909, 0.000996, -0.021459, 0.053404, 0.355328, 0.584783, -0.175686, -0.018039, 0.099447, -0.500158, -0.051354, 0.283114, 0.043286, 0.009224, -0.050854, -0.013919, -0.005221, 0.126699, 0.349375, -0.023688, -0.032019, -0.082366, 0.126386, 0.348844, 0.04008, 0.007582, -0.081692, 0.127675, 0.351022, -0.0266, 0.042545, -0.077178, 0.138595, 0.369137, 0.097827, 0.002199, 0.008692, 0.039132, 0.169744, 0.00711, 0.00871, 0.03085, 0.010567, 0.075722, 0.006094, -4.2e-05, 0.007158, 0.00868, 0.067062, -0.005554, -0.003634, 0.003997, 0.04805, 0.1926, -0.018371, -0.033587, 0.010249, 0.126866, 0.349657, -0.091546, -0.0017, 0.002159, 0.124629, 0.345863, -0.059607, 0.027648, 0.061926], [0.000739, 0.007701, 0.007021, 0.072563, 0.000871, -0.011866, 0.198926, 0.000984, -0.013401, -0.011187, 0.008597, -0.117095, -0.011143, -0.001645, 0.0, 0.0, -0.0, 1.0, 0.0, 0.0, 0.531899, -0.0, 0.0, -0.0, -0.0, -0.0, 0.0, 0.0, -0.037794, -0.256028, -0.185475, -0.214604, 0.005451, -0.205968, -0.029878, 0.004469, -0.168865, -0.060243, 0.005941, -0.224463, 0.099242, 0.005257, -1.6e-05, -0.00603, -0.034676, -0.002249, 0.000296, -0.006708, -0.006626, 0.003496, -0.079289, 0.002165, 0.000153, -0.003464, 0.004734, 0.000418, -0.0, -0.000101, -0.003751, 6e-06, 3.7e-05, -7.8e-05, 0.004027, 0.004299, -0.009003, 2.7e-05, -1e-06, 2e-06, 2.6e-05, 3.3e-05, 0.0, -0.0, -6e-06, -0.0, 0.0, -0.0, -3e-06, 8e-06, -1.5e-05, 0.0, 0.0, -0.0, 0.0, 0.0, -0.0, 5e-06, 0.000704, -0.0, -3e-06, 4e-06, 0.000352, -0.001244, 0.001832, -5e-06, 0.0, -0.0, -3e-06, -7e-06, 1.6e-05, 0.006617, 0.04071, -0.003615, -0.004877, 0.004656, -0.027716, -0.062637, 0.059798, -0.00103, 0.00354, -0.003379, 0.000202, -0.004351, 0.017518, 0.18912, 0.175686, -0.183352, -0.026015, 0.143419, -0.09756, -0.030142, 0.166173, 0.086969, 0.03266, -0.180054, -0.064547, -0.024213, 0.007599, 0.030497, 0.000888, -0.003218, -0.008279, -0.012814, -0.051614, -0.003556, -0.001286, 0.013859, 0.008622, 0.034216, 0.000324, 0.004839, -0.008778, -0.035456, -0.124694, -0.040067, -0.000998, -0.003946, -0.000481, -0.010447, 1.1e-05, -8.3e-05, -0.000294, -7.5e-05, -0.010404, -1.3e-05, 0.0, -1.6e-05, 5.3e-05, 0.009701, -9e-06, -6e-06, 7e-06, 0.001625, 0.026371, -0.000401, -0.001009, 0.000308, 0.02942, 0.11784, -0.032325, -0.000661, 0.00084, 0.018699, 0.076879, -0.011728, 0.006879, 0.015408], [-0.001571, -0.016373, -0.014927, 0.000871, 0.07112, 0.02523, 0.000984, 0.197297, 0.028493, 0.008798, -0.003949, -0.001645, 0.032345, -0.114371, -0.0, -0.0, 0.0, 0.0, 1.0, 0.0, -0.0, 0.531899, -0.0, 0.0, -0.0, 0.0, -0.0, -0.0, 0.000613, 0.004153, 0.003009, 0.005451, 0.121349, 0.003341, 0.004469, 0.245556, 0.002739, 0.005543, 0.162352, 0.005257, -0.004246, 0.09951, 1e-06, 0.0005, 0.002876, 0.000296, 0.001292, 0.000556, 0.003496, 0.035238, 0.006576, -5.9e-05, 0.000821, 0.000418, -0.000462, 0.001545, 0.0, 0.000224, 0.008323, 3.7e-05, -6e-05, 0.000173, 0.004299, -0.003573, 0.019973, -4.5e-05, -1.2e-05, 3.3e-05, -6.6e-05, -5.5e-05, 0.0, 0.0, 9e-06, 0.0, -0.0, 0.0, 8e-06, -1.1e-05, 2.5e-05, -0.0, -0.0, 0.0, -0.0, -0.0, -0.0, 1.4e-05, 0.001886, -3e-06, -7e-06, 1.1e-05, -0.001244, -0.002516, 0.004907, -1e-05, 4e-06, -7e-06, -9e-06, -1.7e-05, 1.6e-05, 0.006791, 0.041781, -0.004877, -0.003869, 0.004779, -0.062637, -0.03097, 0.061372, 0.000503, 0.00368, -0.004351, -0.000694, -0.003605, 0.001799, 0.019418, 0.018039, -0.026015, 0.067345, 0.014726, -0.030142, 0.192912, 0.017062, 0.02645, -0.094123, -0.024213, -0.016742, 0.053278, 0.010272, 0.041222, -0.003218, -0.001081, -0.01119, -0.002424, -0.009764, -0.001286, 0.003, 0.002622, -0.013791, -0.054726, 0.004839, -0.00439, 0.014039, -0.000797, -0.002803, -0.000998, 0.004323, -8.9e-05, -0.000589, -0.012797, -8.3e-05, -2.3e-05, -0.00036, 1e-06, 7.1e-05, 0.0, 1e-06, 0.0, 3.4e-05, 0.006348, -6e-06, -3e-06, 4e-06, 0.002971, 0.048213, -0.001009, -0.001694, 0.000563, 0.000546, 0.002188, -0.000661, 0.00327, 1.6e-05, -0.008673, -0.035659, 0.006879, -8.8e-05, -0.007147], [0.021399, 0.223017, 0.203326, -0.011866, 0.02523, -0.270686, -0.013401, 0.028493, -0.18872, -0.119834, -0.001645, 0.018336, -0.204834, -0.038986, -0.0, 0.0, -0.0, 0.0, 0.0, 1.0, 0.0, -0.0, 0.531899, 0.0, 0.0, -0.0, 0.0, -0.0, -0.023165, -0.156926, -0.113682, -0.205968, 0.003341, -0.004805, -0.168865, 0.002739, 0.142127, -0.209428, 0.005257, -0.036132, -0.038767, 0.000586, -3.1e-05, -0.011342, -0.065224, -0.006708, 0.000556, -0.011301, -0.079289, 0.006576, -0.113609, 0.001337, 0.000418, -0.008646, 0.007324, 0.000717, -0.0, -0.00047, -0.017428, -7.8e-05, 0.000173, -0.00034, -0.009003, 0.019973, -0.035859, 9.4e-05, 3.3e-05, -6.5e-05, 0.000105, 0.000143, 0.0, -0.0, -1.7e-05, -0.0, 0.0, -0.0, -1.5e-05, 2.5e-05, -4.4e-05, 0.0, 0.0, -0.0, 0.0, 0.0, 0.0, -2.1e-05, -0.002778, 4e-06, 1.1e-05, -1.6e-05, 0.001832, 0.004907, -0.00641, 1.4e-05, -7e-06, 1e-05, 9e-06, 2.6e-05, -1.5e-05, -0.006483, -0.039887, 0.004656, 0.004779, -0.003425, 0.059798, 0.061372, -0.025275, -0.00048, -0.004351, 0.003276, -0.001058, 0.003362, -0.009916, -0.107051, -0.099447, 0.143419, 0.014726, -0.011166, 0.166173, 0.017062, 0.101944, -0.145816, -0.024213, 0.03497, -0.019228, 0.003591, 0.026423, 0.106039, -0.008279, -0.01119, -0.025518, 0.026118, 0.1052, 0.013859, 0.002622, -0.025004, 0.025017, 0.099275, -0.008778, 0.014039, -0.022118, -0.00315, -0.011079, -0.003946, -8.9e-05, 0.003994, -0.002086, -0.045327, -0.000294, -0.00036, -0.001195, -8.8e-05, -0.012222, -1.6e-05, 0.0, -1.8e-05, -3.8e-05, -0.006981, 7e-06, 4e-06, -4e-06, -0.000907, -0.014711, 0.000308, 0.000563, -2e-05, -0.000694, -0.002779, 0.00084, 1.6e-05, 0.003263, -0.019427, -0.079871, 0.015408, -0.007147, -0.012905], [0.0038, 0.019148, 0.019884, 0.198926, 0.000984, -0.013401, 0.539822, 0.001675, -0.022813, -0.00804, 0.00975, -0.132804, -0.004692, -0.000693, 0.0, 0.0, -0.0, 0.531899, -0.0, 0.0, 1.0, 0.0, 0.0, 0.0, 0.0, 0.0, -0.0, 0.0, -0.107648, -0.508758, -0.493121, -0.029878, 0.004469, -0.168865, 0.182556, 0.007035, -0.265801, 0.075594, 0.000371, -0.014034, 0.027924, 0.001479, -0.010505, -0.089918, -0.165415, -0.006626, 0.003496, -0.079289, 0.045932, 0.011332, -0.256992, 0.02886, 0.000359, -0.008131, 0.037338, 0.003299, -0.00062, -0.009189, -0.030616, 0.004027, 0.004299, -0.009003, 0.046953, 0.02697, -0.056476, 0.004776, -0.001928, 0.004036, 0.003819, 0.004725, 7e-06, -0.000158, -0.001671, -1.5e-05, 7.8e-05, -0.000146, -7.7e-05, 0.001949, -0.003645, 9.8e-05, 1.4e-05, -2.7e-05, 8.9e-05, 0.000133, -0.000432, 0.004661, 0.017596, 0.001295, -0.002441, 0.003595, 0.017194, -0.020002, 0.029456, -0.00253, -0.001082, 0.001594, -0.001211, -0.003053, 0.012067, 0.105355, 0.197999, -0.027716, -0.062637, 0.059798, -0.027293, -0.207929, 0.198504, -0.022699, 0.018862, -0.018007, 0.001769, -0.038121, 0.094557, 0.478919, 0.500158, -0.09756, -0.030142, 0.166173, 0.031888, -0.05164, 0.284692, -0.045162, 0.006822, -0.037612, -0.028065, -0.010528, 0.068028, 0.117487, 0.038974, -0.02111, -0.054305, -0.115089, -0.198998, 0.00961, -0.008477, 0.091342, 0.076411, 0.131489, 0.035565, 0.031271, -0.056727, -0.281897, -0.466656, -0.183772, -0.005502, -0.021751, -0.019614, -0.058786, 0.008348, -0.005212, -0.01846, -0.016203, -0.089219, -0.008324, 7.4e-05, -0.012652, 0.014695, 0.088618, -0.008866, -0.007052, 0.007755, 0.051007, 0.138898, -0.007115, -0.042787, 0.013056, 0.262911, 0.45378, -0.178285, -0.004326, 0.005495, 0.171069, 0.297752, -0.046947, 0.046583, 0.104339], [-0.00808, -0.040711, -0.042277, 0.000984, 0.197297, 0.028493, 0.001675, 0.537048, 0.048503, 0.000165, -0.004546, -0.000693, 0.01975, -0.131657, -0.0, 0.0, 0.0, -0.0, 0.531899, -0.0, 0.0, 1.0, 0.0, 0.0, 0.0, 0.0, 0.0, 0.0, 0.001746, 0.008253, 0.007999, 0.004469, 0.245556, 0.002739, 0.007035, 0.616103, 0.004312, 0.00231, 0.125828, 0.001479, -0.002495, 0.077123, 0.000871, 0.007458, 0.01372, 0.003496, 0.035238, 0.006576, 0.011332, 0.181622, 0.021315, 2.4e-05, 0.01668, 0.003299, -0.004492, 0.031374, 0.001375, 0.020386, 0.067923, 0.004299, -0.003573, 0.019973, 0.02697, -0.000724, 0.125295, -0.005495, -0.000929, 0.004725, -0.011417, -0.004317, -1.2e-05, 0.000253, 0.002671, 7.8e-05, -9.1e-05, 0.000233, 0.001949, -0.001973, 0.005827, -0.000104, -5.2e-05, 0.000133, -0.000172, -0.000156, -0.001158, 0.012486, 0.047139, -0.002441, -0.004334, 0.009631, -0.020002, -0.028924, 0.078911, -0.003562, 0.00138, -0.003053, -0.005101, -0.005446, 0.012385, 0.108127, 0.203209, -0.062637, -0.03097, 0.061372, -0.207929, -0.038095, 0.203728, 0.011424, 0.020399, -0.038121, -0.01823, -0.019987, 0.009709, 0.049173, 0.051354, -0.030142, 0.192912, 0.017062, -0.05164, 0.529531, 0.029231, 0.01576, -0.112785, -0.010528, -0.014658, 0.063842, 0.091951, 0.158804, -0.02111, 0.026058, -0.073402, -0.021771, -0.037644, -0.008477, 0.052821, 0.017279, -0.122213, -0.210306, 0.031271, 0.005101, 0.090731, -0.006336, -0.010488, -0.005502, 0.060923, -0.000489, -0.024026, -0.072012, -0.005212, 0.006218, -0.022613, 0.000111, 0.00061, 7.4e-05, 0.002446, 8.7e-05, 0.009615, 0.057986, -0.007052, -0.002703, 0.005075, 0.093253, 0.253938, -0.042787, -0.061936, 0.023869, 0.004882, 0.008426, -0.004326, 0.054602, 0.000102, -0.079348, -0.138108, 0.046583, 0.031877, -0.048396], [0.110062, 0.554528, 0.575853, -0.013401, 0.028493, -0.18872, -0.022813, 0.048503, -0.120055, -0.002252, -0.000693, 0.004838, -0.002753, -0.010286, 0.0, 0.0, -0.0, 0.0, -0.0, 0.531899, 0.0, 0.0, 1.0, 0.0, 0.0, 0.0, 0.0, 0.0, -0.06598, -0.31183, -0.302246, -0.168865, 0.002739, 0.142127, -0.265801, 0.004312, 0.4533, -0.087289, 0.001479, 0.06998, -0.060032, -0.001135, -0.019759, -0.16913, -0.311134, -0.079289, 0.006576, -0.113609, -0.256992, 0.021315, -0.300822, -0.000533, 0.003299, -0.057995, 0.038582, 0.00481, -0.002879, -0.042689, -0.142236, -0.009003, 0.019973, -0.035859, -0.056476, 0.125295, -0.203267, 0.011506, 0.004725, -0.008567, 0.011576, 0.019007, 2.2e-05, -0.000473, -0.004996, -0.000146, 0.000233, -0.000402, -0.003645, 0.005827, -0.009756, 0.000195, 0.000133, -0.00023, 0.000209, 0.000367, 0.001705, -0.018388, -0.06942, 0.003595, 0.009631, -0.011977, 0.029456, 0.078911, -0.091549, 0.005245, -0.003053, 0.003803, 0.002046, 0.010189, -0.011823, -0.103227, -0.193999, 0.059798, 0.061372, -0.025275, 0.198504, 0.203728, -0.019189, -0.010906, -0.038121, 0.016862, -0.02087, 0.017305, -0.053524, -0.271092, -0.283114, 0.166173, 0.017062, 0.101944, 0.284692, 0.029231, 0.373683, -0.086885, -0.010528, -0.056655, -0.049037, -0.005817, 0.236536, 0.408511, -0.054305, -0.073402, -0.13423, 0.234577, 0.405601, 0.091342, 0.017279, -0.13175, 0.2217, 0.381504, -0.056727, 0.090731, -0.109474, -0.025046, -0.041461, -0.021751, -0.000489, 0.059114, -0.0851, -0.255064, -0.01846, -0.022613, -0.067492, -0.019034, -0.104808, -0.012652, 8.7e-05, -0.012416, -0.010574, -0.063769, 0.007755, 0.005075, -0.003669, -0.028455, -0.077485, 0.013056, 0.023869, 0.009005, -0.006201, -0.010703, 0.005495, 0.000102, 0.054552, -0.177727, -0.309339, 0.104339, -0.048396, -0.054916], [-0.010557, -0.088086, -0.034344, 0.011187, -0.008798, 0.119834, 0.00804, -0.000165, 0.002252, 0.090906, 0.001573, -0.021422, 0.088734, 0.013099, -0.0, 0.0, -0.0, -0.0, 0.0, 0.0, 0.0, 0.0, 0.0, 1.0, -0.0, 0.0, 0.0, 0.0, 0.031742, 0.12999, 0.038837, 0.060243, -0.005543, 0.209428, -0.075594, -0.00231, 0.087289, -0.109987, -0.005449, 0.205886, -0.157906, -0.008364, -1e-06, -0.001845, -0.006542, -0.002165, 5.9e-05, -0.001337, -0.02886, -2.4e-05, 0.000533, -0.000783, 0.000102, -0.002315, 0.000555, 4.9e-05, -0.0, -0.000154, -0.005413, -2.7e-05, 4.5e-05, -9.4e-05, -0.004776, 0.005495, -0.011506, 1.8e-05, 7e-06, -1.5e-05, 2.1e-05, 2.6e-05, 0.0, -0.0, -4e-06, 0.0, 0.0, 0.0, -5e-06, 6e-06, -1.1e-05, 0.0, 0.0, 0.0, 0.0, 0.0, 0.0, -3e-06, -0.001161, 1e-06, 1e-06, -2e-06, 0.001104, 0.00192, -0.002828, 1e-06, -1e-06, 1e-06, 1e-06, 3e-06, -0.0, -2.1e-05, -8.2e-05, 0.00103, -0.000503, 0.00048, 0.022699, -0.011424, 0.010906, -0.001215, -0.000407, 0.000389, 3.5e-05, -0.000752, 0.012283, 0.108621, 0.043286, -0.086969, -0.02645, 0.145816, 0.045162, -0.01576, 0.086885, -0.017985, 0.034238, -0.188754, -0.101473, -0.038065, -0.010392, -0.020598, 0.00513, 0.004092, 0.010525, -0.005459, -0.010868, -0.005669, -0.000404, 0.004353, -0.009917, -0.019391, 0.005603, -0.005103, 0.009257, 0.031313, 0.052918, 0.038901, 0.001125, 0.004448, -0.000712, -0.011147, -9.2e-05, -8.3e-05, -0.000295, 8e-06, 0.001271, 0.0, -0.0, 1e-06, 1e-05, 0.002258, -1e-06, -1e-06, 1e-06, -0.000485, -0.005291, 0.000206, 0.000179, -5.5e-05, 0.026056, 0.051527, -0.030687, -0.000721, 0.000916, 0.003856, 0.00787, -0.000112, 0.002396, 0.005367], [-9.2e-05, -0.000771, -0.000301, -0.008597, 0.003949, 0.001645, -0.00975, 0.004546, 0.000693, 0.001573, 0.038182, 0.01859, 0.002707, -0.008507, 0.0, 0.0, 0.0, -0.0, -0.0, 0.0, 0.0, 0.0, 0.0, -0.0, 1.0, 0.0, -0.0, 0.0, -0.001098, -0.004498, -0.001344, -0.005941, -0.162352, -0.005257, -0.000371, -0.125828, -0.001479, -0.005449, -0.212422, -0.007795, 0.008008, -0.178649, -0.0, -0.000343, -0.001217, -0.000153, -0.000821, -0.000418, -0.000359, -0.01668, -0.003299, 0.000102, -0.000384, -0.000241, 0.000348, -0.000968, -0.0, -4.8e-05, -0.001698, 1e-06, 1.2e-05, -3.3e-05, 0.001928, 0.000929, -0.004725, 7e-06, 0.0, -0.0, 9e-06, 8e-06, 0.0, -0.0, -3e-06, 0.0, 0.0, 0.0, -1e-06, 3e-06, -7e-06, 0.0, 0.0, 0.0, 0.0, 0.0, -0.0, 1e-06, 0.000519, -0.0, -1e-06, 1e-06, 0.00022, -0.00079, 0.001493, -1e-06, 0.0, -0.0, -1e-06, -1e-06, 2e-06, 0.005687, 0.021901, -0.00354, -0.00368, 0.004351, -0.018862, -0.020399, 0.038121, -0.000407, 0.002966, -0.003358, -0.000486, -0.003481, 0.002618, 0.023147, 0.009224, -0.03266, 0.094123, 0.024213, -0.006822, 0.112785, 0.010528, 0.034238, -0.140251, -0.042363, -0.033605, 0.099605, 0.004083, 0.008093, 0.000176, -0.000766, -0.005093, 0.001633, 0.003252, 0.000606, -0.001853, -0.002021, -0.006121, -0.011969, 0.000238, -0.002551, 0.007154, 0.001224, 0.002069, 0.001667, -0.006402, 0.000161, 0.000165, 0.002581, 1e-06, 8e-06, 7.6e-05, -0.0, -4.9e-05, -0.0, -0.0, -0.0, 2.2e-05, 0.004855, -2e-06, -1e-06, 1e-06, 0.001856, 0.020262, -0.000398, -0.000874, 0.000286, 0.000838, 0.001658, -0.001075, 0.004688, 2.7e-05, -0.008782, -0.017923, 0.006575, -0.00076, -0.008237], [0.001259, 0.010505, 0.004096, 0.117095, 0.001645, -0.018336, 0.132804, 0.000693, -0.004838, -0.021422, 0.01859, -0.