{"HF": -313.04036294421, "coordinates": [[-0.72021822, 1.296091164, -0.02265282], [0.183849877, 0.064988547, 0.011665718], [1.20907879, -0.019261549, -1.145635095], [2.404136004, -0.720069463, -0.531679893], [3.507859662, -1.228858724, -1.40603458], [2.317346728, -0.746528425, 0.805924308], [3.300198238, -1.292082415, 1.79483249], [1.051209486, -0.06737621, 1.287480923], [-0.128924723, 2.217657862, 0.033936924], [-1.308214252, 1.335121696, -0.94621905], [-1.422691327, 1.300236575, 0.818032487], [-0.44710691, -0.830818608, -0.046989221], [0.810061554, -0.54643743, -2.02182318], [1.494593246, 0.983788173, -1.501640166], [3.94434176, -0.415656989, -2.001475256], [4.316187728, -1.696150641, -0.838297806], [3.131533136, -1.9677994, -2.125671203], [4.175966645, -1.739354642, 1.318323774], [3.65455333, -0.503871519, 2.472717386], [2.835788255, -2.057284693, 2.430688111], [1.285770756, 0.920143611, 1.71661097], [0.543708563, -0.627635455, 2.083337]], "elements": ["C", "C", "C", "C", "C", "C", "C", "C", "H", "H", "H", "H", "H", "H", "H", "H", "H", "H", "H", "H", "H", "H"], "Enn": 380.5063533279, "S": [[1.0, 0.325565, 0.151774, -0.0, -0.0, 0.0, -0.0, 0.0, 0.0, -0.0, 0.0, 0.0, -0.0, 0.0, 0.0, 0.014726, 0.052472, -0.000428, -0.011269, 0.015345, -0.002421, -0.063777, 0.086848, -0.009052, 0.000417, -0.000568, -0.004698, -0.014976, 0.0, 4.6e-05, 0.007156, 7e-06, -1.2e-05, 8e-06, 0.007833, -0.013458, 0.009175, -0.0, -1e-06, 1e-06, 0.0, -1e-06, 0.0, 0.0, 0.00025, 0.0, -0.0, 0.0, 7.2e-05, -0.000444, 0.000287, 0.0, 0.0, 0.0, 0.0, 0.0, 0.0, 0.0, 1e-06, 0.0, 0.0, 0.0, 0.0, -1e-06, 1e-06, 0.0, 0.0, 0.0, 0.0, 0.0, 0.0, 0.0, 0.00025, -0.0, -0.0, 0.0, -0.000118, -0.000432, 0.000291, 0.0, 0.0, 0.0, 0.0, 0.0, 0.0, 0.0, 1e-06, 0.0, 0.0, 0.0, -0.0, -1e-06, 1e-06, 0.0, 0.0, 0.0, 0.0, 0.0, 0.0, 4.6e-05, 0.007156, -8e-06, -1.1e-05, 8e-06, -0.009139, -0.012356, 0.009511, -0.0, 1e-06, -1e-06, 0.0, -1e-06, 0.049537, 0.086613, -0.004184, -0.043715, -0.068133, 0.049675, 0.086682, 0.068596, 0.043672, -0.002899, 0.049675, 0.086682, -0.06244, 0.052175, -0.000308, 0.000359, 0.020471, 1e-06, -6e-06, 4.4e-05, 0.0, 0.002315, 0.0, -0.0, 0.0, 9e-06, 0.006813, 0.0, -0.0, 0.0, 0.0, 1e-06, 0.0, 0.0, 0.0, 0.0, 0.0, 0.0, 0.0, 0.0, 0.0, 0.0, 0.0, 0.0, 0.0, 0.0, 0.0, 0.0, 0.0, 0.0, 0.0, 1e-06, 0.0, 0.0, 0.0, 0.0, 0.0, 0.0, 0.0, 0.0, 9e-06, 0.006813, -0.0, -0.0, 0.0, 0.0, 0.002315, -0.0, -0.0, 0.0], [0.325565, 1.0, 0.798485, 0.0, 0.0, 0.0, 0.0, 0.0, 0.0, 0.0, 0.0, -0.0, -0.0, -0.0, 0.014726, 0.186881, 0.350514, -0.004781, -0.125939, 0.171495, -0.012325, -0.324692, 0.442145, -0.084751, 0.003908, -0.005322, -0.043981, -0.140205, 4.6e-05, 0.008033, 0.074791, 0.003886, -0.006676, 0.004552, 0.071425, -0.122709, 0.08366, -0.001618, -0.004145, 0.002826, 0.001905, -0.004855, 0.0, 4e-05, 0.005553, 4e-06, -2.4e-05, 1.5e-05, 0.001756, -0.010781, 0.006957, -6e-06, -3e-06, 2e-06, 5e-06, -1e-05, 0.0, 0.0, 7.8e-05, 0.0, -0.0, 0.0, 4e-05, -0.000123, 7.4e-05, -0.0, -0.0, 0.0, 0.0, -0.0, 0.0, 4e-05, 0.005553, -6e-06, -2.3e-05, 1.5e-05, -0.002859, -0.010481, 0.007048, -6e-06, 4e-06, -3e-06, 4e-06, -1e-05, 0.0, 0.0, 7.8e-05, -0.0, -0.0, 0.0, -5.3e-05, -0.000117, 7.5e-05, -0.0, 0.0, -0.0, 0.0, -0.0, 4.6e-05, 0.008033, 0.07479, -0.004533, -0.00613, 0.004718, -0.083327, -0.112667, 0.08672, -0.000864, 0.00444, -0.003417, 0.001223, -0.004621, 0.365737, 0.519679, -0.018598, -0.194326, -0.302869, 0.366287, 0.520005, 0.304072, 0.19359, -0.01285, 0.366287, 0.520005, -0.276784, 0.23128, -0.001365, 0.025947, 0.166991, 0.000311, -0.003488, 0.02716, 0.000528, 0.030022, 0.000188, -0.000144, 0.000174, 0.003612, 0.070235, 0.001585, -0.002374, 0.000335, 0.0, 5.5e-05, 0.0, 0.0, 0.0, 0.0, 6e-06, 0.0, 0.0, 0.0, 0.0, 3.5e-05, 0.0, 0.0, 0.0, 0.0, 6e-06, 0.0, 0.0, 0.0, 0.0, 5.5e-05, 0.0, 0.0, 0.0, 0.0, 3.5e-05, 0.0, 0.0, 0.0, 0.003612, 0.070234, -0.001864, -0.00215, 0.000403, 0.000528, 0.030021, -0.000198, -0.000119, 0.000181], [0.151774, 0.798485, 1.0, 0.0, 0.0, 0.0, 0.0, 0.0, -0.0, -0.0, 0.0, -0.0, -0.0, 0.0, 0.052472, 0.350514, 0.57952, -0.004524, -0.119165, 0.162272, -0.012944, -0.340979, 0.464324, -0.034506, 0.001591, -0.002167, -0.017907, -0.057084, 0.007156, 0.074791, 0.208227, 0.027719, -0.047622, 0.032468, 0.140676, -0.241684, 0.164775, -0.007469, -0.019131, 0.013043, 0.008795, -0.022409, 0.00025, 0.005553, 0.037171, 0.000757, -0.004647, 0.002999, 0.009972, -0.061206, 0.039497, -0.001755, -0.000727, 0.000469, 0.001301, -0.002878, 1e-06, 7.8e-05, 0.002208, 2.1e-05, -6.4e-05, 3.8e-05, 0.001296, -0.003961, 0.002365, -2.1e-05, -2.1e-05, 1.2e-05, 2.1e-05, -3.8e-05, 0.00025, 0.005553, 0.037171, -0.001232, -0.004518, 0.003038, -0.016232, -0.059505, 0.040015, -0.001586, 0.00115, -0.000773, 0.001155, -0.002835, 1e-06, 7.8e-05, 0.002208, -2.8e-05, -6.1e-05, 3.9e-05, -0.001703, -0.003766, 0.002424, -1.7e-05, 2.6e-05, -1.7e-05, 1.7e-05, -3.7e-05, 0.007156, 0.07479, 0.208226, -0.032339, -0.043725, 0.033655, -0.16412, -0.221906, 0.170801, -0.003987, 0.020493, -0.015774, 0.005647, -0.021327, 0.453129, 0.761883, -0.009621, -0.100532, -0.156685, 0.453443, 0.762205, 0.157144, 0.100047, -0.006641, 0.453443, 0.762205, -0.143042, 0.119525, -0.000705, 0.129588, 0.354237, 0.001057, -0.011863, 0.092389, 0.01973, 0.111318, 0.011039, -0.00845, 0.010174, 0.050052, 0.197497, 0.022684, -0.03397, 0.00479, 2.1e-05, 0.001581, 6e-06, -1.3e-05, 5e-06, 2e-06, 0.000375, 0.0, -1e-06, 1e-06, 1.3e-05, 0.001177, 4e-06, -6e-06, 5e-06, 2e-06, 0.000375, -0.0, -1e-06, 1e-06, 2.1e-05, 0.00158, -7e-06, -1.2e-05, 5e-06, 1.3e-05, 0.001178, -4e-06, -6e-06, 6e-06, 0.050051, 0.197495, -0.026676, -0.030766, 0.005766, 0.019729, 0.111316, -0.011628, -0.006979, 0.010622], [-0.0, 0.0, 0.0, 1.0, 0.0, 0.0, 0.531899, 0.0, 0.0, -0.0, -0.0, 0.0, 0.0, -0.0, 0.000428, 0.004781, 0.004524, 0.067068, -0.004371, 0.005952, 0.192545, -0.005193, 0.007071, -0.006879, -0.064494, 0.087824, -0.002098, -0.006689, -7e-06, -0.003886, -0.027719, -0.001223, 0.003517, -0.002398, -0.002592, 0.054158, -0.036924, 0.001446, 0.001537, -0.001048, -0.001072, 0.002732, -0.0, -4e-06, -0.000757, 0.0, 2e-06, -1e-06, 0.00094, 0.001652, -0.001066, 0.0, -0.0, 0.0, -0.0, 1e-06, 0.0, -0.0, -2.1e-05, -0.0, 0.0, -0.0, -4e-06, 3.4e-05, -2e-05, 0.0, 0.0, 0.0, 0.0, 0.0, 0.0, 6e-06, 0.001232, -0.0, -3e-06, 2e-06, 0.000496, -0.002614, 0.001758, -1e-06, 0.0, -0.0, 0.0, -1e-06, 0.0, 0.0, 2.8e-05, -0.0, -0.0, 0.0, -1.2e-05, -4.3e-05, 2.7e-05, 0.0, 0.0, 0.0, 0.0, 0.0, 8e-06, 0.004533, 0.032339, -0.001962, -0.003767, 0.0029, -0.013975, -0.058013, 0.044653, -0.001191, 0.002185, -0.001682, 0.000803, -0.003034, 0.02012, 0.010768, 0.199811, -0.016927, -0.026381, -0.329007, -0.175864, -0.230648, -0.275389, 0.01828, 0.299482, 0.160082, -0.156496, 0.29948, -0.001767, -0.00035, -0.001358, 0.003506, 5.4e-05, -0.000424, -0.000305, -0.017539, -7.4e-05, 6.4e-05, -7.7e-05, -0.002117, -0.032412, -0.000704, 0.001312, -0.000185, -0.0, -2e-05, 0.0, 0.0, 0.0, 0.0, -1e-06, 0.0, 0.0, 0.0, 0.0, -1.3e-05, 0.0, 0.0, 0.0, 0.0, 1e-06, 0.0, 0.0, 0.0, 0.0, 2.5e-05, 0.0, 0.0, 0.0, 0.0, 1.6e-05, 0.0, 0.0, 0.0, 0.00249, 0.038115, -0.001039, -0.001397, 0.000262, 0.000322, 0.018475, -8.4e-05, -5.6e-05, 8.5e-05], [-0.0, 0.0, 0.0, 0.0, 1.0, 0.0, 0.0, 0.531899, 0.0, 0.0, -0.0, -0.0, -0.0, 0.0, 0.011269, 0.125939, 0.119165, -0.004371, -0.047912, 0.156798, -0.005193, 0.055942, 0.186286, -0.069178, 0.002457, -0.006689, -0.119959, -0.088142, 1.2e-05, 0.006676, 0.047622, 0.003517, -0.005218, 0.004119, 0.054158, -0.064113, 0.063435, -0.001105, -0.003545, 0.002732, 0.001047, -0.004152, 0.0, 2.4e-05, 0.004647, 2e-06, -1.1e-05, 7e-06, 0.001652, -0.008931, 0.006543, -2e-06, -1e-06, 1e-06, 1e-06, -3e-06, 0.0, 0.0, 6.4e-05, 0.0, -0.0, 0.0, 3.4e-05, -9.8e-05, 6.2e-05, 0.0, 0.0, 0.0, 0.0, 0.0, 0.0, 2.3e-05, 0.004518, -3e-06, -1e-05, 7e-06, -0.002614, -0.008375, 0.006445, -2e-06, 1e-06, -1e-06, 1e-06, -3e-06, 0.0, 0.0, 6.1e-05, -0.0, -0.0, 0.0, -4.3e-05, -8.8e-05, 6.1e-05, 0.0, 0.0, 0.0, 0.0, 0.0, 1.1e-05, 0.00613, 0.043725, -0.003767, -0.004269, 0.003921, -0.058013, -0.049508, 0.060375, -0.000345, 0.003401, -0.003034, 0.000355, -0.00354, 0.210232, 0.112517, -0.016927, 0.024568, -0.275651, -0.209465, -0.111965, -0.275389, 0.026578, 0.011638, -0.250245, -0.133764, 0.29948, -0.048337, 0.001477, 0.003924, 0.015235, 5.4e-05, 0.0029, 0.004756, 0.000234, 0.013425, 6.4e-05, -4e-05, 5.9e-05, 0.003171, 0.048537, 0.001312, -0.001792, 0.000277, 0.0, 4.7e-05, 0.0, 0.0, 0.0, 0.0, 5e-06, 0.0, 0.0, 0.0, 0.0, 2.4e-05, 0.0, 0.0, 0.0, 0.0, 5e-06, 0.0, 0.0, 0.0, 0.0, 4.4e-05, 0.0, 0.0, 0.0, 0.0, 2.3e-05, 0.0, 0.0, 0.0, 0.002871, 0.04396, -0.001397, -0.001439, 0.000302, 0.000193, 0.011088, -5.6e-05, -2.4e-05, 5.1e-05], [0.0, 0.0, 0.0, 0.0, 0.0, 1.0, 0.0, 0.0, 0.531899, -0.0, -0.0, -0.0, -0.0, -0.0, -0.015345, -0.171495, -0.162272, 0.005952, 0.156798, -0.146284, 0.007071, 0.186286, -0.06093, 0.094202, -0.006689, 0.006654, -0.012804, 0.175284, -8e-06, -0.004552, -0.032468, -0.002398, 0.004119, -0.001984, -0.036924, 0.063435, -0.014318, 0.000754, 0.002732, -0.0014, -0.001799, 0.002405, -0.0, -1.5e-05, -0.002999, -1e-06, 7e-06, -4e-06, -0.001066, 0.006543, -0.003013, 1e-06, 1e-06, -0.0, -1e-06, 2e-06, 0.0, -0.0, -3.8e-05, -0.0, 0.0, -0.0, -2e-05, 6.2e-05, -3e-05, 0.0, 0.0, 0.0, 0.0, 0.0, -0.0, -1.5e-05, -0.003038, 2e-06, 7e-06, -4e-06, 0.001758, 0.006445, -0.003125, 1e-06, -1e-06, 1e-06, -1e-06, 2e-06, 0.0, -0.0, -3.9e-05, 0.0, 0.0, -0.0, 2.7e-05, 6.1e-05, -3.2e-05, 0.0, 0.0, 0.0, 0.0, 0.0, -8e-06, -0.004718, -0.033655, 0.0029, 0.003921, -0.002193, 0.044653, 0.060375, -0.017539, 0.000266, -0.003034, 0.001795, -0.001398, 0.002427, 0.327659, 0.175364, -0.026381, -0.275651, -0.228188, 0.013904, 0.007432, 0.01828, 0.011638, 0.201134, 0.001477, 0.000789, -0.001767, 0.001477, 0.201898, -0.030558, -0.118644, -0.000424, 0.004756, -0.03353, -0.000281, -0.016164, -7.7e-05, 5.9e-05, -6.2e-05, -0.000447, -0.006844, -0.000185, 0.000277, 0.000133, -0.0, -1.7e-05, 0.0, 0.0, 0.0, 0.0, -3e-06, 0.0, 0.0, 0.0, 0.0, -2.1e-05, 0.0, 0.0, 0.0, 0.0, -3e-06, 0.0, 0.0, 0.0, -0.0, -1.8e-05, 0.0, 0.0, 0.0, 0.0, -2.1e-05, 0.0, 0.0, 0.0, -0.000538, -0.008239, 0.000262, 0.000302, 0.000116, -0.000294, -0.016876, 8.5e-05, 5.1e-05, -6.8e-05], [-0.0, 0.0, 0.0, 0.531899, 0.0, 0.0, 1.0, 0.0, 0.0, 0.0, 0.0, 0.0, 0.0, 0.0, 0.002421, 0.012325, 0.012944, 0.192545, -0.005193, 0.007071, 0.528883, -0.008953, 0.012192, -0.005214, -0.077487, 0.105517, -0.000941, -0.003001, -0.007833, -0.071425, -0.140676, -0.002592, 0.054158, -0.036924, 0.050099, 0.189452, -0.129164, 0.025029, 0.003451, -0.002353, -0.011833, 0.030148, -7.2e-05, -0.001756, -0.009972, 0.00094, 0.001652, -0.001066, 0.018455, 0.018636, -0.012026, 0.00094, -0.000942, 0.000608, -0.000525, 0.00116, -0.0, -4e-05, -0.001296, -4e-06, 3.4e-05, -2e-05, -3.5e-05, 0.002545, -0.00152, 1.4e-05, 5e-06, -3e-06, -1.1e-05, 2.1e-05, 0.000118, 0.002859, 0.016232, 0.000496, -0.002614, 0.001758, 0.013446, -0.029493, 0.019833, -0.001419, -0.000446, 0.0003, 0.000758, -0.00186, 0.0, 5.3e-05, 0.001703, -1.2e-05, -4.3e-05, 2.7e-05, -0.000639, -0.003179, 0.002047, -1.6e-05, 1.3e-05, -8e-06, 1.2e-05, -2.7e-05, 0.009139, 0.083327, 0.16412, -0.013975, -0.058013, 0.044653, 0.01028, -0.202938, 0.156202, -0.023735, 0.011702, -0.009007, 0.008863, -0.033476, 0.02916, 0.027478, 0.265154, -0.008149, -0.0127, -0.47627, -0.448653, 0.058264, -0.13236, 0.008786, 0.433529, 0.408391, 0.093904, 0.143939, -0.000849, -0.003038, -0.005192, 0.056116, 0.000342, -0.002661, -0.029844, -0.123039, -0.01423, 0.014988, -0.018046, -0.063064, -0.168483, -0.017193, 0.051416, -0.00725, -1.3e-05, -0.001263, -2e-06, 8e-06, -3e-06, -0.0, -0.000111, 0.0, 0.0, -0.0, -8e-06, -0.000978, -2e-06, 4e-06, -3e-06, 1e-06, 0.000183, -0.0, -0.0, 0.0, 1.7e-05, 0.001592, -4e-06, -9e-06, 4e-06, 1e-05, 0.001142, -2e-06, -4e-06, 4e-06, 0.074161, 0.198131, -0.030341, -0.054762, 0.010263, 0.031438, 0.129611, -0.016378, -0.01304, 0.019847], [0.0, 0.0, 0.0, 0.0, 0.531899, 0.0, 0.0, 1.0, 0.0, 0.0, 0.0, 0.0, 0.0, 0.0, 0.063777, 0.324692, 0.340979, -0.005193, 0.055942, 0.186286, -0.008953, 0.293372, 0.321168, -0.003005, -0.000741, -0.003001, -0.102372, 0.02657, 0.013458, 0.122709, 0.241684, 0.054158, -0.064113, 0.063435, 0.189452, -0.165108, 0.221906, -0.004396, -0.031247, 0.030148, -0.00196, -0.036599, 0.000444, 0.010781, 0.061206, 0.001652, -0.008931, 0.006543, 0.018636, -0.092897, 0.073816, -0.00363, -0.001597, 0.00116, 0.001985, -0.006325, 1e-06, 0.000123, 0.003961, 3.4e-05, -9.8e-05, 6.2e-05, 0.002545, -0.00698, 0.004645, -3.2e-05, -3.3e-05, 2.1e-05, 2.8e-05, -6.1e-05, 0.000432, 0.010481, 0.059505, -0.002614, -0.008375, 0.006445, -0.029493, -0.08663, 0.072706, -0.003123, 0.002439, -0.00186, 0.001577, -0.006012, 1e-06, 0.000117, 0.003766, -4.3e-05, -8.8e-05, 6.1e-05, -0.003179, -0.006235, 0.004527, -2.3e-05, 3.9e-05, -2.7e-05, 2.1e-05, -5.6e-05, 0.012356, 0.112667, 0.221906, -0.058013, -0.049508, 0.060375, -0.202938, -0.114021, 0.2112, 0.003354, 0.028356, -0.033476, -0.008481, -0.029511, 0.304681, 0.28711, -0.008149, 0.180791, -0.1327, -0.303221, -0.285639, -0.13236, 0.181895, 0.005594, -0.362255, -0.34125, 0.143939, 0.145888, 0.00071, 0.034098, 0.058266, 0.000342, 0.052312, 0.029866, 0.022845, 0.094181, 0.014988, -0.006123, 0.013814, 0.09444, 0.252306, 0.051416, -0.059856, 0.010857, 3.1e-05, 0.002977, 8e-06, -1.8e-05, 7e-06, 3e-06, 0.000686, 0.0, -1e-06, 1e-06, 1.5e-05, 0.001791, 4e-06, -7e-06, 6e-06, 2e-06, 0.000667, -0.0, -1e-06, 1e-06, 2.9e-05, 0.002791, -9e-06, -1.6e-05, 7e-06, 1.4e-05, 0.001655, -4e-06, -6e-06, 6e-06, 0.085534, 0.228515, -0.054762, -0.04602, 0.011837, 0.018868, 0.077787, -0.01304, -0.002476, 0.011912], [0.0, 0.0, -0.0, 0.0, 0.0, 0.531899, 0.0, 0.0, 1.0, -0.0, 0.0, 0.0, -0.0, 0.0, -0.086848, -0.442145, -0.464324, 0.007071, 0.186286, -0.06093, 0.012192, 0.321168, 0.091878, 0.004092, -0.003001, 0.001142, -0.071859, 0.030089, -0.009175, -0.08366, -0.164775, -0.036924, 0.063435, -0.014318, -0.129164, 0.221906, 0.009082, 0.002997, 0.030148, -0.007581, -0.029056, 0.013024, -0.000287, -0.006957, -0.039497, -0.001066, 0.006543, -0.003013, -0.012026, 0.073816, -0.026142, 0.002343, 0.00116, -0.000548, -0.002875, 0.003361, -1e-06, -7.4e-05, -0.002365, -2e-05, 6.2e-05, -3e-05, -0.00152, 0.004645, -0.001976, 1.9e-05, 2.1e-05, -1e-05, -2.5e-05, 3.2e-05, -0.000291, -0.007048, -0.040015, 0.001758, 0.006445, -0.003125, 0.019833, 0.072706, -0.0274, 0.0021, -0.00186, 0.000923, -0.002675, 0.003385, -1e-06, -7.5e-05, -0.002424, 2.7e-05, 6.1e-05, -3.2e-05, 0.002047, 0.004527, -0.002117, 1.5e-05, -2.7e-05, 1.5e-05, -2.2e-05, 3.2e-05, -0.009511, -0.08672, -0.170801, 0.044653, 0.060375, -0.017539, 0.156202, 0.2112, -0.002189, -0.002581, -0.033476, 0.010631, -0.024975, 0.014374, 0.474864, 0.447478, -0.0127, -0.1327, 0.059113, 0.020127, 0.01896, 0.008786, 0.005594, 0.265791, 0.002138, 0.002014, -0.000849, 0.00071, 0.266159, -0.265544, -0.453757, -0.002661, 0.029866, -0.176442, -0.027506, -0.113399, -0.018046, 0.013814, -0.011282, -0.013317, -0.035577, -0.00725, 0.010857, 0.01561, -1.1e-05, -0.001092, -3e-06, 7e-06, -2e-06, -1e-06, -0.000407, -0.0, 1e-06, -0.0, -1.3e-05, -0.001518, -3e-06, 6e-06, -5e-06, -2e-06, -0.000413, 0.0, 1e-06, -0.0, -1.2e-05, -0.001148, 4e-06, 7e-06, -2e-06, -1.3e-05, -0.00156, 4e-06, 6e-06, -5e-06, -0.01603, -0.042827, 0.010263, 0.011837, 0.014922, -0.028717, -0.118394, 0.019847, 0.011912, -0.01278], [-0.0, 0.0, -0.0, -0.0, 0.0, -0.0, 0.0, 0.0, -0.0, 1.0, 0.0, 0.0, 0.0, 0.0, -0.009052, -0.084751, -0.034506, 0.006879, 0.069178, -0.094202, 0.005214, 0.003005, -0.004092, 0.087978, -0.007897, 0.010754, 0.027282, 0.086972, -0.0, -0.001618, -0.007469, -0.001446, 0.001105, -0.000754, -0.025029, 0.004396, -0.002997, -0.000216, 0.001268, -0.000865, -0.000246, 0.000626, 0.0, -6e-06, -0.001755, -0.0, 2e-06, -1e-06, -0.00094, 0.00363, -0.002343, 0.0, 0.0, -0.0, -0.0, 0.0, 0.0, -0.0, -2.1e-05, 0.0, 0.0, 0.0, -1.4e-05, 3.2e-05, -1.9e-05, 0.0, 0.0, 0.0, 0.0, 0.0, 0.0, -6e-06, -0.001586, 1e-06, 2e-06, -1e-06, 0.001419, 0.003123, -0.0021, 0.0, -0.0, 0.0, -0.0, 0.0, 0.0, -0.0, -1.7e-05, 0.0, 0.0, 0.0, 1.6e-05, 2.3e-05, -1.5e-05, 0.0, 0.0, 0.0, 0.0, 0.0, -0.0, -0.000864, -0.003987, 0.001191, 0.000345, -0.000266, 0.023735, -0.003354, 0.002581, -0.000591, -0.000847, 0.000652, -1.7e-05, 6.4e-05, -0.148946, -0.024374, 0.036727, 0.072888, 0.1136, 0.170109, 0.02779, -0.00961, 0.30384, -0.020169, 0.115187, 0.018817, 0.10131, 0.285649, -0.001686, -0.013668, -0.02603, -0.000285, 0.002081, -0.016209, 3.5e-05, 0.001836, 2e-06, -6e-06, 7e-06, -0.000131, -0.001336, -0.000145, -8e-06, 1e-06, 0.0, -1.1e-05, 0.0, 0.0, 0.0, 0.0, -2e-06, 0.0, 0.0, 0.0, 0.0, -7e-06, 0.0, 0.0, 0.0, 0.0, -2e-06, 0.0, 0.0, 0.0, 0.0, -6e-06, 0.0, 0.0, 0.0, 0.0, -5e-06, 0.0, 0.0, 0.0, 0.000394, 0.004008, -4.1e-05, -0.00025, 4.7e-05, 5.6e-05, 0.002906, -6e-06, -7e-06, 1e-05], [0.0, 0.0, 0.0, -0.0, -0.0, -0.0, 0.0, 0.0, 0.0, 0.0, 1.0, 0.0, 0.0, 0.0, 0.000417, 0.003908, 0.001591, 0.064494, -0.002457, 0.006689, 0.077487, 0.000741, 0.003001, -0.007897, -0.047427, 0.11296, -0.006311, -0.005744, -1e-06, -0.004145, -0.019131, -0.001537, 0.003545, -0.002732, -0.003451, 0.031247, -0.030148, 0.001268, 0.001716, -0.001291, -0.000782, 0.002782, 0.0, -3e-06, -0.000727, 0.0, 1e-06, -1e-06, 0.000942, 0.001597, -0.00116, 0.0, -0.0, 0.0, -0.0, 0.0, 0.0, -0.0, -2.1e-05, 0.0, 0.0, 0.0, -5e-06, 3.3e-05, -2.1e-05, 0.0, 0.0, 0.0, 0.0, 0.0, 0.0, 4e-06, 0.00115, -0.0, -1e-06, 1e-06, 0.000446, -0.002439, 0.00186, -0.0, 0.0, -0.0, 0.0, -0.0, 0.0, 0.0, 2.6e-05, 0.0, 0.0, 0.0, -1.3e-05, -3.9e-05, 2.7e-05, 0.0, 0.0, 0.0, 0.0, 0.0, 1e-06, 0.00444, 0.020493, -0.002185, -0.003401, 0.003034, -0.011702, -0.028356, 0.033476, -0.000847, 0.002128, -0.001843, 0.000375, -0.002781, 0.014478, 0.002369, 0.177834, 2e-05, -0.02674, 0.235527, 0.038477, 0.257125, -0.00345, -0.018429, -0.256131, -0.041843, 0.217875, -0.104842, 0.002129, -6.8e-05, -0.00013, 0.000647, -4.5e-05, -9.6e-05, -0.000165, -0.008621, -2.5e-05, 1.8e-05, -2.5e-05, -0.002375, -0.024132, -0.00068, 0.001127, -0.000171, 0.0, -2.1e-05, 0.0, 0.0, 0.0, 0.0, -1e-06, 0.0, 0.0, 0.0, 0.0, -1.1e-05, 0.0, 0.0, 0.0, 0.0, 1e-06, 0.0, 0.0, 0.0, 0.0, 2.5e-05, 0.0, 0.0, 0.0, 0.0, 1.2e-05, 0.0, 0.0, 0.0, 0.002529, 0.025703, -0.000897, -0.001068, 0.000219, 0.000144, 0.007501, -2.3e-05, -1.2e-05, 2.3e-05], [0.0, -0.0, -0.0, 0.0, -0.0, -0.0, 0.0, 0.0, 0.0, 0.0, 0.0, 1.0, 0.0, 0.0, -0.000568, -0.005322, -0.002167, -0.087824, 0.006689, -0.006654, -0.105517, 0.003001, -0.001142, 0.010754, 0.11296, -0.118296, -1.1e-05, 0.010521, 1e-06, 0.002826, 0.013043, 0.001048, -0.002732, 0.0014, 0.002353, -0.030148, 0.007581, -0.000865, -0.001291, 0.000702, 0.001111, -0.00167, 0.0, 2e-06, 0.000469, -0.0, -1e-06, 0.0, -0.000608, -0.00116, 0.000548, -0.0, 0.0, -0.0, 0.0, -0.0, 0.0, 0.0, 1.2e-05, 0.0, 0.0, 0.0, 3e-06, -2.1e-05, 1e-05, 0.0, 0.0, 0.0, 0.0, 0.0, 0.0, -3e-06, -0.000773, 0.0, 1e-06, -1e-06, -0.0003, 0.00186, -0.000923, 0.0, -0.0, 0.0, -0.0, 0.0, 0.0, -0.0, -1.7e-05, 0.0, 0.0, 0.0, 8e-06, 2.7e-05, -1.5e-05, 0.0, 0.0, 0.0, 0.0, 0.0, -1e-06, -0.003417, -0.015774, 0.001682, 0.003034, -0.001795, 0.009007, 0.033476, -0.010631, 0.000652, -0.001843, 0.001152, -0.000987, 0.001956, 0.022564, 0.003692, 0.277165, -0.02674, -0.024499, -0.015634, -0.002554, -0.017068, -0.018429, -0.27986, 0.001511, 0.000247, -0.001286, 0.002129, 0.255847, 0.000533, 0.001015, -0.005035, -9.6e-05, 0.000688, 0.000199, 0.01038, 3e-05, -2.5e-05, 2.7e-05, 0.000335, 0.003403, 9.6e-05, -0.000171, -6.2e-05, 0.0, 8e-06, 0.0, 0.0, 0.0, 0.0, 0.0, 0.0, 0.0, 0.0, 0.0, 9e-06, 0.0, 0.0, 0.0, 0.0, -1e-06, 0.0, 0.0, 0.0, 0.0, -1e-05, 0.0, 0.0, 0.0, 0.0, -1.1e-05, 0.0, 0.0, 0.0, -0.000474, -0.004817, 0.000168, 0.000219, 6.1e-05, -0.000219, -0.011417, 3.5e-05, 2.3e-05, -3.1e-05], [-0.0, -0.0, -0.0, 0.0, -0.0, -0.0, 0.0, 0.0, -0.0, 0.0, 0.0, 0.0, 1.0, 0.0, -0.004698, -0.043981, -0.017907, 0.002098, 0.119959, 0.012804, 0.000941, 0.102372, 0.071859, 0.027282, -0.006311, -1.1e-05, -0.166465, 0.11305, 0.0, 0.001905, 0.008795, 0.001072, -0.001047, 0.001799, 0.011833, 0.00196, 0.029056, -0.000246, -0.000782, 0.001111, -0.000443, -0.001412, 0.0, 5e-06, 0.001301, 0.0, -1e-06, 1e-06, 0.000525, -0.001985, 0.002875, -0.0, -0.0, 0.0, 0.0, -0.0, 0.0, 0.0, 2.1e-05, 0.0, 0.0, 0.0, 1.1e-05, -2.8e-05, 2.5e-05, 0.0, 0.0, 0.0, 0.0, 0.0, 0.0, 4e-06, 0.001155, -0.0, -1e-06, 1e-06, -0.000758, -0.001577, 0.002675, -0.0, 0.0, -0.0, 0.0, -0.0, 0.0, 0.0, 1.7e-05, 0.0, 0.0, 0.0, -1.2e-05, -2.1e-05, 2.2e-05, 0.0, 0.0, 0.0, 0.0, 0.0, 0.0, 0.001223, 0.005647, -0.000803, -0.000355, 0.001398, -0.008863, 0.008481, 0.024975, -1.7e-05, 0.000375, -0.000987, -0.00068, -0.000863, -0.108094, -0.017688, 0.012259, 0.307572, -0.080078, 0.074645, 0.012194, 0.138205, -0.090965, -0.017719, 0.107007, 0.017481, -0.180345, -0.0631, -0.002151, -0.022912, -0.043635, -0.000367, 0.004763, -0.027008, -2.8e-05, -0.001484, -5e-06, 6e-06, -1e-06, 0.001743, 0.01771, 0.000594, -0.000761, 0.000144, 0.0, 2.1e-05, 0.0, 0.0, 0.0, 0.0, 2e-06, 0.0, 0.0, 0.0, 0.0, 3e-06, 0.0, 0.0, 0.0, 0.0, 1e-06, 0.0, 0.0, 0.0, 0.0, 1.8e-05, 0.0, 0.0, 0.0, 0.0, 1e-06, 0.0, 0.0, 0.0, 0.001407, 0.014302, -0.000565, -0.000534, 0.000144, -5.7e-05, -0.002963, 1e-05, 8e-06, -6e-06], [0.0, -0.0, 0.0, -0.0, 0.0, -0.0, 0.0, 0.0, 0.0, 0.0, 0.0, 0.0, 0.0, 1.0, -0.014976, -0.140205, -0.057084, 0.006689, 0.088142, -0.175284, 0.003001, -0.02657, -0.030089, 0.086972, -0.005744, 0.010521, 0.11305, 0.15846, -1e-06, -0.004855, -0.022409, -0.002732, 0.004152, -0.002405, -0.030148, 0.036599, -0.013024, 0.000626, 0.002782, -0.00167, -0.001412, 0.002599, 0.0, -1e-05, -0.002878, -1e-06, 3e-06, -2e-06, -0.00116, 0.006325, -0.003361, 0.0, 0.0, -0.0, -0.0, 1e-06, 0.0, -0.0, -3.8e-05, 0.0, 0.0, 0.0, -2.1e-05, 6.1e-05, -3.2e-05, 0.0, 0.0, 0.0, 0.0, 0.0, 0.0, -1e-05, -0.002835, 1e-06, 3e-06, -2e-06, 0.00186, 0.006012, -0.003385, 0.0, -0.0, 0.0, -0.0, 1e-06, 0.0, -0.0, -3.7e-05, 0.0, 0.0, 0.0, 2.7e-05, 5.6e-05, -3.2e-05, 0.0, 0.0, 0.0, 0.0, 0.0, -1e-06, -0.004621, -0.021327, 0.003034, 0.00354, -0.002427, 0.033476, 0.029511, -0.014374, 6.4e-05, -0.002781, 0.001956, -0.000863, 0.00235, 0.23577, 0.038581, -0.02674, 0.000326, -0.255983, -0.009954, -0.001626, -0.018429, 0.000146, -0.178175, -0.001263, -0.000206, 0.002129, -0.000517, -0.213784, -0.005983, -0.011394, -9.6e-05, -0.003969, -0.007722, -0.000152, -0.007946, -2.5e-05, 1.6e-05, -2.1e-05, -0.000501, -0.005096, -0.000171, 0.000238, 9.4e-05, 0.0, -1.8e-05, 0.0, 0.0, 0.0, 0.0, -3e-06, 0.0, 0.0, 0.0, 0.0, -1.7e-05, 0.0, 0.0, 0.0, 0.0, -3e-06, 0.0, 0.0, 0.0, 0.0, -1.8e-05, 0.0, 0.0, 0.0, 0.0, -1.6e-05, 0.0, 0.0, 0.0, -0.000547, -0.005556, 0.000219, 0.000231, 7e-05, -0.000131, -0.006852, 2.3e-05, 1.1e-05, -1.9e-05], [0.0, 0.014726, 0.052472, 0.000428, 0.011269, -0.015345, 0.002421, 0.063777, -0.086848, -0.009052, 0.000417, -0.000568, -0.004698, -0.014976, 1.0, 0.325565, 0.151774, -0.0, 0.0, 0.0, 0.0, 0.0, 0.0, -0.0, -0.0, -0.0, -0.0, 0.0, 0.0, 0.013541, 0.05098, 0.012908, -0.011435, 0.00094, 0.078951, -0.069941, 0.005748, 0.005396, -0.013685, 0.001125, 0.006021, -0.000996, 0.0, 0.000144, 0.010641, 1.5e-05, -6.2e-05, 2.2e-05, 0.006008, -0.024552, 0.008681, -4e-06, -4e-06, 1e-06, 7e-06, -5e-06, 0.0, 0.0, 0.000187, 0.0, -0.0, 0.0, 0.000143, -0.000336, 0.000131, 0.0, 0.0, 0.0, 0.0, 0.0, 0.0, 0.000144, 0.010641, -2.2e-05, -5.9e-05, 2.3e-05, -0.008783, -0.023592, 0.008974, -3e-06, 5e-06, -2e-06, 6e-06, -5e-06, 0.0, 0.0, 0.000187, -0.0, -0.0, 0.0, -0.00018, -0.000315, 0.000137, 0.0, 0.0, 0.0, 0.0, 0.0, 0.0, 0.013541, 0.05098, -0.01423, -0.009674, 0.001476, -0.087036, -0.059171, 0.00903, 0.008276, 0.012764, -0.001948, 0.004238, -0.001324, 0.000296, 0.019344, -0.0, 5e-06, -3.2e-05, 0.000286, 0.019142, 1.4e-05, 2.1e-05, -1.8e-05, 0.000286, 0.019142, -1.1e-05, 2.3e-05, -1.7e-05, 0.049397, 0.086543, 0.004316, 0.046431, 0.065921, 0.000232, 0.018007, 2e-05, -6e-06, 6e-06, 0.000249, 0.018383, 1.7e-05, -1.5e-05, -1e-05, 0.0, 5.8e-05, 0.0, 0.0, 0.0, 0.0, 2e-05, 0.0, 0.0, 0.0, 0.0, 9e-05, 0.0, 0.0, 0.0, 0.0, 2e-05, 0.0, 0.0, 0.0, 0.0, 5.8e-05, 0.0, 0.0, 0.0, 0.0, 9e-05, 0.0, 0.0, 0.0, 0.000249, 0.018383, -1.9e-05, -1.2e-05, -1e-05, 0.000232, 0.018007, -2.1e-05, -4e-06, 7e-06], [0.014726, 0.186881, 0.350514, 0.004781, 0.125939, -0.171495, 0.012325, 0.324692, -0.442145, -0.084751, 0.003908, -0.005322, -0.043981, -0.140205, 0.325565, 1.0, 0.798485, 0.0, 0.0, 0.0, 0.0, 0.0, 0.0, 0.0, 0.0, 0.0, -0.0, 0.0, 0.013541, 0.178557, 0.342761, 0.152675, -0.135252, 0.011115, 0.405351, -0.359092, 0.029509, 0.055462, -0.140672, 0.01156, 0.061888, -0.010241, 0.000144, 0.015034, 0.101733, 0.003898, -0.015927, 0.005632, 0.048785, -0.199351, 0.070487, -0.006301, -0.005314, 0.001879, 0.0095, -0.007678, 0.0, 2.5e-05, 0.004419, 6e-06, -1.5e-05, 6e-06, 0.003787, -0.00888, 0.003457, -2e-06, -4e-06, 2e-06, 4e-06, -4e-06, 0.000144, 0.015034, 0.101732, -0.005698, -0.015305, 0.005821, -0.071313, -0.191558, 0.072863, -0.005021, 0.007464, -0.002839, 0.008574, -0.007626, 0.0, 2.5e-05, 0.004419, -8e-06, -1.4e-05, 6e-06, -0.004764, -0.008325, 0.003625, -1e-06, 5e-06, -2e-06, 4e-06, -4e-06, 0.013541, 0.178557, 0.342761, -0.16831, -0.114425, 0.017462, -0.446861, -0.303798, 0.046361, 0.08507, 0.131198, -0.020022, 0.043559, -0.013612, 0.02343, 0.15971, -0.00025, 0.003516, -0.024197, 0.022992, 0.158396, 0.010516, 0.01638, -0.013943, 0.022992, 0.158396, -0.008852, 0.017636, -0.01356, 0.365181, 0.519348, 0.019242, 0.206985, 0.293868, 0.020595, 0.150952, 0.019452, -0.00599, 0.005849, 0.021376, 0.15343, 0.015166, -0.013136, -0.009208, 1e-06, 0.001644, 0.0, -0.0, 0.0, 0.0, 0.000719, 0.0, -0.0, 0.0, 2e-06, 0.002324, 0.0, -0.0, 0.0, 0.0, 0.000719, -0.0, -0.0, 0.0, 1e-06, 0.001643, -0.0, -0.0, 0.0, 2e-06, 0.002324, -0.0, -0.0, 0.0, 0.021376, 0.153429, -0.017086, -0.011043, -0.00857, 0.020595, 0.150953, -0.019817, -0.003442, 0.006625], [0.052472, 0.350514, 0.57952, 0.004524, 0.119165, -0.162272, 0.012944, 0.340979, -0.464324, -0.034506, 0.001591, -0.002167, -0.017907, -0.057084, 0.151774, 0.798485, 1.0, -0.0, 0.0, 0.0, -0.0, -0.0, -0.0, -0.0, 0.0, 0.0, -0.0, 0.0, 0.05098, 0.342761, 0.570995, 0.148882, -0.131892, 0.010838, 0.429579, -0.380555, 0.031273, 0.023389, -0.059323, 0.004875, 0.026099, -0.004319, 0.010641, 0.101733, 0.255313, 0.018715, -0.076477, 0.027041, 0.084774, -0.346414, 0.122486, -0.017933, -0.015123, 0.005347, 0.027035, -0.02185, 0.000187, 0.004419, 0.031952, 0.001649, -0.003866, 0.001505, 0.023597, -0.055327, 0.021536, -0.000885, -0.00166, 0.000646, 0.001651, -0.001515, 0.010641, 0.101732, 0.255313, -0.027358, -0.073487, 0.027952, -0.123922, -0.332872, 0.126614, -0.014289, 0.021242, -0.00808, 0.024402, -0.021704, 0.000187, 0.004419, 0.031952, -0.002074, -0.003624, 0.001578, -0.02968, -0.051871, 0.022588, -0.000528, 0.001957, -0.000852, 0.001386, -0.00149, 0.05098, 0.342761, 0.570995, -0.164128, -0.111582, 0.017028, -0.47357, -0.321955, 0.049132, 0.035875, 0.055328, -0.008443, 0.018369, -0.00574, 0.123386, 0.343743, -0.000917, 0.012877, -0.088629, 0.12227, 0.341832, 0.039048, 0.060824, -0.051777, 0.12227, 0.341832, -0.032871, 0.06549, -0.050354, 0.45281, 0.761556, 0.009965, 0.107194, 0.152189, 0.115966, 0.330911, 0.078235, -0.024092, 0.023523, 0.118061, 0.334566, 0.059372, -0.051425, -0.036048, 0.000831, 0.015687, 0.000338, -0.000632, 8.1e-05, 0.000338, 0.008978, 5.3e-05, -0.000257, 0.00011, 0.001211, 0.019813, 0.000545, -0.000751, 0.000518, 0.000338, 0.008978, -8.1e-05, -0.000248, 0.000112, 0.00083, 0.015683, -0.000414, -0.000583, 9.6e-05, 0.001211, 0.019816, -0.000617, -0.000676, 0.000541, 0.11806, 0.334565, -0.066891, -0.043232, -0.033551, 0.115966, 0.330912, -0.079704, -0.013845, 0.026648], [-0.000428, -0.004781, -0.004524, 0.067068, -0.004371, 0.005952, 0.192545, -0.005193, 0.007071, 0.006879, 0.064494, -0.087824, 0.002098, 0.006689, -0.0, 0.0, -0.0, 1.0, 0.0, 0.0, 0.531899, 0.0, 0.0, -0.0, -0.0, -0.0, 0.0, -0.0, -0.012908, -0.152675, -0.148882, -0.113269, 0.15608, -0.012826, -0.030556, 0.193179, -0.015875, 0.000969, 0.154073, -0.012661, -0.097647, 0.016158, -1.5e-05, -0.003898, -0.018715, 0.000811, 0.004648, -0.001644, 0.03141, 0.044003, -0.015559, 0.002772, -0.00079, 0.000279, -0.003103, 0.002508, -0.0, -6e-06, -0.001649, -1e-06, 3e-06, -1e-06, -0.000665, 0.003706, -0.001442, 0.0, 0.0, -0.0, -1e-06, 1e-06, 2.2e-05, 0.005698, 0.027358, -0.000482, -0.006529, 0.002484, 0.019168, -0.061808, 0.02351, -0.00344, 0.001137, -0.000433, 0.004094, -0.003641, 0.0, 8e-06, 0.002074, -2e-06, -3e-06, 2e-06, -0.001585, -0.00437, 0.001903, -0.0, 1e-06, -0.0, 1e-06, -1e-06, 0.01423, 0.16831, 0.164128, -0.151202, -0.145568, 0.022215, -0.077505, -0.180169, 0.027495, 0.050431, 0.170776, -0.026061, 0.075765, -0.023676, 0.000284, 0.001184, 0.003002, 4.9e-05, -0.000336, -0.011937, -0.05047, -0.003325, -0.009727, 0.00828, 0.010049, 0.042487, -0.001505, 0.008817, -0.006779, -0.020814, -0.011154, 0.199214, -0.018674, -0.026513, -0.022266, -0.101718, -0.021316, 0.007324, -0.007151, -0.017311, -0.07704, -0.011331, 0.012077, 0.008466, -0.0, -0.000779, -0.0, 0.0, -0.0, -0.0, -0.000136, -0.0, 0.0, -0.0, -0.0, -0.001199, -0.0, 0.0, -0.0, 0.0, 0.000208, -0.0, -0.0, 0.0, 0.0, 0.000952, -0.0, -0.0, 0.0, 0.0, 0.001358, -0.0, -0.0, 0.0, 0.019503, 0.086796, -0.015085, -0.011439, -0.008877, 0.022684, 0.103628, -0.022217, -0.004288, 0.008253], [-0.011269, -0.125939, -0.119165, -0.004371, -0.047912, 0.156798, -0.005193, 0.055942, 0.186286, 0.069178, -0.002457, 0.006689, 0.119959, 0.088142, 0.0, 0.0, 0.0, 0.0, 1.0, 0.0, 0.0, 0.531899, 0.0, 0.0, -0.0, -0.0, -0.0, -0.0, 0.011435, 0.135252, 0.131892, 0.15608, -0.075351, 0.011362, 0.193179, 0.016375, 0.014063, 0.116712, -0.119999, 0.016158, 0.018625, -0.008736, 6.2e-05, 0.015927, 0.076477, 0.004648, -0.017046, 0.006716, 0.044003, -0.137631, 0.063577, -0.006952, -0.006474, 0.002508, 0.010154, -0.009355, 0.0, 1.5e-05, 0.003866, 3e-06, -7e-06, 3e-06, 0.003706, -0.007773, 0.003382, -1e-06, -1e-06, 1e-06, 1e-06, -1e-06, 5.9e-05, 0.015305, 0.073487, -0.006529, -0.01559, 0.006671, -0.061808, -0.123848, 0.063151, -0.005039, 0.00867, -0.003641, 0.00857, -0.008858, 0.0, 1.4e-05, 0.003624, -3e-06, -6e-06, 3e-06, -0.00437, -0.006721, 0.003326, -0.0, 1e-06, -1e-06, 1e-06, -1e-06, 0.009674, 0.114425, 0.111582, -0.145568, -0.036047, 0.015103, -0.180169, 0.065021, 0.018692, 0.133752, 0.070673, -0.023676, -0.005918, -0.007332, -0.003985, -0.016628, 4.9e-05, 0.00232, 0.004717, -0.018594, -0.078616, -0.009727, -0.012232, 0.012898, -0.02002, -0.084647, 0.008817, -0.014646, 0.013506, -0.223894, -0.119982, -0.018674, 6.8e-05, -0.285205, 0.006857, 0.031324, 0.007324, 0.000213, 0.002202, 0.014994, 0.066728, 0.012077, -0.007848, -0.007333, 0.0, 0.001456, 0.0, -0.0, 0.0, 0.0, 0.000659, 0.0, -0.0, 0.0, 1e-06, 0.001654, 0.0, -0.0, 0.0, 0.0, 0.000637, -0.0, -0.0, 0.0, 0.0, 0.001343, -0.0, -0.0, 0.0, 0.0, 0.001488, -0.0, -0.0, 0.0, 0.012605, 0.056097, -0.011439, -0.00478, -0.005737, 0.00394, 0.018001, -0.004288, 0.001724, 0.001434], [0.015345, 0.171495, 0.162272, 0.005952, 0.156798, -0.146284, 0.007071, 0.186286, -0.06093, -0.094202, 0.006689, -0.006654, 0.012804, -0.175284, 0.0, 0.0, 0.0, 0.0, 0.0, 1.0, 0.0, 0.0, 0.531899, 0.0, -0.0, -0.0, 0.0, -0.0, -0.00094, -0.011115, -0.010838, -0.012826, 0.011362, 0.061983, -0.015875, 0.014063, 0.186353, -0.009591, 0.016158, 0.075296, -0.012687, -0.066703, -2.2e-05, -0.005632, -0.027041, -0.001644, 0.006716, -0.000426, -0.015559, 0.063577, 0.019698, 0.002458, 0.002508, -0.000269, -0.005376, 0.001098, -0.0, -6e-06, -0.001505, -1e-06, 3e-06, -1e-06, -0.001442, 0.003382, -0.000401, 0.0, 1e-06, -0.0, -1e-06, 0.0, -2.3e-05, -0.005821, -0.027952, 0.002484, 0.006671, -0.000589, 0.02351, 0.063151, 0.018157, 0.001916, -0.003641, 0.000482, -0.005106, 0.001294, -0.0, -6e-06, -0.001578, 2e-06, 3e-06, -1e-06, 0.001903, 0.003326, -0.000533, 0.0, -1e-06, 0.0, -1e-06, 0.0, -0.001476, -0.017462, -0.017028, 0.022215, 0.015103, 0.060612, 0.027495, 0.018692, 0.184656, -0.020411, -0.023676, -0.080857, -0.016624, -0.054971, 0.027429, 0.114439, -0.000336, 0.004717, -0.029458, 0.015828, 0.066922, 0.00828, 0.012898, -0.00806, 0.015393, 0.065084, -0.006779, 0.013506, -0.007465, -0.317876, -0.170345, -0.026513, -0.285205, -0.203972, -0.006695, -0.030584, -0.007151, 0.002202, 0.000319, 0.01051, 0.046775, 0.008466, -0.007333, -0.002527, -0.0, -0.000186, -0.0, 0.0, 0.0, -0.0, -0.000281, -0.0, 0.0, -0.0, -0.0, -0.001141, -0.0, 0.0, -0.0, -0.0, -0.000288, 0.0, 0.0, -0.0, -0.0, -0.00022, 0.0, 0.0, 0.0, -0.0, -0.001191, 0.0, 0.0, -0.0, 0.009782, 0.043534, -0.008877, -0.005737, -0.00184, -0.007584, -0.034646, 0.008253, 0.001434, -0.000291], [-0.002421, -0.012325, -0.012944, 0.192545, -0.005193, 0.007071, 0.528883, -0.008953, 0.012192, 0.005214, 0.077487, -0.105517, 0.000941, 0.003001, 0.0, 0.0, -0.0, 0.531899, 0.0, 0.0, 1.0, 0.0, 0.0, 0.0, 0.0, 0.0, 0.0, 0.0, -0.078951, -0.405351, -0.429579, -0.030556, 0.193179, -0.015875, 0.140295, 0.336508, -0.027653, 0.070059, 0.019353, -0.00159, -0.046108, 0.007629, -0.006008, -0.048785, -0.084774, 0.03141, 0.044003, -0.015559, 0.170678, 0.133808, -0.047313, 0.023065, -0.027903, 0.009866, -0.018482, 0.014937, -0.000143, -0.003787, -0.023597, -0.000665, 0.003706, -0.001442, -0.001727, 0.046287, -0.018017, 0.001439, 0.000821, -0.000319, -0.001788, 0.00164, 0.008783, 0.071313, 0.123922, 0.019168, -0.061808, 0.02351, 0.133452, -0.187954, 0.071492, -0.030076, -0.015518, 0.005903, 0.024386, -0.021689, 0.00018, 0.004764, 0.02968, -0.001585, -0.00437, 0.001903, -0.013218, -0.054583, 0.023769, -0.001324, 0.00175, -0.000762, 0.001888, -0.002029, 0.087036, 0.446861, 0.47357, -0.077505, -0.180169, 0.027495, 0.058512, -0.313845, 0.047895, -0.052917, 0.035462, -0.005412, 0.035775, -0.011179, 0.002631, 0.0046, 0.052796, 0.000337, -0.002319, -0.111986, -0.196681, 0.008345, -0.068352, 0.058185, 0.094272, 0.16557, 0.021129, 0.061955, -0.047636, -0.0302, -0.028468, 0.264865, -0.009005, -0.012784, -0.223928, -0.403224, -0.136245, 0.057013, -0.055667, -0.170052, -0.303637, -0.054851, 0.090813, 0.063657, -0.000852, -0.015106, -0.000271, 0.000693, -8.9e-05, -0.000131, -0.003503, 1.1e-05, 0.000104, -4.4e-05, -0.001381, -0.020609, -0.000512, 0.000927, -0.000639, 0.000201, 0.005385, -1.8e-05, -0.000154, 7e-05, 0.001041, 0.018462, -0.000454, -0.000782, 0.000128, 0.001564, 0.023329, -0.000701, -0.000944, 0.000756, 0.191585, 0.342087, -0.083086, -0.086012, -0.06675, 0.228133, 0.410797, -0.143264, -0.033379, 0.064244], [-0.063777, -0.324692, -0.340979, -0.005193, 0.055942, 0.186286, -0.008953, 0.293372, 0.321168, 0.003005, 0.000741, 0.003001, 0.102372, -0.02657, 0.0, 0.0, -0.0, 0.0, 0.531899, 0.0, 0.0, 1.0, 0.0, 0.0, 0.0, 0.0, 0.0, 0.0, 0.069941, 0.359092, 0.380555, 0.193179, 0.016375, 0.014063, 0.336508, 0.222048, 0.024497, 0.085939, 0.003615, 0.007629, -0.044604, 0.000263, 0.024552, 0.199351, 0.346414, 0.044003, -0.137631, 0.063577, 0.133808, -0.343361, 0.193334, -0.028017, -0.032887, 0.014937, 0.037283, -0.047518, 0.000336, 0.00888, 0.055327, 0.003706, -0.007773, 0.003382, 0.046287, -0.090513, 0.042244, -0.001683, -0.003797, 0.00164, 0.003215, -0.003466, 0.023592, 0.191558, 0.332872, -0.061808, -0.123848, 0.063151, -0.187954, -0.301449, 0.192038, -0.017141, 0.043341, -0.021689, 0.028757, -0.044283, 0.000315, 0.008325, 0.051871, -0.00437, -0.006721, 0.003326, -0.054583, -0.077377, 0.04154, -0.000728, 0.004135, -0.002029, 0.002383, -0.003147, 0.059171, 0.303798, 0.321955, -0.180169, 0.065021, 0.018692, -0.313845, 0.306787, 0.032561, 0.089238, -0.033079, -0.011179, -0.04797, 0.003432, -0.036944, -0.064607, 0.000337, 0.048088, 0.032567, -0.174437, -0.306363, -0.068352, -0.054244, 0.090633, -0.18782, -0.329868, 0.061955, -0.071208, 0.094907, -0.32486, -0.306228, -0.009005, 0.168838, -0.137524, 0.068958, 0.124173, 0.057013, 0.031336, 0.017143, 0.14729, 0.262994, 0.090813, -0.028661, -0.055137, 0.001591, 0.028217, 0.000693, -0.001195, 0.000166, 0.000637, 0.017029, 0.000104, -0.000471, 0.000215, 0.001905, 0.028423, 0.000927, -0.001118, 0.000882, 0.000615, 0.016453, -0.000154, -0.000438, 0.000212, 0.001468, 0.026036, -0.000782, -0.001003, 0.000181, 0.001714, 0.025576, -0.000944, -0.000874, 0.000828, 0.123823, 0.221094, -0.086012, -0.005595, -0.043141, 0.039628, 0.071357, -0.033379, 0.043095, 0.011159], [0.086848, 0.442145, 0.464324, 0.007071, 0.186286, -0.06093, 0.012192, 0.321168, 0.091878, -0.004092, 0.003001, -0.001142, 0.071859, -0.030089, 0.0, 0.0, -0.0, 0.0, 0.0, 0.531899, 0.0, 0.0, 1.0, 0.0, 0.0, 0.0, 0.0, 0.0, -0.005748, -0.029509, -0.031273, -0.015875, 0.014063, 0.186353, -0.027653, 0.024497, 0.51814, -0.007062, 0.007629, 0.095831, -0.010379, -0.084894, -0.008681, -0.070487, -0.122486, -0.015559, 0.063577, 0.019698, -0.047313, 0.193334, 0.135063, 0.009906, 0.014937, 0.004077, -0.040225, -0.016659, -0.000131, -0.003457, -0.021536, -0.001442, 0.003382, -0.000401, -0.018017, 0.042244, 0.001571, 0.000655, 0.00164, -0.000222, -0.002012, 0.00052, -0.008974, -0.072863, -0.126614, 0.02351, 0.063151, 0.018157, 0.071492, 0.192038, 0.130378, 0.00652, -0.021689, -0.00543, -0.038893, -0.014586, -0.000137, -0.003625, -0.022588, 0.001903, 0.003326, -0.000533, 0.023769, 0.04154, -7.5e-05, 0.000317, -0.002029, 0.00036, -0.001835, 0.000628, -0.00903, -0.046361, -0.049132, 0.027495, 0.018692, 0.184656, 0.047895, 0.032561, 0.515185, -0.013618, -0.011179, -0.104629, -0.014744, -0.071132, 0.254268, 0.444658, -0.002319, 0.032567, -0.171322, 0.148491, 0.260794, 0.058185, 0.090633, -0.024927, 0.144413, 0.253631, -0.047636, 0.094907, -0.020747, -0.461223, -0.43477, -0.012784, -0.137524, 0.070452, -0.06733, -0.121241, -0.055667, 0.017143, 0.032155, 0.103247, 0.184353, 0.063657, -0.055137, 0.011346, -0.000203, -0.003607, -8.9e-05, 0.000166, 7.9e-05, -0.000271, -0.007258, -4.4e-05, 0.000215, -5.9e-05, -0.001313, -0.019601, -0.000639, 0.000882, -0.000447, -0.000278, -0.007436, 7e-05, 0.000212, -6.4e-05, -0.000241, -0.004267, 0.000128, 0.000181, 7e-05, -0.001372, -0.020468, 0.000756, 0.000828, -0.000502, 0.096094, 0.171582, -0.06675, -0.043141, 0.016515, -0.076272, -0.137342, 0.064244, 0.011159, 0.027414], [-0.009052, -0.084751, -0.034506, -0.006879, -0.069178, 0.094202, -0.005214, -0.003005, 0.004092, 0.087978, -0.007897, 0.010754, 0.027282, 0.086972, -0.0, 0.0, -0.0, -0.0, 0.0, 0.0, 0.0, 0.0, 0.0, 1.0, 0.0, 0.0, 0.0, 0.0, 0.005396, 0.055462, 0.023389, -0.000969, -0.116712, 0.009591, -0.070059, -0.085939, 0.007062, -0.108206, -0.083774, 0.006884, 0.120955, -0.020014, -4e-06, -0.006301, -0.017933, -0.002772, 0.006952, -0.002458, -0.023065, 0.028017, -0.009906, 0.002687, 0.003824, -0.001352, -0.004298, 0.003473, 0.0, -2e-06, -0.000885, -0.0, 1e-06, -0.0, -0.001439, 0.001683, -0.000655, 0.0, 0.0, -0.0, -0.0, 0.0, -3e-06, -0.005021, -0.014289, 0.00344, 0.005039, -0.001916, 0.030076, 0.017141, -0.00652, 0.001009, -0.004415, 0.001679, -0.00278, 0.002473, 0.0, -1e-06, -0.000528, 0.0, 0.0, -0.0, 0.001324, 0.000728, -0.000317, -0.0, -0.0, 0.0, -0.0, 0.0, 0.008276, 0.08507, 0.035875, -0.050431, -0.133752, 0.020411, 0.052917, -0.089238, 0.013618, -0.05637, 0.151566, -0.02313, 0.109512, -0.034221, -0.01226, -0.025471, 0.000221, -0.002038, 0.014024, -0.005064, -0.010691, -0.005088, -0.003036, 0.002585, -0.00709, -0.014969, 0.005292, -0.005279, 0.004059, -0.148734, -0.02438, -0.037981, -0.077753, -0.11039, 0.016348, 0.037906, 0.015765, -0.006525, 0.006371, 0.004622, 0.010383, 0.001273, -0.004851, -0.0034, -0.0, -0.000191, -0.0, 0.0, -0.0, -0.0, -0.000224, 0.0, 0.0, 0.0, -0.0, -0.000166, -0.0, 0.0, -0.0, -0.0, -0.000189, 0.0, 0.0, 0.0, -0.0, -8e-06, 0.0, -0.0, 0.0, 0.0, 8e-06, 0.0, -0.0, 0.0, 0.00886, 0.019902, -0.005729, -0.006854, -0.005319, 0.017373, 0.040282, -0.017298, -0.003965, 0.007631], [0.000417, 0.003908, 0.001591, -0.064494, 0.002457, -0.006689, -0.077487, -0.000741, -0.003001, -0.007897, -0.047427, 0.11296, -0.006311, -0.005744, -0.0, 0.0, 0.0, -0.0, -0.0, -0.0, 0.0, 0.0, 0.0, 0.0, 1.0, 0.0, 0.0, 0.0, -0.013685, -0.140672, -0.059323, -0.154073, 0.119999, -0.016158, -0.019353, -0.003615, -0.007629, -0.083774, 0.184303, -0.022707, -0.054218, 0.018164, -4e-06, -0.005314, -0.015123, 0.00079, 0.006474, -0.002508, 0.027903, 0.032887, -0.014937, 0.003824, -0.000487, 0.000185, -0.004231, 0.003793, 