{"HF": -273.75182433091, "coordinates": [[-0.104482274, 1.57233177, -0.013222388], [0.014176333, 0.04437102, 0.00684178], [0.819169988, -0.53810981, -1.186957334], [1.588127671, -1.753700398, -0.619507075], [1.61886791, -1.485254823, 0.873308817], [2.484528399, -2.283067126, 1.796391082], [0.76158764, -0.515096096, 1.197383291], [0.886219218, 2.039909256, 0.010011276], [-0.618812955, 1.916222542, -0.917314002], [-0.669132217, 1.940401083, 0.85029854], [-1.007617639, -0.368331674, 0.000408124], [0.18634651, -0.790285033, -2.042407844], [1.536583502, 0.217165105, -1.52839018], [1.067605336, -2.701412006, -0.8233035], [2.590696072, -1.861404659, -1.051619232], [3.54503714, -2.184971779, 1.530245374], [2.364781174, -1.970105956, 2.837347255], [2.2492579, -3.353757434, 1.734444682], [0.575526731, -0.170127542, 2.210531763]], "elements": ["C", "C", "C", "C", "C", "C", "C", "H", "H", "H", "H", "H", "H", "H", "H", "H", "H", "H", "H"], "Enn": 302.687239594, "S": [[1.0, 0.325565, 0.151774, -0.0, -0.0, 0.0, -0.0, -0.0, 0.0, -0.0, 0.0, 0.0, -0.0, 0.0, 0.0, 0.014437, 0.052115, -0.000244, -0.001441, 0.018551, -0.001404, -0.008305, 0.106938, -0.008793, 3.1e-05, -0.000398, -0.015052, -0.002352, 0.0, 4.7e-05, 0.00725, 8e-06, -6e-06, 1.4e-05, 0.008312, -0.006541, 0.014946, -0.0, -0.0, 1e-06, -1e-06, -1e-06, 0.0, 0.0, 0.000228, 0.0, -0.0, 0.0, 7.7e-05, -0.000216, 0.000424, 0.0, 0.0, 0.0, 0.0, 0.0, 0.0, 0.0, 0.000391, -0.0, -0.0, 0.0, -0.000212, -0.000411, 0.00073, 0.0, 0.0, 0.0, 0.0, 0.0, 0.0, 0.0, 2e-06, 0.0, 0.0, 0.0, -1e-06, -1e-06, 2e-06, 0.0, 0.0, 0.0, 0.0, 0.0, 0.0, 5.5e-05, 0.007628, -1e-05, -7e-06, 1.6e-05, -0.009095, -0.006506, 0.015682, -0.0, 1e-06, -1e-06, -1e-06, -1e-06, 0.049644, 0.086667, -0.001724, -0.073506, -0.034693, 0.049679, 0.086684, 0.067159, 0.038206, -0.025545, 0.049695, 0.086692, -0.064178, 0.041965, -0.027355, 0.000368, 0.020619, -0.0, 1.9e-05, 4.2e-05, 0.0, 0.002265, 0.0, -0.0, 0.0, 1.5e-05, 0.007955, 0.0, -0.0, 0.0, 0.0, 2.6e-05, 0.0, 0.0, 0.0, 0.0, 2.8e-05, 0.0, 0.0, 0.0, 0.0, 0.0, 0.0, 0.0, 0.0, 0.0, 2e-06, 0.0, 0.0, 0.0, 0.0, 0.0, 0.0, 0.0, 0.0, 1e-06, 0.004002, -0.0, -0.0, 0.0], [0.325565, 1.0, 0.798485, -0.0, 0.0, 0.0, 0.0, 0.0, 0.0, 0.0, 0.0, 0.0, -0.0, -0.0, 0.014437, 0.184875, 0.348662, -0.002759, -0.016318, 0.210122, -0.007163, -0.042363, 0.545512, -0.084165, 0.000296, -0.003807, -0.144079, -0.022514, 4.7e-05, 0.0082, 0.075551, 0.00416, -0.003274, 0.00748, 0.075504, -0.059417, 0.13576, -0.001448, -0.002132, 0.004871, -0.00354, -0.003833, 0.0, 3.5e-05, 0.005157, 4e-06, -1.1e-05, 2.1e-05, 0.001926, -0.005377, 0.010565, -5e-06, -1e-06, 3e-06, -6e-06, -8e-06, 0.0, 8.1e-05, 0.007848, -1.5e-05, -2.9e-05, 5.2e-05, -0.004508, -0.008763, 0.015548, -1.3e-05, 6e-06, -1.2e-05, -1.4e-05, -2.2e-05, 0.0, 0.0, 0.000125, -0.0, -0.0, 0.0, -8.9e-05, -0.000127, 0.000189, -0.0, 0.0, -0.0, -0.0, -0.0, 5.5e-05, 0.008886, 0.078588, -0.00471, -0.00337, 0.008122, -0.081393, -0.058229, 0.140344, -0.001375, 0.002294, -0.005529, -0.003946, -0.003956, 0.366164, 0.519932, -0.007646, -0.326044, -0.153882, 0.366304, 0.520015, 0.297677, 0.169346, -0.113228, 0.366364, 0.520051, -0.284374, 0.18595, -0.121212, 0.026285, 0.167938, -0.000177, 0.011721, 0.025185, 0.000508, 0.029517, 0.000182, -2.6e-05, 0.000212, 0.004764, 0.079348, 0.002302, -0.002493, 0.002059, 0.0, 0.00088, 0.0, -0.0, 0.0, 0.0, 0.000929, 0.0, -0.0, 0.0, 0.0, 3.6e-05, 0.0, 0.0, 0.0, 0.0, 0.000101, -0.0, -0.0, 0.0, 0.0, 1.3e-05, 0.0, 0.0, 0.0, 0.001399, 0.046199, -0.000719, -0.00022, 0.000563], [0.151774, 0.798485, 1.0, 0.0, -0.0, -0.0, 0.0, 0.0, -0.0, -0.0, 0.0, 0.0, -0.0, 0.0, 0.052115, 0.348662, 0.57749, -0.002629, -0.015551, 0.200245, -0.007539, -0.044585, 0.574114, -0.034554, 0.000121, -0.001563, -0.059151, -0.009243, 0.00725, 0.075551, 0.209627, 0.029291, -0.02305, 0.052667, 0.148099, -0.116544, 0.266291, -0.00658, -0.009684, 0.022127, -0.016082, -0.017412, 0.000228, 0.005157, 0.035396, 0.000833, -0.002325, 0.004569, 0.011267, -0.031456, 0.061812, -0.001599, -0.000431, 0.000847, -0.001721, -0.002364, 0.000391, 0.007848, 0.046749, -0.001915, -0.003723, 0.006605, -0.02223, -0.043214, 0.076671, -0.002102, 0.001035, -0.001836, -0.002161, -0.00357, 2e-06, 0.000125, 0.003009, -4.5e-05, -6.5e-05, 9.7e-05, -0.002365, -0.003384, 0.00504, -2.6e-05, 2.8e-05, -4.2e-05, -2.5e-05, -6.1e-05, 0.007628, 0.078588, 0.215175, -0.031529, -0.022556, 0.054365, -0.157109, -0.112396, 0.2709, -0.00587, 0.009796, -0.02361, -0.016851, -0.01689, 0.453373, 0.762133, -0.003953, -0.168538, -0.079544, 0.453453, 0.762215, 0.153834, 0.087515, -0.058514, 0.453488, 0.762251, -0.146943, 0.096085, -0.062633, 0.130396, 0.355591, -0.000596, 0.039498, 0.084873, 0.019367, 0.110051, 0.010978, -0.001573, 0.012782, 0.057219, 0.214438, 0.026909, -0.029145, 0.024068, 0.000421, 0.010291, 6.4e-05, -9.3e-05, 0.000339, 0.000447, 0.010674, 8.8e-05, -0.000228, 0.000291, 1.3e-05, 0.001202, -3e-06, -6e-06, 6e-06, 4e-05, 0.002389, -1.7e-05, -1.5e-05, 2.1e-05, 4e-06, 0.000605, -1e-06, -1e-06, 3e-06, 0.031625, 0.148882, -0.020615, -0.006304, 0.016153], [-0.0, -0.0, 0.0, 1.0, 0.0, 0.0, 0.531899, 0.0, 0.0, 0.0, 0.0, -0.0, -0.0, -0.0, 0.000244, 0.002759, 0.002629, 0.066129, -0.00033, 0.004249, 0.191423, -0.000396, 0.005098, -0.003964, -0.008327, 0.107221, -0.004, -0.000625, -8e-06, -0.00416, -0.029291, -0.001453, 0.00181, -0.004137, -0.005576, 0.027439, -0.062694, 0.001435, 0.000868, -0.001982, 0.002095, 0.002268, -0.0, -4e-06, -0.000833, 0.0, 1e-06, -2e-06, 0.000756, 0.000974, -0.001914, 0.0, -0.0, 0.0, 0.0, 0.0, 0.0, 1.5e-05, 0.001915, -1e-06, -5e-06, 8e-06, 0.000598, -0.00242, 0.004294, -2e-06, 0.0, -1e-06, -2e-06, -3e-06, 0.0, 0.0, 4.5e-05, -0.0, -0.0, 0.0, -2.2e-05, -4.8e-05, 7.2e-05, 0.0, 0.0, 0.0, 0.0, 0.0, 1e-05, 0.00471, 0.031529, -0.001787, -0.001955, 0.004713, -0.008191, -0.027852, 0.06713, -0.001537, 0.001012, -0.00244, -0.002465, -0.002471, 0.008273, 0.004423, 0.201526, -0.011666, -0.005506, -0.322089, -0.17216, -0.212615, -0.235827, 0.157678, 0.3077, 0.164446, -0.176296, 0.247348, -0.161235, 0.000199, 0.000765, 0.003579, 0.000103, 0.000221, -0.000296, -0.01748, -7.3e-05, 1.2e-05, -9.4e-05, -0.002994, -0.037872, -0.001142, 0.001522, -0.001257, -0.0, -0.00016, -0.0, 0.0, -0.0, -0.0, -0.000218, -0.0, 0.0, -0.0, 0.0, 1e-05, 0.0, 0.0, 0.0, 0.0, 5.6e-05, 0.0, 0.0, 0.0, 0.0, 4e-06, 0.0, 0.0, 0.0, 0.001055, 0.031032, -0.000422, -0.000141, 0.000362], [-0.0, 0.0, -0.0, 0.0, 1.0, 0.0, 0.0, 0.531899, 0.0, -0.0, 0.0, -0.0, 0.0, -0.0, 0.001441, 0.016318, 0.015551, -0.00033, 0.064233, 0.02513, -0.000396, 0.189149, 0.030148, -0.009008, -0.001361, -0.000625, -0.031992, 0.10363, 6e-06, 0.003274, 0.02305, 0.00181, -0.000577, 0.003255, 0.027439, 0.0077, 0.049336, -0.000447, -0.000492, 0.002268, -0.002042, -0.000885, 0.0, 1.1e-05, 0.002325, 1e-06, -2e-06, 5e-06, 0.000974, -0.001615, 0.005344, -1e-06, -0.0, 0.0, -1e-06, -1e-06, 0.0, 2.9e-05, 0.003723, -5e-06, -8e-06, 1.6e-05, -0.00242, -0.002862, 0.008348, -3e-06, 1e-06, -3e-06, -4e-06, -4e-06, 0.0, 0.0, 6.5e-05, -0.0, -0.0, 0.0, -4.8e-05, -5.7e-05, 0.000103, 0.0, 0.0, 0.0, 0.0, 0.0, 7e-06, 0.00337, 0.022556, -0.001955, -0.000452, 0.003372, -0.027852, 0.010816, 0.048025, -0.000371, 0.000437, -0.002471, -0.002184, -0.000754, 0.352769, 0.188619, -0.011666, -0.29565, -0.234779, -0.183234, -0.09794, -0.235827, 0.067762, 0.089702, -0.201203, -0.10753, 0.247348, 0.040235, 0.10543, -0.013175, -0.050687, 0.000103, -0.003231, -0.014638, 4.2e-05, 0.002505, 1.2e-05, 7e-06, 1.4e-05, 0.003243, 0.041019, 0.001522, -0.001385, 0.001361, 0.0, 0.000232, 0.0, -0.0, 0.0, 0.0, 0.000566, 0.0, -0.0, 0.0, 0.0, 2.4e-05, 0.0, 0.0, 0.0, 0.0, 4.8e-05, 0.0, 0.0, 0.0, 0.0, 5e-06, 0.0, 0.0, 0.0, 0.000323, 0.009489, -0.000141, -3e-06, 0.000111], [0.0, 0.0, -0.0, 0.0, 0.0, 1.0, 0.0, 0.0, 0.531899, 0.0, -0.0, 0.0, 0.0, 0.0, -0.018551, -0.210122, -0.200245, 0.004249, 0.02513, -0.257418, 0.005098, 0.030148, -0.196722, 0.11599, -0.000625, 0.00664, 0.197309, 0.039267, -1.4e-05, -0.00748, -0.052667, -0.004137, 0.003255, -0.00659, -0.062694, 0.049336, -0.083436, 0.001022, 0.002268, -0.004682, 0.002867, 0.003684, -0.0, -2.1e-05, -0.004569, -2e-06, 5e-06, -1e-05, -0.001914, 0.005344, -0.009397, 2e-06, 0.0, -1e-06, 2e-06, 3e-06, -0.0, -5.2e-05, -0.006605, 8e-06, 1.6e-05, -2.7e-05, 0.004294, 0.008348, -0.012968, 5e-06, -3e-06, 5e-06, 5e-06, 9e-06, 0.0, -0.0, -9.7e-05, 0.0, 0.0, -0.0, 7.2e-05, 0.000103, -0.000141, 0.0, 0.0, 0.0, 0.0, 0.0, -1.6e-05, -0.008122, -0.054365, 0.004713, 0.003372, -0.00718, 0.06713, 0.048025, -0.08501, 0.000895, -0.002471, 0.005368, 0.003237, 0.00384, 0.166495, 0.089022, -0.005506, -0.234779, 0.090992, 0.122513, 0.065485, 0.157678, 0.089702, 0.141945, 0.131155, 0.070094, -0.161235, 0.10543, 0.133249, -0.028311, -0.108918, 0.000221, -0.014638, -0.027873, -0.000345, -0.020352, -9.4e-05, 1.4e-05, -0.000101, -0.002678, -0.033873, -0.001257, 0.001361, -0.000861, -0.0, -0.000846, -0.0, 0.0, -0.0, -0.0, -0.000721, -0.0, 0.0, -0.0, 0.0, -2.5e-05, 0.0, 0.0, 0.0, -0.0, -6.9e-05, 0.0, 0.0, 0.0, 0.0, -1.1e-05, 0.0, 0.0, 0.0, -0.000827, -0.024315, 0.000362, 0.000111, -0.000243], [-0.0, 0.0, 0.0, 0.531899, 0.0, 0.0, 1.0, 0.0, 0.0, -0.0, 0.0, 0.0, 0.0, 0.0, 0.001404, 0.007163, 0.007539, 0.191423, -0.000396, 0.005098, 0.526946, -0.000684, 0.00881, -0.003035, -0.010108, 0.130156, -0.001817, -0.000284, -0.008312, -0.075504, -0.148099, -0.005576, 0.027439, -0.062694, 0.040219, 0.095544, -0.218306, 0.025132, 0.002828, -0.006461, 0.022651, 0.024525, -7.7e-05, -0.001926, -0.011267, 0.000756, 0.000974, -0.001914, 0.01623, 0.011358, -0.022319, 0.00101, -0.000403, 0.000792, 0.000817, 0.001122, 0.000212, 0.004508, 0.02223, 0.000598, -0.00242, 0.004294, 0.016047, -0.023392, 0.041502, -0.002193, -0.000299, 0.000531, -0.001603, -0.002649, 1e-06, 8.9e-05, 0.002365, -2.2e-05, -4.8e-05, 7.2e-05, -0.000899, -0.002924, 0.004355, -2.7e-05, 1.5e-05, -2.2e-05, -1.9e-05, -4.7e-05, 0.009095, 0.081393, 0.157109, -0.008191, -0.027852, 0.06713, 0.033476, -0.09526, 0.229598, -0.025802, 0.00365, -0.008797, -0.024634, -0.024691, 0.011979, 0.011285, 0.26598, -0.005609, -0.002647, -0.466238, -0.439199, 0.066941, -0.11334, 0.075781, 0.445354, 0.419511, 0.084429, 0.118856, -0.077476, 0.001714, 0.00292, 0.056573, 0.000638, 0.001371, -0.029665, -0.123361, -0.014482, 0.002825, -0.022948, -0.075138, -0.188553, -0.022331, 0.046128, -0.038092, -0.00016, -0.003865, 1.7e-05, 3.7e-05, -0.000135, -0.000219, -0.005153, 1e-06, 0.000117, -0.000149, 6e-06, 0.000734, -1e-06, -3e-06, 3e-06, 4e-05, 0.002835, -1.4e-05, -1.4e-05, 2e-05, 2e-06, 0.000398, -0.0, -1e-06, 1e-06, 0.056498, 0.187021, -0.03407, -0.013371, 0.034263], [-0.0, 0.0, 0.0, 0.0, 0.531899, 0.0, 0.0, 1.0, 0.0, 0.0, -0.0, 0.0, 0.0, 0.0, 0.008305, 0.042363, 0.044585, -0.000396, 0.189149, 0.030148, -0.000684, 0.523015, 0.052104, -0.000438, -0.001688, -0.000284, -0.020855, 0.128525, 0.006541, 0.059417, 0.116544, 0.027439, 0.0077, 0.049336, 0.095544, 0.086445, 0.171793, -0.001051, 0.003006, 0.024525, -0.028637, 0.005404, 0.000216, 0.005377, 0.031456, 0.000974, -0.001615, 0.005344, 0.011358, -0.01141, 0.062309, -0.001768, -0.000353, 0.001122, -0.002888, -0.001939, 0.000411, 0.008763, 0.043214, -0.00242, -0.002862, 0.008348, -0.023392, -0.017392, 0.080677, -0.002415, 0.000944, -0.002649, -0.004183, -0.003255, 1e-06, 0.000127, 0.003384, -4.8e-05, -5.7e-05, 0.000103, -0.002924, -0.003039, 0.006231, -2.5e-05, 2.7e-05, -4.7e-05, -3.5e-05, -5.7e-05, 0.006506, 0.058229, 0.112396, -0.027852, 0.010816, 0.048025, -0.09526, 0.098482, 0.164255, 2.2e-05, -0.00467, -0.024691, -0.028293, 0.008053, 0.5108, 0.481217, -0.005609, 0.026936, -0.112883, -0.265239, -0.249857, -0.11334, 0.201692, 0.043111, -0.291214, -0.274315, 0.118856, 0.188476, 0.050661, -0.113552, -0.193466, 0.000638, 0.01432, -0.090815, 0.004252, 0.01768, 0.002825, 0.004822, 0.003289, 0.081381, 0.20422, 0.046128, -0.029702, 0.041257, 0.000231, 0.005593, 3.7e-05, -1.1e-05, 0.000195, 0.000568, 0.013375, 0.000117, -0.000259, 0.000388, 1.5e-05, 0.001736, -3e-06, -6e-06, 7e-06, 3.5e-05, 0.002456, -1.4e-05, -1e-05, 1.8e-05, 3e-06, 0.000536, -1e-06, -1e-06, 1e-06, 0.017277, 0.05719, -0.013371, 0.005567, 0.010477], [0.0, 0.0, -0.0, 0.0, 0.0, 0.531899, 0.0, 0.0, 1.0, 0.0, 0.0, -0.0, 0.0, 0.0, -0.106938, -0.545512, -0.574114, 0.005098, 0.030148, -0.196722, 0.00881, 0.052104, -0.143877, 0.005641, -0.000284, 0.001946, 0.00814, 0.011506, -0.014946, -0.13576, -0.266291, -0.062694, 0.049336, -0.083436, -0.218306, 0.171793, -0.230896, 0.002401, 0.024525, -0.042297, 0.016025, 0.033285, -0.000424, -0.010565, -0.061812, -0.001914, 0.005344, -0.009397, -0.022319, 0.062309, -0.102141, 0.003475, 0.001122, -0.001987, 0.003288, 0.005548, -0.00073, -0.015548, -0.076671, 0.004294, 0.008348, -0.012968, 0.041502, 0.080677, -0.115058, 0.004285, -0.002649, 0.00415, 0.003636, 0.008068, -2e-06, -0.000189, -0.00504, 7.2e-05, 0.000103, -0.000141, 0.004355, 0.006231, -0.008134, 3.8e-05, -4.7e-05, 6.6e-05, 3e-05, 9.4e-05, -0.015682, -0.140344, -0.2709, 0.06713, 0.048025, -0.08501, 0.229598, 0.164255, -0.229261, -5.3e-05, -0.024691, 0.044597, 0.016758, 0.031905, 0.24108, 0.227118, -0.002647, -0.112883, 0.212835, 0.177344, 0.167059, 0.075781, 0.043111, 0.237345, 0.189829, 0.178813, -0.077476, 0.050661, 0.233171, -0.244001, -0.415722, 0.001371, -0.090815, -0.138561, -0.03454, -0.143631, -0.022948, 0.003289, -0.021491, -0.067203, -0.168642, -0.038092, 0.041257, -0.013811, -0.000843, -0.020392, -0.000135, 0.000195, -0.000668, -0.000724, -0.01704, -0.000149, 0.000388, -0.000448, -1.5e-05, -0.001787, 3e-06, 7e-06, -6e-06, -5e-05, -0.003523, 2e-05, 1.8e-05, -2.3e-05, -6e-06, -0.001122, 1e-06, 1e-06, -3e-06, -0.04427, -0.146544, 0.034263, 0.010477, -0.017191], [-0.0, 0.0, -0.0, 0.0, -0.0, 0.0, -0.0, 0.0, 0.0, 1.0, 0.0, 0.0, 0.0, 0.0, -0.008793, -0.084165, -0.034554, 0.003964, 0.009008, -0.11599, 0.003035, 0.000438, -0.005641, 0.087615, -0.000597, 0.007681, 0.090398, 0.014125, -0.0, -0.001448, -0.00658, -0.001435, 0.000447, -0.001022, -0.025132, 0.001051, -0.002401, -0.000347, 0.000592, -0.001353, 0.000348, 0.000377, 0.0, -5e-06, -0.001599, -0.0, 1e-06, -2e-06, -0.00101, 0.001768, -0.003475, 0.0, 0.0, -0.0, 0.0, 0.0, 0.0, -1.3e-05, -0.002102, 2e-06, 3e-06, -5e-06, 0.002193, 0.002415, -0.004285, 0.0, -0.0, 1e-06, 1e-06, 1e-06, 0.0, -0.0, -2.6e-05, 0.0, 0.0, 0.0, 2.7e-05, 2.5e-05, -3.8e-05, 0.0, 0.0, 0.0, 0.0, 0.0, -0.0, -0.001375, -0.00587, 0.001537, 0.000371, -0.000895, 0.025802, -2.2e-05, 5.3e-05, -0.000521, -0.000594, 0.001432, 0.000276, 0.000276, -0.15004, -0.02452, 0.015148, 0.123999, 0.058523, 0.156759, 0.025608, -0.033627, 0.252018, -0.168504, 0.129881, 0.021213, 0.07873, 0.246283, -0.16054, -0.013861, -0.026108, 0.000163, -0.007023, -0.01509, 3.8e-05, 0.00205, 3e-06, -1e-06, 9e-06, 1.9e-05, 0.000151, -0.000165, -0.000102, 8.4e-05, -0.0, -0.000276, 0.0, 0.0, 0.0, -0.0, -0.00027, 0.0, 0.0, 0.0, 0.0, -9e-06, 0.0, 0.0, 0.0, 0.0, -3e-06, 0.0, 0.0, 0.0, 0.0, -3e-06, 0.0, 0.0, 0.0, 0.000372, 0.008465, -8.9e-05, -3.9e-05, 0.0001], [0.0, 0.0, 0.0, 0.0, 0.0, -0.0, 0.0, -0.0, 0.0, 0.0, 1.0, 0.0, 0.0, 0.0, 3.1e-05, 0.000296, 0.000121, 0.008327, 0.001361, 0.000625, 0.010108, 0.001688, 0.000284, -0.000597, 0.033447, 0.01805, -0.001024, 0.002933, -0.0, -0.002132, -0.009684, -0.000868, 0.000492, -0.002268, -0.002828, -0.003006, -0.024525, 0.000592, 0.000301, -0.001166, 0.001357, 0.000725, 0.0, -1e-06, -0.000431, 0.0, 0.0, -0.0, 0.000403, 0.000353, -0.001122, 0.0, 0.0, -0.0, 0.0, 0.0, 0.0, 6e-06, 0.001035, -0.0, -1e-06, 3e-06, 0.000299, -0.000944, 0.002649, -0.0, 0.0, -0.0, -0.0, -0.0, 0.0, 0.0, 2.8e-05, 0.0, 0.0, 0.0, -1.5e-05, -2.7e-05, 4.7e-05, 0.0, 0.0, 0.0, 0.0, 0.0, 1e-06, 0.002294, 0.009796, -0.001012, -0.000437, 0.002471, -0.00365, 0.00467, 0.024691, -0.000594, 0.000305, -0.001377, -0.001541, -0.00069, 0.009978, 0.001631, 0.30087, -0.012748, -0.009352, 0.201691, 0.032947, 0.209013, -0.067215, -0.139049, -0.211542, -0.03455, 0.194308, 0.023439, 0.156099, -0.000129, -0.000243, -0.002193, -4.4e-05, -0.000166, -3e-05, -0.001631, -5e-06, -2e-06, -6e-06, -0.002617, -0.021028, -0.000899, 0.001, -0.000949, -0.0, -4.9e-05, 0.0, 0.0, 0.0, -0.0, -0.000155, 0.0, 0.0, 0.0, 0.0, 8e-06, 0.0, 0.0, 0.0, 0.0, 3.2e-05, 0.0, 0.0, 0.0, 0.0, 2e-06, 0.0, 0.0, 0.0, 0.000305, 0.006938, -8.7e-05, -7e-06, 7.4e-05], [0.0, 0.0, 0.0, -0.0, -0.0, 0.0, 0.0, 0.0, -0.0, 0.0, 0.0, 1.0, 0.0, 0.0, -0.000398, -0.003807, -0.001563, -0.107221, 0.000625, -0.00664, -0.130156, 0.000284, -0.001946, 0.007681, 0.01805, -0.197586, 0.007073, 0.001345, 1e-06, 0.004871, 0.022127, 0.001982, -0.002268, 0.004682, 0.006461, -0.024525, 0.042297, -0.001353, -0.001166, 0.002454, -0.002091, -0.002589, 0.0, 3e-06, 0.000847, -0.0, -0.0, 1e-06, -0.000792, -0.001122, 0.001987, -0.0, -0.0, 0.0, -0.0, -0.0, 0.0, -1.2e-05, -0.001836, 1e-06, 3e-06, -5e-06, -0.000531, 0.002649, -0.00415, 1e-06, -0.0, 0.0, 0.0, 1e-06, 0.0, -0.0, -4.2e-05, 0.0, 0.0, 0.0, 2.2e-05, 4.7e-05, -6.6e-05, 0.0, 0.0, 0.0, 0.0, 0.0, -1e-06, -0.005529, -0.02361, 0.00244, 0.002471, -0.005368, 0.008797, 0.024691, -0.044597, 0.001432, -0.001377, 0.003051, 0.002507, 0.002868, 0.004709, 0.00077, 0.142001, -0.009352, 0.002653, -0.134854, -0.022029, -0.13975, -0.139049, -0.182209, 0.137895, 0.022522, -0.12666, 0.156099, 0.161154, -0.000277, -0.000522, -0.004712, -0.000166, -0.000323, 0.000246, 0.013254, 3.7e-05, -6e-06, 4.4e-05, 0.002161, 0.017364, 0.000743, -0.000949, 0.000634, 0.0, 0.00018, 0.0, 0.0, 0.0, 0.0, 0.000197, 0.0, 0.0, 0.0, 0.0, -8e-06, 0.0, 0.0, 0.0, 0.0, -4.5e-05, 0.0, 0.0, 0.0, 0.0, -4e-06, 0.0, 0.0, 0.0, -0.000781, -0.017777, 0.000223, 7.4e-05, -0.000167], [-0.0, -0.0, -0.0, -0.0, 0.0, 0.0, 0.0, 0.0, 0.0, 0.0, 0.0, 0.0, 1.0, 0.0, -0.015052, -0.144079, -0.059151, 0.004, 0.031992, -0.197309, 0.001817, 0.020855, -0.00814, 0.090398, -0.001024, 0.007073, 0.184136, 0.059902, -1e-06, -0.00354, -0.016082, -0.002095, 0.002042, -0.002867, -0.022651, 0.028637, -0.016025, 0.000348, 0.001357, -0.002091, 0.000877, 0.002042, 0.0, -6e-06, -0.001721, -0.0, 1e-06, -2e-06, -0.000817, 0.002888, -0.003288, 0.0, 0.0, -0.0, 0.0, 0.0, 0.0, -1.4e-05, -0.002161, 2e-06, 4e-06, -5e-06, 0.001603, 0.004183, -0.003636, 1e-06, -0.0, 0.0, 0.0, 1e-06, 0.0, -0.0, -2.5e-05, 0.0, 0.0, 0.0, 1.9e-05, 3.5e-05, -3e-05, 0.0, 0.0, 0.0, 0.0, 0.0, -1e-06, -0.003946, -0.016851, 0.002465, 0.002184, -0.003237, 0.024634, 0.028293, -0.016758, 0.000276, -0.001541, 0.002507, 0.001084, 0.002226, 0.165341, 0.027021, -0.007701, -0.027027, -0.297195, 0.031723, 0.005182, 0.057497, -0.123838, -0.126541, 0.039775, 0.006496, -0.068858, -0.126888, -0.141413, -0.015462, -0.029122, 0.00014, -0.01144, -0.015154, -0.000141, -0.007599, -2.3e-05, 4e-06, -2.3e-05, 0.000451, 0.003622, 0.000183, -3.6e-05, 0.000297, -0.0, -0.00044, 0.0, 0.0, 0.0, -0.0, -0.000125, 0.0, 0.0, 0.0, 0.0, -1e-06, 0.0, 0.0, 0.0, 0.0, -1.5e-05, 0.0, 0.0, 0.0, 0.0, -4e-06, 0.0, 0.0, 0.0, -0.00026, -0.005904, 8e-05, 3.1e-05, -4.6e-05], [0.0, -0.0, 0.0, -0.0, -0.0, 0.0, 0.0, 0.0, 0.0, 0.0, 0.0, 0.0, 0.0, 1.0, -0.002352, -0.022514, -0.009243, 0.000625, -0.10363, -0.039267, 0.000284, -0.128525, -0.011506, 0.014125, 0.002933, 0.001345, 0.059902, -0.189857, -1e-06, -0.003833, -0.017412, -0.002268, 0.000885, -0.003684, -0.024525, -0.005404, -0.033285, 0.000377, 0.000725, -0.002589, 0.002042, 0.001201, 0.0, -8e-06, -0.002364, -0.0, 1e-06, -3e-06, -0.001122, 0.001939, -0.005548, 0.0, 0.0, -0.0, 0.0, 0.0, 0.0, -2.2e-05, -0.00357, 3e-06, 4e-06, -9e-06, 0.002649, 0.003255, -0.008068, 1e-06, -0.0, 1e-06, 1e-06, 1e-06, 0.0, -0.0, -6.1e-05, 0.0, 0.0, 0.0, 4.7e-05, 5.7e-05, -9.4e-05, 0.0, 0.0, 0.0, 0.0, 0.0, -1e-06, -0.003956, -0.01689, 0.002471, 0.000754, -0.00384, 0.024691, -0.008053, -0.031905, 0.000276, -0.00069, 0.002868, 0.002226, 0.001094, 0.200799, 0.032816, -0.009352, -0.25656, 0.113124, -0.076717, -0.012532, -0.139049, 0.025567, -0.103657, -0.090168, -0.014727, 0.156099, 0.009991, -0.105378, 0.018369, 0.034599, -0.000166, 0.006271, 0.021411, -3.5e-05, -0.0019, -6e-06, -3e-06, -6e-06, -0.002341, -0.018807, -0.000949, 0.000894, -0.000687, -0.0, -0.000261, 0.0, 0.0, 0.0, -0.0, -0.000512, 0.0, 0.0, 0.0, 0.0, -2e-05, 0.0, 0.0, 0.0, 0.0, -3.9e-05, 0.0, 0.0, 0.0, 0.0, -5e-06, 0.0, 0.0, 0.0, -0.000239, -0.005436, 7.4e-05, 5e-06, -5.1e-05], [0.0, 0.014437, 0.052115, 0.000244, 0.001441, -0.018551, 0.001404, 0.008305, -0.106938, -0.008793, 3.1e-05, -0.000398, -0.015052, -0.002352, 1.0, 0.325565, 0.151774, 0.0, 0.0, 0.0, 0.0, 0.0, 0.0, -0.0, 0.0, 0.0, -0.0, 0.0, 0.0, 0.013276, 0.050635, 0.012972, -0.008747, 0.006329, 0.080802, -0.054486, 0.039425, 0.005982, -0.01069, 0.007735, 0.001717, -0.005216, 0.0, 0.000102, 0.009448, 1.1e-05, -2.8e-05, 3.2e-05, 0.006033, -0.015159, 0.017318, -2e-06, -2e-06, 2e-06, -1e-06, -5e-06, 0.0, 0.000181, 0.011527, -3.3e-05, -6.1e-05, 5.8e-05, -0.010513, -0.01947, 0.018559, -5e-06, 6e-06, -6e-06, 1e-06, -1.1e-05, 0.0, 0.0, 0.000188, -0.0, -0.0, 0.0, -0.000182, -0.000251, 0.000237, 0.0, 0.0, 0.0, 0.0, 0.0, 0.0, 0.015633, 0.05356, -0.016061, -0.010083, 0.007548, -0.086013, -0.053998, 0.04042, 0.008509, 0.01336, -0.010001, 0.001844, -0.006278, 0.000292, 0.019259, -0.0, -1.3e-05, -2.9e-05, 0.000285, 0.01913, 1.3e-05, 9e-06, -2.6e-05, 0.000279, 0.019011, -1.1e-05, 9e-06, -2.6e-05, 0.04864, 0.086161, 0.000462, 0.073299, 0.029605, 0.000224, 0.017819, 1.9e-05, -2e-06, 8e-06, 0.000308, 0.019574, 2.5e-05, -2.4e-05, -3e-06, 0.0, 0.002737, 0.0, -0.0, 0.0, 0.0, 0.001145, 0.0, 0.0, 0.0, 0.0, 3.3e-05, 0.0, 0.0, 0.0, 0.0, 8.2e-05, 0.0, 0.0, 0.0, 0.0, 3.6e-05, 0.0, 0.0, 0.0, 0.000147, 0.015744, -1e-05, -3e-06, 1e-06], [0.014437, 0.184875, 0.348662, 0.002759, 0.016318, -0.210122, 0.007163, 0.042363, -0.545512, -0.084165, 0.000296, -0.003807, -0.144079, -0.022514, 0.325565, 1.0, 0.798485, -0.0, 0.0, 0.0, 0.0, 0.0, 0.0, 0.0, 0.0, 0.0, -0.0, 0.0, 0.013276, 0.176653, 0.340962, 0.155487, -0.104847, 0.075866, 0.415676, -0.280296, 0.202818, 0.062859, -0.112323, 0.081275, 0.018042, -0.054805, 0.000102, 0.012459, 0.092769, 0.00361, -0.009072, 0.010364, 0.050715, -0.127442, 0.145589, -0.004878, -0.003382, 0.003863, -0.001296, -0.009708, 0.000181, 0.017057, 0.108235, -0.007201, -0.013336, 0.012712, -0.08339, -0.154439, 0.147214, -0.005134, 0.007245, -0.006906, 0.000613, -0.012789, 0.0, 2.5e-05, 0.004436, -8e-06, -1.1e-05, 1e-05, -0.004801, -0.006628, 0.006245, -1e-06, 4e-06, -4e-06, 0.0, -5e-06, 0.015633, 0.193039, 0.356136, -0.172398, -0.10823, 0.081014, -0.435271, -0.273259, 0.204545, 0.074536, 0.117033, -0.087604, 0.016152, -0.054997, 0.023246, 0.15916, -3.5e-05, -0.009706, -0.02221, 0.022965, 0.158315, 0.01013, 0.006939, -0.020519, 0.022708, 0.157539, -0.009117, 0.007386, -0.020494, 0.362152, 0.517545, 0.00209, 0.331878, 0.134046, 0.020211, 0.149713, 0.019146, -0.001609, 0.007798, 0.023934, 0.161201, 0.017722, -0.017573, -0.001995, 0.000711, 0.034261, 0.000114, -0.000145, 0.000377, 0.000151, 0.017253, 2e-05, -5e-05, 3.7e-05, 0.0, 0.001053, -0.0, -0.0, 0.0, 1e-06, 0.002169, -0.0, -0.0, 0.0, 0.0, 0.001137, -0.0, -0.0, 0.0, 0.016177, 0.135808, -0.015578, -0.003968, 0.001516], [0.052115, 0.348662, 0.57749, 0.002629, 0.015551, -0.200245, 0.007539, 0.044585, -0.574114, -0.034554, 0.000121, -0.001563, -0.059151, -0.009243, 0.151774, 0.798485, 1.0, 0.0, 0.0, 0.0, -0.0, -0.0, -0.0, -0.0, 0.0, 0.0, -0.0, 0.0, 0.050635, 0.340962, 0.569007, 0.152702, -0.102969, 0.074507, 0.441466, -0.297686, 0.215401, 0.026729, -0.047761, 0.034559, 0.007672, -0.023304, 0.009448, 0.092769, 0.240177, 0.019523, -0.049059, 0.056045, 0.0915, -0.22993, 0.26267, -0.016048, -0.011126, 0.01271, -0.004264, -0.031939, 0.011527, 0.108235, 0.266014, -0.031917, -0.059111, 0.056346, -0.141299, -0.261684, 0.249443, -0.013255, 0.018704, -0.017829, 0.001583, -0.033019, 0.000188, 0.004436, 0.032033, -0.00209, -0.002885, 0.002718, -0.029868, -0.041231, 0.038845, -0.000522, 0.001564, -0.001473, 0.000121, -0.002034, 0.05356, 0.356136, 0.585663, -0.159662, -0.100234, 0.075029, -0.454154, -0.285114, 0.213419, 0.029597, 0.046472, -0.034786, 0.006414, -0.021839, 0.122919, 0.342944, -0.00013, -0.035755, -0.081819, 0.122201, 0.341714, 0.03765, 0.025788, -0.076259, 0.121543, 0.340584, -0.03416, 0.027674, -0.076789, 0.451072, 0.759771, 0.001088, 0.172869, 0.069822, 0.114919, 0.329077, 0.078064, -0.006559, 0.031795, 0.124653, 0.345904, 0.063918, -0.063384, -0.007194, 0.022797, 0.121691, 0.005373, -0.006818, 0.01777, 0.010768, 0.076609, 0.003003, -0.007311, 0.005407, 0.000512, 0.011616, -0.00015, -0.000348, 0.000219, 0.001123, 0.018914, -0.000664, -0.000552, 0.000473, 0.000556, 0.012235, -0.000187, -0.000241, 0.000367, 0.103241, 0.308134, -0.074666, -0.01902, 0.007268], [-0.000244, -0.002759, -0.002629, 0.066129, -0.00033, 0.004249, 0.191423, -0.000396, 0.005098, 0.003964, 0.008327, -0.107221, 0.004, 0.000625, 0.0, -0.0, 0.0, 1.0, 0.0, 0.0, 0.531899, 0.0, 0.0, -0.0, -0.0, 0.0, 0.0, -0.0, -0.012972, -0.155487, -0.152702, -0.122538, 0.124398, -0.090013, -0.044235, 0.155452, -0.112482, -0.012222, 0.129647, -0.09381, -0.029232, 0.088794, -1.1e-05, -0.00361, -0.019523, 0.000339, 0.00293, -0.003347, 0.024893, 0.032106, -0.036678, 0.002346, -0.000115, 0.000132, 0.000462, 0.003461, 3.3e-05, 0.007201, 0.031917, -0.001127, -0.006381, 0.006082, 0.015956, -0.054727, 0.052167, -0.004171, 0.001676, -0.001598, 0.000331, -0.006913, 0.0, 8e-06, 0.00209, -2e-06, -3e-06, 3e-06, -0.00161, -0.003493, 0.00329, -0.0, 1e-06, -1e-06, 0.0, -1e-06, 0.016061, 0.172398, 0.159662, -0.139195, -0.131639, 0.098537, -0.045385, -0.151888, 0.113694, 0.021177, 0.139945, -0.104754, 0.027114, -0.09232, 4e-05, 0.000168, 0.002969, -1.9e-05, -4.4e-05, -0.011501, -0.048666, -0.002888, -0.003974, 0.011752, 0.010359, 0.044182, -0.001886, 0.003849, -0.01068, -0.002259, -0.001219, 0.198321, -0.003272, -0.001322, -0.021947, -0.101599, -0.02107, 0.001972, -0.009559, -0.020057, -0.082438, -0.013952, 0.016914, 0.00192, -0.000179, -0.008396, -9e-06, 2.9e-05, -7.5e-05, -3.8e-05, -0.005116, -2e-06, 8e-06, -6e-06, 0.0, 0.000366, -0.0, -0.0, 0.0, 0.0, 0.001475, -0.0, -0.0, 0.0, 0.0, 0.00045, -0.0, -0.0, 0.0, 0.018176, 0.098345, -0.017602, -0.004919, 0.00188], [-0.001441, -0.016318, -0.015551, -0.00033, 0.064233, 0.02513, -0.000396, 0.189149, 0.030148, 0.009008, 0.001361, 0.000625, 0.031992, -0.10363, 0.0, 0.0, 0.0, 0.0, 1.0, 0.0, 0.0, 0.531899, 0.0, 0.0, -0.0, -0.0, -0.0, 0.0, 0.008747, 0.104847, 0.102969, 0.124398, -0.02194, 0.060697, 0.155452, 0.081475, 0.075848, 0.098891, -0.045099, 0.088794, -0.032625, -0.022005, 2.8e-05, 0.009072, 0.049059, 0.00293, -0.005857, 0.00841, 0.032106, -0.04301, 0.092167, -0.003607, -0.002504, 0.003461, -0.002482, -0.007187, 6.1e-05, 0.013336, 0.059111, -0.006381, -0.009499, 0.011265, -0.054727, -0.055849, 0.096614, -0.003846, 0.006043, -0.006913, -0.001626, -0.010667, 0.0, 1.1e-05, 0.002885, -3e-06, -4e-06, 4e-06, -0.003493, -0.003901, 0.004542, -0.0, 1e-06, -1e-06, -0.0, -1e-06, 0.010083, 0.10823, 0.100234, -0.131639, -0.012151, 0.061861, -0.151888, 0.101201, 0.071376, 0.111176, 0.033317, -0.09232, -0.03949, -0.015656, 0.011009, 0.046187, -1.9e-05, -0.002294, -0.012044, -0.007877, -0.033333, -0.003974, 0.000193, 0.00805, -0.008392, -0.035793, 0.003849, -0.000253, 0.008652, -0.358713, -0.193573, -0.003272, -0.321319, -0.209891, 0.001844, 0.008536, 0.001972, 0.002233, 0.000803, 0.019889, 0.081749, 0.016914, -0.013669, -0.001904, 0.000228, 0.010654, 2.9e-05, -2.2e-05, 9.6e-05, 9.2e-05, 0.012455, 8e-06, -1.9e-05, 1.5e-05, 0.0, 0.000848, -0.0, -0.0, 0.0, 0.0, 0.001225, -0.0, -0.0, 0.0, 0.0, 0.000583, -0.0, -0.0, 0.0, 0.00463, 0.025052, -0.004919, 0.000455, 0.000479], [0.018551, 0.210122, 0.200245, 0.004249, 0.02513, -0.257418, 0.005098, 0.030148, -0.196722, -0.11599, 0.000625, -0.00664, -0.197309, -0.039267, 0.0, 0.0, 0.0, 0.0, 0.0, 1.0, 0.0, 0.0, 0.531899, -0.0, -0.0, -0.0, -0.0, -0.0, -0.006329, -0.075866, -0.074507, -0.090013, 0.060697, 0.018024, -0.112482, 0.075848, 0.131416, -0.071556, 0.088794, 0.013365, -0.052133, -0.009012, -3.2e-05, -0.010364, -0.056045, -0.003347, 0.00841, -0.008102, -0.036678, 0.092167, -0.067622, 0.00412, 0.003461, -0.003428, -0.000182, 0.008614, -5.8e-05, -0.012712, -0.056346, 0.006082, 0.011265, -0.008419, 0.052167, 0.096614, -0.046588, 0.003666, -0.006913, 0.00538, -0.002719, 0.009964, -0.0, -1e-05, -0.002718, 3e-06, 4e-06, -3e-06, 0.00329, 0.004542, -0.00336, 0.0, -1e-06, 1e-06, -0.0, 1e-06, -0.007548, -0.081014, -0.075029, 0.098537, 0.061861, 0.024185, 0.113694, 0.071376, 0.143127, -0.08322, -0.09232, -0.020911, -0.055043, -0.013128, 0.025192, 0.105691, -4.4e-05, -0.012044, -0.024593, 0.023294, 0.098572, 0.011752, 0.00805, -0.020889, 0.023286, 0.099317, -0.01068, 0.008652, -0.021142, -0.144884, -0.078184, -0.001322, -0.209891, 0.113567, -0.008939, -0.041381, -0.009559, 0.000803, -0.001494, 0.002257, 0.009279, 0.00192, -0.001904, 0.002888, -0.000593, -0.027769, -7.5e-05, 9.6e-05, -0.000235, -6.8e-05, -0.009212, -6e-06, 1.5e-05, -1e-05, -0.0, -0.000535, 0.0, 0.0, -0.0, -0.0, -0.00105, 0.0, 0.0, -0.0, -0.0, -0.000886, 0.0, 0.0, -0.0, -0.001769, -0.009573, 0.00188, 0.000479, 0.001525], [-0.001404, -0.007163, -0.007539, 0.191423, -0.000396, 0.005098, 0.526946, -0.000684, 0.00881, 0.003035, 0.010108, -0.130156, 0.001817, 0.000284, 0.0, 0.0, -0.0, 0.531899, 0.0, 0.0, 1.0, 0.0, 0.0, 0.0, 0.0, 0.0, 0.0, 0.0, -0.080802, -0.415676, -0.441466, -0.044235, 0.155452, -0.112482, 0.115487, 0.271448, -0.196415, 0.065442, 0.020328, -0.014709, -0.013969, 0.042432, -0.006033, -0.050715, -0.0915, 0.024893, 0.032106, -0.036678, 0.148906, 0.101823, -0.116322, 0.023513, -0.01541, 0.017604, 0.003312, 0.024803, 0.010513, 0.08339, 0.141299, 0.015956, -0.054727, 0.052167, 0.126044, -0.161785, 0.154217, -0.033269, -0.00936, 0.008923, 0.001742, -0.036354, 0.000182, 0.004801, 0.029868, -0.00161, -0.003493, 0.00329, -0.013481, -0.043552, 0.041032, -0.001324, 0.00141, -0.001328, 0.000166, -0.002782, 0.086013, 0.435271, 0.454154, -0.045385, -0.151888, 0.113694, 0.121709, -0.259945, 0.194579, -0.066297, 0.019506, -0.014601, 0.011728, -0.039931, 0.000373, 0.000653, 0.052571, -0.000133, -0.000304, -0.107974, -0.189685, 0.011372, -0.027957, 0.082673, 0.097946, 0.172507, 0.018068, 0.027359, -0.075916, -0.003298, -0.003115, 0.264429, -0.001592, -0.000643, -0.223364, -0.403931, -0.137565, 0.015619, -0.07572, -0.183444, -0.31926, -0.061966, 0.114498, 0.012996, -0.014584, -0.056221, 0.002365, 0.005134, -0.013382, -0.007989, -0.043611, -6.5e-05, 0.006255, -0.004627, 0.000374, 0.008279, -6.1e-05, -0.000268, 0.000169, 0.001681, 0.025965, -0.000927, -0.000891, 0.000764, 0.000466, 0.009926, -0.000105, -0.000213, 0.000325, 0.2128, 0.404758, -0.145811, -0.047918, 0.01831], [-0.008305, -0.042363, -0.044585, -0.000396, 0.189149, 0.030148, -0.000684, 0.523015, 0.052104, 0.000438, 0.001688, 0.000284, 0.020855, -0.128525, 0.0, 0.0, -0.0, 0.0, 0.531899, 0.0, 0.0, 1.0, 0.0, 0.0, 0.0, 0.0, 0.0, 0.0, 0.054486, 0.280296, 0.297686, 0.155452, 0.081475, 0.075848, 0.271448, 0.335002, 0.132445, 0.071291, 0.04018, 0.042432, -0.057217, 0.019605, 0.015159, 0.127442, 0.22993, 0.032106, -0.04301, 0.092167, 0.101823, -0.066444, 0.292305, -0.017431, -0.012141, 0.024803, -0.032372, -0.034853, 0.01947, 0.154439, 0.261684, -0.054727, -0.055849, 0.096614, -0.161785, -0.086224, 0.285609, -0.009733, 0.021964, -0.036354, -0.026726, -0.038775, 0.000251, 0.006628, 0.041231, -0.003493, -0.003901, 0.004542, -0.043552, -0.042052, 0.056642, -0.000565, 0.002424, -0.002782, -0.0005, -0.003153, 0.053998, 0.273259, 0.285114, -0.151888, 0.101201, 0.071376, -0.259945, 0.372581, 0.122155, 0.071773, -0.050937, -0.039931, -0.058105, 0.023937, 0.102562, 0.17968, -0.000133, 0.015962, -0.083774, -0.073956, -0.129922, -0.027957, 0.03304, 0.056626, -0.079349, -0.139753, 0.027359, 0.029675, 0.061502, -0.523799, -0.494668, -0.001592, 0.011614, -0.102116, 0.018766, 0.033937, 0.015619, 0.047032, 0.006362, 0.181911, 0.316593, 0.114498, -0.060045, -0.012887, 0.018507, 0.071343, 0.005134, -0.000104, 0.016981, 0.019448, 0.106158, 0.006255, -0.012722, 0.011263, 0.000867, 0.019188, -0.000268, -0.000566, 0.000392, 0.001396, 0.021563, -0.000891, -0.000594, 0.000634, 0.000603, 0.012842, -0.000213, -0.000216, 0.00042, 0.054207, 0.103105, -0.047918, 0.030094, 0.004664], [0.106938, 0.545512, 0.574114, 0.005098, 0.030148, -0.196722, 0.00881, 0.052104, -0.143877, -0.005641, 0.000284, -0.001946, -0.00814, -0.011506, 0.0, 0.0, -0.0, 0.0, 0.0, 0.531899, 0.0, 0.0, 1.0, 0.0, 0.0, 0.0, 0.0, 0.0, -0.039425, -0.202818, -0.215401, -0.112482, 0.075848, 0.131416, -0.196415, 0.132445, 0.422207, -0.051585, 0.042432, 0.068119, -0.055033, -0.045933, -0.017318, -0.145589, -0.26267, -0.036678, 0.092167, -0.067622, -0.116322, 0.292305, -0.144501, 0.019913, 0.024803, -0.018764, -0.017968, 0.047153, -0.018559, -0.147214, -0.249443, 0.052167, 0.096614, -0.046588, 0.154217, 0.285609, -0.058847, 0.009278, -0.036354, 0.01848, -0.031628, 0.034224, -0.000237, -0.006245, -0.038845, 0.00329, 0.004542, -0.00336, 0.041032, 0.056642, -0.035297, 0.000532, -0.002782, 0.002092, -0.000903, 0.002889, -0.04042, -0.204545, -0.213419, 0.113694, 0.071376, 0.143127, 0.194579, 0.122155, 0.444335, -0.053725, -0.039931, -0.074393, -0.054517, -0.046703, 0.234698, 0.411171, -0.000304, -0.083774, -0.139134, 0.218699, 0.384202, 0.082673, 0.056626, -0.115263, 0.220176, 0.387783, -0.075916, 0.061502, -0.118815, -0.211563, -0.199797, -0.000643, -0.102116, 0.223194, -0.090976, -0.16452, -0.07572, 0.006362, 0.017503, 0.020647, 0.035934, 0.012996, -0.012887, 0.052034, -0.048238, -0.185957, -0.013382, 0.016981, -0.037851, -0.014385, -0.078522, -0.004627, 0.011263, -0.005826, -0.000548, -0.012115, 0.000169, 0.000392, -0.000193, -0.001197, -0.018479, 0.000764, 0.000634, -0.000397, -0.000917, -0.019525, 0.000325, 0.00042, -0.000578, -0.020713, -0.039398, 0.01831, 0.004664, 0.040518], [-0.008793, -0.084165, -0.034554, -0.003964, -0.009008, 0.11599, -0.003035, -0.000438, 0.005641, 0.087615, -0.000597, 0.007681, 0.090398, 0.014125, -0.0, 0.0, -0.0, -0.0, 0.0, -0.0, 0.0, 0.0, 0.0, 1.0, 0.0, 0.0, 0.0, 0.0, 0.005982, 0.062859, 0.026729, 0.012222, -0.098891, 0.071556, -0.065442, -0.071291, 0.051585, -0.095878, -0.083923, 0.060726, 0.037826, -0.114898, -2e-06, -0.004878, -0.016048, -0.002346, 0.003607, -0.00412, -0.023513, 0.017431, -0.019913, 0.001731, 0.00214, -0.002444, 0.000514, 0.003849, -5e-06, -0.005134, -0.013255, 0.004171, 0.003846, -0.003666, 0.033269, 0.009733, -0.009278, 0.000423, -0.00412, 0.003927, -0.000171, 0.003559, 0.0, -1e-06, -0.000522, 0.0, 0.0, -0.0, 0.001324, 0.000565, -0.000532, -0.0, -0.0, 0.0, -0.0, 0.0, 0.008509, 0.074536, 0.029597, -0.021177, -0.111176, 0.08322, 0.066297, -0.071773, 0.053725, -0.099146, 0.100673, -0.075357, 0.036998, -0.125972, -0.012161, -0.025435, 3.1e-05, 0.005614, 0.012848, -0.00554, -0.011708, -0.005174, -0.001474, 0.00436, -0.006557, -0.01399, 0.005194, -0.00202, 0.005604, -0.149309, -0.024704, -0.004137, -0.129236, -0.052199, 0.016297, 0.038397, 0.01576, -0.001767, 0.008568, 0.00631, 0.012875, 0.002494, -0.007851, -0.000891, -0.00017, -0.006867, -1.6e-05, 1.6e-05, -4.1e-05, -2.3e-05, -0.003492, -1e-06, 2e-06, -2e-06, -0.0, -0.000236, 0.0, 0.0, -0.0, 0.0, 0.000269, -0.0, -0.0, 0.0, -0.0, -0.000212, 0.0, 0.0, -0.0, 0.014723, 0.041915, -0.014164, -0.004561, 0.001743], [3.1e-05, 0.000296, 0.000121, -0.008327, -0.001361, -0.000625, -0.010108, -0.001688, -0.000284, -0.000597, 0.033447, 0.01805, -0.001024, 0.002933, 0.0, 0.0, 0.0, -0.0, -0.0, -0.0, 0.0, 0.0, 0.0, 0.0, 1.0, 0.0, 0.0, 0.0, -0.01069, -0.112323, -0.047761, -0.129647, 0.045099, -0.088794, -0.020328, -0.04018, -0.042432, -0.083923, 0.083336, -0.131136, 0.048915, 0.0539, -2e-06, -0.003382, -0.011126, 0.000115, 0.002504, -0.003461, 0.01541, 0.012141, -0.024803, 0.00214, 0.00012, -0.00016, 0.000959, 0.003202, 6e-06, 0.007245, 0.018704, -0.001676, -0.006043, 0.006913, 0.00936, -0.021964, 0.036354, -0.00412, 0.002225, -0.002454, -0.000806, -0.007358, 0.0, 4e-06, 0.001564, -1e-06, -1e-06, 1e-06, -0.00141, -0.002424, 0.002782, -0.0, 0.0, -0.0, -0.0, -0.0, 0.01336, 0.117033, 0.046472, -0.139945, -0.033317, 0.09232, -0.019506, 0.050937, 0.039931, 0.100673, 0.069082, -0.138487, -0.062738, -0.04311, 2.5e-05, 5.1e-05, 0.001684, -7e-06, -3e-05, 0.005112, 0.010803, 0.001721, 0.000252, -0.005905, -0.004961, -0.010584, 0.001304, -0.000521, 0.005771, 0.0028, 0.000463, -0.304703, 0.003804, 0.002312, -0.002596, -0.006117, -0.002815, -0.002789, -0.001251, -0.021592, -0.044051, -0.017799, 0.017599, 0.002353, -7.1e-05, -0.002861, -3e-06, 5e-06, -1.9e-05, -2.7e-05, -0.004108, -1e-06, 3e-06, -2e-06, 0.0, 0.000343, -0.0, -0.0, 0.0, 0.0, 0.000961, -0.0, -0.0, 0.0, 0.0, 0.000269, -0.0, -0.0, 0.0, 0.006747, 0.019208, -0.007083, 0.000215, 0.000743], [-0.000398, -0.003807, -0.001563, 0.107221, -0.000625, 0.00664, 0.130156, -0.000284, 0.001946, 0.007681, 0.01805, -0.197586, 0.007073, 0.001345, 0.0, 0.0, 0.0, 0.0, -0.0, -0.0, 0.0, 0.0, 0.0, 0.0, 0.0, 1.0, 0.0, 0.0, 0.007735, 0.081275, 0.034559, 0.09381, -0.088794, -0.013365, 0.014709, -0.042432, -0.068119, 0.060726, -0.131136, -0.003007, 0.091239, 0.002688, 2e-06, 0.003863, 0.01271, -0.000132, -0.003461, 0.003428, -0.017604, -0.024803, 0.018764, -0.002444, -0.00016, 0.000163, -4.2e-05, -0.003798, -6e-06, -0.006906, -0.017829, 0.001598, 0.006913, -0.00538, -0.008923, 0.036354, -0.01848, 0.003927, -0.002454, 0.00199, -0.001547, 0.006903, 0.0, -4e-06, -0.001473, 1e-06, 1e-06, -1e-06, 0.001328, 0.002782, -0.002092, 0.0, -0.0, 0.0, -0.0, 0.0, -0.010001, -0.087604, -0.034786, 0.104754, 0.09232, 0.020911, 0.014601, 0.039931, 0.074393, -0.075357, -0.138487, -0.012265, -0.097725, -0.010225, 5.6e-05, 0.000118, 0.003854, -3e-05, -6.4e-05, -0.015116, -0.031945, -0.005088, -0.005905, 0.015718, 0.013764, 0.029368, -0.003618, 0.005771, -0.014453, 0.001131, 0.000187, -0.123069, 0.002312, -0.000985, 0.012585, 0.029652, 0.013647, -0.001251, 0.003017, -0.002451, -0.005, -0.00202, 0.002353, -0.002864, 0.000184, 0.007458, 7e-06, -1.9e-05, 4.6e-05, 2e-05, 0.003039, 1e-06, -2e-06, 1e-06, -0.0, -0.000217, 0.0, 0.0, -0.0, -0.0, -0.000824, 0.0, 0.0, -0.0, -0.0, -0.000409, 0.0, 0.0, -0.0, -0.002578, -0.007339, 0.002707, 0.000743, 0.001876], [-0.015052, -0.144079, -0.059151, -0.004, -0.031992, 0.197309, -0.001817, -0.020855, 0.00814, 0.090398, -0.001024, 0.007073, 0.184136, 0.059902, -0.0, -0.0, -0.0, 0.0, -0.0, -0.0, 0.0, 0.0, 0.0, 0.0, 0.0, 0.0, 1.0, 0.0, 0.001717, 0.018042, 0.007672, 0.029232, 0.032625, 0.052133, 0.013969, 0.057217, 0.055033, 0.037826, 0.048915, 0.091239, -0.051827, -0.018828, -1e-06, -0.001296, -0.004264, -0.000462, 0.002482, 0.000182, -0.003312, 0.032372, 0.017968, 0.000514, 0.000959, -4.2e-05, -0.002317, 0.001429, 1e-06, 0.000613, 0.001583, -0.000331, 0.001626, 0.002719, -0.001742, 0.026726, 0.031628, -0.000171, -0.000806, -0.001547, -0.003952, -0.000721, 0.0, 0.0, 0.000121, -0.0, 0.0, 0.0, -0.000166, 0.0005, 0.000903, -0.0, -0.0, -0.0, -0.0, -0.0, 0.001844, 0.016152, 0.006414, -0.027114, 0.03949, 0.055043, -0.011728, 0.058105, 0.054517, 0.036998, -0.062738, -0.097725, -0.051971, -0.015934, -0.014308, -0.029926, 2.8e-05, 0.009434, 0.013881, -0.013558, -0.028652, -0.007733, -0.006491, 0.012129, -0.013461, -0.028722, 0.006966, -0.006907, 0.012155, 0.18608, 0.030788, 0.002395, 0.075597, 0.276702, -0.002454, -0.005782, -0.002903, 0.0005, 5.9e-05, 0.010568, 0.02156, 0.010231, -0.007041, -0.001504, -0.00026, -0.010519, -2.1e-05, 2.9e-05, -6.1e-05, 1.5e-05, 0.002265, 1e-06, -1e-06, 1e-06, 0.0, 0.000239, -0.0, -0.0, 0.0, 0.0, 0.000106, -0.0, -0.0, 0.0, -0.0, -0.000228, 0.0, 0.0, -0.0, 0.000734, 0.002089, -0.00083, 0.000339, 0.000291], [-0.002352, -0.022514, -0.009243, -0.000625, 0.10363, 0.039267, -0.000284, 0.128525, 0.011506, 0.014125, 0.002933, 0.001345, 0.059902, -0.189857, 0.0, 0.0, 0.0, -0.0, 0.0, -0.0, 0.0, 0.0, 0.0, 0.0, 0.0, 0.0, 0.0, 1.0, -0.005216, -0.054805, -0.023304, -0.088794, 0.022005, 0.009012, -0.042432, -0.019605, 0.045933, -0.114898, 0.0539, 0.002688, -0.018828, -0.000833, -5e-06, -0.009708, -0.031939, -0.003461, 0.007187, -0.008614, -0.024803, 0.034853, -0.047153, 0.003849, 0.003202, -0.003798, 0.001429, 0.008196, -1.1e-05, -0.012789, -0.033019, 0.006913, 0.010667, -0.009964, 0.036354, 0.038775, -0.034224, 0.0