{"HF": -453.7251379039, "coordinates": [[-0.005516902, 1.47718175, -0.01878546], [-0.064178267, -0.009914576, -0.008805486], [-1.122240339, -0.838063467, -0.150889443], [-0.639370333, -2.203774239, -0.06462461], [-1.396208421, -3.2397704, -0.161411637], [-0.713452166, -4.43180897, -0.048564391], [0.867749972, -2.122705691, 0.151958523], [1.694657363, -2.99213993, 0.28316148], [1.110827519, -0.753964287, 0.16875191], [0.647204557, 1.8422003, -0.821262095], [-1.001477653, 1.898032955, -0.167137614], [0.3960567, 1.86396311, 0.925890205], [-2.149094396, -0.547072101, -0.30288642], [-1.418891384, -5.08261476, -0.142814985], [2.032571792, -0.372678266, 0.30134004]], "elements": ["C", "C", "C", "C", "N", "O", "C", "O", "N", "H", "H", "H", "H", "H", "H"], "Enn": 430.4233631268, "S": [[1.0, 0.325565, 0.151774, 0.0, -0.0, 0.0, 0.0, -0.0, 0.0, -0.0, 0.0, 0.0, -0.0, 0.0, 0.0, 0.017242, 0.055395, -0.000153, 0.000901, 0.022844, -0.00075, 0.004407, 0.111725, -0.011493, -1.1e-05, -0.000267, -0.019846, 0.001568, 0.0, 5.1e-05, 0.00745, 1e-06, 8e-06, 1.7e-05, 0.000966, 0.008163, 0.016923, -1e-06, 0.0, 0.0, -1e-06, 1e-06, 0.0, 0.0, 0.000266, 0.0, 0.0, 0.0, 7e-06, 9.7e-05, 0.000561, 0.0, 0.0, 0.0, 0.0, 0.0, 0.0, 0.0, 0.0, 0.0, 0.0, 0.0, 0.0, 0.0, 0.0, 0.0, 0.0, 0.0, 0.0, 0.0, 0.0, 0.0, 0.0, 0.0, 0.0, 0.0, 0.0, 0.0, 0.0, 0.0, 0.0, 0.0, 0.0, 0.0, 0.0, 0.0, 0.000292, -0.0, -0.0, 0.0, -2.9e-05, -0.000148, 0.000611, 0.0, 0.0, 0.0, 0.0, 0.0, 0.0, 0.0, 0.0, 0.0, 0.0, 0.0, -0.0, -0.0, 0.0, 0.0, 0.0, 0.0, 0.0, 0.0, 0.0, 4e-06, 0.003456, 0.0, 0.0, -1e-06, -0.000634, -0.003775, 0.007546, -0.0, 0.0, -0.0, -0.0, -0.0, 0.049453, 0.086571, 0.059164, -0.048123, -0.026911, 0.050356, 0.087021, 0.011269, 0.075654, -0.031968, 0.049452, 0.086571, -0.069644, -0.029605, -0.028515, 1e-06, 0.003479, 0.0, 0.0, 0.0, 0.0, 0.0, 0.0, 0.0, 0.0, 4e-06, 0.005538, -0.0, -0.0, 0.0], [0.325565, 1.0, 0.798485, 0.0, -0.0, 0.0, 0.0, -0.0, 0.0, 0.0, 0.0, 0.0, -0.0, -0.0, 0.017242, 0.203584, 0.365557, -0.00154, 0.009053, 0.229486, -0.003757, 0.022084, 0.559836, -0.090254, -8.3e-05, -0.002095, -0.155852, 0.012315, 5.1e-05, 0.008561, 0.077163, 0.000492, 0.004161, 0.008626, 0.008701, 0.073557, 0.152501, -0.00395, 0.000307, 0.000637, -0.004282, 0.005383, 0.0, 4.4e-05, 0.005818, 0.0, 5e-06, 3.1e-05, 0.000167, 0.002305, 0.013383, -8e-06, 0.0, 0.0, -1.2e-05, 4e-06, 0.0, 0.0, 1.4e-05, -0.0, -0.0, -0.0, 1e-06, 7e-06, 2.3e-05, -0.0, 0.0, 0.0, -0.0, 0.0, 0.0, 0.0, 0.0, 0.0, 0.0, 0.0, 0.0, 0.0, 0.0, 0.0, 0.0, 0.0, 0.0, 0.0, 0.0, 5.1e-05, 0.006249, -2e-06, -9e-06, 3.6e-05, -0.000672, -0.003439, 0.014179, -9e-06, 0.0, -1e-06, -1.4e-05, -7e-06, 0.0, 0.0, 3e-06, -0.0, -0.0, 0.0, -1e-06, -3e-06, 8e-06, -0.0, 0.0, -0.0, -0.0, -0.0, -5.5e-05, 0.004679, 0.051446, 0.000379, 0.002255, -0.004506, -0.00839, -0.049941, 0.099814, -0.002945, 0.000347, -0.000694, -0.003093, -0.004129, 0.365404, 0.519481, 0.263444, -0.214281, -0.119831, 0.368987, 0.521602, 0.049273, 0.330796, -0.139781, 0.365398, 0.519478, -0.31012, -0.131829, -0.126973, 0.00109, 0.041381, 6.7e-05, 0.000506, 0.000478, 0.0, 0.0, 0.0, 0.0, 0.0, 0.002496, 0.059667, -0.000215, -0.00137, 0.001243], [0.151774, 0.798485, 1.0, -0.0, 0.0, 0.0, 0.0, 0.0, -0.0, -0.0, 0.0, 0.0, -0.0, 0.0, 0.055395, 0.365557, 0.595884, -0.001377, 0.008093, 0.205171, -0.003879, 0.022798, 0.577947, -0.034397, -3.1e-05, -0.000798, -0.059398, 0.004693, 0.00745, 0.077163, 0.212581, 0.003373, 0.028513, 0.059115, 0.016922, 0.143045, 0.296568, -0.017361, 0.00135, 0.002799, -0.018818, 0.023657, 0.000266, 0.005818, 0.038339, 7.2e-05, 0.000991, 0.005758, 0.000928, 0.012838, 0.074551, -0.00194, 1.4e-05, 8.1e-05, -0.003167, 0.001124, -2e-06, 6.5e-05, 0.001244, -2e-06, -1.8e-05, -6.1e-05, 7.5e-05, 0.000731, 0.002479, -3.1e-05, 1e-06, 3e-06, -4.5e-05, 2.9e-05, -0.0, 0.0, 1.6e-05, 0.0, 0.0, 0.0, 0.0, 5e-06, 4.5e-05, -0.0, 0.0, 0.0, -0.0, 0.0, 0.000292, 0.006249, 0.040196, -0.000288, -0.001475, 0.006082, -0.003639, -0.018611, 0.076719, -0.002061, 7.8e-05, -0.000321, -0.003187, -0.001643, -3e-06, 5.6e-05, 0.000765, -4e-06, -2e-05, 5.3e-05, -0.00012, -0.000674, 0.001771, -3.1e-05, 2e-06, -6e-06, -4.1e-05, -3.6e-05, -0.006802, 0.061998, 0.174156, 0.00342, 0.020359, -0.04069, -0.018879, -0.11238, 0.224605, -0.013089, 0.001543, -0.003083, -0.013748, -0.018352, 0.452938, 0.761687, 0.136375, -0.110925, -0.062032, 0.454983, 0.763784, 0.025335, 0.170088, -0.071872, 0.452935, 0.761684, -0.16054, -0.068244, -0.06573, 0.028031, 0.13822, 0.002307, 0.017407, 0.016438, 0.0, 3.9e-05, 0.0, 0.0, 0.0, 0.041857, 0.176923, -0.004036, -0.025695, 0.023322], [0.0, 0.0, -0.0, 1.0, 0.0, -0.0, 0.531899, 0.0, 0.0, 0.0, 0.0, -0.0, -0.0, -0.0, 0.000153, 0.00154, 0.001377, 0.076176, 9.4e-05, 0.00238, 0.202958, 0.000103, 0.002616, -0.002254, 0.004856, 0.123112, -0.002245, 0.000177, -1e-06, -0.000492, -0.003373, 0.000869, -0.000261, -0.000542, 0.029606, -0.003832, -0.007944, 0.000336, 0.00049, 0.001015, 0.000289, -0.000363, -0.0, -0.0, -7.2e-05, 1e-06, -0.0, -0.0, 0.001277, -3.2e-05, -0.000186, 0.0, 0.0, 0.0, 0.0, -0.0, 0.0, -0.0, -0.0, 0.0, 0.0, 0.0, 1e-06, -0.0, -1e-06, 0.0, 0.0, 0.0, 0.0, 0.0, 0.0, 0.0, -0.0, 0.0, 0.0, 0.0, 0.0, -0.0, -0.0, 0.0, 0.0, 0.0, 0.0, 0.0, 0.0, 2e-06, 0.000288, 1e-06, -0.0, 1e-06, 0.001361, -0.000179, 0.000737, -0.0, -0.0, 0.0, -0.0, -0.0, 0.0, 0.0, 0.0, 0.0, 0.0, 0.0, 0.0, -0.0, 0.0, 0.0, 0.0, 0.0, 0.0, 0.0, -2e-06, 0.000368, 0.003893, -0.000356, 0.000189, -0.000379, 0.018084, -0.00448, 0.008953, -0.000354, -0.00034, 0.000679, -0.000296, -0.000395, -0.284983, -0.15264, -0.124127, 0.26457, 0.147954, -0.053351, -0.028343, 0.192951, -0.075839, 0.032046, 0.335474, 0.179687, -0.249609, -0.191609, -0.184551, -0.000101, -0.003521, 2.2e-05, -3.9e-05, -3.7e-05, 0.0, -0.0, 0.0, 0.0, 0.0, 0.000298, 0.005885, 7.5e-05, -0.000148, 0.000135], [-0.0, -0.0, 0.0, 0.0, 1.0, 0.0, 0.0, 0.531899, 0.0, -0.0, 0.0, -0.0, 0.0, -0.0, -0.000901, -0.009053, -0.008093, 9.4e-05, 0.07564, -0.013987, 0.000103, 0.202369, -0.015378, 0.004838, -0.000819, 0.000177, 0.018055, 0.122099, -8e-06, -0.004161, -0.028513, -0.000261, -0.00131, -0.004581, -0.003832, -0.002332, -0.067156, 0.001957, -0.000115, -0.000363, 0.002952, -0.00201, -0.0, -5e-06, -0.000991, -0.0, 0.0, -3e-06, -3.2e-05, 0.000838, -0.002566, 1e-06, 0.0, -0.0, 1e-06, 0.0, 0.0, -0.0, -4e-06, 0.0, 0.0, 0.0, -0.0, -1e-06, -6e-06, 0.0, 0.0, 0.0, 0.0, 0.0, 0.0, 0.0, -0.0, 0.0, 0.0, 0.0, -0.0, 0.0, -0.0, 0.0, 0.0, 0.0, 0.0, 0.0, 0.0, 9e-06, 0.001475, -0.0, -0.0, 5e-06, -0.000179, 0.000481, 0.003771, -1e-06, 0.0, -0.0, -2e-06, -0.0, 0.0, 0.0, 1e-06, 0.0, 0.0, 0.0, -0.0, -1e-06, 2e-06, 0.0, 0.0, 0.0, 0.0, 0.0, -9e-06, 0.00219, 0.023175, 0.000189, 0.00074, -0.002253, -0.00448, -0.007828, 0.053293, -0.00146, 0.000135, -0.000395, -0.002133, -0.001604, 0.2318, 0.124155, 0.26457, -0.014053, -0.120344, -0.358172, -0.19028, -0.075839, -0.304895, 0.215142, 0.142607, 0.076383, -0.191609, 0.119687, -0.078451, -0.000761, -0.026566, -3.9e-05, -0.000265, -0.000276, 0.0, -0.0, 0.0, 0.0, 0.0, 0.001897, 0.037465, -0.000148, -0.000846, 0.000857], [0.0, 0.0, 0.0, -0.0, 0.0, 1.0, 0.0, 0.0, 0.531899, 0.0, -0.0, 0.0, 0.0, 0.0, -0.022844, -0.229486, -0.205171, 0.00238, -0.013987, -0.278384, 0.002616, -0.015378, -0.186875, 0.122651, 0.000177, 0.003671, 0.211424, -0.021579, -1.7e-05, -0.008626, -0.059115, -0.000542, -0.004581, -0.008598, -0.007944, -0.067156, -0.109172, 0.004058, -0.000363, -0.000692, 0.004002, -0.005852, -0.0, -3.1e-05, -0.005758, -0.0, -3e-06, -1.7e-05, -0.000186, -0.002566, -0.013619, 3e-06, -0.0, -0.0, 5e-06, -2e-06, 0.0, -0.0, -1.2e-05, 0.0, 0.0, 0.0, -1e-06, -6e-06, -1.9e-05, 0.0, 0.0, 0.0, 0.0, 0.0, 0.0, 0.0, -0.0, 0.0, 0.0, 0.0, -0.0, -0.0, -0.0, 0.0, 0.0, 0.0, 0.0, 0.0, -0.0, -3.6e-05, -0.006082, 1e-06, 5e-06, -2e-05, 0.000737, 0.003771, -0.01415, 4e-06, -0.0, 1e-06, 6e-06, 3e-06, 0.0, 0.0, -2e-06, 0.0, 0.0, 0.0, 0.0, 2e-06, -5e-06, 0.0, 0.0, 0.0, 0.0, 0.0, 1.8e-05, -0.004376, -0.046318, -0.000379, -0.002253, 0.004116, 0.008953, 0.053293, -0.087676, 0.002919, -0.000395, 0.000726, 0.002772, 0.004323, 0.129629, 0.069431, 0.147954, -0.120344, 0.133844, 0.151349, 0.080404, 0.032046, 0.215142, 0.113337, 0.137354, 0.07357, -0.184551, -0.078451, 0.125577, -0.000719, -0.025087, -3.7e-05, -0.000276, -0.000234, 0.0, -0.0, 0.0, 0.0, 0.0, -0.001722, -0.034005, 0.000135, 0.000857, -0.00068], [0.0, 0.0, 0.0, 0.531899, 0.0, 0.0, 1.0, 0.0, 0.0, -0.0, 0.0, 0.0, 0.0, 0.0, 0.00075, 0.003757, 0.003879, 0.202958, 0.000103, 0.002616, 0.546665, 0.000175, 0.004424, -0.001574, 0.005315, 0.134737, -0.000914, 7.2e-05, -0.000966, -0.008701, -0.016922, 0.029606, -0.003832, -0.007944, 0.162728, -0.013215, -0.027398, 0.004596, 0.01322, 0.027409, 0.002993, -0.003763, -7e-06, -0.000167, -0.000928, 0.001277, -3.2e-05, -0.000186, 0.022255, -0.000353, -0.00205, 9.3e-05, 0.000266, 0.001542, 0.000116, -4.1e-05, 0.0, -3e-06, -8e-05, -5e-06, 1e-06, 3e-06, 0.000394, -5.1e-05, -0.000173, 2e-06, 3e-06, 9e-06, 3e-06, -2e-06, 0.0, -0.0, -0.0, 0.0, -0.0, -0.0, 4e-06, -0.0, -0.0, 0.0, 0.0, 0.0, 0.0, -0.0, 2.9e-05, 0.000672, 0.003639, 0.001361, -0.000179, 0.000737, 0.02317, -0.001914, 0.007891, -0.000375, -0.000391, 0.001614, -0.000439, -0.000226, -0.0, 6e-06, 0.000105, 5e-06, -2e-06, 6e-06, 0.000264, -0.000102, 0.000268, -5e-06, -3e-06, 9e-06, -6e-06, -5e-06, -0.00129, 0.010662, 0.023076, -0.020695, 0.004141, -0.008276, 0.125324, -0.017266, 0.034508, -0.005216, -0.010587, 0.02116, -0.003248, -0.004335, -0.413303, -0.389545, 0.109055, 0.12749, 0.071296, -0.076798, -0.072227, 0.261897, -0.036164, 0.015281, 0.486536, 0.458571, 0.048585, -0.092333, -0.088932, -0.0063, -0.022061, 0.00769, -0.004631, -0.004373, -0.0, -1e-06, 0.0, -0.0, -0.0, 0.011157, 0.032404, 0.012422, -0.008191, 0.007434], [-0.0, -0.0, 0.0, 0.0, 0.531899, 0.0, 0.0, 1.0, 0.0, 0.0, -0.0, 0.0, 0.0, 0.0, -0.004407, -0.022084, -0.022798, 0.000103, 0.202369, -0.015378, 0.000175, 0.545668, -0.026004, 4.3e-05, -0.000901, 7.2e-05, 0.010689, 0.134325, -0.008163, -0.073557, -0.143045, -0.003832, -0.002332, -0.067156, -0.013215, 0.052578, -0.231608, 0.015586, -0.000226, -0.003763, 0.038737, -0.003955, -9.7e-05, -0.002305, -0.012838, -3.2e-05, 0.000838, -0.002566, -0.000353, 0.0174, -0.028345, 0.000827, 1.2e-05, -4.1e-05, 0.001868, 0.000977, 1e-06, -3.4e-05, -0.000777, 1e-06, 4e-06, 3.3e-05, -5.1e-05, -9.7e-05, -0.001686, 1.7e-05, -0.0, -2e-06, 3e-05, -8e-06, 0.0, -0.0, -4e-06, -0.0, 0.0, -0.0, -0.0, 2e-06, -1e-05, 0.0, 0.0, -0.0, 0.0, 0.0, 0.000148, 0.003439, 0.018611, -0.000179, 0.000481, 0.003771, -0.001914, 0.013755, 0.040357, -0.00122, -2.4e-05, -0.000226, -0.002648, 0.0005, -1e-06, 3.5e-05, 0.000593, -2e-06, -9e-06, 3.6e-05, -0.000102, -0.000291, 0.001508, -2.2e-05, 1e-06, -5e-06, -3.5e-05, -1.8e-05, -0.007676, 0.06347, 0.137361, 0.004141, 0.003259, -0.049265, -0.017266, 0.025445, 0.205416, -0.012083, 0.000329, -0.004335, -0.030283, -0.003918, 0.336174, 0.31685, 0.12749, 0.162097, -0.057991, -0.515582, -0.484897, -0.036164, 0.024497, 0.102591, 0.206822, 0.194934, -0.092333, 0.226543, -0.037804, -0.047537, -0.166452, -0.004631, -0.026636, -0.032994, -0.0, -1.7e-05, -0.0, -0.0, -0.0, 0.07103, 0.206304, -0.008191, -0.038436, 0.047329], [0.0, 0.0, -0.0, 0.0, 0.0, 0.531899, 0.0, 0.0, 1.0, 0.0, 0.0, -0.0, 0.0, 0.0, -0.111725, -0.559836, -0.577947, 0.002616, -0.015378, -0.186875, 0.004424, -0.026004, -0.11251, 0.001092, 7.2e-05, 0.000927, 0.001479, -0.005449, -0.016923, -0.152501, -0.296568, -0.007944, -0.067156, -0.109172, -0.027398, -0.231608, -0.31589, 0.032313, -0.003763, -0.006212, 0.024604, -0.052512, -0.000561, -0.013383, -0.074551, -0.000186, -0.002566, -0.013619, -0.00205, -0.028345, -0.142326, 0.004805, -4.1e-05, -0.00022, 0.007757, -0.003035, 2e-06, -0.000114, -0.002635, 3e-06, 3.3e-05, 0.000107, -0.000173, -0.001686, -0.00532, 5.7e-05, -2e-06, -6e-06, 8.2e-05, -5.6e-05, 0.0, -0.0, -2.9e-05, -0.0, -0.0, -0.0, -0.0, -1e-05, -8.4e-05, 0.0, -0.0, -0.0, 0.0, -0.0, -0.000611, -0.014179, -0.076719, 0.000737, 0.003771, -0.01415, 0.007891, 0.040357, -0.142821, 0.005031, -0.000226, 0.000855, 0.007601, 0.004371, 3e-06, -9.3e-05, -0.001559, 6e-06, 3.6e-05, -9.1e-05, 0.000268, 0.001508, -0.003682, 5.8e-05, -5e-06, 1.2e-05, 7.3e-05, 7e-05, 0.015342, -0.126852, -0.274533, -0.008276, -0.049265, 0.077072, 0.034508, 0.205416, -0.282323, 0.024149, -0.004335, 0.006825, 0.016749, 0.040624, 0.187997, 0.177191, 0.071296, -0.057991, 0.233366, 0.217863, 0.204897, 0.015281, 0.102591, 0.223933, 0.199204, 0.187754, -0.088932, -0.037804, 0.229381, -0.044891, -0.157186, -0.004373, -0.032994, -0.022854, -0.0, -7.8e-05, -0.0, -0.0, -0.0, -0.06447, -0.187251, 0.007434, 0.047329, -0.029249], [-0.0, 0.0, -0.0, 0.0, -0.0, 0.0, -0.0, 0.0, 0.0, 1.0, 0.0, 0.0, 0.0, 0.0, -0.011493, -0.090254, -0.034397, 0.002254, -0.004838, -0.122651, 0.001574, -4.3e-05, -0.001092, 0.094083, 0.00017, 0.004307, 0.089534, -0.007075, -1e-06, -0.00395, -0.017361, -0.000336, -0.001957, -0.004058, -0.004596, -0.015586, -0.032313, 0.001866, -0.000196, -0.000407, 0.001946, -0.002447, 0.0, -8e-06, -0.00194, -0.0, -1e-06, -3e-06, -9.3e-05, -0.000827, -0.004805, 0.0, -0.0, -0.0, 0.0, -0.0, 0.0, 0.0, -4e-06, 0.0, 0.0, 0.0, -0.0, -2e-06, -6e-06, 0.0, 0.0, 0.0, 0.0, 0.0, 0.0, 0.0, -0.0, 0.0, 0.0, 0.0, -0.0, -0.0, -0.0, 0.0, 0.0, 0.0, 0.0, 0.0, 0.0, -9e-06, -0.002061, 0.0, 1e-06, -4e-06, 0.000375, 0.00122, -0.005031, 0.0, -0.0, 0.0, 1e-06, 0.0, 0.0, 0.0, -0.0, 0.0, 0.0, 0.0, 0.0, 0.0, -1e-06, 0.0, 0.0, 0.0, 0.0, 0.0, 1e-06, -0.001842, -0.017039, -0.000196, -0.000843, 0.001684, 0.005943, 0.017032, -0.034041, 0.001236, -0.000196, 0.000392, 0.00126, 0.001682, 0.090878, 0.014886, -0.134668, -0.233062, -0.130334, -0.142515, -0.023091, -0.095267, -0.107635, 0.045482, 0.183829, 0.030113, -0.017428, -0.218179, -0.210142, -0.000355, -0.009976, -1.4e-05, -8.4e-05, -8e-05, 0.0, -0.0, 0.0, 0.0, 0.0, -0.000937, -0.013036, 6.8e-05, 0.000327, -0.000297], [0.0, 0.0, 0.0, 0.0, 0.0, -0.0, 0.0, -0.0, 0.0, 0.0, 1.0, 0.0, 0.0, 0.0, -1.1e-05, -8.3e-05, -3.1e-05, -0.004856, 0.000819, -0.000177, -0.005315, 0.000901, -7.2e-05, 0.00017, 0.041831, -0.010528, 0.000294, 0.001774, 0.0, 0.000307, 0.00135, -0.00049, 0.000115, 0.000363, -0.01322, 0.000226, 0.003763, -0.000196, -0.000189, -0.000545, -0.000225, 0.000174, 0.0, 0.0, 1.4e-05, -0.0, -0.0, 0.0, -0.000266, -1.2e-05, 4.1e-05, -0.0, -0.0, -0.0, -0.0, 0.0, 0.0, 0.0, 0.0, 0.0, 0.0, 0.0, -0.0, 0.0, 0.0, 0.0, 0.0, 0.0, 0.0, 0.0, 0.0, 0.0, 0.0, 0.0, 0.0, 0.0, -0.0, -0.0, 0.0, 0.0, 0.0, 0.0, 0.0, 0.0, 0.0, 0.0, 7.8e-05, 0.0, -0.0, 0.0, 0.000391, 2.4e-05, 0.000226, -0.0, -0.0, 0.0, -0.0, -0.0, 0.0, 0.0, 0.0, 0.0, 0.0, 0.0, 0.0, -0.0, 0.0, 0.0, 0.0, 0.0, 0.0, 0.0, -0.0, 0.000217, 0.002008, -0.000168, 8.1e-05, -0.000224, 0.010132, -0.000949, 0.005452, -0.000196, -0.000125, 0.000333, -0.000218, -0.000186, -0.226302, -0.03707, -0.166097, 0.052806, 0.165524, 0.064836, 0.010505, -0.287806, 0.08389, -0.054779, 0.163895, 0.026848, -0.188555, 0.154382, -0.127024, 8.8e-05, 0.002467, -1e-05, 2.1e-05, 2.1e-05, 0.0, 0.0, 0.0, 0.0, 0.0, 0.000287, 0.003997, 4.2e-05, -0.000101, 0.000101], [0.0, 0.0, 0.0, -0.0, -0.0, 0.0, 0.0, 0.0, -0.0, 0.0, 0.0, 1.0, 0.0, 0.0, -0.000267, -0.002095, -0.000798, -0.123112, -0.000177, -0.003671, -0.134737, -7.2e-05, -0.000927, 0.004307, -0.010528, -0.224656, 0.003859, -0.000376, 0.0, 0.000637, 0.002799, -0.001015, 0.000363, 0.000692, -0.027409, 0.003763, 0.006212, -0.000407, -0.000545, -0.001056, -0.000331, 0.000468, 0.0, 0.0, 8.1e-05, -0.0, 0.0, 0.0, -0.001542, 4.1e-05, 0.00022, -0.0, -0.0, -0.0, -0.0, 0.0, 0.0, 0.0, 0.0, 0.0, 0.0, 0.0, -1e-06, 0.0, 1e-06, 0.0, 0.0, 0.0, 0.0, 0.0, 0.0, 0.0, 0.0, 0.0, 0.0, 0.0, -0.0, 0.0, 0.0, 0.0, 0.0, 0.0, 0.0, 0.0, 0.0, -1e-06, -0.000321, -0.0, 0.0, -1e-06, -0.001614, 0.000226, -0.000855, 0.0, 0.0, -0.0, 0.0, 0.0, 0.0, 0.0, -0.0, 0.0, 0.0, 0.0, -0.0, 0.0, -0.0, 0.0, 0.0, 0.0, 0.0, 0.0, 0.0, -0.000434, -0.004013, 0.000336, -0.000224, 0.000416, -0.020249, 0.005452, -0.009117, 0.000392, 0.000333, -0.000624, 0.00031, 0.000467, -0.126554, -0.02073, -0.092886, 0.165524, -0.150616, -0.027397, -0.004439, 0.121615, -0.054779, -0.022599, 0.157858, 0.025859, -0.181609, -0.127024, 0.163919, 8.3e-05, 0.002329, -1e-05, 2.1e-05, 1.9e-05, 0.0, 0.0, 0.0, 0.0, 0.0, -0.000261, -0.003628, -3.8e-05, 0.000101, -8.2e-05], [-0.0, -0.0, -0.0, -0.0, 0.0, 0.0, 0.0, 0.0, 0.0, 0.0, 0.0, 0.0, 1.0, 0.0, -0.019846, -0.155852, -0.059398, 0.002245, -0.018055, -0.211424, 0.000914, -0.010689, -0.001479, 0.089534, 0.000294, 0.003859, 0.195232, -0.033216, -1e-06, -0.004282, -0.018818, -0.000289, -0.002952, -0.004002, -0.002993, -0.038737, -0.024604, 0.001946, -0.000225, -0.000331, 0.001293, -0.00337, 0.0, -1.2e-05, -0.003167, -0.0, -1e-06, -5e-06, -0.000116, -0.001868, -0.007757, 0.0, -0.0, -0.0, 1e-06, -0.0, 0.0, 0.0, -6e-06, 0.0, 0.0, 0.0, -0.0, -3e-06, -8e-06, 0.0, 0.0, 0.0, 0.0, 0.0, 0.0, 0.0, -0.0, 0.0, 0.0, 0.0, -0.0, -0.0, -0.0, 0.0, 0.0, 0.0, 0.0, 0.0, 0.0, -1.4e-05, -0.003187, 0.0, 2e-06, -6e-06, 0.000439, 0.002648, -0.007601, 1e-06, -0.0, 0.0, 1e-06, 0.0, 0.0, 0.0, -1e-06, 0.0, 0.0, 0.0, 0.0, 1e-06, -2e-06, 0.0, 0.0, 0.0, 0.0, 0.0, 1e-06, -0.001935, -0.017896, -0.000168, -0.001186, 0.001622, 0.004084, 0.034901, -0.027424, 0.00126, -0.000218, 0.00031, 0.000774, 0.002221, 0.063253, 0.010361, 0.101711, 0.115069, -0.156879, 0.178779, 0.028966, 0.053244, 0.05034, -0.28082, 0.002519, 0.000413, -0.004768, 0.119661, -0.119158, 3.6e-05, 0.001007, 1e-06, -4e-06, 2.1e-05, 0.0, -0.0, 0.0, 0.0, 0.0, 0.000161, 0.002242, -1e-05, -3e-06, 0.00011], [0.0, -0.0, 0.0, -0.0, -0.0, 0.0, 0.0, 0.0, 0.0, 0.0, 0.0, 0.0, 0.0, 1.0, 0.001568, 0.012315, 0.004693, -0.000177, -0.122099, 0.021579, -7.2e-05, -0.134325, 0.005449, -0.007075, 0.001774, -0.000376, -0.033216, -0.222511, 1e-06, 0.005383, 0.023657, 0.000363, 0.00201, 0.005852, 0.003763, 0.003955, 0.052512, -0.002447, 0.000174, 0.000468, -0.00337, 0.002849, 0.0, 4e-06, 0.001124, 0.0, -0.0, 2e-06, 4.1e-05, -0.000977, 0.003035, -0.0, 0.0, 0.0, -0.0, 0.0, 0.0, 0.0, 4e-06, 0.0, 0.0, 0.0, 0.0, 1e-06, 6e-06, 0.0, 0.0, 0.0, 0.0, 0.0, 0.0, 0.0, 0.0, 0.0, 0.0, 0.0, 0.0, -0.0, 0.0, 0.0, 0.0, 0.0, 0.0, 0.0, 0.0, -7e-06, -0.001643, 0.0, 0.0, -3e-06, 0.000226, -0.0005, -0.004371, 0.0, -0.0, 0.0, 0.0, 0.0, 0.0, 0.0, -1e-06, 0.0, 0.0, 0.0, 0.0, 0.0, -1e-06, 0.0, 0.0, 0.0, 0.0, 0.0, 1e-06, -0.002583, -0.023889, -0.000224, -0.000959, 0.002477, 0.005452, 0.011287, -0.05427, 0.001682, -0.000186, 0.000467, 0.002221, 0.002075, 0.102937, 0.016862, 0.165524, -0.02402, 0.122508, -0.183931, -0.029801, -0.054779, -0.237982, -0.151717, 0.067104, 0.010992, -0.127024, 0.063209, 0.069681, 0.000625, 0.017576, 2.1e-05, 0.00015, 0.00014, 0.0, 0.0, 0.0, 0.0, 0.0, -0.001661, -0.023098, 0.000101, 0.000586, -0.000521], [0.0, 0.017242, 0.055395, 0.000153, -0.000901, -0.022844, 0.00075, -0.004407, -0.111725, -0.011493, -1.1e-05, -0.000267, -0.019846, 0.001568, 1.0, 0.325565, 0.151774, -0.0, -0.0, -0.0, 0.0, -0.0, -0.0, -0.0, 0.0, 0.0, -0.0, 0.0, 2e-06, 0.028881, 0.066135, 0.00433, 0.032247, 0.02524, 0.013115, 0.09766, 0.076439, -0.023674, 0.006985, 0.005468, 0.010075, 0.040715, 0.0, 0.000359, 0.014593, 5e-06, 5.3e-05, 0.000204, 0.000891, 0.009179, 0.035008, -2.3e-05, 1e-06, 2e-06, -3.5e-05, 2e-05, 0.0, 0.0, 7.4e-05, 0.0, 0.0, 0.0, 6e-06, 5.2e-05, 0.000125, 0.0, 0.0, 0.0, 0.0, 0.0, 0.0, 0.0, 0.0, 0.0, 0.0, 0.0, 0.0, 0.0, 0.0, 0.0, 0.0, 0.0, 0.0, 0.0, 0.0, 0.000272, 0.013256, -1e-05, -6e-05, 0.000136, -0.002294, -0.013301, 0.030154, -1.4e-05, 1e-06, -3e-06, -1.7e-05, -1.9e-05, 0.0, 0.0, 7e-06, 0.0, 0.0, 0.0, -2e-06, -1.1e-05, 1.9e-05, 0.0, 0.0, 0.0, 0.0, 0.0, -0.0, 0.010421, 0.055012, 0.001541, 0.010195, -0.006455, -0.014996, -0.099239, 0.062841, -0.008642, 0.003338, -0.002114, 0.006615, -0.013987, 0.00036, 0.020493, 1.7e-05, -1.5e-05, -3.8e-05, 0.000389, 0.020956, 4e-06, 2.2e-05, -4.5e-05, 0.00036, 0.020489, -1.9e-05, -1e-05, -3.9e-05, 0.000301, 0.01943, 5e-06, 3.2e-05, 8e-06, 0.0, 1e-06, 0.0, 0.0, 0.0, 0.000346, 0.020253, -6e-06, -4.1e-05, 7e-06], [0.017242, 0.203584, 0.365557, 0.00154, -0.009053, -0.229486, 0.003757, -0.022084, -0.559836, -0.090254, -8.3e-05, -0.002095, -0.155852, 0.012315, 0.325565, 1.0, 0.798485, 0.0, -0.0, -0.0, 0.0, -0.0, -0.0, 0.0, 0.0, 0.0, -0.0, 0.0, 0.028881, 0.269336, 0.419391, 0.030675, 0.228432, 0.178795, 0.062392, 0.464617, 0.363658, -0.10438, 0.030799, 0.024106, 0.044422, 0.179513, 0.000359, 0.024759, 0.12996, 0.000717, 0.007384, 0.028164, 0.006594, 0.067952, 0.259177, -0.012688, 0.000275, 0.001048, -0.019172, 0.010795, -0.0, 2.9e-05, 0.003361, -1e-06, -9e-06, -2.1e-05, 0.00033, 0.002883, 0.006992, -1.3e-05, 1e-06, 2e-06, -1.6e-05, 1.6e-05, 0.0, 0.0, 1.4e-05, 0.0, 0.0, 0.0, 0.0, 6e-06, 4.3e-05, -0.0, 0.0, 0.0, -0.0, 0.0, 0.000272, 0.021272, 0.120628, -0.001729, -0.01002, 0.022717, -0.017471, -0.101276, 0.229605, -0.010656, 0.001047, -0.002374, -0.012566, -0.013764, -0.0, 8e-06, 0.001144, -1e-06, -4e-06, 7e-06, -0.000286, -0.001725, 0.002925, -7e-06, 1e-06, -2e-06, -6e-06, -1e-05, -0.018279, 0.182126, 0.366047, 0.023204, 0.153558, -0.097237, -0.070133, -0.46411, 0.293889, -0.072932, 0.028169, -0.017837, 0.055832, -0.118041, 0.025996, 0.167128, 0.010399, -0.009105, -0.023706, 0.027064, 0.170093, 0.002131, 0.012616, -0.025681, 0.025988, 0.167105, -0.011959, -0.005888, -0.023975, 0.023618, 0.160267, 0.003339, 0.02367, 0.006098, 0.0, 7.7e-05, 0.0, 0.0, 0.0, 0.025451, 0.165589, -0.003866, -0.026137, 0.004522], [0.055395, 0.365557, 0.595884, 0.001377, -0.008093, -0.205171, 0.003879, -0.022798, -0.577947, -0.034397, -3.1e-05, -0.000798, -0.059398, 0.004693, 0.151774, 0.798485, 1.0, 0.0, 0.0, -0.0, 0.0, 0.0, 0.0, -0.0, 0.0, 0.0, -0.0, 0.0, 0.066135, 0.419391, 0.652675, 0.022759, 0.169483, 0.132655, 0.060907, 0.453558, 0.355001, -0.032055, 0.009458, 0.007403, 0.013642, 0.055128, 0.014593, 0.12996, 0.300292, 0.002507, 0.025833, 0.098531, 0.010372, 0.106876, 0.407641, -0.024572, 0.000532, 0.002029, -0.03713, 0.020907, -0.000441, 0.006328, 0.033649, -0.000248, -0.002166, -0.005253, 0.002674, 0.02334, 0.056594, -0.002193, 0.000127, 0.000308, -0.002704, 0.002687, -1e-05, 0.000186, 0.00192, 2e-06, 2.7e-05, 0.000183, 4.1e-05, 0.000662, 0.00451, -9.7e-05, 0.0, 3e-06, -0.000161, 4.8e-05, 0.013256, 0.120628, 0.285825, -0.00666, -0.038608, 0.087528, -0.028325, -0.164196, 0.372251, -0.023201, 0.00228, -0.00517, -0.027361, -0.029968, -0.000376, 0.004473, 0.022087, -0.000329, -0.001981, 0.00336, -0.003655, -0.022017, 0.03733, -0.001604, 0.000241, -0.000409, -0.001363, -0.002466, -0.048686, 0.32002, 0.568082, 0.018479, 0.122288, -0.077436, -0.06285, -0.415917, 0.263371, -0.023478, 0.009068, -0.005742, 0.017973, -0.037999, 0.129704, 0.354433, 0.035326, -0.030931, -0.080531, 0.132238, 0.358662, 0.007031, 0.041625, -0.084731, 0.129685, 0.3544, -0.040635, -0.020008, -0.081464, 0.12386, 0.344551, 0.012159, 0.086199, 0.022208, 3e-05, 0.001989, 1e-06, 6e-06, 2.2e-05, 0.128391, 0.352229, -0.013336, -0.09016, 0.015599], [-0.000153, -0.00154, -0.001377, 0.076176, 9.4e-05, 0.00238, 0.202958, 0.000103, 0.002616, 0.002254, -0.004856, -0.123112, 0.002245, -0.000177, -0.0, 0.0, 0.0, 1.0, 0.0, 0.0, 0.531899, 0.0, 0.0, -0.0, -0.0, 0.0, 0.0, 0.0, -0.00433, -0.030675, -0.022759, 0.110183, -0.037028, -0.028982, 0.236173, -0.031404, -0.02458, 0.046492, 0.134959, 0.105633, -0.010404, -0.042043, -5e-06, -0.000717, -0.002507, 0.003853, -0.000247, -0.000943, 0.056797, -0.001582, -0.006036, 0.000658, 0.001458, 0.005562, 0.000745, -0.00042, 0.0, -1e-06, -0.000156, -0.0, 0.0, 0.0, 0.000628, -0.000148, -0.000358, 0.0, 0.0, 1e-06, 0.0, -0.0, 0.0, -0.0, -0.0, 0.0, -0.0, -0.0, 1e-06, -0.0, -0.0, 0.0, 0.0, 0.0, 0.0, -0.0, 1e-05, 0.001729, 0.00666, 0.002983, -0.000934, 0.002118, 0.050814, -0.006738, 0.015275, -0.001511, -0.001748, 0.003964, -0.001345, -0.001473, -0.0, 0.0, 9.9e-05, 0.0, -0.0, 0.0, 0.000215, -0.000164, 0.000278, -0.0, -0.0, 0.0, -0.0, -0.0, -0.003207, 0.028874, 0.032698, -0.058783, 0.033069, -0.020941, 0.210715, -0.052423, 0.033196, -0.038174, -0.08839, 0.055971, 0.016317, -0.034498, -0.011699, -0.045361, -0.001899, 0.004746, 0.012356, -0.002391, -0.009009, 0.003525, -0.001296, 0.002638, 0.013454, 0.052178, -0.003651, -0.003531, -0.014376, -0.003782, -0.015693, 0.002429, -0.004348, -0.00112, -0.0, -2e-06, 0.0, 0.0, 0.0, 0.004356, 0.017144, 0.002644, -0.00517, 0.000894], [0.000901, 0.009053, 0.008093, 9.4e-05, 0.07564, -0.013987, 0.000103, 0.202369, -0.015378, -0.004838, 0.000819, -0.000177, -0.018055, -0.122099, -0.0, -0.0, 0.0, 0.0, 1.0, 0.0, 0.0, 0.531899, 0.0, 0.0, -0.0, 0.0, -0.0, 0.0, -0.032247, -0.228432, -0.169483, -0.037028, -0.160581, -0.21582, -0.031404, 0.006537, -0.183038, 0.099961, -0.034623, -0.042043, 0.064697, -0.201801, -5.3e-05, -0.007384, -0.025833, -0.000247, 0.001328, -0.009722, -0.001582, 0.040644, -0.062195, 0.004235, 3.3e-05, -0.00042, 0.00915, 0.001278, 0.0, -6e-06, -0.001361, 0.0, 1e-06, 4e-06, -0.000148, -0.000644, -0.003125, 2e-06, -0.0, -0.0, 3e-06, -2e-06, 0.0, -0.0, -2e-06, -0.0, -0.0, -0.0, -0.0, 1e-06, -5e-06, 0.0, -0.0, -0.0, 0.0, -0.0, 6e-05, 0.01002, 0.038608, -0.000934, -0.002272, 0.012279, -0.006738, 0.012919, 0.088548, -0.005537, 0.000329, -0.001473, -0.009657, -0.004322, -0.0, 2e-06, 0.000597, -0.0, -1e-06, 1e-06, -0.000164, -0.000746, 0.001677, -1e-06, 0.0, -0.0, -1e-06, -2e-06, -0.021222, 0.191076, 0.21638, 0.033069, 0.15506, -0.138577, -0.052423, -0.128276, 0.219676, -0.085266, 0.039878, -0.034498, 0.011356, -0.167107, 0.010243, 0.039718, 0.004746, -0.000635, -0.010819, -0.014152, -0.053334, -0.001296, -0.003928, 0.015617, 0.006625, 0.025692, -0.003531, 0.001781, -0.007078, -0.026816, -0.111254, -0.004348, -0.027783, -0.007942, -0.0, -2e-05, 0.0, 0.0, 0.0, 0.029448, 0.115902, -0.00517, -0.031542, 0.006047], [0.022844, 0.229486, 0.205171, 0.00238, -0.013987, -0.278384, 0.002616, -0.015378, -0.186875, -0.122651, -0.000177, -0.003671, -0.211424, 0.021579, -0.0, -0.0, -0.0, 0.0, 0.0, 1.0, 0.0, 0.0, 0.531899, -0.0, 0.0, -0.0, -0.0, -0.0, -0.02524, -0.178795, -0.132655, -0.028982, -0.21582, -0.053768, -0.02458, -0.183038, 0.097126, 0.07824, -0.042043, -0.013815, -0.171918, -0.102877, -0.000204, -0.028164, -0.098531, -0.000943, -0.009722, -0.033203, -0.006036, -0.062195, -0.180268, 0.016152, -0.00042, -0.001458, 0.023692, -0.015026, 0.0, -1.5e-05, -0.003299, 0.0, 4e-06, 9e-06, -0.000358, -0.003125, -0.006932, 5e-06, -0.0, -1e-06, 6e-06, -6e-06, 0.0, -0.0, -1.1e-05, -0.0, -0.0, -0.0, -0.0, -5e-06, -3.3e-05, 0.0, -0.0, -0.0, 0.0, -0.0, -0.000136, -0.022717, -0.087528, 0.002118, 0.012279, -0.024693, 0.015275, 0.088548, -0.148772, 0.012554, -0.001473, 0.003019, 0.013458, 0.0175, 0.0, -3e-06, -0.001012, 0.0, 1e-06, -2e-06, 0.000278, 0.001677, -0.0026, 2e-06, -0.0, 0.0, 2e-06, 3e-06, 0.013438, -0.120995, -0.137018, -0.020941, -0.138577, 0.02397, 0.033196, 0.219676, 0.079531, 0.053993, -0.034498, 0.007244, -0.12956, 0.047939, 0.026669, 0.103407, 0.012356, -0.010819, -0.024647, 0.028807, 0.108566, 0.002638, 0.015617, -0.028046, 0.026972, 0.104606, -0.014376, -0.007078, -0.025301, -0.006909, -0.028664, -0.00112, -0.007942, 0.000996, -0.0, -7.4e-05, 0.0, 0.0, 0.0, -0.005095, -0.020053, 0.000894, 0.006047, 0.002363], [-0.00075, -0.003757, -0.003879, 0.202958, 0.000103, 0.002616, 0.546665, 0.000175, 0.004424, 0.001574, -0.005315, -0.134737, 0.000914, -7.2e-05, 0.0, 0.0, 0.0, 0.531899, 0.0, 0.0, 1.0, 0.0, 0.0, 0.0, 0.0, -0.0, 0.0, 0.0, -0.013115, -0.062392, -0.060907, 0.236173, -0.031404, -0.02458, 0.601246, -0.049833, -0.039004, 0.024948, 0.112472, 0.088032, -0.003055, -0.012347, -0.000891, -0.006594, -0.010372, 0.056797, -0.001582, -0.006036, 0.245391, -0.004303, -0.016413, 0.00332, 0.013575, 0.051777, 0.002711, -0.001527, 4.4e-05, -0.000655, -0.00312, -0.00133, 0.000255, 0.000618, 0.018518, -0.002458, -0.00596, 0.000398, 0.000759, 0.00184, 0.000364, -0.000362, 0.0, -3e-06, -3.8e-05, 2.1e-05, -1e-06, -4e-06, 0.000804, -1.5e-05, -9.9e-05, 3e-06, 6e-06, 4.2e-05, 3e-06, -1e-06, 0.002294, 0.017471, 0.028325, 0.050814, -0.006738, 0.015275, 0.228783, -0.018956, 0.042976, -0.008811, -0.01955, 0.044322, -0.005686, -0.006228, -7.2e-05, 0.000891, 0.004177, 0.000839, -0.00045, 0.000762, 0.012149, -0.004662, 0.007904, -0.000564, -0.000699, 0.001186, -0.000355, -0.000642, -0.012039, 0.064723, 0.079431, -0.151556, 0.030198, -0.019123, 0.499745, -0.068448, 0.043343, -0.022114, -0.085235, 0.053973, 0.005194, -0.010981, -0.101538, -0.173433, 0.022233, 0.02975, 0.077454, -0.020225, -0.034232, 0.056258, -0.007825, 0.015929, 0.116795, 0.199507, 0.011238, -0.022138, -0.090138, -0.034887, -0.060899, 0.04887, -0.029798, -0.007677, -1e-06, -0.000109, 1e-06, -0.0, -1e-06, 0.038318, 0.065764, 0.050613, -0.033051, 0.005718], [0.004407, 0.022084, 0.022798, 0.000103, 0.202369, -0.015378, 0.000175, 0.545668, -0.026004, -4.3e-05, 0.000901, -7.2e-05, -0.010689, -0.134325, -0.0, -0.0, 0.0, 0.0, 0.531899, 0.0, 0.0, 1.0, 0.0, 0.0, 0.0, 0.0, 0.0, -0.0, -0.09766, -0.464617, -0.453558, -0.031404, 0.006537, -0.183038, -0.049833, 0.236848, -0.290453, -0.012695, -0.000387, -0.012347, 0.091837, -0.002256, -0.009179, -0.067952, -0.106876, -0.001582, 0.040644, -0.062195, -0.004303, 0.201466, -0.169128, 0.010629, 0.000921, -0.001527, 0.041553, 0.036194, 0.00038, -0.005718, -0.027234, 0.000255, 0.000864, 0.005392, -0.002458, -0.002655, -0.052021, 0.002128, -6e-05, -0.000362, 0.003953, -0.001276, 2e-06, -5.3e-05, -0.000626, -1e-06, 1.2e-05, -5.7e-05, -1.5e-05, 0.000566, -0.001623, 3.1e-05, 0.0, -1e-06, 6.3e-05, 2.5e-05, 0.013301, 0.101276, 0.164196, -0.006738, 0.012919, 0.088548, -0.018956, 0.122165, 0.249128, -0.016391, -0.000707, -0.006228, -0.052987, 0.009292, -0.000432, 0.005369, 0.025164, -0.00045, -0.001794, 0.004592, -0.004662, -0.01516, 0.047615, -0.002075, 0.000252, -0.000642, -0.002901, -0.002575, -0.079668, 0.428309, 0.525646, 0.030198, 0.043722, -0.126545, -0.068448, 0.057126, 0.28683, 0.005827, 0.004065, -0.010981, -0.053486, -0.017033, 0.088906, 0.151857, 0.02975, 0.030161, -0.067819, -0.119731, -0.202648, -0.007825, 0.011257, 0.094294, 0.057509, 0.098235, -0.022138, 0.045298, -0.044383, -0.247333, -0.43175, -0.029798, -0.158187, -0.054429, -1.4e-05, -0.001106, -0.0, -1e-06, -9e-06, 0.259049, 0.444599, -0.033051, -0.167942, 0.038659], [0.111725, 0.559836, 0.577947, 0.002616, -0.015378, -0.186875, 0.004424, -0.026004, -0.11251, -0.001092, -7.2e-05, -0.000927, -0.001479, 0.005449, -0.0, -0.0, 0.0, 0.0, 0.0, 0.531899, 0.0, 0.0, 1.0, 0.0, 0.0, 0.0, 0.0, 0.0, -0.076439, -0.363658, -0.355001, -0.02458, -0.183038, 0.097126, -0.039004, -0.290453, 0.380599, -0.009937, -0.012347, 0.005724, -0.107499, 0.042623, -0.035008, -0.259177, -0.407641, -0.006036, -0.062195, -0.180268, -0.016413, -0.169128, -0.39927, 0.040542, -0.001527, -0.004502, 0.054637, -0.046388, 0.000922, -0.013865, -0.066035, 0.000618, 0.005392, 0.011714, -0.00596, -0.052021, -0.107338, 0.005161, -0.000362, -0.000788, 0.005822, -0.00688, 1.6e-05, -0.000359, -0.004265, -4e-06, -5.7e-05, -0.000369, -9.9e-05, -0.001623, -0.01025, 0.000209, -1e-06, -7e-06, 0.000346, -0.00011, -0.030154, -0.229605, -0.372251, 0.015275, 0.088548, -0.148772, 0.042976, 0.249128, -0.33275, 0.037161, -0.006228, 0.010666, 0.029335, 0.061828, 0.000732, -0.009104, -0.042667, 0.000762, 0.004592, -0.006871, 0.007904, 0.047615, -0.067812, 0.003519, -0.000642, 0.000962, 0.002334, 0.005796, 0.050448, -0.271218, -0.332855, -0.019123, -0.126545, -0.075987, 0.043343, 0.28683, 0.328459, -0.00369, -0.010981, -0.006323, -0.077397, -0.041842, 0.231472, 0.395366, 0.077454, -0.067819, -0.120359, 0.243722, 0.412506, 0.015929, 0.094294, -0.134363, 0.234152, 0.399972, -0.090138, -0.044383, -0.12451, -0.063723, -0.111236, -0.007677, -0.054429, 0.03905, -5.1e-05, -0.004143, -1e-06, -9e-06, -3.4e-05, -0.044819, -0.076921, 0.005718, 0.038659, 0.048814], [-0.011493, -0.090254, -0.034397, -0.002254, 0.004838, 0.122651, -0.001574, 4.3e-05, 0.001092, 0.094083, 0.00017, 0.004307, 0.089534, -0.007075, -0.0, 0.0, -0.0, -0.0, 0.0, -0.0, 0.0, 0.0, 0.0, 1.0, 0.0, 0.0, 0.0, -0.0, -0.023674, -0.10438, -0.032055, -0.046492, -0.099961, -0.07824, -0.024948, 0.012695, 0.009937, 0.097487, -0.064356, -0.050372, -0.013737, -0.055513, -2.3e-05, -0.012688, -0.024572, -0.000658, -0.004235, -0.016152, -0.00332, -0.010629, -0.040542, 0.009005, -0.000283, -0.00108, 0.012655, -0.007126, 0.0, -3e-06, -0.001318, 0.0, 0.0, 1e-06, -0.000201, -0.001201, -0.002913, 0.0, -0.0, -0.0, 0.0, -0.0, 0.0, 0.0, -3e-06, 0.0, 0.0, 0.0, -0.0, -1e-06, -9e-06, 0.0, 0.0, 0.0, 0.0, 0.0, -1.4e-05, -0.010656, -0.023201, 0.001511, 0.005537, -0.012554, 0.008811, 0.016391, -0.037161, 0.007014, -0.001001, 0.00227, 0.007794, 0.008537, 0.0, -0.0, -0.00043, 0.0, 0.0, -0.0, 0.000159, 0.000687, -0.001165, 0.0, -0.0, 0.0, 0.0, 0.0, 0.013187, -0.100831, -0.053276, -0.040924, -0.101243, 0.06411, 0.042999, 0.013647, -0.008641, 0.076046, -0.065587, 0.041531, -0.031758, 0.067144, -0.007798, -0.014828, -0.006403, 0.002675, 0.006964, -0.014062, -0.025835, -0.001966, -0.007473, 0.015211, -0.005887, -0.011197, 0.006189, 0.001152, 0.004689, -0.011689, -0.02412, -0.002828, -0.012868, -0.003315, 0.0, -2.6e-05, 0.0, 0.0, 0.0, -0.01256, -0.024316, 0.003356, 0.014379, -0.002488], [-1.1e-05, -8.3e-05, -3.1e-05, 0.004856, -0.000819, 0.000177, 0.005315, -0.000901, 7.2e-05, 0.00017, 0.041831, -0.010528, 0.000294, 0.001774, 0.0, 0.0, 0.0, -0.0, -0.0, 0.0, 0.0, 0.0, 0.0, 0.0, 1.0, 0.0, 0.0, 0.0, 0.006985, 0.030799, 0.009458, -0.134959, 0.034623, 0.042043, -0.112472, 0.000387, 0.012347, -0.064356, -0.152688, -0.173875, -0.012047, 0.054468, 1e-06, 0.000275, 0.000532, -0.001458, -3.3e-05, 0.00042, -0.013575, -0.000921, 0.001527, -0.000283, 3.5e-05, -0.002291, -0.000435, -1.2e-05, 0.0, 0.0, 7.6e-05, 0.0, -0.0, -0.0, -0.000312, 4.4e-05, 0.000195, -0.0, -0.0, -0.0, -0.0, 0.0, 0.0, 0.0, 0.0, 0.0, 0.0, 0.0, -0.0, -0.0, 0.0, 0.0, 0.0, 0.0, 0.0, 0.0, 1e-06, 0.001047, 0.00228, 0.001748, -0.000329, 0.001473, 0.01955, 0.000707, 0.006228, -0.001001, -0.000651, 0.002471, -0.001245, -0.000682, 0.0, 0.0, 6.5e-05, 0.0, -0.0, 0.0, 0.000136, -9.1e-05, 0.000198, -0.0, -0.0, 0.0, -0.0, -0.0, -0.005093, 0.038944, 0.020577, -0.088695, 0.046141, -0.038586, 0.15034, -0.016513, 0.025423, -0.065587, -0.13153, 0.107912, 0.008945, -0.061292, -0.005968, -0.011347, -0.001499, 0.000862, 0.007277, 0.001618, 0.002972, -0.002232, 0.000613, -0.002075, 0.00444, 0.008444, -0.001637, 0.000878, -0.005477, 0.005564, 0.01148, -0.003123, 0.00668, 0.001872, 0.0, 1e-06, 0.0, 0.0, 0.0, 0.006526, 0.012634, 0.003478, -0.0082, 0.001541], [-0.000267, -0.002095, -0.000798, 0.123112, 0.000177, 0.003671, 0.134737, 7.2e-05, 0.000927, 0.004307, -0.010528, -0.224656, 0.003859, -0.000376, 0.0, 0.0, 0.0, 0.0, 0.0, -0.0, -0.0, 0.0, 0.0, 0.0, 0.0, 1.0, 0.0, 0.0, 0.005468, 0.024106, 0.007403, -0.105633, 0.042043, 0.013815, -0.088032, 0.012347, -0.005724, -0.050372, -0.173875, -0.066633, 0.040127, 0.030369, 2e-06, 0.001048, 0.002029, -0.005562, 0.00042, 0.001458, -0.051777, 0.001527, 0.004502, -0.00108, -0.002291, -0.008103, -0.001212, 0.00075, 0.0, 0.0, 0.000185, 0.0, -0.0, -0.0, -0.000756, 0.000195, 0.000435, -0.0, -0.0, -0.0, -0.0, 0.0, 0.0, 0.0, 0.0, 0.0, 0.0, 0.0, -1e-06, 0.0, 0.0, 0.0, 0.0, 0.0, 0.0, 0.0, -3e-06, -0.002374, -0.00517, -0.003964, 0.001473, -0.003019, -0.044322, 0.006228, -0.010666, 0.00227, 0.002471, -0.005162, 0.001903, 0.002386, 0.0, -0.0, -0.00011, -0.0, 0.0, -0.0, -0.00023, 0.000198, -0.00031, 0.0, 0.0, -0.0, 0.0, 0.0, 0.003225, -0.024661, -0.01303, 0.056165, -0.038586, 0.009639, -0.0952, 0.025423, 0.007536, 0.041531, 0.107912, -0.029448, -0.041905, 0.021671, -0.015537, -0.029543, -0.003904, 0.007277, 0.017012, -0.003293, -0.00605, 0.004544, -0.002075, 0.003818, 0.018078, 0.034382, -0.006666, -0.005477, -0.020075, 0.001433, 0.002958, -0.000805, 0.001872, -0.000103, 0.0, 2e-06, 0.0, 0.0, 0.0, -0.001129, -0.002186, -0.000602, 0.001541, 0.000443], [-0.019846, -0.155852, -0.059398, -0.002245, 0.018055, 0.211424, -0.000914, 0.010689, 0.001479, 0.089534, 0.000294, 0.003859, 0.195232, -0.033216, -0.0, -0.0, -0.0, 0.0, -0.0, -0.0, 0.0, 0.0, 0.0, 0.0, 0.0, 0.0, 1.0, -0.0, 0.010075, 0.044422, 0.013642, 0.010404, -0.064697, 0.171918, 0.003055, -0.091837, 0.107499, -0.013737, -0.012047, 0.040127, -0.27817, 0.1143, -3.5e-05, -0.019172, -0.03713, -0.000745, -0.00915, -0.023692, -0.002711, -0.041553, -0.054637, 0.012655, -0.000435, -0.001212, 0.017504, -0.014801, 0.0, -3e-06, -0.001625, 0.0, 1e-06, 1e-06, -0.000196, -0.002031, -0.003368, 0.0, -0.0, -0.0, 1e-06, -1e-06, 0.0, 0.0, -5e-06, 0.0, 0.0, 0.0, -0.0, -3e-06, -1.5e-05, 0.0, 0.0, 0.0, 0.0, 0.0, -1.7e-05, -0.012566, -0.027361, 0.001345, 0.009657, -0.013458, 0.005686, 0.052987, -0.029335, 0.007794, -0.001245, 0.001903, 0.005758, 0.0137, 0.0, -0.0, -0.000366, 0.0, 0.0, -0.0, 0.00011, 0.000816, -0.000857, 0.0, -0.0, 0.0, 0.0, 0.0, -0.010095, 0.077189, 0.040784, 0.018251, 0.022872, -0.138474, -0.012025, 0.076832, 0.149432, -0.031758, 0.008945, -0.041905, -0.147642, -0.157398, -0.015097, -0.028706, -0.008075, 0.008763, 0.014002, -0.015053, -0.027655, -0.001602, -0.011889, 0.014413, -0.017028, -0.032385, 0.010477, 0.006253, 0.016547, 0.018413, 0.037994, 0.003391, 0.019895, 0.007263, 0.0, -4e-05, 0.0, 0.0, 0.0, 0.021399, 0.041429, -0.004322, -0.02442, 0.005884], [0.001568, 0.012315, 0.004693, 0.000177, 0.122099, -0.021579, 7.2e-05, 0.134325, -0.005449, -0.007075, 0.001774, -0.000376, -0.033216, -0.222511, 0.0, 0.0, 0.0, 0.0, 0.0, -0.0, 0.0, -0.0, 0.0, -0.0, 0.0, 0.0, -0.0, 1.0, 0.040715, 0.179513, 0.055128, 0.042043, 0.201801, 0.102877, 0.012347, 0.002256, -0.042623, -0.055513, 0.054468, 0.030369, 0.1143, 0.155441, 2e-05, 0.010795, 0.020907, 0.00042, -0.001278, 0.015026, 0.001527, -0.036194, 0.046388, -0.007126, -1.2e-05, 0.00075, -0.014801, -0.000448, 0.0, 3e-06, 0.001615, -0.0, -0.0, -1e-06, 0.000195, 0.000921, 0.0038, -0.0, 0.0, 0.0, -1e-06, 1e-06, 0.0, 0.0, 2e-06, 0.0, 0.0, 0.0, 0.0, -0.0, 5e-06, 0.0, 0.0, 0.0, 0.0, 0.0, -1.9e-05, -0.013764, -0.029968, 0.001473, 0.004322, -0.0175, 0.006228, -0.009292, -0.061828, 0.008537, -0.000682, 0.002386, 0.0137, 0.008255, 0.0, -0.0, -0.000661, 0.0, 0.0, -0.0, 0.000198, 0.000931, -0.00187, 0.0, -0.0, 0.0, 0.0, 0.0, 0.021344, -0.163195, -0.086227, -0.038586, -0.193352, 0.06379, 0.025423, 0.069199, 0.049872, 0.067144, -0.061292, 0.021671, -0.157398, 0.110686, 0.013605, 0.025868, 0.007277, -0.001964, -0.014896, -0.019495, -0.035815, -0.002075, -0.00739, 0.0226, 0.008901, 0.016929, -0.005477, 0.00176, -0.009885, 0.010162, 0.02097, 0.001872, 0.012201, -0.000729, 0.0, 2.3e-05, 0.0, 0.0, 0.0, -0.007633, -0.014778, 0.001541, 0.009592, 0.002993], [0.0, 5.1e-05, 0.00745, -1e-06, -8e-06, -1.7e-05, -0.000966, -0.008163, -0.016923, -1e-06, 0.0, 0.0, -1e-06, 1e-06, 2e-06, 0.028881, 0.066135, -0.00433, -0.032247, -0.02524, -0.013115, -0.09766, -0.076439, -0.023674, 0.006985, 0.005468, 0.010075, 0.040715, 1.0, 0.325565, 0.151774, 0.0, 0.0, -0.0, 0.0, 0.0, -0.0, -0.0, 0.0, 0.0, -0.0, -0.0, 0.0, 0.019925, 0.058217, -0.001605, -0.008986, 0.025414, -0.006866, -0.038433, 0.108702, -0.014105, 0.000977, -0.002763, -0.019137, -0.015466, 0.0, 8e-06, 0.004518, -0.0, -0.0, -2e-06, 4.9e-05, 0.001265, 0.011092, -0.0, 0.0, 0.0, -1e-06, 0.0, 0.0, 0.0, 3e-06, 0.0, 0.0, 0.0, -0.0, -1e-06, 9e-06, 0.0, 0.0, 0.0, 0.0, 0.0, 0.0, 0.000173, 0.011337, -1.1e-05, -7.1e-05, 4.6e-05, -0.003604, -0.023684, 0.015289, -7e-06, 3e-06, -2e-06, 5e-06, -1.1e-05, 0.0, 0.0, 4e-06, 0.0, 0.0, 0.0, -1e-06, -9e-06, 7e-06, 0.0, 0.0, 0.0, 0.0, 0.0, 0.0, 3.2e-05, 0.007314, 2e-06, 1.1e-05, 0.0, -0.002584, -0.018055, -0.00068, -3e-06, 1e-06, 0.0, 5e-06, 0.0, 0.0, 0.001494, 0.0, -0.0, -0.0, 6e-06, 0.005971, 0.0, -0.0, -0.0, 0.0, 0.001493, -0.0, -0.0, -0.0, 0.052564, 0.088094, 0.012392, 0.083716, -0.023723, 0.0, 6.6e-05, 0.0, 0.0, 0.0, 0.0, 0.001764, -0.0, -0.0, -0.0], [5.1e-05, 0.008561, 0.077163, -0.000492, -0.004161, -0.008626, -0.008701, -0.073557, -0.152501, -0.00395, 0.000307, 0.000637, -0.004282, 0.005383, 0.028881, 0.269336, 0.419391, -0.030675, -0.228432, -0.178795, -0.062392, -0.464617, -0.363658, -0.10438, 0.030799, 0.024106, 0.044422, 0.179513, 0.325565, 1.0, 0.798485, 0.0, -0.0, -0.0, 0.0, -0.0, -0.0, 0.0, 0.0, 0.0, -0.0, 0.0, 0.019925, 0.220207, 0.379915, -0.014624, -0.081859, 0.231524, -0.033908, -0.189803, 0