{
    "opt_E": -2.197679553269145,
    "HF_E": -2.1662492239673607,
    "B3LYP_E": -2.1684887134352913,
    "sto-3G_E": -2.1447826225428024,
    "proj": [
        [
            0.5552489115948965,
            0.34563009066400474,
            0.04562718680228409,
            -0.15773938440294644,
            -0.05170297357660805,
            0.02656661287229082,
            0.1752406252652647,
            0.09119606939094407,
            -0.2175173985271438,
            -0.08687027542284723,
            0.013554742522836354,
            0.037495554824407064,
            0.011721818663377853,
            0.021853620684825797,
            -0.011636922975255332,
            -0.0004364926287107075,
            -0.030117818190223522,
            0.0013694175437701712,
            -0.0029716507672947604,
            0.0007563519495889092
        ],
        [
            0.34563009066400474,
            0.22814729317547397,
            0.01314497094083536,
            -0.05747887997580366,
            -0.017098835864229972,
            0.09720820884014297,
            0.13569461726924492,
            0.04770469582803288,
            -0.12758414565813492,
            -0.04629878453275169,
            0.02244415717897211,
            0.03250201909743052,
            -0.005876657639320746,
            -0.031078431429864595,
            -0.0034151632722153025,
            -0.024476483239594508,
            -0.032278049980916594,
            0.0012109142255915819,
            -0.009577000713681515,
            0.0010604945694085187
        ],
        [
            0.04562718680228409,
            0.01314497094083536,
            0.02775513097045937,
            -0.07188786806790655,
            -0.027354686983460223,
            -0.11142060605044041,
            -0.016113728526787705,
            0.02880912775014023,
            -0.006258882359852428,
            -0.019249608752038235,
            0.02718080014498961,
            -0.004194688560205079,
            0.02774916636254059,
            0.05077744893164082,
            -0.0017449063800622465,
            -0.01118318275745433,
            -0.003243288232622774,
            0.004201769131682768,
            -0.024791381688381582,
            0.004946377542191604
        ],
        [
            -0.15773938440294644,
            -0.05747887997580366,
            -0.07188786806790655,
            0.1945330351902374,
            0.07199978731622747,
            0.2845306176628606,
            0.03839731871079355,
            -0.07041620259042168,
            0.05638255581970581,
            0.05384609208620068,
            -0.015468169002069019,
            0.027476672257307367,
            -0.06553747462351232,
            -0.13220680867183365,
            0.007887790752955877,
            0.01966039029950793,
            0.01570540984966626,
            -0.006653199760252321,
            0.03339476256888467,
            -0.007796486450767661
        ],
        [
            -0.05170297357660805,
            -0.017098835864229972,
            -0.027354686983460223,
            0.07199978731622747,
            0.027124282921079435,
            0.10841894715169434,
            0.01458658026509935,
            -0.028102012839554363,
            0.011783304917384451,
            0.019687303341458864,
            -0.02027045775535944,
            0.0057540938194199625,
            -0.02643484207556066,
            -0.05000607088834194,
            0.0021772276627144713,
            0.00945278592892773,
            0.003894015164550469,
            -0.003613729522969781,
            0.020577119753327842,
            -0.004242609011881188
        ],
        [
            0.02656661287229082,
            0.09720820884014297,
            -0.11142060605044041,
            0.2845306176628606,
            0.10841894715169434,
            0.5732958718130439,
            0.18737059357373073,
            -0.07616469154256866,
            -0.005251915629350102,
            0.05169118592404299,
            0.013638761827236947,
            0.08909267667758779,
            -0.11699845579932289,
            -0.245634643321726,
            0.010042006464039398,
            0.032695677364799676,
            0.016116822286250342,
            -0.009470924791084787,
            0.04398252293160351,
            -0.011616459033542368
        ],
        [
            0.1752406252652647,
            0.13569461726924492,
            -0.016113728526787705,
            0.03839731871079355,
            0.01458658026509935,
            0.18737059357373073,
            0.130222471096069,
            0.022687194133125987,
            -0.023415840086709105,
            -0.013962821791652563,
            0.11133993216495325,
            0.08320817414820143,
            -0.022785096487346723,
            -0.05982236891852157,
            0.002492457562060097,
            0.02187661308461816,
            0.023981639906122617,
            0.004523475844253089,
            -0.03619378639892003,
            0.004621872003198652
        ],
        [
            0.09119606939094407,
            0.04770469582803288,
            0.02880912775014023,
            -0.07041620259042168,
            -0.028102012839554363,
            -0.07616469154256866,
            0.022687194133125987,
            0.04615456150246791,
            0.009959013075375191,
            -0.026077077650474918,
            0.1072556450086514,
            0.03458593065922642,
            0.030467970020572728,
            0.042525590045496706,
            0.000745342211255939,
            -0.01050714914166321,
            0.010084685320219732,
            0.009425865471377195,
            -0.06247073872338311,
            0.010861936476499773
        ],
        [
            -0.2175173985271438,
            -0.12758414565813492,
            -0.006258882359852428,
            0.05638255581970581,
            0.011783304917384451,
            -0.005251915629350102,
            -0.023415840086709105,
            0.009959013075375191,
            0.19601078994456486,
            0.025753079185525763,
            0.2445501063171327,
            0.07138184201809859,
            0.02496460095033009,
            -0.0141022278498985,
            0.016710878020798882,
            -0.048866970212407095,
            0.03003410844237147,
            0.01876873017736788,
            -0.13841670066207223,
            0.02237792304471703
        ],
        [
            -0.08687027542284723,
            -0.04629878453275169,
            -0.019249608752038235,
            0.05384609208620068,
            0.019687303341458864,
            0.05169118592404299,
            -0.013962821791652563,
            -0.026077077650474918,
            0.025753079185525763,
            0.01992236289462529,
            -0.02215917990564123,
            -0.007505396481816086,
            -0.015167650243507563,
            -0.031063583825928307,
            0.002516492040502649,
            -0.00296194263521743,
            -0.0017865568347208093,
            -0.0025002183249704588,
            0.01390031198096461,
            -0.002755999857641151
        ],
        [
            0.013554742522836354,
            0.02244415717897211,
            0.02718080014498961,
            -0.015468169002069019,
            -0.02027045775535944,
            0.013638761827236947,
            0.11133993216495325,
            0.1072556450086514,
            0.2445501063171327,
            -0.02215917990564123,
            0.5761963086555204,
            0.22324579890518234,
            0.06194435122339811,
            0.01897948728005978,
            0.022056008499527043,
            -0.026935255139674347,
            0.09632721970193825,
            0.04203764946257946,
            -0.29846255673911115,
            0.04859594064982264
        ],
        [
            0.037495554824407064,
            0.03250201909743052,
            -0.004194688560205079,
            0.027476672257307367,
            0.0057540938194199625,
            0.08909267667758779,
            0.08320817414820143,
            0.03458593065922642,
            0.07138184201809859,
            -0.007505396481816086,
            0.22324579890518234,
            0.1448733813275412,
            -0.0042171735523658885,
            0.03251488938274088,
            -0.0013802350167500376,
            0.15581500827773187,
            0.14087147596250552,
            0.010167139149130698,
            -0.0645279691992067,
            0.010109928036942991
        ],
        [
            0.011721818663377853,
            -0.005876657639320746,
            0.02774916636254059,
            -0.06553747462351232,
            -0.02643484207556066,
            -0.11699845579932289,
            -0.022785096487346723,
            0.030467970020572728,
            0.02496460095033009,
            -0.015167650243507563,
            0.06194435122339811,
            -0.0042171735523658885,
            0.034659275390117546,
            0.038270853687904206,
            0.0028405543481222068,
            -0.05209865458553696,
            -0.020468425650001076,
            0.007920804874558358,
            -0.05399719826035059,
            0.00966611498985852
        ],
        [
            0.021853620684825797,
            -0.031078431429864595,
            0.05077744893164082,
            -0.13220680867183365,
            -0.05000607088834194,
            -0.245634643321726,
            -0.05982236891852157,
            0.042525590045496706,
            -0.0141022278498985,
            -0.031063583825928307,
            0.01897948728005978,
            0.03251488938274088,
            0.038270853687904206,
            0.18745694388448753,
            -0.018318480922452765,
            0.1997253607896436,
            0.1327473607667842,
            -0.0002403762859195163,
            0.026352981123992498,
            -0.0020420939413112915
        ],
        [
            -0.011636922975255332,
            -0.0034151632722153025,
            -0.0017449063800622465,
            0.007887790752955877,
            0.0021772276627144713,
            0.010042006464039398,
            0.002492457562060097,
            0.000745342211255939,
            0.016710878020798882,
            0.002516492040502649,
            0.022056008499527043,
            -0.0013802350167500376,
            0.0028405543481222068,
            -0.018318480922452765,
            0.003839039165491227,
            -0.03902542679845148,
            -0.019997282342200433,
            0.002522916207146088,
            -0.02102365709079907,
            0.0032831177724262244
        ],
        [
            -0.0004364926287107075,
            -0.024476483239594508,
            -0.01118318275745433,
            0.01966039029950793,
            0.00945278592892773,
            0.032695677364799676,
            0.02187661308461816,
            -0.01050714914166321,
            -0.048866970212407095,
            -0.00296194263521743,
            -0.026935255139674347,
            0.15581500827773187,
            -0.05209865458553696,
            0.1997253607896436,
            -0.03902542679845148,
            0.5867898740842864,
            0.3695007286385896,
            -0.019325296971815766,
            0.17436512677385377,
            -0.02781690969434892
        ],
        [
            -0.030117818190223522,
            -0.032278049980916594,
            -0.003243288232622774,
            0.01570540984966626,
            0.003894015164550469,
            0.016116822286250342,
            0.023981639906122617,
            0.010084685320219732,
            0.03003410844237147,
            -0.0017865568347208093,
            0.09632721970193825,
            0.14087147596250552,
            -0.020468425650001076,
            0.1327473607667842,
            -0.019997282342200433,
            0.3695007286385896,
            0.256962043149849,
            -0.003984950089365096,
            0.05189898340431282,
            -0.008053212011276813
        ],
        [
            0.0013694175437701712,
            0.0012109142255915819,
            0.004201769131682768,
            -0.006653199760252321,
            -0.003613729522969781,
            -0.009470924791084787,
            0.004523475844253089,
            0.009425865471377195,
            0.01876873017736788,
            -0.0025002183249704588,
            0.04203764946257946,
            0.010167139149130698,
            0.007920804874558358,
            -0.0002403762859195163,
            0.002522916207146088,
            -0.019325296971815766,
            -0.003984950089365096,
            0.003740166111155535,
            -0.027223567197307796,
            0.004490756731382026
        ],
        [
            -0.0029716507672947604,
            -0.009577000713681515,
            -0.024791381688381582,
            0.03339476256888467,
            0.020577119753327842,
            0.04398252293160351,
            -0.03619378639892003,
            -0.06247073872338311,
            -0.13841670066207223,
            0.01390031198096461,
            -0.29846255673911115,
            -0.0645279691992067,
            -0.05399719826035059,
            0.026352981123992498,
            -0.02102365709079907,
            0.17436512677385377,
            0.05189898340431282,
            -0.027223567197307796,
            0.20163111493340377,
            -0.033000279596873267
        ],
        [
            0.0007563519495889092,
            0.0010604945694085187,
            0.004946377542191604,
            -0.007796486450767661,
            -0.004242609011881188,
            -0.011616459033542368,
            0.004621872003198652,
            0.010861936476499773,
            0.02237792304471703,
            -0.002755999857641151,
            0.04859594064982264,
            0.010109928036942991,
            0.00966611498985852,
            -0.0020420939413112915,
            0.0032831177724262244,
            -0.02781690969434892,
            -0.008053212011276813,
            0.004490756731382026,
            -0.033000279596873267,
            0.005437142195228735
        ]
    ]
}