{
    "opt_E": -2.1942779681155233,
    "HF_E": -2.1630757190263137,
    "B3LYP_E": -2.165114168955658,
    "sto-3G_E": -2.147927696063554,
    "proj": [
        [
            0.5779047348808858,
            0.36855865951488753,
            -0.01129488408333376,
            -0.1776815960744295,
            -0.0067749956713213915,
            -0.019894321838163746,
            0.16441746843447178,
            0.006098519522700053,
            -0.2040334507360814,
            -0.0019298564300852057,
            0.04135033586714522,
            0.024308422246519527,
            0.014355760733432666,
            0.05425098228207159,
            0.004439844533322069,
            -0.0010600657591228288,
            -0.027832543837087987,
            0.005797693609334335,
            -0.03049747738071679,
            0.0065181672061682865
        ],
        [
            0.36855865951488753,
            0.25588690590404867,
            -0.004591522342750508,
            -0.059049994215084854,
            -0.0025497926690571074,
            0.08862308220462435,
            0.1412417751046498,
            -0.002663847611122664,
            -0.13414424217143744,
            -0.002688599744182152,
            0.026846383747382466,
            0.024037403514334168,
            -0.006599543941143203,
            -0.02852319693816082,
            -0.0014709833281875597,
            -0.03365170000253843,
            -0.03688645495988085,
            0.002325661879837999,
            -0.024014662507652176,
            0.0036821924363327372
        ],
        [
            -0.01129488408333376,
            -0.004591522342750508,
            0.000565995795962388,
            0.010953213122120649,
            0.0003707034384279169,
            0.014248512151146617,
            0.001765183192371052,
            -0.0011894815626659818,
            0.002839490451512574,
            -0.00023134901720311092,
            -0.0012484448996715077,
            0.0014709669056140703,
            -0.002698367004982435,
            -0.008068776648698844,
            -0.0010209089197336667,
            -0.001241730214407409,
            -0.0001759175950673034,
            -0.0003981563404070174,
            0.0014800803473276503,
            -0.00041065245717000613
        ],
        [
            -0.1776815960744295,
            -0.059049994215084854,
            0.010953213122120649,
            0.22259818584427735,
            0.007358590110158329,
            0.3120551887303312,
            0.05597321068392858,
            -0.03199817974924302,
            0.017260139987468268,
            -0.007763843441089376,
            -0.05197239559624113,
            0.039691533663660565,
            -0.06387809776116324,
            -0.14746488087687193,
            -0.028657269384745554,
            0.018153075837031817,
            0.016151303519707373,
            -0.010767944227829136,
            0.06408259917637468,
            -0.013635609029796436
        ],
        [
            -0.0067749956713213915,
            -0.0025497926690571074,
            0.0003707034384279169,
            0.007358590110158329,
            0.00024703574376433224,
            0.0098042973876115,
            0.0013413304142973965,
            -0.0010360305866073678,
            0.0009349338667448583,
            -0.0002442334146565959,
            -0.0019764079843961496,
            0.0008244227786565239,
            -0.001992547433117931,
            -0.005209917861255106,
            -0.0008331554818743917,
            -0.00043194793791462895,
            -8.161084031131845e-05,
            -0.000343975170345736,
            0.001864861976641748,
            -0.0004161082647056736
        ],
        [
            -0.019894321838163746,
            0.08862308220462435,
            0.014248512151146617,
            0.3120551887303312,
            0.0098042973876115,
            0.5731015299565619,
            0.2075762088200974,
            -0.040152907165953274,
            -0.030736079337459487,
            -0.009754172929982851,
            0.016607459791619518,
            0.11615819863205444,
            -0.10223642099103604,
            -0.24863868560521263,
            -0.044238376903737484,
            0.03777419789244713,
            0.030920612245490767,
            -0.011674143196678307,
            0.04802769751035397,
            -0.012797942017860815
        ],
        [
            0.16441746843447178,
            0.1412417751046498,
            0.001765183192371052,
            0.05597321068392858,
            0.0013413304142973965,
            0.2075762088200974,
            0.13911151448614914,
            0.0012203799284234232,
            -0.03118128225942168,
            0.0008423410901025893,
            0.10075262057242632,
            0.0808581517033357,
            -0.026267790488790434,
            -0.07058602478156889,
            -0.01035990608154956,
            0.033436013575292294,
            0.026955639149746854,
            0.0018492192672853102,
            -0.03519415718160976,
            0.004628671501622297
        ],
        [
            0.006098519522700053,
            -0.002663847611122664,
            -0.0011894815626659818,
            -0.03199817974924302,
            -0.0010360305866073678,
            -0.040152907165953274,
            0.0012203799284234232,
            0.02033281118687026,
            0.05116780702601073,
            0.006882598673904038,
            0.09514240508333738,
            0.019322295075811693,
            0.01788872718384496,
            0.010578329570927357,
            0.011401753571345577,
            -0.008263554875887194,
            0.007944682407096055,
            0.006671780054058338,
            -0.06544325365596605,
            0.01110837287801085
        ],
        [
            -0.2040334507360814,
            -0.13414424217143744,
            0.002839490451512574,
            0.017260139987468268,
            0.0009349338667448583,
            -0.030736079337459487,
            -0.03118128225942168,
            0.05116780702601073,
            0.22195681820954438,
            0.019395974686010984,
            0.2602214423861762,
            0.057428242092408814,
            0.03326669418690104,
            -0.031532520072198096,
            0.02665450490325741,
            -0.03430147622335588,
            0.027839372736319916,
            0.01575177041224133,
            -0.17609223171955182,
            0.0285768104420568
        ],
        [
            -0.0019298564300852057,
            -0.002688599744182152,
            -0.00023134901720311092,
            -0.007763843441089376,
            -0.0002442334146565959,
            -0.009754172929982851,
            0.0008423410901025893,
            0.006882598673904038,
            0.019395974686010984,
            0.0023896526567067696,
            0.033499387622491564,
            0.007162889379803597,
            0.005545956498404853,
            0.0008439578495696924,
            0.003794854621949125,
            -0.0039622658774088665,
            0.0024257428875724667,
            0.002260246637600834,
            -0.023069818181467278,
            0.0038568974649866705
        ],
        [
            0.04135033586714522,
            0.026846383747382466,
            -0.0012484448996715077,
            -0.05197239559624113,
            -0.0019764079843961496,
            0.016607459791619518,
            0.10075262057242632,
            0.09514240508333738,
            0.2602214423861762,
            0.033499387622491564,
            0.5409753846641037,
            0.17979905485535483,
            0.05250022900814737,
            -0.006590523178080677,
            0.03812870812116429,
            0.04603033460842578,
            0.10312931931910488,
            0.031011924938194275,
            -0.31898790484842315,
            0.05307336709030684
        ],
        [
            0.024308422246519527,
            0.024037403514334168,
            0.0014709669056140703,
            0.039691533663660565,
            0.0008244227786565239,
            0.11615819863205444,
            0.0808581517033357,
            0.019322295075811693,
            0.057428242092408814,
            0.007162889379803597,
            0.17979905485535483,
            0.1255572725216462,
            -0.012314961539154425,
            0.026885447378041112,
            -0.010532747111961928,
            0.17605556311771076,
            0.13204065756263597,
            0.0047617075027020705,
            -0.03842898965821863,
            0.007026766284186337
        ],
        [
            0.014355760733432666,
            -0.006599543941143203,
            -0.002698367004982435,
            -0.06387809776116324,
            -0.001992547433117931,
            -0.10223642099103604,
            -0.026267790488790434,
            0.01788872718384496,
            0.03326669418690104,
            0.005545956498404853,
            0.05250022900814737,
            -0.012314961539154425,
            0.026212159951336387,
            0.02793346144546781,
            0.015165054887336151,
            -0.036609991201621415,
            -0.016309668527306177,
            0.0060455723940415085,
            -0.054145849854784524,
            0.009552487378552535
        ],
        [
            0.05425098228207159,
            -0.02852319693816082,
            -0.008068776648698844,
            -0.14746488087687193,
            -0.005209917861255106,
            -0.24863868560521263,
            -0.07058602478156889,
            0.010578329570927357,
            -0.031532520072198096,
            0.0008439578495696924,
            -0.006590523178080677,
            0.026885447378041112,
            0.02793346144546781,
            0.24233435783207474,
            -0.005640418592889974,
            0.24850862062805912,
            0.14473074011622508,
            -0.0001476436551115202,
            0.07589609770969662,
            -0.007805352003940262
        ],
        [
            0.004439844533322069,
            -0.0014709833281875597,
            -0.0010209089197336667,
            -0.028657269384745554,
            -0.0008331554818743917,
            -0.044238376903737484,
            -0.01035990608154956,
            0.011401753571345577,
            0.02665450490325741,
            0.003794854621949125,
            0.03812870812116429,
            -0.010532747111961928,
            0.015165054887336151,
            -0.005640418592889974,
            0.011014055145182004,
            -0.05001895987539419,
            -0.02547869490033635,
            0.004228311559527128,
            -0.045579560796222024,
            0.007463475751206648
        ],
        [
            -0.0010600657591228288,
            -0.03365170000253843,
            -0.001241730214407409,
            0.018153075837031817,
            -0.00043194793791462895,
            0.03777419789244713,
            0.033436013575292294,
            -0.008263554875887194,
            -0.03430147622335588,
            -0.0039622658774088665,
            0.04603033460842578,
            0.17605556311771076,
            -0.036609991201621415,
            0.24850862062805912,
            -0.05001895987539419,
            0.5433674313630537,
            0.33649629887881194,
            -0.00928915515250367,
            0.1739202995787393,
            -0.023908469452191567
        ],
        [
            -0.027832543837087987,
            -0.03688645495988085,
            -0.0001759175950673034,
            0.016151303519707373,
            -8.161084031131845e-05,
            0.030920612245490767,
            0.026955639149746854,
            0.007944682407096055,
            0.027839372736319916,
            0.0024257428875724667,
            0.10312931931910488,
            0.13204065756263597,
            -0.016309668527306177,
            0.14473074011622508,
            -0.02547869490033635,
            0.33649629887881194,
            0.22067618540077064,
            -0.001616773777077553,
            0.06193549243576405,
            -0.007375181047130438
        ],
        [
            0.005797693609334335,
            0.002325661879837999,
            -0.0003981563404070174,
            -0.010767944227829136,
            -0.000343975170345736,
            -0.011674143196678307,
            0.0018492192672853102,
            0.006671780054058338,
            0.01575177041224133,
            0.002260246637600834,
            0.031011924938194275,
            0.0047617075027020705,
            0.0060455723940415085,
            -0.0001476436551115202,
            0.004228311559527128,
            -0.00928915515250367,
            -0.001616773777077553,
            0.0023012554852017576,
            -0.02366398791788358,
            0.003939292163126926
        ],
        [
            -0.03049747738071679,
            -0.024014662507652176,
            0.0014800803473276503,
            0.06408259917637468,
            0.001864861976641748,
            0.04802769751035397,
            -0.03519415718160976,
            -0.06544325365596605,
            -0.17609223171955182,
            -0.023069818181467278,
            -0.31898790484842315,
            -0.03842898965821863,
            -0.054145849854784524,
            0.07589609770969662,
            -0.045579560796222024,
            0.1739202995787393,
            0.06193549243576405,
            -0.02366398791788358,
            0.2664821735626499,
            -0.042869107336053786
        ],
        [
            0.0065181672061682865,
            0.0036821924363327372,
            -0.00041065245717000613,
            -0.013635609029796436,
            -0.0004161082647056736,
            -0.012797942017860815,
            0.004628671501622297,
            0.01110837287801085,
            0.0285768104420568,
            0.0038568974649866705,
            0.05307336709030684,
            0.007026766284186337,
            0.009552487378552535,
            -0.007805352003940262,
            0.007463475751206648,
            -0.023908469452191567,
            -0.007375181047130438,
            0.003939292163126926,
            -0.042869107336053786,
            0.006984539409210235
        ]
    ]
}