{"proj": [[[0.5392505526542664, 0.3452625274658203, 0.0062288399785757065, -0.1767079085111618, -0.024662410840392113, 0.03081483766436577, 0.17161665856838226, 0.004464443773031235, -0.26180970668792725, -0.045907486230134964, 0.0532601922750473, 0.03692930191755295, -0.0005616289563477039, 0.032207489013671875, -0.005924341268837452, 0.0, 0.0, 0.0, 0.0, 0.0], [0.3452625274658203, 0.23646147549152374, 0.0009218347258865833, -0.06609652191400528, -0.010966096073389053, 0.09676279127597809, 0.13303712010383606, -0.007971875369548798, -0.14623510837554932, -0.014118906110525131, 0.03268153592944145, 0.007071229629218578, 0.016677208244800568, -0.03327896073460579, -0.006848352029919624, 0.0, 0.0, 0.0, 0.0, 0.0], [0.0062288399785757065, 0.0009218347258865833, -0.0019236132502555847, -0.01513766497373581, -0.005278733558952808, -0.029194965958595276, 0.0014735688455402851, 0.0035259276628494263, -0.0033354545012116432, -0.0001643410651013255, -0.0065468549728393555, -0.006861352827399969, -0.007855860516428947, 0.008196127600967884, -8.51871445775032e-05, 0.0, 0.0, 0.0, 0.0, 0.0], [-0.1767079085111618, -0.06609652191400528, -0.01513766497373581, 0.22196519374847412, 0.05030961334705353, 0.2991214990615845, 0.030513808131217957, 0.025913838297128677, 0.0375862717628479, 0.02208174392580986, -0.022627092897892, 0.04702585190534592, 0.05885028466582298, -0.17349007725715637, -0.010588481090962887, 0.0, 0.0, 0.0, 0.0, 0.0], [-0.024662410840392113, -0.010966096073389053, -0.005278733558952808, 0.05030961334705353, 0.004051387310028076, 0.0633484274148941, 0.003370596095919609, 0.013855192810297012, 0.0008611101657152176, 0.011431202292442322, -0.004568616859614849, 0.011261312291026115, 0.017270786687731743, -0.033144935965538025, -0.008831437677145004, 0.0, 0.0, 0.0, 0.0, 0.0], [0.03081483766436577, 0.09676279127597809, -0.029194965958595276, 0.2991214990615845, 0.0633484274148941, 0.5148872137069702, 0.18172204494476318, 0.02075698971748352, -0.02156009152531624, 0.013811703771352768, 0.06742371618747711, 0.1060275137424469, 0.09158757328987122, -0.2863921821117401, -0.032345496118068695, 0.030114639550447464, 0.049999747425317764, 0.013601735234260559, 0.00526098906993866, -0.00938698835670948], [0.17161665856838226, 0.13303712010383606, 0.0014735688455402851, 0.030513808131217957, 0.003370596095919609, 0.18172204494476318, 0.11738496273756027, -0.0021662861108779907, -0.03437937796115875, -0.0016295588575303555, 0.1145457923412323, 0.08775434643030167, 0.01846787892282009, -0.06444742530584335, 0.0009120618924498558, 0.04653937742114067, 0.023465869948267937, -0.017700590193271637, -0.054076194763183594, 0.016130318865180016], [0.004464443773031235, -0.007971875369548798, 0.0035259276628494263, 0.025913838297128677, 0.013855192810297012, 0.02075698971748352, -0.0021662861108779907, 0.029099218547344208, -0.04834643751382828, -0.0049230488948524, -0.08400680869817734, -0.009520415216684341, 0.038464754819869995, -0.017446095123887062, -0.018810320645570755, 0.00982233602553606, -0.0033403208944946527, 0.008325600996613503, 0.07623937726020813, 0.005139646120369434], [-0.26180970668792725, -0.14623510837554932, -0.0033354545012116432, 0.0375862717628479, 0.0008611101657152176, -0.02156009152531624, -0.03437937796115875, -0.04834643751382828, 0.25845661759376526, 0.03136353939771652, 0.2977592945098877, 0.08613163977861404, -0.04606322944164276, 0.011328170076012611, 0.032230548560619354, -0.02272246778011322, 0.034790538251399994, -0.04125208780169487, -0.17246030271053314, 0.04547940567135811], [-0.045907486230134964, -0.014118906110525131, -0.0001643410651013255, 0.02208174392580986, 0.011431202292442322, 0.013811703771352768, -0.0016295588575303555, -0.0049230488948524, 0.03136353939771652, 0.016524940729141235, 0.01961641013622284, -0.002673022449016571, -0.008401668630540371, -0.017316509038209915, 0.015595970675349236, -0.014691066928207874, -0.0023915094789117575, 0.018985308706760406, -0.04182169586420059, 0.003805585205554962], [0.0532601922750473, 0.03268153592944145, -0.0065468549728393555, -0.022627092897892, -0.004568616859614849, 0.06742371618747711, 0.1145457923412323, -0.08400680869817734, 0.2977592945098877, 0.01961641013622284, 0.5743263363838196, 0.20467190444469452, -0.08625254034996033, 0.031201591715216637, 0.07132875174283981, 0.005925430916249752, 0.10112077742815018, -0.09908713400363922, -0.26742738485336304, 0.11532419919967651], [0.03692930191755295, 0.007071229629218578, -0.006861352827399969, 0.04702585190534592, 0.011261312291026115, 0.1060275137424469, 0.08775434643030167, -0.009520415216684341, 0.08613163977861404, -0.002673022449016571, 0.20467190444469452, 0.1444832682609558, 0.022875003516674042, 0.026150677353143692, -0.015120742842555046, 0.15874789655208588, 0.13090179860591888, -0.027912788093090057, -0.0321027897298336, 0.014527656137943268], [-0.0005616289563477039, 0.016677208244800568, -0.007855860516428947, 0.05885028466582298, 0.017270786687731743, 0.09158757328987122, 0.01846787892282009, 0.038464754819869995, -0.04606322944164276, -0.008401668630540371, -0.08625254034996033, 0.022875003516674042, 0.026542410254478455, -0.023863568902015686, -0.033417318016290665, 0.11365386098623276, 0.04844173789024353, -0.0051030442118644714, 0.060093071311712265, -0.01959790289402008], [0.032207489013671875, -0.03327896073460579, 0.008196127600967884, -0.17349007725715637, -0.033144935965538025, -0.2863921821117401, -0.06444742530584335, -0.017446095123887062, 0.011328170076012611, -0.017316509038209915, 0.031201591715216637, 0.026150677353143692, -0.023863568902015686, 0.2263031005859375, -0.015832610428333282, 0.20287218689918518, 0.10160375386476517, -0.031051069498062134, 0.026217147707939148, 0.015499742701649666], [-0.005924341268837452, -0.006848352029919624, -8.51871445775032e-05, -0.010588481090962887, -0.008831437677145004, -0.032345496118068695, 0.0009120618924498558, -0.018810320645570755, 0.032230548560619354, 0.015595970675349236, 0.07132875174283981, -0.015120742842555046, -0.033417318016290665, -0.015832610428333282, 0.009410232305526733, -0.10736542195081711, -0.04278218001127243, 0.0010087499395012856, -0.04646783322095871, -0.007097199559211731], [0.0, 0.0, 0.0, 0.0, 0.0, 0.030114639550447464, 0.04653937742114067, 0.00982233602553606, -0.02272246778011322, -0.014691066928207874, 0.005925430916249752, 0.15874789655208588, 0.11365386098623276, 0.20287218689918518, -0.10736542195081711, 0.5770389437675476, 0.3517429530620575, 0.05078637972474098, 0.17481230199337006, -0.05966440588235855], [0.0, 0.0, 0.0, 0.0, 0.0, 0.049999747425317764, 0.023465869948267937, -0.0033403208944946527, 0.034790538251399994, -0.0023915094789117575, 0.10112077742815018, 0.13090179860591888, 0.04844173789024353, 0.10160375386476517, -0.04278218001127243, 0.3517429530620575, 0.22479550540447235, 0.013521991670131683, 0.05035584047436714, -0.013607529923319817], [0.0, 0.0, 0.0, 0.0, 0.0, 0.013601735234260559, -0.017700590193271637, 0.008325600996613503, -0.04125208780169487, 0.018985308706760406, -0.09908713400363922, -0.027912788093090057, -0.0051030442118644714, -0.031051069498062134, 0.0010087499395012856, 0.05078637972474098, 0.013521991670131683, 0.03762092441320419, 0.06512970477342606, -0.01758355274796486], [0.0, 0.0, 0.0, 0.0, 0.0, 0.00526098906993866, -0.054076194763183594, 0.07623937726020813, -0.17246030271053314, -0.04182169586420059, -0.26742738485336304, -0.0321027897298336, 0.060093071311712265, 0.026217147707939148, -0.04646783322095871, 0.17481230199337006, 0.05035584047436714, 0.06512970477342606, 0.1633833944797516, -0.0746578797698021], [0.0, 0.0, 0.0, 0.0, 0.0, -0.00938698835670948, 0.016130318865180016, 0.005139646120369434, 0.04547940567135811, 0.003805585205554962, 0.11532419919967651, 0.014527656137943268, -0.01959790289402008, 0.015499742701649666, -0.007097199559211731, -0.05966440588235855, -0.013607529923319817, -0.01758355274796486, -0.0746578797698021, 0.0417855940759182]], [[0.560356855392456, 0.35728514194488525, -0.0443316251039505, -0.16424496471881866, -0.008307578973472118, 0.026936843991279602, 0.1721789687871933, -0.06371796131134033, -0.21559879183769226, -0.018948420882225037, 0.038004036992788315, 0.0179925374686718, 0.00034361565485596657, 0.03429488092660904, 0.0012430157512426376, 0.0, 0.0, 0.0, 0.0, 0.0], [0.35728514194488525, 0.23435533046722412, -0.018930945545434952, -0.060888174921274185, -0.004057952202856541, 0.10220213234424591, 0.1395876407623291, -0.041802648454904556, -0.13870811462402344, -0.004711082670837641, 0.009807226248085499, 0.018549909815192223, -0.0028181495144963264, -0.024517958983778954, 0.004992557689547539, 0.0, 0.0, 0.0, 0.0, 0.0], [-0.0443316251039505, -0.018930945545434952, 0.02208469808101654, 0.07544243335723877, 0.004816894419491291, 0.08529292047023773, 0.01769285462796688, 0.015704244375228882, 0.009789757430553436, 0.00620028842240572, -0.0034818709827959538, 0.007229255046695471, -0.0018237680196762085, -0.028676290065050125, 0.0027484209276735783, 0.0, 0.0, 0.0, 0.0, 0.0], [-0.16424496471881866, -0.060888174921274185, 0.07544243335723877, 0.2310561239719391, 0.01798592321574688, 0.3112472593784332, 0.053090982139110565, 0.034091122448444366, 0.04167243838310242, 0.017060142010450363, -0.0366978719830513, 0.029991280287504196, 0.001691019395366311, -0.11381135880947113, 0.013359956443309784, 0.0, 0.0, 0.0, 0.0, 0.0], [-0.008307578973472118, -0.004057952202856541, 0.004816894419491291, 0.01798592321574688, 0.0074666813015937805, 0.018150165677070618, -0.00039407797157764435, 0.0012601888738572598, 0.004681781865656376, 0.009984955191612244, -0.003528604982420802, -0.0005807488923892379, -0.0011917876545339823, -0.00796880479902029, 0.004113737493753433, 0.0, 0.0, 0.0, 0.0, 0.0], [0.026936843991279602, 0.10220213234424591, 0.08529292047023773, 0.3112472593784332, 0.018150165677070618, 0.5530538558959961, 0.21676793694496155, 0.03477559983730316, -0.0012711696326732635, 0.014532661996781826, 0.010866540484130383, 0.10680331289768219, -0.021531851962208748, -0.24092765152454376, 0.03275849297642708, 0.032440703362226486, 0.009507786482572556, 0.0014171391958370805, 0.03206196427345276, 0.0032690907828509808], [0.1721789687871933, 0.1395876407623291, 0.01769285462796688, 0.053090982139110565, -0.00039407797157764435, 0.21676793694496155, 0.13466159999370575, -0.006735348608344793, -0.01414576917886734, 5.015358328819275e-05, 0.10817866027355194, 0.08294276893138885, 0.0008603708120062947, -0.07187392562627792, 0.006542433984577656, 0.014978772960603237, 0.014498330652713776, 0.0031491161789745092, -0.025631139054894447, -0.0026434059254825115], [-0.06371796131134033, -0.041802648454904556, 0.015704244375228882, 0.034091122448444366, 0.0012601888738572598, 0.03477559983730316, -0.006735348608344793, 0.003524497151374817, 0.04496319964528084, 0.00383842084556818, 0.0027038129046559334, 0.00623797532171011, -0.006631765514612198, -0.033152416348457336, -0.003861535806208849, -0.0034859897568821907, -0.0016860720934346318, 0.00010652374476194382, -0.010186647064983845, 0.002198053989559412], [-0.21559879183769226, -0.13870811462402344, 0.009789757430553436, 0.04167243838310242, 0.004681781865656376, -0.0012711696326732635, -0.01414576917886734, 0.04496319964528084, 0.22288542985916138, -0.004181630909442902, 0.24585747718811035, 0.0750431939959526, 0.023183699697256088, -0.048058755695819855, -0.02510901354253292, -0.03140158951282501, 0.019225511699914932, 0.009665487334132195, -0.09617066383361816, -0.017392894253134727], [-0.018948420882225037, -0.004711082670837641, 0.00620028842240572, 0.017060142010450363, 0.009984955191612244, 0.014532661996781826, 5.015358328819275e-05, 0.00383842084556818, -0.004181630909442902, -0.00777328759431839, -0.02720513381063938, -0.008397839032113552, 0.002943489234894514, -0.010317131876945496, -0.0022687194868922234, -0.00020353239960968494, -0.0028245062567293644, 0.0016252552159130573, 0.014637854881584644, 0.00268756877630949], [0.038004036992788315, 0.009807226248085499, -0.0034818709827959538, -0.0366978719830513, -0.003528604982420802, 0.010866540484130383, 0.10817866027355194, 0.0027038129046559334, 0.24585747718811035, -0.02720513381063938, 0.5718023180961609, 0.22348101437091827, 0.02885335683822632, 0.003100261092185974, -0.035226404666900635, -0.0019727330654859543, 0.09735564887523651, 0.03819394111633301, -0.30069804191589355, -0.05555398017168045], [0.0179925374686718, 0.018549909815192223, 0.007229255046695471, 0.029991280287504196, -0.0005807488923892379, 0.10680331289768219, 0.08294276893138885, 0.00623797532171011, 0.0750431939959526, -0.008397839032113552, 0.22348101437091827, 0.14211033284664154, -0.004871539771556854, 0.014810711145401001, 0.0037274451460689306, 0.1620616614818573, 0.14051011204719543, 0.011523216962814331, -0.05555383116006851, -0.010508811101317406], [0.00034361565485596657, -0.0028181495144963264, -0.0018237680196762085, 0.001691019395366311, -0.0011917876545339823, -0.021531851962208748, 0.0008603708120062947, -0.006631765514612198, 0.023183699697256088, 0.002943489234894514, 0.02885335683822632, -0.004871539771556854, -0.008953101933002472, -0.015834659337997437, -0.007352149114012718, -0.03390718996524811, -0.022897526621818542, 0.0098082534968853, -0.023238927125930786, -0.0018790231551975012], [0.03429488092660904, -0.024517958983778954, -0.028676290065050125, -0.11381135880947113, -0.00796880479902029, -0.24092765152454376, -0.07187392562627792, -0.033152416348457336, -0.048058755695819855, -0.010317131876945496, 0.003100261092185974, 0.014810711145401001, -0.015834659337997437, 0.21962028741836548, 0.012427028268575668, 0.19494932889938354, 0.1338854730129242, -0.000799860805273056, 0.02920365333557129, 0.0036073923110961914], [0.0012430157512426376, 0.004992557689547539, 0.0027484209276735783, 0.013359956443309784, 0.004113737493753433, 0.03275849297642708, 0.006542433984577656, -0.003861535806208849, -0.02510901354253292, -0.0022687194868922234, -0.035226404666900635, 0.0037274451460689306, -0.007352149114012718, 0.012427028268575668, -0.0034187212586402893, 0.050518058240413666, 0.0253889262676239, -0.003351109568029642, 0.03255212679505348, 0.01400451734662056], [0.0, 0.0, 0.0, 0.0, 0.0, 0.032440703362226486, 0.014978772960603237, -0.0034859897568821907, -0.03140158951282501, -0.00020353239960968494, -0.0019727330654859543, 0.1620616614818573, -0.03390718996524811, 0.19494932889938354, 0.050518058240413666, 0.5674523711204529, 0.3567450940608978, -0.023357799276709557, 0.16921426355838776, 0.028347540646791458], [0.0, 0.0, 0.0, 0.0, 0.0, 0.009507786482572556, 0.014498330652713776, -0.0016860720934346318, 0.019225511699914932, -0.0028245062567293644, 0.09735564887523651, 0.14051011204719543, -0.022897526621818542, 0.1338854730129242, 0.0253889262676239, 0.3567450940608978, 0.23852641880512238, -0.008792024105787277, 0.05728952959179878, 0.011895782314240932], [0.0, 0.0, 0.0, 0.0, 0.0, 0.0014171391958370805, 0.0031491161789745092, 0.00010652374476194382, 0.009665487334132195, 0.0016252552159130573, 0.03819394111633301, 0.011523216962814331, 0.0098082534968853, -0.000799860805273056, -0.003351109568029642, -0.023357799276709557, -0.008792024105787277, 0.008800812065601349, -0.0404437854886055, -0.004911838099360466], [0.0, 0.0, 0.0, 0.0, 0.0, 0.03206196427345276, -0.025631139054894447, -0.010186647064983845, -0.09617066383361816, 0.014637854881584644, -0.30069804191589355, -0.05555383116006851, -0.023238927125930786, 0.02920365333557129, 0.03255212679505348, 0.16921426355838776, 0.05728952959179878, -0.0404437854886055, 0.2198469191789627, 0.05238252505660057], [0.0, 0.0, 0.0, 0.0, 0.0, 0.0032690907828509808, -0.0026434059254825115, 0.002198053989559412, -0.017392894253134727, 0.00268756877630949, -0.05555398017168045, -0.010508811101317406, -0.0018790231551975012, 0.0036073923110961914, 0.01400451734662056, 0.028347540646791458, 0.011895782314240932, -0.004911838099360466, 0.05238252505660057, 0.017904028296470642]], [[0.5573748350143433, 0.34544432163238525, 0.02222336456179619, -0.16657306253910065, -0.0674656555056572, -0.02170490473508835, 0.1655760556459427, 0.040578246116638184, -0.17092570662498474, -0.11625297367572784, 0.027687918394804, 0.04721728339791298, 0.0038912480231374502, 0.05395109951496124, -0.0075202807784080505, 0.0, 0.0, 0.0, 0.0, 0.0], [0.34544432163238525, 0.23630757629871368, 0.006962982006371021, -0.06114254146814346, -0.02159552462399006, 0.08615069091320038, 0.13075634837150574, 0.021517015993595123, -0.10524819791316986, -0.06237994134426117, 0.04033933952450752, 0.03746071085333824, -0.0003252308815717697, -0.02586708590388298, -0.00048237573355436325, 0.0, 0.0, 0.0, 0.0, 0.0], [0.02222336456179619, 0.006962982006371021, 0.007282555103302002, -0.029865451157093048, -0.00929362140595913, -0.03778699040412903, -0.008235698565840721, -0.008636310696601868, 0.003275835420936346, -0.0035275775007903576, 0.006879948545247316, -0.008254013024270535, 0.00814833864569664, 0.022995982319116592, 0.0035550668835639954, 0.0, 0.0, 0.0, 0.0, 0.0], [-0.16657306253910065, -0.06114254146814346, -0.029865451157093048, 0.2278166115283966, 0.09066155552864075, 0.27028846740722656, 0.020331241190433502, -0.02483755350112915, 0.019258573651313782, 0.06723731756210327, -0.038315534591674805, 0.04173770174384117, -0.01697145402431488, -0.2081805020570755, 0.03364288806915283, 0.0, 0.0, 0.0, 0.0, 0.0], [-0.0674656555056572, -0.02159552462399006, -0.00929362140595913, 0.09066155552864075, 0.03365916758775711, 0.11407280713319778, 0.022823046892881393, -0.005007669795304537, -0.007158470340073109, 0.002820964902639389, -0.02018480747938156, 0.02399248629808426, 0.0014717234298586845, -0.07210169732570648, 0.0013715177774429321, 0.0, 0.0, 0.0, 0.0, 0.0], [-0.02170490473508835, 0.08615069091320038, -0.03778699040412903, 0.27028846740722656, 0.11407280713319778, 0.5219942331314087, 0.16464391350746155, -0.02177293971180916, -0.037543002516031265, 0.055684931576251984, 0.09894667565822601, 0.12140363454818726, -0.012890866957604885, -0.29894691705703735, 0.01852254383265972, 0.04064448922872543, 0.031294770538806915, -0.003344094380736351, 0.045602377504110336, 0.011155540123581886], [0.1655760556459427, 0.13075634837150574, -0.008235698565840721, 0.020331241190433502, 0.022823046892881393, 0.16464391350746155, 0.12554921209812164, 0.010095829144120216, -0.03275689482688904, -0.02839837782084942, 0.11410003155469894, 0.06762051582336426, -0.0012308889999985695, -0.07237634807825089, -0.0005130940116941929, 0.037343598902225494, 0.028014585375785828, 0.002779645612463355, -0.03823108226060867, -0.00928290095180273], [0.040578246116638184, 0.021517015993595123, -0.008636310696601868, -0.02483755350112915, -0.005007669795304537, -0.02177293971180916, 0.010095829144120216, -0.0027732551097869873, -0.0010854760184884071, -0.010712970048189163, 0.014956624247133732, 0.0036002816632390022, 0.006548539735376835, 0.02013944648206234, -0.005101748742163181, -0.0009400635026395321, 0.0020647291094064713, -8.302927017211914e-05, -0.009443270973861217, 4.3573323637247086e-05], [-0.17092570662498474, -0.10524819791316986, 0.003275835420936346, 0.019258573651313782, -0.007158470340073109, -0.037543002516031265, -0.03275689482688904, -0.0010854760184884071, 0.275452196598053, 0.017562806606292725, 0.2953800559043884, 0.06350699812173843, 0.009819397702813148, 0.04827023297548294, -0.02353726327419281, -0.05638396739959717, 0.022073941305279732, 0.0090152807533741, -0.20072782039642334, -0.03407039865851402], [-0.11625297367572784, -0.06237994134426117, -0.0035275775007903576, 0.06723731756210327, 0.002820964902639389, 0.055684931576251984, -0.02839837782084942, -0.010712970048189163, 0.017562806606292725, 0.02246454358100891, -0.024193409830331802, -0.006212877109646797, -0.005645054392516613, -0.05098196119070053, 0.016482915729284286, -0.0004702974110841751, -0.004311534110456705, 0.000983871752396226, 0.014464830979704857, -0.0017561111599206924], [0.027687918394804, 0.04033933952450752, 0.006879948545247316, -0.038315534591674805, -0.02018480747938156, 0.09894667565822601, 0.11410003155469894, 0.014956624247133732, 0.2953800559043884, -0.024193409830331802, 0.5213194489479065, 0.16419996321201324, 0.008510435000061989, 0.03327018767595291, -0.02064548432826996, -0.03335592523217201, 0.0769399106502533, 0.008944699540734291, -0.2833658754825592, -0.038047242909669876], [0.04721728339791298, 0.03746071085333824, -0.008254013024270535, 0.04173770174384117, 0.02399248629808426, 0.12140363454818726, 0.06762051582336426, 0.0036002816632390022, 0.06350699812173843, -0.006212877109646797, 0.16419996321201324, 0.12609708309173584, -0.004317861050367355, 0.03767818957567215, 0.013314836658537388, 0.1633865237236023, 0.13602310419082642, 0.0028031482361257076, -0.02730467915534973, -0.008778626099228859], [0.0038912480231374502, -0.0003252308815717697, 0.00814833864569664, -0.01697145402431488, 0.0014717234298586845, -0.012890866957604885, -0.0012308889999985695, 0.006548539735376835, 0.009819397702813148, -0.005645054392516613, 0.008510435000061989, -0.004317861050367355, 0.011760033667087555, 0.005580674856901169, -0.003214831929653883, -0.014497692696750164, -0.010642101056873798, 0.003775976598262787, -0.011355988681316376, 0.00014917878434062004], [0.05395109951496124, -0.02586708590388298, 0.022995982319116592, -0.2081805020570755, -0.07210169732570648, -0.29894691705703735, -0.07237634807825089, 0.02013944648206234, 0.04827023297548294, -0.05098196119070053, 0.03327018767595291, 0.03767818957567215, 0.005580674856901169, 0.2796987295150757, -0.0008457750082015991, 0.1906639039516449, 0.12706539034843445, -0.0006489171646535397, 0.008842915296554565, 0.001987377181649208], [-0.0075202807784080505, -0.00048237573355436325, 0.0035550668835639954, 0.03364288806915283, 0.0013715177774429321, 0.01852254383265972, -0.0005130940116941929, -0.005101748742163181, -0.02353726327419281, 0.016482915729284286, -0.02064548432826996, 0.013314836658537388, -0.003214831929653883, -0.0008457750082015991, 0.01884801685810089, 0.047914545983076096, 0.03456534445285797, 0.0006865817122161388, 0.03008577786386013, 0.003758534789085388], [0.0, 0.0, 0.0, 0.0, 0.0, 0.04064448922872543, 0.037343598902225494, -0.0009400635026395321, -0.05638396739959717, -0.0004702974110841751, -0.03335592523217201, 0.1633865237236023, -0.014497692696750164, 0.1906639039516449, 0.047914545983076096, 0.5555148720741272, 0.3497464060783386, -0.00702015170827508, 0.1744246631860733, 0.02743550017476082], [0.0, 0.0, 0.0, 0.0, 0.0, 0.031294770538806915, 0.028014585375785828, 0.0020647291094064713, 0.022073941305279732, -0.004311534110456705, 0.0769399106502533, 0.13602310419082642, -0.010642101056873798, 0.12706539034843445, 0.03456534445285797, 0.3497464060783386, 0.2523922324180603, -0.003046917961910367, 0.06376957148313522, 0.011303650215268135], [0.0, 0.0, 0.0, 0.0, 0.0, -0.003344094380736351, 0.002779645612463355, -8.302927017211914e-05, 0.0090152807533741, 0.000983871752396226, 0.008944699540734291, 0.0028031482361257076, 0.003775976598262787, -0.0006489171646535397, 0.0006865817122161388, -0.00702015170827508, -0.003046917961910367, -0.004811786115169525, -0.00933963805437088, -0.0022861489560455084], [0.0, 0.0, 0.0, 0.0, 0.0, 0.045602377504110336, -0.03823108226060867, -0.009443270973861217, -0.20072782039642334, 0.014464830979704857, -0.2833658754825592, -0.02730467915534973, -0.011355988681316376, 0.008842915296554565, 0.03008577786386013, 0.1744246631860733, 0.06376957148313522, -0.00933963805437088, 0.2533397078514099, 0.037847910076379776], [0.0, 0.0, 0.0, 0.0, 0.0, 0.011155540123581886, -0.00928290095180273, 4.3573323637247086e-05, -0.03407039865851402, -0.0017561111599206924, -0.038047242909669876, -0.008778626099228859, 0.00014917878434062004, 0.001987377181649208, 0.003758534789085388, 0.02743550017476082, 0.011303650215268135, -0.0022861489560455084, 0.037847910076379776, 0.0024781525135040283]], [[0.4792419970035553, 0.3180520832538605, 0.012790201231837273, -0.1662096530199051, -0.004932253621518612, 0.05996357649564743, 0.173898845911026, 0.02466408535838127, -0.24938172101974487, -0.006829581223428249, 0.027125924825668335, 0.05749007314443588, 0.006589900236576796, 0.030567586421966553, 0.00031403684988617897, 0.0, 0.0, 0.0, 0.0, 0.0], [0.3180520832538605, 0.20570814609527588, 0.008218078874051571, -0.08203492313623428, 0.002746530808508396, 0.10341488569974899, 0.1111983135342598, 0.010433673858642578, -0.12905049324035645, -0.014365339651703835, 0.04794635251164436, 0.020978160202503204, -0.00278281606733799, -0.029161980375647545, 0.0060730548575520515, 0.0, 0.0, 0.0, 0.0, 0.0], [0.012790201231837273, 0.008218078874051571, -0.0217401385307312, -0.03225463256239891, 0.002611124888062477, -0.036602750420570374, -0.0006099632009863853, -0.007713973522186279, -0.0030886251479387283, -0.007138057146221399, 0.0035645789466798306, -0.004044127184897661, 0.004744879901409149, 0.01777769811451435, -0.006490194704383612, 0.0, 0.0, 0.0, 0.0, 0.0], [-0.1662096530199051, -0.08203492313623428, -0.03225463256239891, 0.3215300440788269, -0.012568889185786247, 0.28917449712753296, 0.01178760826587677, -0.02429535984992981, 0.08000552654266357, 0.02010076306760311, -0.027141332626342773, 0.03874798119068146, -0.010828596539795399, -0.22726531326770782, 0.04039128124713898, 0.0, 0.0, 0.0, 0.0, 0.0], [-0.004932253621518612, 0.002746530808508396, 0.002611124888062477, -0.012568889185786247, -0.02183304727077484, -0.022595398128032684, 0.00824660062789917, 0.004325205460190773, -0.0001568184234201908, -0.014786619693040848, -0.012903495691716671, 0.001384171424433589, 0.0006365801673382521, -0.001866995356976986, 0.0024870596826076508, 0.0, 0.0, 0.0, 0.0, 0.0], [0.05996357649564743, 0.10341488569974899, -0.036602750420570374, 0.28917449712753296, -0.022595398128032684, 0.4544324576854706, 0.15263941884040833, -0.016690658405423164, -0.01969122514128685, 0.0078018284402787685, 0.0973355621099472, 0.1078844740986824, 0.0040514543652534485, -0.25970274209976196, 0.049432262778282166, 0.0444808304309845, 0.03290760517120361, 0.0038202221039682627, 0.05269220471382141, 0.008648829534649849], [0.173898845911026, 0.1111983135342598, -0.0006099632009863853, 0.01178760826587677, 0.00824660062789917, 0.15263941884040833, 0.10505463182926178, 0.0059892842546105385, -0.040983520448207855, -0.003970047924667597, 0.11622892320156097, 0.05945061147212982, -0.0022537484765052795, -0.05494228005409241, 0.0133352130651474, 0.03480657935142517, 0.0189079400151968, -0.006967729423195124, -0.03428967297077179, -0.017642412334680557], [0.02466408535838127, 0.010433673858642578, -0.007713973522186279, -0.02429535984992981, 0.004325205460190773, -0.016690658405423164, 0.0059892842546105385, 0.00409255176782608, -0.011797439306974411, -0.0018942230381071568, 0.00025301286950707436, 0.0064031947404146194, 0.0023374524898827076, 0.011703620664775372, -0.0020529446192085743, 0.006060336716473103, 0.004051222465932369, -0.0019081812351942062, 0.008249010890722275, -0.007845542393624783], [-0.24938172101974487, -0.12905049324035645, -0.0030886251479387283, 0.08000552654266357, -0.0001568184234201908, -0.01969122514128685, -0.040983520448207855, -0.011797439306974411, 0.2921445369720459, -0.02971283160150051, 0.29815545678138733, 0.06260368227958679, -0.014076603576540947, 0.03205079585313797, -0.041884876787662506, -0.05926430970430374, 0.013987214304506779, -0.017248813062906265, -0.1725952923297882, -0.03674561157822609], [-0.006829581223428249, -0.014365339651703835, -0.007138057146221399, 0.02010076306760311, -0.014786619693040848, 0.0078018284402787685, -0.003970047924667597, -0.0018942230381071568, -0.02971283160150051, 0.006585314869880676, -0.05333098769187927, -0.0043377988040447235, 0.004367629997432232, -0.031447406858205795, 0.01773119904100895, 0.015258945524692535, 0.002807269338518381, -0.001161406864412129, 0.042502064257860184, -0.006228772923350334], [0.027125924825668335, 0.04794635251164436, 0.0035645789466798306, -0.027141332626342773, -0.012903495691716671, 0.0973355621099472, 0.11622892320156097, 0.00025301286950707436, 0.29815545678138733, -0.05333098769187927, 0.5492345690727234, 0.16696208715438843, -0.0171120073646307, 0.05013010650873184, -0.05819860100746155, -0.06290756165981293, 0.0735827386379242, -0.04269303381443024, -0.25696223974227905, -0.07982823997735977], [0.05749007314443588, 0.020978160202503204, -0.004044127184897661, 0.03874798119068146, 0.001384171424433589, 0.1078844740986824, 0.05945061147212982, 0.0064031947404146194, 0.06260368227958679, -0.0043377988040447235, 0.16696208715438843, 0.13320119678974152, 0.00882896687835455, 0.038697682321071625, 0.024658404290676117, 0.150397390127182, 0.13586720824241638, -0.009316185489296913, -0.03001260757446289, -0.025679107755422592], [0.006589900236576796, -0.00278281606733799, 0.004744879901409149, -0.010828596539795399, 0.0006365801673382521, 0.0040514543652534485, -0.0022537484765052795, 0.0023374524898827076, -0.014076603576540947, 0.004367629997432232, -0.0171120073646307, 0.00882896687835455, -0.0030287429690361023, 0.008441880345344543, 0.010747788473963737, 0.04698320850729942, 0.02255115658044815, -0.006186053156852722, 0.018710603937506676, -0.0007002451457083225], [0.030567586421966553, -0.029161980375647545, 0.01777769811451435, -0.22726531326770782, -0.001866995356976986, -0.25970274209976196, -0.05494228005409241, 0.011703620664775372, 0.03205079585313797, -0.031447406858205795, 0.05013010650873184, 0.038697682321071625, 0.008441880345344543, 0.2583160400390625, -0.024767708033323288, 0.15892204642295837, 0.10755462944507599, -0.010575746186077595, -0.01912909373641014, -0.023812882602214813], [0.00031403684988617897, 0.0060730548575520515, -0.006490194704383612, 0.04039128124713898, 0.0024870596826076508, 0.049432262778282166, 0.0133352130651474, -0.0020529446192085743, -0.041884876787662506, 0.01773119904100895, -0.05819860100746155, 0.024658404290676117, 0.010747788473963737, -0.024767708033323288, 0.02406851202249527, 0.11130520701408386, 0.053917646408081055, 0.0074618845246732235, 0.05542732775211334, -0.0033195577561855316], [0.0, 0.0, 0.0, 0.0, 0.0, 0.0444808304309845, 0.03480657935142517, 0.006060336716473103, -0.05926430970430374, 0.015258945524692535, -0.06290756165981293, 0.150397390127182, 0.04698320850729942, 0.15892204642295837, 0.11130520701408386, 0.5906004309654236, 0.35123154520988464, 0.028805071488022804, 0.18060791492462158, 0.04619904235005379], [0.0, 0.0, 0.0, 0.0, 0.0, 0.03290760517120361, 0.0189079400151968, 0.004051222465932369, 0.013987214304506779, 0.002807269338518381, 0.0735827386379242, 0.13586720824241638, 0.02255115658044815, 0.10755462944507599, 0.053917646408081055, 0.35123154520988464, 0.25192779302597046, 0.004124474711716175, 0.05203016847372055, 0.010175732895731926], [0.0, 0.0, 0.0, 0.0, 0.0, 0.0038202221039682627, -0.006967729423195124, -0.0019081812351942062, -0.017248813062906265, -0.001161406864412129, -0.04269303381443024, -0.009316185489296913, -0.006186053156852722, -0.010575746186077595, 0.0074618845246732235, 0.028805071488022804, 0.004124474711716175, 0.018309906125068665, 0.029706573113799095, 0.00713968463242054], [0.0, 0.0, 0.0, 0.0, 0.0, 0.05269220471382141, -0.03428967297077179, 0.008249010890722275, -0.1725952923297882, 0.042502064257860184, -0.25696223974227905, -0.03001260757446289, 0.018710603937506676, -0.01912909373641014, 0.05542732775211334, 0.18060791492462158, 0.05203016847372055, 0.029706573113799095, 0.17100349068641663, 0.05743695795536041], [0.0, 0.0, 0.0, 0.0, 0.0, 0.008648829534649849, -0.017642412334680557, -0.007845542393624783, -0.03674561157822609, -0.006228772923350334, -0.07982823997735977, -0.025679107755422592, -0.0007002451457083225, -0.023812882602214813, -0.0033195577561855316, 0.04619904235005379, 0.010175732895731926, 0.00713968463242054, 0.05743695795536041, 0.02849879115819931]], [[0.5652000308036804, 0.3562488555908203, 0.04941322281956673, -0.1643228977918625, -0.04743153601884842, 0.05065450444817543, 0.16570545732975006, 0.09271571040153503, -0.2136259227991104, -0.0822858065366745, 0.020787488669157028, 0.04269174858927727, -0.007467582821846008, 0.02107420563697815, 0.00011006672866642475, 0.0, 0.0, 0.0, 0.0, 0.0], [0.3562488555908203, 0.23445133864879608, 0.011680293828248978, -0.051096320152282715, -0.01614559441804886, 0.10284572094678879, 0.13802379369735718, 0.04225977137684822, -0.10677368938922882, -0.03396538272500038, 0.048000726848840714, 0.04227314889431, -0.016393715515732765, -0.04991398751735687, 0.006084337830543518, 0.0, 0.0, 0.0, 0.0, 0.0], [0.04941322281956673, 0.011680293828248978, 0.03722047433257103, -0.06484083086252213, -0.02087431028485298, -0.10882480442523956, -0.028070639818906784, 0.004654444754123688, 0.012052922509610653, -0.0030657928436994553, 0.018396003171801567, -0.006005899515002966, 0.01305332500487566, 0.03933215141296387, 0.012935135513544083, 0.0, 0.0, 0.0, 0.0, 0.0], [-0.1643228977918625, -0.051096320152282715, -0.06484083086252213, 0.20920026302337646, 0.08019880950450897, 0.2728460729122162, 0.035793956369161606, -0.0525946170091629, 0.05061972141265869, 0.03869963809847832, -0.0009753294289112091, 0.05913696438074112, -0.08471667766571045, -0.16356149315834045, 0.030878469347953796, 0.0, 0.0, 0.0, 0.0, 0.0], [-0.04743153601884842, -0.01614559441804886, -0.02087431028485298, 0.08019880950450897, 0.033060379326343536, 0.11247371137142181, 0.008205857127904892, -0.022255752235651016, 0.008474929258227348, -0.007189296185970306, -0.011487108655273914, 0.0077331154607236385, -0.0016406597569584846, -0.047228697687387466, 0.010331803932785988, 0.0, 0.0, 0.0, 0.0, 0.0], [0.05065450444817543, 0.10284572094678879, -0.10882480442523956, 0.2728460729122162, 0.11247371137142181, 0.573600709438324, 0.2228594422340393, -0.09362836182117462, -0.014183785766363144, 0.06559307873249054, -0.015843845903873444, 0.10157661139965057, -0.120480477809906, -0.24851267039775848, 0.00654230872169137, 0.033737778663635254, 0.019457926973700523, -0.002546370029449463, 0.02671854943037033, -0.005100513342767954], [0.16570545732975006, 0.13802379369735718, -0.028070639818906784, 0.035793956369161606, 0.008205857127904892, 0.2228594422340393, 0.15647920966148376, 0.01492118090391159, -0.013410774059593678, -0.0038913246244192123, 0.10095202922821045, 0.09882763028144836, -0.019968152046203613, -0.08149546384811401, 0.00741223432123661, 0.0228767991065979, 0.016542011871933937, -0.001137374434620142, -0.035130225121974945, 0.005227928049862385], [0.09271571040153503, 0.04225977137684822, 0.004654444754123688, -0.0525946170091629, -0.022255752235651016, -0.09362836182117462, 0.01492118090391159, 0.037246670573949814, 0.007808476686477661, -0.027330629527568817, 0.1334482878446579, 0.024270707741379738, 0.043596990406513214, 0.039527565240859985, -0.009865332394838333, -0.003147583454847336, 0.01266931090503931, -0.002660585567355156, -0.04928933084011078, 0.007554836571216583], [-0.2136259227991104, -0.10677368938922882, 0.012052922509610653, 0.05061972141265869, 0.008474929258227348, -0.014183785766363144, -0.013410774059593678, 0.007808476686477661, 0.20289647579193115, 0.03292419761419296, 0.26424556970596313, 0.07274361699819565, 0.006199169903993607, -0.022149566560983658, 0.023602696135640144, -0.034902796149253845, 0.02632761560380459, 0.008201978169381618, -0.11281614750623703, 0.020524127408862114], [-0.0822858065366745, -0.03396538272500038, -0.0030657928436994553, 0.03869963809847832, -0.007189296185970306, 0.06559307873249054, -0.0038913246244192123, -0.027330629527568817, 0.03292419761419296, 0.008886948227882385, -0.024499909952282906, 0.003781646490097046, -0.008932540193200111, -0.029396841302514076, 0.009497452527284622, -0.0001812768168747425, -0.0033067893236875534, -0.004601846449077129, 0.00019551697187125683, -0.003376796841621399], [0.020787488669157028, 0.048000726848840714, 0.018396003171801567, -0.0009753294289112091, -0.011487108655273914, -0.015843845903873444, 0.10095202922821045, 0.1334482878446579, 0.26424556970596313, -0.024499909952282906, 0.5983937978744507, 0.21734416484832764, 0.05021331459283829, 0.01842512935400009, 0.015954554080963135, -0.013926586136221886, 0.08974043279886246, 0.02858569100499153, -0.30442526936531067, 0.045135483145713806], [0.04269174858927727, 0.04227314889431, -0.006005899515002966, 0.05913696438074112, 0.0077331154607236385, 0.10157661139965057, 0.09882763028144836, 0.024270707741379738, 0.07274361699819565, 0.003781646490097046, 0.21734416484832764, 0.1266682893037796, -0.005721023306250572, 0.022186292335391045, 0.0037485600914806128, 0.1621093451976776, 0.14023126661777496, 0.0037069767713546753, -0.05105030536651611, 0.0015473058447241783], [-0.007467582821846008, -0.016393715515732765, 0.01305332500487566, -0.08471667766571045, -0.0016406597569584846, -0.120480477809906, -0.019968152046203613, 0.043596990406513214, 0.006199169903993607, -0.008932540193200111, 0.05021331459283829, -0.005721023306250572, 0.03616258502006531, 0.03783028572797775, 0.0014148391783237457, -0.03490905836224556, -0.015210574492812157, 0.014130309224128723, -0.04059973359107971, 0.007164099253714085], [0.02107420563697815, -0.04991398751735687, 0.03933215141296387, -0.16356149315834045, -0.047228697687387466, -0.24851267039775848, -0.08149546384811401, 0.039527565240859985, -0.022149566560983658, -0.029396841302514076, 0.01842512935400009, 0.022186292335391045, 0.03783028572797775, 0.2162407487630844, -0.022816985845565796, 0.2129056304693222, 0.1386995166540146, 0.01656491309404373, 0.023000985383987427, -0.0040616197511553764], [0.00011006672866642475, 0.006084337830543518, 0.012935135513544083, 0.030878469347953796, 0.010331803932785988, 0.00654230872169137, 0.00741223432123661, -0.009865332394838333, 0.023602696135640144, 0.009497452527284622, 0.015954554080963135, 0.0037485600914806128, 0.0014148391783237457, -0.022816985845565796, -0.0021688342094421387, -0.038064852356910706, -0.015129722654819489, 0.0037499733734875917, -0.013594741001725197, 0.010830730199813843], [0.0, 0.0, 0.0, 0.0, 0.0, 0.033737778663635254, 0.0228767991065979, -0.003147583454847336, -0.034902796149253845, -0.0001812768168747425, -0.013926586136221886, 0.1621093451976776, -0.03490905836224556, 0.2129056304693222, -0.038064852356910706, 0.5836238265037537, 0.3538336157798767, -0.009211836382746696, 0.16933010518550873, -0.020525505766272545], [0.0, 0.0, 0.0, 0.0, 0.0, 0.019457926973700523, 0.016542011871933937, 0.01266931090503931, 0.02632761560380459, -0.0033067893236875534, 0.08974043279886246, 0.14023126661777496, -0.015210574492812157, 0.1386995166540146, -0.015129722654819489, 0.3538336157798767, 0.24204914271831512, -0.005999354645609856, 0.0506475493311882, -0.007362379226833582], [0.0, 0.0, 0.0, 0.0, 0.0, -0.002546370029449463, -0.001137374434620142, -0.002660585567355156, 0.008201978169381618, -0.004601846449077129, 0.02858569100499153, 0.0037069767713546753, 0.014130309224128723, 0.01656491309404373, 0.0037499733734875917, -0.009211836382746696, -0.005999354645609856, 0.015903249382972717, -0.020472854375839233, 0.0011568553745746613], [0.0, 0.0, 0.0, 0.0, 0.0, 0.02671854943037033, -0.035130225121974945, -0.04928933084011078, -0.11281614750623703, 0.00019551697187125683, -0.30442526936531067, -0.05105030536651611, -0.04059973359107971, 0.023000985383987427, -0.013594741001725197, 0.16933010518550873, 0.0506475493311882, -0.020472854375839233, 0.18851082026958466, -0.03991435468196869], [0.0, 0.0, 0.0, 0.0, 0.0, -0.005100513342767954, 0.005227928049862385, 0.007554836571216583, 0.020524127408862114, -0.003376796841621399, 0.045135483145713806, 0.0015473058447241783, 0.007164099253714085, -0.0040616197511553764, 0.010830730199813843, -0.020525505766272545, -0.007362379226833582, 0.0011568553745746613, -0.03991435468196869, 0.008020594716072083]], [[0.5536128878593445, 0.357474684715271, -0.024890014901757