{"proj": [[[0.539250373840332, 0.34526246786117554, 0.006228823214769363, -0.1767079383134842, -0.02466241642832756, 0.030814874917268753, 0.17161665856838226, 0.00446443073451519, -0.26180970668792725, -0.04590747505426407, 0.053260184824466705, 0.03692932054400444, -0.0005616331472992897, 0.03220744431018829, -0.005924347788095474, 0.0, 0.0, 0.0, 0.0, 0.0], [0.34526246786117554, 0.23646126687526703, 0.0009218300692737103, -0.06609654426574707, -0.010966101661324501, 0.0967627689242363, 0.13303714990615845, -0.00797188188880682, -0.14623507857322693, -0.014118904247879982, 0.032681528478860855, 0.007071233354508877, 0.01667720638215542, -0.033278949558734894, -0.006848356686532497, 0.0, 0.0, 0.0, 0.0, 0.0], [0.006228823214769363, 0.0009218300692737103, -0.001923583447933197, -0.015137668699026108, -0.005278728902339935, -0.029194943606853485, 0.0014735690783709288, 0.0035258904099464417, -0.0033354591578245163, -0.00016434525605291128, -0.006546848453581333, -0.0068613518960773945, -0.007855892181396484, 0.008196141570806503, -8.518435060977936e-05, 0.0, 0.0, 0.0, 0.0, 0.0], [-0.1767079383134842, -0.06609654426574707, -0.015137668699026108, 0.2219650000333786, 0.05030958727002144, 0.2991213798522949, 0.03051380068063736, 0.02591385319828987, 0.03758624941110611, 0.022081753239035606, -0.0226270854473114, 0.04702581837773323, 0.05885026603937149, -0.17349007725715637, -0.010588477365672588, 0.0, 0.0, 0.0, 0.0, 0.0], [-0.02466241642832756, -0.010966101661324501, -0.005278728902339935, 0.05030958727002144, 0.004051461815834045, 0.06334841996431351, 0.0033706016838550568, 0.013855194672942162, 0.0008611027151346207, 0.011431194841861725, -0.004568616859614849, 0.011261318810284138, 0.017270788550376892, -0.03314495086669922, -0.008831460028886795, 0.0, 0.0, 0.0, 0.0, 0.0], [0.030814874917268753, 0.0967627689242363, -0.029194943606853485, 0.2991213798522949, 0.06334841996431351, 0.5148872137069702, 0.18172195553779602, 0.02075699344277382, -0.02156016230583191, 0.013811705633997917, 0.0674237534403801, 0.1060274988412857, 0.09158758074045181, -0.2863922417163849, -0.032345470041036606, 0.030114591121673584, 0.04999976232647896, 0.01360173150897026, 0.005260933190584183, -0.009386985562741756], [0.17161665856838226, 0.13303714990615845, 0.0014735690783709288, 0.03051380068063736, 0.0033706016838550568, 0.18172195553779602, 0.11738493293523788, -0.002166277263313532, -0.03437937796115875, -0.0016295607201755047, 0.11454583704471588, 0.08775433152914047, 0.018467877060174942, -0.06444744020700455, 0.000912071205675602, 0.046539388597011566, 0.023465851321816444, -0.017700595781207085, -0.054076187312603, 0.016130318865180016], [0.00446443073451519, -0.00797188188880682, 0.0035258904099464417, 0.02591385319828987, 0.013855194672942162, 0.02075699344277382, -0.002166277263313532, 0.029099218547344208, -0.048346418887376785, -0.004923034459352493, -0.08400676399469376, -0.009520415216684341, 0.038464710116386414, -0.01744607463479042, -0.018810315057635307, 0.009822322055697441, -0.003340299939736724, 0.008325593546032906, 0.07623935490846634, 0.005139656364917755], [-0.26180970668792725, -0.14623507857322693, -0.0033354591578245163, 0.03758624941110611, 0.0008611027151346207, -0.02156016230583191, -0.03437937796115875, -0.048346418887376785, 0.2584565281867981, 0.03136354684829712, 0.2977592647075653, 0.08613160997629166, -0.04606323316693306, 0.011328153312206268, 0.032230574637651443, -0.022722408175468445, 0.034790508449077606, -0.04125206917524338, -0.17246025800704956, 0.04547940567135811], [-0.04590747505426407, -0.014118904247879982, -0.00016434525605291128, 0.022081753239035606, 0.011431194841861725, 0.013811705633997917, -0.0016295607201755047, -0.004923034459352493, 0.03136354684829712, 0.016524918377399445, 0.019616425037384033, -0.0026730243116617203, -0.008401654660701752, -0.017316509038209915, 0.015595998615026474, -0.014691043645143509, -0.0023914952762424946, 0.018985308706760406, -0.041821688413619995, 0.003805600106716156], [0.053260184824466705, 0.032681528478860855, -0.006546848453581333, -0.0226270854473114, -0.004568616859614849, 0.0674237534403801, 0.11454583704471588, -0.08400676399469376, 0.2977592647075653, 0.019616425037384033, 0.5743265151977539, 0.2046719193458557, -0.08625258505344391, 0.03120165690779686, 0.0713287740945816, 0.005925500765442848, 0.10112083703279495, -0.09908712655305862, -0.26742732524871826, 0.11532419919967651], [0.03692932054400444, 0.007071233354508877, -0.0068613518960773945, 0.04702581837773323, 0.011261318810284138, 0.1060274988412857, 0.08775433152914047, -0.009520415216684341, 0.08613160997629166, -0.0026730243116617203, 0.2046719193458557, 0.14448334276676178, 0.022874992340803146, 0.026150699704885483, -0.015120730735361576, 0.1587478518486023, 0.13090185821056366, -0.027912788093090057, -0.03210277482867241, 0.014527633786201477], [-0.0005616331472992897, 0.01667720638215542, -0.007855892181396484, 0.05885026603937149, 0.017270788550376892, 0.09158758074045181, 0.018467877060174942, 0.038464710116386414, -0.04606323316693306, -0.008401654660701752, -0.08625258505344391, 0.022874992340803146, 0.026542451232671738, -0.023863552138209343, -0.03341732546687126, 0.11365385353565216, 0.048441726714372635, -0.0051030367612838745, 0.060093075037002563, -0.019597908481955528], [0.03220744431018829, -0.033278949558734894, 0.008196141570806503, -0.17349007725715637, -0.03314495086669922, -0.2863922417163849, -0.06444744020700455, -0.01744607463479042, 0.011328153312206268, -0.017316509038209915, 0.03120165690779686, 0.026150699704885483, -0.023863552138209343, 0.2263031005859375, -0.01583258807659149, 0.20287220180034637, 0.10160378366708755, -0.03105110488831997, 0.026217125356197357, 0.015499768778681755], [-0.005924347788095474, -0.006848356686532497, -8.518435060977936e-05, -0.010588477365672588, -0.008831460028886795, -0.032345470041036606, 0.000912071205675602, -0.018810315057635307, 0.032230574637651443, 0.015595998615026474, 0.0713287740945816, -0.015120730735361576, -0.03341732546687126, -0.01583258807659149, 0.009410195052623749, -0.10736540704965591, -0.04278217628598213, 0.0010087601840496063, -0.04646782577037811, -0.007097270339727402], [0.0, 0.0, 0.0, 0.0, 0.0, 0.030114591121673584, 0.046539388597011566, 0.009822322055697441, -0.022722408175468445, -0.014691043645143509, 0.005925500765442848, 0.1587478518486023, 0.11365385353565216, 0.20287220180034637, -0.10736540704965591, 0.5770388245582581, 0.3517429828643799, 0.050786375999450684, 0.1748124212026596, -0.05966437608003616], [0.0, 0.0, 0.0, 0.0, 0.0, 0.04999976232647896, 0.023465851321816444, -0.003340299939736724, 0.034790508449077606, -0.0023914952762424946, 0.10112083703279495, 0.13090185821056366, 0.048441726714372635, 0.10160378366708755, -0.04278217628598213, 0.3517429828643799, 0.22479557991027832, 0.013521980494260788, 0.05035582184791565, -0.013607528060674667], [0.0, 0.0, 0.0, 0.0, 0.0, 0.01360173150897026, -0.017700595781207085, 0.008325593546032906, -0.04125206917524338, 0.018985308706760406, -0.09908712655305862, -0.027912788093090057, -0.0051030367612838745, -0.03105110488831997, 0.0010087601840496063, 0.050786375999450684, 0.013521980494260788, 0.03762098029255867, 0.06512972712516785, -0.01758355274796486], [0.0, 0.0, 0.0, 0.0, 0.0, 0.005260933190584183, -0.054076187312603, 0.07623935490846634, -0.17246025800704956, -0.041821688413619995, -0.26742732524871826, -0.03210277482867241, 0.060093075037002563, 0.026217125356197357, -0.04646782577037811, 0.1748124212026596, 0.05035582184791565, 0.06512972712516785, 0.1633833944797516, -0.0746578797698021], [0.0, 0.0, 0.0, 0.0, 0.0, -0.009386985562741756, 0.016130318865180016, 0.005139656364917755, 0.04547940567135811, 0.003805600106716156, 0.11532419919967651, 0.014527633786201477, -0.019597908481955528, 0.015499768778681755, -0.007097270339727402, -0.05966437608003616, -0.013607528060674667, -0.01758355274796486, -0.0746578797698021, 0.04178556054830551]], [[0.5603569149971008, 0.35728520154953003, -0.0443316251039505, -0.1642448902130127, -0.008307578042149544, 0.026936858892440796, 0.1721789538860321, -0.06371794641017914, -0.21559882164001465, -0.018948419019579887, 0.03800402581691742, 0.017992526292800903, 0.0003436128608882427, 0.03429487347602844, 0.0012430143542587757, 0.0, 0.0, 0.0, 0.0, 0.0], [0.35728520154953003, 0.23435533046722412, -0.018930934369564056, -0.0608881413936615, -0.004057951271533966, 0.10220213979482651, 0.1395876258611679, -0.04180264472961426, -0.13870815932750702, -0.004711078479886055, 0.009807211346924305, 0.018549904227256775, -0.0028181513771414757, -0.024517957121133804, 0.004992557689547539, 0.0, 0.0, 0.0, 0.0, 0.0], [-0.0443316251039505, -0.018930934369564056, 0.022084712982177734, 0.07544243335723877, 0.004816890694200993, 0.08529291301965714, 0.017692869529128075, 0.015704259276390076, 0.009789757430553436, 0.006200284697115421, -0.0034818637650460005, 0.0072292545810341835, -0.0018237605690956116, -0.028676288202404976, 0.002748420462012291, 0.0, 0.0, 0.0, 0.0, 0.0], [-0.1642448902130127, -0.0608881413936615, 0.07544243335723877, 0.2310560643672943, 0.01798592507839203, 0.3112473487854004, 0.053091004490852356, 0.03409112989902496, 0.041672468185424805, 0.017060130834579468, -0.0366978719830513, 0.0299912728369236, 0.0016910205595195293, -0.11381134390830994, 0.013359950855374336, 0.0, 0.0, 0.0, 0.0, 0.0], [-0.008307578042149544, -0.004057951271533966, 0.004816890694200993, 0.01798592507839203, 0.007466636598110199, 0.018150165677070618, -0.00039407704025506973, 0.0012601909693330526, 0.004681767895817757, 0.00998496264219284, -0.003528604982420802, -0.0005807500565424562, -0.0011917874217033386, -0.007968799211084843, 0.004113711416721344, 0.0, 0.0, 0.0, 0.0, 0.0], [0.026936858892440796, 0.10220213979482651, 0.08529291301965714, 0.3112473487854004, 0.018150165677070618, 0.5530538558959961, 0.21676795184612274, 0.034775588661432266, -0.0012711584568023682, 0.014532667584717274, 0.010866601951420307, 0.10680330544710159, -0.021531851962208748, -0.24092762172222137, 0.03275848925113678, 0.03244071453809738, 0.00950778741389513, 0.0014171432703733444, 0.03206200152635574, 0.003269091947004199], [0.1721789538860321, 0.1395876258611679, 0.017692869529128075, 0.053091004490852356, -0.00039407704025506973, 0.21676795184612274, 0.13466162979602814, -0.006735349074006081, -0.014145780354738235, 5.016103386878967e-05, 0.10817869007587433, 0.08294282108545303, 0.0008603669703006744, -0.07187391072511673, 0.006542437244206667, 0.014978772960603237, 0.014498328790068626, 0.003149122465401888, -0.025631126016378403, -0.0026434098836034536], [-0.06371794641017914, -0.04180264472961426, 0.015704259276390076, 0.03409112989902496, 0.0012601909693330526, 0.034775588661432266, -0.006735349074006081, 0.0035245120525360107, 0.04496319964528084, 0.003838423639535904, 0.002703801728785038, 0.006237967871129513, -0.006631771102547646, -0.03315240889787674, -0.003861532546579838, -0.003485996276140213, -0.0016860782634466887, 0.00010652747005224228, -0.01018664613366127, 0.0021980537567287683], [-0.21559882164001465, -0.13870815932750702, 0.009789757430553436, 0.041672468185424805, 0.004681767895817757, -0.0012711584568023682, -0.014145780354738235, 0.04496319964528084, 0.22288547456264496, -0.0041816458106040955, 0.24585746228694916, 0.07504316419363022, 0.023183684796094894, -0.04805875942111015, -0.025109022855758667, -0.031401604413986206, 0.019225483760237694, 0.009665483608841896, -0.09617066383361816, -0.017392896115779877], [-0.018948419019579887, -0.004711078479886055, 0.006200284697115421, 0.017060130834579468, 0.00998496264219284, 0.014532667584717274, 5.016103386878967e-05, 0.003838423639535904, -0.0041816458106040955, -0.007773250341415405, -0.02720511704683304, -0.008397835306823254, 0.0029434901662170887, -0.010317124426364899, -0.0022687185555696487, -0.00020353542640805244, -0.002824503928422928, 0.0016252555651590228, 0.014637856744229794, 0.0026875678449869156], [0.03800402581691742, 0.009807211346924305, -0.0034818637650460005, -0.0366978719830513, -0.003528604982420802, 0.010866601951420307, 0.10817869007587433, 0.002703801728785038, 0.24585746228694916, -0.02720511704683304, 0.5718023180961609, 0.2234809845685959, 0.02885335683822632, 0.003100242465734482, -0.03522639349102974, -0.001972721889615059, 0.09735564887523651, 0.03819393739104271, -0.3006979525089264, -0.05555398762226105], [0.017992526292800903, 0.018549904227256775, 0.0072292545810341835, 0.0299912728369236, -0.0005807500565424562, 0.10680330544710159, 0.08294282108545303, 0.006237967871129513, 0.07504316419363022, -0.008397835306823254, 0.2234809845685959, 0.14211039245128632, -0.0048715476877987385, 0.014810692518949509, 0.0037274393253028393, 0.16206161677837372, 0.14051012694835663, 0.011523214168846607, -0.055553797632455826, -0.01050882413983345], [0.0003436128608882427, -0.0028181513771414757, -0.0018237605690956116, 0.0016910205595195293, -0.0011917874217033386, -0.021531851962208748, 0.0008603669703006744, -0.006631771102547646, 0.023183684796094894, 0.0029434901662170887, 0.02885335683822632, -0.0048715476877987385, -0.008953087031841278, -0.015834670513868332, -0.007352153770625591, -0.03390718996524811, -0.02289753220975399, 0.009808264672756195, -0.02323893830180168, -0.001879021991044283], [0.03429487347602844, -0.024517957121133804, -0.028676288202404976, -0.11381134390830994, -0.007968799211084843, -0.24092762172222137, -0.07187391072511673, -0.03315240889787674, -0.04805875942111015, -0.010317124426364899, 0.003100242465734482, 0.014810692518949509, -0.015834670513868332, 0.21962028741836548, 0.01242701057344675, 0.19494913518428802, 0.13388539850711823, -0.0007998645305633545, 0.029203638434410095, 0.003607377875596285], [0.0012430143542587757, 0.004992557689547539, 0.002748420462012291, 0.013359950855374336, 0.004113711416721344, 0.03275848925113678, 0.006542437244206667, -0.003861532546579838, -0.025109022855758667, -0.0022687185555696487, -0.03522639349102974, 0.0037274393253028393, -0.007352153770625591, 0.01242701057344675, -0.0034187957644462585, 0.05051806569099426, 0.0253889262676239, -0.003351109568029642, 0.03255213052034378, 0.014004494994878769], [0.0, 0.0, 0.0, 0.0, 0.0, 0.03244071453809738, 0.014978772960603237, -0.003485996276140213, -0.031401604413986206, -0.00020353542640805244, -0.001972721889615059, 0.16206161677837372, -0.03390718996524811, 0.19494913518428802, 0.05051806569099426, 0.5674521923065186, 0.3567449748516083, -0.02335778996348381, 0.16921424865722656, 0.028347549960017204], [0.0, 0.0, 0.0, 0.0, 0.0, 0.00950778741389513, 0.014498328790068626, -0.0016860782634466887, 0.019225483760237694, -0.002824503928422928, 0.09735564887523651, 0.14051012694835663, -0.02289753220975399, 0.13388539850711823, 0.0253889262676239, 0.3567449748516083, 0.23852653801441193, -0.00879202876240015, 0.05728951841592789, 0.011895792558789253], [0.0, 0.0, 0.0, 0.0, 0.0, 0.0014171432703733444, 0.003149122465401888, 0.00010652747005224228, 0.009665483608841896, 0.0016252555651590228, 0.03819393739104271, 0.011523214168846607, 0.009808264672756195, -0.0007998645305633545, -0.003351109568029642, -0.02335778996348381, -0.00879202876240015, 0.008800849318504333, -0.04044380038976669, -0.004911838565021753], [0.0, 0.0, 0.0, 0.0, 0.0, 0.03206200152635574, -0.025631126016378403, -0.01018664613366127, -0.09617066383361816, 0.014637856744229794, -0.3006979525089264, -0.055553797632455826, -0.02323893830180168, 0.029203638434410095, 0.03255213052034378, 0.16921424865722656, 0.05728951841592789, -0.04044380038976669, 0.2198469340801239, 0.052382536232471466], [0.0, 0.0, 0.0, 0.0, 0.0, 0.003269091947004199, -0.0026434098836034536, 0.0021980537567287683, -0.017392896115779877, 0.0026875678449869156, -0.05555398762226105, -0.01050882413983345, -0.001879021991044283, 0.003607377875596285, 0.014004494994878769, 0.028347549960017204, 0.011895792558789253, -0.004911838565021753, 0.052382536232471466, 0.01790398359298706]], [[0.5573748350143433, 0.34544438123703003, 0.022223372012376785, -0.16657307744026184, -0.06746566295623779, -0.0217049028724432, 0.16557610034942627, 0.040578246116638184, -0.17092560231685638, -0.11625295877456665, 0.0276879221200943, 0.04721726477146149, 0.003891246160492301, 0.053951114416122437, -0.0075202882289886475, 0.0, 0.0, 0.0, 0.0, 0.0], [0.34544438123703003, 0.23630760610103607, 0.006962976418435574, -0.06114252284169197, -0.021595528349280357, 0.08615069091320038, 0.1307564228773117, 0.02151702530682087, -0.10524819046258926, -0.06237995624542236, 0.04033932462334633, 0.03746075555682182, -0.00032523064874112606, -0.0258670374751091, -0.00048239436000585556, 0.0, 0.0, 0.0, 0.0, 0.0], [0.022223372012376785, 0.006962976418435574, 0.007282659411430359, -0.029865451157093048, -0.00929362140595913, -0.03778699040412903, -0.008235704153776169, -0.008636325597763062, 0.003275820519775152, -0.0035275830887258053, 0.006879952736198902, -0.00825401209294796, 0.008148353546857834, 0.022995995357632637, 0.0035550654865801334, 0.0, 0.0, 0.0, 0.0, 0.0], [-0.16657307744026184, -0.06114252284169197, -0.029865451157093048, 0.22781644761562347, 0.09066158533096313, 0.27028849720954895, 0.02033127471804619, -0.024837547913193703, 0.019258685410022736, 0.06723730266094208, -0.038315463811159134, 0.04173770919442177, -0.01697145402431488, -0.20818054676055908, 0.03364289551973343, 0.0, 0.0, 0.0, 0.0, 0.0], [-0.06746566295623779, -0.021595528349280357, -0.00929362140595913, 0.09066158533096313, 0.03365917503833771, 0.11407281458377838, 0.02282307669520378, -0.005007672589272261, -0.0071584489196538925, 0.0028209201991558075, -0.020184805616736412, 0.02399248629808426, 0.001471721800044179, -0.07210171222686768, 0.0013715270906686783, 0.0, 0.0, 0.0, 0.0, 0.0], [-0.0217049028724432, 0.08615069091320038, -0.03778699040412903, 0.27028849720954895, 0.11407281458377838, 0.5219943523406982, 0.16464395821094513, -0.021772928535938263, -0.03754296153783798, 0.05568491667509079, 0.0989467203617096, 0.12140360474586487, -0.012890870682895184, -0.2989470064640045, 0.018522555008530617, 0.04064452648162842, 0.03129478916525841, -0.003344097640365362, 0.04560238495469093, 0.011155539192259312], [0.16557610034942627, 0.1307564228773117, -0.008235704153776169, 0.02033127471804619, 0.02282307669520378, 0.16464395821094513, 0.1255492866039276, 0.010095838457345963, -0.03275688365101814, -0.028398390859365463, 0.11410002410411835, 0.06762050092220306, -0.001230889931321144, -0.07237642258405685, -0.0005131051875650883, 0.037343576550483704, 0.028014615178108215, 0.0027796451468020678, -0.03823105990886688, -0.00928290095180273], [0.040578246116638184, 0.02151702530682087, -0.008636325597763062, -0.024837547913193703, -0.005007672589272261, -0.021772928535938263, 0.010095838457345963, -0.0027732327580451965, -0.0010854778811335564, -0.010712970048189163, 0.014956625178456306, 0.0036002867855131626, 0.006548517383635044, 0.02013944275677204, -0.005101759918034077, -0.0009400625713169575, 0.0020647260826081038, -8.304230868816376e-05, -0.009443271905183792, 4.3573323637247086e-05], [-0.17092560231685638, -0.10524819046258926, 0.003275820519775152, 0.019258685410022736, -0.0071584489196538925, -0.03754296153783798, -0.03275688365101814, -0.0010854778811335564, 0.27545222640037537, 0.017562832683324814, 0.2953801155090332, 0.06350701302289963, 0.009819399565458298, 0.048270244151353836, -0.02353729121387005, -0.05638398230075836, 0.02207392267882824, 0.0090152807533741, -0.20072783529758453, -0.03407039865851402], [-0.11625295877456665, -0.06237995624542236, -0.0035275830887258053, 0.06723730266094208, 0.0028209201991558075, 0.05568491667509079, -0.028398390859365463, -0.010712970048189163, 0.017562832683324814, 0.02246454358100891, -0.02419343963265419, -0.006212886888533831, -0.005645064637064934, -0.05098189786076546, 0.016482945531606674, -0.0004702974110841751, -0.004311539698392153, 0.0009838724508881569, 0.01446483563631773, -0.0017560981214046478], [0.0276879221200943, 0.04033932462334633, 0.006879952736198902, -0.038315463811159134, -0.020184805616736412, 0.0989467203617096, 0.11410002410411835, 0.014956625178456306, 0.2953801155090332, -0.02419343963265419, 0.521319568157196, 0.16420000791549683, 0.00851043313741684, 0.03327012434601784, -0.02064550295472145, -0.03335589915513992, 0.07693992555141449, 0.008944694884121418, -0.2833659052848816, -0.03804723545908928], [0.04721726477146149, 0.03746075555682182, -0.00825401209294796, 0.04173770919442177, 0.02399248629808426, 0.12140360474586487, 0.06762050092220306, 0.0036002867855131626, 0.06350701302289963, -0.006212886888533831, 0.16420000791549683, 0.1260971873998642, -0.004317866638302803, 0.03767818212509155, 0.013314827345311642, 0.16338646411895752, 0.1360231339931488, 0.0028031463734805584, -0.027304641902446747, -0.008778620511293411], [0.003891246160492301, -0.00032523064874112606, 0.008148353546857834, -0.01697145402431488, 0.001471721800044179, -0.012890870682895184, -0.001230889931321144, 0.006548517383635044, 0.009819399565458298, -0.005645064637064934, 0.00851043313741684, -0.004317866638302803, 0.011760003864765167, 0.005580672062933445, -0.0032148289028555155, -0.014497688971459866, -0.010642101056873798, 0.003775954246520996, -0.011355996131896973, 0.00014918018132448196], [0.053951114416122437, -0.0258670374751091, 0.022995995357632637, -0.20818054676055908, -0.07210171222686768, -0.2989470064640045, -0.07237642258405685, 0.02013944275677204, 0.048270244151353836, -0.05098189786076546, 0.03327012434601784, 0.03767818212509155, 0.005580672062933445, 0.2796987295150757, -0.0008457750082015991, 0.19066384434700012, 0.12706530094146729, -0.0006489148363471031, 0.008842937648296356, 0.0019874069839715958], [-0.0075202882289886475, -0.00048239436000585556, 0.0035550654865801334, 0.03364289551973343, 0.0013715270906686783, 0.018522555008530617, -0.0005131051875650883, -0.005101759918034077, -0.02353729121387005, 0.016482945531606674, -0.02064550295472145, 0.013314827345311642, -0.0032148289028555155, -0.0008457750082015991, 0.01884801685810089, 0.047914545983076096, 0.03456534072756767, 0.00068658497184515, 0.030085785314440727, 0.0037585273385047913], [0.0, 0.0, 0.0, 0.0, 0.0, 0.04064452648162842, 0.037343576550483704, -0.0009400625713169575, -0.05638398230075836, -0.0004702974110841751, -0.03335589915513992, 0.16338646411895752, -0.014497688971459866, 0.19066384434700012, 0.047914545983076096, 0.5555147528648376, 0.3497464656829834, -0.007020152173936367, 0.17442457377910614, 0.02743549644947052], [0.0, 0.0, 0.0, 0.0, 0.0, 0.03129478916525841, 0.028014615178108215, 0.0020647260826081038, 0.02207392267882824, -0.004311539698392153, 0.07693992555141449, 0.1360231339931488, -0.010642101056873798, 0.12706530094146729, 0.03456534072756767, 0.3497464656829834, 0.2523921728134155, -0.003046920755878091, 0.06376954913139343, 0.011303643696010113], [0.0, 0.0, 0.0, 0.0, 0.0, -0.003344097640365362, 0.0027796451468020678, -8.304230868816376e-05, 0.0090152807533741, 0.0009838724508881569, 0.008944694884121418, 0.0028031463734805584, 0.003775954246520996, -0.0006489148363471031, 0.00068658497184515, -0.007020152173936367, -0.003046920755878091, -0.004811771214008331, -0.009339632466435432, -0.002286149887368083], [0.0, 0.0, 0.0, 0.0, 0.0, 0.04560238495469093, -0.03823105990886688, -0.009443271905183792, -0.20072783529758453, 0.01446483563631773, -0.2833659052848816, -0.027304641902446747, -0.011355996131896973, 0.008842937648296356, 0.030085785314440727, 0.17442457377910614, 0.06376954913139343, -0.009339632466435432, 0.25333958864212036, 0.037847910076379776], [0.0, 0.0, 0.0, 0.0, 0.0, 0.011155539192259312, -0.00928290095180273, 4.3573323637247086e-05, -0.03407039865851402, -0.0017560981214046478, -0.03804723545908928, -0.008778620511293411, 0.00014918018132448196, 0.0019874069839715958, 0.0037585273385047913, 0.02743549644947052, 0.011303643696010113, -0.002286149887368083, 0.037847910076379776, 0.002478182315826416]], [[0.4792421758174896, 0.31805217266082764, 0.012790191918611526, -0.1662096232175827, -0.004932250827550888, 0.059963569045066833, 0.173898845911026, 0.02466409094631672, -0.24938173592090607, -0.006829592399299145, 0.02712596021592617, 0.05749008059501648, 0.00658990815281868, 0.03056761622428894, 0.0003140275366604328, 0.0, 0.0, 0.0, 0.0, 0.0], [0.31805217266082764, 0.20570822060108185, 0.008218074217438698, -0.08203494548797607, 0.0027465277817100286, 0.10341491550207138, 0.1111983209848404, 0.010433669202029705, -0.1290505826473236, -0.01436534896492958, 0.047946348786354065, 0.020978130400180817, -0.0027828116435557604, -0.029161948710680008, 0.006073064170777798, 0.0, 0.0, 0.0, 0.0, 0.0], [0.012790191918611526, 0.008218074217438698, -0.0217401385307312, -0.032254647463560104, 0.0026111253537237644, -0.03660275414586067, -0.0006099613383412361, -0.007713977247476578, -0.0030886270105838776, -0.007138063199818134, 0.0035645824391394854, -0.004044126719236374, 0.004744863137602806, 0.0177776962518692, -0.006490195170044899, 0.0, 0.0, 0.0, 0.0, 0.0], [-0.1662096232175827, -0.08203494548797607, -0.032254647463560104, 0.3215301036834717, -0.012568891979753971, 0.28917449712753296, 0.01178763061761856, -0.024295348674058914, 0.08000554144382477, 0.020100761204957962, -0.027141332626342773, 0.03874795138835907, -0.010828589089214802, -0.22726532816886902, 0.04039129614830017, 0.0, 0.0, 0.0, 0.0, 0.0], [-0.004932250827550888, 0.0027465277817100286, 0.0026111253537237644, -0.012568891979753971, -0.021833136677742004, -0.022595388814806938, 0.008246605284512043, 0.004325202666223049, -0.00015684077516198158, -0.014786630868911743, -0.012903496623039246, 0.0013841616455465555, 0.000636580865830183, -0.0018669958226382732, 0.0024870559573173523, 0.0, 0.0, 0.0, 0.0, 0.0], [0.059963569045066833, 0.10341491550207138, -0.03660275414586067, 0.28917449712753296, -0.022595388814806938, 0.4544326364994049, 0.15263937413692474, -0.016690658405423164, -0.01969122141599655, 0.007801834959536791, 0.09733554720878601, 0.10788442939519882, 0.004051456693559885, -0.2597026824951172, 0.04943225532770157, 0.04448084533214569, 0.03290760889649391, 0.0038202214054763317, 0.052692264318466187, 0.008648824878036976], [0.173898845911026, 0.1111983209848404, -0.0006099613383412361, 0.01178763061761856, 0.008246605284512043, 0.15263937413692474, 0.10505471378564835, 0.005989283323287964, -0.04098356515169144, -0.003970053978264332, 0.11622896045446396, 0.059450626373291016, -0.002253744751214981, -0.05494222790002823, 0.013335218653082848, 0.03480656445026398, 0.0189079437404871, -0.006967729888856411, -0.03428966552019119, -0.01764240860939026], [0.02466409094631672, 0.010433669202029705, -0.007713977247476578, -0.024295348674058914, 0.004325202666223049, -0.016690658405423164, 0.005989283323287964, 0.004092521965503693, -0.011797444894909859, -0.001894223503768444, 0.0002530142664909363, 0.006403191015124321, 0.0023374808952212334, 0.011703604832291603, -0.0020529446192085743, 0.006060334388166666, 0.004051223862916231, -0.001908203586935997, 0.0082490099593997, -0.007845545187592506], [-0.24938173592090607, -0.1290505826473236, -0.0030886270105838776, 0.08000554144382477, -0.00015684077516198158, -0.01969122141599655, -0.04098356515169144, -0.011797444894909859, 0.2921444773674011, -0.02971283532679081, 0.2981554865837097, 0.06260368227958679, -0.01407659612596035, 0.03205074369907379, -0.041884858161211014, -0.05926430970430374, 0.013987227343022823, -0.017248811200261116, -0.1725953221321106, -0.036745622754096985], [-0.006829592399299145, -0.01436534896492958, -0.007138063199818134, 0.020100761204957962, -0.014786630868911743, 0.007801834959536791, -0.003970053978264332, -0.001894223503768444, -0.02971283532679081, 0.0065851956605911255, -0.05333098769187927, -0.004337787628173828, 0.004367625806480646, -0.03144741803407669, 0.017731238156557083, 0.01525894459336996, 0.002807264681905508, -0.0011614076793193817, 0.04250207543373108, -0.006228752434253693], [0.02712596021592617, 0.047946348786354065, 0.0035645824391394854, -0.027141332626342773, -0.012903496623039246, 0.09733554720878601, 0.11622896045446396, 0.0002530142664909363, 0.2981554865837097, -0.05333098769187927, 0.5492345094680786, 0.16696211695671082, -0.01711200550198555, 0.05013013631105423, -0.058198604732751846, -0.06290751695632935, 0.07358278334140778, -0.04269303381443024, -0.25696223974227905, -0.07982826977968216], [0.05749008059501648, 0.020978130400180817, -0.004044126719236374, 0.03874795138835907, 0.0013841616455465555, 0.10788442939519882, 0.059450626373291016, 0.006403191015124321, 0.06260368227958679, -0.004337787628173828, 0.16696211695671082, 0.13320110738277435, 0.008828969672322273, 0.03869767487049103, 0.024658404290676117, 0.1503973752260208, 0.1358671933412552, -0.009316181764006615, -0.030012570321559906, -0.02567911148071289], [0.00658990815281868, -0.0027828116435557604, 0.004744863137602806, -0.010828589089214802, 0.000636580865830183, 0.004051456693559885, -0.002253744751214981, 0.0023374808952212334, -0.01407659612596035, 0.004367625806480646, -0.01711200550198555, 0.008828969672322273, -0.0030287057161331177, 0.008441880345344543, 0.010747799649834633, 0.04698319360613823, 0.022551150992512703, -0.006186038255691528, 0.018710600212216377, -0.0007002479396760464], [0.03056761622428894, -0.029161948710680008, 0.0177776962518692, -0.22726532816886902, -0.0018669958226382732, -0.2597026824951172, -0.05494222790002823, 0.011703604832291603, 0.03205074369907379, -0.03144741803407669, 0.05013013631105423, 0.03869767487049103, 0.008441880345344543, 0.2583160996437073, -0.024767689406871796, 0.15892204642295837, 0.10755456238985062, -0.010575739666819572, -0.01912909373641014, -0.023812847211956978], [0.0003140275366604328, 0.006073064170777798, -0.006490195170044899, 0.04039129614830017, 0.0024870559573173523, 0.04943225532770157, 0.013335218653082848, -0.0020529446192085743, -0.041884858161211014, 0.017731238156557083, -0.058198604732751846, 0.024658404290676117, 0.010747799649834633, -0.024767689406871796, 0.024068526923656464, 0.11130522936582565, 0.053917642682790756, 0.007461894303560257, 0.05542730912566185, -0.003319576382637024], [0.0, 0.0, 0.0, 0.0, 0.0, 0.04448084533214569, 0.03480656445026398, 0.006060334388166666, -0.05926430970430374, 0.01525894459336996, -0.06290751695632935, 0.1503973752260208, 0.04698319360613823, 0.15892204642295837, 0.11130522936582565, 0.5906005501747131, 0.3512316346168518, 0.028805071488022804, 0.18060792982578278, 0.046199049800634384], [0.0, 0.0, 0.0, 0.0, 0.0, 0.03290760889649391, 0.0189079437404871, 0.004051223862916231, 0.013987227343022823, 0.002807264681905508, 0.07358278334140778, 0.1358671933412552, 0.022551150992512703, 0.10755456238985062, 0.053917642682790756, 0.3512316346168518, 0.2519277334213257, 0.004124480299651623, 0.05203017219901085, 0.010175734758377075], [0.0, 0.0, 0.0, 0.0, 0.0, 0.0038202214054763317, -0.006967729888856411, -0.001908203586935997, -0.017248811200261116, -0.0011614076793193817, -0.04269303381443024, -0.009316181764006615, -0.006186038255691528, -0.010575739666819572, 0.007461894303560257, 0.028805071488022804, 0.004124480299651623, 0.018309898674488068, 0.029706573113799095, 0.007139686495065689], [0.0, 0.0, 0.0, 0.0, 0.0, 0.052692264318466187, -0.03428966552019119, 0.0082490099593997, -0.1725953221321106, 0.04250207543373108, -0.25696223974227905, -0.030012570321559906, 0.018710600212216377, -0.01912909373641014, 0.05542730912566185, 0.18060792982578278, 0.05203017219901085, 0.029706573113799095, 0.1710035502910614, 0.05743694677948952], [0.0, 0.0, 0.0, 0.0, 0.0, 0.008648824878036976, -0.01764240860939026, -0.007845545187592506, -0.036745622754096985, -0.006228752434253693, -0.07982826977968216, -0.02567911148071289, -0.0007002479396760464, -0.023812847211956978, -0.003319576382637024, 0.046199049800634384, 0.010175734758377075, 0.007139686495065689, 0.05743694677948952, 0.028498776257038116]], [[0.5652000308036804, 0.35624879598617554, 0.04941322281956673, -0.16432295739650726, -0.047431543469429016, 0.050654537975788116, 0.16570544242858887, 0.09271568804979324, -0.21362599730491638, -0.0822858214378357, 0.020787520334124565, 0.04269176349043846, -0.007467568852007389, 0.02107420563697815, 0.00011006137356162071, 0.0, 0.0, 0.0, 0.0, 0.0], [0.35624879598617554, 0.23445139825344086, 0.011680297553539276, -0.051096320152282715, -0.016145601868629456, 0.10284572839736938, 0.13802380859851837, 0.04225977510213852, -0.10677371174097061, -0.033965375274419785, 0.04800074175000191, 0.04227312281727791, -0.01639370247721672, -0.04991398751735687, 0.006084332708269358, 0.0, 0.0, 0.0, 0.0, 0.0], [0.04941322281956673, 0.011680297553539276, 0.03722041845321655, -0.06484083086252213, -0.02087431401014328, -0.10882478952407837, -0.028070669621229172, 0.004654388874769211, 0.012052989564836025, -0.0030657844617962837, 0.018396005034446716, -0.006005899515002966, 0.013053313829004765, 0.03933215141296387, 0.012935136444866657, 0.0, 0.0, 0.0, 0.0, 0.0], [-0.16432295739650726, -0.051096320152282715, -0.06484083086252213, 0.20920030772686005, 0.08019880950450897, 0.272845983505249, 0.0357939749956131, -0.05259464681148529, 0.050619710236787796, 0.03869964927434921, -0.0009753219783306122, 0.05913695693016052, -0.08471667021512985, -0.16356147825717926, 0.0308784618973732, 0.0, 0.0, 0.0, 0.0, 0.0], [-0.047431543469429016, -0.016145601868629456, -0.02087431401014328, 0.08019880950450897, 0.03306026756763458, 0.11247371137142181, 0.008205857127904892, -0.022255772724747658, 0.008474934846162796, -0.007189318537712097, -0.011487104929983616, 0.0077331168577075005, -0.0016406532377004623, -0.04722869396209717, 0.01033177599310875, 0.0, 0.0, 0.0, 0.0, 0.0], [0.050654537975788116, 0.10284572839736938, -0.10882478952407837, 0.272845983505249, 0.11247371137142181, 0.5736005902290344, 0.22285936772823334, -0.09362836182117462, -0.014183834195137024, 0.06559308618307114, -0.015843845903873444, 0.10157661885023117, -0.12048046290874481, -0.2485126256942749, 0.006542326416820288, 0.033737752586603165, 0.019457928836345673, -0.0025463735219091177, 0.026718560606241226, -0.005100507289171219], [0.16570544242858887, 0.13802380859851837, -0.028070669621229172, 0.0357939749956131, 0.008205857127904892, 0.22285936772823334, 0.15647917985916138, 0.014921169728040695, -0.013410800136625767, -0.0038913218304514885, 0.10095198452472687, 0.09882764518260956, -0.019968140870332718, -0.08149541169404984, 0.0074122510850429535, 0.0228768028318882, 0.01654200628399849, -0.0011373769957572222, -0.03513021767139435, 0.005227932706475258], [0.09271568804979324, 0.04225977510213852, 0.004654388874769211, -0.05259464681148529, -0.022255772724747658, -0.09362836182117462, 0.014921169728040695, 0.037246592342853546, 0.007808484137058258, -0.027330603450536728, 0.1334482580423355, 0.024270692840218544, 0.04359698295593262, 0.03952755406498909, -0.00986532773822546, -0.003147581359371543, 0.012669308111071587, -0.0026605892926454544, -0.04928930848836899, 0.007554837502539158], [-0.21362599730491638, -0.10677371174097061, 0.012052989564836025, 0.050619710236787796, 0.008474934846162796, -0.014183834195137024, -0.013410800136625767, 0.007808484137058258, 0.20289649069309235, 0.03292423114180565, 0.26424553990364075, 0.07274360954761505, 0.006199137307703495, -0.02214953862130642, 0.023602692410349846, -0.03490278869867325, 0.02632761560380459, 0.008201968856155872, -0.11281612515449524, 0.020524118095636368], [-0.0822858214378357, -0.033965375274419785, -0.0030657844617962837, 0.03869964927434921, -0.007189318537712097, 0.06559308618307114, -0.0038913218304514885, -0.027330603450536728, 0.03292423114180565, 0.008886903524398804, -0.024499909952282906, 0.0037816278636455536, -0.008932537399232388, -0.029396846890449524, 0.009497424587607384, -0.0001812768168747425, -0.0033067925833165646, -0.004601844120770693, 0.0001955116167664528, -0.0033768052235245705], [0.020787520334124565, 0.04800074175000191, 0.018396005034446716, -0.0009753219783306122, -0.011487104929983616, -0.015843845903873444, 0.10095198452472687, 0.1334482580423355, 0.26424553990364075, -0.024499909952282906, 0.5983938574790955, 0.21734413504600525, 0.05021333694458008, 0.018425147980451584, 0.015954550355672836, -0.013926586136221886, 0.08974042534828186, 0.02858569845557213, -0.3044251501560211, 0.04513546824455261], [0.04269176349043846, 0.04227312281727791, -0.006005899515002966, 0.05913695693016052, 0.0077331168577075005, 0.10157661885023117, 0.09882764518260956, 0.024270692840218544, 0.07274360954761505, 0.0037816278636455536, 0.21734413504600525, 0.12666825950145721, -0.005721024237573147, 0.0221862755715847, 0.00374855799600482, 0.16210931539535522, 0.14023126661777496, 0.0037070084363222122, -0.05105024576187134, 0.001547311432659626], [-0.007467568852007389, -0.01639370247721672, 0.013053313829004765, -0.08471667021512985, -0.0016406532377004623, -0.12048046290874481, -0.019968140870332718, 0.04359698295593262, 0.006199137307703495, -0.008932537399232388, 0.05021333694458008, -0.005721024237573147, 0.0361625999212265, 0.03783026337623596, 0.0014148429036140442, -0.03490908071398735, -0.015210590325295925, 0.014130320399999619, -0.0405997559428215, 0.007164106238633394], [0.02107420563697815, -0.04991398751735687, 0.03933215141296387, -0.16356147825717926, -0.04722869396209717, -0.2485126256942749, -0.08149541169404984, 0.03952755406498909, -0.02214953862130642, -0.029396846890449524, 0.018425147980451584, 0.0221862755715847, 0.03783026337623596, 0.21624070405960083, -0.022817004472017288, 0.2129056453704834, 0.1386995017528534, 0.016564926132559776, 0.023000910878181458, -0.004061621613800526], [0.00011006137356162071, 0.006084332708269358, 0.012935136444866657, 0.0308784618973732, 0.01033177599310875, 0.006542326416820288, 0.0074122510850429535, -0.00986532773822546, 0.023602692410349846, 0.009497424587607384, 0.015954550355672836, 0.00374855799600482, 0.0014148429036140442, -0.022817004472017288, -0.0021688342094421387, -0.0380648635327816, -0.015129734762012959, 0.0037499703466892242, -0.013594737276434898, 0.01083076000213623], [0.0, 0.0, 0.0, 0.0, 0.0, 0.033737752586603165, 0.0228768028318882, -0.003147581359371543, -0.03490278869867325, -0.0001812768168747425, -0.013926586136221886, 0.16210931539535522, -0.03490908071398735, 0.2129056453704834, -0.0380648635327816, 0.5836236476898193, 0.35383349657058716, -0.009211843833327293, 0.16933000087738037, -0.020525511354207993], [0.0, 0.0, 0.0, 0.0, 0.0, 0.019457928836345673, 0.01654200628399849, 0.012669308111071587, 0.02632761560380459, -0.0033067925833165646, 0.08974042534828186, 0.14023126661777496, -0.015210590325295925, 0.1386995017528534, -0.015129734762012959, 0.35383349657058716, 0.24204912781715393, -0.005999343935400248, 0.05064757540822029, -0.007362373173236847], [0.0, 0.0, 0.0, 0.0, 0.0, -0.0025463735219091177, -0.0011373769957572222, -0.0026605892926454544, 0.008201968856155872, -0.004601844120770693, 0.02858569845557213, 0.0037070084363222122, 0.014130320399999619, 0.016564926132559776, 0.0037499703466892242, -0.009211843833327293, -0.005999343935400248, 0.015903182327747345, -0.020472858101129532, 0.001156858168542385], [0.0, 0.0, 0.0, 0.0, 0.0, 0.026718560606241226, -0.03513021767139435, -0.04928930848836899, -0.11281612515449524, 0.0001955116167664528, -0.3044251501560211, -0.05105024576187134, -0.0405997559428215, 0.023000910878181458, -0.013594737276434898, 0.16933000087738037, 0.05064757540822029, -0.020472858101129532, 0.18851086497306824, -0.03991435468196869], [0.0, 0.0, 0.0, 0.0, 0.0, -0.005100507289171219, 0.005227932706475258, 0.007554837502539158, 0.020524118095636368, -0.0033768052235245705, 0.04513546824455261, 0.001547311432659626, 0.007164106238633394, -0.004061621613800526, 0.01083076000213623, -0.020525511354207993, -0.007362373173236847, 0.001156858168542385, -0.03991435468196869, 0.008020550012588501]], [[0.5536125302314758, 0.35747459530830383, -0.02489