{"coordinates": [[[10.0, 10.0, 10.2], [10.0, 10.0, 9.7]], [[10.0, 10.0, 10.25], [10.0, 10.0, 9.74]], [[10.0, 10.0, 10.2], [10.0, 10.0, 9.7]], [[10.0, 10.0, 10.26], [10.0, 10.0, 9.73]], [[10.0, 10.0, 10.2], [10.0, 10.0, 9.7]], [[10.0, 10.0, 10.27], [10.0, 10.0, 9.72]], [[10.0, 10.0, 10.2], [10.0, 10.0, 9.7]], [[10.0, 10.0, 10.28], [10.0, 10.0, 9.71]], [[10.0, 10.0, 10.2], [10.0, 10.0, 9.7]], [[10.0, 10.0, 10.29], [10.0, 10.0, 9.7]], [[10.0, 10.0, 10.0], [10.0, 10.0, 9.0]], [[10.0, 10.0, 10.3], [10.0, 10.0, 9.69]], [[10.0, 10.0, 10.3], [10.0, 10.0, 9.6]], [[10.0, 10.0, 10.31], [10.0, 10.0, 9.68]], [[10.0, 10.0, 10.3], [10.0, 10.0, 9.6]], [[10.0, 10.0, 10.32], [10.0, 10.0, 9.67]], [[10.0, 10.0, 10.3], [10.0, 10.0, 9.6]], [[10.0, 10.0, 10.33], [10.0, 10.0, 9.66]], [[10.0, 10.0, 10.3], [10.0, 10.0, 9.6]], [[10.0, 10.0, 10.34], [10.0, 10.0, 9.65]], [[10.0, 10.0, 10.3], [10.0, 10.0, 9.6]], [[10.0, 10.0, 10.35], [10.0, 10.0, 9.64]], [[10.0, 10.0, 10.3], [10.0, 10.0, 9.6]], [[10.0, 10.0, 10.36], [10.0, 10.0, 9.63]], [[10.0, 10.0, 10.3], [10.0, 10.0, 9.6]], [[10.0, 10.0, 10.37], [10.0, 10.0, 9.62]], [[10.0, 10.0, 10.3], [10.0, 10.0, 9.6]], [[10.0, 10.0, 10.38], [10.0, 10.0, 9.61]], [[10.0, 10.0, 10.3], [10.0, 10.0, 9.6]], [[10.0, 10.0, 10.39], [10.0, 10.0, 9.6]], [[10.0, 10.0, 10.0], [10.0, 10.0, 9.0]], [[10.0, 10.0, 10.4], [10.0, 10.0, 9.59]], [[10.0, 10.0, 10.4], [10.0, 10.0, 9.5]], [[10.0, 10.0, 10.41], [10.0, 10.0, 9.58]], [[10.0, 10.0, 10.4], [10.0, 10.0, 9.5]], [[10.0, 10.0, 10.42], [10.0, 10.0, 9.57]], [[10.0, 10.0, 10.4], [10.0, 10.0, 9.5]], [[10.0, 10.0, 10.43], [10.0, 10.0, 9.56]], [[10.0, 10.0, 10.4], [10.0, 10.0, 9.5]], [[10.0, 10.0, 10.44], [10.0, 10.0, 9.55]], [[10.0, 10.0, 10.4], [10.0, 10.0, 9.5]], [[10.0, 10.0, 10.45], [10.0, 10.0, 9.54]], [[10.0, 10.0, 10.4], [10.0, 10.0, 9.5]], [[10.0, 10.0, 10.46], [10.0, 10.0, 9.53]], [[10.0, 10.0, 10.4], [10.0, 10.0, 9.5]], [[10.0, 10.0, 10.47], [10.0, 10.0, 9.52]], [[10.0, 10.0, 10.4], [10.0, 10.0, 9.5]], [[10.0, 10.0, 10.48], [10.0, 10.0, 9.51]], [[10.0, 10.0, 10.4], [10.0, 10.0, 9.5]], [[10.0, 10.0, 10.49], [10.0, 10.0, 9.5]], [[10.0, 10.0, 10.0], [10.0, 10.0, 9.0]], [[10.0, 10.0, 10.5], [10.0, 10.0, 9.49]], [[10.0, 10.0, 10.5], [10.0, 10.0, 9.4]], [[10.0, 10.0, 10.51], [10.0, 10.0, 9.48]], [[10.0, 10.0, 10.5], [10.0, 10.0, 9.4]], [[10.0, 10.0, 10.52], [10.0, 10.0, 9.47]], [[10.0, 10.0, 10.5], [10.0, 10.0, 9.4]], [[10.0, 10.0, 10.53], [10.0, 10.0, 9.46]], [[10.0, 10.0, 10.5], [10.0, 10.0, 9.4]], [[10.0, 10.0, 10.54], [10.0, 10.0, 9.45]], [[10.0, 10.0, 10.5], [10.0, 10.0, 9.4]], [[10.0, 10.0, 10.55], [10.0, 10.0, 9.44]], [[10.0, 10.0, 10.5], [10.0, 10.0, 9.4]], [[10.0, 10.0, 10.56], [10.0, 10.0, 9.43]], [[10.0, 10.0, 10.5], [10.0, 10.0, 9.4]], [[10.0, 10.0, 10.57], [10.0, 10.0, 9.42]], [[10.0, 10.0, 10.5], [10.0, 10.0, 9.4]], [[10.0, 10.0, 10.58], [10.0, 10.0, 9.41]], [[10.0, 10.0, 10.5], [10.0, 10.0, 9.4]], [[10.0, 10.0, 10.59], [10.0, 10.0, 9.4]], [[10.0, 10.0, 10.0], [10.0, 10.0, 9.0]], [[10.0, 10.0, 10.6], [10.0, 10.0, 9.39]], [[10.0, 10.0, 10.6], [10.0, 10.0, 9.3]], [[10.0, 10.0, 10.61], [10.0, 10.0, 9.38]], [[10.0, 10.0, 10.6], [10.0, 10.0, 9.3]], [[10.0, 10.0, 10.62], [10.0, 10.0, 9.37]], [[10.0, 10.0, 10.6], [10.0, 10.0, 9.3]], [[10.0, 10.0, 10.63], [10.0, 10.0, 9.36]], [[10.0, 10.0, 10.6], [10.0, 10.0, 9.3]], [[10.0, 10.0, 10.64], [10.0, 10.0, 9.35]], [[10.0, 10.0, 10.6], [10.0, 10.0, 9.3]], [[10.0, 10.0, 10.65], [10.0, 10.0, 9.34]], [[10.0, 10.0, 10.6], [10.0, 10.0, 9.3]], [[10.0, 10.0, 10.66], [10.0, 10.0, 9.33]], [[10.0, 10.0, 10.6], [10.0, 10.0, 9.3]], [[10.0, 10.0, 10.67], [10.0, 10.0, 9.32]], [[10.0, 10.0, 10.6], [10.0, 10.0, 9.3]], [[10.0, 10.0, 10.68], [10.0, 10.0, 9.31]], [[10.0, 10.0, 10.6], [10.0, 10.0, 9.3]], [[10.0, 10.0, 10.69], [10.0, 10.0, 9.3]], [[10.0, 10.0, 10.0], [10.0, 10.0, 9.0]], [[10.0, 10.0, 10.7], [10.0, 10.0, 9.29]], [[10.0, 10.0, 10.7], [10.0, 10.0, 9.2]], [[10.0, 10.0, 10.71], [10.0, 10.0, 9.28]], [[10.0, 10.0, 10.7], [10.0, 10.0, 9.2]], [[10.0, 10.0, 10.72], [10.0, 10.0, 9.27]], [[10.0, 10.0, 10.7], [10.0, 10.0, 9.2]], [[10.0, 10.0, 10.73], [10.0, 10.0, 9.26]], [[10.0, 10.0, 10.7], [10.0, 10.0, 9.2]], [[10.0, 10.0, 10.74], [10.0, 10.0, 9.25]], [[10.0, 10.0, 10.7], [10.0, 10.0, 9.2]], [[10.0, 10.0, 10.75], [10.0, 10.0, 9.24]], [[10.0, 10.0, 10.7], [10.0, 10.0, 9.2]], [[10.0, 10.0, 10.76], [10.0, 10.0, 9.23]], [[10.0, 10.0, 10.7], [10.0, 10.0, 9.2]], [[10.0, 10.0, 10.77], [10.0, 10.0, 9.22]], [[10.0, 10.0, 10.7], [10.0, 10.0, 9.2]], [[10.0, 10.0, 10.78], [10.0, 10.0, 9.21]], [[10.0, 10.0, 10.7], [10.0, 10.0, 9.2]], [[10.0, 10.0, 10.79], [10.0, 10.0, 9.2]], [[10.0, 10.0, 10.0], [10.0, 10.0, 9.0]], [[10.0, 10.0, 10.8], [10.0, 10.0, 9.19]], [[10.0, 10.0, 10.8], [10.0, 10.0, 9.1]], [[10.0, 10.0, 10.81], [10.0, 10.0, 9.18]], [[10.0, 10.0, 10.8], [10.0, 10.0, 9.1]], [[10.0, 10.0, 10.82], [10.0, 10.0, 9.17]], [[10.0, 10.0, 10.8], [10.0, 10.0, 9.1]], [[10.0, 10.0, 10.83], [10.0, 10.0, 9.16]], [[10.0, 10.0, 10.8], [10.0, 10.0, 9.1]], [[10.0, 10.0, 10.84], [10.0, 10.0, 9.15]], [[10.0, 10.0, 10.8], [10.0, 10.0, 9.1]], [[10.0, 10.0, 10.85], [10.0, 10.0, 9.14]], [[10.0, 10.0, 10.8], [10.0, 10.0, 9.1]], [[10.0, 10.0, 10.86], [10.0, 10.0, 9.13]], [[10.0, 10.0, 10.8], [10.0, 10.0, 9.1]], [[10.0, 10.0, 10.87], [10.0, 10.0, 9.12]], [[10.0, 10.0, 10.8], [10.0, 10.0, 9.1]], [[10.0, 10.0, 10.88], [10.0, 10.0, 9.11]], [[10.0, 10.0, 10.8], [10.0, 10.0, 9.1]], [[10.0, 10.0, 10.89], [10.0, 10.0, 9.1]], [[10.0, 10.0, 10.0], [10.0, 10.0, 9.0]], [[10.0, 10.0, 10.9], [10.0, 10.0, 9.09]], [[10.0, 10.0, 10.9], [10.0, 10.0, 9.0]], [[10.0, 10.0, 10.91], [10.0, 10.0, 9.08]], [[10.0, 10.0, 10.9], [10.0, 10.0, 9.0]], [[10.0, 10.0, 10.92], [10.0, 10.0, 9.07]], [[10.0, 10.0, 10.9], [10.0, 10.0, 9.0]], [[10.0, 10.0, 10.93], [10.0, 10.0, 9.06]], [[10.0, 10.0, 10.9], [10.0, 10.0, 9.0]], [[10.0, 10.0, 10.94], [10.0, 10.0, 9.05]], [[10.0, 10.0, 10.9], [10.0, 10.0, 9.0]], [[10.0, 10.0, 10.95], [10.0, 10.0, 9.04]], [[10.0, 10.0, 10.9], [10.0, 10.0, 9.0]], [[10.0, 10.0, 10.96], [10.0, 10.0, 9.03]], [[10.0, 10.0, 10.9], [10.0, 10.0, 9.0]], [[10.0, 10.0, 10.97], [10.0, 10.0, 9.02]], [[10.0, 10.0, 10.9], [10.0, 10.0, 9.0]], [[10.0, 10.0, 10.98], [10.0, 10.0, 9.01]], [[10.0, 10.0, 10.9], [10.0, 10.0, 9.0]], [[10.0, 10.0, 10.99], [10.0, 10.0, 9.0]], [[10.0, 10.0, 11.0], [10.0, 10.0, 9.0]], [[10.0, 10.0, 11.00499999999999], [10.0, 10.0, 8.995]], [[10.0, 10.0, 11.0], [10.0, 10.0, 8.9]], [[10.0, 10.0, 11.01], [10.0, 10.0, 8.98]], [[10.0, 10.0, 11.0], [10.0, 10.0, 8.9]], [[10.0, 10.0, 11.02], [10.0, 10.0, 8.97]], [[10.0, 10.0, 11.0], [10.0, 10.0, 8.9]], [[10.0, 10.0, 11.03], [10.0, 10.0, 8.96]], [[10.0, 10.0, 11.0], [10.0, 10.0, 8.9]], [[10.0, 10.0, 11.04], [10.0, 10.0, 8.95]], [[10.0, 10.0, 11.0], [10.0, 10.0, 8.9]], [[10.0, 10.0, 11.05], [10.0, 10.0, 8.94]], [[10.0, 10.0, 11.0], [10.0, 10.0, 8.9]], [[10.0, 10.0, 11.06], [10.0, 10.0, 8.93]], [[10.0, 10.0, 11.0], [10.0, 10.0, 8.9]], [[10.0, 10.0, 11.07], [10.0, 10.0, 8.92]], [[10.0, 10.0, 11.0], [10.0, 10.0, 8.9]], [[10.0, 10.0, 11.08], [10.0, 10.0, 8.91]], [[10.0, 10.0, 11.0], [10.0, 10.0, 8.9]], [[10.0, 10.0, 11.09], [10.0, 10.0, 8.9]], [[10.0, 10.0, 11.0], [10.0, 10.0, 8.0]], [[10.0, 10.0, 11.1], [10.0, 10.0, 8.89]], [[10.0, 10.0, 11.1], [10.0, 10.0, 8.8]], [[10.0, 10.0, 11.11], [10.0, 10.0, 8.88]], [[10.0, 10.0, 11.12], [10.0, 10.0, 8.87999999999999]], [[10.0, 10.0, 11.12], [10.0, 10.0, 8.87]], [[10.0, 10.0, 11.12999999999999], [10.0, 10.0, 8.87]], [[10.0, 10.0, 11.13], [10.0, 10.0, 8.86]], [[10.0, 10.0, 11.1], [10.0, 10.0, 8.8]], [[10.0, 10.0, 11.14], [10.0, 10.0, 8.85]], [[10.0, 10.0, 11.1], [10.0, 10.0, 8.8]], [[10.0, 10.0, 11.15], [10.0, 10.0, 8.84]], [[10.0, 10.0, 11.1], [10.0, 10.0, 8.8]], [[10.0, 10.0, 11.16], [10.0, 10.0, 8.83]], [[10.0, 10.0, 11.1], [10.0, 10.0, 8.8]], [[10.0, 10.0, 11.17], [10.0, 10.0, 8.82]], [[10.0, 10.0, 11.1], [10.0, 10.0, 8.8]], [[10.0, 10.0, 11.18], [10.0, 10.0, 8.81]], [[10.0, 10.0, 11.1], [10.0, 10.0, 8.8]], [[10.0, 10.0, 11.19], [10.0, 10.0, 8.8]], [[10.0, 10.0, 11.0], [10.0, 10.0, 8.0]], [[10.0, 10.0, 11.2], [10.0, 10.0, 8.79]], [[10.0, 10.0, 11.2], [10.0, 10.0, 8.7]], [[10.0, 10.0, 11.21], [10.0, 10.0, 8.78]], [[10.0, 10.0, 11.2], [10.0, 10.0, 8.7]], [[10.0, 10.0, 11.22], [10.0, 10.0, 8.77]], [[10.0, 10.0, 11.2], [10.0, 10.0, 8.7]], [[10.0, 10.0, 11.23], [10.0, 10.0, 8.76]], [[10.0, 10.0, 11.2], [10.0, 10.0, 8.7]], [[10.0, 10.0, 11.245], [10.0, 10.0, 8.75499999999999]], [[10.0, 10.0, 11.2], [10.0, 10.0, 8.7]], [[10.0, 10.0, 11.25], [10.0, 10.0, 8.74]], [[10.0, 10.0, 11.2], [10.0, 10.0, 8.7]], [[10.0, 10.0, 11.26], [10.0, 10.0, 8.73]], [[10.0, 10.0, 11.2], [10.0, 10.0, 8.7]], [[10.0, 10.0, 11.27], [10.0, 10.0, 8.72]], [[10.0, 10.0, 11.2], [10.0, 10.0, 8.7]], [[10.0, 10.0, 11.28], [10.0, 10.0, 8.71]], [[10.0, 10.0, 11.2], [10.0, 10.0, 8.7]], [[10.0, 10.0, 11.29], [10.0, 10.0, 8.7]], [[10.0, 10.0, 11.0], [10.0, 10.0, 8.0]], [[10.0, 10.0, 11.3], [10.0, 10.0, 8.69]], [[10.0, 10.0, 11.3], [10.0, 10.0, 8.6]], [[10.0, 10.0, 11.31], [10.0, 10.0, 8.68]], [[10.0, 10.0, 11.3], [10.0, 10.0, 8.6]], [[10.0, 10.0, 11.32], [10.0, 10.0, 8.67]], [[10.0, 10.0, 11.3], [10.0, 10.0, 8.6]], [[10.0, 10.0, 11.33], [10.0, 10.0, 8.66]], [[10.0, 10.0, 11.3], [10.0, 10.0, 8.6]], [[10.0, 10.0, 11.34], [10.0, 10.0, 8.65]], [[10.0, 10.0, 11.3], [10.0, 10.0, 8.6]], [[10.0, 10.0, 11.35], [10.0, 10.0, 8.64]], [[10.0, 10.0, 11.3], [10.0, 10.0, 8.6]], [[10.0, 10.0, 11.36], [10.0, 10.0, 8.63]], [[10.0, 10.0, 11.37], [10.0, 10.0, 8.62999999999999]], [[10.0, 10.0, 11.37], [10.0, 10.0, 8.62]], [[10.0, 10.0, 11.3], [10.0, 10.0, 8.6]], [[10.0, 10.0, 11.38], [10.0, 10.0, 8.61]], [[10.0, 10.0, 11.3], [10.0, 10.0, 8.6]], [[10.0, 10.0, 11.39], [10.0, 10.0, 8.6]], [[10.0, 10.0, 11.0], [10.0, 10.0, 8.0]], [[10.0, 10.0, 11.4], [10.0, 10.0, 8.59]], [[10.0, 10.0, 11.4], [10.0, 10.0, 8.5]], [[10.0, 10.0, 11.41], [10.0, 10.0, 8.58]], [[10.0, 10.0, 11.4], [10.0, 10.0, 8.5]], [[10.0, 10.0, 11.42], [10.0, 10.0, 8.57]], [[10.0, 10.0, 11.4], [10.0, 10.0, 8.5]], [[10.0, 10.0, 11.43], [10.0, 10.0, 8.56]], [[10.0, 10.0, 11.4], [10.0, 10.0, 8.5]], [[10.0, 10.0, 11.44], [10.0, 10.0, 8.55]], [[10.0, 10.0, 11.4], [10.0, 10.0, 8.5]], [[10.0, 10.0, 11.45], [10.0, 10.0, 8.54]], [[10.0, 10.0, 11.4], [10.0, 10.0, 8.5]], [[10.0, 10.0, 11.46], [10.0, 10.0, 8.53]], [[10.0, 10.0, 11.4], [10.0, 10.0, 8.5]], [[10.0, 10.0, 11.47], [10.0, 10.0, 8.52]], [[10.0, 10.0, 11.4], [10.0, 10.0, 8.5]], [[10.0, 10.0, 11.48], [10.0, 10.0, 8.51]], [[10.0, 10.0, 11.4], [10.0, 10.0, 8.5]], [[10.0, 10.0, 11.495], [10.0, 10.0, 8.50499999999999]], [[10.0, 10.0, 11.0], [10.0, 10.0, 8.0]]], "HF": [-74.59589263229, -74.65748036691, -74.71469426706, -74.76784690465, -74.81722664604, -74.86309974814, -74.90571223883, -74.94529161294, -74.98204836201, -75.01617735996, -75.04785911997, -75.07726093768, -75.10453793306, -75.12983400197, -75.15328268635, -75.17500797101, -75.19512501516, -75.21374082329, -75.23095486292, -75.24685963207, -75.26154118224, -75.27507960031, -75.2875494525, -75.29902019419, -75.30955654768, -75.31921885108, -75.32806338022, -75.33614264506, -75.34350566505, -75.35019822147, -75.35626309117, -75.36174026217, -75.36666713261, -75.37107869399, -75.37500770114, -75.37848482774, -75.38153881093, -75.38419658433, -75.38648340077, -75.38842294594, -75.39003744319, -75.39134775054, -75.39237345046, -75.39313293302, -75.39364347297, -75.39392130152, -75.39398167286, -75.39383892627, -75.39350654387, -75.3929972049, -75.3923228364, -75.39149466059, -75.3905232401, -75.38941851923, -75.38818986523, -75.38684610532, -75.38539556363, -75.3838460954, -75.38220512086, -75.38047965813, -75.37867635508, -75.37680152196, -75.37486116269, -75.37286100984, -75.37080655874, -75.3687031043, -75.36655578862, -75.36436963649, -75.36214962104, -75.35990072235, -75.35762800354, -75.35533670082, -75.35303232919, -75.35072080062, -75.34840854851, -75.34610263839, -75.3438108332, -75.34154156218, -75.33930374706, -75.33710646012, -75.33495845075, -75.3328676396, -75.33084070394, -75.3288828414, -75.32699772646, -75.32518761644, -75.32345354373, -75.32179553783, -75.32021283769, -75.31870408284, -75.31726746869, -75.31590087477, -75.31460196384, -75.31336826003, -75.31219720712, -75.31108621613, -75.3100326976, -75.30903408888, -75.30808787135, -75.28184041765, -75.27944652832, -75.27705361184, -75.27466383486, -75.27227919981, -75.26990120097, -75.26753107754, -75.26516982831, -75.26281832647, -75.26047725648, -75.25814722413, -75.2558287578, -75.25352228855, -75.25122820761, -75.24894684418, -75.24667848718, -75.24442338498, -75.24218175613, -75.23995378865, -75.23773964512, -75.23553946532, -75.29638857238, -75.23118146168, -75.22902382689, -75.22688053748, -75.22475165397, -75.29521902231, -75.2205372863, -75.21845186853, -75.21638099094, -75.21432466615, -75.21228289948, -75.21025569001, -75.20824303091, -75.20624491007, -75.20426131201, -75.20229221399, -75.20033758467, -75.19839740306, -75.1964716325, -75.19456023634, -75.19266317468, -75.19078040467, -75.1889118806, -75.18705755404, -75.18521737394, -75.18339128698, -75.1815792406, -75.17978116969, -75.17799701555, -75.17622672095, -75.17447021882, -75.1727274431, -75.17099832576, -75.29235794765, -75.16758078572, -75.16589221737, -75.16421701914, -75.16255511414, -75.16090642526, -75.15927087353, -75.15764837901, -75.15603886058, -75.15444223626, -75.1528584229, -75.15128733656, -75.14972889239, -75.14818300496, -75.14664958823, -75.14512855563, -75.14361982021, -75.14212329458, -75.14063889121, -75.13916652238, -75.13770610031, -75.13625753717, -75.13482074534, -75.29180472027, -75.13198212543, -75.29178281382, -75.12918954346, -75.12781030069, -75.12644230879, -75.29174598647, -75.12373973862, -75.12240499181, -75.12108115982, -75.11976816001, -75.11846591078, -75.11717433168, -75.11589334204, -75.29169346816, -75.29168838962, -75.11211312676, -75.11087371488, -75.29167463831, -75.29167049178, -75.10721640088, -75.10601735754, -75.10482822413, -75.29165568661, -75.29165236352, -75.10131957546, -75.2916460909, -75.291643125, -75.291640255, -75.29163747537, -75.29163477852, -75.29163215703, -75.2916296043, -75.29162711433, -75.29162468162, -75.29162230084, -75.29161996792, -75.2916176781, -75.29161542804, -75.29161321419, -75.29161103356, -75.29160888345, -75.29160676152, -75.29160466569, -75.29160259401, -75.29160054481, -75.29159851709, -75.29159650965, -75.2915945213, -75.29159255139, -75.29159059909, -75.29158866417, -75.29158674597, -75.29158484438, -75.29158295917, -75.29158109017, -75.29157923748, -75.29157740105, -75.29157558098, -75.29157377734, -75.29157199026, -75.29157021993, -75.29156846646, -75.2915667302, -75.29156501126, -75.29156330983, -75.29156162608, -75.29155996018, -75.29155831241, -75.29155668288, -75.29155507165, -75.29155347887, -75.29155190468, -75.29155034912, -75.29154881226], "elements": [["H", "O"], ["H", "O"], ["H", "O"], ["H", "O"], ["H", "O"], ["H", "O"], ["H", "O"], ["H", "O"], ["H", "O"], ["H", "O"], ["H", "O"], ["H", "O"], ["H", "O"], ["H", "O"], ["H", "O"], ["H", "O"], ["H", "O"], ["H", "O"], ["H", "O"], ["H", "O"], ["H", "O"], ["H", "O"], ["H", "O"], ["H", "O"], ["H", "O"], ["H", "O"], ["H", "O"], ["H", "O"], ["H", "O"], ["H", "O"], ["H", "O"], ["H", "O"], ["H", "O"], ["H", "O"], ["H", "O"], ["H", "O"], ["H", "O"], ["H", "O"], ["H", "O"], ["H", "O"], ["H", "O"], ["H", "O"], ["H", "O"], ["H", "O"], ["H", "O"], ["H", "O"], ["H", "O"], ["H", "O"], ["H", "O"], ["H", "O"], ["H", "O"], ["H", "O"], ["H", "O"], ["H", "O"], ["H", "O"], ["H", "O"], ["H", "O"], ["H", "O"], ["H", "O"], ["H", "O"], ["H", "O"], ["H", "O"], ["H", "O"], ["H", "O"], ["H", "O"], ["H", "O"], ["H", "O"], ["H", "O"], ["H", "O"], ["H", "O"], ["H", "O"], ["H", "O"], ["H", "O"], ["H", "O"], ["H", "O"], ["H", "O"], ["H", "O"], ["H", "O"], ["H", "O"], ["H", "O"], ["H", "O"], ["H", "O"], ["H", "O"], ["H", "O"], ["H", "O"], ["H", "O"], ["H", "O"], ["H", "O"], ["H", "O"], ["H", "O"], ["H", "O"], ["H", "O"], ["H", "O"], ["H", "O"], ["H", "O"], ["H", "O"], ["H", "O"], ["H", "O"], ["H", "O"], ["H", "O"], ["H", "O"], ["H", "O"], ["H", "O"], ["H", "O"], ["H", "O"], ["H", "O"], ["H", "O"], ["H", "O"], ["H", "O"], ["H", "O"], ["H", "O"], ["H", "O"], ["H", "O"], ["H", "O"], ["H", "O"], ["H", "O"], ["H", "O"], ["H", "O"], ["H", "O"], ["H", "O"], ["H", "O"], ["H", "O"], ["H", "O"], ["H", "O"], ["H", "O"], ["H", "O"], ["H", "O"], ["H", "O"], ["H", "O"], ["H", "O"], ["H", "O"], ["H", "O"], ["H", "O"], ["H", "O"], ["H", "O"], ["H", "O"], ["H", "O"], ["H", "O"], ["H", "O"], ["H", "O"], ["H", "O"], ["H", "O"], ["H", "O"], ["H", "O"], ["H", "O"], ["H", "O"], ["H", "O"], ["H", "O"], ["H", "O"], ["H", "O"], ["H", "O"], ["H", "O"], ["H", "O"], ["H", "O"], ["H", "O"], ["H", "O"], ["H", "O"], ["H", "O"], ["H", "O"], ["H", "O"], ["H", "O"], ["H", "O"], ["H", "O"], ["H", "O"], ["H", "O"], ["H", "O"], ["H", "O"], ["H", "O"], ["H", "O"], ["H", "O"], ["H", "O"], ["H", "O"], ["H", "O"], ["H", "O"], ["H", "O"], ["H", "O"], ["H", "O"], ["H", "O"], ["H", "O"], ["H", "O"], ["H", "O"], ["H", "O"], ["H", "O"], ["H", "O"], ["H", "O"], ["H", "O"], ["H", "O"], ["H", "O"], ["H", "O"], ["H", "O"], ["H", "O"], ["H", "O"], ["H", "O"], ["H", "O"], ["H", "O"], ["H", "O"], ["H", "O"], ["H", "O"], ["H", "O"], ["H", "O"], ["H", "O"], ["H", "O"], ["H", "O"], ["H", "O"], ["H", "O"], ["H", "O"], ["H", "O"], ["H", "O"], ["H", "O"], ["H", "O"], ["H", "O"], ["H", "O"], ["H", "O"], ["H", "O"], ["H", "O"], ["H", "O"], ["H", "O"], ["H", "O"], ["H", "O"], ["H", "O"], ["H", "O"], ["H", "O"], ["H", "O"], ["H", "O"], ["H", "O"], ["H", "O"], ["H", "O"], ["H", "O"], ["H", "O"], ["H", "O"], ["H", "O"], ["H", "O"], ["H", "O"], ["H", "O"], ["H", "O"], ["H", "O"], ["H", "O"], ["H", "O"], ["H", "O"], ["H", "O"], ["H", "O"], ["H", "O"], ["H", "O"], ["H", "O"], ["H", "O"], ["H", "O"], ["H", "O"], ["H", "O"], ["H", "O"], ["H", "O"], ["H", "O"]], "S": [[[1.0, 0.68486, 0.0, -0.0, -0.0, 0.175615, 0.610265, 0.782422, 0.415294, -0.0, -0.0, 0.501735, 0.0, 0.0, 0.213935, 0.0, 0.0, -0.0, 0.0], [0.68486, 1.0, 0.0, -0.0, -0.0, 0.092617, 0.420061, 0.796953, 0.07206, -0.0, -0.0, 0.250183, 0.0, 0.0, 0.008559, 0.0, 0.0, -0.0, 0.0], [0.0, 0.0, 1.0, 0.0, 0.0, -0.276632, -0.491337, -0.340008, 0.104688, 0.0, 0.0, 0.405373, 0.0, 0.0, 0.335361, 0.0, 0.0, 0.0, 0.0], [-0.0, -0.0, 0.0, 1.0, 0.0, 0.0, 0.0, -0.0, -0.0, 0.576446, 0.0, 0.0, 0.629991, 0.0, 0.0, 0.485879, 0.0, 0.0, 0.0], [-0.0, -0.0, 0.0, 0.0, 1.0, 0.0, 0.0, -0.0, -0.0, 0.0, 0.576446, 0.0, 0.0, 0.629991, 0.0, 0.0, 0.485879, 0.0, 0.0], [0.175615, 0.092617, -0.276632, 0.0, 0.0, 1.0, -0.214063, 0.194384, -0.0, -0.0, -0.0, 0.0, 0.0, 0.0, 0.0, 0.0, 0.0, -0.0, 0.0], [0.610265, 0.420061, -0.491337, 0.0, 0.0, -0.214063, 1.0, 0.708607, -0.0, -0.0, -0.0, -0.0, -0.0, -0.0, -0.0, -0.0, -0.0, -0.0, 0.0], [0.782422, 0.796953, -0.340008, -0.0, -0.0, 0.194384, 0.708607, 1.0, 0.0, 0.0, 0.0, 0.0, -0.0, -0.0, 0.0, 0.0, 0.0, -0.0, 0.0], [0.415294, 0.07206, 0.104688, -0.0, -0.0, -0.0, -0.0, 0.0, 1.0, 0.0, 0.0, 0.501271, 0.0, 0.0, 0.0, 0.0, 0.0, -0.0, 0.0], [-0.0, -0.0, 0.0, 0.576446, 0.0, -0.0, -0.0, 0.0, 0.0, 1.0, 0.0, 0.0, 0.501271, 0.0, -0.0, 0.0, 0.0, 0.0, 0.0], [-0.0, -0.0, 0.0, 0.0, 0.576446, -0.0, -0.0, 0.0, 0.0, 0.0, 1.0, 0.0, 0.0, 0.501271, -0.0, 0.0, 0.0, -0.0, 0.0], [0.501735, 0.250183, 0.405373, 0.0, 0.0, 0.0, -0.0, 0.0, 0.501271, 0.0, 0.0, 1.0, 0.0, 0.0, 0.0, 0.0, 0.0, 0.0, 0.0], [0.0, 0.0, 0.0, 0.629991, 0.0, 0.0, -0.0, -0.0, 0.0, 0.501271, 0.0, 0.0, 1.0, 0.0, 0.0, 0.0, 0.0, 0.0, 0.0], [0.0, 0.0, 0.0, 0.0, 0.629991, 0.0, -0.0, -0.0, 0.0, 0.0, 0.501271, 0.0, 0.0, 1.0, 0.0, 0.0, 0.0, 0.0, 0.0], [0.213935, 0.008559, 0.335361, 0.0, 0.0, 0.0, -0.0, 0.0, 0.0, -0.0, -0.0, 0.0, 0.0, 0.0, 1.0, 0.0, 0.0, 0.0, 0.0], [0.0, 0.0, 0.0, 0.485879, 0.0, 0.0, -0.0, 0.0, 0.0, 0.0, 0.0, 0.0, 0.0, 0.0, 0.0, 1.0, 0.0, 0.0, 0.0], [0.0, 0.0, 0.0, 0.0, 0.485879, 0.0, -0.0, 0.0, 0.0, 0.0, 0.0, 0.0, 0.0, 0.0, 0.0, 0.0, 1.0, 0.0, 0.0], [-0.0, -0.0, 0.0, 0.0, 0.0, -0.0, -0.0, -0.0, -0.0, 0.0, -0.0, 0.0, 0.0, 0.0, 0.0, 0.0, 0.0, 1.0, 0.0], [0.0, 0.0, 0.0, 0.0, 0.0, 0.0, 0.0, 0.0, 0.0, 0.0, 0.0, 0.0, 0.0, 0.0, 0.0, 0.0, 0.0, 0.0, 1.0]], [[1.0, 0.68486, -0.0, -0.0, -0.0, 0.171634, 0.603194, 0.777037, 0.415878, -0.0, -0.0, 0.508398, 0.0, 0.0, 0.218016, 0.0, 0.0, -0.0, 0.0], [0.68486, 1.0, -0.0, -0.0, -0.0, 0.09222, 0.418441, 0.794458, 0.07321, -0.0, -0.0, 0.25441, 0.0, 0.0, 0.008869, 0.0, 0.0, -0.0, 0.0], [-0.0, -0.0, 1.0, 0.0, 0.0, -0.275521, -0.4953, -0.344147, 0.084401, 0.0, 0.0, 0.393454, 0.0, 0.0, 0.327404, 0.0, 0.0, 0.0, 0.0], [-0.0, -0.0, 0.0, 1.0, 0.0, 0.0, 0.0, -0.0, -0.0, 0.566996, 0.0, 0.0, 0.62547, 0.0, 0.0, 0.487608, 0.0, 0.0, 0.0], [-0.0, -0.0, 0.0, 0.0, 1.0, 0.0, 0.0, -0.0, -0.0, 0.0, 0.566996, 0.0, 0.0, 0.62547, 0.0, 0.0, 0.487608, 0.0, 0.0], [0.171634, 0.09222, -0.275521, 0.0, 0.0, 1.0, -0.214063, 0.194384, -0.0, -0.0, -0.0, 0.0, 0.0, 0.0, 0.0, 0.0, 0.0, -0.0, 0.0], [0.603194, 0.418441, -0.4953, 0.0, 0.0, -0.214063, 1.0, 0.708607, -0.0, -0.0, -0.0, -0.0, -0.0, -0.0, -0.0, 0.0, 0.0, -0.0, 0.0], [0.777037, 0.794458, -0.344147, -0.0, -0.0, 0.194384, 0.708607, 1.0, 0.0, 0.0, 0.0, 0.0, -0.0, -0.0, 0.0, 0.0, 0.0, -0.0, 0.0], [0.415878, 0.07321, 0.084401, -0.0, -0.0, -0.0, -0.0, 0.0, 1.0, 0.0, 0.0, 0.501271, 0.0, 0.0, 0.0, 0.0, 0.0, -0.0, 0.0], [-0.0, -0.0, 0.0, 0.566996, 0.0, -0.0, -0.0, 0.0, 0.0, 1.0, 0.0, 0.0, 0.501271, 0.0, -0.0, 0.0, 0.0, 0.0, 0.0], [-0.0, -0.0, 0.0, 0.0, 0.566996, -0.0, -0.0, 0.0, 0.0, 0.0, 1.0, 0.0, 0.0, 0.501271, -0.0, 0.0, 0.0, -0.0, 0.0], [0.508398, 0.25441, 0.393454, 0.0, 0.0, 0.0, -0.0, 0.0, 0.501271, 0.0, 0.0, 1.0, 0.0, 0.0, 0.0, 0.0, 0.0, 0.0, 0.0], [0.0, 0.0, 0.0, 0.62547, 0.0, 0.0, -0.0, -0.0, 0.0, 0.501271, 0.0, 0.0, 1.0, 0.0, 0.0, 0.0, 0.0, 0.0, 0.0], [0.0, 0.0, 0.0, 0.0, 0.62547, 0.0, -0.0, -0.0, 0.0, 0.0, 0.501271, 0.0, 0.0, 1.0, 0.0, 0.0, 0.0, 0.0, 0.0], [0.218016, 0.008869, 0.327404, 0.0, 0.0, 0.0, -0.0, 0.0, 0.0, -0.0, -0.0, 0.0, 0.0, 0.0, 1.0, 0.0, 0.0, 0.0, 0.0], [0.0, 0.0, 0.0, 0.487608, 0.0, 0.0, 0.0, 0.0, 0.0, 0.0, 0.0, 0.0, 0.0, 0.0, 0.0, 1.0, 0.0, 0.0, 0.0], [0.0, 0.0, 0.0, 0.0, 0.487608, 0.0, 0.0, 0.0, 0.0, 0.0, 0.0, 0.0, 0.0, 0.0, 0.0, 0.0, 1.0, 0.0, 0.0], [-0.0, -0.0, 0.0, 0.0, 0.0, -0.0, -0.0, -0.0, -0.0, 0.0, -0.0, 0.0, 0.0, 0.0, 0.0, 0.0, 0.0, 1.0, 0.0], [0.0, 0.0, 0.0, 0.0, 0.0, 0.0, 0.0, 0.0, 0.0, 0.0, 0.0, 0.0, 0.0, 0.0, 0.0, 0.0, 0.0, 0.0, 1.0]], [[1.0, 0.68486, 0.0, -0.0, -0.0, 0.167717, 0.596037, 0.771585, 0.416208, -0.0, -0.0, 0.514885, 0.0, 0.0, 0.221929, 0.0, 0.0, -0.0, 0.0], [0.68486, 1.0, -0.0, -0.0, -0.0, 0.091816, 0.416794, 0.791922, 0.074344, -0.0, -0.0, 0.258593, 0.0, 0.0, 0.009183, 0.0, 0.0, -0.0, 0.0], [0.0, -0.0, 1.0, 0.0, 0.0, -0.274181, -0.498965, -0.34815, 0.064382, 0.0, 0.0, 0.381454, 0.0, 0.0, 0.318979, 0.0, 0.0, 0.0, 0.0], [-0.0, -0.0, 0.0, 1.0, 0.0, 0.0, 0.0, -0.0, -0.0, 0.557523, 0.0, 0.0, 0.620893, 0.0, 0.0, 0.488997, 0.0, 0.0, 0.0], [-0.0, -0.0, 0.0, 0.0, 1.0, 0.0, 0.0, -0.0, -0.0, 0.0, 0.557523, 0.0, 0.0, 0.620893, 0.0, 0.0, 0.488997, 0.0, 0.0], [0.167717, 0.091816, -0.274181, 0.0, 0.0, 1.0, -0.214063, 0.194384, -0.0, -0.0, -0.0, -0.0, 0.0, 0.0, 0.0, 0.0, 0.0, -0.0, 0.0], [0.596037, 0.416794, -0.498965, 0.0, 0.0, -0.214063, 1.0, 0.708607, -0.0, -0.0, -0.0, -0.0, -0.0, -0.0, -0.0, 0.0, 0.0, -0.0, 0.0], [0.771585, 0.791922, -0.34815, -0.0, -0.0, 0.194384, 0.708607, 1.0, 0.0, 0.0, 0.0, -0.0, -0.0, -0.0, 0.0, 0.0, 0.0, -0.0, 0.0], [0.416208, 0.074344, 0.064382, -0.0, -0.0, -0.0, -0.0, 0.0, 1.0, 0.0, 0.0, 0.501271, 0.0, 0.0, 0.0, 0.0, 0.0, -0.0, 0.0], [-0.0, -0.0, 0.0, 0.557523, 0.0, -0.0, -0.0, 0.0, 0.0, 1.0, 0.0, 0.0, 0.501271, 0.0, -0.0, 0.0, 0.0, 0.0, 0.0], [-0.0, -0.0, 0.0, 0.0, 0.557523, -0.0, -0.0, 0.0, 0.0, 0.0, 1.0, 0.0, 0.0, 0.501271, -0.0, 0.0, 0.0, -0.0, 0.0], [0.514885, 0.258593, 0.381454, 0.0, 0.0, -0.0, -0.0, -0.0, 0.501271, 0.0, 0.0, 1.0, 0.0, 0.0, 0.0, 0.0, 0.0, 0.0, 0.0], [0.0, 0.0, 0.0, 0.620893, 0.0, 0.0, -0.0, -0.0, 0.0, 0.501271, 0.0, 0.0, 1.0, 0.0, 0.0, 0.0, 0.0, 0.0, 0.0], [0.0, 0.0, 0.0, 0.0, 0.620893, 0.0, -0.0, -0.0, 0.0, 0.0, 0.501271, 0.0, 0.0, 1.0, 0.0, 0.0, 0.0, 0.0, 0.0], [0.221929, 0.009183, 0.318979, 0.0, 0.0, 0.0, -0.0, 0.0, 0.0, -0.0, -0.0, 0.0, 0.0, 0.0, 1.0, 0.0, 0.0, 0.0, 0.0], [0.0, 0.0, 0.0, 0.488997, 0.0, 0.0, 0.0, 0.0, 0.0, 0.0, 0.0, 0.0, 0.0, 0.0, 0.0, 1.0, 0.0, 0.0, 0.0], [0.0, 0.0, 0.0, 0.0, 0.488997, 0.0, 0.0, 0.0, 0.0, 0.0, 0.0, 0.0, 0.0, 0.0, 0.0, 0.0, 1.0, 0.0, 0.0], [-0.0, -0.0, 0.0, 0.0, 0.0, -0.0, -0.0, -0.0, -0.0, 0.0, -0.0, 0.0, 0.0, 0.0, 0.0, 0.0, 0.0, 1.0, 0.0], [0.0, 0.0, 0.0, 0.0, 0.0, 0.0, 0.0, 0.0, 0.0, 0.0, 0.0, 0.0, 0.0, 0.0, 0.0, 0.0, 0.0, 0.0, 1.0]], [[1.0, 0.68486, 0.0, -0.0, -0.0, 0.163867, 0.5888, 0.766067, 0.416291, -0.0, -0.0, 0.521195, 0.0, 0.0, 0.22567, 0.0, 0.0, -0.0, 0.0], [0.68486, 1.0, -0.0, -0.0, -0.0, 0.091406, 0.415123, 0.789345, 0.075461, -0.0, -0.0, 0.262732, 0.0, 0.0, 0.0095, 0.0, 0.0, -0.0, 0.0], [0.0, -0.0, 1.0, 0.0, 0.0, -0.272619, -0.502331, -0.352016, 0.044651, 0.0, 0.0, 0.369381, 0.0, 0.0, 0.310107, 0.0, 0.0, 0.0, 0.0], [-0.0, -0.0, 0.0, 1.0, 0.0, 0.0, 0.0, -0.0, -0.0, 0.548031, 0.0, 0.0, 0.616261, 0.0, 0.0, 0.490051, 0.0, 0.0, 0.0], [-0.0, -0.0, 0.0, 0.0, 1.0, 0.0, 0.0, -0.0, -0.0, 0.0, 0.548031, 0.0, 0.0, 0.616261, 0.0, 0.0, 0.490051, 0.0, 0.0], [0.163867, 0.091406, -0.272619, 0.0, 0.0, 1.0, -0.214063, 0.194384, -0.0, -0.0, -0.0, 0.0, 0.0, 0.0, 0.0, 0.0, 0.0, -0.0, 0.0], [0.5888, 0.415123, -0.502331, 0.0, 0.0, -0.214063, 1.0, 0.708607, 0.0, -0.0, -0.0, -0.0, -0.0, -0.0, -0.0, -0.0, -0.0, -0.0, 0.0], [0.766067, 0.789345, -0.352016, -0.0, -0.0, 0.194384, 0.708607, 1.0, 0.0, 0.0, 0.0, 0.0, -0.0, -0.0, 0.0, 0.0, 0.0, -0.0, 0.0], [0.416291, 0.075461, 0.044651, -0.0, -0.0, -0.0, 0.0, 0.0, 1.0, 0.0, 0.0, 0.501271, 0.0, 0.0, 0.0, 0.0, 0.0, -0.0, 0.0], [-0.0, -0.0, 0.0, 0.548031, 0.0, -0.0, -0.0, 0.0, 0.0, 1.0, 0.0, 0.0, 0.501271, 0.0, -0.0, 0.0, 0.0, 0.0, 0.0], [-0.0, -0.0, 0.0, 0.0, 0.548031, -0.0, -0.0, 0.0, 0.0, 0.0, 1.0, 0.0, 0.0, 0.501271, -0.0, 0.0, 0.0, -0.0, 0.0], [0.521195, 0.262732, 0.369381, 0.0, 0.0, 0.0, -0.0, 0.0, 0.501271, 0.0, 0.0, 1.0, 0.0, 0.0, 0.0, 0.0, 0.0, 0.0, 0.0], [0.0, 0.0, 0.0, 0.616261, 0.0, 0.0, -0.0, -0.0, 0.0, 0.501271, 0.0, 0.0, 1.0, 0.0, 0.0, 0.0, 0.0, 0.0, 0.0], [0.0, 0.0, 0.0, 0.0, 0.616261, 0.0, -0.0, -0.0, 0.0, 0.0, 0.501271, 0.0, 0.0, 1.0, 0.0, 0.0, 0.0, 0.0, 0.0], [0.22567, 0.0095, 0.310107, 0.0, 0.0, 0.0, -0.0, 0.0, 0.0, -0.0, -0.0, 0.0, 0.0, 0.0, 1.0, 0.0, 0.0, 0.0, 0.0], [0.0, 0.0, 0.0, 0.490051, 0.0, 0.0, -0.0, 0.0, 0.0, 0.0, 0.0, 0.0, 0.0, 0.0, 0.0, 1.0, 0.0, 0.0, 0.0], [0.0, 0.0, 0.0, 0.0, 0.490051, 0.0, -0.0, 0.0, 0.0, 0.0, 0.0, 0.0, 0.0, 0.0, 0.0, 0.0, 1.0, 0.0, 0.0], [-0.0, -0.0, 0.0, 0.0, 0.0, -0.0, -0.0, -0.0, -0.0, 0.0, -0.0, 0.0, 0.0, 0.0, 0.0, 0.0, 0.0, 1.0, 0.0], [0.0, 0.0, 0.0, 0.0, 0.0, 0.0, 0.0, 0.0, 0.0, 0.0, 0.0, 0.0, 0.0, 0.0, 0.0, 0.0, 0.0, 0.0, 1.0]], [[1.0, 0.68486, 0.0, -0.0, -0.0, 0.160083, 0.58149, 0.760485, 0.416136, -0.0, -0.0, 0.527325, 0.0, 0.0, 0.229236, 0.0, 0.0, -0.0, 0.0], [0.68486, 1.0, -0.0, -0.0, -0.0, 0.09099, 0.413426, 0.786728, 0.076562, -0.0, -0.0, 0.266826, 0.0, 0.0, 0.009821, 0.0, 0.0, -0.0, 0.0], [0.0, -0.0, 1.0, 0.0, 0.0, -0.270843, -0.505397, -0.355743, 0.025231, 0.0, 0.0, 0.35724, 0.0, 0.0, 0.300808, 0.0, 0.0, 0.0, 0.0], [-0.0, -0.0, 0.0, 1.0, 0.0, 0.0, 0.0, -0.0, -0.0, 0.538529, 0.0, 0.0, 0.611577, 0.0, 0.0, 0.490775, 0.0, 0.0, 0.0], [-0.0, -0.0, 0.0, 0.0, 1.0, 0.0, 0.0, -0.0, -0.0, 0.0, 0.538529, 0.0, 0.0, 0.611577, 0.0, 0.0, 0.490775, 0.0, 0.0], [0.160083, 0.09099, -0.270843, 0.0, 0.0, 1.0, -0.214063, 0.194384, -0.0, -0.0, -0.0, -0.0, 0.0, 0.0, 0.0, 0.0, 0.0, -0.0, 0.0], [0.58149, 0.413426, -0.505397, 0.0, 0.0, -0.214063, 1.0, 0.708607, -0.0, -0.0, -0.0, 0.0, -0.0, -0.0, -0.0, -0.0, -0.0, -0.0, 0.0], [0.760485, 0.786728, -0.355743, -0.0, -0.0, 0.194384, 0.708607, 1.0, 0.0, 0.0, 0.0, 0.0, -0.0, -0.0, 0.0, 0.0, 0.0, -0.0, 0.0], [0.416136, 0.076562, 0.025231, -0.0, -0.0, -0.0, -0.0, 0.0, 1.0, 0.0, 0.0, 0.501271, 0.0, 0.0, 0.0, 0.0, 0.0, -0.0, 0.0], [-0.0, -0.0, 0.0, 0.538529, 0.0, -0.0, -0.0, 0.0, 0.0, 1.0, 0.0, 0.0, 0.501271, 0.0, -0.0, 0.0, 0.0, 0.0, 0.0], [-0.0, -0.0, 0.0, 0.0, 0.538529, -0.0, -0.0, 0.0, 0.0, 0.0, 1.0, 0.0, 0.0, 0.501271, -0.0, 0.0, 0.0, -0.0, 0.0], [0.527325, 0.266826, 0.35724, 0.0, 0.0, -0.0, 0.0, 0.0, 0.501271, 0.0, 0.0, 1.0, 0.0, 0.0, -0.0, 0.0, 0.0, 0.0, 0.0], [0.0, 0.0, 0.0, 0.611577, 0.0, 0.0, -0.0, -0.0, 0.0, 0.501271, 0.0, 0.0, 1.0, 0.0, 0.0, -0.0, 0.0, 0.0, 0.0], [0.0, 0.0, 0.0, 0.0, 0.611577, 0.0, -0.0, -0.0, 0.0, 0.0, 0.501271, 0.0, 0.0, 1.0, 0.0, 0.0, -0.0, 0.0, 0.0], [0.229236, 0.009821, 0.300808, 0.0, 0.0, 0.0, -0.0, 0.0, 0.0, -0.0, -0.0, -0.0, 0.0, 0.0, 1.0, 0.0, 0.0, 0.0, 0.0], [0.0, 0.0, 0.0, 0.490775, 0.0, 0.0, -0.0, 0.0, 0.0, 0.0, 0.0, 0.0, -0.0, 0.0, 0.0, 1.0, 0.0, 0.0, 0.0], [0.0, 0.0, 0.0, 0.0, 0.490775, 0.0, -0.0, 0.0, 0.0, 0.0, 0.0, 0.0, 0.0, -0.0, 0.0, 0.0, 1.0, 0.0, 0.0], [-0.0, -0.0, 0.0, 0.0, 0.0, -0.0, -0.0, -0.0, -0.0, 0.0, -0.0, 0.0, 0.0, 0.0, 0.0, 0.0, 0.0, 1.0, 0.0], [0.0, 0.0, 0.0, 0.0, 0.0, 0.0, 0.0, 0.0, 0.0, 0.0, 0.0, 0.0, 0.0, 0.0, 0.0, 0.0, 0.0, 0.0, 1.0]], [[1.0, 0.68486, 0.0, -0.0, -0.0, 0.156365, 0.574111, 0.754842, 0.415748, -0.0, -0.0, 0.533275, 0.0, 0.0, 0.232622, 0.0, 0.0, -0.0, 0.0], [0.68486, 1.0, -0.0, -0.0, -0.0, 0.090569, 0.411705, 0.784071, 0.077646, -0.0, -0.0, 0.270874, 0.0, 0.0, 0.010144, 0.0, 0.0, -0.0, 0.0], [0.0, -0.0, 1.0, 0.0, 0.0, -0.268861, -0.508165, -0.359332, 0.006139, 0.0, 0.0, 0.345041, 0.0, 0.0, 0.291105, 0.0, 0.0, 0.0, 0.0], [-0.0, -0.0, 0.0, 1.0, 0.0, 0.0, 0.0, -0.0, -0.0, 0.529022, 0.0, 0.0, 0.606842, 0.0, 0.0, 0.491173, 0.0, 0.0, 0.0], [-0.0, -0.0, 0.0, 0.0, 1.0, 0.0, 0.0, -0.0, -0.0, 0.0, 0.529022, 0.0, 0.0, 0.606842, 0.0, 0.0, 0.491173, 0.0, 0.0], [0.156365, 0.090569, -0.268861, 0.0, 0.0, 1.0, -0.214063, 0.194384, -0.0, -0.0, -0.0, 0.0, 0.0, 0.0, 0.0, 0.0, 0.0, -0.0, 0.0], [0.574111, 0.411705, -0.508165, 0.0, 0.0, -0.214063, 1.0, 0.708607, -0.0, -0.0, -0.0, -0.0, -0.0, -0.0, -0.0, 0.0, 0.0, -0.0, 0.0], [0.754842, 0.784071, -0.359332, -0.0, -0.0, 0.194384, 0.708607, 1.0, -0.0, 0.0, 0.0, -0.0, -0.0, -0.0, 0.0, 0.0, 0.0, -0.0, 0.0], [0.415748, 0.077646, 0.006139, -0.0, -0.0, -0.0, -0.0, -0.0, 1.0, 0.0, 0.0, 0.501271, 0.0, 0.0, 0.0, 0.0, 0.0, -0.0, 0.0], [-0.0, -0.0, 0.0, 0.529022, 0.0, -0.0, -0.0, 0.0, 0.0, 1.0, 0.0, 0.0, 0.501271, 0.0, -0.0, 0.0, 0.0, 0.0, 0.0], [-0.0, -0.0, 0.0, 0.0, 0.529022, -0.0, -0.0, 0.0, 0.0, 0.0, 1.0, 0.0, 0.0, 0.501271, -0.0, 0.0, 0.0, -0.0, 0.0], [0.533275, 0.270874, 0.345041, 0.0, 0.0, 0.0, -0.0, -0.0, 0.501271, 0.0, 0.0, 1.0, 0.0, 0.0, -0.0, 0.0, 0.0, 0.0, 0.0], [0.0, 0.0, 0.0, 0.606842, 0.0, 0.0, -0.0, -0.0, 0.0, 0.501271, 0.0, 0.0, 1.0, 0.0, 0.0, -0.0, 0.0, 0.0, 0.0], [0.0, 0.0, 0.0, 0.0, 0.606842, 0.0, -0.0, -0.0, 0.0, 0.0, 0.501271, 0.0, 0.0, 1.0, 0.0, 0.0, -0.0, 0.0, 0.0], [0.232622, 0.010144, 0.291105, 0.0, 0.0, 0.0, -0.0, 0.0, 0.0, -0.0, -0.0, -0.0, 0.0, 0.0, 1.0, 0.0, 0.0, 0.0, 0.0], [0.0, 0.0, 0.0, 0.491173, 0.0, 0.0, 0.0, 0.0, 0.0, 0.0, 0.0, 0.0, -0.0, 0.0, 0.0, 1.0, 0.0, 0.0, 0.0], [0.0, 0.0, 0.0, 0.0, 0.491173, 0.0, 0.0, 0.0, 0.0, 0.0, 0.0, 0.0, 0.0, -0.0, 0.0, 0.0, 1.0, 0.0, 0.0], [-0.0, -0.0, 0.0, 0.0, 0.0, -0.0, -0.0, -0.0, -0.0, 0.0, -0.0, 0.0, 0.0, 0.0, 0.0, 0.0, 0.0, 1.0, 0.0], [0.0, 0.0, 0.0, 0.0, 0.0, 0.0, 0.0, 0.0, 0.0, 0.0, 0.0, 0.0, 0.0, 0.0, 0.0, 0.0, 0.0, 0.0, 1.0]], [[1.0, 0.68486, -0.0, -0.0, -0.0, 0.152714, 0.566669, 0.749139, 0.415134, -0.0, -0.0, 0.539045, 0.0, 0.0, 0.235827, 0.0, 0.0, -0.0, 0.0], [0.68486, 1.0, -0.0, -0.0, -0.0, 0.090141, 0.409959, 0.781374, 0.078714, -0.0, -0.0, 0.274876, 0.0, 0.0, 0.01047, 0.0, 0.0, -0.0, 0.0], [-0.0, -0.0, 1.0, 0.0, 0.0, -0.26668, -0.510633, -0.362782, -0.012605, 0.0, 0.0, 0.33279, 0.0, 0.0, 0.28102, 0.0, 0.0, 0.0, 0.0], [-0.0, -0.0, 0.0, 1.0, 0.0, 0.0, 0.0, -0.0, -0.0, 0.519517, 0.0, 0.0, 0.602058, 0.0, 0.0, 0.491251, 0.0, 0.0, 0.0], [-0.0, -0.0, 0.0, 0.0, 1.0, 0.0, 0.0, -0.0, -0.0, 0.0, 0.519517, 0.0, 0.0, 0.602058, 0.0, 0.0, 0.491251, 0.0, 0.0], [0.152714, 0.090141, -0.26668, 0.0, 0.0, 1.0, -0.214063, 0.194384, -0.0, -0.0, -0.0, 0.0, 0.0, 0.0, 0.0, 0.0, 0.0, -0.0, 0.0], [0.566669, 0.409959, -0.510633, 0.0, 0.0, -0.214063, 1.0, 0.708607, -0.0, -0.0, -0.0, -0.0, -0.0, -0.0, -0.0, 0.0, 0.0, -0.0, 0.0], [0.749139, 0.781374, -0.362782, -0.0, -0.0, 0.194384, 0.708607, 1.0, -0.0, 0.0, 0.0, 0.0, -0.0, -0.0, 0.0, 0.0, 0.0, -0.0, 0.0], [0.415134, 0.078714, -0.012605, -0.0, -0.0, -0.0, -0.0, -0.0, 1.0, 0.0, 0.0, 0.501271, 0.0, 0.0, 0.0, 0.0, 0.0, -0.0, 0.0], [-0.0, -0.0, 0.0, 0.519517, 0.0, -0.0, -0.0, 0.0, 0.0, 1.0, 0.0, 0.0, 0.501271, 0.0, -0.0, 0.0, 0.0, 0.0, 0.0], [-0.0, -0.0, 0.0, 0.0, 0.519517, -0.0, -0.0, 0.0, 0.0, 0.0, 1.0, 0.0, 0.0, 0.501271, -0.0, 0.0, 0.0, -0.0, 0.0], [0.539045, 0.274876, 0.33279, 0.0, 0.0, 0.0, -0.0, 0.0, 0.501271, 0.0, 0.0, 1.0, 0.0, 0.0, 0.0, 0.0, 0.0, 0.0, 0.0], [0.0, 0.0, 0.0, 0.602058, 0.0, 0.0, -0.0, -0.0, 0.0, 0.501271, 0.0, 0.0, 1.0, 0.0, 0.0, 0.0, 0.0, 0.0, 0.0], [0.0, 0.0, 0.0, 0.0, 0.602058, 0.0, -0.0, -0.0, 0.0, 0.0, 0.501271, 0.0, 0.0, 1.0, 0.0, 0.0, 0.0, 0.0, 0.0], [0.235827, 0.01047, 0.28102, 0.0, 0.0, 0.0, -0.0, 0.0, 0.0, -0.0, -0.0, 0.0, 0.0, 0.0, 1.0, 0.0, 0.0, 0.0, 0.0], [0.0, 0.0, 0.0, 0.491251, 0.0, 0.0, 0.0, 0.0, 0.0, 0.0, 0.0, 0.0, 0.0, 0.0, 0.0, 1.0, 0.0, 0.0, 0.0], [0.0, 0.0, 0.0, 0.0, 0.491251, 0.0, 0.0, 0.0, 0.0, 0.0, 0.0, 0.0, 0.0, 0.0, 0.0, 0.0, 1.0, 0.0, 0.0], [-0.0, -0.0, 0.0, 0.0, 0.0, -0.0, -0.0, -0.0, -0.0, 0.0, -0.0, 0.0, 0.0, 0.0, 0.0, 0.0, 0.0, 1.0, 0.0], [0.0, 0.0, 0.0, 0.0, 0.0, 0.0, 0.0, 0.0, 0.0, 0.0, 0.0, 0.0, 0.0, 0.0, 0.0, 0.0, 0.0, 0.0, 1.0]], [[1.0, 0.68486, 0.0, -0.0, -0.0, 0.14913, 0.559172, 0.743379, 0.414302, -0.0, -0.0, 0.544632, 0.0, 0.0, 0.238849, 0.0, 0.0, -0.0, 0.0], [0.68486, 1.0, -0.0, -0.0, -0.0, 0.089708, 0.40819, 0.778638, 0.079764, -0.0, -0.0, 0.278832, 0.0, 0.0, 0.010799, 0.0, 0.0, -0.0, 0.0], [0.0, -0.0, 1.0, 0.0, 0.0, -0.26431, -0.512802, -0.366093, -0.030984, 0.0, 0.0, 0.320494, 0.0, 0.0, 0.270576, 0.0, 0.0, 0.0, 0.0], [-0.0, -0.0, 0.0, 1.0, 0.0, 0.0, 0.0, -0.0, -0.0, 0.51002, 0.0, 0.0, 0.597226, 0.0, 0.0, 0.491014, 0.0, 0.0, 0.0], [-0.0, -0.0, 0.0, 0.0, 1.0, 0.0, 0.0, -0.0, -0.0, 0.0, 0.51002, 0.0, 0.0, 0.597226, 0.0, 0.0, 0.491014, 0.0, 0.0], [0.14913, 0.089708, -0.26431, 0.0, 0.0, 1.0, -0.214063, 0.194384, -0.0, -0.0, -0.0, 0.0, 0.0, 0.0, 0.0, 0.0, 0.0, -0.0, 0.0], [0.559172, 0.40819, -0.512802, 0.0, 0.0, -0.214063, 1.0, 0.708607, -0.0, -0.0, -0.0, -0.0, -0.0, -0.0, -0.0, -0.0, -0.0, -0.0, 0.0], [0.743379, 0.778638, -0.366093, -0.0, -0.0, 0.194384, 0.708607, 1.0, 0.0, 0.0, 0.0, -0.0, -0.0, -0.0, 0.0, 0.0, 0.0, -0.0, 0.0], [0.414302, 0.079764, -0.030984, -0.0, -0.0, -0.0, -0.0, 0.0, 1.0, 0.0, 0.0, 0.501271, 0.0, 0.0, 0.0, 0.0, 0.0, -0.0, 0.0], [-0.0, -0.0, 0.0, 0.51002, 0.0, -0.0, -0.0, 0.0, 0.0, 1.0, 0.0, 0.0, 0.501271, 0.0, -0.0, 0.0, 0.0, 0.0, 0.0], [-0.0, -0.0, 0.0, 0.0, 0.51002, -0.0, -0.0, 0.0, 0.0, 0.0, 1.0, 0.0, 0.0, 0.501271, -0.0, 0.0, 0.0, -0.0, 0.0], [0.544632, 0.278832, 0.320494, 0.0, 0.0, 0.0, -0.0, -0.0, 0.501271, 0.0, 0.0, 1.0, 0.0, 0.0, -0.0, 0.0, 0.0, 0.0, 0.0], [0.0, 0.0, 0.0, 0.597226, 0.0, 0.0, -0.0, -0.0, 0.0, 0.501271, 0.0, 0.0, 1.0, 0.0, 0.0, -0.0, 0.0, 0.0, 0.0], [0.0, 0.0, 0.0, 0.0, 0.597226, 0.0, -0.0, -0.0, 0.0, 0.0, 0.501271, 0.0, 0.0, 1.0, 0.0, 0.0, -0.0, 0.0, 0.0], [0.238849, 0.010799, 0.270576, 0.0, 0.0, 0.0, -0.0, 0.0, 0.0, -0.0, -0.0, -0.0, 0.0, 0.0, 1.0, 0.0, 0.0, 0.0, 0.0], [0.0, 0.0, 0.0, 0.491014, 0.0, 0.0, -0.0, 0.0, 0.0, 0.0, 0.0, 0.0, -0.0, 0.0, 0.0, 1.0, 0.0, 0.0, 0.0], [0.0, 0.0, 0.0, 0.0, 0.491014, 0.0, -0.0, 0.0, 0.0, 0.0, 0.0, 0.0, 0.0, -0.0, 0.0, 0.0, 1.0, 0.0, 0.0], [-0.0, -0.0, 0.0, 0.0, 0.0, -0.0, -0.0, -0.0, -0.0, 0.0, -0.0, 0.0, 0.0, 0.0, 0.0, 0.0, 0.0, 1.0, 0.0], [0.0, 0.0, 0.0, 0.0, 0.0, 0.0, 0.0, 0.0, 0.0, 0.0, 0.0, 0.0, 0.0, 0.0, 0.0, 0.0, 0.0, 0.0, 1.0]], [[1.0, 0.68486, -0.0, -0.0, -0.0, 0.145612, 0.551623, 0.737563, 0.413259, -0.0, -0.0, 0.550037, 0.0, 0.0, 0.241685, 0.0, 0.0, -0.0, 0.0], [0.68486, 1.0, 0.0, -0.0, -0.0, 0.08927, 0.406397, 0.775864, 0.080797, -0.0, -0.0, 0.282741, 0.0, 0.0, 0.011131, 0.0, 0.0, -0.0, 0.0], [-0.0, 0.0, 1.0, 0.0, 0.0, -0.261758, -0.514675, -0.369263, -0.04898, 0.0, 0.0, 0.308162, 0.0, 0.0, 0.259796, 0.0, 0.0, 0.0, 0.0], [-0.0, -0.0, 0.0, 1.0, 0.0, 0.0, 0.0, -0.0, -0.0, 0.500537, 0.0, 0.0, 0.592348, 0.0, 0.0, 0.490468, 0.0, 0.0, 0.0], [-0.0, -0.0, 0.0, 0.0, 1.0, 0.0, 0.0, -0.0, -0.0, 0.0, 0.500537, 0.0, 0.0, 0.592348, 0.0, 0.0, 0.490468, 0.0, 0.0], [0.145612, 0.08927, -0.261758, 0.0, 0.0, 1.0, -0.214063, 0.194384, -0.0, -0.0, -0.0, 0.0, 0.0, 0.0, 0.0, 0.0, 0.0, -0.0, 0.0], [0.551623, 0.406397, -0.514675, 0.0, 0.0, -0.214063, 1.0, 0.708607, -0.0, -0.0, -0.0, -0.0, -0.0, -0.0, -0.0, 0.0, 0.0, -0.0, 0.0], [0.737563, 0.775864, -0.369263, -0.0, -0.0, 0.194384, 0.708607, 1.0, 0.0, 0.0, 0.0, 0.0, -0.0, -0.0, 0.0, 0.0, 0.0, -0.0, 0.0], [0.413259, 0.080797, -0.04898, -0.0, -0.0, -0.0, -0.0, 0.0, 1.0, 0.0, 0.0, 0.501271, 0.0, 0.0, 0.0, 0.0, 0.0, -0.0, 0.0], [-0.0, -0.0, 0.0, 0.500537, 0.0, -0.0, -0.0, 0.0, 0.0, 1.0, 0.0, 0.0, 0.501271, 0.0, -0.0, 0.0, 0.0, 0.0, 0.0], [-0.0, -0.0, 0.0, 0.0, 0.500537, -0.0, -0.0, 0.0, 0.0, 0.0, 1.0, 0.0, 0.0, 0.501271, -0.0, 0.0, 0.0, -0.0, 0.0], [0.550037, 0.282741, 0.308162, 0.0, 0.0, 0.0, -0.0, 0.0, 0.501271, 0.0, 0.0, 1.0, 0.0, 0.0, -0.0, 0.0, 0.0, 0.0, 0.0], [0.0, 0.0, 0.0, 0.592348, 0.0, 0.0, -0.0, -0.0, 0.0, 0.501271, 0.0, 0.0, 1.0, 0.0, 0.0, -0.0, 0.0, 0.0, 0.0], [0.0, 0.0, 0.0, 0.0, 0.592348, 0.0, -0.0, -0.0, 0.0, 0.0, 0.501271, 0.0, 0.0, 1.0, 0.0, 0.0, -0.0, 0.0, 0.0], [0.241685, 0.011131, 0.259796, 0.0, 0.0, 0.0, -0.0, 0.0, 0.0, -0.0, -0.0, -0.0, 0.0, 0.0, 1.0, 0.0, 0.0, 0.0, 0.0], [0.0, 0.0, 0.0, 0.490468, 0.0, 0.0, 0.0, 0.0, 0.0, 0.0, 0.0, 0.0, -0.0, 0.0, 0.0, 1.0, 0.0, 0.0, 0.0], [0.0, 0.0, 0.0, 0.0, 0.490468, 0.0, 0.0, 0.0, 0.0, 0.0, 0.0, 0.0, 0.0, -0.0, 0.0, 0.0, 1.0, 0.0, 0.0], [-0.0, -0.0, 0.0, 0.0, 0.0, -0.0, -0.0, -0.0, -0.0, 0.0, -0.0, 0.0, 0.0, 0.0, 0.0, 0.0, 0.0, 1.0, 0.0], [0.0, 0.0, 0.0, 0.0, 0.0, 0.0, 0.0, 0.0, 0.0, 0.0, 0.0, 0.0, 0.0, 0.0, 0.0, 0.0, 0.0, 0.0, 1.0]], [[1.0, 0.68486, 0.0, -0.0, -0.0, 0.142161, 0.54403, 0.731694, 0.412012, -0.0, -0.0, 0.555258, 0.0, 0.0, 0.244335, 0.0, 0.0, -0.0, 0.0], [0.68486, 1.0, 0.0, -0.0, -0.0, 0.088826, 0.404581, 0.773051, 0.081813, -0.0, -0.0, 0.286601, 0.0, 0.0, 0.011465, 0.0, 0.0, -0.0, 0.0], [0.0, 0.0, 1.0, 0.0, 0.0, -0.259032, -0.51625, -0.372294, -0.066578, 0.0, 0.0, 0.295799, 0.0, 0.0, 0.248703, 0.0, 0.0, 0.0, 0.0], [-0.0, -0.0, 0.0, 1.0, 0.0, 0.0, 0.0, -0.0, -0.0, 0.491073, 0.0, 0.0, 0.587427, 0.0, 0.0, 0.48962, 0.0, 0.0, 0.0], [-0.0, -0.0, 0.0, 0.0, 1.0, 0.0, 0.0, -0.0, -0.0, 0.0, 0.491073, 0.0, 0.0, 0.587427, 0.0, 0.0, 0.48962, 0.0, 0.0], [0.142161, 0.088826, -0.259032, 0.0, 0.0, 1.0, -0.214063, 0.194384, -0.0, -0.0, -0.0, 0.0, 0.0, 0.0, 0.0, 0.0, 0.0, -0.0, 0.0], [0.54403, 0.404581, -0.51625, 0.0, 0.0, -0.214063, 1.0, 0.708607, -0.0, -0.0, -0.0, -0.0, -0.0, -0.0, -0.0, 0.0, 0.0, -0.0, 0.0], [0.731694, 0.773051, -0.372294, -0.0, -0.0, 0.194384, 0.708607, 1.0, -0.0, 0.0, 0.0, 0.0, -0.0, -0.0, 0.0, 0.0, 0.0, -0.0, 0.0], [0.412012, 0.081813, -0.066578, -0.0, -0.0, -0.0, -0.0, -0.0, 1.0, 0.0, 0.0, 0.501271, 0.0, 0.0, 0.0, 0.0, 0.0, 0.0, 0.0], [-0.0, -0.0, 0.0, 0.491073, 0.0, -0.0, -0.0, 0.0, 0.0, 1.0, 0.0, 0.0, 0.501271, 0.0, -0.0, 0.0, 0.0, 0.0, 0.0], [-0.0, -0.0, 0.0, 0.0, 0.491073, -0.0, -0.0, 0.0, 0.0, 0.0, 1.0, 0.0, 0.0, 0.501271, -0.0, 0.0, 0.0, -0.0, 0.0], [0.555258, 0.286601, 0.295799, 0.0, 0.0, 0.0, -0.0, 0.0, 0.501271, 0.0, 0.0, 1.0, 0.0, 0.0, 0.0, 0.0, 0.0, 0.0, 0.0], [0.0, 0.0, 0.0, 0.587427, 0.0, 0.0, -0.0, -0.0, 0.0, 0.501271, 0.0, 0.0, 1.0, 0.0, 0.0, 0.0, 0.0, 0.0, 0.0], [0.0, 0.0, 0.0, 0.0, 0.587427, 0.0, -0.0, -0.0, 0.0, 0.0, 0.501271, 0.0, 0.0, 1.0, 0.0, 0.0, 0.0, 0.0, 0.0], [0.244335, 0.011465, 0.248703, 0.0, 0.0, 0.0, -0.0, 0.0, 0.0, -0.0, -0.0, 0.0, 0.0, 0.0, 1.0, 0.0, 0.0, 0.0, 0.0], [0.0, 0.0, 0.0, 0.48962, 0.0, 0.0, 0.0, 0.0, 0.0, 0.0, 0.0, 0.0, 0.0, 0.0, 0.0, 1.0, 0.0, 0.0, 0.0], [0.0, 0.0, 0.0, 0.0, 0.48962, 0.0, 0.0, 0.0, 0.0, 0.0, 0.0, 0.0, 0.0, 0.0, 0.0, 0.0, 1.0, 0.0, 0.0], [-0.0, -0.0, 0.0, 0