{
    "opt_E": -2.188289926168747,
    "HF_E": -2.1592356021708508,
    "B3LYP_E": -2.1605098229173505,
    "sto-3G_E": -2.152139574526254,
    "proj": [
        [
            0.5458311224379958,
            0.34198140142622335,
            0.04253268414306212,
            -0.17572875215929978,
            0.02992694998517731,
            0.026248092681580078,
            0.17999306760048983,
            0.07233473689643179,
            -0.230993007127023,
            0.037870899694762504,
            0.035650884571127986,
            0.027440918021587747,
            0.0001398125547173618,
            0.02815645811822905,
            -0.0042762463675095844,
            0.0010659987322393495,
            -0.023148802481638062,
            0.004679438300406394,
            -0.029295470756622314,
            -0.00014637744944274452
        ],
        [
            0.34198140142622335,
            0.2297192804043195,
            0.014122016461455654,
            -0.06091269781912079,
            0.010513901345165793,
            0.1010944494320895,
            0.14079249108443714,
            0.03767189497957169,
            -0.13593750352536077,
            0.02215254359768953,
            0.02963945635169539,
            0.025365321261094254,
            -0.0020437543505389924,
            -0.03803913686395704,
            0.00562310781734451,
            -0.028605341430598886,
            -0.028845908315837162,
            0.003340894777721112,
            -0.029639672838467294,
            0.0007110700897960493
        ],
        [
            0.04253268414306212,
            0.014122016461455654,
            0.01784542513952091,
            -0.06846979256824813,
            0.011427834283074822,
            -0.08731054178850861,
            -0.011504982064818928,
            0.015101435888048517,
            -0.009752500951608855,
            0.0013089127704567728,
            0.02076476337488275,
            -0.011966497540152044,
            0.005203779658445446,
            0.03159349185852158,
            -0.009700779101820371,
            -0.00834845339021571,
            -0.006072297154140749,
            0.002522353811062074,
            -0.028508611047803976,
            0.00021447957512686907
        ],
        [
            -0.17572875215929978,
            -0.06091269781912079,
            -0.06846979256824813,
            0.26402705594479753,
            -0.044101544021716135,
            0.3328307879814799,
            0.04248299292919639,
            -0.058412129523502145,
            0.05302489444515144,
            -0.007855008865480542,
            -0.062418267831514926,
            0.04634385297283533,
            -0.01868557398042539,
            -0.1313008754830685,
            0.03661093827684577,
            0.021374087189850476,
            0.019988711978207382,
            -0.008443872353590122,
            0.09124288697830145,
            -0.00034125559729715927
        ],
        [
            0.02992694998517731,
            0.010513901345165793,
            0.011427834283074822,
            -0.044101544021716135,
            0.007369056794830306,
            -0.05524891199159849,
            -0.00676851758259602,
            0.009817306479983006,
            -0.009119630599910946,
            0.0013544071787335694,
            0.010639248118689935,
            -0.00731215495353379,
            0.0030640681095730517,
            0.022397820975055393,
            -0.006102084264414403,
            -0.002591599352134662,
            -0.0027696385783663293,
            0.001393580324391405,
            -0.014904098316072213,
            4.500751406321496e-05
        ],
        [
            0.026248092681580078,
            0.1010944494320895,
            -0.08731054178850861,
            0.3328307879814799,
            -0.05524891199159849,
            0.5743522801978165,
            0.19050562251713696,
            -0.050804854841192404,
            -0.008262339629813062,
            0.001667792174192441,
            -0.005844747836958993,
            0.11514216330766186,
            -0.02860325299603272,
            -0.2162494865176257,
            0.0561890863868119,
            0.041035014067323794,
            0.032608282938954854,
            -0.007170082163828827,
            0.07960006307586091,
            0.0006142270045543241
        ],
        [
            0.17999306760048983,
            0.14079249108443714,
            -0.011504982064818928,
            0.04248299292919639,
            -0.00676851758259602,
            0.19050562251713696,
            0.1322065085388801,
            0.012037348931428127,
            -0.03302349569736892,
            0.004293971601031872,
            0.09815587487821956,
            0.07397367560892823,
            -0.006744134184447645,
            -0.06425104734503904,
            0.013211623931239765,
            0.03392571011676431,
            0.026408027501416523,
            0.00359200564965287,
            -0.04075144663156649,
            0.0013518925211338836
        ],
        [
            0.07233473689643179,
            0.03767189497957169,
            0.015101435888048517,
            -0.058412129523502145,
            0.009817306479983006,
            -0.050804854841192404,
            0.012037348931428127,
            0.01665990550957035,
            -0.015875962164512883,
            0.0021390442929890307,
            0.03712357723615008,
            0.0033105359201475973,
            0.0035156538043833244,
            0.02310162034581143,
            -0.007080676251704854,
            0.004178615224896621,
            0.002401477273525336,
            0.002872018226953257,
            -0.031542214340079394,
            0.00034170046286092543
        ],
        [
            -0.230993007127023,
            -0.13593750352536077,
            -0.009752500951608855,
            0.05302489444515144,
            -0.009119630599910946,
            -0.008262339629813062,
            -0.03302349569736892,
            -0.015875962164512883,
            0.22477489764206005,
            -0.04040685878205835,
            0.23541341739423738,
            0.04986128579228214,
            0.009617802710384524,
            -0.06705778347830867,
            -0.006638642279731479,
            -0.008985226262321238,
            0.037242367515499454,
            0.012327366412248686,
            -0.1794483977002603,
            0.004528571279853744
        ],
        [
            0.037870899694762504,
            0.02215254359768953,
            0.0013089127704567728,
            -0.007855008865480542,
            0.0013544071787335694,
            0.001667792174192441,
            0.004293971601031872,
            0.0021390442929890307,
            -0.04040685878205835,
            0.007308534505037314,
            -0.04579782014315006,
            -0.010102177821782512,
            -0.0018349717210997688,
            0.011940930150263531,
            0.0013759463596262715,
            0.0009605156433981241,
            -0.007325233623857375,
            -0.0024143422050448633,
            0.03461118832097353,
            -0.0008577639047756045
        ],
        [
            0.035650884571127986,
            0.02963945635169539,
            0.02076476337488275,
            -0.062418267831514926,
            0.010639248118689935,
            -0.005844747836958993,
            0.09815587487821956,
            0.03712357723615008,
            0.23541341739423738,
            -0.04579782014315006,
            0.5238704294401783,
            0.16303194035989602,
            0.014883098276836997,
            -0.03469072618061673,
            -0.020084003438092066,
            0.09926832960880928,
            0.12294726452712475,
            0.026826880484837057,
            -0.3465895703279235,
            0.007383730584853315
        ],
        [
            0.027440918021587747,
            0.025365321261094254,
            -0.011966497540152044,
            0.04634385297283533,
            -0.00731215495353379,
            0.11514216330766186,
            0.07397367560892823,
            0.0033105359201475973,
            0.04986128579228214,
            -0.010102177821782512,
            0.16303194035989602,
            0.11983865770982978,
            -0.00859140066022828,
            0.037493685247940056,
            0.003916168441268915,
            0.18704442133464155,
            0.129860995051115,
            0.002715150415494548,
            -0.021825242043059148,
            6.041682034671578e-05
        ],
        [
            0.0001398125547173618,
            -0.0020437543505389924,
            0.005203779658445446,
            -0.01868557398042539,
            0.0030640681095730517,
            -0.02860325299603272,
            -0.006744134184447645,
            0.0035156538043833244,
            0.009617802710384524,
            -0.0018349717210997688,
            0.014883098276836997,
            -0.00859140066022828,
            0.0030598986357152727,
            -0.005348694081097587,
            -0.003161315986075126,
            -0.023664670245409802,
            -0.0123090065141488,
            0.0018146855674431913,
            -0.025294268274432246,
            0.0005653217244313218
        ],
        [
            0.02815645811822905,
            -0.03803913686395704,
            0.03159349185852158,
            -0.1313008754830685,
            0.022397820975055393,
            -0.2162494865176257,
            -0.06425104734503904,
            0.02310162034581143,
            -0.06705778347830867,
            0.011940930150263531,
            -0.03469072618061673,
            0.037493685247940056,
            -0.005348694081097587,
            0.27323001054415735,
            -0.022471464505275138,
            0.2772230153662367,
            0.15003924727576937,
            -0.007683754937478457,
            0.13759769462501875,
            -0.005611105593394233
        ],
        [
            -0.0042762463675095844,
            0.00562310781734451,
            -0.009700779101820371,
            0.03661093827684577,
            -0.006102084264414403,
            0.0561890863868119,
            0.013211623931239765,
            -0.007080676251704854,
            -0.006638642279731479,
            0.0013759463596262715,
            -0.020084003438092066,
            0.003916168441268915,
            -0.003161315986075126,
            -0.022471464505275138,
            0.006307627396290664,
            -0.0032950721291481124,
            -0.0031885623349388547,
            -0.0016233743732687396,
            0.01900070355500916,
            -0.00014944024841106606
        ],
        [
            0.0010659987322393495,
            -0.028605341430598886,
            -0.00834845339021571,
            0.021374087189850476,
            -0.002591599352134662,
            0.041035014067323794,
            0.03392571011676431,
            0.004178615224896621,
            -0.008985226262321238,
            0.0009605156433981241,
            0.09926832960880928,
            0.18704442133464155,
            -0.023664670245409802,
            0.2772230153662367,
            -0.0032950721291481124,
            0.5062814901670429,
            0.3060393509798946,
            -0.009555804092998298,
            0.1721034992894402,
            -0.0062951586099564095
        ],
        [
            -0.023148802481638062,
            -0.028845908315837162,
            -0.006072297154140749,
            0.019988711978207382,
            -0.0027696385783663293,
            0.032608282938954854,
            0.026408027501416523,
            0.002401477273525336,
            0.037242367515499454,
            -0.007325233623857375,
            0.12294726452712475,
            0.129860995051115,
            -0.0123090065141488,
            0.15003924727576937,
            -0.0031885623349388547,
            0.3060393509798946,
            0.19452571707096603,
            -0.0024446887599552367,
            0.05779090714488766,
            -0.00266469375098047
        ],
        [
            0.004679438300406394,
            0.003340894777721112,
            0.002522353811062074,
            -0.008443872353590122,
            0.001393580324391405,
            -0.007170082163828827,
            0.00359200564965287,
            0.002872018226953257,
            0.012327366412248686,
            -0.0024143422050448633,
            0.026826880484837057,
            0.002715150415494548,
            0.0018146855674431913,
            -0.007683754937478457,
            -0.0016233743732687396,
            -0.009555804092998298,
            -0.0024446887599552367,
            0.0018845151839912487,
            -0.025461459187155314,
            0.0005914328928839903
        ],
        [
            -0.029295470756622314,
            -0.029639672838467294,
            -0.028508611047803976,
            0.09124288697830145,
            -0.014904098316072213,
            0.07960006307586091,
            -0.04075144663156649,
            -0.031542214340079394,
            -0.1794483977002603,
            0.03461118832097353,
            -0.3465895703279235,
            -0.021825242043059148,
            -0.025294268274432246,
            0.13759769462501875,
            0.01900070355500916,
            0.1721034992894402,
            0.05779090714488766,
            -0.025461459187155314,
            0.35067762774654904,
            -0.008498250021926898
        ],
        [
            -0.00014637744944274452,
            0.0007110700897960493,
            0.00021447957512686907,
            -0.00034125559729715927,
            4.500751406321496e-05,
            0.0006142270045543241,
            0.0013518925211338836,
            0.00034170046286092543,
            0.004528571279853744,
            -0.0008577639047756045,
            0.007383730584853315,
            6.041682034671578e-05,
            0.0005653217244313218,
            -0.005611105593394233,
            -0.00014944024841106606,
            -0.0062951586099564095,
            -0.00266469375098047,
            0.0005914328928839903,
            -0.008498250021926898,
            0.00022995899045099205
        ]
    ]
}