{
    "opt_E": -2.175918957573672,
    "HF_E": -2.1445945807853857,
    "B3LYP_E": -2.1470039395316567,
    "sto-3G_E": -2.1272979722581127,
    "proj": [
        [
            0.5493562029081943,
            0.3507505267302177,
            0.034472069531558576,
            -0.16434915279680246,
            -0.05965582159558073,
            0.030672959512138644,
            0.17338396487349486,
            0.04998070703903703,
            -0.20608927300456156,
            -0.10479484251067345,
            0.039518236666521135,
            0.03138547747368036,
            0.0011764266286997227,
            0.041637650008281304,
            -0.005778030682861781,
            -0.0035112429400685915,
            -0.027365402802356883,
            -0.008610339976338794,
            -0.024377177666267312,
            0.008934133087614513
        ],
        [
            0.3507505267302177,
            0.23538444448306162,
            0.013354984547447527,
            -0.06526009515205194,
            -0.021934864025760264,
            0.09126371300537868,
            0.13353443933739123,
            0.02857541732608664,
            -0.13112177075735063,
            -0.05704008941474539,
            0.03157411518831233,
            0.024816135393150782,
            0.0027105481576643457,
            -0.02417990467827693,
            0.0013244006785062621,
            -0.028292249569902804,
            -0.033640463090752575,
            -0.00543866959685463,
            -0.02012649133338526,
            0.006117507254149345
        ],
        [
            0.034472069531558576,
            0.013354984547447527,
            0.0102514995604432,
            -0.04727143867103409,
            -0.01909365635201323,
            -0.06207447645747447,
            -0.00801328857411338,
            0.005029518975251831,
            -0.0028954108917853298,
            -0.015853612047085932,
            0.010662009253644697,
            -0.00497117346444036,
            -0.006843945828290959,
            0.03940652480504425,
            0.0007867611964291607,
            -0.005316290019235084,
            -0.0025794683876094265,
            -0.004715532163618784,
            -0.012280172614066151,
            0.005605472961489804
        ],
        [
            -0.16434915279680246,
            -0.06526009515205194,
            -0.04727143867103409,
            0.2185959383640259,
            0.08791292634457669,
            0.28656714645917286,
            0.0382269851473305,
            -0.024419407444883953,
            0.024034406136107436,
            0.07314599603111706,
            -0.033170265853893155,
            0.030329830690522256,
            0.03060913863482265,
            -0.1782155894401644,
            -0.003091587025903563,
            0.030495270060542083,
            0.018828886142660258,
            0.019758671257163633,
            0.050248926692817365,
            -0.023352577667617187
        ],
        [
            -0.05965582159558073,
            -0.021934864025760264,
            -0.01909365635201323,
            0.08791292634457669,
            0.03565016860457241,
            0.11739258641508306,
            0.016311477158372417,
            -0.008777697456163684,
            0.0011195864820959462,
            0.029058864076664605,
            -0.02333460617696733,
            0.009211903639378134,
            0.01371349280077007,
            -0.07325938522759225,
            -0.002337458226287762,
            0.013106417484760888,
            0.005902015267865631,
            0.009584037145309691,
            0.025612358286975712,
            -0.011486645247571828
        ],
        [
            0.030672959512138644,
            0.09126371300537868,
            -0.06207447645747447,
            0.28656714645917286,
            0.11739258641508306,
            0.5307121956285545,
            0.18375003477278626,
            -0.018355015089529244,
            -0.030966386181634505,
            0.06406236995181858,
            0.0465606106769557,
            0.09956265947092079,
            0.04490823146520913,
            -0.28818063258718946,
            0.00014179648055763426,
            0.039695080576006396,
            0.024327431750483592,
            0.016686251130403527,
            0.030115958277605808,
            -0.019225099292319022
        ],
        [
            0.17338396487349486,
            0.13353443933739123,
            -0.00801328857411338,
            0.0382269851473305,
            0.016311477158372417,
            0.18375003477278626,
            0.1260047636637949,
            0.004867857434950485,
            -0.024661155273743237,
            -0.015422880974393545,
            0.11214116896555196,
            0.0771085494326702,
            0.007793044994114002,
            -0.06638496928939545,
            0.0034398748570597555,
            0.02603933067715594,
            0.023956357843712944,
            -0.009137531091485527,
            -0.03660329831646286,
            0.011514358528993669
        ],
        [
            0.04998070703903703,
            0.02857541732608664,
            0.005029518975251831,
            -0.024419407444883953,
            -0.008777697456163684,
            -0.018355015089529244,
            0.004867857434950485,
            0.006782822990015538,
            -0.03344016547829846,
            -0.010863028772182612,
            -0.02415497958652705,
            -0.00825588916692622,
            0.002211021010023433,
            0.015141647435644142,
            -0.004103393640232832,
            0.006577125476180909,
            -0.002865790317190464,
            0.0031155647765106218,
            0.012030094548432744,
            -0.004262234548633007
        ],
        [
            -0.20608927300456156,
            -0.13112177075735063,
            -0.0028954108917853298,
            0.024034406136107436,
            0.0011195864820959462,
            -0.030966386181634505,
            -0.024661155273743237,
            -0.03344016547829846,
            0.2530421385261124,
            0.019214322491280727,
            0.2841179985580483,
            0.07965774833513038,
            -0.04162083045008355,
            0.013638341283427193,
            0.03663249701136437,
            -0.05558289621255236,
            0.028565009195803834,
            -0.047437820651491276,
            -0.15964325409453178,
            0.06110587678175805
        ],
        [
            -0.10479484251067345,
            -0.05704008941474539,
            -0.015853612047085932,
            0.07314599603111706,
            0.029058864076664605,
            0.06406236995181858,
            -0.015422880974393545,
            -0.010863028772182612,
            0.019214322491280727,
            0.031283895242817925,
            -0.03388522325440587,
            -0.0068672861060717445,
            0.008217925151422693,
            -0.05314990266926382,
            -0.0004568622394824848,
            -0.0013759794004955157,
            -0.0017418787658005572,
            0.008338975505903625,
            0.023123516709228666,
            -0.00986695319619769
        ],
        [
            0.039518236666521135,
            0.03157411518831233,
            0.010662009253644697,
            -0.033170265853893155,
            -0.02333460617696733,
            0.0465606106769557,
            0.11214116896555196,
            -0.02415497958652705,
            0.2841179985580483,
            -0.03388522325440587,
            0.5376690370848932,
            0.20398439559260553,
            -0.053848105082428196,
            0.045541054251202924,
            0.04589099440224266,
            -0.0011607440178342983,
            0.09298684058633411,
            -0.0809916430794567,
            -0.2695213042909001,
            0.10260231810376967
        ],
        [
            0.03138547747368036,
            0.024816135393150782,
            -0.00497117346444036,
            0.030329830690522256,
            0.009211903639378134,
            0.09956265947092079,
            0.0771085494326702,
            -0.00825588916692622,
            0.07965774833513038,
            -0.0068672861060717445,
            0.20398439559260553,
            0.13322041288287592,
            0.007662977639121799,
            0.030042964868516844,
            -0.00790099200794579,
            0.16230089078965035,
            0.1353066225097818,
            -0.016089627646512353,
            -0.05097610393844233,
            0.019570047682630563
        ],
        [
            0.0011764266286997227,
            0.0027105481576643457,
            -0.006843945828290959,
            0.03060913863482265,
            0.01371349280077007,
            0.04490823146520913,
            0.007793044994114002,
            0.002211021010023433,
            -0.04162083045008355,
            0.008217925151422693,
            -0.053848105082428196,
            0.007662977639121799,
            0.019718573594374022,
            -0.0047498915362301,
            -0.016635143880851893,
            0.07820048997286107,
            0.03870129788149826,
            0.015563202189002198,
            0.05245978737087404,
            -0.02005057458099341
        ],
        [
            0.041637650008281304,
            -0.02417990467827693,
            0.03940652480504425,
            -0.1782155894401644,
            -0.07325938522759225,
            -0.28818063258718946,
            -0.06638496928939545,
            0.015141647435644142,
            0.013638341283427193,
            -0.05314990266926382,
            0.045541054251202924,
            0.030042964868516844,
            -0.0047498915362301,
            0.24698210350618585,
            -0.027494561542450682,
            0.18582211730895787,
            0.1262226921220096,
            -0.005693455268372819,
            0.0042054149336391644,
            0.004532019998477197
        ],
        [
            -0.005778030682861781,
            0.0013244006785062621,
            0.0007867611964291607,
            -0.003091587025903563,
            -0.002337458226287762,
            0.00014179648055763426,
            0.0034398748570597555,
            -0.004103393640232832,
            0.03663249701136437,
            -0.0004568622394824848,
            0.04589099440224266,
            -0.00790099200794579,
            -0.016635143880851893,
            -0.027494561542450682,
            0.01812619820102648,
            -0.0899891976382931,
            -0.04786743087288142,
            -0.013340729806925349,
            -0.04796167519069864,
            0.01752962199944718
        ],
        [
            -0.0035112429400685915,
            -0.028292249569902804,
            -0.005316290019235084,
            0.030495270060542083,
            0.013106417484760888,
            0.039695080576006396,
            0.02603933067715594,
            0.006577125476180909,
            -0.05558289621255236,
            -0.0013759794004955157,
            -0.0011607440178342983,
            0.16230089078965035,
            0.07820048997286107,
            0.18582211730895787,
            -0.0899891976382931,
            0.5762579509651674,
            0.3609345374571053,
            0.04238993661162368,
            0.16247710452291014,
            -0.057427963926009344
        ],
        [
            -0.027365402802356883,
            -0.033640463090752575,
            -0.0025794683876094265,
            0.018828886142660258,
            0.005902015267865631,
            0.024327431750483592,
            0.023956357843712944,
            -0.002865790317190464,
            0.028565009195803834,
            -0.0017418787658005572,
            0.09298684058633411,
            0.1353066225097818,
            0.03870129788149826,
            0.1262226921220096,
            -0.04786743087288142,
            0.3609345374571053,
            0.24437787099767305,
            0.012307878740771695,
            0.05448491278504925,
            -0.017841388110538186
        ],
        [
            -0.008610339976338794,
            -0.00543866959685463,
            -0.004715532163618784,
            0.019758671257163633,
            0.009584037145309691,
            0.016686251130403527,
            -0.009137531091485527,
            0.0031155647765106218,
            -0.047437820651491276,
            0.008338975505903625,
            -0.0809916430794567,
            -0.016089627646512353,
            0.015563202189002198,
            -0.005693455268372819,
            -0.013340729806925349,
            0.04238993661162368,
            0.012307878740771695,
            0.016139702031161596,
            0.05417377707537871,
            -0.020619589462537564
        ],
        [
            -0.024377177666267312,
            -0.02012649133338526,
            -0.012280172614066151,
            0.050248926692817365,
            0.025612358286975712,
            0.030115958277605808,
            -0.03660329831646286,
            0.012030094548432744,
            -0.15964325409453178,
            0.023123516709228666,
            -0.2695213042909001,
            -0.05097610393844233,
            0.05245978737087404,
            0.0042054149336391644,
            -0.04796167519069864,
            0.16247710452291014,
            0.05448491278504925,
            0.05417377707537871,
            0.1840617165852342,
            -0.06947819960064912
        ],
        [
            0.008934133087614513,
            0.006117507254149345,
            0.005605472961489804,
            -0.023352577667617187,
            -0.011486645247571828,
            -0.019225099292319022,
            0.011514358528993669,
            -0.004262234548633007,
            0.06110587678175805,
            -0.00986695319619769,
            0.10260231810376967,
            0.019570047682630563,
            -0.02005057458099341,
            0.004532019998477197,
            0.01752962199944718,
            -0.057427963926009344,
            -0.017841388110538186,
            -0.020619589462537564,
            -0.06947819960064912,
            0.026382364179815234
        ]
    ]
}