{
    "opt_E": -2.208416712334577,
    "HF_E": -2.1767242832448384,
    "B3LYP_E": -2.1792776066772586,
    "sto-3G_E": -2.1581841253904317,
    "proj": [
        [
            0.6077075197731281,
            0.37960252609397815,
            0.010515168301606675,
            -0.14843018072597575,
            0.053331449591336434,
            -0.057188365586001204,
            0.14159515433327718,
            0.023083519717271024,
            -0.18035026562672016,
            0.09542537627460956,
            0.014819728223428683,
            0.02849401781266702,
            0.007102002543531222,
            0.041776894968936495,
            0.02169540450263724,
            -0.0024360528426992387,
            -0.01955752151869425,
            0.006176673271351538,
            -0.00920665954007288,
            0.004538587568356901
        ],
        [
            0.37960252609397815,
            0.2663814725150267,
            0.0021679108806822328,
            -0.039630216209064276,
            0.012585008562886146,
            0.09325211516875478,
            0.14430123232567776,
            0.00971109674520793,
            -0.11927093160723075,
            0.043101557542017,
            0.008431262780887407,
            0.030761053636693365,
            -0.0032428924153544607,
            -0.032079732665580556,
            -0.00510383259724982,
            -0.02954391382283123,
            -0.028800988312462493,
            0.002116408608377037,
            -0.010197865588283993,
            0.0006658241985105669
        ],
        [
            0.010515168301606675,
            0.0021679108806822328,
            0.0009815290445664895,
            -0.011497053015950708,
            0.004623331470800257,
            -0.02214686466151324,
            -0.00621811461034832,
            0.0018166475264048386,
            0.0007426773626974021,
            0.005474654951566196,
            0.006180633875991892,
            -0.0014766070428436915,
            0.0033786882909213572,
            0.00664863623910266,
            0.004394308379813056,
            -0.0018491870694028884,
            -0.00037613749285380103,
            0.0023253391375267817,
            -0.004831452088851171,
            0.001070458474960951
        ],
        [
            -0.14843018072597575,
            -0.039630216209064276,
            -0.011497053015950708,
            0.1397315941158222,
            -0.05463427115270492,
            0.2634261121566266,
            0.07253297643313522,
            -0.018097449835383216,
            0.017401935944753495,
            -0.06046618772860656,
            -0.030021597414980658,
            0.026014119420610805,
            -0.030913095953341647,
            -0.09283525381316014,
            -0.047677606744243484,
            0.004504267896907924,
            0.0024518026816406618,
            -0.016608811122816886,
            0.027165993569290676,
            -0.009018360477295779
        ],
        [
            0.053331449591336434,
            0.012585008562886146,
            0.004623331470800257,
            -0.05463427115270492,
            0.021832764358781606,
            -0.10384467074127866,
            -0.028284095405421435,
            0.008360709156936616,
            0.0009896013378889942,
            0.025739919556209453,
            0.02640529993231316,
            -0.0067844778398088055,
            0.014956217532336486,
            0.03292406789494949,
            0.020255105081441703,
            -0.005869388311983791,
            -0.0007014711990251082,
            0.010053543494727962,
            -0.02025460620662686,
            0.004751266939404404
        ],
        [
            -0.057188365586001204,
            0.09325211516875478,
            -0.02214686466151324,
            0.2634261121566266,
            -0.10384467074127866,
            0.613167688513889,
            0.255844177057044,
            -0.027293506103821856,
            -0.02390939665376233,
            -0.08902568016405221,
            -0.005387672638372448,
            0.10089664564612723,
            -0.06550191674403961,
            -0.20670037418802642,
            -0.10081645282876303,
            0.020294107042329992,
            0.01261819537555386,
            -0.025920542871875004,
            0.03141568473534459,
            -0.01556054094297898
        ],
        [
            0.14159515433327718,
            0.14430123232567776,
            -0.00621811461034832,
            0.07253297643313522,
            -0.028284095405421435,
            0.255844177057044,
            0.16288704656863257,
            0.0004762639659890409,
            -0.03120106773348952,
            -0.0004182640176397871,
            0.07646729872777998,
            0.08517828360985956,
            -0.021901707246615824,
            -0.07537470608541676,
            -0.034124793716226585,
            0.03519606190187378,
            0.028673572195720705,
            0.002857213606788215,
            -0.021327001060306106,
            -0.0009605540081421475
        ],
        [
            0.023083519717271024,
            0.00971109674520793,
            0.0018166475264048386,
            -0.018097449835383216,
            0.008360709156936616,
            -0.027293506103821856,
            0.0004762639659890409,
            0.00659646337379815,
            0.015947186229804376,
            0.015936574010665703,
            0.051171000563438714,
            0.011808187031459834,
            0.011159440501222535,
            0.0013372949862823433,
            0.00977889870697196,
            -0.00793200906374351,
            0.003306865920798821,
            0.012635644882297242,
            -0.03217965176474497,
            0.004767852153216703
        ],
        [
            -0.18035026562672016,
            -0.11927093160723075,
            0.0007426773626974021,
            0.017401935944753495,
            0.0009896013378889942,
            -0.02390939665376233,
            -0.03120106773348952,
            0.015947186229804376,
            0.15175775903553937,
            0.017957312285117856,
            0.2260826189801998,
            0.05679589551945433,
            0.037210450658397023,
            -0.03188750082259421,
            0.021489292495090226,
            -0.01927724672586511,
            0.033396174166244984,
            0.05018664773376094,
            -0.13431296070473125,
            0.017358978072084266
        ],
        [
            0.09542537627460956,
            0.043101557542017,
            0.005474654951566196,
            -0.06046618772860656,
            0.025739919556209453,
            -0.08902568016405221,
            -0.0004182640176397871,
            0.015936574010665703,
            0.017957312285117856,
            0.04312622589554985,
            0.10251702380769065,
            0.024056383441410582,
            0.023469272116023863,
            0.02220895283530729,
            0.02513010216762398,
            -0.004095329201160767,
            0.011864082213423232,
            0.025301948065690114,
            -0.0615405942984886,
            0.01013750180184332
        ],
        [
            0.014819728223428683,
            0.008431262780887407,
            0.006180633875991892,
            -0.030021597414980658,
            0.02640529993231316,
            -0.005387672638372448,
            0.07646729872777998,
            0.051171000563438714,
            0.2260826189801998,
            0.10251702380769065,
            0.5686294408677556,
            0.20238238661481586,
            0.07065534480184697,
            -0.038964733289680774,
            0.04756298154551728,
            0.040000917528159825,
            0.11976856325017794,
            0.11481376328041738,
            -0.3044638188057038,
            0.04109039878183443
        ],
        [
            0.02849401781266702,
            0.030761053636693365,
            -0.0014766070428436915,
            0.026014119420610805,
            -0.0067844778398088055,
            0.10089664564612723,
            0.08517828360985956,
            0.011808187031459834,
            0.05679589551945433,
            0.024056383441410582,
            0.20238238661481586,
            0.13403768596783647,
            -0.014703891540568864,
            0.02481887361558032,
            -0.010263899439694473,
            0.1713570334665402,
            0.13366357385785654,
            0.01945503895174825,
            -0.05150622013388521,
            0.007236539163012505
        ],
        [
            0.007102002543531222,
            -0.0032428924153544607,
            0.0033786882909213572,
            -0.030913095953341647,
            0.014956217532336486,
            -0.06550191674403961,
            -0.021901707246615824,
            0.011159440501222535,
            0.037210450658397023,
            0.023469272116023863,
            0.07065534480184697,
            -0.014703891540568864,
            0.0351180721529004,
            -0.031537524710159005,
            0.02389238544726325,
            -0.10071941394159055,
            -0.04706800804488885,
            0.028532994114706344,
            -0.0758572165636744,
            0.010043954531986067
        ],
        [
            0.041776894968936495,
            -0.032079732665580556,
            0.00664863623910266,
            -0.09283525381316014,
            0.03292406789494949,
            -0.20670037418802642,
            -0.07537470608541676,
            0.0013372949862823433,
            -0.03188750082259421,
            0.02220895283530729,
            -0.038964733289680774,
            0.02481887361558032,
            -0.031537524710159005,
            0.19456982772260417,
            0.012667152229771059,
            0.2482169328298442,
            0.1371731037942928,
            -0.028465643827849177,
            0.09854102590753179,
            -0.0059284980351755265
        ],
        [
            0.02169540450263724,
            -0.00510383259724982,
            0.004394308379813056,
            -0.047677606744243484,
            0.020255105081441703,
            -0.10081645282876303,
            -0.034124793716226585,
            0.00977889870697196,
            0.021489292495090226,
            0.02513010216762398,
            0.04756298154551728,
            -0.010263899439694473,
            0.02389238544726325,
            0.012667152229771059,
            0.023411789656560756,
            -0.03929557490132844,
            -0.015566672270138427,
            0.018097093999480434,
            -0.04337947592253535,
            0.007223050809111533
        ],
        [
            -0.0024360528426992387,
            -0.02954391382283123,
            -0.0018491870694028884,
            0.004504267896907924,
            -0.005869388311983791,
            0.020294107042329992,
            0.03519606190187378,
            -0.00793200906374351,
            -0.01927724672586511,
            -0.004095329201160767,
            0.040000917528159825,
            0.1713570334665402,
            -0.10071941394159055,
            0.2482169328298442,
            -0.03929557490132844,
            0.5534232057467043,
            0.3304930297934755,
            -0.05461481568742901,
            0.1655278607001739,
            -0.015353300799690373
        ],
        [
            -0.01955752151869425,
            -0.028800988312462493,
            -0.00037613749285380103,
            0.0024518026816406618,
            -0.0007014711990251082,
            0.01261819537555386,
            0.028673572195720705,
            0.003306865920798821,
            0.033396174166244984,
            0.011864082213423232,
            0.11976856325017794,
            0.13366357385785654,
            -0.04706800804488885,
            0.1371731037942928,
            -0.015566672270138427,
            0.3304930297934755,
            0.21431538029439304,
            -0.012572042174817097,
            0.045215271389792734,
            -0.0021241965743719333
        ],
        [
            0.006176673271351538,
            0.002116408608377037,
            0.0023253391375267817,
            -0.016608811122816886,
            0.010053543494727962,
            -0.025920542871875004,
            0.002857213606788215,
            0.012635644882297242,
            0.05018664773376094,
            0.025301948065690114,
            0.11481376328041738,
            0.01945503895174825,
            0.028532994114706344,
            -0.028465643827849177,
            0.018097093999480434,
            -0.05461481568742901,
            -0.012572042174817097,
            0.031146376665925433,
            -0.0835480842584497,
            0.01090802454857749
        ],
        [
            -0.00920665954007288,
            -0.010197865588283993,
            -0.004831452088851171,
            0.027165993569290676,
            -0.02025460620662686,
            0.03141568473534459,
            -0.021327001060306106,
            -0.03217965176474497,
            -0.13431296070473125,
            -0.0615405942984886,
            -0.3044638188057038,
            -0.05150622013388521,
            -0.0758572165636744,
            0.09854102590753179,
            -0.04337947592253535,
            0.1655278607001739,
            0.045215271389792734,
            -0.0835480842584497,
            0.2272549985718676,
            -0.028698014922935295
        ],
        [
            0.004538587568356901,
            0.0006658241985105669,
            0.001070458474960951,
            -0.009018360477295779,
            0.004751266939404404,
            -0.01556054094297898,
            -0.0009605540081421475,
            0.004767852153216703,
            0.017358978072084266,
            0.01013750180184332,
            0.04109039878183443,
            0.007236539163012505,
            0.010043954531986067,
            -0.0059284980351755265,
            0.007223050809111533,
            -0.015353300799690373,
            -0.0021241965743719333,
            0.01090802454857749,
            -0.028698014922935295,
            0.0039231591587176535
        ]
    ]
}