{
    "opt_E": -2.1924448980027043,
    "HF_E": -2.161378096343971,
    "B3LYP_E": -2.1638170678889326,
    "sto-3G_E": -2.1474475621637437,
    "proj": [
        [
            0.5669081245774124,
            0.36289245710400203,
            -0.00485656373325311,
            -0.17787175721663057,
            -0.006637031986274737,
            0.0010291542951608298,
            0.17086556228965372,
            -0.005076288646668797,
            -0.21139332398998195,
            0.0013528897926471512,
            0.047818861801733316,
            0.023814550684147583,
            -0.0015447156091520538,
            0.05843593975658746,
            0.005631559993524581,
            7.492228044368528e-05,
            -0.031266798692323225,
            0.005588249120887964,
            -0.030045040705998935,
            0.0011600394738854392
        ],
        [
            0.36289245710400203,
            0.2485239144776966,
            -0.0018956753444183882,
            -0.06541892511929528,
            -0.002916345570209961,
            0.08641042960205318,
            0.138199056018387,
            -0.0026913643755157902,
            -0.1363675435349345,
            -0.0015447660416571041,
            0.03433286083697748,
            0.021753558628435414,
            2.703044876397804e-05,
            -0.02367212346631422,
            -0.0032459944107640177,
            -0.033617121695567034,
            -0.04081142696200777,
            0.004018707661959995,
            -0.023890727287860597,
            0.00040109260194798183
        ],
        [
            -0.00485656373325311,
            -0.0018956753444183882,
            0.0001565622023479373,
            0.006082435097042215,
            0.00017383764232779751,
            0.007616928225767352,
            0.0007499435353378423,
            6.343374282727434e-05,
            9.453974240091174e-05,
            -0.00044483126184401795,
            -0.0023679657462723825,
            0.0005273618038065025,
            -0.0003006204513511581,
            -0.004729764223994409,
            -0.0007831571521818822,
            0.0001575364104394507,
            1.3350772826379361e-05,
            -0.0003867172952705396,
            0.0020989435201546865,
            -3.0837504758251455e-05
        ],
        [
            -0.17787175721663057,
            -0.06541892511929528,
            0.006082435097042215,
            0.24029851924927492,
            0.006820742385933746,
            0.31482668753035215,
            0.0452558084882767,
            0.0028734451529791503,
            0.015968528271897812,
            -0.015059109012914976,
            -0.054953985701932724,
            0.042937370904499436,
            -0.012345274894266652,
            -0.18054342410864382,
            -0.030616439064840167,
            0.03006265348072831,
            0.02088040818509434,
            -0.012770291268870033,
            0.06961633873400806,
            -0.0010666764837193071
        ],
        [
            -0.006637031986274737,
            -0.002916345570209961,
            0.00017383764232779751,
            0.006820742385933746,
            0.00020172385970721918,
            0.008197155004200495,
            0.0006656553894654462,
            0.00010077418183208034,
            0.0016067644510301701,
            -0.0003380393551263872,
            -0.000994242141722446,
            0.0009565208678522602,
            -0.000197511485924026,
            -0.005283475064443401,
            -0.0007829537202221859,
            -0.0001822882659693419,
            0.00015028507256969413,
            -0.0002461043493923742,
            0.0012823426721493404,
            -3.4931685824441395e-05
        ],
        [
            0.0010291542951608298,
            0.08641042960205318,
            0.007616928225767352,
            0.31482668753035215,
            0.008197155004200495,
            0.5546307125253503,
            0.19061313812043104,
            0.003363698833968257,
            -0.03466147301751798,
            -0.01765114683216218,
            0.025109541017301458,
            0.11819535692378515,
            -0.0168318477541122,
            -0.28218402411265664,
            -0.04666455216498476,
            0.04660089834990216,
            0.031320013824608674,
            -0.009540395387163489,
            0.05014733794331383,
            -0.0011126314487374517
        ],
        [
            0.17086556228965372,
            0.138199056018387,
            0.0007499435353378423,
            0.0452558084882767,
            0.0006656553894654462,
            0.19061313812043104,
            0.13304934166177068,
            0.000713972011725952,
            -0.023607412522165222,
            0.0021984607509734104,
            0.11677472993905341,
            0.08097900270928733,
            -0.00191608429724669,
            -0.06971425458728064,
            -0.010423854526134039,
            0.024789816857679853,
            0.022460516886616152,
            0.0073745683607095176,
            -0.04205141654346505,
            0.00014918640243108332
        ],
        [
            -0.005076288646668797,
            -0.0026913643755157902,
            6.343374282727434e-05,
            0.0028734451529791503,
            0.00010077418183208034,
            0.003363698833968257,
            0.000713972011725952,
            0.0001406080793133569,
            0.005312295215618981,
            0.0004210082908402184,
            0.0060794030380548385,
            0.0024548814431543,
            0.0002988268549650171,
            -0.0020471736539428398,
            -6.071984284531879e-05,
            -0.0001854060121525434,
            0.0012355621867645799,
            0.0005498778808909584,
            -0.0031544271765193348,
            -9.222530775775962e-06
        ],
        [
            -0.21139332398998195,
            -0.1363675435349345,
            9.453974240091174e-05,
            0.015968528271897812,
            0.0016067644510301701,
            -0.03466147301751798,
            -0.023607412522165222,
            0.005312295215618981,
            0.2593424299097965,
            0.026900957954335954,
            0.2867886378167,
            0.06792906875035677,
            0.023312657350852455,
            -0.009650272826713517,
            0.014274274797538428,
            -0.05969214794612054,
            0.025100063696784018,
            0.03182372157564935,
            -0.18200033408158867,
            -0.00012244522303397865
        ],
        [
            0.0013528897926471512,
            -0.0015447660416571041,
            -0.00044483126184401795,
            -0.015059109012914976,
            -0.0003380393551263872,
            -0.01765114683216218,
            0.0021984607509734104,
            0.0004210082908402184,
            0.026900957954335954,
            0.0044797567038603395,
            0.04527830638538761,
            0.010182439353574404,
            0.0033989327138684504,
            0.010202542152595863,
            0.003484099181091198,
            -0.0056105313751945276,
            0.003992102800348037,
            0.005110876032447766,
            -0.02886195975740224,
            9.263242230431867e-05
        ],
        [
            0.047818861801733316,
            0.03433286083697748,
            -0.0023679657462723825,
            -0.054953985701932724,
            -0.000994242141722446,
            0.025109541017301458,
            0.11677472993905341,
            0.0060794030380548385,
            0.2867886378167,
            0.04527830638538761,
            0.5499100603040621,
            0.18739923378885193,
            0.028300513867155288,
            0.02799094038906168,
            0.021405534076864838,
            0.007187752810014347,
            0.0926711083845307,
            0.05430230270655919,
            -0.30604765910192394,
            0.000915282668975513
        ],
        [
            0.023814550684147583,
            0.021753558628435414,
            0.0005273618038065025,
            0.042937370904499436,
            0.0009565208678522602,
            0.11819535692378515,
            0.08097900270928733,
            0.0024548814431543,
            0.06792906875035677,
            0.010182439353574404,
            0.18739923378885193,
            0.1318736062923351,
            -0.008301624366004082,
            0.02287367332169093,
            -0.003558197388941319,
            0.1728027585950221,
            0.13746669751871737,
            0.008512947536916586,
            -0.042329575518124295,
            0.0007642293135959678
        ],
        [
            -0.0015447156091520538,
            2.703044876397804e-05,
            -0.0003006204513511581,
            -0.012345274894266652,
            -0.000197511485924026,
            -0.0168318477541122,
            -0.00191608429724669,
            0.0002988268549650171,
            0.023312657350852455,
            0.0033989327138684504,
            0.028300513867155288,
            -0.008301624366004082,
            0.0065065122783979825,
            -0.010953020869980276,
            0.003089205745467034,
            -0.051049979613701356,
            -0.02712559777676759,
            0.0055423138185122225,
            -0.033093363401527694,
            -0.00012909101483971904
        ],
        [
            0.05843593975658746,
            -0.02367212346631422,
            -0.004729764223994409,
            -0.18054342410864382,
            -0.005283475064443401,
            -0.28218402411265664,
            -0.06971425458728064,
            -0.0020471736539428398,
            -0.009650272826713517,
            0.010202542152595863,
            0.02799094038906168,
            0.02287367332169093,
            -0.010953020869980276,
            0.2543074157585556,
            0.023669039557306395,
            0.21646724228419212,
            0.137348421186345,
            -0.002339511650555881,
            0.024626628936891264,
            0.0017351544399322727
        ],
        [
            0.005631559993524581,
            -0.0032459944107640177,
            -0.0007831571521818822,
            -0.030616439064840167,
            -0.0007829537202221859,
            -0.04666455216498476,
            -0.010423854526134039,
            -6.071984284531879e-05,
            0.014274274797538428,
            0.003484099181091198,
            0.021405534076864838,
            -0.003558197388941319,
            0.003089205745467034,
            0.023669039557306395,
            0.0050045522066060255,
            -0.008822754195996619,
            -0.0021884313836764858,
            0.0033958272783543913,
            -0.01901913598884357,
            0.00012088370632087085
        ],
        [
            7.492228044368528e-05,
            -0.033617121695567034,
            0.0001575364104394507,
            0.03006265348072831,
            -0.0001822882659693419,
            0.04660089834990216,
            0.024789816857679853,
            -0.0001854060121525434,
            -0.05969214794612054,
            -0.0056105313751945276,
            0.007187752810014347,
            0.1728027585950221,
            -0.051049979613701356,
            0.21646724228419212,
            -0.008822754195996619,
            0.5665349755827536,
            0.3562140863873096,
            -0.02689991408358768,
            0.17345533738935628,
            0.0022394864698001924
        ],
        [
            -0.031266798692323225,
            -0.04081142696200777,
            1.3350772826379361e-05,
            0.02088040818509434,
            0.00015028507256969413,
            0.031320013824608674,
            0.022460516886616152,
            0.0012355621867645799,
            0.025100063696784018,
            0.003992102800348037,
            0.0926711083845307,
            0.13746669751871737,
            -0.02712559777676759,
            0.137348421186345,
            -0.0021884313836764858,
            0.3562140863873096,
            0.2408134352011811,
            -0.008175462508207068,
            0.05968687228585121,
            0.0014801248466478367
        ],
        [
            0.005588249120887964,
            0.004018707661959995,
            -0.0003867172952705396,
            -0.012770291268870033,
            -0.0002461043493923742,
            -0.009540395387163489,
            0.0073745683607095176,
            0.0005498778808909584,
            0.03182372157564935,
            0.005110876032447766,
            0.05430230270655919,
            0.008512947536916586,
            0.0055423138185122225,
            -0.002339511650555881,
            0.0033958272783543913,
            -0.02689991408358768,
            -0.008175462508207068,
            0.006882625884069134,
            -0.03975718929926717,
            7.11873219848381e-06
        ],
        [
            -0.030045040705998935,
            -0.023890727287860597,
            0.0020989435201546865,
            0.06961633873400806,
            0.0012823426721493404,
            0.05014733794331383,
            -0.04205141654346505,
            -0.0031544271765193348,
            -0.18200033408158867,
            -0.02886195975740224,
            -0.30604765910192394,
            -0.042329575518124295,
            -0.033093363401527694,
            0.024626628936891264,
            -0.01901913598884357,
            0.17345533738935628,
            0.05968687228585121,
            -0.03975718929926717,
            0.23041951884224132,
            6.174185785819041e-05
        ],
        [
            0.0011600394738854392,
            0.00040109260194798183,
            -3.0837504758251455e-05,
            -0.0010666764837193071,
            -3.4931685824441395e-05,
            -0.0011126314487374517,
            0.00014918640243108332,
            -9.222530775775962e-06,
            -0.00012244522303397865,
            9.263242230431867e-05,
            0.000915282668975513,
            0.0007642293135959678,
            -0.00012909101483971904,
            0.0017351544399322727,
            0.00012088370632087085,
            0.0022394864698001924,
            0.0014801248466478367,
            7.11873219848381e-06,
            6.174185785819041e-05,
            1.560440326808635e-05
        ]
    ]
}