{
    "opt_E": -2.203696371092341,
    "HF_E": -2.1725995369815334,
    "B3LYP_E": -2.174754300410226,
    "sto-3G_E": -2.1606885432766973,
    "proj": [
        [
            0.5959640237456851,
            0.3749214009948105,
            0.04205346938992162,
            -0.1621657881618443,
            -0.013983761634856417,
            -0.04801715132419467,
            0.1577312223622498,
            0.06998607345164956,
            -0.18327682266964918,
            -0.0182349091363526,
            0.03436496108331441,
            0.01653233295044208,
            0.0011920213692235436,
            0.054179699440110515,
            0.0028609046082861953,
            0.0004105512280819378,
            -0.0238098925780084,
            0.007918363003123971,
            -0.03040291458344968,
            -0.001973251261684761
        ],
        [
            0.3749214009948105,
            0.2625911344465081,
            0.011152956484193993,
            -0.046891420993208505,
            -0.003947997478039657,
            0.08991190947722064,
            0.14675143624553416,
            0.03613760029149792,
            -0.12345059522080605,
            -0.011011029744063082,
            0.018707245637270813,
            0.023593850551509282,
            -0.0017147820504809501,
            -0.03219834327857063,
            -0.0016146866488469015,
            -0.031157240850048472,
            -0.0328107802522412,
            0.004860889212540769,
            -0.020573211786276913,
            -0.0013119380726951944
        ],
        [
            0.04205346938992162,
            0.011152956484193993,
            0.01342554833010912,
            -0.048439033139066216,
            -0.004260022917616321,
            -0.08150695339397956,
            -0.018038862804888197,
            0.010511692550265512,
            0.001620581607684895,
            -0.001097800418598586,
            0.016725827999724073,
            -0.012095803868451488,
            0.006593875632203889,
            0.030642678170486975,
            0.0014361470927082695,
            -0.006240639787273457,
            -0.004228899240930555,
            0.0046711713537245046,
            -0.020349425493020986,
            -0.0012231144633083001
        ],
        [
            -0.1621657881618443,
            -0.046891420993208505,
            -0.048439033139066216,
            0.1752486790852773,
            0.015398657206630325,
            0.2912623078220714,
            0.062069053193974585,
            -0.038561110559751394,
            0.0027053371568772373,
            0.004524604989469606,
            -0.05282071055030598,
            0.04242133804102988,
            -0.021749629996618586,
            -0.11552458341332453,
            -0.005495254996332242,
            0.014452110729377002,
            0.011962946414592475,
            -0.015029622741195616,
            0.06498886123678008,
            0.003916003213424423
        ],
        [
            -0.013983761634856417,
            -0.003947997478039657,
            -0.004260022917616321,
            0.015398657206630325,
            0.0013534528362840743,
            0.025671999225804352,
            0.005515379348387608,
            -0.0033788579068993446,
            -3.574721602816624e-05,
            0.00038068406569584737,
            -0.0049471894824761895,
            0.0037195117170419722,
            -0.0019688656517960444,
            -0.010028580688641141,
            -0.00047501425658362664,
            0.0014443367738684945,
            0.0011014053144648528,
            -0.0013824917240865937,
            0.005988656879505472,
            0.0003605651973677256
        ],
        [
            -0.04801715132419467,
            0.08991190947722064,
            -0.08150695339397956,
            0.2912623078220714,
            0.025671999225804352,
            0.6085599185478056,
            0.22959892867236206,
            -0.04336039996451861,
            -0.042506352192483436,
            0.002658020146623464,
            -0.008006192480662288,
            0.1262462797456323,
            -0.03959078542263385,
            -0.23363806645563312,
            -0.011149378856816024,
            0.035692113655301214,
            0.028311005088461752,
            -0.015103674153366001,
            0.06839803894489725,
            0.004070806913186969
        ],
        [
            0.1577312223622498,
            0.14675143624553416,
            -0.018038862804888197,
            0.062069053193974585,
            0.005515379348387608,
            0.22959892867236206,
            0.15255067591985436,
            0.008038265983011961,
            -0.02908926828584797,
            -0.0023690653813196374,
            0.0931330723873966,
            0.08381589303864392,
            -0.010404412326361502,
            -0.08086115550796034,
            -0.0038689462702768936,
            0.03032308020374273,
            0.025336063890727796,
            0.00840117965447119,
            -0.0320444385575554,
            -0.0019814735812474812
        ],
        [
            0.06998607345164956,
            0.03613760029149792,
            0.010511692550265512,
            -0.038561110559751394,
            -0.0033788579068993446,
            -0.04336039996451861,
            0.008038265983011961,
            0.012148998505909248,
            -0.003982438682062846,
            -0.001567511075765643,
            0.03332674214871002,
            0.004281582682928233,
            0.0039510845432665165,
            0.020946546659256954,
            0.0010169684597428814,
            0.005734788268358808,
            0.00416215872303741,
            0.005698729071153463,
            -0.02358713096645708,
            -0.0014320479376393278
        ],
        [
            -0.18327682266964918,
            -0.12345059522080605,
            0.001620581607684895,
            0.0027053371568772373,
            -3.574721602816624e-05,
            -0.042506352192483436,
            -0.02908926828584797,
            -0.003982438682062846,
            0.20193668836159023,
            0.012179737910063914,
            0.25967623443326937,
            0.05074026288850143,
            0.029255691589759606,
            -0.04285087749205988,
            -0.0028840690224583745,
            -0.02246115535167221,
            0.03004568868087056,
            0.0422660627843183,
            -0.18298020917010288,
            -0.010887393744900168
        ],
        [
            -0.0182349091363526,
            -0.011011029744063082,
            -0.001097800418598586,
            0.004524604989469606,
            0.00038068406569584737,
            0.002658020146623464,
            -0.0023690653813196374,
            -0.001567511075765643,
            0.012179737910063914,
            0.0008808857910570784,
            0.01160003024840401,
            0.0026375008723976295,
            0.0012412098955697773,
            -0.004889411346681555,
            -0.00028362102484474477,
            -0.001808113000988299,
            0.0013858639511066953,
            0.0018403518620265238,
            -0.00807484545772167,
            -0.00047743557115147443
        ],
        [
            0.03436496108331441,
            0.018707245637270813,
            0.016725827999724073,
            -0.05282071055030598,
            -0.0049471894824761895,
            -0.008006192480662288,
            0.0931330723873966,
            0.03332674214871002,
            0.25967623443326937,
            0.01160003024840401,
            0.5446038718469508,
            0.17023644895022916,
            0.03637811049801426,
            -0.030267673848480524,
            -0.0021866356224489346,
            0.07342791565865059,
            0.11540342164375901,
            0.07890187368103631,
            -0.3307820753992736,
            -0.019845794585996147
        ],
        [
            0.01653233295044208,
            0.023593850551509282,
            -0.012095803868451488,
            0.04242133804102988,
            0.0037195117170419722,
            0.1262462797456323,
            0.08381589303864392,
            0.004281582682928233,
            0.05074026288850143,
            0.0026375008723976295,
            0.17023644895022916,
            0.12762217474760199,
            -0.01925799546706204,
            0.02635067257542772,
            0.002076529384460924,
            0.18535563595429774,
            0.13330008896448395,
            0.00954186788871301,
            -0.026690163079445363,
            -0.0017141071174752978
        ],
        [
            0.0011920213692235436,
            -0.0017147820504809501,
            0.006593875632203889,
            -0.021749629996618586,
            -0.0019688656517960444,
            -0.03959078542263385,
            -0.010404412326361502,
            0.0039510845432665165,
            0.029255691589759606,
            0.0012412098955697773,
            0.03637811049801426,
            -0.01925799546706204,
            0.015561490625949406,
            -0.027413119872963736,
            -0.0018567416207040724,
            -0.07108187959208716,
            -0.03765088377285139,
            0.011971130629394195,
            -0.05632114598145675,
            -0.003327448069763111
        ],
        [
            0.054179699440110515,
            -0.03219834327857063,
            0.030642678170486975,
            -0.11552458341332453,
            -0.010028580688641141,
            -0.23363806645563312,
            -0.08086115550796034,
            0.020946546659256954,
            -0.04285087749205988,
            -0.004889411346681555,
            -0.030267673848480524,
            0.02635067257542772,
            -0.027413119872963736,
            0.24631554479694087,
            0.013705405772471889,
            0.2607296705997611,
            0.1455575732779881,
            -0.02095200432866076,
            0.10801372640285671,
            0.006299756218090803
        ],
        [
            0.0028609046082861953,
            -0.0016146866488469015,
            0.0014361470927082695,
            -0.005495254996332242,
            -0.00047501425658362664,
            -0.011149378856816024,
            -0.0038689462702768936,
            0.0010169684597428814,
            -0.0028840690224583745,
            -0.00028362102484474477,
            -0.0021866356224489346,
            0.002076529384460924,
            -0.0018567416207040724,
            0.013705405772471889,
            0.0007716773529021755,
            0.015797784525765923,
            0.008821236763043966,
            -0.0013792962326487788,
            0.007018556259347205,
            0.0004101095565973285
        ],
        [
            0.0004105512280819378,
            -0.031157240850048472,
            -0.006240639787273457,
            0.014452110729377002,
            0.0014443367738684945,
            0.035692113655301214,
            0.03032308020374273,
            0.005734788268358808,
            -0.02246115535167221,
            -0.001808113000988299,
            0.07342791565865059,
            0.18535563595429774,
            -0.07108187959208716,
            0.2607296705997611,
            0.015797784525765923,
            0.5238845216354846,
            0.320701133619399,
            -0.03064770425599338,
            0.16899563853333985,
            0.009800787913806983
        ],
        [
            -0.0238098925780084,
            -0.0328107802522412,
            -0.004228899240930555,
            0.011962946414592475,
            0.0011014053144648528,
            0.028311005088461752,
            0.025336063890727796,
            0.00416215872303741,
            0.03004568868087056,
            0.0013858639511066953,
            0.11540342164375901,
            0.13330008896448395,
            -0.03765088377285139,
            0.1455575732779881,
            0.008821236763043966,
            0.320701133619399,
            0.20704439708267716,
            -0.008021912881673142,
            0.057554027048929486,
            0.003259272694889837
        ],
        [
            0.007918363003123971,
            0.004860889212540769,
            0.0046711713537245046,
            -0.015029622741195616,
            -0.0013824917240865937,
            -0.015103674153366001,
            0.00840117965447119,
            0.005698729071153463,
            0.0422660627843183,
            0.0018403518620265238,
            0.07890187368103631,
            0.00954186788871301,
            0.011971130629394195,
            -0.02095200432866076,
            -0.0013792962326487788,
            -0.03064770425599338,
            -0.008021912881673142,
            0.014952077899465066,
            -0.06596776111464256,
            -0.003930954908882498
        ],
        [
            -0.03040291458344968,
            -0.020573211786276913,
            -0.020349425493020986,
            0.06498886123678008,
            0.005988656879505472,
            0.06839803894489725,
            -0.0320444385575554,
            -0.02358713096645708,
            -0.18298020917010288,
            -0.00807484545772167,
            -0.3307820753992736,
            -0.026690163079445363,
            -0.05632114598145675,
            0.10801372640285671,
            0.007018556259347205,
            0.16899563853333985,
            0.057554027048929486,
            -0.06596776111464256,
            0.29354416829259433,
            0.01747138189490607
        ],
        [
            -0.001973251261684761,
            -0.0013119380726951944,
            -0.0012231144633083001,
            0.003916003213424423,
            0.0003605651973677256,
            0.004070806913186969,
            -0.0019814735812474812,
            -0.0014320479376393278,
            -0.010887393744900168,
            -0.00047743557115147443,
            -0.019845794585996147,
            -0.0017141071174752978,
            -0.003327448069763111,
            0.006299756218090803,
            0.0004101095565973285,
            0.009800787913806983,
            0.003259272694889837,
            -0.003930954908882498,
            0.01747138189490607,
            0.0010400701493546735
        ]
    ]
}