{
    "opt_E": -2.192143822148552,
    "HF_E": -2.160680375973423,
    "B3LYP_E": -2.162791211977088,
    "sto-3G_E": -2.1438935562968924,
    "proj": [
        [
            0.5622289723355708,
            0.3628252356883279,
            -0.01363303852873335,
            -0.1731757619655741,
            -0.032779972291098136,
            0.004122270441083132,
            0.17148524355851855,
            -0.02109195223597208,
            -0.2076596235574708,
            -0.06634080509508523,
            0.03442007513370559,
            0.02653951703973782,
            -0.004984289736575321,
            0.04935021734989184,
            -0.003323575635049483,
            -0.0008495379643280438,
            -0.030715646590148044,
            0.006595673532957954,
            -0.021687986278794452,
            -0.004902386131920898
        ],
        [
            0.3628252356883279,
            0.24942471913704148,
            -0.005020934895579247,
            -0.06584853216002653,
            -0.01074396693746526,
            0.08674389651890763,
            0.13912686967840074,
            -0.010926948007854842,
            -0.13232651559911104,
            -0.03573001413139922,
            0.03063345080221088,
            0.024817427913613598,
            0.00041426955111921216,
            -0.024903179491532878,
            0.004204290234341133,
            -0.03306011571904323,
            -0.03829018113947616,
            0.005766211091344749,
            -0.022502430357046063,
            -0.003876859381238228
        ],
        [
            -0.01363303852873335,
            -0.005020934895579247,
            0.001570097478832268,
            0.018849969419195606,
            0.004208067443424597,
            0.02538942174763677,
            0.003429123492225155,
            0.0012686487812268985,
            0.00018729574349873247,
            0.0047388744740900985,
            -0.006297529763506286,
            0.0024247252772934516,
            -0.0009478815944253425,
            -0.014064748574317505,
            0.003728604564351221,
            0.0012917249419850695,
            0.0009554469860573963,
            -0.0019869730529476475,
            0.006076736273482405,
            0.0011991439772994186
        ],
        [
            -0.1731757619655741,
            -0.06584853216002653,
            0.018849969419195606,
            0.22829054363218707,
            0.050670168250528086,
            0.3079615613073027,
            0.04466269379480436,
            0.015587304677582707,
            0.021919878232094556,
            0.054452543376905665,
            -0.04472881177062287,
            0.04028704577015135,
            -0.009445598337197507,
            -0.16830872286466517,
            0.0428859835433514,
            0.0196447559985811,
            0.01928689117057629,
            -0.019192925420398844,
            0.05711285059136132,
            0.011558277190339928
        ],
        [
            -0.032779972291098136,
            -0.01074396693746526,
            0.004208067443424597,
            0.050670168250528086,
            0.011347980654722083,
            0.07093545193636785,
            0.0119136351840811,
            0.0033181646125823062,
            0.00042861117533993904,
            0.012120604225350625,
            -0.013300382009523002,
            0.009029819129971712,
            -0.002744790480476179,
            -0.03754190510461588,
            0.010284186177408382,
            0.006225967756327871,
            0.004620455733486498,
            -0.005052894572730802,
            0.015372079324197374,
            0.0030199564768089893
        ],
        [
            0.004122270441083132,
            0.08674389651890763,
            0.02538942174763677,
            0.3079615613073027,
            0.07093545193636785,
            0.5599053770731871,
            0.19206335716243192,
            0.01611836265047085,
            -0.03159630406648025,
            0.050489849516833524,
            0.0247363221018735,
            0.11498376552789392,
            -0.013118987515186507,
            -0.27325294104241404,
            0.06835256417454456,
            0.03506933053945484,
            0.030375014611213367,
            -0.01668276116391641,
            0.042333709813467235,
            0.009482567435028686
        ],
        [
            0.17148524355851855,
            0.13912686967840074,
            0.003429123492225155,
            0.04466269379480436,
            0.0119136351840811,
            0.19206335716243192,
            0.13293289783174886,
            -0.001201437543381587,
            -0.02657632448303901,
            -0.014099992200749976,
            0.11013720295835573,
            0.08100029706123395,
            -0.0012270507598557785,
            -0.06697555290887977,
            0.016084219502635236,
            0.02934950296082471,
            0.02573539847029044,
            0.009971817420426287,
            -0.03808366040920204,
            -0.006651331005515415
        ],
        [
            -0.02109195223597208,
            -0.010926948007854842,
            0.0012686487812268985,
            0.015587304677582707,
            0.0033181646125823062,
            0.01611836265047085,
            -0.001201437543381587,
            0.001291674715114336,
            0.006575328443085171,
            0.004132951496176073,
            -0.0018926673506615918,
            0.000846135358242532,
            0.000215671467576638,
            -0.011414731923413099,
            0.001880315247351049,
            -0.0026556071598199575,
            -0.0004856676571048568,
            -0.000634633601965994,
            0.0015941204711079587,
            0.00042913392280203547
        ],
        [
            -0.2076596235574708,
            -0.13232651559911104,
            0.00018729574349873247,
            0.021919878232094556,
            0.00042861117533993904,
            -0.03159630406648025,
            -0.02657632448303901,
            0.006575328443085171,
            0.2373347819255222,
            -0.013925147668282909,
            0.27611431894361105,
            0.06247379801664369,
            0.03133344478185547,
            -0.009436192668689074,
            -0.031372156108431956,
            -0.04449604388756145,
            0.025814398347623706,
            0.05035956667743161,
            -0.17229726415689745,
            -0.02976305982472168
        ],
        [
            -0.06634080509508523,
            -0.03573001413139922,
            0.0047388744740900985,
            0.054452543376905665,
            0.012120604225350625,
            0.050489849516833524,
            -0.014099992200749976,
            0.004132951496176073,
            -0.013925147668282909,
            0.020756641295962316,
            -0.06917748510683962,
            -0.014559363917107923,
            -0.005548041965858102,
            -0.03464043050827394,
            0.0121635039523616,
            0.000687405658218675,
            -0.005237994258457829,
            -0.01327144609978779,
            0.04368914350973554,
            0.008100829558425999
        ],
        [
            0.03442007513370559,
            0.03063345080221088,
            -0.006297529763506286,
            -0.04472881177062287,
            -0.013300382009523002,
            0.0247363221018735,
            0.11013720295835573,
            -0.0018926673506615918,
            0.27611431894361105,
            -0.06917748510683962,
            0.5504481156368601,
            0.18409979243323013,
            0.03946997576301181,
            0.02229494061319908,
            -0.04238834596398521,
            0.021488094567621942,
            0.09337789945938722,
            0.08891710054386401,
            -0.3026450600423284,
            -0.05402218962268888
        ],
        [
            0.02653951703973782,
            0.024817427913613598,
            0.0024247252772934516,
            0.04028704577015135,
            0.009029819129971712,
            0.11498376552789392,
            0.08100029706123395,
            0.000846135358242532,
            0.06247379801664369,
            -0.014559363917107923,
            0.18409979243323013,
            0.12938238096900648,
            -0.012098281215356145,
            0.023964709871542863,
            0.01418844818328286,
            0.17471351800369136,
            0.13661820640687597,
            0.012030550962667627,
            -0.038585323697182754,
            -0.008732436527594903
        ],
        [
            -0.004984289736575321,
            0.00041426955111921216,
            -0.0009478815944253425,
            -0.009445598337197507,
            -0.002744790480476179,
            -0.013118987515186507,
            -0.0012270507598557785,
            0.000215671467576638,
            0.03133344478185547,
            -0.005548041965858102,
            0.03946997576301181,
            -0.012098281215356145,
            0.013858426380353063,
            -0.02372764690316489,
            -0.011983956383257116,
            -0.07554955681144844,
            -0.04146745531149255,
            0.01343608336159672,
            -0.047771234697365515,
            -0.00753060435286643
        ],
        [
            0.04935021734989184,
            -0.024903179491532878,
            -0.014064748574317505,
            -0.16830872286466517,
            -0.03754190510461588,
            -0.27325294104241404,
            -0.06697555290887977,
            -0.011414731923413099,
            -0.009436192668689074,
            -0.03464043050827394,
            0.02229494061319908,
            0.023964709871542863,
            -0.02372764690316489,
            0.2369610032029587,
            -0.014772346216873754,
            0.21534718853210819,
            0.13330896666518688,
            -0.00596069982743889,
            0.034780748350979565,
            0.002031355144189134
        ],
        [
            -0.003323575635049483,
            0.004204290234341133,
            0.003728604564351221,
            0.0428859835433514,
            0.010284186177408382,
            0.06835256417454456,
            0.016084219502635236,
            0.001880315247351049,
            -0.031372156108431956,
            0.0121635039523616,
            -0.04238834596398521,
            0.01418844818328286,
            -0.011983956383257116,
            -0.014772346216873754,
            0.016864973274481353,
            0.05389795791033533,
            0.028416548934376663,
            -0.013837273359196338,
            0.04690265303712755,
            0.007920540628029164
        ],
        [
            -0.0008495379643280438,
            -0.03306011571904323,
            0.0012917249419850695,
            0.0196447559985811,
            0.006225967756327871,
            0.03506933053945484,
            0.02934950296082471,
            -0.0026556071598199575,
            -0.04449604388756145,
            0.000687405658218675,
            0.021488094567621942,
            0.17471351800369136,
            -0.07554955681144844,
            0.21534718853210819,
            0.05389795791033533,
            0.5543211997934281,
            0.3523038120961577,
            -0.04499676503845578,
            0.16972932352403364,
            0.022936344913992598
        ],
        [
            -0.030715646590148044,
            -0.03829018113947616,
            0.0009554469860573963,
            0.01928689117057629,
            0.004620455733486498,
            0.030375014611213367,
            0.02573539847029044,
            -0.0004856676571048568,
            0.025814398347623706,
            -0.005237994258457829,
            0.09337789945938722,
            0.13661820640687597,
            -0.04146745531149255,
            0.13330896666518688,
            0.028416548934376663,
            0.3523038120961577,
            0.23772471838820802,
            -0.01565543867394585,
            0.06353996150467801,
            0.006792760821779133
        ],
        [
            0.006595673532957954,
            0.005766211091344749,
            -0.0019869730529476475,
            -0.019192925420398844,
            -0.005052894572730802,
            -0.01668276116391641,
            0.009971817420426287,
            -0.000634633601965994,
            0.05035956667743161,
            -0.01327144609978779,
            0.08891710054386401,
            0.012030550962667627,
            0.01343608336159672,
            -0.00596069982743889,
            -0.013837273359196338,
            -0.04499676503845578,
            -0.01565543867394585,
            0.019171392030819214,
            -0.06621150756830045,
            -0.011251627010890776
        ],
        [
            -0.021687986278794452,
            -0.022502430357046063,
            0.006076736273482405,
            0.05711285059136132,
            0.015372079324197374,
            0.042333709813467235,
            -0.03808366040920204,
            0.0015941204711079587,
            -0.17229726415689745,
            0.04368914350973554,
            -0.3026450600423284,
            -0.038585323697182754,
            -0.047771234697365515,
            0.034780748350979565,
            0.04690265303712755,
            0.16972932352403364,
            0.06353996150467801,
            -0.06621150756830045,
            0.2295519951238307,
            0.038756443769077754
        ],
        [
            -0.004902386131920898,
            -0.003876859381238228,
            0.0011991439772994186,
            0.011558277190339928,
            0.0030199564768089893,
            0.009482567435028686,
            -0.006651331005515415,
            0.00042913392280203547,
            -0.02976305982472168,
            0.008100829558425999,
            -0.05402218962268888,
            -0.008732436527594903,
            -0.00753060435286643,
            0.002031355144189134,
            0.007920540628029164,
            0.022936344913992598,
            0.006792760821779133,
            -0.011251627010890776,
            0.038756443769077754,
            0.0066321091201652456
        ]
    ]
}