{
    "opt_E": -2.194382559663659,
    "HF_E": -2.161962330367831,
    "B3LYP_E": -2.164966311224947,
    "sto-3G_E": -2.1374844224928164,
    "proj": [
        [
            0.6008848851790146,
            0.38580677439547134,
            0.02247784567008707,
            -0.14726340079148778,
            0.04740924272783105,
            -0.047316517522182994,
            0.14386150658512378,
            0.05568251888917087,
            -0.16734529576471685,
            0.08311527987182397,
            0.019897064117213474,
            0.026721849648858875,
            0.018407928545555077,
            0.05663051442172217,
            0.010815551903386632,
            0.0012191961131112314,
            -0.025895747612989316,
            0.0039783444482786555,
            -0.010938231326206681,
            0.0027395723262440704
        ],
        [
            0.38580677439547134,
            0.27219740655500985,
            0.005243312381475714,
            -0.046943059622028986,
            0.013262683003965083,
            0.08229376605678437,
            0.1382583744907364,
            0.02461703323683181,
            -0.11846775193947505,
            0.04362295207605387,
            0.015724001011192146,
            0.028618384319607615,
            -0.005139152259289834,
            -0.027723768732982577,
            -0.00019660482056543699,
            -0.031335795849020645,
            -0.038193118226933796,
            0.0013759572967566606,
            -0.010719561273548834,
            0.0014481340407705248
        ],
        [
            0.02247784567008707,
            0.005243312381475714,
            0.005214613092684117,
            -0.026467955941454385,
            0.00967991587442497,
            -0.04959479962167302,
            -0.01266588205103691,
            0.00966561482103592,
            0.006815073232844963,
            0.008506253052961404,
            0.013703800263431922,
            -0.004272138958457755,
            0.011024264955602742,
            0.022018790190535206,
            0.005540286431435609,
            -0.005203977659577073,
            -0.001381773876609299,
            0.0025069472710175446,
            -0.012080492100922612,
            0.0019523818902017335
        ],
        [
            -0.14726340079148778,
            -0.046943059622028986,
            -0.026467955941454385,
            0.1402433719941742,
            -0.050077209933274205,
            0.2550877982091039,
            0.0626636453406611,
            -0.043773780714569874,
            -0.001911119816291483,
            -0.043732528603659164,
            -0.025217473054890496,
            0.031564761767366833,
            -0.05085119289142193,
            -0.12014705000534652,
            -0.025136115218475093,
            0.011011229817277167,
            0.006419520949584096,
            -0.008564190794535775,
            0.03300535116200563,
            -0.006122783471226774
        ],
        [
            0.04740924272783105,
            0.013262683003965083,
            0.00967991587442497,
            -0.050077209933274205,
            0.018120740044371485,
            -0.0923679536012751,
            -0.022999570731359817,
            0.01715888227334445,
            0.007428149615489951,
            0.015938215697035813,
            0.01868463556902357,
            -0.009275286242944067,
            0.019629726573317772,
            0.04223343448322533,
            0.009794922892462565,
            -0.0069709170400553055,
            -0.00229220616412483,
            0.00400486891081888,
            -0.017994496112047897,
            0.0030332491644946154
        ],
        [
            -0.047316517522182994,
            0.08229376605678437,
            -0.04959479962167302,
            0.2550877982091039,
            -0.0923679536012751,
            0.583239779632257,
            0.23282360791906628,
            -0.06230788406282093,
            -0.051470553630452824,
            -0.055193276060849825,
            0.026692497206736287,
            0.11592486264387558,
            -0.10371237757249753,
            -0.25337367000026906,
            -0.050278479299354376,
            0.031043738689456046,
            0.017914849125502848,
            -0.011988222283620282,
            0.033093373155997245,
            -0.007558251376456852
        ],
        [
            0.14386150658512378,
            0.1382583744907364,
            -0.01266588205103691,
            0.0626636453406611,
            -0.022999570731359817,
            0.23282360791906628,
            0.1494086409596715,
            0.0032123027211513767,
            -0.028846027695321075,
            0.006737194836086518,
            0.09730389727820793,
            0.08861865612413505,
            -0.031370697479826126,
            -0.08156243252942395,
            -0.014860985663976534,
            0.03138535713225078,
            0.025589478622004926,
            0.0022874529841082516,
            -0.02702735438841921,
            0.0030214438350593255
        ],
        [
            0.05568251888917087,
            0.02461703323683181,
            0.00966561482103592,
            -0.043773780714569874,
            0.01715888227334445,
            -0.06230788406282093,
            0.0032123027211513767,
            0.029480835642528316,
            0.04185645706918269,
            0.021785703747520486,
            0.10088665913197077,
            0.02294293284230365,
            0.02380740961290817,
            0.029522187512441487,
            0.012367717958935041,
            -0.011881985484192312,
            0.007680439751779162,
            0.010518787925550064,
            -0.06160336800499682,
            0.008967096546957562
        ],
        [
            -0.16734529576471685,
            -0.11846775193947505,
            0.006815073232844963,
            -0.001911119816291483,
            0.007428149615489951,
            -0.051470553630452824,
            -0.028846027695321075,
            0.04185645706918269,
            0.19419405744558257,
            0.007446879425561845,
            0.2696075917190871,
            0.06256688054033864,
            0.04023706614281518,
            0.0030379613361545205,
            0.021278740622884627,
            -0.0459429707234143,
            0.025981122191855697,
            0.025348772541802494,
            -0.1625811053638132,
            0.02246795701890679
        ],
        [
            0.08311527987182397,
            0.04362295207605387,
            0.008506253052961404,
            -0.043732528603659164,
            0.015938215697035813,
            -0.055193276060849825,
            0.006737194836086518,
            0.021785703747520486,
            0.007446879425561845,
            0.020215663514238386,
            0.05150580689399269,
            0.011419441722309104,
            0.016659509551299252,
            0.03054030169356824,
            0.008515773549377126,
            -0.0017319354525726963,
            0.004222138152342257,
            0.005861654213296555,
            -0.031475984600861776,
            0.004822769409773581
        ],
        [
            0.019897064117213474,
            0.015724001011192146,
            0.013703800263431922,
            -0.025217473054890496,
            0.01868463556902357,
            0.026692497206736287,
            0.09730389727820793,
            0.10088665913197077,
            0.2696075917190871,
            0.05150580689399269,
            0.5660903793033262,
            0.19873954438705985,
            0.05734885854549092,
            0.00616222064218802,
            0.03021360356006444,
            0.0007248714771205283,
            0.09519573995504821,
            0.047646358070153993,
            -0.30209359790170787,
            0.04225791833927793
        ],
        [
            0.026721849648858875,
            0.028618384319607615,
            -0.004272138958457755,
            0.031564761767366833,
            -0.009275286242944067,
            0.11592486264387558,
            0.08861865612413505,
            0.02294293284230365,
            0.06256688054033864,
            0.011419441722309104,
            0.19873954438705985,
            0.13460223186613554,
            -0.012243770649866125,
            0.02203628893049545,
            -0.009418276729082027,
            0.16411079190306802,
            0.1347803703813227,
            0.008759425118327242,
            -0.05031817636217145,
            0.007693125680958205
        ],
        [
            0.018407928545555077,
            -0.005139152259289834,
            0.011024264955602742,
            -0.05085119289142193,
            0.019629726573317772,
            -0.10371237757249753,
            -0.031370697479826126,
            0.02380740961290817,
            0.04023706614281518,
            0.016659509551299252,
            0.05734885854549092,
            -0.012243770649866125,
            0.029362796178594663,
            0.02796608312043297,
            0.015848123832514344,
            -0.0532036361814622,
            -0.023404872268971793,
            0.009077458765351149,
            -0.053359740666905846,
            0.007666835889279495
        ],
        [
            0.05663051442172217,
            -0.027723768732982577,
            0.022018790190535206,
            -0.12014705000534652,
            0.04223343448322533,
            -0.25337367000026906,
            -0.08156243252942395,
            0.029522187512441487,
            0.0030379613361545205,
            0.03054030169356824,
            0.00616222064218802,
            0.02203628893049545,
            0.02796608312043297,
            0.20773727530366864,
            0.007278939930385108,
            0.21901174079765792,
            0.14090626871356726,
            -0.0011724336011111013,
            0.04524604586645783,
            -0.003312621095312156
        ],
        [
            0.010815551903386632,
            -0.00019660482056543699,
            0.005540286431435609,
            -0.025136115218475093,
            0.009794922892462565,
            -0.050278479299354376,
            -0.014860985663976534,
            0.012367717958935041,
            0.021278740622884627,
            0.008515773549377126,
            0.03021360356006444,
            -0.009418276729082027,
            0.015848123832514344,
            0.007278939930385108,
            0.008920249905229499,
            -0.04158181915520386,
            -0.021051891503516957,
            0.0051512696903297335,
            -0.03184276423535562,
            0.004441601442355554
        ],
        [
            0.0012191961131112314,
            -0.031335795849020645,
            -0.005203977659577073,
            0.011011229817277167,
            -0.0069709170400553055,
            0.031043738689456046,
            0.03138535713225078,
            -0.011881985484192312,
            -0.0459429707234143,
            -0.0017319354525726963,
            0.0007248714771205283,
            0.16411079190306802,
            -0.0532036361814622,
            0.21901174079765792,
            -0.04158181915520386,
            0.5696489131916022,
            0.3610360497364768,
            -0.020158233359900534,
            0.17075143977741356,
            -0.019921435401302184
        ],
        [
            -0.025895747612989316,
            -0.038193118226933796,
            -0.001381773876609299,
            0.006419520949584096,
            -0.00229220616412483,
            0.017914849125502848,
            0.025589478622004926,
            0.007680439751779162,
            0.025981122191855697,
            0.004222138152342257,
            0.09519573995504821,
            0.1347803703813227,
            -0.023404872268971793,
            0.14090626871356726,
            -0.021051891503516957,
            0.3610360497364768,
            0.24630300013515122,
            -0.004721317250483948,
            0.057092737314998254,
            -0.005489292897675828
        ],
        [
            0.0039783444482786555,
            0.0013759572967566606,
            0.0025069472710175446,
            -0.008564190794535775,
            0.00400486891081888,
            -0.011988222283620282,
            0.0022874529841082516,
            0.010518787925550064,
            0.025348772541802494,
            0.005861654213296555,
            0.047646358070153993,
            0.008759425118327242,
            0.009077458765351149,
            -0.0011724336011111013,
            0.0051512696903297335,
            -0.020158233359900534,
            -0.004721317250483948,
            0.005027844603581712,
            -0.03235621038592067,
            0.004458557990272501
        ],
        [
            -0.010938231326206681,
            -0.010719561273548834,
            -0.012080492100922612,
            0.03300535116200563,
            -0.017994496112047897,
            0.033093373155997245,
            -0.02702735438841921,
            -0.06160336800499682,
            -0.1625811053638132,
            -0.031475984600861776,
            -0.30209359790170787,
            -0.05031817636217145,
            -0.053359740666905846,
            0.04524604586645783,
            -0.03184276423535562,
            0.17075143977741356,
            0.057092737314998254,
            -0.03235621038592067,
            0.21512832095937323,
            -0.029104181941048607
        ],
        [
            0.0027395723262440704,
            0.0014481340407705248,
            0.0019523818902017335,
            -0.006122783471226774,
            0.0030332491644946154,
            -0.007558251376456852,
            0.0030214438350593255,
            0.008967096546957562,
            0.02246795701890679,
            0.004822769409773581,
            0.04225791833927793,
            0.007693125680958205,
            0.007666835889279495,
            -0.003312621095312156,
            0.004441601442355554,
            -0.019921435401302184,
            -0.005489292897675828,
            0.004458557990272501,
            -0.029104181941048607,
            0.003978994493805092
        ]
    ]
}