{
    "opt_E": -2.1815608770056487,
    "HF_E": -2.152543590380432,
    "B3LYP_E": -2.153765486726825,
    "sto-3G_E": -2.1439437472063068,
    "proj": [
        [
            0.5295367773921593,
            0.33651724756169393,
            -0.026676169394302608,
            -0.1765855210189154,
            0.030589259070220427,
            0.049002923274822634,
            0.18474716229594917,
            -0.03401809686663459,
            -0.24027784374815697,
            0.056775816931508905,
            0.03689700971894447,
            0.03052721562984924,
            0.0016856883319579443,
            0.02575408803930456,
            0.0007639355642178499,
            0.0017932588075150451,
            -0.025770720761375085,
            0.00534009221043172,
            -0.02740643153373381,
            0.00011652787148944971
        ],
        [
            0.33651724756169393,
            0.22541170398269175,
            -0.010787249225913526,
            -0.07008899918716736,
            0.011398413845573548,
            0.0987882119495388,
            0.1386964886092711,
            -0.019246276160034725,
            -0.14021421195929454,
            0.030731168398201787,
            0.03614205138639028,
            0.025048031719114232,
            -0.0021646475011616287,
            -0.0351068051513986,
            -0.004430668721789551,
            -0.029677165383319135,
            -0.0314495884416194,
            0.0046741573805923,
            -0.03383363432701027,
            -0.0010715160493096534
        ],
        [
            -0.026676169394302608,
            -0.010787249225913526,
            0.006242787156760945,
            0.042839083898851625,
            -0.008280043350096435,
            0.04862216863904936,
            0.004037873678993245,
            0.001484691592392159,
            0.009558059845224969,
            -0.008203769292469474,
            -0.009895789116957038,
            0.005823668589425336,
            -0.006783274407356032,
            -0.023557136190403272,
            -0.0026272674024627285,
            0.0017378570290688246,
            0.002830031477991685,
            -0.0024614698824019345,
            0.013167747271457175,
            0.0007937425697406886
        ],
        [
            -0.1765855210189154,
            -0.07008899918716736,
            0.042839083898851625,
            0.2943761985077739,
            -0.05696070279876119,
            0.3387202579239495,
            0.032240414555003545,
            0.010014071314984609,
            0.06392610585356205,
            -0.055616596229205034,
            -0.06256201391062113,
            0.046107033333093864,
            -0.04767633789283304,
            -0.15708577582720393,
            -0.01785026184827305,
            0.024110355890853006,
            0.027074463723843967,
            -0.017106946016019486,
            0.09244961893958455,
            0.00565260729545411
        ],
        [
            0.030589259070220427,
            0.011398413845573548,
            -0.008280043350096435,
            -0.05696070279876119,
            0.011088428507917601,
            -0.0670542565505959,
            -0.007153322112522546,
            -0.0013382839994463306,
            -0.00853932510360878,
            0.010792738659093555,
            0.01587700307804342,
            -0.008758023090857258,
            0.009914258261608046,
            0.029400433268583975,
            0.003413557736349043,
            -0.006214072463907547,
            -0.005539227915661475,
            0.003795192682842308,
            -0.021436213889227618,
            -0.0013435723474458615
        ],
        [
            0.049002923274822634,
            0.0987882119495388,
            0.04862216863904936,
            0.3387202579239495,
            -0.0670542565505959,
            0.5519953879198571,
            0.17556777102329174,
            0.0017322928002839163,
            -0.006458589054185546,
            -0.04518343097342652,
            0.00568536901967537,
            0.1111873795252343,
            -0.06438179983180074,
            -0.23494814910323467,
            -0.027764452637847256,
            0.04098335148862348,
            0.03717526073764348,
            -0.015201597287786046,
            0.06930827364205427,
            0.005113778066256414
        ],
        [
            0.18474716229594917,
            0.1386964886092711,
            0.004037873678993245,
            0.032240414555003545,
            -0.007153322112522546,
            0.17556777102329174,
            0.12625454433990424,
            -0.0028823582726822477,
            -0.034794277441478325,
            0.012232191546913013,
            0.10456709219237058,
            0.07206672415086841,
            -0.010540393109565085,
            -0.05907588533441029,
            -0.007927450349215713,
            0.03327827273317976,
            0.025686438976755557,
            0.005406521607447514,
            -0.04532061501449642,
            -0.002085166829541958
        ],
        [
            -0.03401809686663459,
            -0.019246276160034725,
            0.001484691592392159,
            0.010014071314984609,
            -0.0013382839994463306,
            0.0017322928002839163,
            -0.0028823582726822477,
            0.006133298555580281,
            0.03854774547430572,
            -0.0007161496024615154,
            0.041776796076261474,
            0.009815098230025465,
            0.004153751652858164,
            -0.010512730895823033,
            -0.0008258855067205773,
            -0.0019260182423525968,
            0.005930900462794139,
            0.004108367456526006,
            -0.03058877024287911,
            -0.002115906091188106
        ],
        [
            -0.24027784374815697,
            -0.14021421195929454,
            0.009558059845224969,
            0.06392610585356205,
            -0.00853932510360878,
            -0.006458589054185546,
            -0.034794277441478325,
            0.03854774547430572,
            0.24463731641849037,
            -0.007358337436598948,
            0.24254838560936856,
            0.05221905855897025,
            0.025967036181460765,
            -0.05918087270239084,
            -0.004323096253577449,
            -0.0142334192790671,
            0.03478953169913144,
            0.024196233559295514,
            -0.18012125771710524,
            -0.012619496167241272
        ],
        [
            0.056775816931508905,
            0.030731168398201787,
            -0.008203769292469474,
            -0.055616596229205034,
            0.010792738659093555,
            -0.04518343097342652,
            0.012232191546913013,
            -0.0007161496024615154,
            -0.007358337436598948,
            0.013837293537507346,
            0.0440078860921502,
            0.0060721968741701045,
            0.009625618402249696,
            0.023957417240114853,
            0.002523529691589043,
            0.003990936834753486,
            0.002874312463193782,
            0.005685612285624886,
            -0.0353215510817096,
            -0.002106037511525862
        ],
        [
            0.03689700971894447,
            0.03614205138639028,
            -0.009895789116957038,
            -0.06256201391062113,
            0.01587700307804342,
            0.00568536901967537,
            0.10456709219237058,
            0.041776796076261474,
            0.24254838560936856,
            0.0440078860921502,
            0.5252553928679652,
            0.16471708205091695,
            0.04646638477608618,
            -0.015021650301162297,
            -0.0021252477502091013,
            0.08599267162796874,
            0.11143789573564514,
            0.048592975486352205,
            -0.341734199017442,
            -0.021783233881825185
        ],
        [
            0.03052721562984924,
            0.025048031719114232,
            0.005823668589425336,
            0.046107033333093864,
            -0.008758023090857258,
            0.1111873795252343,
            0.07206672415086841,
            0.009815098230025465,
            0.05221905855897025,
            0.0060721968741701045,
            0.16471708205091695,
            0.11979167395735095,
            -0.012715782292178401,
            0.03652263341811671,
            -0.00040526264301519506,
            0.18607176355811889,
            0.13183837367059292,
            0.0039024049262129774,
            -0.02413013590151391,
            -0.0007267023852899604
        ],
        [
            0.0016856883319579443,
            -0.0021646475011616287,
            -0.006783274407356032,
            -0.04767633789283304,
            0.009914258261608046,
            -0.06438179983180074,
            -0.010540393109565085,
            0.004153751652858164,
            0.025967036181460765,
            0.009625618402249696,
            0.04646638477608618,
            -0.012715782292178401,
            0.0163134283728981,
            -0.000583228652634105,
            0.0013140807945189836,
            -0.04456187429156479,
            -0.022986357694456148,
            0.008766993163306381,
            -0.06042576470088014,
            -0.0041201925404501715
        ],
        [
            0.02575408803930456,
            -0.0351068051513986,
            -0.023557136190403272,
            -0.15708577582720393,
            0.029400433268583975,
            -0.23494814910323467,
            -0.05907588533441029,
            -0.010512730895823033,
            -0.05918087270239084,
            0.023957417240114853,
            -0.015021650301162297,
            0.03652263341811671,
            -0.000583228652634105,
            0.2678697265180896,
            0.02287195834782505,
            0.2639548550518395,
            0.14798228024580123,
            -0.00994436888341235,
            0.10692062406034686,
            0.007887693377071615
        ],
        [
            0.0007639355642178499,
            -0.004430668721789551,
            -0.0026272674024627285,
            -0.01785026184827305,
            0.003413557736349043,
            -0.027764452637847256,
            -0.007927450349215713,
            -0.0008258855067205773,
            -0.004323096253577449,
            0.002523529691589043,
            -0.0021252477502091013,
            -0.00040526264301519506,
            0.0013140807945189836,
            0.02287195834782505,
            0.0021265189482929285,
            0.016223049349751814,
            0.008640662592430005,
            -0.0004042832895292425,
            0.006115758782228847,
            0.00044542237344832305
        ],
        [
            0.0017932588075150451,
            -0.029677165383319135,
            0.0017378570290688246,
            0.024110355890853006,
            -0.006214072463907547,
            0.04098335148862348,
            0.03327827273317976,
            -0.0019260182423525968,
            -0.0142334192790671,
            0.003990936834753486,
            0.08599267162796874,
            0.18607176355811889,
            -0.04456187429156479,
            0.2639548550518395,
            0.016223049349751814,
            0.5117116892249052,
            0.31697613689584553,
            -0.02029450097689027,
            0.17420520190289382,
            0.013224661841539156
        ],
        [
            -0.025770720761375085,
            -0.0314495884416194,
            0.002830031477991685,
            0.027074463723843967,
            -0.005539227915661475,
            0.03717526073764348,
            0.025686438976755557,
            0.005930900462794139,
            0.03478953169913144,
            0.002874312463193782,
            0.11143789573564514,
            0.13183837367059292,
            -0.022986357694456148,
            0.14798228024580123,
            0.008640662592430005,
            0.31697613689584553,
            0.20520569253281856,
            -0.00711886741023462,
            0.06723072602112072,
            0.005456967642836563
        ],
        [
            0.00534009221043172,
            0.0046741573805923,
            -0.0024614698824019345,
            -0.017106946016019486,
            0.003795192682842308,
            -0.015201597287786046,
            0.005406521607447514,
            0.004108367456526006,
            0.024196233559295514,
            0.005685612285624886,
            0.048592975486352205,
            0.0039024049262129774,
            0.008766993163306381,
            -0.00994436888341235,
            -0.0004042832895292425,
            -0.02029450097689027,
            -0.00711886741023462,
            0.006445003981741708,
            -0.04605095185614268,
            -0.0030585450555703584
        ],
        [
            -0.02740643153373381,
            -0.03383363432701027,
            0.013167747271457175,
            0.09244961893958455,
            -0.021436213889227618,
            0.06930827364205427,
            -0.04532061501449642,
            -0.03058877024287911,
            -0.18012125771710524,
            -0.0353215510817096,
            -0.341734199017442,
            -0.02413013590151391,
            -0.06042576470088014,
            0.10692062406034686,
            0.006115758782228847,
            0.17420520190289382,
            0.06723072602112072,
            -0.04605095185614268,
            0.33426413371912994,
            0.022317717250885095
        ],
        [
            0.00011652787148944971,
            -0.0010715160493096534,
            0.0007937425697406886,
            0.00565260729545411,
            -0.0013435723474458615,
            0.005113778066256414,
            -0.002085166829541958,
            -0.002115906091188106,
            -0.012619496167241272,
            -0.002106037511525862,
            -0.021783233881825185,
            -0.0007267023852899604,
            -0.0041201925404501715,
            0.007887693377071615,
            0.00044542237344832305,
            0.013224661841539156,
            0.005456967642836563,
            -0.0030585450555703584,
            0.022317717250885095,
            0.0015030035581650922
        ]
    ]
}