{
    "opt_E": -2.2232704505620005,
    "HF_E": -2.190980831870041,
    "B3LYP_E": -2.193554692228548,
    "sto-3G_E": -2.1803961116926898,
    "proj": [
        [
            0.5988142093450924,
            0.3637348967170606,
            -0.0038102520710964808,
            -0.1531502049589005,
            0.05370976531900083,
            -0.037743836488291264,
            0.1553419223121595,
            0.002323260519347454,
            -0.20400996387922546,
            0.10062591595629276,
            0.024988982847065112,
            0.023574673924750635,
            0.008662733198949342,
            0.04448733955850209,
            0.011955586098724677,
            -0.005149371139203286,
            -0.02333583850559187,
            -0.0030592362392152252,
            -0.01712412566202018,
            0.004549505310198266
        ],
        [
            0.3637348967170606,
            0.24830592556105613,
            -0.0014501497943058205,
            -0.037481994278033726,
            0.010928393404412796,
            0.10353664694803097,
            0.14434018503165574,
            -0.0029977689923590947,
            -0.12640175235093531,
            0.046082461637847176,
            0.007909385385172744,
            0.027384286598125647,
            -0.004303674648693001,
            -0.02917393721203337,
            -0.005651172925247976,
            -0.023262458633689122,
            -0.029577050363977567,
            -0.0006716335658808674,
            -0.004941015131492918,
            0.0013542165309212491
        ],
        [
            -0.0038102520710964808,
            -0.0014501497943058205,
            5.934667721145246e-05,
            0.00267925458826068,
            -0.0009753757506623042,
            0.0043387571429977945,
            0.0009879502231141292,
            -1.872449446499972e-06,
            0.002046135842943095,
            -0.0008813965023341772,
            0.0017373802727255877,
            0.0011512569400471057,
            -0.0003843470316637503,
            -0.0021073517113516776,
            -0.0003799044574384881,
            -0.00032219047713148295,
            0.00025247096222648076,
            -0.00014226372431192674,
            -0.0007484317875707573,
            5.693071096673221e-05
        ],
        [
            -0.1531502049589005,
            -0.037481994278033726,
            0.00267925458826068,
            0.15874020205609563,
            -0.06117208230470818,
            0.2795440728646135,
            0.06437641346225868,
            -0.012073767562572798,
            0.034073269886932864,
            -0.06031108123937717,
            -0.04393419944868949,
            0.030606183255464228,
            -0.016958752882758575,
            -0.10348820799543046,
            -0.035852582922377176,
            0.018541387370920346,
            0.004945790386419903,
            0.008968044552361838,
            0.04522851380697556,
            -0.007430005628902342
        ],
        [
            0.05370976531900083,
            0.010928393404412796,
            -0.0009753757506623042,
            -0.06117208230470818,
            0.023807079720886668,
            -0.10949303708336267,
            -0.02550469198923339,
            0.005447668582431548,
            -0.007179463802581834,
            0.02370460202808712,
            0.026444708797424672,
            -0.009793868051196739,
            0.006060382011911167,
            0.03801775110987569,
            0.014790291340760115,
            -0.010861422786130252,
            -0.001996308280198175,
            -0.004659499272368622,
            -0.023624016613372142,
            0.0036029001190023492
        ],
        [
            -0.037743836488291264,
            0.10353664694803097,
            0.0043387571429977945,
            0.2795440728646135,
            -0.10949303708336267,
            0.6177105948026507,
            0.23754078297357678,
            -0.021815025752230145,
            -0.004195073879646677,
            -0.07817107126601046,
            -0.026489236387135188,
            0.1043349464841255,
            -0.03553253371628539,
            -0.21708974403978304,
            -0.07164775238709958,
            0.03851237059835285,
            0.010557528650600912,
            0.012616402132546625,
            0.06197696318342953,
            -0.010542679719347208
        ],
        [
            0.1553419223121595,
            0.14434018503165574,
            0.0009879502231141292,
            0.06437641346225868,
            -0.02550469198923339,
            0.23754078297357678,
            0.15598707370791606,
            -0.000938492229906953,
            -0.021554993316069262,
            0.008518867358317637,
            0.09418606311734246,
            0.08782432767675903,
            -0.013021952750255552,
            -0.07638294491264098,
            -0.01989684465269894,
            0.023885645310043595,
            0.022976242593269528,
            -0.005188871315745804,
            -0.028476071742021946,
            0.0032005868532327124
        ],
        [
            0.002323260519347454,
            -0.0029977689923590947,
            -1.872449446499972e-06,
            -0.012073767562572798,
            0.005447668582431548,
            -0.021815025752230145,
            -0.000938492229906953,
            0.004061738754458855,
            0.017598205300588164,
            0.007989546448268459,
            0.04494970680799882,
            0.011528765194089489,
            -3.428058533559653e-05,
            0.003068137147599601,
            0.005577284568960015,
            -0.005673809605972396,
            0.005742585640388694,
            -0.005170456497585465,
            -0.02660235498621533,
            0.0034059487449861455
        ],
        [
            -0.20400996387922546,
            -0.12640175235093531,
            0.002046135842943095,
            0.034073269886932864,
            -0.007179463802581834,
            -0.004195073879646677,
            -0.021554993316069262,
            0.017598205300588164,
            0.16662090931884743,
            -0.005074386863133456,
            0.22841096960082619,
            0.06595748786002267,
            -0.010357755796906131,
            -0.041272874988567194,
            0.015223461144451958,
            -0.03855612973272001,
            0.031060049402095957,
            -0.025576022040947596,
            -0.13159420859483625,
            0.015479439897846756
        ],
        [
            0.10062591595629276,
            0.046082461637847176,
            -0.0008813965023341772,
            -0.06031108123937717,
            0.02370460202808712,
            -0.07817107126601046,
            0.008518867358317637,
            0.007989546448268459,
            -0.005074386863133456,
            0.03319442552676835,
            0.07557013821278039,
            0.017220673728576517,
            0.004131335619690904,
            0.028374540475471974,
            0.014553170212882414,
            -0.0049172973001691345,
            0.008879204705915985,
            -0.008911210460727317,
            -0.04587874088451866,
            0.0064608721310542285
        ],
        [
            0.024988982847065112,
            0.007909385385172744,
            0.0017373802727255877,
            -0.04393419944868949,
            0.026444708797424672,
            -0.026489236387135188,
            0.09418606311734246,
            0.04494970680799882,
            0.22841096960082619,
            0.07557013821278039,
            0.5953794715101958,
            0.2171584706200791,
            -0.010889340834297217,
            -0.02747461700519603,
            0.040704249022115745,
            -0.00358200313414627,
            0.11557414995949947,
            -0.0611380713603049,
            -0.31580187317619507,
            0.03975720504202754
        ],
        [
            0.023574673924750635,
            0.027384286598125647,
            0.0011512569400471057,
            0.030606183255464228,
            -0.009793868051196739,
            0.1043349464841255,
            0.08782432767675903,
            0.011528765194089489,
            0.06595748786002267,
            0.017220673728576517,
            0.2171584706200791,
            0.1465738108642696,
            0.0035976084051807054,
            0.02176874256941801,
            -0.00819734806607833,
            0.16730865861348318,
            0.14136137240340693,
            -0.011309083301072578,
            -0.05908312062399146,
            0.008110408626393508
        ],
        [
            0.008662733198949342,
            -0.004303674648693001,
            -0.0003843470316637503,
            -0.016958752882758575,
            0.006060382011911167,
            -0.03553253371628539,
            -0.013021952750255552,
            -3.428058533559653e-05,
            -0.010357755796906131,
            0.004131335619690904,
            -0.010889340834297217,
            0.0035976084051807054,
            0.006677398993809332,
            0.035435572286666134,
            0.00022944870287628798,
            0.04741626440547811,
            0.02651665296773523,
            0.00335275852122678,
            0.01747988636086152,
            -0.0016768156356455183
        ],
        [
            0.04448733955850209,
            -0.02917393721203337,
            -0.0021073517113516776,
            -0.10348820799543046,
            0.03801775110987569,
            -0.21708974403978304,
            -0.07638294491264098,
            0.003068137147599601,
            -0.041272874988567194,
            0.028374540475471974,
            -0.02747461700519603,
            0.02176874256941801,
            0.035435572286666134,
            0.19104732021028192,
            0.007050666805339007,
            0.23842228329523718,
            0.13927755157902982,
            0.013599465508421919,
            0.07125744822554744,
            -0.006164034031435593
        ],
        [
            0.011955586098724677,
            -0.005651172925247976,
            -0.0003799044574384881,
            -0.035852582922377176,
            0.014790291340760115,
            -0.07164775238709958,
            -0.01989684465269894,
            0.005577284568960015,
            0.015223461144451958,
            0.014553170212882414,
            0.040704249022115745,
            -0.00819734806607833,
            0.00022944870287628798,
            0.007050666805339007,
            0.01310783492680206,
            -0.04134937200397291,
            -0.0162642082065158,
            -0.007381032619293123,
            -0.03777455253399918,
            0.004838916743750059
        ],
        [
            -0.005149371139203286,
            -0.023262458633689122,
            -0.00032219047713148295,
            0.018541387370920346,
            -0.010861422786130252,
            0.03851237059835285,
            0.023885645310043595,
            -0.005673809605972396,
            -0.03855612973272001,
            -0.0049172973001691345,
            -0.00358200313414627,
            0.16730865861348318,
            0.04741626440547811,
            0.23842228329523718,
            -0.04134937200397291,
            0.5761023875370445,
            0.3456918326720951,
            0.033487033164793595,
            0.17269922161995818,
            -0.018019874164952532
        ],
        [
            -0.02333583850559187,
            -0.029577050363977567,
            0.00025247096222648076,
            0.004945790386419903,
            -0.001996308280198175,
            0.010557528650600912,
            0.022976242593269528,
            0.005742585640388694,
            0.031060049402095957,
            0.008879204705915985,
            0.11557414995949947,
            0.14136137240340693,
            0.02651665296773523,
            0.13927755157902982,
            -0.0162642082065158,
            0.3456918326720951,
            0.23190154248479894,
            0.00794303724046461,
            0.0409670152497019,
            -0.0029805672830578293
        ],
        [
            -0.0030592362392152252,
            -0.0006716335658808674,
            -0.00014226372431192674,
            0.008968044552361838,
            -0.004659499272368622,
            0.012616402132546625,
            -0.005188871315745804,
            -0.005170456497585465,
            -0.025576022040947596,
            -0.008911210460727317,
            -0.0611380713603049,
            -0.011309083301072578,
            0.00335275852122678,
            0.013599465508421919,
            -0.007381032619293123,
            0.033487033164793595,
            0.00794303724046461,
            0.008278615596246175,
            0.042706108242606844,
            -0.005198921174456819
        ],
        [
            -0.01712412566202018,
            -0.004941015131492918,
            -0.0007484317875707573,
            0.04522851380697556,
            -0.023624016613372142,
            0.06197696318342953,
            -0.028476071742021946,
            -0.02660235498621533,
            -0.13159420859483625,
            -0.04587874088451866,
            -0.31580187317619507,
            -0.05908312062399146,
            0.01747988636086152,
            0.07125744822554744,
            -0.03777455253399918,
            0.17269922161995818,
            0.0409670152497019,
            0.042706108242606844,
            0.22032393576382128,
            -0.026812532626661247
        ],
        [
            0.004549505310198266,
            0.0013542165309212491,
            5.693071096673221e-05,
            -0.007430005628902342,
            0.0036029001190023492,
            -0.010542679719347208,
            0.0032005868532327124,
            0.0034059487449861455,
            0.015479439897846756,
            0.0064608721310542285,
            0.03975720504202754,
            0.008110408626393508,
            -0.0016768156356455183,
            -0.006164034031435593,
            0.004838916743750059,
            -0.018019874164952532,
            -0.0029805672830578293,
            -0.005198921174456819,
            -0.026812532626661247,
            0.0033061766417476685
        ]
    ]
}