{
    "opt_E": -2.158680803169405,
    "HF_E": -2.129062088453877,
    "B3LYP_E": -2.130455437825763,
    "sto-3G_E": -2.1030689323730516,
    "proj": [
        [
            0.5505854009817024,
            0.3533367685260111,
            0.05938224864861044,
            -0.17428761542440135,
            0.005902944928696796,
            0.023893438509846075,
            0.17064885947418965,
            0.10743389565196558,
            -0.20737185752218423,
            -0.0003283684858148619,
            0.027962231664389863,
            0.03741700070503795,
            0.013662134308709177,
            0.03094467999569107,
            0.0021769521008621544,
            -0.001949435577189868,
            -0.027496476965679802,
            0.0031891275242254794,
            -0.0163574084464054,
            -0.007164700196050403
        ],
        [
            0.3533367685260111,
            0.24000814771171844,
            0.021245972504722235,
            -0.06914452273793635,
            0.002880306214453694,
            0.09073021330367452,
            0.133855549335507,
            0.05747823334642849,
            -0.13094309669956136,
            -5.8550563204793885e-05,
            0.029305931570987785,
            0.029866761215857046,
            -0.001925534594520341,
            -0.03401948466729764,
            0.0023714976742569534,
            -0.03115154442783438,
            -0.03390346790758106,
            0.0020755338071432425,
            -0.02506606242991102,
            -0.006898547366349094
        ],
        [
            0.05938224864861044,
            0.021245972504722235,
            0.03716738975230193,
            -0.09158346523358277,
            0.002159971097185679,
            -0.1205418673909387,
            -0.017957383667614832,
            0.03903407416563293,
            0.002790756607328665,
            -0.005484369452213384,
            0.025089147622094292,
            -0.012606392570121094,
            0.026421167229576967,
            0.0630017778828328,
            -0.018129451386485446,
            -0.008607939248341417,
            -0.007717462450102887,
            0.004349805395904534,
            -0.029730474465764902,
            -0.013452032681374635
        ],
        [
            -0.17428761542440135,
            -0.06914452273793635,
            -0.09158346523358277,
            0.2310099959972219,
            -0.0055204474527690926,
            0.29539902905787885,
            0.04108317254942536,
            -0.09284792316200535,
            0.028493828053172996,
            0.00935932345300731,
            -0.02034407961636701,
            0.038129431793831686,
            -0.06125456862778511,
            -0.15974264827506876,
            0.03697344777858617,
            0.015457307263439628,
            0.02134560598853457,
            -0.007924693881727207,
            0.04259985222389492,
            0.022888199535552364
        ],
        [
            0.005902944928696796,
            0.002880306214453694,
            0.002159971097185679,
            -0.0055204474527690926,
            0.0001400501329652064,
            -0.005971777631139927,
            -3.9059914675991056e-05,
            0.0024532287910362196,
            -0.0012442172779279905,
            -0.00022518872424908442,
            0.0010157931743999427,
            -0.0003374777310587713,
            0.0013276876407674182,
            0.0036831441065424612,
            -0.0007196796822275259,
            0.00022882383556796298,
            -0.00015785766088158222,
            0.0001941706857617329,
            -0.0010328455957444105,
            -0.0005424819341024675
        ],
        [
            0.023893438509846075,
            0.09073021330367452,
            -0.1205418673909387,
            0.29539902905787885,
            -0.005971777631139927,
            0.5319608148758832,
            0.1836864507020127,
            -0.08486597578554592,
            -0.03687618638668544,
            0.010106568124654021,
            0.04880122217509733,
            0.10929496757773742,
            -0.09333261444246749,
            -0.2569387959190748,
            0.057779458814713316,
            0.035966315205702926,
            0.03445358481285165,
            -0.0077969419631537945,
            0.02340013454169763,
            0.021475226768905294
        ],
        [
            0.17064885947418965,
            0.133855549335507,
            -0.017957383667614832,
            0.04108317254942536,
            -3.9059914675991056e-05,
            0.1836864507020127,
            0.12226193916515439,
            0.01774478900449193,
            -0.0360633343832953,
            -0.002733033258127117,
            0.09594757151170172,
            0.07407615072751766,
            -0.021936138831180636,
            -0.06247782915909724,
            0.014450446791000751,
            0.04021452124526438,
            0.02891973019775634,
            0.0023231356004785046,
            -0.033076512960550974,
            -0.007872996810881659
        ],
        [
            0.10743389565196558,
            0.05747823334642849,
            0.03903407416563293,
            -0.09284792316200535,
            0.0024532287910362196,
            -0.08486597578554592,
            0.01774478900449193,
            0.05643535694948798,
            0.020505585836229884,
            -0.011035843224838403,
            0.09874979211671578,
            0.01744756306939358,
            0.027607675790232714,
            0.05346102945297226,
            -0.022826574839518717,
            0.002753470230409876,
            0.005188437336276372,
            0.008360036321090603,
            -0.0717648777814005,
            -0.02725761522149563
        ],
        [
            -0.20737185752218423,
            -0.13094309669956136,
            0.002790756607328665,
            0.028493828053172996,
            -0.0012442172779279905,
            -0.03687618638668544,
            -0.0360633343832953,
            0.020505585836229884,
            0.23780765733640036,
            -0.026765255523794537,
            0.26505807358524086,
            0.046428474092558396,
            0.02716751319117155,
            -0.006122277768519735,
            -0.048055630617687056,
            -0.013909456457874825,
            0.030258584960600025,
            0.017709118377461038,
            -0.18832548507852215,
            -0.0640471885873368
        ],
        [
            -0.0003283684858148619,
            -5.8550563204793885e-05,
            -0.005484369452213384,
            0.00935932345300731,
            -0.00022518872424908442,
            0.010106568124654021,
            -0.002733033258127117,
            -0.011035843224838403,
            -0.026765255523794537,
            0.004614860945545122,
            -0.04471763227956775,
            -0.007595102942048135,
            -0.0065448776796952395,
            -0.001635613615666205,
            0.009104602375749053,
            0.006837594615828116,
            -0.00034767364877306164,
            -0.0032852853646816306,
            0.03388330501400874,
            0.011680931725871715
        ],
        [
            0.027962231664389863,
            0.029305931570987785,
            0.025089147622094292,
            -0.02034407961636701,
            0.0010157931743999427,
            0.04880122217509733,
            0.09594757151170172,
            0.09874979211671578,
            0.26505807358524086,
            -0.04471763227956775,
            0.5105325653316991,
            0.15950188316818872,
            0.036194458891985366,
            0.00892322014182176,
            -0.0578426424319136,
            0.07192453718377545,
            0.09859136438215323,
            0.030780101857510508,
            -0.3103702847169591,
            -0.1061258068067126
        ],
        [
            0.03741700070503795,
            0.029866761215857046,
            -0.012606392570121094,
            0.038129431793831686,
            -0.0003374777310587713,
            0.10929496757773742,
            0.07407615072751766,
            0.01744756306939358,
            0.046428474092558396,
            -0.007595102942048135,
            0.15950188316818872,
            0.11414985707215757,
            -0.014908786372142747,
            0.033876882101796485,
            0.021930381242519326,
            0.18074634989844243,
            0.12927437436056533,
            0.004044184531495247,
            -0.022369727725351042,
            -0.008647341911288003
        ],
        [
            0.013662134308709177,
            -0.001925534594520341,
            0.026421167229576967,
            -0.06125456862778511,
            0.0013276876407674182,
            -0.09333261444246749,
            -0.021936138831180636,
            0.027607675790232714,
            0.02716751319117155,
            -0.0065448776796952395,
            0.036194458891985366,
            -0.014908786372142747,
            0.022786750350309887,
            0.03345897486483937,
            -0.021591640336328575,
            -0.03237126181034824,
            -0.018455041437078445,
            0.0049878875695495515,
            -0.045358107853505254,
            -0.017354793962168193
        ],
        [
            0.03094467999569107,
            -0.03401948466729764,
            0.0630017778828328,
            -0.15974264827506876,
            0.0036831441065424612,
            -0.2569387959190748,
            -0.06247782915909724,
            0.05346102945297226,
            -0.006122277768519735,
            -0.001635613615666205,
            0.00892322014182176,
            0.033876882101796485,
            0.03345897486483937,
            0.2511189558861942,
            0.014566468204739587,
            0.23511386418205107,
            0.14180152947216618,
            -0.00013599156912328912,
            0.07417879848786073,
            0.013262480285348988
        ],
        [
            0.0021769521008621544,
            0.0023714976742569534,
            -0.018129451386485446,
            0.03697344777858617,
            -0.0007196796822275259,
            0.057779458814713316,
            0.014450446791000751,
            -0.022826574839518717,
            -0.048055630617687056,
            0.009104602375749053,
            -0.0578426424319136,
            0.021930381242519326,
            -0.021591640336328575,
            0.014566468204739587,
            0.031771397226370866,
            0.08978266334835588,
            0.05050419908748805,
            -0.00707297331835244,
            0.08168110543129521,
            0.02750065258147572
        ],
        [
            -0.001949435577189868,
            -0.03115154442783438,
            -0.008607939248341417,
            0.015457307263439628,
            0.00022882383556796298,
            0.035966315205702926,
            0.04021452124526438,
            0.002753470230409876,
            -0.013909456457874825,
            0.006837594615828116,
            0.07192453718377545,
            0.18074634989844243,
            -0.03237126181034824,
            0.23511386418205107,
            0.08978266334835588,
            0.5188836330553859,
            0.33151931825094305,
            -0.008658273721842795,
            0.17472469422804424,
            0.04958872825791512
        ],
        [
            -0.027496476965679802,
            -0.03390346790758106,
            -0.007717462450102887,
            0.02134560598853457,
            -0.00015785766088158222,
            0.03445358481285165,
            0.02891973019775634,
            0.005188437336276372,
            0.030258584960600025,
            -0.00034767364877306164,
            0.09859136438215323,
            0.12927437436056533,
            -0.018455041437078445,
            0.14180152947216618,
            0.05050419908748805,
            0.33151931825094305,
            0.21902354381859188,
            -0.0023943419490505967,
            0.07689741998497195,
            0.020258966915629787
        ],
        [
            0.0031891275242254794,
            0.0020755338071432425,
            0.004349805395904534,
            -0.007924693881727207,
            0.0001941706857617329,
            -0.0077969419631537945,
            0.0023231356004785046,
            0.008360036321090603,
            0.017709118377461038,
            -0.0032852853646816306,
            0.030780101857510508,
            0.004044184531495247,
            0.0049878875695495515,
            -0.00013599156912328912,
            -0.00707297331835244,
            -0.008658273721842795,
            -0.0023943419490505967,
            0.002383418418657092,
            -0.02505879564940529,
            -0.008583603608250018
        ],
        [
            -0.0163574084464054,
            -0.02506606242991102,
            -0.029730474465764902,
            0.04259985222389492,
            -0.0010328455957444105,
            0.02340013454169763,
            -0.033076512960550974,
            -0.0717648777814005,
            -0.18832548507852215,
            0.03388330501400874,
            -0.3103702847169591,
            -0.022369727725351042,
            -0.045358107853505254,
            0.07417879848786073,
            0.08168110543129521,
            0.17472469422804424,
            0.07689741998497195,
            -0.02505879564940529,
            0.2856205123031832,
            0.0943812091699578
        ],
        [
            -0.007164700196050403,
            -0.006898547366349094,
            -0.013452032681374635,
            0.022888199535552364,
            -0.0005424819341024675,
            0.021475226768905294,
            -0.007872996810881659,
            -0.02725761522149563,
            -0.0640471885873368,
            0.011680931725871715,
            -0.1061258068067126,
            -0.008647341911288003,
            -0.017354793962168193,
            0.013262480285348988,
            0.02750065258147572,
            0.04958872825791512,
            0.020258966915629787,
            -0.008583603608250018,
            0.0943812091699578,
            0.03173775268907088
        ]
    ]
}