{
    "opt_E": -2.1969530292897583,
    "HF_E": -2.1671545624485677,
    "B3LYP_E": -2.168524467949198,
    "sto-3G_E": -2.1576407513243208,
    "proj": [
        [
            0.5284643422647418,
            0.33509185226487714,
            -0.02450643554668984,
            -0.1787627234554469,
            -0.012068835437707618,
            0.05181790134975472,
            0.18425171285350048,
            -0.04027792169131362,
            -0.24888801322397971,
            -0.002548724998015699,
            0.034916371164789115,
            0.031191850520061,
            -0.0017114894112688433,
            0.02199832357685963,
            0.0007826437480582469,
            -0.00243184084539379,
            -0.027290461655496548,
            0.003323899967935611,
            -0.022449535067907703,
            0.006913323371544182
        ],
        [
            0.33509185226487714,
            0.2236266455983928,
            -0.0090871976763813,
            -0.0680463156185101,
            -0.005643385282110183,
            0.10334220430221658,
            0.13824397514473868,
            -0.02141131478973061,
            -0.14530434244022566,
            -0.002930855359759841,
            0.03213153934699448,
            0.026318870161342496,
            0.0017967015908852283,
            -0.031387762918867426,
            -0.008361110986799768,
            -0.028808208573709748,
            -0.030318735379664192,
            0.0032857995018661513,
            -0.025455217697020402,
            0.004873344805595325
        ],
        [
            -0.02450643554668984,
            -0.0090871976763813,
            0.00633140610234143,
            0.04375015641092576,
            0.001950176375832861,
            0.049985945290449085,
            0.004961633735324683,
            0.00523969954982679,
            0.010511082601016035,
            -0.0047142600514051515,
            -0.012808042315387472,
            0.004612764170513834,
            -0.0004926290061290025,
            -0.021980859804825018,
            -0.01171060201308058,
            0.0028520375057633626,
            0.0027669019946757164,
            -0.0022854228760568183,
            0.012944758861630393,
            -0.003532840460920985
        ],
        [
            -0.1787627234554469,
            -0.0680463156185101,
            0.04375015641092576,
            0.3035743302270883,
            0.013706603701601648,
            0.3448827655418035,
            0.03517361306720876,
            0.03636197680398221,
            0.08800468522995288,
            -0.028201761695320356,
            -0.06476885296176307,
            0.03846631711548334,
            -0.002111422197195774,
            -0.15484756757024296,
            -0.07762756845852309,
            0.018547617756415887,
            0.022398436755655192,
            -0.013499686307049742,
            0.07423705717573766,
            -0.02151556485987542
        ],
        [
            -0.012068835437707618,
            -0.005643385282110183,
            0.001950176375832861,
            0.013706603701601648,
            0.0006738765361182839,
            0.01341773640687666,
            -5.649180590534993e-05,
            0.0018082312814529874,
            0.006832258704574883,
            -0.0007431833008915595,
            -0.001165984206441859,
            0.0010988808164185883,
            0.00020128453745595686,
            -0.0077314358933016115,
            -0.002633051498884123,
            -0.0015788568865150862,
            -6.497442834192175e-06,
            -0.0002802693286472014,
            0.0012154975040809804,
            -0.0005818880664927753
        ],
        [
            0.05181790134975472,
            0.10334220430221658,
            0.049985945290449085,
            0.3448827655418035,
            0.01341773640687666,
            0.5553934085782051,
            0.17883529911165785,
            0.028724838866215133,
            0.014487057547943572,
            -0.03110245538874772,
            -0.001790976451430225,
            0.10121036697100204,
            -0.000852335804674533,
            -0.2259879199806386,
            -0.10765670384752186,
            0.02916423343168756,
            0.029639855169202672,
            -0.011520690387098713,
            0.05303114190753318,
            -0.01943228103661956
        ],
        [
            0.18425171285350048,
            0.13824397514473868,
            0.004961633735324683,
            0.03517361306720876,
            -5.649180590534993e-05,
            0.17883529911165785,
            0.12790717287748818,
            -0.006972963202217587,
            -0.03570002088259052,
            0.0062994552367062594,
            0.10536320666992988,
            0.07595798629766039,
            0.00175607162788131,
            -0.05362692276887907,
            -0.02140990633930672,
            0.03270654181570743,
            0.028592106667836948,
            0.005254831965166934,
            -0.041387480736948305,
            0.006638791724446023
        ],
        [
            -0.04027792169131362,
            -0.02141131478973061,
            0.00523969954982679,
            0.03636197680398221,
            0.0018082312814529874,
            0.028724838866215133,
            -0.006972963202217587,
            0.005378802207184539,
            0.015566280751641383,
            -0.0039815251386549465,
            -0.016822114725954546,
            -0.002190815999463569,
            -0.00019969449871942832,
            -0.016527968323714986,
            -0.007768034486712348,
            -0.0027775538007538876,
            -0.0008305356425517493,
            -0.002004200140027132,
            0.011861215758113787,
            -0.00313823845100864
        ],
        [
            -0.24888801322397971,
            -0.14530434244022566,
            0.010511082601016035,
            0.08800468522995288,
            0.006832258704574883,
            0.014487057547943572,
            -0.03570002088259052,
            0.015566280751641383,
            0.22936313354476928,
            0.042481805841314946,
            0.2245172072537609,
            0.05786918317475489,
            0.014451390861494634,
            -0.057650242538003015,
            0.027254941307002428,
            -0.023870395518286198,
            0.033556848358415776,
            0.02179733778101776,
            -0.146193098166202,
            0.026235043819786474
        ],
        [
            -0.002548724998015699,
            -0.002930855359759841,
            -0.0047142600514051515,
            -0.028201761695320356,
            -0.0007431833008915595,
            -0.03110245538874772,
            0.0062994552367062594,
            -0.0039815251386549465,
            0.042481805841314946,
            0.01908731578360658,
            0.09731877759713319,
            0.022753056665629972,
            0.005038199028426826,
            0.0033953235731616666,
            0.019478446196100983,
            -0.005943394958522061,
            0.009716177334586422,
            0.010034487836289852,
            -0.06521822037530386,
            0.013167506178135401
        ],
        [
            0.034916371164789115,
            0.03213153934699448,
            -0.012808042315387472,
            -0.06476885296176307,
            -0.001165984206441859,
            -0.001790976451430225,
            0.10536320666992988,
            -0.016822114725954546,
            0.2245172072537609,
            0.09731877759713319,
            0.5568371186161262,
            0.18506368986394794,
            0.02257514677291413,
            -0.0132641697752833,
            0.0694645654120417,
            0.048097151525402344,
            0.10692885828227082,
            0.04989387318371828,
            -0.3295805119760445,
            0.06535844478124848
        ],
        [
            0.031191850520061,
            0.026318870161342496,
            0.004612764170513834,
            0.03846631711548334,
            0.0010988808164185883,
            0.10121036697100204,
            0.07595798629766039,
            -0.002190815999463569,
            0.05786918317475489,
            0.022753056665629972,
            0.18506368986394794,
            0.1281115054758544,
            -0.005344548918680316,
            0.03382243510076486,
            -0.014582534951142258,
            0.180744886633359,
            0.13640049321151881,
            0.005825876935633178,
            -0.04025707184085642,
            0.009196226574047136
        ],
        [
            -0.0017114894112688433,
            0.0017967015908852283,
            -0.0004926290061290025,
            -0.002111422197195774,
            0.00020128453745595686,
            -0.000852335804674533,
            0.00175607162788131,
            -0.00019969449871942832,
            0.014451390861494634,
            0.005038199028426826,
            0.02257514677291413,
            -0.005344548918680316,
            0.004283064722913059,
            -0.021350061532546157,
            0.007722699462870864,
            -0.04029458305138821,
            -0.02093523619981113,
            0.004334862793757079,
            -0.02925361428976092,
            0.005057268377351465
        ],
        [
            0.02199832357685963,
            -0.031387762918867426,
            -0.021980859804825018,
            -0.15484756757024296,
            -0.0077314358933016115,
            -0.2259879199806386,
            -0.05362692276887907,
            -0.016527968323714986,
            -0.057650242538003015,
            0.0033953235731616666,
            -0.0132641697752833,
            0.03382243510076486,
            -0.021350061532546157,
            0.226100699704749,
            0.012737476803869186,
            0.2495687184072428,
            0.1407290691529471,
            -0.010815952184805149,
            0.08497540582034357,
            -0.008350412082306915
        ],
        [
            0.0007826437480582469,
            -0.008361110986799768,
            -0.01171060201308058,
            -0.07762756845852309,
            -0.002633051498884123,
            -0.10765670384752186,
            -0.02140990633930672,
            -0.007768034486712348,
            0.027254941307002428,
            0.019478446196100983,
            0.0694645654120417,
            -0.014582534951142258,
            0.007722699462870864,
            0.012737476803869186,
            0.03638920475035926,
            -0.06025193516251093,
            -0.029338008950555747,
            0.011734536839741126,
            -0.07394929590168096,
            0.015375093362393684
        ],
        [
            -0.00243184084539379,
            -0.028808208573709748,
            0.0028520375057633626,
            0.018547617756415887,
            -0.0015788568865150862,
            0.02916423343168756,
            0.03270654181570743,
            -0.0027775538007538876,
            -0.023870395518286198,
            -0.005943394958522061,
            0.048097151525402344,
            0.180744886633359,
            -0.04029458305138821,
            0.2495687184072428,
            -0.06025193516251093,
            0.5389026297423871,
            0.3324129264458742,
            -0.025372320227580795,
            0.17445296012839298,
            -0.025817140939775537
        ],
        [
            -0.027290461655496548,
            -0.030318735379664192,
            0.0027669019946757164,
            0.022398436755655192,
            -6.497442834192175e-06,
            0.029639855169202672,
            0.028592106667836948,
            -0.0008305356425517493,
            0.033556848358415776,
            0.009716177334586422,
            0.10692885828227082,
            0.13640049321151881,
            -0.02093523619981113,
            0.1407290691529471,
            -0.029338008950555747,
            0.3324129264458742,
            0.21806527308298493,
            -0.008622421977469697,
            0.06046949118689508,
            -0.007104588839073087
        ],
        [
            0.003323899967935611,
            0.0032857995018661513,
            -0.0022854228760568183,
            -0.013499686307049742,
            -0.0002802693286472014,
            -0.011520690387098713,
            0.005254831965166934,
            -0.002004200140027132,
            0.02179733778101776,
            0.010034487836289852,
            0.04989387318371828,
            0.005825876935633178,
            0.004334862793757079,
            -0.010815952184805149,
            0.011734536839741126,
            -0.025372320227580795,
            -0.008622421977469697,
            0.0062904593775216875,
            -0.04151797506403164,
            0.0079165978879253
        ],
        [
            -0.022449535067907703,
            -0.025455217697020402,
            0.012944758861630393,
            0.07423705717573766,
            0.0012154975040809804,
            0.05303114190753318,
            -0.041387480736948305,
            0.011861215758113787,
            -0.146193098166202,
            -0.06521822037530386,
            -0.3295805119760445,
            -0.04025707184085642,
            -0.02925361428976092,
            0.08497540582034357,
            -0.07394929590168096,
            0.17445296012839298,
            0.06046949118689508,
            -0.04151797506403164,
            0.27511128210426766,
            -0.05194230638035234
        ],
        [
            0.006913323371544182,
            0.004873344805595325,
            -0.003532840460920985,
            -0.02151556485987542,
            -0.0005818880664927753,
            -0.01943228103661956,
            0.006638791724446023,
            -0.00313823845100864,
            0.026235043819786474,
            0.013167506178135401,
            0.06535844478124848,
            0.009196226574047136,
            0.005057268377351465,
            -0.008350412082306915,
            0.015375093362393684,
            -0.025817140939775537,
            -0.007104588839073087,
            0.0079165978879253,
            -0.05194230638035234,
            0.010108328702900831
        ]
    ]
}