{
    "opt_E": -2.1613037309863548,
    "HF_E": -2.131810398259103,
    "B3LYP_E": -2.1333197215288653,
    "sto-3G_E": -2.116122718449949,
    "proj": [
        [
            0.542986520237591,
            0.3484019269424909,
            -0.01963313149038422,
            -0.18517443908657732,
            -0.003944384285245405,
            0.0357466369015211,
            0.17798865220589993,
            -0.034898042800836984,
            -0.22242951734652247,
            0.0018257761154021634,
            0.05083669240447246,
            0.03036561953762348,
            0.0033519429671160393,
            0.04743221997842697,
            0.003992676087347666,
            0.0010721479241417762,
            -0.03478873750549397,
            -0.008622061659531008,
            -0.036658983099816675,
            -0.003275164317590579
        ],
        [
            0.3484019269424909,
            0.23593149974645614,
            -0.0074920230737350975,
            -0.07574619987561843,
            -0.0018962815961819264,
            0.0906120523433254,
            0.1348743894659236,
            -0.020092156681802777,
            -0.13766731409226854,
            -0.0001976908356682083,
            0.041216862278655286,
            0.023072114652388252,
            -0.0010062045376291562,
            -0.02795393474669234,
            -0.0030254867686980266,
            -0.03433339007305084,
            -0.04158066261564218,
            -0.007395338394319938,
            -0.036506634768292114,
            -0.0033382520548216363
        ],
        [
            -0.01963313149038422,
            -0.0074920230737350975,
            0.004011357743905959,
            0.033838698664514014,
            0.0005046202371644696,
            0.039285463748911884,
            0.004895740979524532,
            0.002544719829909443,
            0.0016201356826966327,
            -0.001705130330070176,
            -0.005971752199662838,
            0.006577170786209598,
            0.0015054905962418482,
            -0.023681941217863118,
            -0.0021282964738199702,
            0.004812522423538964,
            0.005089316159094695,
            0.0023721728054569968,
            0.01124589743938628,
            0.001153282614846601
        ],
        [
            -0.18517443908657732,
            -0.07574619987561843,
            0.033838698664514014,
            0.2865854788917822,
            0.004336825168996743,
            0.3222887169747837,
            0.032799520167930994,
            0.022545082215646158,
            0.02561810415586997,
            -0.013924896262032058,
            -0.04964365295921704,
            0.049881835451106075,
            0.01085913416245826,
            -0.20306720026726688,
            -0.0183107098638665,
            0.028166193799677972,
            0.03640183709458188,
            0.018838818934611958,
            0.08810232293557047,
            0.00902726138571575
        ],
        [
            -0.003944384285245405,
            -0.0018962815961819264,
            0.0005046202371644696,
            0.004336825168996743,
            7.047081568351674e-05,
            0.0043780010059194015,
            0.00013789253463892447,
            0.000393318689485991,
            0.0015055657124369783,
            -0.00013866809521448974,
            5.2124411515531596e-05,
            0.0007493279030519937,
            5.559559521005155e-05,
            -0.003055501653952112,
            -0.0002811391623532526,
            0.0001243155410366866,
            0.0005113830063302985,
            0.0001442618530660521,
            0.0005819872762993047,
            6.019226354374632e-05
        ],
        [
            0.0357466369015211,
            0.0906120523433254,
            0.039285463748911884,
            0.3222887169747837,
            0.0043780010059194015,
            0.5193539945777249,
            0.1708869114981901,
            0.01307668866849653,
            -0.035491041151757094,
            -0.014525605280332308,
            0.04457497334776407,
            0.11946328989642159,
            0.013518770342891043,
            -0.2810116268458898,
            -0.025992963219570217,
            0.05038657987137072,
            0.048402269877960064,
            0.011940093991756032,
            0.052140297929395056,
            0.0057867422102645645
        ],
        [
            0.17798865220589993,
            0.1348743894659236,
            0.004895740979524532,
            0.032799520167930994,
            0.00013789253463892447,
            0.1708869114981901,
            0.12047380392804936,
            -0.007761864835952626,
            -0.031182824539621477,
            0.0011890807336658693,
            0.10966248378290343,
            0.07170116016771172,
            0.00210418753354512,
            -0.0607757614290424,
            -0.006123932976698229,
            0.034975733376171304,
            0.024050057187106576,
            -0.008599821760333668,
            -0.04424328471488111,
            -0.004119647386899205
        ],
        [
            -0.034898042800836984,
            -0.020092156681802777,
            0.002544719829909443,
            0.022545082215646158,
            0.000393318689485991,
            0.01307668866849653,
            -0.007761864835952626,
            0.002806324140587845,
            0.010456178508265027,
            -0.0009153651060005714,
            -0.008171959027084992,
            -0.0014081573626316432,
            4.4328584054689106e-05,
            -0.0140329353474983,
            -0.0012563928672893816,
            -0.003329952941411044,
            0.00015192665478749786,
            0.0014183329952458196,
            0.006306961019530681,
            0.0006204277430624015
        ],
        [
            -0.22242951734652247,
            -0.13766731409226854,
            0.0016201356826966327,
            0.02561810415586997,
            0.0015055657124369783,
            -0.035491041151757094,
            -0.031182824539621477,
            0.010456178508265027,
            0.28853928870639856,
            0.020006267182858604,
            0.2821086105023179,
            0.04935692962456338,
            -0.024996570582438798,
            -0.017212149218154775,
            -0.0032925549065103274,
            -0.030813788496902375,
            0.02392533013354482,
            -0.040900428234449795,
            -0.21640346604893387,
            -0.021815727318579416
        ],
        [
            0.0018257761154021634,
            -0.0001976908356682083,
            -0.001705130330070176,
            -0.013924896262032058,
            -0.00013866809521448974,
            -0.014525605280332308,
            0.0011890807336658693,
            -0.0009153651060005714,
            0.020006267182858604,
            0.002508687688180807,
            0.030934518351193305,
            0.004720675607413509,
            -0.0024236151179727826,
            0.008881182622190696,
            0.0006375776703840614,
            -0.0011797891728506594,
            0.0016994025027182462,
            -0.004752012245083051,
            -0.024320223623583465,
            -0.0024447219513787314
        ],
        [
            0.05083669240447246,
            0.041216862278655286,
            -0.005971752199662838,
            -0.04964365295921704,
            5.2124411515531596e-05,
            0.04457497334776407,
            0.10966248378290343,
            -0.008171959027084992,
            0.2821086105023179,
            0.030934518351193305,
            0.5043901268722781,
            0.1550096428776732,
            -0.02342875787913549,
            0.02482111351277666,
            -0.00030248741824388857,
            0.07167226593832164,
            0.09152211621437925,
            -0.06302388647388207,
            -0.3238153749565394,
            -0.03226290185204086
        ],
        [
            0.03036561953762348,
            0.023072114652388252,
            0.006577170786209598,
            0.049881835451106075,
            0.0007493279030519937,
            0.11946328989642159,
            0.07170116016771172,
            -0.0014081573626316432,
            0.04935692962456338,
            0.004720675607413509,
            0.1550096428776732,
            0.11557157880427657,
            0.013258972500494544,
            0.028370988825824867,
            0.002499641494923457,
            0.18344202180474248,
            0.13173266135328968,
            -0.004608711415776972,
            -0.017672957325180996,
            -0.001573296907449714
        ],
        [
            0.0033519429671160393,
            -0.0010062045376291562,
            0.0015054905962418482,
            0.01085913416245826,
            5.559559521005155e-05,
            0.013518770342891043,
            0.00210418753354512,
            4.4328584054689106e-05,
            -0.024996570582438798,
            -0.0024236151179727826,
            -0.02342875787913549,
            0.013258972500494544,
            0.008008969819523579,
            0.01987111546172968,
            0.0021988852725913096,
            0.05478000179198052,
            0.032363307082044525,
            0.007609565330281611,
            0.041788249840586336,
            0.004207109188301263
        ],
        [
            0.04743221997842697,
            -0.02795393474669234,
            -0.023681941217863118,
            -0.20306720026726688,
            -0.003055501653952112,
            -0.2810116268458898,
            -0.0607757614290424,
            -0.0140329353474983,
            -0.017212149218154775,
            0.008881182622190696,
            0.02482111351277666,
            0.028370988825824867,
            0.01987111546172968,
            0.29563646775629343,
            0.028137580528640672,
            0.23598360763045467,
            0.13926354007549924,
            0.005846221711079082,
            0.049172777694089495,
            0.00471632535176376
        ],
        [
            0.003992676087347666,
            -0.0030254867686980266,
            -0.0021282964738199702,
            -0.0183107098638665,
            -0.0002811391623532526,
            -0.025992963219570217,
            -0.006123932976698229,
            -0.0012563928672893816,
            -0.0032925549065103274,
            0.0006375776703840614,
            -0.00030248741824388857,
            0.002499641494923457,
            0.0021988852725913096,
            0.028137580528640672,
            0.0026980219099925987,
            0.023561938387232674,
            0.013751518950877364,
            0.0010272315534466774,
            0.007147500884207189,
            0.0006962097216306381
        ],
        [
            0.0010721479241417762,
            -0.03433339007305084,
            0.004812522423538964,
            0.028166193799677972,
            0.0001243155410366866,
            0.05038657987137072,
            0.034975733376171304,
            -0.003329952941411044,
            -0.030813788496902375,
            -0.0011797891728506594,
            0.07167226593832164,
            0.18344202180474248,
            0.05478000179198052,
            0.23598360763045467,
            0.023561938387232674,
            0.5186409234802435,
            0.3349874757242094,
            0.02970937913694651,
            0.17742413535657023,
            0.017923434566267722
        ],
        [
            -0.03478873750549397,
            -0.04158066261564218,
            0.005089316159094695,
            0.03640183709458188,
            0.0005113830063302985,
            0.048402269877960064,
            0.024050057187106576,
            0.00015192665478749786,
            0.02392533013354482,
            0.0016994025027182462,
            0.09152211621437925,
            0.13173266135328968,
            0.032363307082044525,
            0.13926354007549924,
            0.013751518950877364,
            0.3349874757242094,
            0.22392542973721055,
            0.013597321851376371,
            0.08461811165122586,
            0.008574137606919262
        ],
        [
            -0.008622061659531008,
            -0.007395338394319938,
            0.0023721728054569968,
            0.018838818934611958,
            0.0001442618530660521,
            0.011940093991756032,
            -0.008599821760333668,
            0.0014183329952458196,
            -0.040900428234449795,
            -0.004752012245083051,
            -0.06302388647388207,
            -0.004608711415776972,
            0.007609565330281611,
            0.005846221711079082,
            0.0010272315534466774,
            0.02970937913694651,
            0.013597321851376371,
            0.011220430774260635,
            0.05917699799204992,
            0.005928791817022943
        ],
        [
            -0.036658983099816675,
            -0.036506634768292114,
            0.01124589743938628,
            0.08810232293557047,
            0.0005819872762993047,
            0.052140297929395056,
            -0.04424328471488111,
            0.006306961019530681,
            -0.21640346604893387,
            -0.024320223623583465,
            -0.3238153749565394,
            -0.017672957325180996,
            0.041788249840586336,
            0.049172777694089495,
            0.007147500884207189,
            0.17742413535657023,
            0.08461811165122586,
            0.05917699799204992,
            0.31349311636549587,
            0.03140773453328859
        ],
        [
            -0.003275164317590579,
            -0.0033382520548216363,
            0.001153282614846601,
            0.00902726138571575,
            6.019226354374632e-05,
            0.0057867422102645645,
            -0.004119647386899205,
            0.0006204277430624015,
            -0.021815727318579416,
            -0.0024447219513787314,
            -0.03226290185204086,
            -0.001573296907449714,
            0.004207109188301263,
            0.00471632535176376,
            0.0006962097216306381,
            0.017923434566267722,
            0.008574137606919262,
            0.005928791817022943,
            0.03140773453328859,
            0.0031475080040643698
        ]
    ]
}