{
    "opt_E": -2.16778028871814,
    "HF_E": -2.137061319289097,
    "B3LYP_E": -2.138868247402979,
    "sto-3G_E": -2.1133349037742373,
    "proj": [
        [
            0.5296536367934753,
            0.34826725386635743,
            -0.021287858703061626,
            -0.17753001622700695,
            0.02304078255446247,
            0.051688271660149734,
            0.18084665122954383,
            -0.049901784074672585,
            -0.222742177035838,
            0.04722016944579391,
            0.037690821025498374,
            0.03312395554317607,
            0.002918241393110155,
            0.035702233453892764,
            -0.006069136574010271,
            0.0023349545994028682,
            -0.0371645798233679,
            -0.003576896476211629,
            -0.01881488636480936,
            0.005213376486165379
        ],
        [
            0.34826725386635743,
            0.2372040831341439,
            -0.008679477492594893,
            -0.08395321193350647,
            0.009753726315120679,
            0.08629284429361422,
            0.13398924825211872,
            -0.03017064859541358,
            -0.13710046942872628,
            0.02891133350938987,
            0.040627221968916175,
            0.025023147644544854,
            0.003471118091452826,
            -0.019760903395151894,
            -0.0021296351161503133,
            -0.03319102406967808,
            -0.04354482410717456,
            -0.004398352402453244,
            -0.0272606642813769,
            0.006578645817541163
        ],
        [
            -0.021287858703061626,
            -0.008679477492594893,
            0.006866222325229658,
            0.04367607630985555,
            -0.006958862332687728,
            0.0521951573698418,
            0.005811030804090255,
            0.007299643655363087,
            0.002107433214295833,
            -0.005469103091331031,
            -0.00679863337187418,
            0.007125192416320255,
            0.006785888874991945,
            -0.03415176161818997,
            -0.004205418395747662,
            0.0033444022126610635,
            0.0047135591534265215,
            0.0020657875345017605,
            0.01071456011316348,
            -0.0030442700829050933
        ],
        [
            -0.17753001622700695,
            -0.08395321193350647,
            0.04367607630985555,
            0.28181080116231166,
            -0.04442089708308954,
            0.3143665343567391,
            0.020963449232633546,
            0.04801367802776702,
            0.038295543202565334,
            -0.03704397931581532,
            -0.03565559655692766,
            0.04306461159544414,
            0.040349331871730995,
            -0.21104099646420577,
            -0.02431972020776044,
            0.0191261949928648,
            0.032619104569261904,
            0.011929132744143024,
            0.06142053657810884,
            -0.017589802123009826
        ],
        [
            0.02304078255446247,
            0.009753726315120679,
            -0.006958862332687728,
            -0.04442089708308954,
            0.007060504373638654,
            -0.05246836898044977,
            -0.005551331316416173,
            -0.007358971303255409,
            -0.0035478190383871422,
            0.005569298856034419,
            0.005670171936120098,
            -0.007449342483427313,
            -0.006717322305411644,
            0.03439283987179476,
            0.004111380964060614,
            -0.0032680791888596585,
            -0.004968427509143587,
            -0.00195381235971859,
            -0.010073246531042896,
            0.002881528779618592
        ],
        [
            0.051688271660149734,
            0.08629284429361422,
            0.0521951573698418,
            0.3143665343567391,
            -0.05246836898044977,
            0.5142172809737585,
            0.15873005928894054,
            0.03308481674184673,
            -0.02678135585942357,
            -0.022183888381260716,
            0.05596321767425992,
            0.11259865581855955,
            0.056397244399348255,
            -0.29026701771674196,
            -0.034225088641854175,
            0.029575306278478663,
            0.03794593963358972,
            0.006930993324107642,
            0.031427749517829805,
            -0.010456098737720236
        ],
        [
            0.18084665122954383,
            0.13398924825211872,
            0.005811030804090255,
            0.020963449232633546,
            -0.005551331316416173,
            0.15873005928894054,
            0.11889799529176807,
            -0.017459887270376995,
            -0.024480093182035506,
            0.0150367697054263,
            0.12277569443495051,
            0.07693704658273748,
            0.010596020098820021,
            -0.047486492682622075,
            -0.006703473868727642,
            0.030509511926605375,
            0.025411323232029086,
            -0.008180343057657672,
            -0.045700492687705166,
            0.011650903980276133
        ],
        [
            -0.049901784074672585,
            -0.03017064859541358,
            0.007299643655363087,
            0.04801367802776702,
            -0.007358971303255409,
            0.03308481674184673,
            -0.017459887270376995,
            0.014446273207909534,
            -0.01410025808567313,
            -0.010416233866334225,
            -0.0598244745291645,
            -0.013428310520250048,
            0.008802624596875084,
            -0.03398992618676578,
            -0.006434731147944889,
            0.0012519975444368898,
            -0.001709352753849121,
            0.007121509840915348,
            0.03900515413221204,
            -0.010368227742478083
        ],
        [
            -0.222742177035838,
            -0.13710046942872628,
            0.002107433214295833,
            0.038295543202565334,
            -0.0035478190383871422,
            -0.02678135585942357,
            -0.024480093182035506,
            -0.01410025808567313,
            0.2728293368391642,
            0.0001874180678348083,
            0.28499858149320645,
            0.062084706453930966,
            -0.030904640688850085,
            0.011633462589169197,
            0.03163449758000458,
            -0.04959026199397297,
            0.02281031814808278,
            -0.03217122418270161,
            -0.1832790636061789,
            0.046993008899074214
        ],
        [
            0.04722016944579391,
            0.02891133350938987,
            -0.005469103091331031,
            -0.03704397931581532,
            0.005569298856034419,
            -0.022183888381260716,
            0.0150367697054263,
            -0.010416233866334225,
            0.0001874180678348083,
            0.00790330976112358,
            0.03517249933355208,
            0.008263810635186955,
            -0.005365659372309577,
            0.024254902358330867,
            0.003626470442623779,
            0.0006351967546417353,
            0.0002953214697645008,
            -0.0042170384925561116,
            -0.022885509129319335,
            0.006134580837727762
        ],
        [
            0.037690821025498374,
            0.040627221968916175,
            -0.00679863337187418,
            -0.03565559655692766,
            0.005670171936120098,
            0.05596321767425992,
            0.12277569443495051,
            -0.0598244745291645,
            0.28499858149320645,
            0.03517249933355208,
            0.5316710211930662,
            0.17623792182690987,
            -0.036024093724183616,
            0.05095581612021932,
            0.03445749778058052,
            0.01619504145652076,
            0.07838770338116768,
            -0.05351872425064167,
            -0.2981538095556831,
            0.0776005957689204
        ],
        [
            0.03312395554317607,
            0.025023147644544854,
            0.007125192416320255,
            0.04306461159544414,
            -0.007449342483427313,
            0.11259865581855955,
            0.07693704658273748,
            -0.013428310520250048,
            0.062084706453930966,
            0.008263810635186955,
            0.17623792182690987,
            0.12430434911314703,
            0.013649816006271541,
            0.026286945964107862,
            -0.015199602232656208,
            0.1734395541296183,
            0.13727799396344031,
            -0.008088134474044642,
            -0.03454455542303947,
            0.01069063255633781
        ],
        [
            0.002918241393110155,
            0.003471118091452826,
            0.006785888874991945,
            0.040349331871730995,
            -0.006717322305411644,
            0.056397244399348255,
            0.010596020098820021,
            0.008802624596875084,
            -0.030904640688850085,
            -0.005365659372309577,
            -0.036024093724183616,
            0.013649816006271541,
            0.013903571046926612,
            -0.019663560072748353,
            -0.012664310756180033,
            0.051066090553567735,
            0.030254797386731282,
            0.007318108968711109,
            0.043457497530148874,
            -0.010948022418345688
        ],
        [
            0.035702233453892764,
            -0.019760903395151894,
            -0.03415176161818997,
            -0.21104099646420577,
            0.03439283987179476,
            -0.29026701771674196,
            -0.047486492682622075,
            -0.03398992618676578,
            0.011633462589169197,
            0.024254902358330867,
            0.05095581612021932,
            0.026286945964107862,
            -0.019663560072748353,
            0.2653059865075013,
            -0.0006328641112468473,
            0.19720263401677365,
            0.12403280562166964,
            -0.0029837903195533777,
            0.003118997056991395,
            0.0033168823428599285
        ],
        [
            -0.006069136574010271,
            -0.0021296351161503133,
            -0.004205418395747662,
            -0.02431972020776044,
            0.004111380964060614,
            -0.034225088641854175,
            -0.006703473868727642,
            -0.006434731147944889,
            0.03163449758000458,
            0.003626470442623779,
            0.03445749778058052,
            -0.015199602232656208,
            -0.012664310756180033,
            -0.0006328641112468473,
            0.01299001162471731,
            -0.06693123156340132,
            -0.03991551342867882,
            -0.007368126708367981,
            -0.04530495042775377,
            0.011102872824430374
        ],
        [
            0.0023349545994028682,
            -0.03319102406967808,
            0.0033444022126610635,
            0.0191261949928648,
            -0.0032680791888596585,
            0.029575306278478663,
            0.030509511926605375,
            0.0012519975444368898,
            -0.04959026199397297,
            0.0006351967546417353,
            0.01619504145652076,
            0.1734395541296183,
            0.051066090553567735,
            0.19720263401677365,
            -0.06693123156340132,
            0.5526820816941258,
            0.36515053747454024,
            0.02389744074135283,
            0.17262275299218233,
            -0.037928106780063246
        ],
        [
            -0.0371645798233679,
            -0.04354482410717456,
            0.0047135591534265215,
            0.032619104569261904,
            -0.004968427509143587,
            0.03794593963358972,
            0.025411323232029086,
            -0.001709352753849121,
            0.02281031814808278,
            0.0002953214697645008,
            0.07838770338116768,
            0.13727799396344031,
            0.030254797386731282,
            0.12403280562166964,
            -0.03991551342867882,
            0.36515053747454024,
            0.2539336970586884,
            0.009209739577882655,
            0.07688316365545257,
            -0.015517276601676674
        ],
        [
            -0.003576896476211629,
            -0.004398352402453244,
            0.0020657875345017605,
            0.011929132744143024,
            -0.00195381235971859,
            0.006930993324107642,
            -0.008180343057657672,
            0.007121509840915348,
            -0.03217122418270161,
            -0.0042170384925561116,
            -0.05351872425064167,
            -0.008088134474044642,
            0.007318108968711109,
            -0.0029837903195533777,
            -0.007368126708367981,
            0.02389744074135283,
            0.009209739577882655,
            0.00681977148706366,
            0.03961127401300879,
            -0.010045446473609804
        ],
        [
            -0.01881488636480936,
            -0.0272606642813769,
            0.01071456011316348,
            0.06142053657810884,
            -0.010073246531042896,
            0.031427749517829805,
            -0.045700492687705166,
            0.03900515413221204,
            -0.1832790636061789,
            -0.022885509129319335,
            -0.2981538095556831,
            -0.03454455542303947,
            0.043457497530148874,
            0.003118997056991395,
            -0.04530495042775377,
            0.17262275299218233,
            0.07688316365545257,
            0.03961127401300879,
            0.23268727599797334,
            -0.05853953574608023
        ],
        [
            0.005213376486165379,
            0.006578645817541163,
            -0.0030442700829050933,
            -0.017589802123009826,
            0.002881528779618592,
            -0.010456098737720236,
            0.011650903980276133,
            -0.010368227742478083,
            0.046993008899074214,
            0.006134580837727762,
            0.0776005957689204,
            0.01069063255633781,
            -0.010948022418345688,
            0.0033168823428599285,
            0.011102872824430374,
            -0.037928106780063246,
            -0.015517276601676674,
            -0.010045446473609804,
            -0.05853953574608023,
            0.014812790414265808
        ]
    ]
}