{
    "opt_E": -2.2186838112425002,
    "HF_E": -2.1863176160282056,
    "B3LYP_E": -2.188990076142002,
    "sto-3G_E": -2.175011567485042,
    "proj": [
        [
            0.5999707217666579,
            0.37169425343287027,
            -0.0421719471754539,
            -0.15538387918452323,
            -0.005046384275021657,
            -0.04680839208808821,
            0.15475415844474075,
            -0.07451604396871059,
            -0.19700907144746002,
            0.007602105767609678,
            0.031399246565863646,
            0.02010871520104238,
            -0.005818340202893407,
            0.051806851784415714,
            0.013406348986381001,
            -0.0029782606968350484,
            -0.02261530852198109,
            -0.0014749715401403294,
            -0.02282371217061165,
            0.0026532372122594038
        ],
        [
            0.37169425343287027,
            0.257480459818994,
            -0.01003551297282487,
            -0.04093934547387781,
            -0.0021896127517721056,
            0.09535746668226855,
            0.14514258350821138,
            -0.035901261599895616,
            -0.12768933347666106,
            -0.0022718087567555347,
            0.012552546443422814,
            0.02457188204959145,
            0.002748048230433778,
            -0.02774991998068845,
            -0.007734854297447972,
            -0.027122837454038345,
            -0.032432460080244196,
            -0.0007442091413312614,
            -0.010037306889916846,
            0.0006923267007363035
        ],
        [
            -0.0421719471754539,
            -0.01003551297282487,
            0.013895726655005491,
            0.047392710517761415,
            0.0007743934640592901,
            0.08330519215888842,
            0.018792145123885932,
            0.012754238884360086,
            0.0021664712441188142,
            -0.007265374342162681,
            -0.02097695066449587,
            0.008206483872732461,
            0.004772983953709981,
            -0.02962289008059133,
            -0.013149295489503776,
            0.009417892302863043,
            0.0021398955052717894,
            0.0001412969363304793,
            0.01969612250267284,
            -0.0013854980228285524
        ],
        [
            -0.15538387918452323,
            -0.04093934547387781,
            0.047392710517761415,
            0.16300637193975495,
            0.0028986955915906534,
            0.28435615233964384,
            0.06447282472014572,
            0.043370220100544705,
            0.021884257168629687,
            -0.021713881776492715,
            -0.049329070466827586,
            0.03248892096149022,
            0.016019159251711167,
            -0.10867853859141606,
            -0.0430420523859971,
            0.020142876768089683,
            0.005048240238563475,
            0.0005296376781597403,
            0.05154657283526986,
            -0.004048931907366947
        ],
        [
            -0.005046384275021657,
            -0.0021896127517721056,
            0.0007743934640592901,
            0.0028986955915906534,
            9.318571283743285e-05,
            0.004356908405289408,
            0.0007389964567271698,
            0.0007583442156443483,
            0.002849355477079369,
            0.00012268395490396916,
            0.0024635169298968477,
            0.0008895817718952769,
            0.00020813341529816383,
            -0.0031919986029766453,
            -0.00037232184587539507,
            -0.0022397594225648737,
            -0.0006881221322219089,
            2.0048050172939847e-05,
            -0.0017186260619607258,
            3.9971612696285126e-05
        ],
        [
            -0.04680839208808821,
            0.09535746668226855,
            0.08330519215888842,
            0.28435615233964384,
            0.004356908405289408,
            0.6168407118277459,
            0.23587143801816896,
            0.054989958750940704,
            -0.017966243633202213,
            -0.03513084309719593,
            -0.02026549255620662,
            0.11004629617007466,
            0.032166114754070725,
            -0.22439591502597145,
            -0.085021391632223,
            0.04135363019041491,
            0.013223627973584898,
            0.00039043917032730187,
            0.06305327077252201,
            -0.005680623373213185
        ],
        [
            0.15475415844474075,
            0.14514258350821138,
            0.018792145123885932,
            0.06447282472014572,
            0.0007389964567271698,
            0.23587143801816896,
            0.15646340878723178,
            -0.005893668209739194,
            -0.023326933231409646,
            0.0007115816632794408,
            0.09803618988661283,
            0.08813612472664895,
            0.010099663612626606,
            -0.0779283775379568,
            -0.024239423190745877,
            0.024211641107642328,
            0.022946025013259604,
            -0.0003814675656538348,
            -0.03141161295162863,
            0.0011037306573232844
        ],
        [
            -0.07451604396871059,
            -0.035901261599895616,
            0.012754238884360086,
            0.043370220100544705,
            0.0007583442156443483,
            0.054989958750940704,
            -0.005893668209739194,
            0.01584616130270543,
            0.00507491603524091,
            -0.008883667039616787,
            -0.04460701697883942,
            -0.00826797562134637,
            0.003767591613007618,
            -0.022282127257178822,
            -0.011004295399382505,
            0.0023445573109689504,
            -0.004807403452599866,
            0.0002439349770873928,
            0.028705063870753403,
            -0.0018482631373627637
        ],
        [
            -0.19700907144746002,
            -0.12768933347666106,
            0.0021664712441188142,
            0.021884257168629687,
            0.002849355477079369,
            -0.017966243633202213,
            -0.023326933231409646,
            0.00507491603524091,
            0.17655492302682688,
            0.03291887049659076,
            0.24024971012902432,
            0.06685606305578806,
            -0.0031837118885497317,
            -0.0397301786617346,
            0.018537123901483286,
            -0.04342114781439466,
            0.030805688015452637,
            0.0003904496899244932,
            -0.14421243284460575,
            0.006663422786518666
        ],
        [
            0.007602105767609678,
            -0.0022718087567555347,
            -0.007265374342162681,
            -0.021713881776492715,
            0.00012268395490396916,
            -0.03513084309719593,
            0.0007115816632794408,
            -0.008883667039616787,
            0.03291887049659076,
            0.01231349423653898,
            0.07840431195721166,
            0.020033312250419537,
            -0.0028797930632153065,
            0.004884020482809571,
            0.010369478052716884,
            -0.009844159748759608,
            0.009771986342168344,
            -7.673823199716147e-05,
            -0.04785712392794651,
            0.0025336656222857126
        ],
        [
            0.031399246565863646,
            0.012552546443422814,
            -0.02097695066449587,
            -0.049329070466827586,
            0.0024635169298968477,
            -0.02026549255620662,
            0.09803618988661283,
            -0.04460701697883942,
            0.24024971012902432,
            0.07840431195721166,
            0.5854298031950667,
            0.21160861222154131,
            -0.008738585418261068,
            -0.02590648268666624,
            0.04244441592175181,
            0.0009381718617482201,
            0.114849553056171,
            -0.0006020436727264542,
            -0.3193903812721697,
            0.016460892492260196
        ],
        [
            0.02010871520104238,
            0.02457188204959145,
            0.008206483872732461,
            0.03248892096149022,
            0.0008895817718952769,
            0.11004629617007466,
            0.08813612472664895,
            -0.00826797562134637,
            0.06685606305578806,
            0.020033312250419537,
            0.21160861222154131,
            0.14342460812467628,
            0.003395918580802394,
            0.02140970203637973,
            -0.006159745810550485,
            0.16715924367430224,
            0.13899996948191728,
            -0.0007128472097629178,
            -0.057793701908721774,
            0.0038360361273234167
        ],
        [
            -0.005818340202893407,
            0.002748048230433778,
            0.004772983953709981,
            0.016019159251711167,
            0.00020813341529816383,
            0.032166114754070725,
            0.010099663612626606,
            0.003767591613007618,
            -0.0031837118885497317,
            -0.0028797930632153065,
            -0.008738585418261068,
            0.003395918580802394,
            0.001800678457094041,
            -0.010504106691116595,
            -0.00505361859097983,
            0.004190438867471004,
            0.0005472822105624569,
            2.8394887526081904e-05,
            0.008086590423154908,
            -0.000532335796871434
        ],
        [
            0.051806851784415714,
            -0.02774991998068845,
            -0.02962289008059133,
            -0.10867853859141606,
            -0.0031919986029766453,
            -0.22439591502597145,
            -0.0779283775379568,
            -0.022282127257178822,
            -0.0397301786617346,
            0.004884020482809571,
            -0.02590648268666624,
            0.02140970203637973,
            -0.010504106691116595,
            0.20543988990399173,
            0.019531740782920522,
            0.24675416522791493,
            0.14353235356578006,
            -0.00105897434387355,
            0.07378529430375408,
            -0.0007209106113347972
        ],
        [
            0.013406348986381001,
            -0.007734854297447972,
            -0.013149295489503776,
            -0.0430420523859971,
            -0.00037232184587539507,
            -0.085021391632223,
            -0.024239423190745877,
            -0.011004295399382505,
            0.018537123901483286,
            0.010369478052716884,
            0.04244441592175181,
            -0.006159745810550485,
            -0.00505361859097983,
            0.019531740782920522,
            0.01519342318485926,
            -0.0262113900510234,
            -0.006589360601511324,
            -3.734622285757743e-05,
            -0.036438520647913836,
            0.0020516148503148613
        ],
        [
            -0.0029782606968350484,
            -0.027122837454038345,
            0.009417892302863043,
            0.020142876768089683,
            -0.0022397594225648737,
            0.04135363019041491,
            0.024211641107642328,
            0.0023445573109689504,
            -0.04342114781439466,
            -0.009844159748759608,
            0.0009381718617482201,
            0.16715924367430224,
            0.004190438867471004,
            0.24675416522791493,
            -0.0262113900510234,
            0.5760304243996929,
            0.3440485807652078,
            -0.0018665040558510854,
            0.17539131655382106,
            -0.0045770416308574206
        ],
        [
            -0.02261530852198109,
            -0.032432460080244196,
            0.0021398955052717894,
            0.005048240238563475,
            -0.0006881221322219089,
            0.013223627973584898,
            0.022946025013259604,
            -0.004807403452599866,
            0.030805688015452637,
            0.009771986342168344,
            0.114849553056171,
            0.13899996948191728,
            0.0005472822105624569,
            0.14353235356578006,
            -0.006589360601511324,
            0.3440485807652078,
            0.22916891161168942,
            -0.0011724471757836887,
            0.04195230913452805,
            0.000475391324989874
        ],
        [
            -0.0014749715401403294,
            -0.0007442091413312614,
            0.0001412969363304793,
            0.0005296376781597403,
            2.0048050172939847e-05,
            0.00039043917032730187,
            -0.0003814675656538348,
            0.0002439349770873928,
            0.0003904496899244932,
            -7.673823199716147e-05,
            -0.0006020436727264542,
            -0.0007128472097629178,
            2.8394887526081904e-05,
            -0.00105897434387355,
            -3.734622285757743e-05,
            -0.0018665040558510854,
            -0.0011724471757836887,
            1.0440797946285456e-05,
            -0.00020450612860498376,
            -9.255355339334273e-06
        ],
        [
            -0.02282371217061165,
            -0.010037306889916846,
            0.01969612250267284,
            0.05154657283526986,
            -0.0017186260619607258,
            0.06305327077252201,
            -0.03141161295162863,
            0.028705063870753403,
            -0.14421243284460575,
            -0.04785712392794651,
            -0.3193903812721697,
            -0.057793701908721774,
            0.008086590423154908,
            0.07378529430375408,
            -0.036438520647913836,
            0.17539131655382106,
            0.04195230913452805,
            -0.00020450612860498376,
            0.23049650675037497,
            -0.01069740598257529
        ],
        [
            0.0026532372122594038,
            0.0006923267007363035,
            -0.0013854980228285524,
            -0.004048931907366947,
            3.9971612696285126e-05,
            -0.005680623373213185,
            0.0011037306573232844,
            -0.0018482631373627637,
            0.006663422786518666,
            0.0025336656222857126,
            0.016460892492260196,
            0.0038360361273234167,
            -0.000532335796871434,
            -0.0007209106113347972,
            0.0020516148503148613,
            -0.0045770416308574206,
            0.000475391324989874,
            -9.255355339334273e-06,
            -0.01069740598257529,
            0.0005401485003098235
        ]
    ]
}