{
    "opt_E": -2.2096232105643705,
    "HF_E": -2.177586115813277,
    "B3LYP_E": -2.180127821520494,
    "sto-3G_E": -2.161715505268467,
    "proj": [
        [
            0.6050189769381917,
            0.3693718216992464,
            0.027309769120254818,
            -0.14618189362137143,
            -0.06094266305496079,
            -0.04351326841104412,
            0.14834403555029535,
            0.05743291804338634,
            -0.18321144094997993,
            -0.10748933731886075,
            0.019482148689880456,
            0.027532499529878608,
            0.01301466830680735,
            0.0452622260708631,
            -0.014971170789801659,
            -0.004803932268685302,
            -0.0240992737422742,
            0.004899221334686973,
            -0.013420347424311096,
            -0.0006831903960414066
        ],
        [
            0.3693718216992464,
            0.25339855784330106,
            0.00514820347756513,
            -0.03779037361855207,
            -0.013335473870097652,
            0.09905514053609683,
            0.14221971467946043,
            0.02461852414774998,
            -0.11861420931504826,
            -0.05082830265719663,
            0.009826873938324945,
            0.03040996884653817,
            -0.006178063264075688,
            -0.03247558647059606,
            0.0016106374620052653,
            -0.026824867188999017,
            -0.03050756942433033,
            0.0011782559197065006,
            -0.0073418936895971515,
            -0.0003332305110882293
        ],
        [
            0.027309769120254818,
            0.00514820347756513,
            0.006739712865232688,
            -0.02989143517354241,
            -0.013967930773759194,
            -0.05774039197879727,
            -0.01476840605439446,
            0.009067286609712108,
            0.0015836033925242115,
            -0.012659127449983019,
            0.014908736635532306,
            -0.004837183843501784,
            0.010132968463457993,
            0.020715104102134264,
            -0.005326006538164302,
            -0.00534426582790053,
            -0.0014255449635766895,
            0.0037159049717173463,
            -0.013632188560502393,
            0.0005093169416945589
        ],
        [
            -0.14618189362137143,
            -0.03779037361855207,
            -0.02989143517354241,
            0.13662703123951828,
            0.06252849095677841,
            0.2564646929439202,
            0.06413401399319518,
            -0.03729301795293818,
            0.01865960529131467,
            0.056549202804247696,
            -0.02750530605659159,
            0.030110833290368597,
            -0.03966988251318455,
            -0.10108145747935574,
            0.023921628900518986,
            0.01206293116727135,
            0.006854496529695054,
            -0.01082403086954712,
            0.03461142051674795,
            -0.0011075467538271013
        ],
        [
            -0.06094266305496079,
            -0.013335473870097652,
            -0.013967930773759194,
            0.06252849095677841,
            0.0290346435250241,
            0.1192495986930802,
            0.029870727685703247,
            -0.018493301443713337,
            0.00038167398021159735,
            0.02644915098320046,
            -0.026171337406461357,
            0.010625604475446507,
            -0.020170597596181325,
            -0.044452225212212856,
            0.01107844045278642,
            0.008538452370441235,
            0.0023967626735735513,
            -0.0069286397054323145,
            0.024689351974783922,
            -0.0008914737429981172
        ],
        [
            -0.04351326841104412,
            0.09905514053609683,
            -0.05774039197879727,
            0.2564646929439202,
            0.1192495986930802,
            0.6048602423979171,
            0.24151328049558196,
            -0.05482646860551121,
            -0.02736500364016831,
            0.07736187408893704,
            -0.005535465049877398,
            0.10691982513690801,
            -0.0853504184747318,
            -0.22486800809069724,
            0.05015902686247953,
            0.031792973497704886,
            0.015997942741783178,
            -0.017602007694554056,
            0.049930384689531745,
            -0.001949822447006782
        ],
        [
            0.14834403555029535,
            0.14221971467946043,
            -0.01476840605439446,
            0.06413401399319518,
            0.029870727685703247,
            0.24151328049558196,
            0.15461808454298392,
            0.00341226935213025,
            -0.026865563484503308,
            -0.005605899028388237,
            0.08665850626040326,
            0.08601258514984096,
            -0.02539555277277796,
            -0.07883513679881558,
            0.01577366428951292,
            0.029957051937709363,
            0.025311532600887483,
            0.003577952352527015,
            -0.024372767256585045,
            0.0006216936973085236
        ],
        [
            0.05743291804338634,
            0.02461852414774998,
            0.009067286609712108,
            -0.03729301795293818,
            -0.018493301443713337,
            -0.05482646860551121,
            0.00341226935213025,
            0.019229946025087617,
            0.018288588921728466,
            -0.023423289803936494,
            0.07594295887089024,
            0.017784026599497245,
            0.016544539297593933,
            0.01709300046473318,
            -0.006249779177598853,
            -0.005804414368173605,
            0.007474266139621793,
            0.011573057591323484,
            -0.048211392731497625,
            0.0018604755091820092
        ],
        [
            -0.18321144094997993,
            -0.11861420931504826,
            0.0015836033925242115,
            0.01865960529131467,
            0.00038167398021159735,
            -0.02736500364016831,
            -0.026865563484503308,
            0.018288588921728466,
            0.16862480205521038,
            0.0031737359969591828,
            0.24297224024959407,
            0.059927678558444726,
            0.03206733492622468,
            -0.028893897091377848,
            -0.0007462153094458658,
            -0.032334405794033454,
            0.02953502082422219,
            0.03366448413138575,
            -0.1510057480850933,
            0.006656207710782823
        ],
        [
            -0.10748933731886075,
            -0.05082830265719663,
            -0.012659127449983019,
            0.056549202804247696,
            0.02644915098320046,
            0.07736187408893704,
            -0.005605899028388237,
            -0.023423289803936494,
            0.0031737359969591828,
            0.03292221946899751,
            -0.061479353705983945,
            -0.013204788026778424,
            -0.017678045868183112,
            -0.03216547883323022,
            0.008988839995833232,
            -0.00010384899224265918,
            -0.006707918481272404,
            -0.009971978245607548,
            0.039241866323104335,
            -0.0013643406652761073
        ],
        [
            0.019482148689880456,
            0.009826873938324945,
            0.014908736635532306,
            -0.02750530605659159,
            -0.026171337406461357,
            -0.005535465049877398,
            0.08665850626040326,
            0.07594295887089024,
            0.24297224024959407,
            -0.061479353705983945,
            0.5758207801648828,
            0.2019711755559125,
            0.059959814799820335,
            -0.023760417912632878,
            -0.006901823640952407,
            0.020321374075222564,
            0.11008218708741085,
            0.07291351110877645,
            -0.3208941969086936,
            0.01296940026365037
        ],
        [
            0.027532499529878608,
            0.03040996884653817,
            -0.004837183843501784,
            0.030110833290368597,
            0.010625604475446507,
            0.10691982513690801,
            0.08601258514984096,
            0.017784026599497245,
            0.059927678558444726,
            -0.013204788026778424,
            0.2019711755559125,
            0.13737244245523628,
            -0.012951949861635665,
            0.025307338248207596,
            0.0034960142712238303,
            0.17189206119710823,
            0.13744411849492563,
            0.012436107284723804,
            -0.05153971437774969,
            0.0013962795731220301
        ],
        [
            0.01301466830680735,
            -0.006178063264075688,
            0.010132968463457993,
            -0.03966988251318455,
            -0.020170597596181325,
            -0.0853504184747318,
            -0.02539555277277796,
            0.016544539297593933,
            0.03206733492622468,
            -0.017678045868183112,
            0.059959814799820335,
            -0.012951949861635665,
            0.026049784914702646,
            -0.0009273806866832674,
            -0.006761919972963251,
            -0.06858152310030335,
            -0.031493497126354006,
            0.014194198674225144,
            -0.061825884221717566,
            0.002745894640114641
        ],
        [
            0.0452622260708631,
            -0.03247558647059606,
            0.020715104102134264,
            -0.10108145747935574,
            -0.044452225212212856,
            -0.22486800809069724,
            -0.07883513679881558,
            0.01709300046473318,
            -0.028893897091377848,
            -0.03216547883323022,
            -0.023760417912632878,
            0.025307338248207596,
            -0.0009273806866832674,
            0.20231233100814316,
            -0.02301638609317208,
            0.2410576694613323,
            0.1426001356041091,
            -0.012860452021486408,
            0.07969017410229523,
            -0.004330070149945621
        ],
        [
            -0.014971170789801659,
            0.0016106374620052653,
            -0.005326006538164302,
            0.023921628900518986,
            0.01107844045278642,
            0.05015902686247953,
            0.01577366428951292,
            -0.006249779177598853,
            -0.0007462153094458658,
            0.008988839995833232,
            -0.006901823640952407,
            0.0034960142712238303,
            -0.006761919972963251,
            -0.02301638609317208,
            0.0045833678050229915,
            -0.006511576288874905,
            -0.004885749260514524,
            -0.0017236951678930132,
            0.004747864983829488,
            -0.00012744461159840063
        ],
        [
            -0.004803932268685302,
            -0.026824867188999017,
            -0.00534426582790053,
            0.01206293116727135,
            0.008538452370441235,
            0.031792973497704886,
            0.029957051937709363,
            -0.005804414368173605,
            -0.032334405794033454,
            -0.00010384899224265918,
            0.020321374075222564,
            0.17189206119710823,
            -0.06858152310030335,
            0.2410576694613323,
            -0.006511576288874905,
            0.5581171952675936,
            0.3436792314290086,
            -0.03378057594949493,
            0.1746084099302658,
            -0.009285613944462801
        ],
        [
            -0.0240992737422742,
            -0.03050756942433033,
            -0.0014255449635766895,
            0.006854496529695054,
            0.0023967626735735513,
            0.015997942741783178,
            0.025311532600887483,
            0.007474266139621793,
            0.02953502082422219,
            -0.006707918481272404,
            0.11008218708741085,
            0.13744411849492563,
            -0.031493497126354006,
            0.1426001356041091,
            -0.004885749260514524,
            0.3436792314290086,
            0.22920604688674384,
            -0.008203939534274214,
            0.05177673053957877,
            -0.0034013959435289036
        ],
        [
            0.004899221334686973,
            0.0011782559197065006,
            0.0037159049717173463,
            -0.01082403086954712,
            -0.0069286397054323145,
            -0.017602007694554056,
            0.003577952352527015,
            0.011573057591323484,
            0.03366448413138575,
            -0.009971978245607548,
            0.07291351110877645,
            0.012436107284723804,
            0.014194198674225144,
            -0.012860452021486408,
            -0.0017236951678930132,
            -0.03378057594949493,
            -0.008203939534274214,
            0.011969417894211106,
            -0.0536456320626515,
            0.002306607921055626
        ],
        [
            -0.013420347424311096,
            -0.0073418936895971515,
            -0.013632188560502393,
            0.03461142051674795,
            0.024689351974783922,
            0.049930384689531745,
            -0.024372767256585045,
            -0.048211392731497625,
            -0.1510057480850933,
            0.039241866323104335,
            -0.3208941969086936,
            -0.05153971437774969,
            -0.061825884221717566,
            0.07969017410229523,
            0.004747864983829488,
            0.1746084099302658,
            0.05177673053957877,
            -0.0536456320626515,
            0.24302648513168768,
            -0.010557681361970805
        ],
        [
            -0.0006831903960414066,
            -0.0003332305110882293,
            0.0005093169416945589,
            -0.0011075467538271013,
            -0.0008914737429981172,
            -0.001949822447006782,
            0.0006216936973085236,
            0.0018604755091820092,
            0.006656207710782823,
            -0.0013643406652761073,
            0.01296940026365037,
            0.0013962795731220301,
            0.002745894640114641,
            -0.004330070149945621,
            -0.00012744461159840063,
            -0.009285613944462801,
            -0.0034013959435289036,
            0.002306607921055626,
            -0.010557681361970805,
            0.0004679315703119417
        ]
    ]
}