{
    "opt_E": -2.209094736066203,
    "HF_E": -2.1785654407451944,
    "B3LYP_E": -2.1803289395187995,
    "sto-3G_E": -2.171095933583905,
    "proj": [
        [
            0.5343251603333131,
            0.32373918322532835,
            0.04197636974687845,
            -0.17330636976005082,
            0.002323769934607419,
            0.05744178641789747,
            0.1805178371122876,
            0.06422262039517669,
            -0.25952338948403747,
            0.017030451125127598,
            0.04106562243517709,
            0.028880335529363872,
            -0.0020447161238665314,
            0.024341018489391145,
            0.001344346178583447,
            -0.0014100293479506396,
            -0.029339515150726473,
            -0.000999395160206416,
            -0.02297753647283458,
            0.006949696288007404
        ],
        [
            0.32373918322532835,
            0.21031654937919145,
            0.01261944951399711,
            -0.05189220610395445,
            -0.0004954301543471701,
            0.11822579833790497,
            0.1344439060203081,
            0.03424643633322424,
            -0.14458036855665649,
            0.0061200479581355344,
            0.025877360551401458,
            0.025215618954807662,
            0.006268765157839083,
            -0.032985640073416006,
            -0.00833298077693133,
            -0.024270274073836112,
            -0.030478286528083313,
            -0.00010528753969268676,
            -0.015062196535455626,
            0.0032827400978668003
        ],
        [
            0.04197636974687845,
            0.01261944951399711,
            0.016655608350098522,
            -0.06890514685896441,
            0.002363766136494136,
            -0.07999674621348832,
            -0.009170552459048936,
            0.008181537496275364,
            -0.024357976954776622,
            0.007866839902283098,
            0.018977196145715258,
            -0.008192796656356352,
            -0.008911634802649733,
            0.037612599099498004,
            0.013089464286016487,
            -0.005172714102274747,
            -0.004454407241282407,
            -0.0006844295511601781,
            -0.01850017596375422,
            0.003958989487125742
        ],
        [
            -0.17330636976005082,
            -0.05189220610395445,
            -0.06890514685896441,
            0.2851468554226405,
            -0.009764975853143553,
            0.3320716682158186,
            0.03958406992039854,
            -0.03427597312274372,
            0.10319586071260121,
            -0.031830503270691986,
            -0.07199082308664803,
            0.03703552254998934,
            0.03667910256817385,
            -0.15522947835633022,
            -0.053883989219978945,
            0.023600214913920267,
            0.020922765072403517,
            0.0027980697462095614,
            0.07372143769576597,
            -0.01594681376129385
        ],
        [
            0.002323769934607419,
            -0.0004954301543471701,
            0.002363766136494136,
            -0.009764975853143553,
            0.00038641832543070465,
            -0.013215132288792295,
            -0.0025955623502162033,
            0.0005771653220776902,
            -0.000619227729262726,
            0.001423708328699033,
            0.005073478328432892,
            -0.001434564327796615,
            -0.0015473741068976908,
            0.004694163629119373,
            0.0024780587696066328,
            -0.0032811137140303357,
            -0.0015941425109613845,
            -0.00011511488689206934,
            -0.004808915523513876,
            0.0008642583838377025
        ],
        [
            0.05744178641789747,
            0.11822579833790497,
            -0.07999674621348832,
            0.3320716682158186,
            -0.013215132288792295,
            0.5521370844029926,
            0.18456613665207316,
            -0.019103079532722646,
            0.031263552405610025,
            -0.030367708605428773,
            -0.01466152071087958,
            0.09915596895458803,
            0.052284253785251124,
            -0.23019020906609655,
            -0.07618745842742285,
            0.030464999922587065,
            0.02372335878905415,
            0.003308016307193236,
            0.05956470321040628,
            -0.014406207833711058
        ],
        [
            0.1805178371122876,
            0.1344439060203081,
            -0.009170552459048936,
            0.03958406992039854,
            -0.0025955623502162033,
            0.18456613665207316,
            0.12931351407493255,
            0.006975395579335851,
            -0.029514829335849414,
            0.00825168134478751,
            0.11092195306061768,
            0.07997893169070606,
            0.010405145630565847,
            -0.05652795569995001,
            -0.014749246979594944,
            0.02563180326441387,
            0.026471883273425333,
            7.368943462777647e-05,
            -0.04010910543520558,
            0.00560257536608705
        ],
        [
            0.06422262039517669,
            0.03424643633322424,
            0.008181537496275364,
            -0.03427597312274372,
            0.0005771653220776902,
            -0.019103079532722646,
            0.006975395579335851,
            0.011915585967840323,
            -0.05115260159441367,
            -0.0014282255162684867,
            -0.03509695450037436,
            -0.012974881853739054,
            -0.0006641024689115322,
            0.01831913608864668,
            -0.0005183242687574834,
            0.006902669786720729,
            -0.006573004186724243,
            -3.625337596003406e-05,
            0.019236216240577052,
            -0.0021418103119060145
        ],
        [
            -0.25952338948403747,
            -0.14458036855665649,
            -0.024357976954776622,
            0.10319586071260121,
            -0.000619227729262726,
            0.031263552405610025,
            -0.029514829335849414,
            -0.05115260159441367,
            0.2319262694405162,
            0.017407091697577336,
            0.21700263747814638,
            0.06815589363224583,
            -0.005379562875394867,
            -0.058583313689095064,
            0.01562914159736246,
            -0.03746002084116468,
            0.03266389411922264,
            -0.0005844983949196123,
            -0.12527517632825272,
            0.01626076014117989
        ],
        [
            0.017030451125127598,
            0.0061200479581355344,
            0.007866839902283098,
            -0.031830503270691986,
            0.001423708328699033,
            -0.030367708605428773,
            0.00825168134478751,
            -0.0014282255162684867,
            0.017407091697577336,
            0.01108515976670591,
            0.07378992258183013,
            0.018830064956965344,
            -0.006678917378408538,
            0.011193820123112002,
            0.011316943414217804,
            -0.006993437022058416,
            0.006610509417557365,
            -0.0006636945625252733,
            -0.044945068541257086,
            0.007193372262054059
        ],
        [
            0.04106562243517709,
            0.025877360551401458,
            0.018977196145715258,
            -0.07199082308664803,
            0.005073478328432892,
            -0.01466152071087958,
            0.11092195306061768,
            -0.03509695450037436,
            0.21700263747814638,
            0.07378992258183013,
            0.5959777643221601,
            0.20689644834798332,
            -0.030695997044168446,
            0.000521900789069,
            0.05574843794427842,
            -0.002062123949969488,
            0.0985898557749878,
            -0.003770881629021302,
            -0.32785851340544514,
            0.04991971322607365
        ],
        [
            0.028880335529363872,
            0.025215618954807662,
            -0.008192796656356352,
            0.03703552254998934,
            -0.001434564327796615,
            0.09915596895458803,
            0.07997893169070606,
            -0.012974881853739054,
            0.06815589363224583,
            0.018830064956965344,
            0.20689644834798332,
            0.14131262999573543,
            0.0009855442528134558,
            0.029279556131867432,
            -0.007680933242867012,
            0.17275183864590798,
            0.1433034328188865,
            -0.0007207075712119342,
            -0.053483548035113807,
            0.00851454045938262
        ],
        [
            -0.0020447161238665314,
            0.006268765157839083,
            -0.008911634802649733,
            0.03667910256817385,
            -0.0015473741068976908,
            0.052284253785251124,
            0.010405145630565847,
            -0.0006641024689115322,
            -0.005379562875394867,
            -0.006678917378408538,
            -0.030695997044168446,
            0.0009855442528134558,
            0.00652433674067729,
            -0.019200811134560316,
            -0.0104190347506532,
            0.009542681017466345,
            0.0018396479285940198,
            0.0005051074076842722,
            0.02373322052464853,
            -0.004100425218522295
        ],
        [
            0.024341018489391145,
            -0.032985640073416006,
            0.037612599099498004,
            -0.15522947835633022,
            0.004694163629119373,
            -0.23019020906609655,
            -0.05652795569995001,
            0.01831913608864668,
            -0.058583313689095064,
            0.011193820123112002,
            0.000521900789069,
            0.029279556131867432,
            -0.019200811134560316,
            0.20543039214396272,
            0.01298089946531138,
            0.23043643301282324,
            0.13714347443925712,
            -0.0014616902519909438,
            0.05121331742341406,
            -0.003236246191193351
        ],
        [
            0.001344346178583447,
            -0.00833298077693133,
            0.013089464286016487,
            -0.053883989219978945,
            0.0024780587696066328,
            -0.07618745842742285,
            -0.014749246979594944,
            -0.0005183242687574834,
            0.01562914159736246,
            0.011316943414217804,
            0.05574843794427842,
            -0.007680933242867012,
            -0.0104190347506532,
            0.01298089946531138,
            0.018777888290805785,
            -0.047967712357351554,
            -0.021863122730093172,
            -0.0007968097473958215,
            -0.050875629541361836,
            0.008160019761585693
        ],
        [
            -0.0014100293479506396,
            -0.024270274073836112,
            -0.005172714102274747,
            0.023600214913920267,
            -0.0032811137140303357,
            0.030464999922587065,
            0.02563180326441387,
            0.006902669786720729,
            -0.03746002084116468,
            -0.006993437022058416,
            -0.002062123949969488,
            0.17275183864590798,
            0.009542681017466345,
            0.23043643301282324,
            -0.047967712357351554,
            0.5671589511540458,
            0.3533387976185526,
            0.00016002146219445433,
            0.17472803265472406,
            -0.02237528713331737
        ],
        [
            -0.029339515150726473,
            -0.030478286528083313,
            -0.004454407241282407,
            0.020922765072403517,
            -0.0015941425109613845,
            0.02372335878905415,
            0.026471883273425333,
            -0.006573004186724243,
            0.03266389411922264,
            0.006610509417557365,
            0.0985898557749878,
            0.1433034328188865,
            0.0018396479285940198,
            0.13714347443925712,
            -0.021863122730093172,
            0.3533387976185526,
            0.2394422359256228,
            -0.0004160074621064006,
            0.054877272872807525,
            -0.0060696961713866925
        ],
        [
            -0.000999395160206416,
            -0.00010528753969268676,
            -0.0006844295511601781,
            0.0027980697462095614,
            -0.00011511488689206934,
            0.003308016307193236,
            7.368943462777647e-05,
            -3.625337596003406e-05,
            -0.0005844983949196123,
            -0.0006636945625252733,
            -0.003770881629021302,
            -0.0007207075712119342,
            0.0005051074076842722,
            -0.0014616902519909438,
            -0.0007968097473958215,
            0.00016002146219445433,
            -0.0004160074621064006,
            4.4818618994869965e-05,
            0.0023746148931354763,
            -0.0004012344906434691
        ],
        [
            -0.02297753647283458,
            -0.015062196535455626,
            -0.01850017596375422,
            0.07372143769576597,
            -0.004808915523513876,
            0.05956470321040628,
            -0.04010910543520558,
            0.019236216240577052,
            -0.12527517632825272,
            -0.044945068541257086,
            -0.32785851340544514,
            -0.053483548035113807,
            0.02373322052464853,
            0.05121331742341406,
            -0.050875629541361836,
            0.17472803265472406,
            0.054877272872807525,
            0.0023746148931354763,
            0.2367683800026278,
            -0.035217271436416224
        ],
        [
            0.006949696288007404,
            0.0032827400978668003,
            0.003958989487125742,
            -0.01594681376129385,
            0.0008642583838377025,
            -0.014406207833711058,
            0.00560257536608705,
            -0.0021418103119060145,
            0.01626076014117989,
            0.007193372262054059,
            0.04991971322607365,
            0.00851454045938262,
            -0.004100425218522295,
            -0.003236246191193351,
            0.008160019761585693,
            -0.02237528713331737,
            -0.0060696961713866925,
            -0.0004012344906434691,
            -0.035217271436416224,
            0.005354397341705688
        ]
    ]
}