{
    "opt_E": -2.1996853503582283,
    "HF_E": -2.1685410360853727,
    "B3LYP_E": -2.1706919400599847,
    "sto-3G_E": -2.157206615196747,
    "proj": [
        [
            0.5473876678677269,
            0.3344689362015597,
            -0.012218665235368785,
            -0.17991439770928816,
            0.023615999782649836,
            0.03671630264656675,
            0.17526615802355033,
            -0.0180960606825827,
            -0.2500387746925867,
            0.025385599790486893,
            0.05374995313128316,
            0.02826441352233571,
            -0.0015971473073314415,
            0.038973909650324705,
            -0.0051346925237367854,
            -0.0029084063412207228,
            -0.03116850504856877,
            0.011464210179029702,
            -0.029205202590745452,
            -0.007142641860891462
        ],
        [
            0.3344689362015597,
            0.22062295772181073,
            -0.0036962925188662415,
            -0.053672164418823096,
            0.007607132078962977,
            0.1119591212232344,
            0.1336902751849781,
            -0.00886832456001596,
            -0.14893154340279963,
            0.016723971174761324,
            0.02551652107958169,
            0.022922989462457084,
            -0.0016280473152736055,
            -0.03140680599394944,
            0.00755090058442492,
            -0.024712121682132306,
            -0.03372656036505252,
            0.004426642736274637,
            -0.013539014216966159,
            -0.0024917621704140277
        ],
        [
            -0.012218665235368785,
            -0.0036962925188662415,
            0.0012173116085536578,
            0.01820993757562196,
            -0.002233482509731364,
            0.02135370130842475,
            0.002401464400619027,
            0.0008796069771947122,
            0.004775416283311039,
            0.00012644644410656235,
            -0.005791025381217384,
            0.0014920174571516306,
            -0.0011476618821258785,
            -0.012466999181382808,
            0.003429712291599921,
            0.000383873707316519,
            0.00036040883332896426,
            -0.001791401638706209,
            0.004709584303855448,
            0.0010022333347434065
        ],
        [
            -0.17991439770928816,
            -0.053672164418823096,
            0.01820993757562196,
            0.2738047997699722,
            -0.03351372584021211,
            0.3260247143605066,
            0.04286936645463889,
            0.013369396042881846,
            0.0783832284763882,
            0.00017400755163383814,
            -0.0661704089332111,
            0.03620304587708313,
            -0.018262646581715773,
            -0.1812116952692364,
            0.05154587239277775,
            0.024321523082396233,
            0.02062108007744894,
            -0.02518293724581877,
            0.06564152152467087,
            0.01418982533857682
        ],
        [
            0.023615999782649836,
            0.007607132078962977,
            -0.002233482509731364,
            -0.03351372584021211,
            0.004111959696846785,
            -0.03896057256717197,
            -0.004412322817784726,
            -0.001676680311030353,
            -0.01037480758280168,
            7.892637044986428e-05,
            0.00829836807045554,
            -0.0037459198196492572,
            0.001997719062043503,
            0.022452578016498356,
            -0.006112236026816397,
            -0.0014309816662805138,
            -0.0016146132537191635,
            0.0029745250220701725,
            -0.007662839305109132,
            -0.001695701103088832
        ],
        [
            0.03671630264656675,
            0.1119591212232344,
            0.02135370130842475,
            0.3260247143605066,
            -0.03896057256717197,
            0.5455819234081093,
            0.18630085361842982,
            0.011723926233794837,
            0.014266278993672065,
            0.006697968040735196,
            0.004976482873872469,
            0.10208229368067365,
            -0.023190786112753516,
            -0.26473123293360457,
            0.0721101394696884,
            0.03170655448820006,
            0.0250205814497421,
            -0.020639377708853168,
            0.046868442407888906,
            0.012635148506133068
        ],
        [
            0.17526615802355033,
            0.1336902751849781,
            0.002401464400619027,
            0.04286936645463889,
            -0.004412322817784726,
            0.18630085361842982,
            0.12901969658956647,
            -0.0005160762318880765,
            -0.02646175821420921,
            -0.0005446619607439149,
            0.11464376759350392,
            0.08100939017870432,
            -0.002302083785765317,
            -0.060895625111982904,
            0.013877723392240486,
            0.025346206556906607,
            0.02598855090315927,
            0.010939441729669392,
            -0.0379438570834925,
            -0.004621624397855709
        ],
        [
            -0.0180960606825827,
            -0.00886832456001596,
            0.0008796069771947122,
            0.013369396042881846,
            -0.001676680311030353,
            0.011723926233794837,
            -0.0005160762318880765,
            0.0010143604939499462,
            0.012636205863883726,
            -0.0015606924717348621,
            0.005545370720218675,
            0.003155747803236292,
            0.0005200137378126149,
            -0.008397906490127198,
            0.0010046554103899875,
            -0.002397663544241419,
            0.000907307801743681,
            0.0005139389003073165,
            -0.002389281599883005,
            -7.588823111283962e-05
        ],
        [
            -0.2500387746925867,
            -0.14893154340279963,
            0.004775416283311039,
            0.0783832284763882,
            -0.01037480758280168,
            0.014266278993672065,
            -0.02646175821420921,
            0.012636205863883726,
            0.24493757406323138,
            -0.041366330497822366,
            0.24520770533997074,
            0.07543476644722728,
            0.02797627364725887,
            -0.03481370519530495,
            -0.021787022113005032,
            -0.04922560740666956,
            0.030310787130608773,
            0.04026214104286302,
            -0.13286548677185153,
            -0.017071919938373138
        ],
        [
            0.025385599790486893,
            0.016723971174761324,
            0.00012644644410656235,
            0.00017400755163383814,
            7.892637044986428e-05,
            0.006697968040735196,
            -0.0005446619607439149,
            -0.0015606924717348621,
            -0.041366330497822366,
            0.008234723883464513,
            -0.06066329929593441,
            -0.017661412854053146,
            -0.0067272182404401245,
            -0.0009547095543453978,
            0.006921208379087418,
            0.010549181207825397,
            -0.005784893467263345,
            -0.010466160685347725,
            0.03349358071608508,
            0.004672279596878251
        ],
        [
            0.05374995313128316,
            0.02551652107958169,
            -0.005791025381217384,
            -0.0661704089332111,
            0.00829836807045554,
            0.004976482873872469,
            0.11464376759350392,
            0.005545370720218675,
            0.24520770533997074,
            -0.06066329929593441,
            0.5854785279163965,
            0.2090137100885449,
            0.04818511201325548,
            0.036425932809950205,
            -0.05438871108306986,
            -0.014916151629039372,
            0.09017026307333549,
            0.09412893596656466,
            -0.2971535085182409,
            -0.04312349489235635
        ],
        [
            0.02826441352233571,
            0.022922989462457084,
            0.0014920174571516306,
            0.03620304587708313,
            -0.0037459198196492572,
            0.10208229368067365,
            0.08100939017870432,
            0.003155747803236292,
            0.07543476644722728,
            -0.017661412854053146,
            0.2090137100885449,
            0.140927405043255,
            -0.00928789913134853,
            0.027226216281083713,
            0.005362046220500528,
            0.16657214459293135,
            0.14140901553829235,
            0.01703346848089747,
            -0.05271133544685266,
            -0.008098198752877192
        ],
        [
            -0.0015971473073314415,
            -0.0016280473152736055,
            -0.0011476618821258785,
            -0.018262646581715773,
            0.001997719062043503,
            -0.023190786112753516,
            -0.002302083785765317,
            0.0005200137378126149,
            0.02797627364725887,
            -0.0067272182404401245,
            0.04818511201325548,
            -0.00928789913134853,
            0.015257320988123742,
            -0.01497761146188673,
            -0.012873028808540087,
            -0.07936677704969543,
            -0.04181867924020529,
            0.014487822599652901,
            -0.04704150891166667,
            -0.006355307824946967
        ],
        [
            0.038973909650324705,
            -0.03140680599394944,
            -0.012466999181382808,
            -0.1812116952692364,
            0.022452578016498356,
            -0.26473123293360457,
            -0.060895625111982904,
            -0.008397906490127198,
            -0.03481370519530495,
            -0.0009547095543453978,
            0.036425932809950205,
            0.027226216281083713,
            -0.01497761146188673,
            0.2184717891530297,
            -0.024116662982717644,
            0.20086883114569032,
            0.12730556895441691,
            0.00011687280502350427,
            0.015073650804577196,
            -0.0029454738233544503
        ],
        [
            -0.0051346925237367854,
            0.00755090058442492,
            0.003429712291599921,
            0.05154587239277775,
            -0.006112236026816397,
            0.0721101394696884,
            0.013877723392240486,
            0.0010046554103899875,
            -0.021787022113005032,
            0.006921208379087418,
            -0.05438871108306986,
            0.005362046220500528,
            -0.012873028808540087,
            -0.024116662982717644,
            0.017495303123564607,
            0.045409940723796054,
            0.02035135912533607,
            -0.01466315480253777,
            0.04483190929968832,
            0.0069517138464388235
        ],
        [
            -0.0029084063412207228,
            -0.024712121682132306,
            0.000383873707316519,
            0.024321523082396233,
            -0.0014309816662805138,
            0.03170655448820006,
            0.025346206556906607,
            -0.002397663544241419,
            -0.04922560740666956,
            0.010549181207825397,
            -0.014916151629039372,
            0.16657214459293135,
            -0.07936677704969543,
            0.20086883114569032,
            0.045409940723796054,
            0.5784826347227623,
            0.3635395214556034,
            -0.04756296431533692,
            0.16425079029947084,
            0.018971527650743364
        ],
        [
            -0.03116850504856877,
            -0.03372656036505252,
            0.00036040883332896426,
            0.02062108007744894,
            -0.0016146132537191635,
            0.0250205814497421,
            0.02598855090315927,
            0.000907307801743681,
            0.030310787130608773,
            -0.005784893467263345,
            0.09017026307333549,
            0.14140901553829235,
            -0.04181867924020529,
            0.12730556895441691,
            0.02035135912533607,
            0.3635395214556034,
            0.24820848486034527,
            -0.014512469627113597,
            0.053997685061649946,
            0.005042334240205047
        ],
        [
            0.011464210179029702,
            0.004426642736274637,
            -0.001791401638706209,
            -0.02518293724581877,
            0.0029745250220701725,
            -0.020639377708853168,
            0.010939441729669392,
            0.0005139389003073165,
            0.04026214104286302,
            -0.010466160685347725,
            0.09412893596656466,
            0.01703346848089747,
            0.014487822599652901,
            0.00011687280502350427,
            -0.01466315480253777,
            -0.04756296431533692,
            -0.014512469627113597,
            0.019351626570564166,
            -0.06146689700338061,
            -0.00877721237507534
        ],
        [
            -0.029205202590745452,
            -0.013539014216966159,
            0.004709584303855448,
            0.06564152152467087,
            -0.007662839305109132,
            0.046868442407888906,
            -0.0379438570834925,
            -0.002389281599883005,
            -0.13286548677185153,
            0.03349358071608508,
            -0.2971535085182409,
            -0.05271133544685266,
            -0.04704150891166667,
            0.015073650804577196,
            0.04483190929968832,
            0.16425079029947084,
            0.053997685061649946,
            -0.06146689700338061,
            0.19637078076931871,
            0.027662678977125668
        ],
        [
            -0.007142641860891462,
            -0.0024917621704140277,
            0.0010022333347434065,
            0.01418982533857682,
            -0.001695701103088832,
            0.012635148506133068,
            -0.004621624397855709,
            -7.588823111283962e-05,
            -0.017071919938373138,
            0.004672279596878251,
            -0.04312349489235635,
            -0.008098198752877192,
            -0.006355307824946967,
            -0.0029454738233544503,
            0.0069517138464388235,
            0.018971527650743364,
            0.005042334240205047,
            -0.00877721237507534,
            0.027662678977125668,
            0.004023151749407776
        ]
    ]
}