{
    "opt_E": -2.148308239651493,
    "HF_E": -2.1165295648070757,
    "B3LYP_E": -2.1188500439661935,
    "sto-3G_E": -2.0896787029088326,
    "proj": [
        [
            0.5646080576463538,
            0.38056685826892156,
            -0.034732802268976744,
            -0.17461410255521986,
            -0.015851403789830222,
            0.004104153343977119,
            0.1635395701681443,
            -0.054103184768668856,
            -0.173609976601714,
            -0.004701228688385006,
            0.03993644966818287,
            0.02745379436106747,
            0.007470404507370541,
            0.0691428711436067,
            0.004209789042886545,
            0.0024860484212317078,
            -0.03418538306239392,
            -0.00596847584955791,
            -0.026803829089084193,
            0.007965246355077114
        ],
        [
            0.38056685826892156,
            0.26987777528829904,
            -0.014973349655297442,
            -0.07948807138674512,
            -0.007666379090743406,
            0.07107572308671266,
            0.13345865103874266,
            -0.033829192908578394,
            -0.11936974618122316,
            -0.003898729334982102,
            0.039817230091762426,
            0.022202001816560686,
            -0.00011630530469558038,
            -0.013638171877931433,
            -0.0002593061048408197,
            -0.03979500567707012,
            -0.048110298201689515,
            -0.006668231645151311,
            -0.032941170276358206,
            0.0068796007189551745
        ],
        [
            -0.034732802268976744,
            -0.014973349655297442,
            0.010478292374650557,
            0.04837128857227711,
            0.003969878299282601,
            0.06284889760496389,
            0.010369792429952264,
            0.004961539440935303,
            -0.007709384039588598,
            -0.003258518339080531,
            -0.00530888655748648,
            0.010362324775170783,
            -0.00032263239688159166,
            -0.044238167744619375,
            -0.010190263198630362,
            0.005017610308009724,
            0.005550368057484986,
            0.00262030406303235,
            0.012553181330618422,
            -0.0036396606251274228
        ],
        [
            -0.17461410255521986,
            -0.07948807138674512,
            0.04837128857227711,
            0.22375700965060907,
            0.018414947774179402,
            0.2833496305956194,
            0.04148888802862216,
            0.0241240827285017,
            -0.02922378199337321,
            -0.014545820108048545,
            -0.025487502352432467,
            0.045295236962548904,
            -0.0018603705436356763,
            -0.20249709790623735,
            -0.04592568056738958,
            0.020821873814627138,
            0.024965279586309657,
            0.011934130465578247,
            0.05703108386138156,
            -0.01660719103241401
        ],
        [
            -0.015851403789830222,
            -0.007666379090743406,
            0.003969878299282601,
            0.018414947774179402,
            0.0015298414665599546,
            0.022062217468505934,
            0.0022619559583900613,
            0.0020874769296478856,
            -0.0030002793740583353,
            -0.001373111271341062,
            -0.004232689681207154,
            0.002684566675206621,
            -0.00017321506352783344,
            -0.016654437848338602,
            -0.0037867831394057046,
            0.0009758433923803389,
            0.0014306430368874105,
            0.0011862112712091525,
            0.005633461368799349,
            -0.0015758510457971183
        ],
        [
            0.004104153343977119,
            0.07107572308671266,
            0.06284889760496389,
            0.2833496305956194,
            0.022062217468505934,
            0.5040967838666139,
            0.18112350165785404,
            0.013630101093399285,
            -0.06552598528367985,
            -0.01333802582810022,
            0.0926320035961425,
            0.12660402819786074,
            -0.002612817299487769,
            -0.30077315860000753,
            -0.06443590235488893,
            0.04027994104669439,
            0.03965435647252786,
            0.0028322229740022843,
            0.014398136571031216,
            -0.009218046915117973
        ],
        [
            0.1635395701681443,
            0.13345865103874266,
            0.010369792429952264,
            0.04148888802862216,
            0.0022619559583900613,
            0.18112350165785404,
            0.12222543398796609,
            -0.010380178114337243,
            -0.02577720205108104,
            0.0025581378748316857,
            0.11416006603663467,
            0.07692814530940753,
            0.000923434783623063,
            -0.06845493362550517,
            -0.015125302506783631,
            0.033971017517016026,
            0.02450788273012154,
            -0.008608118000148747,
            -0.03950596297385541,
            0.0074743477823834515
        ],
        [
            -0.054103184768668856,
            -0.033829192908578394,
            0.004961539440935303,
            0.0241240827285017,
            0.0020874769296478856,
            0.013630101093399285,
            -0.010380178114337243,
            0.0057308289793826265,
            0.018349004732723034,
            0.000702806491376769,
            0.002150102838414532,
            -0.0005685322930673165,
            -0.001729766256574501,
            -0.017847377917225522,
            -0.0007875991655960311,
            -0.007284939964924159,
            -0.0005393670911765982,
            -0.000313215573891309,
            -0.002052049271653754,
            -8.041533062144672e-05
        ],
        [
            -0.173609976601714,
            -0.11936974618122316,
            -0.007709384039588598,
            -0.02922378199337321,
            -0.0030002793740583353,
            -0.06552598528367985,
            -0.02577720205108104,
            0.018349004732723034,
            0.3068623279597741,
            0.04769785404111922,
            0.30997423555630654,
            0.050575898132704654,
            -0.017213707465662986,
            0.05204274322573191,
            0.0551424302474737,
            -0.051591368961544704,
            0.013546459903018695,
            -0.04512357523571872,
            -0.21911403779829913,
            0.04728905083116534
        ],
        [
            -0.004701228688385006,
            -0.003898729334982102,
            -0.003258518339080531,
            -0.014545820108048545,
            -0.001373111271341062,
            -0.01333802582810022,
            0.0025581378748316857,
            0.000702806491376769,
            0.04769785404111922,
            0.008485593220010511,
            0.05807855243395259,
            0.010403558079030768,
            -0.002671612987155246,
            0.014137602744258657,
            0.010333733983222373,
            -0.008430537135552507,
            0.0013462404904619996,
            -0.008451583009710708,
            -0.04089379405265514,
            0.008967172440516525
        ],
        [
            0.03993644966818287,
            0.039817230091762426,
            -0.00530888655748648,
            -0.025487502352432467,
            -0.004232689681207154,
            0.0926320035961425,
            0.11416006603663467,
            0.002150102838414532,
            0.30997423555630654,
            0.05807855243395259,
            0.4919922025464221,
            0.1597166105472599,
            -0.011506411839599502,
            0.03989343252044865,
            0.04493136446227672,
            0.041398008936841126,
            0.08040197977516353,
            -0.059506408228893956,
            -0.28318212666683984,
            0.06181702290799858
        ],
        [
            0.02745379436106747,
            0.022202001816560686,
            0.010362324775170783,
            0.045295236962548904,
            0.002684566675206621,
            0.12660402819786074,
            0.07692814530940753,
            -0.0005685322930673165,
            0.050575898132704654,
            0.010403558079030768,
            0.1597166105472599,
            0.11609267297009523,
            0.012178113964631677,
            0.01782814245341111,
            -0.018328397488657278,
            0.17479950965827568,
            0.13063109515666171,
            -0.006707545620582514,
            -0.02374581880885348,
            0.007042834691154063
        ],
        [
            0.007470404507370541,
            -0.00011630530469558038,
            -0.00032263239688159166,
            -0.0018603705436356763,
            -0.00017321506352783344,
            -0.002612817299487769,
            0.000923434783623063,
            -0.001729766256574501,
            -0.017213707465662986,
            -0.002671612987155246,
            -0.011506411839599502,
            0.012178113964631677,
            0.005964195428702406,
            0.023005331727499512,
            -0.0074987474771535745,
            0.053687583496419194,
            0.03306177019220075,
            0.004841976877995635,
            0.025871441115356147,
            -0.004549003110229148
        ],
        [
            0.0691428711436067,
            -0.013638171877931433,
            -0.044238167744619375,
            -0.20249709790623735,
            -0.016654437848338602,
            -0.30077315860000753,
            -0.06845493362550517,
            -0.017847377917225522,
            0.05204274322573191,
            0.014137602744258657,
            0.03989343252044865,
            0.01782814245341111,
            0.023005331727499512,
            0.29830500823843314,
            0.02326618520893511,
            0.20566758089490902,
            0.13139093621398937,
            0.0003461845772352782,
            0.01268554385535255,
            0.005643641141236233
        ],
        [
            0.004209789042886545,
            -0.0002593061048408197,
            -0.010190263198630362,
            -0.04592568056738958,
            -0.0037867831394057046,
            -0.06443590235488893,
            -0.015125302506783631,
            -0.0007875991655960311,
            0.0551424302474737,
            0.010333733983222373,
            0.04493136446227672,
            -0.018328397488657278,
            -0.0074987474771535745,
            0.02326618520893511,
            0.02264536152308574,
            -0.06507764502715321,
            -0.03795099887640012,
            -0.011607001912553047,
            -0.05865662314549512,
            0.012472031814784427
        ],
        [
            0.0024860484212317078,
            -0.03979500567707012,
            0.005017610308009724,
            0.020821873814627138,
            0.0009758433923803389,
            0.04027994104669439,
            0.033971017517016026,
            -0.007284939964924159,
            -0.051591368961544704,
            -0.008430537135552507,
            0.041398008936841126,
            0.17479950965827568,
            0.053687583496419194,
            0.20566758089490902,
            -0.06507764502715321,
            0.5428406422569974,
            0.35781201808533314,
            0.030097144674505777,
            0.17084651836102244,
            -0.027272233298330704
        ],
        [
            -0.03418538306239392,
            -0.048110298201689515,
            0.005550368057484986,
            0.024965279586309657,
            0.0014306430368874105,
            0.03965435647252786,
            0.02450788273012154,
            -0.0005393670911765982,
            0.013546459903018695,
            0.0013462404904619996,
            0.08040197977516353,
            0.13063109515666171,
            0.03306177019220075,
            0.13139093621398937,
            -0.03795099887640012,
            0.35781201808533314,
            0.24451288393630774,
            0.013277692424456049,
            0.08104018978721968,
            -0.011362720980984514
        ],
        [
            -0.00596847584955791,
            -0.006668231645151311,
            0.00262030406303235,
            0.011934130465578247,
            0.0011862112712091525,
            0.0028322229740022843,
            -0.008608118000148747,
            -0.000313215573891309,
            -0.04512357523571872,
            -0.008451583009710708,
            -0.059506408228893956,
            -0.006707545620582514,
            0.004841976877995635,
            0.0003461845772352782,
            -0.011607001912553047,
            0.030097144674505777,
            0.013277692424456049,
            0.009777067894981922,
            0.04830397792619304,
            -0.01006013388156431
        ],
        [
            -0.026803829089084193,
            -0.032941170276358206,
            0.012553181330618422,
            0.05703108386138156,
            0.005633461368799349,
            0.014398136571031216,
            -0.03950596297385541,
            -0.002052049271653754,
            -0.21911403779829913,
            -0.04089379405265514,
            -0.28318212666683984,
            -0.02374581880885348,
            0.025871441115356147,
            0.01268554385535255,
            -0.05865662314549512,
            0.17084651836102244,
            0.08104018978721968,
            0.04830397792619304,
            0.23974509359429746,
            -0.04950048965620134
        ],
        [
            0.007965246355077114,
            0.0068796007189551745,
            -0.0036396606251274228,
            -0.01660719103241401,
            -0.0015758510457971183,
            -0.009218046915117973,
            0.0074743477823834515,
            -8.041533062144672e-05,
            0.04728905083116534,
            0.008967172440516525,
            0.06181702290799858,
            0.007042834691154063,
            -0.004549003110229148,
            0.005643641141236233,
            0.012472031814784427,
            -0.027272233298330704,
            -0.011362720980984514,
            -0.01006013388156431,
            -0.04950048965620134,
            0.010472927170456824
        ]
    ]
}