{
    "opt_E": -2.173608982203692,
    "HF_E": -2.1441017427450033,
    "B3LYP_E": -2.1461963215677393,
    "sto-3G_E": -2.1289040127007732,
    "proj": [
        [
            0.5520467928493215,
            0.3542661312882926,
            -0.010935090726623,
            -0.18055522153838918,
            0.012153650050361012,
            0.025450257719085215,
            0.17433651137997222,
            -0.02462547891028687,
            -0.2194997258976377,
            0.019701515714113525,
            0.049715966552903744,
            0.027611697454900795,
            -0.0036077576411060355,
            0.05429062391986475,
            0.001510858941976011,
            0.002332156996717564,
            -0.03567151286349245,
            0.0043917775782777325,
            -0.034638441643044485,
            -0.0031107803204849225
        ],
        [
            0.3542661312882926,
            0.240458165845228,
            -0.003924204891837606,
            -0.07299556353327795,
            0.004742973506416669,
            0.08728878750447215,
            0.13496474967185035,
            -0.012800339701079685,
            -0.13645281038923532,
            0.010910693113355402,
            0.04130513757605637,
            0.02217100040827635,
            0.0027604252213551824,
            -0.0242342013245066,
            -0.0003796411432334057,
            -0.03471112174933306,
            -0.04329574785732083,
            0.004086455151288696,
            -0.033663718728135505,
            -0.002857015700520095
        ],
        [
            -0.010935090726623,
            -0.003924204891837606,
            0.0013605246381709624,
            0.018875224431838776,
            -0.0013439993218666007,
            0.023206363908969043,
            0.0033307511803814965,
            0.0018973677511332613,
            -0.0005378075494905733,
            -0.0009375444517196577,
            -0.005295708208308178,
            0.00317675984486395,
            0.0006013250329193795,
            -0.01440662492425339,
            0.0005564609064986504,
            0.0024084956169111117,
            0.002325755196073412,
            -0.0010427888479055826,
            0.00721460335270097,
            0.0007168100196689735
        ],
        [
            -0.18055522153838918,
            -0.07299556353327795,
            0.018875224431838776,
            0.2648948933979334,
            -0.018764359275516673,
            0.3152029705144233,
            0.03952241757631277,
            0.025959256812024756,
            0.021157045436622057,
            -0.013901116082249376,
            -0.04962624799540261,
            0.04777831608934586,
            0.009264847785226925,
            -0.1999577941052946,
            0.006416926990116119,
            0.02898704494172109,
            0.034304087549334034,
            -0.012027833485662272,
            0.08230505765216448,
            0.008216950631153932
        ],
        [
            0.012153650050361012,
            0.004742973506416669,
            -0.0013439993218666007,
            -0.018764359275516673,
            0.0013329025181208977,
            -0.02247566549719435,
            -0.0028415385123567068,
            -0.0018789546306445587,
            -0.0005266834318204303,
            0.0009663251702898849,
            0.004667432895651607,
            -0.0030267762911021,
            -0.0006442785573231669,
            0.014357307551768502,
            -0.0004870443280593904,
            -0.0018110883743546805,
            -0.0020956771758699278,
            0.0009448053341853135,
            -0.006505621401019892,
            -0.0006490570491580346
        ],
        [
            0.025450257719085215,
            0.08728878750447215,
            0.023206363908969043,
            0.3152029705144233,
            -0.02247566549719435,
            0.5263150607155042,
            0.17961196801749768,
            0.023051867848381164,
            -0.034909783530038756,
            -0.011124170870895508,
            0.04190159968475059,
            0.119552743250595,
            0.015195846955769669,
            -0.2880576529515592,
            0.00798580998883011,
            0.047981216759473456,
            0.04564760447838918,
            -0.008621862223583267,
            0.05194132545160793,
            0.005562251523183178
        ],
        [
            0.17433651137997222,
            0.13496474967185035,
            0.0033307511803814965,
            0.03952241757631277,
            -0.0028415385123567068,
            0.17961196801749768,
            0.12445334642124695,
            -0.004137850038201738,
            -0.028962082723946656,
            0.0023950428154799436,
            0.11102664615180918,
            0.07499961686916198,
            0.004761544499760857,
            -0.06574051569526913,
            0.0010136043944343571,
            0.031961398222189116,
            0.023641498628867386,
            0.005070686212512837,
            -0.0416445534075873,
            -0.003859165877686075
        ],
        [
            -0.02462547891028687,
            -0.012800339701079685,
            0.0018973677511332613,
            0.025959256812024756,
            -0.0018789546306445587,
            0.023051867848381164,
            -0.004137850038201738,
            0.0035999473668484,
            -0.0075167536613506905,
            -0.001457556930809379,
            -0.0271122005108507,
            -0.003664364153357793,
            0.0003342776566755203,
            -0.017998042298223736,
            0.0011566640513660748,
            0.0006945750743395171,
            -0.00021018039816352529,
            -0.002911574517113912,
            0.02101103102281494,
            0.002056563743129453
        ],
        [
            -0.2194997258976377,
            -0.13645281038923532,
            -0.0005378075494905733,
            0.021157045436622057,
            -0.0005266834318204303,
            -0.034909783530038756,
            -0.028962082723946656,
            -0.0075167536613506905,
            0.2830688536342944,
            -0.0071290421155987835,
            0.28825843079593794,
            0.057767675123922384,
            0.010821266399563031,
            -0.009456177885362245,
            -0.014013037926879721,
            -0.04441466358229423,
            0.021352522777744062,
            0.028285179640227708,
            -0.20751769027420355,
            -0.02008043984504749
        ],
        [
            0.019701515714113525,
            0.010910693113355402,
            -0.0009375444517196577,
            -0.013901116082249376,
            0.0009663251702898849,
            -0.011124170870895508,
            0.0023950428154799436,
            -0.001457556930809379,
            -0.0071290421155987835,
            0.0009828030883186057,
            0.0013730908270419583,
            -0.0011679626959849663,
            -0.0005640749179860351,
            0.009281667461655518,
            -7.047672785794883e-05,
            0.0003861467103049071,
            -0.0014040479930650836,
            0.00033511773073593385,
            -0.002269833007228735,
            -0.00022890543298408959
        ],
        [
            0.049715966552903744,
            0.04130513757605637,
            -0.005295708208308178,
            -0.04962624799540261,
            0.004667432895651607,
            0.04190159968475059,
            0.11102664615180918,
            -0.0271122005108507,
            0.28825843079593794,
            0.0013730908270419583,
            0.5223312949000355,
            0.16715916160198357,
            0.010234043117164044,
            0.031412006268750854,
            -0.015127503571228145,
            0.04405598595412332,
            0.08543069428623275,
            0.04358204753485596,
            -0.3217395422290039,
            -0.031318523220226734
        ],
        [
            0.027611697454900795,
            0.02217100040827635,
            0.00317675984486395,
            0.04777831608934586,
            -0.0030267762911021,
            0.119552743250595,
            0.07499961686916198,
            -0.003664364153357793,
            0.057767675123922384,
            -0.0011679626959849663,
            0.16715916160198357,
            0.12168882833531101,
            -0.004555634594219416,
            0.025629182698791487,
            0.0054332960789074385,
            0.17998003854001865,
            0.13483550806734942,
            0.0037765040267709305,
            -0.028404793254387474,
            -0.0033381274437122663
        ],
        [
            -0.0036077576411060355,
            0.0027604252213551824,
            0.0006013250329193795,
            0.009264847785226925,
            -0.0006442785573231669,
            0.015195846955769669,
            0.004761544499760857,
            0.0003342776566755203,
            0.010821266399563031,
            -0.0005640749179860351,
            0.010234043117164044,
            -0.004555634594219416,
            0.0030943558528901396,
            -0.02487827808924354,
            -0.0019885885470894526,
            -0.033875359881524306,
            -0.019823426063644293,
            0.002285052710027062,
            -0.017604599869259243,
            -0.001546215089600738
        ],
        [
            0.05429062391986475,
            -0.0242342013245066,
            -0.01440662492425339,
            -0.1999577941052946,
            0.014357307551768502,
            -0.2880576529515592,
            -0.06574051569526913,
            -0.017998042298223736,
            -0.009456177885362245,
            0.009281667461655518,
            0.031412006268750854,
            0.025629182698791487,
            -0.02487827808924354,
            0.2873603305778757,
            0.007532961761593266,
            0.2259612685911491,
            0.13702653158199518,
            -0.0027850427233142203,
            0.029833347356747777,
            0.0015752340816491813
        ],
        [
            0.001510858941976011,
            -0.0003796411432334057,
            0.0005564609064986504,
            0.006416926990116119,
            -0.0004870443280593904,
            0.00798580998883011,
            0.0010136043944343571,
            0.0011566640513660748,
            -0.014013037926879721,
            -7.047672785794883e-05,
            -0.015127503571228145,
            0.0054332960789074385,
            -0.0019885885470894526,
            0.007532961761593266,
            0.0021179766409532034,
            0.02771030872534355,
            0.01602216153290658,
            -0.002860624228128006,
            0.0212412647098298,
            0.0019555357286260024
        ],
        [
            0.002332156996717564,
            -0.03471112174933306,
            0.0024084956169111117,
            0.02898704494172109,
            -0.0018110883743546805,
            0.047981216759473456,
            0.031961398222189116,
            0.0006945750743395171,
            -0.04441466358229423,
            0.0003861467103049071,
            0.04405598595412332,
            0.17998003854001865,
            -0.033875359881524306,
            0.2259612685911491,
            0.02771030872534355,
            0.5364088562402728,
            0.3486578728834771,
            -0.023384789516103132,
            0.17797092949187404,
            0.015076134397469599
        ],
        [
            -0.03567151286349245,
            -0.04329574785732083,
            0.002325755196073412,
            0.034304087549334034,
            -0.0020956771758699278,
            0.04564760447838918,
            0.023641498628867386,
            -0.00021018039816352529,
            0.021352522777744062,
            -0.0014040479930650836,
            0.08543069428623275,
            0.13483550806734942,
            -0.019823426063644293,
            0.13702653158199518,
            0.01602216153290658,
            0.3486578728834771,
            0.23643560954546022,
            -0.01045733029779848,
            0.08051207755411281,
            0.00639244307387352
        ],
        [
            0.0043917775782777325,
            0.004086455151288696,
            -0.0010427888479055826,
            -0.012027833485662272,
            0.0009448053341853135,
            -0.008621862223583267,
            0.005070686212512837,
            -0.002911574517113912,
            0.028285179640227708,
            0.00033511773073593385,
            0.04358204753485596,
            0.0037765040267709305,
            0.002285052710027062,
            -0.0027850427233142203,
            -0.002860624228128006,
            -0.023384789516103132,
            -0.01045733029779848,
            0.005198869765279468,
            -0.03842204470298762,
            -0.0036388071557888484
        ],
        [
            -0.034638441643044485,
            -0.033663718728135505,
            0.00721460335270097,
            0.08230505765216448,
            -0.006505621401019892,
            0.05194132545160793,
            -0.0416445534075873,
            0.02101103102281494,
            -0.20751769027420355,
            -0.002269833007228735,
            -0.3217395422290039,
            -0.028404793254387474,
            -0.017604599869259243,
            0.029833347356747777,
            0.0212412647098298,
            0.17797092949187404,
            0.08051207755411281,
            -0.03842204470298762,
            0.28429944368643795,
            0.026887203898823393
        ],
        [
            -0.0031107803204849225,
            -0.002857015700520095,
            0.0007168100196689735,
            0.008216950631153932,
            -0.0006490570491580346,
            0.005562251523183178,
            -0.003859165877686075,
            0.002056563743129453,
            -0.02008043984504749,
            -0.00022890543298408959,
            -0.031318523220226734,
            -0.0033381274437122663,
            -0.001546215089600738,
            0.0015752340816491813,
            0.0019555357286260024,
            0.015076134397469599,
            0.00639244307387352,
            -0.0036388071557888484,
            0.026887203898823393,
            0.00255114398049755
        ]
    ]
}