{
    "opt_E": -2.1997779035496166,
    "HF_E": -2.1690298425780914,
    "B3LYP_E": -2.170834056728103,
    "sto-3G_E": -2.1573582070628325,
    "proj": [
        [
            0.5309096740408423,
            0.32868065884136355,
            -0.006869279999379913,
            -0.16572859135734283,
            0.046356901941173326,
            0.06131040642458395,
            0.18610597668464282,
            -0.0026736543524765143,
            -0.24553178026018033,
            0.09574879936400528,
            0.026980624113711413,
            0.032194152410791654,
            -0.0016890014678570102,
            0.024566835430900782,
            0.00445089067271734,
            0.0007570442800877726,
            -0.03060219530968802,
            0.0016578110873901606,
            -0.012871498664872737,
            -0.00040398502971362825
        ],
        [
            0.32868065884136355,
            0.21393935385247875,
            -0.0033186035815784844,
            -0.062146846137855906,
            0.014930264729733413,
            0.10530216797492901,
            0.1360531563058486,
            -0.001804514901630187,
            -0.13826377850422927,
            0.05100860633880478,
            0.03145208633950087,
            0.02781201631605344,
            -0.005404198421851823,
            -0.028988931118845082,
            -0.004545532302858075,
            -0.02594146393693048,
            -0.03264908089547885,
            0.0015463183479623229,
            -0.018025450026077767,
            -0.0014010444880715942
        ],
        [
            -0.006869279999379913,
            -0.0033186035815784844,
            0.0001762440901793216,
            0.006124974494099762,
            -0.00195655305453896,
            0.0058036982288264165,
            -0.0003406506984054802,
            1.0685449305256002e-05,
            0.004394577398761833,
            -0.0020370944694916397,
            0.001089816666539256,
            0.0008320606462533357,
            -0.00047383314949351745,
            -0.003973840247237936,
            -0.0006793815855711288,
            -0.0009664125207795287,
            8.972316170160148e-05,
            -6.776157968817166e-07,
            -0.00032771254786216804,
            -3.788907722481132e-05
        ],
        [
            -0.16572859135734283,
            -0.062146846137855906,
            0.006124974494099762,
            0.2651153933117128,
            -0.08885793578778012,
            0.3189242731302056,
            0.026807001053077144,
            -0.010407995019816242,
            0.08098328965581023,
            -0.0826252998444255,
            -0.05167941271230379,
            0.03575353607202155,
            -0.03513966645459783,
            -0.16549696092780875,
            -0.02783768189872958,
            0.031915935180992755,
            0.024935893614651896,
            -0.005948354142067558,
            0.06722204036353843,
            0.010012233398459289
        ],
        [
            0.046356901941173326,
            0.014930264729733413,
            -0.00195655305453896,
            -0.08885793578778012,
            0.030077375376613095,
            -0.11161728184523753,
            -0.011695574285756946,
            0.004277372448317651,
            -0.019548210077433358,
            0.027403524413106135,
            0.02485854567206119,
            -0.010541452856832013,
            0.012665338391591617,
            0.05671646726688651,
            0.009449283919876867,
            -0.011776208882286174,
            -0.007126793721219174,
            0.0023594438932657046,
            -0.027345763950653273,
            -0.004043537527078444
        ],
        [
            0.06131040642458395,
            0.10530216797492901,
            0.0058036982288264165,
            0.3189242731302056,
            -0.11161728184523753,
            0.550686471705863,
            0.17081603635611403,
            -0.012776187919613288,
            0.009479301186459354,
            -0.06661080587450129,
            0.001372975203368398,
            0.09855105219320737,
            -0.053117790912437866,
            -0.2530858378062432,
            -0.04307856718114289,
            0.040983547379538965,
            0.02624677896857991,
            -0.005441460105835028,
            0.05967097978422806,
            0.010377471100666547
        ],
        [
            0.18610597668464282,
            0.1360531563058486,
            -0.0003406506984054802,
            0.026807001053077144,
            -0.011695574285756946,
            0.17081603635611403,
            0.1275298587196355,
            0.004638661510677413,
            -0.027379029082680428,
            0.02403670839459343,
            0.11942204393435056,
            0.07927666274650254,
            -0.008978958566355472,
            -0.054686078655070414,
            -0.010694523605942464,
            0.01926093385248504,
            0.021799877876290598,
            0.003617071694549649,
            -0.04604487286987848,
            -0.005114955607125078
        ],
        [
            -0.0026736543524765143,
            -0.001804514901630187,
            1.0685449305256002e-05,
            -0.010407995019816242,
            0.004277372448317651,
            -0.012776187919613288,
            0.004638661510677413,
            0.004196297831788959,
            0.021622857416197176,
            0.006306947849292138,
            0.04724964945688921,
            0.013552716607672839,
            0.004157529959426476,
            0.005806141785811174,
            0.0004496590482227082,
            -0.00473257806070203,
            0.005380212543872179,
            0.0022162265274989754,
            -0.028473301209726607,
            -0.003898660858241161
        ],
        [
            -0.24553178026018033,
            -0.13826377850422927,
            0.004394577398761833,
            0.08098328965581023,
            -0.019548210077433358,
            0.009479301186459354,
            -0.027379029082680428,
            0.021622857416197176,
            0.23340150811388757,
            -0.02276714593001199,
            0.24384839487834845,
            0.069816316940011,
            0.014134232418875042,
            -0.04005223714866968,
            -0.009503473361547186,
            -0.04515554841213316,
            0.03098141229289637,
            0.010688504211482699,
            -0.14488200372139076,
            -0.0200717870304372
        ],
        [
            0.09574879936400528,
            0.05100860633880478,
            -0.0020370944694916397,
            -0.0826252998444255,
            0.027403524413106135,
            -0.06661080587450129,
            0.02403670839459343,
            0.006306947849292138,
            -0.02276714593001199,
            0.03492022090820694,
            0.06649920026278505,
            0.015279199874502238,
            0.010716481026307874,
            0.04448124441855225,
            0.006818979222205345,
            -0.002375721522906921,
            0.0031324874958194053,
            0.003669203468205834,
            -0.043774483685391115,
            -0.005959616359109536
        ],
        [
            0.026980624113711413,
            0.03145208633950087,
            0.001089816666539256,
            -0.05167941271230379,
            0.02485854567206119,
            0.001372975203368398,
            0.11942204393435056,
            0.04724964945688921,
            0.24384839487834845,
            0.06649920026278505,
            0.5790511588727802,
            0.20615472804315996,
            0.03433358491071005,
            0.018212472263679565,
            -0.003937815417065056,
            -0.0090599185523034,
            0.09416587123497723,
            0.02498452208518957,
            -0.3207843219231442,
            -0.04314787359061589
        ],
        [
            0.032194152410791654,
            0.02781201631605344,
            0.0008320606462533357,
            0.03575353607202155,
            -0.010541452856832013,
            0.09855105219320737,
            0.07927666274650254,
            0.013552716607672839,
            0.069816316940011,
            0.015279199874502238,
            0.20615472804315996,
            0.13988334469203004,
            -0.004158193418751125,
            0.031198373723240382,
            0.0006491230306449803,
            0.1700891042865002,
            0.14296474206614082,
            0.004892888845981416,
            -0.05386956574559843,
            -0.006436765127641086
        ],
        [
            -0.0016890014678570102,
            -0.005404198421851823,
            -0.00047383314949351745,
            -0.03513966645459783,
            0.012665338391591617,
            -0.053117790912437866,
            -0.008978958566355472,
            0.004157529959426476,
            0.014134232418875042,
            0.010716481026307874,
            0.03433358491071005,
            -0.004158193418751125,
            0.008183682752044355,
            0.015988948600372636,
            0.0026159224932991213,
            -0.028244700794257747,
            -0.012215687553732896,
            0.0024537313756369506,
            -0.03197930892630114,
            -0.004575617791527595
        ],
        [
            0.024566835430900782,
            -0.028988931118845082,
            -0.003973840247237936,
            -0.16549696092780875,
            0.05671646726688651,
            -0.2530858378062432,
            -0.054686078655070414,
            0.005806141785811174,
            -0.04005223714866968,
            0.04448124441855225,
            0.018212472263679565,
            0.031198373723240382,
            0.015988948600372636,
            0.21866424569028864,
            0.03399285116011056,
            0.21428328990422923,
            0.13593559021274057,
            -0.0008648138548522947,
            0.031589755090600455,
            0.0037899162449809305
        ],
        [
            0.00445089067271734,
            -0.004545532302858075,
            -0.0006793815855711288,
            -0.02783768189872958,
            0.009449283919876867,
            -0.04307856718114289,
            -0.010694523605942464,
            0.0004496590482227082,
            -0.009503473361547186,
            0.006818979222205345,
            -0.003937815417065056,
            0.0006491230306449803,
            0.0026159224932991213,
            0.03399285116011056,
            0.0054197572279691625,
            0.02918399072410424,
            0.01724557768023772,
            -0.00031405037244598477,
            0.007059717965845281,
            0.0008563907461352721
        ],
        [
            0.0007570442800877726,
            -0.02594146393693048,
            -0.0009664125207795287,
            0.031915935180992755,
            -0.011776208882286174,
            0.040983547379538965,
            0.01926093385248504,
            -0.00473257806070203,
            -0.04515554841213316,
            -0.002375721522906921,
            -0.0090599185523034,
            0.1700891042865002,
            -0.028244700794257747,
            0.21428328990422923,
            0.02918399072410424,
            0.5689015293884496,
            0.3605525514822378,
            -0.011186571988617219,
            0.17875239550834793,
            0.025460243919203263
        ],
        [
            -0.03060219530968802,
            -0.03264908089547885,
            8.972316170160148e-05,
            0.024935893614651896,
            -0.007126793721219174,
            0.02624677896857991,
            0.021799877876290598,
            0.005380212543872179,
            0.03098141229289637,
            0.0031324874958194053,
            0.09416587123497723,
            0.14296474206614082,
            -0.012215687553732896,
            0.13593559021274057,
            0.01724557768023772,
            0.3605525514822378,
            0.2481914444823399,
            -0.0028792706358705786,
            0.05865981486237572,
            0.008718282290189379
        ],
        [
            0.0016578110873901606,
            0.0015463183479623229,
            -6.776157968817166e-07,
            -0.005948354142067558,
            0.0023594438932657046,
            -0.005441460105835028,
            0.003617071694549649,
            0.0022162265274989754,
            0.010688504211482699,
            0.003669203468205834,
            0.02498452208518957,
            0.004892888845981416,
            0.0024537313756369506,
            -0.0008648138548522947,
            -0.00031405037244598477,
            -0.011186571988617219,
            -0.0028792706358705786,
            0.0013257264559029696,
            -0.017558924753256426,
            -0.0024059463918323165
        ],
        [
            -0.012871498664872737,
            -0.018025450026077767,
            -0.00032771254786216804,
            0.06722204036353843,
            -0.027345763950653273,
            0.05967097978422806,
            -0.04604487286987848,
            -0.028473301209726607,
            -0.14488200372139076,
            -0.043774483685391115,
            -0.3207843219231442,
            -0.05386956574559843,
            -0.03197930892630114,
            0.031589755090600455,
            0.007059717965845281,
            0.17875239550834793,
            0.05865981486237572,
            -0.017558924753256426,
            0.23499286600890823,
            0.03223029437906258
        ],
        [
            -0.00040398502971362825,
            -0.0014010444880715942,
            -3.788907722481132e-05,
            0.010012233398459289,
            -0.004043537527078444,
            0.010377471100666547,
            -0.005114955607125078,
            -0.003898660858241161,
            -0.0200717870304372,
            -0.005959616359109536,
            -0.04314787359061589,
            -0.006436765127641086,
            -0.004575617791527595,
            0.0037899162449809305,
            0.0008563907461352721,
            0.025460243919203263,
            0.008718282290189379,
            -0.0024059463918323165,
            0.03223029437906258,
            0.004433846478078374
        ]
    ]
}