{
    "opt_E": -2.1892792971501,
    "HF_E": -2.1606386171183676,
    "B3LYP_E": -2.1619245147798143,
    "sto-3G_E": -2.1547500768104273,
    "proj": [
        [
            0.508391252630399,
            0.32522930221768215,
            -0.01644143192349394,
            -0.17258305031566254,
            -0.009894464598892351,
            0.0779461057901841,
            0.1893029879230864,
            -0.027209015446368258,
            -0.25977151250488306,
            -0.011694127290928393,
            0.03453577675230966,
            0.03234970991629688,
            -0.0034576308032914834,
            0.01424932663929741,
            -0.0027842052145726024,
            0.0056375977914451605,
            -0.026353744175880756,
            0.0061339581227603576,
            -0.02206736744795696,
            0.004466383826843946
        ],
        [
            0.32522930221768215,
            0.21664050175330166,
            -0.007161338346035572,
            -0.07551705651834559,
            -0.004523525115295327,
            0.10231894891028374,
            0.13770182753093596,
            -0.015018771488244015,
            -0.1481769591884579,
            -0.0062213996433649835,
            0.04034853819195117,
            0.025201109991542743,
            0.0026541305087662555,
            -0.03431682699910091,
            -0.0018700236251370762,
            -0.028258942875130155,
            -0.03171259707609342,
            0.008270750113992153,
            -0.034059504133912115,
            0.004804520580165297
        ],
        [
            -0.01644143192349394,
            -0.007161338346035572,
            0.0031692011297868713,
            0.03272516744434792,
            0.001610912878446696,
            0.034244899562123024,
            0.0018873520558455952,
            0.0025535331000608994,
            0.008720128502737073,
            -0.0001385416542652499,
            -0.009178839337041826,
            0.0032802811090020373,
            -0.0017784140083546812,
            -0.016614897671158806,
            -0.003259432100463307,
            0.001193037113403659,
            0.002135008392311236,
            -0.0028509548615421316,
            0.01017742368532992,
            -0.00161935159696229
        ],
        [
            -0.17258305031566254,
            -0.07551705651834559,
            0.03272516744434792,
            0.3387379704756807,
            0.01665878994474833,
            0.3555552170664884,
            0.02264505769825302,
            0.026510324816176548,
            0.09936199300888775,
            -0.00037719169398508297,
            -0.07647569726018412,
            0.042931517257460826,
            -0.01829776556878898,
            -0.16844014474271352,
            -0.033368106047260516,
            0.023748784936769678,
            0.031553903167937485,
            -0.027579490119588566,
            0.09782888697848242,
            -0.015734455435995904
        ],
        [
            -0.009894464598892351,
            -0.004523525115295327,
            0.001610912878446696,
            0.01665878994474833,
            0.0008306011078394785,
            0.016697931137047328,
            0.0004852441196984219,
            0.0013584952744251837,
            0.005889207016743131,
            4.8648961382301485e-05,
            -0.003511570035529526,
            0.00146605463077976,
            -0.0005835507532788273,
            -0.009042590815071238,
            -0.0014274754546994874,
            -0.0006855674797711556,
            0.0005345116720720435,
            -0.0011232886619805954,
            0.00384280248066959,
            -0.0006629146215911876
        ],
        [
            0.0779461057901841,
            0.10231894891028374,
            0.034244899562123024,
            0.3555552170664884,
            0.016697931137047328,
            0.5450624625875093,
            0.16547736746759795,
            0.019617197367214286,
            0.01455334974142028,
            -0.0030976255995202235,
            -0.0037605585061108913,
            0.10305495793498394,
            -0.019792909570248506,
            -0.23458889094973515,
            -0.042354366385342505,
            0.03446155843782343,
            0.0364547576693613,
            -0.02098804263255694,
            0.06788281476129839,
            -0.012140349867642947
        ],
        [
            0.1893029879230864,
            0.13770182753093596,
            0.0018873520558455952,
            0.02264505769825302,
            0.0004852441196984219,
            0.16547736746759795,
            0.12472563352210357,
            -0.004515647747364984,
            -0.03623963280754563,
            0.0011312098879326363,
            0.11271632054772422,
            0.07235786616981627,
            0.0007074237934884311,
            -0.05476517747803354,
            -0.005902808007380392,
            0.029240034238968978,
            0.024684416731690754,
            0.011804450958476364,
            -0.05019581378990846,
            0.006239831634304499
        ],
        [
            -0.027209015446368258,
            -0.015018771488244015,
            0.0025535331000608994,
            0.026510324816176548,
            0.0013584952744251837,
            0.019617197367214286,
            -0.004515647747364984,
            0.002534679905892489,
            0.015403274463572461,
            0.00044359403919567753,
            -0.0046546636310182,
            0.0013141663825481907,
            -0.0006027927058753046,
            -0.012209227037935103,
            -0.001733720160192334,
            -0.000897360106484664,
            0.0016473193201006608,
            -0.0015051151507544404,
            0.0051043009433706385,
            -0.0009215765782818305
        ],
        [
            -0.25977151250488306,
            -0.1481769591884579,
            0.008720128502737073,
            0.09936199300888775,
            0.005889207016743131,
            0.01455334974142028,
            -0.03623963280754563,
            0.015403274463572461,
            0.25919814447720774,
            0.020619494328225234,
            0.23187596251215437,
            0.0595318627116487,
            0.026192484442458065,
            -0.06499886400176934,
            0.0165851140879479,
            -0.02060354850125631,
            0.03649256852969397,
            0.038044833490262005,
            -0.15606798019028825,
            0.018666686565472185
        ],
        [
            -0.011694127290928393,
            -0.0062213996433649835,
            -0.0001385416542652499,
            -0.00037719169398508297,
            4.8648961382301485e-05,
            -0.0030976255995202235,
            0.0011312098879326363,
            0.00044359403919567753,
            0.020619494328225234,
            0.0020900951193956727,
            0.030368448309333707,
            0.007999108767182858,
            0.003049862036500451,
            -0.0025950278041588226,
            0.0023911568917800844,
            -0.00030773579963938434,
            0.00438832769030925,
            0.005070395396690934,
            -0.020350876361191036,
            0.0025822599974283196
        ],
        [
            0.03453577675230966,
            0.04034853819195117,
            -0.009178839337041826,
            -0.07647569726018412,
            -0.003511570035529526,
            -0.0037605585061108913,
            0.11271632054772422,
            -0.0046546636310182,
            0.23187596251215437,
            0.030368448309333707,
            0.5450077266385931,
            0.17793323744352882,
            0.04129210376690796,
            -0.008583854495489027,
            0.03404787921103535,
            0.06693382391036513,
            0.10671982479278128,
            0.08411435175744976,
            -0.3351568991885017,
            0.04365936211890424
        ],
        [
            0.03234970991629688,
            0.025201109991542743,
            0.0032802811090020373,
            0.042931517257460826,
            0.00146605463077976,
            0.10305495793498394,
            0.07235786616981627,
            0.0013141663825481907,
            0.0595318627116487,
            0.007999108767182858,
            0.17793323744352882,
            0.12548351980605793,
            -0.01232999098321118,
            0.03452002379468705,
            -0.008777372764078334,
            0.18436877811559318,
            0.13570666547972193,
            0.008805575940812785,
            -0.03379571592133214,
            0.00502663768849678
        ],
        [
            -0.0034576308032914834,
            0.0026541305087662555,
            -0.0017784140083546812,
            -0.01829776556878898,
            -0.0005835507532788273,
            -0.019792909570248506,
            0.0007074237934884311,
            -0.0006027927058753046,
            0.026192484442458065,
            0.003049862036500451,
            0.04129210376690796,
            -0.01232999098321118,
            0.014102434261899869,
            -0.030549159101761297,
            0.009592665589272928,
            -0.06868379378677923,
            -0.03683267042409776,
            0.013963684110575296,
            -0.05708143783209019,
            0.006967960722972121
        ],
        [
            0.01424932663929741,
            -0.03431682699910091,
            -0.016614897671158806,
            -0.16844014474271352,
            -0.009042590815071238,
            -0.23458889094973515,
            -0.05476517747803354,
            -0.012209227037935103,
            -0.06499886400176934,
            -0.0025950278041588226,
            -0.008583854495489027,
            0.03452002379468705,
            -0.030549159101761297,
            0.24654803294892738,
            -0.0027124245567978936,
            0.25217335613829406,
            0.14091433713437768,
            -0.017673127651555032,
            0.08496749287625462,
            -0.007327584153396897
        ],
        [
            -0.0027842052145726024,
            -0.0018700236251370762,
            -0.003259432100463307,
            -0.033368106047260516,
            -0.0014274754546994874,
            -0.042354366385342505,
            -0.005902808007380392,
            -0.001733720160192334,
            0.0165851140879479,
            0.0023911568917800844,
            0.03404787921103535,
            -0.008777372764078334,
            0.009592665589272928,
            -0.0027124245567978936,
            0.008348198545179781,
            -0.037518377409388654,
            -0.019862611298886522,
            0.01054173876522197,
            -0.04183899693897317,
            0.005402000571150071
        ],
        [
            0.0056375977914451605,
            -0.028258942875130155,
            0.001193037113403659,
            0.023748784936769678,
            -0.0006855674797711556,
            0.03446155843782343,
            0.029240034238968978,
            -0.000897360106484664,
            -0.02060354850125631,
            -0.00030773579963938434,
            0.06693382391036513,
            0.18436877811559318,
            -0.06868379378677923,
            0.25217335613829406,
            -0.037518377409388654,
            0.5234953840199822,
            0.3258699129190289,
            -0.03970408481524873,
            0.17113275650461465,
            -0.018472194545409992
        ],
        [
            -0.026353744175880756,
            -0.03171259707609342,
            0.002135008392311236,
            0.031553903167937485,
            0.0005345116720720435,
            0.0364547576693613,
            0.024684416731690754,
            0.0016473193201006608,
            0.03649256852969397,
            0.00438832769030925,
            0.10671982479278128,
            0.13570666547972193,
            -0.03683267042409776,
            0.14091433713437768,
            -0.019862611298886522,
            0.3258699129190289,
            0.21386776480475284,
            -0.014649059947431098,
            0.06538178033053188,
            -0.006456193397897125
        ],
        [
            0.0061339581227603576,
            0.008270750113992153,
            -0.0028509548615421316,
            -0.027579490119588566,
            -0.0011232886619805954,
            -0.02098804263255694,
            0.011804450958476364,
            -0.0015051151507544404,
            0.038044833490262005,
            0.005070395396690934,
            0.08411435175744976,
            0.008805575940812785,
            0.013963684110575296,
            -0.017673127651555032,
            0.01054173876522197,
            -0.03970408481524873,
            -0.014649059947431098,
            0.01839711149588902,
            -0.07400599315479629,
            0.009395294811222551
        ],
        [
            -0.02206736744795696,
            -0.034059504133912115,
            0.01017742368532992,
            0.09782888697848242,
            0.00384280248066959,
            0.06788281476129839,
            -0.05019581378990846,
            0.0051043009433706385,
            -0.15606798019028825,
            -0.020350876361191036,
            -0.3351568991885017,
            -0.03379571592133214,
            -0.05708143783209019,
            0.08496749287625462,
            -0.04183899693897317,
            0.17113275650461465,
            0.06538178033053188,
            -0.07400599315479629,
            0.29855561764473937,
            -0.03768994831850551
        ],
        [
            0.004466383826843946,
            0.004804520580165297,
            -0.00161935159696229,
            -0.015734455435995904,
            -0.0006629146215911876,
            -0.012140349867642947,
            0.006239831634304499,
            -0.0009215765782818305,
            0.018666686565472185,
            0.0025822599974283196,
            0.04365936211890424,
            0.00502663768849678,
            0.006967960722972121,
            -0.007327584153396897,
            0.005402000571150071,
            -0.018472194545409992,
            -0.006456193397897125,
            0.009395294811222551,
            -0.03768994831850551,
            0.004813667124860771
        ]
    ]
}