{
    "opt_E": -2.2249884526362784,
    "HF_E": -2.193775420167845,
    "B3LYP_E": -2.1957882840276017,
    "sto-3G_E": -2.1874670401031375,
    "proj": [
        [
            0.5497555987310517,
            0.33441265061214537,
            0.017853657254930565,
            -0.1746436898671491,
            0.016553531782144703,
            0.031499444357443805,
            0.17783740531175546,
            0.024587203873400784,
            -0.2582243904046423,
            0.0382524039830751,
            0.029937587468880384,
            0.02654714145300254,
            -0.00017051930425222663,
            0.025195137475017785,
            0.003800159322152393,
            -0.002894881838676401,
            -0.025425692784544405,
            -0.005652002250982273,
            -0.01639597855649744,
            0.00524438138889251
        ],
        [
            0.33441265061214537,
            0.2206744995556847,
            0.005363138735911215,
            -0.04920199252248255,
            0.003505373072231369,
            0.11575314006369937,
            0.1402362599815618,
            0.013305879957225082,
            -0.1435971599603136,
            0.01615385001447283,
            0.018737344802921028,
            0.02582416803378308,
            0.00451077542599986,
            -0.031070367619662153,
            -0.008430312828070849,
            -0.02409926620563926,
            -0.027785010565151865,
            -0.0025582683568010824,
            -0.011033648071345338,
            0.002143107339518839
        ],
        [
            0.017853657254930565,
            0.005363138735911215,
            0.002489313985160085,
            -0.025666488572961478,
            0.0029272023762137206,
            -0.032129699234541155,
            -0.0044593729903164145,
            0.0009647911436659921,
            -0.010389199198756685,
            0.004510093645453505,
            0.006698094748403071,
            -0.0025118916329824855,
            -0.0029467967260868523,
            0.013065976434626194,
            0.004802543851864776,
            -0.0005390258606736417,
            -0.0003564019481047807,
            -0.0016596567098641497,
            -0.005352025739813469,
            0.0011810789927349367
        ],
        [
            -0.1746436898671491,
            -0.04920199252248255,
            -0.025666488572961478,
            0.2651664170687635,
            -0.030376799829815365,
            0.3376468655024602,
            0.051373853019377407,
            -0.009454625477888423,
            0.102430319122985,
            -0.04646877258906246,
            -0.06893170636531482,
            0.031052921066156612,
            0.03229757235448613,
            -0.13081745190852492,
            -0.051128500776680935,
            0.01911612537794077,
            0.011468446526528168,
            0.017999351344166043,
            0.05914485546562954,
            -0.01263570364438726
        ],
        [
            0.016553531782144703,
            0.003505373072231369,
            0.0029272023762137206,
            -0.030376799829815365,
            0.003562026644477604,
            -0.0401254543731072,
            -0.0065952590293225895,
            0.0006320461052603978,
            -0.008188164786117754,
            0.005876265150302333,
            0.012996540744923518,
            -0.002718982705952759,
            -0.0045331727689659216,
            0.01385314579701961,
            0.0065868985275813075,
            -0.005033434452031073,
            -0.0018691316554034138,
            -0.002847221141559529,
            -0.010175675721213787,
            0.001886237638662794
        ],
        [
            0.031499444357443805,
            0.11575314006369937,
            -0.032129699234541155,
            0.3376468655024602,
            -0.0401254543731072,
            0.585519619516915,
            0.20278681439782506,
            -0.005019910144713374,
            0.04379713058190031,
            -0.04690369728103749,
            -0.03121202822959758,
            0.09205367342783438,
            0.04808954980724303,
            -0.2100591132499902,
            -0.0781628753580515,
            0.025502297291806243,
            0.014322129592349223,
            0.018722429240907355,
            0.05478401952250001,
            -0.01339882788766776
        ],
        [
            0.17783740531175546,
            0.1402362599815618,
            -0.0044593729903164145,
            0.051373853019377407,
            -0.0065952590293225895,
            0.20278681439782506,
            0.13991401570709774,
            0.0003090844811075846,
            -0.027446876254319724,
            0.009338968099935108,
            0.10387968792899205,
            0.08356651698613629,
            0.008959419597677995,
            -0.059703226008621664,
            -0.01772142052138546,
            0.02441154948806688,
            0.027698814157997027,
            -0.006921518412710381,
            -0.034942264449161105,
            0.003844034423111796
        ],
        [
            0.024587203873400784,
            0.013305879957225082,
            0.0009647911436659921,
            -0.009454625477888423,
            0.0006320461052603978,
            -0.005019910144713374,
            0.0003090844811075846,
            0.00301253856818015,
            -0.024401196058787586,
            -0.0019760044590536323,
            -0.031165411356192458,
            -0.010622236519730394,
            0.002845971848460725,
            0.007674873190292639,
            -0.0018981159796857372,
            0.005853052983429067,
            -0.003930605183258694,
            0.0037778467422389665,
            0.016841400983084735,
            -0.0020528641535800395
        ],
        [
            -0.2582243904046423,
            -0.1435971599603136,
            -0.010389199198756685,
            0.102430319122985,
            -0.008188164786117754,
            0.04379713058190031,
            -0.027446876254319724,
            -0.024401196058787586,
            0.20807436965274004,
            0.005151159456304272,
            0.20086303770978747,
            0.06910684112586357,
            -0.017295072611105602,
            -0.06005825639838569,
            0.009648275546406522,
            -0.03522727137187803,
            0.032395675595313075,
            -0.02344500648431211,
            -0.10680482813853966,
            0.012276951066149315
        ],
        [
            0.0382524039830751,
            0.01615385001447283,
            0.004510093645453505,
            -0.04646877258906246,
            0.005876265150302333,
            -0.04690369728103749,
            0.009338968099935108,
            -0.0019760044590536323,
            0.005151159456304272,
            0.01659752619901232,
            0.08167619652870735,
            0.021766485253668807,
            -0.011116938280038072,
            0.012986630932416306,
            0.013181436862176845,
            -0.009092899650820498,
            0.007817004384135882,
            -0.011440067780181798,
            -0.04617296786055284,
            0.0069749528879574346
        ],
        [
            0.029937587468880384,
            0.018737344802921028,
            0.006698094748403071,
            -0.06893170636531482,
            0.012996540744923518,
            -0.03121202822959758,
            0.10387968792899205,
            -0.031165411356192458,
            0.20086303770978747,
            0.08167619652870735,
            0.608520899802287,
            0.2255298477445966,
            -0.05368588058706154,
            -0.020279094478926306,
            0.05155943344819723,
            -0.011425413062352997,
            0.1098303123547991,
            -0.07321766856908261,
            -0.3099390742351504,
            0.04272342565851398
        ],
        [
            0.02654714145300254,
            0.02582416803378308,
            -0.0025118916329824855,
            0.031052921066156612,
            -0.002718982705952759,
            0.09205367342783438,
            0.08356651698613629,
            -0.010622236519730394,
            0.06910684112586357,
            0.021766485253668807,
            0.2255298477445966,
            0.14946658846997346,
            0.005913234764038635,
            0.024878265804152346,
            -0.005230048045005937,
            0.1657397958984272,
            0.1439547196425094,
            -0.014761409245564471,
            -0.06263504897704249,
            0.008856857548307385
        ],
        [
            -0.00017051930425222663,
            0.00451077542599986,
            -0.0029467967260868523,
            0.03229757235448613,
            -0.0045331727689659216,
            0.04808954980724303,
            0.008959419597677995,
            0.002845971848460725,
            -0.017295072611105602,
            -0.011116938280038072,
            -0.05368588058706154,
            0.005913234764038635,
            0.014926379873606285,
            0.011366972197597454,
            -0.014555758155702403,
            0.06512071722464569,
            0.02950892017974775,
            0.011289733948178678,
            0.047405243230794925,
            -0.006537690530970451
        ],
        [
            0.025195137475017785,
            -0.031070367619662153,
            0.013065976434626194,
            -0.13081745190852492,
            0.01385314579701961,
            -0.2100591132499902,
            -0.059703226008621664,
            0.007674873190292639,
            -0.06005825639838569,
            0.012986630932416306,
            -0.020279094478926306,
            0.024878265804152346,
            0.011366972197597454,
            0.180802604660649,
            0.009837146489304395,
            0.23324096134198144,
            0.13348545287880106,
            0.011109400393841687,
            0.06239916382520521,
            -0.00449826965556951
        ],
        [
            0.003800159322152393,
            -0.008430312828070849,
            0.004802543851864776,
            -0.051128500776680935,
            0.0065868985275813075,
            -0.0781628753580515,
            -0.01772142052138546,
            -0.0018981159796857372,
            0.009648275546406522,
            0.013181436862176845,
            0.05155943344819723,
            -0.005230048045005937,
            -0.014555758155702403,
            0.009837146489304395,
            0.01676449952426249,
            -0.0428464629233647,
            -0.016979032846437106,
            -0.01044665717343495,
            -0.0419083919273312,
            0.00628627415336305
        ],
        [
            -0.002894881838676401,
            -0.02409926620563926,
            -0.0005390258606736417,
            0.01911612537794077,
            -0.005033434452031073,
            0.025502297291806243,
            0.02441154948806688,
            0.005853052983429067,
            -0.03522727137187803,
            -0.009092899650820498,
            -0.011425413062352997,
            0.1657397958984272,
            0.06512071722464569,
            0.23324096134198144,
            -0.0428464629233647,
            0.5809133177031092,
            0.349916952268164,
            0.03622261631422252,
            0.16636027901988337,
            -0.018996053861000527
        ],
        [
            -0.025425692784544405,
            -0.027785010565151865,
            -0.0003564019481047807,
            0.011468446526528168,
            -0.0018691316554034138,
            0.014322129592349223,
            0.027698814157997027,
            -0.003930605183258694,
            0.032395675595313075,
            0.007817004384135882,
            0.1098303123547991,
            0.1439547196425094,
            0.02950892017974775,
            0.13348545287880106,
            -0.016979032846437106,
            0.349916952268164,
            0.2348219724496326,
            0.008165077945576343,
            0.04176125508939965,
            -0.003602651602246069
        ],
        [
            -0.005652002250982273,
            -0.0025582683568010824,
            -0.0016596567098641497,
            0.017999351344166043,
            -0.002847221141559529,
            0.018722429240907355,
            -0.006921518412710381,
            0.0037778467422389665,
            -0.02344500648431211,
            -0.011440067780181798,
            -0.07321766856908261,
            -0.014761409245564471,
            0.011289733948178678,
            0.011109400393841687,
            -0.01044665717343495,
            0.03622261631422252,
            0.008165077945576343,
            0.011225318775739249,
            0.04767716700623668,
            -0.006491269281411147
        ],
        [
            -0.01639597855649744,
            -0.011033648071345338,
            -0.005352025739813469,
            0.05914485546562954,
            -0.010175675721213787,
            0.05478401952250001,
            -0.034942264449161105,
            0.016841400983084735,
            -0.10680482813853966,
            -0.04617296786055284,
            -0.3099390742351504,
            -0.06263504897704249,
            0.047405243230794925,
            0.06239916382520521,
            -0.0419083919273312,
            0.16636027901988337,
            0.04176125508939965,
            0.04767716700623668,
            0.2040118308614656,
            -0.027378308602401362
        ],
        [
            0.00524438138889251,
            0.002143107339518839,
            0.0011810789927349367,
            -0.01263570364438726,
            0.001886237638662794,
            -0.01339882788766776,
            0.003844034423111796,
            -0.0020528641535800395,
            0.012276951066149315,
            0.0069749528879574346,
            0.04272342565851398,
            0.008856857548307385,
            -0.006537690530970451,
            -0.00449826965556951,
            0.00628627415336305,
            -0.018996053861000527,
            -0.003602651602246069,
            -0.006491269281411147,
            -0.027378308602401362,
            0.0037806622501916675
        ]
    ]
}