{
    "opt_E": -2.166310922563278,
    "HF_E": -2.1356147508295713,
    "B3LYP_E": -2.1376886839381903,
    "sto-3G_E": -2.117397351776222,
    "proj": [
        [
            0.5873403967240843,
            0.3792130724991211,
            0.04891762557342726,
            -0.15760897171806598,
            -0.02860901137879465,
            -0.02931707121215902,
            0.1593171680651593,
            0.088856098969745,
            -0.1668148988687108,
            -0.03601758043078686,
            0.027771193147657004,
            0.021852820033254183,
            0.009607740792497323,
            0.06543832800081094,
            0.00729922772280046,
            9.09302242120137e-05,
            -0.0275128720799954,
            -0.0027753370380606945,
            -0.028140578783528845,
            -0.0047603972362891475
        ],
        [
            0.3792130724991211,
            0.2661602529839621,
            0.015845759104171943,
            -0.05675960137265221,
            -0.0100292843291907,
            0.07847597371515677,
            0.14163159403456171,
            0.04684487609885524,
            -0.11360019535769164,
            -0.02258442521230049,
            0.02848578517161259,
            0.0243040908542303,
            -0.004728646603661304,
            -0.02878035040026947,
            -0.0038304610194592513,
            -0.036080870655383006,
            -0.0384838562097107,
            -0.003409858621627093,
            -0.03206108078996169,
            -0.005074948490393385
        ],
        [
            0.04891762557342726,
            0.015845759104171943,
            0.02095814975664532,
            -0.05937174591901511,
            -0.011182173589651076,
            -0.09631736706751368,
            -0.02059875829843206,
            0.020061944697515356,
            0.013942503325174369,
            -0.0010945675948470358,
            0.017892656389756637,
            -0.0157754404825392,
            0.006460247124612539,
            0.0473855094404784,
            0.004231664810207246,
            -0.00937909405053729,
            -0.008688089638184517,
            -0.004918417097293726,
            -0.029029516090988656,
            -0.004585551214234822
        ],
        [
            -0.15760897171806598,
            -0.05675960137265221,
            -0.05937174591901511,
            0.16976921115260593,
            0.03188719856054087,
            0.27025167939119554,
            0.054482978031864575,
            -0.0572489289423513,
            -0.02076068296752918,
            0.005677025146025222,
            -0.032690469726896626,
            0.045538901109649615,
            -0.019609278707381498,
            -0.1394486413454264,
            -0.01307761661335699,
            0.02014832860448145,
            0.022689951628528847,
            0.011299771680260636,
            0.06555368916797015,
            0.010433540714530672
        ],
        [
            -0.02860901137879465,
            -0.0100292843291907,
            -0.011182173589651076,
            0.03188719856054087,
            0.005994156314449835,
            0.051072179663765385,
            0.01050921891818894,
            -0.010745793822826841,
            -0.004916113865716602,
            0.0009288117365294477,
            -0.007041935305254886,
            0.008619647390158688,
            -0.0036096518160438867,
            -0.025888600708750563,
            -0.0023893294737077904,
            0.004342492047702717,
            0.004509665973798827,
            0.002276337617451946,
            0.013279743429590771,
            0.00210779397611481
        ],
        [
            -0.02931707121215902,
            0.07847597371515677,
            -0.09631736706751368,
            0.27025167939119554,
            0.051072179663765385,
            0.5600711592983268,
            0.21281116536341912,
            -0.06475279469626494,
            -0.07161765373088055,
            -0.00036071180851134294,
            0.041754509485389585,
            0.13218998630015913,
            -0.039629882846696926,
            -0.2654097321599403,
            -0.025710890806400433,
            0.050427312779464564,
            0.045575574924545274,
            0.012092808801233737,
            0.05569628290174864,
            0.009026901482690817
        ],
        [
            0.1593171680651593,
            0.14163159403456171,
            -0.02059875829843206,
            0.054482978031864575,
            0.01050921891818894,
            0.21281116536341912,
            0.14050845835443537,
            0.008200434120318787,
            -0.034763926115104725,
            -0.006188788496600543,
            0.09511642160270563,
            0.07882878943592839,
            -0.014137471456185968,
            -0.0825324642698039,
            -0.00841059376176775,
            0.034790762918541975,
            0.024444985209767584,
            -0.00298513821393122,
            -0.03215407828385802,
            -0.004946602462181499
        ],
        [
            0.088856098969745,
            0.04684487609885524,
            0.020061944697515356,
            -0.0572489289423513,
            -0.010745793822826841,
            -0.06475279469626494,
            0.008200434120318787,
            0.026235344769538763,
            0.01627565842455144,
            -0.0017614067502150328,
            0.05519814493712906,
            0.005595592418722411,
            0.004887362316097138,
            0.042140419938406344,
            0.0037589469208243226,
            0.008631703078942178,
            0.003960830728800029,
            -0.007023782297469574,
            -0.045291660914395515,
            -0.007127313568349752
        ],
        [
            -0.1668148988687108,
            -0.11360019535769164,
            0.013942503325174369,
            -0.02076068296752918,
            -0.004916113865716602,
            -0.07161765373088055,
            -0.034763926115104725,
            0.01627565842455144,
            0.2460213592642402,
            0.03058162626728517,
            0.283107144185398,
            0.037803548828667974,
            -0.00892643117729192,
            -0.007606833195980456,
            -0.00655436257565054,
            -0.017246648965400267,
            0.016103592269066148,
            -0.03564675989064835,
            -0.22750445212713682,
            -0.035075744922212694
        ],
        [
            -0.03601758043078686,
            -0.02258442521230049,
            -0.0010945675948470358,
            0.005677025146025222,
            0.0009288117365294477,
            -0.00036071180851134294,
            -0.006188788496600543,
            -0.0017614067502150328,
            0.03058162626728517,
            0.004371607617056825,
            0.029495242107128578,
            0.004167705139456932,
            -0.0018683894124166673,
            -0.006963746796763508,
            -0.001393095537658205,
            -0.0033375102808755343,
            0.0017323104972446948,
            -0.003696428143864772,
            -0.023496312786629604,
            -0.003601482455969039
        ],
        [
            0.027771193147657004,
            0.02848578517161259,
            0.017892656389756637,
            -0.032690469726896626,
            -0.007041935305254886,
            0.041754509485389585,
            0.09511642160270563,
            0.05519814493712906,
            0.283107144185398,
            0.029495242107128578,
            0.5001047132785421,
            0.14987251482689665,
            -0.012531067504367957,
            -0.00033712534664667195,
            -0.005282314148804123,
            0.09649832561866496,
            0.0961379219267878,
            -0.04894162119538617,
            -0.3255467435269594,
            -0.05044470771409869
        ],
        [
            0.021852820033254183,
            0.0243040908542303,
            -0.0157754404825392,
            0.045538901109649615,
            0.008619647390158688,
            0.13218998630015913,
            0.07882878943592839,
            0.005595592418722411,
            0.037803548828667974,
            0.004167705139456932,
            0.14987251482689665,
            0.11603174418778496,
            0.0012357473647651711,
            0.026343920089035116,
            0.006385451069668176,
            0.1842447586695054,
            0.1290814586774454,
            -0.0002311973126472208,
            -0.011275840916342325,
            -0.001950475129356703
        ],
        [
            0.009607740792497323,
            -0.004728646603661304,
            0.006460247124612539,
            -0.019609278707381498,
            -0.0036096518160438867,
            -0.039629882846696926,
            -0.014137471456185968,
            0.004887362316097138,
            -0.00892643117729192,
            -0.0018683894124166673,
            -0.012531067504367957,
            0.0012357473647651711,
            0.006886942034629699,
            0.042902458875907865,
            0.005808410244190321,
            0.03719594714989491,
            0.021710409374503085,
            0.003297447763760218,
            0.022321273644855033,
            0.003345878818473376
        ],
        [
            0.06543832800081094,
            -0.02878035040026947,
            0.0473855094404784,
            -0.1394486413454264,
            -0.025888600708750563,
            -0.2654097321599403,
            -0.0825324642698039,
            0.042140419938406344,
            -0.007606833195980456,
            -0.006963746796763508,
            -0.00033712534664667195,
            0.026343920089035116,
            0.042902458875907865,
            0.28047972903381063,
            0.03671525521115378,
            0.2472258923127946,
            0.15004916240860447,
            0.01238816301577524,
            0.08586545979985975,
            0.012579660237177387
        ],
        [
            0.00729922772280046,
            -0.0038304610194592513,
            0.004231664810207246,
            -0.01307761661335699,
            -0.0023893294737077904,
            -0.025710890806400433,
            -0.00841059376176775,
            0.0037589469208243226,
            -0.00655436257565054,
            -0.001393095537658205,
            -0.005282314148804123,
            0.006385451069668176,
            0.005808410244190321,
            0.03671525521115378,
            0.0051607043570184846,
            0.040216043626514306,
            0.024486242539424764,
            0.0030168725473852013,
            0.01988373421504146,
            0.0029777952629098715
        ],
        [
            9.09302242120137e-05,
            -0.036080870655383006,
            -0.00937909405053729,
            0.02014832860448145,
            0.004342492047702717,
            0.050427312779464564,
            0.034790762918541975,
            0.008631703078942178,
            -0.017246648965400267,
            -0.0033375102808755343,
            0.09649832561866496,
            0.1842447586695054,
            0.03719594714989491,
            0.2472258923127946,
            0.040216043626514306,
            0.5010360635597464,
            0.3270033422148415,
            0.027569106764377568,
            0.16834852654692745,
            0.025216458418099354
        ],
        [
            -0.0275128720799954,
            -0.0384838562097107,
            -0.008688089638184517,
            0.022689951628528847,
            0.004509665973798827,
            0.045575574924545274,
            0.024444985209767584,
            0.003960830728800029,
            0.016103592269066148,
            0.0017323104972446948,
            0.0961379219267878,
            0.1290814586774454,
            0.021710409374503085,
            0.15004916240860447,
            0.024486242539424764,
            0.3270033422148415,
            0.21733079978273107,
            0.014448621123604965,
            0.08660523135582436,
            0.012891558297359738
        ],
        [
            -0.0027753370380606945,
            -0.003409858621627093,
            -0.004918417097293726,
            0.011299771680260636,
            0.002276337617451946,
            0.012092808801233737,
            -0.00298513821393122,
            -0.007023782297469574,
            -0.03564675989064835,
            -0.003696428143864772,
            -0.04894162119538617,
            -0.0002311973126472208,
            0.003297447763760218,
            0.01238816301577524,
            0.0030168725473852013,
            0.027569106764377568,
            0.014448621123604965,
            0.007933603553826583,
            0.05105053080615128,
            0.00785409543569952
        ],
        [
            -0.028140578783528845,
            -0.03206108078996169,
            -0.029029516090988656,
            0.06555368916797015,
            0.013279743429590771,
            0.05569628290174864,
            -0.03215407828385802,
            -0.045291660914395515,
            -0.22750445212713682,
            -0.023496312786629604,
            -0.3255467435269594,
            -0.011275840916342325,
            0.022321273644855033,
            0.08586545979985975,
            0.01988373421504146,
            0.16834852654692745,
            0.08660523135582436,
            0.05105053080615128,
            0.3297965028882872,
            0.05074259490724491
        ],
        [
            -0.0047603972362891475,
            -0.005074948490393385,
            -0.004585551214234822,
            0.010433540714530672,
            0.00210779397611481,
            0.009026901482690817,
            -0.004946602462181499,
            -0.007127313568349752,
            -0.035075744922212694,
            -0.003601482455969039,
            -0.05044470771409869,
            -0.001950475129356703,
            0.003345878818473376,
            0.012579660237177387,
            0.0029777952629098715,
            0.025216458418099354,
            0.012891558297359738,
            0.00785409543569952,
            0.05074259490724491,
            0.007809101088277078
        ]
    ]
}