{
    "opt_E": -2.2196630449154187,
    "HF_E": -2.187622139594904,
    "B3LYP_E": -2.1901218033049554,
    "sto-3G_E": -2.177872304203456,
    "proj": [
        [
            0.5693957641369086,
            0.33990851698452595,
            0.024435120555482144,
            -0.17067623889405084,
            0.01354938928066007,
            0.010864215177651945,
            0.1704671706062456,
            0.05238027679923424,
            -0.24888816394185956,
            0.03438314800986586,
            0.03598187724267613,
            0.02460154265940238,
            0.006905926389269647,
            0.03962089287849688,
            0.002914081691330243,
            -0.0017659406943325991,
            -0.026916027179118784,
            -0.003949563078832973,
            -0.01937529732431403,
            0.006524268180359592
        ],
        [
            0.33990851698452595,
            0.2244073272696873,
            0.004714188419143572,
            -0.04249785113524529,
            0.001956546711565231,
            0.11502618716866544,
            0.13879146849917112,
            0.021938932163574308,
            -0.14171061736051868,
            0.014241536856810582,
            0.015398534749977823,
            0.024249804847495334,
            -0.004651741682366692,
            -0.03168044303577288,
            -0.006650587260814741,
            -0.02224498627032181,
            -0.031249562467701938,
            -0.0009933715114898319,
            -0.006871772582521927,
            0.002087382117893063
        ],
        [
            0.024435120555482144,
            0.004714188419143572,
            0.006097598304251782,
            -0.037165182213044365,
            0.0037620139231538292,
            -0.05282393272342267,
            -0.00949000059076653,
            0.007659390893622045,
            -0.009248492980547397,
            0.005413777116105792,
            0.014314602691958047,
            -0.004162286551811296,
            0.0030072820669805895,
            0.02343440523361881,
            0.006258778792910509,
            -0.005229296090847909,
            -0.0015613368951194475,
            -0.002748349035717799,
            -0.011289016250267936,
            0.0027164374645501253
        ],
        [
            -0.17067623889405084,
            -0.04249785113524529,
            -0.037165182213044365,
            0.22863324416282102,
            -0.022838478554815793,
            0.3165970692489477,
            0.054260580731577135,
            -0.04599025401773499,
            0.07665919727840306,
            -0.031748220077868684,
            -0.06130159808054517,
            0.032680954284175806,
            -0.019416311309429526,
            -0.143806578328192,
            -0.03531492431329853,
            0.025466642290894664,
            0.01200718475685957,
            0.01351743519008013,
            0.05516914886632966,
            -0.013918068880092192
        ],
        [
            0.01354938928066007,
            0.001956546711565231,
            0.0037620139231538292,
            -0.022838478554815793,
            0.002330147374842943,
            -0.03323351683005667,
            -0.006500229377379741,
            0.004668260553354144,
            -0.004834474429402215,
            0.0033164477224359138,
            0.009115836676221489,
            -0.0030472123432029718,
            0.001722701513712539,
            0.014034538879766544,
            0.00407347144328613,
            -0.004847975936930696,
            -0.0018398374278307981,
            -0.0018260187516644824,
            -0.0075094809558380335,
            0.001773135509774941
        ],
        [
            0.010864215177651945,
            0.11502618716866544,
            -0.05282393272342267,
            0.3165970692489477,
            -0.03323351683005667,
            0.5843748179105088,
            0.20763777245445497,
            -0.048550400848998095,
            0.026713346275616872,
            -0.03273218170876521,
            -0.02271800744531282,
            0.09829968495180447,
            -0.033859057525340644,
            -0.24196228166907904,
            -0.057084179536573014,
            0.03553471973479394,
            0.014315331780808353,
            0.014483442284874384,
            0.05583009826378819,
            -0.014952453367943111
        ],
        [
            0.1704671706062456,
            0.13879146849917112,
            -0.00949000059076653,
            0.054260580731577135,
            -0.006500229377379741,
            0.20763777245445497,
            0.14171848768947412,
            0.0073260845981803,
            -0.021662837706930095,
            0.007562697726904755,
            0.10997161911840615,
            0.08646402845274895,
            -0.011416925943795184,
            -0.06759952079046641,
            -0.012027112203656631,
            0.018773025784145123,
            0.023217464039585793,
            -0.007281978312358843,
            -0.033813478415047844,
            0.00630741709885381
        ],
        [
            0.05238027679923424,
            0.021938932163574308,
            0.007659390893622045,
            -0.04599025401773499,
            0.004668260553354144,
            -0.048550400848998095,
            0.0073260845981803,
            0.013307512368697195,
            -0.005196275707258054,
            0.010277517224741638,
            0.05648331675710457,
            0.013382400215140373,
            0.002139029719827125,
            0.02430028275635897,
            0.009080136827422116,
            -0.006827463207618856,
            0.004325575705698749,
            -0.007313700066896777,
            -0.030902548234042856,
            0.006756036857609171
        ],
        [
            -0.24888816394185956,
            -0.14171061736051868,
            -0.009248492980547397,
            0.07665919727840306,
            -0.004834474429402215,
            0.026713346275616872,
            -0.021662837706930095,
            -0.005196275707258054,
            0.20923542070907428,
            0.0035765848225139405,
            0.22595872534383377,
            0.07700496329113334,
            -0.01444072455440997,
            -0.042503408299926944,
            0.017338046503823704,
            -0.048557979395390916,
            0.02935053594654552,
            -0.02648040251293239,
            -0.11207465409391708,
            0.02089174732547431
        ],
        [
            0.03438314800986586,
            0.014241536856810582,
            0.005413777116105792,
            -0.031748220077868684,
            0.0033164477224359138,
            -0.03273218170876521,
            0.007562697726904755,
            0.010277517224741638,
            0.0035765848225139405,
            0.008264908445119097,
            0.054647841428561474,
            0.015032211204755983,
            0.0008998677864656497,
            0.01599853042569828,
            0.007480406943598566,
            -0.006696308534224714,
            0.005001471999193046,
            -0.006830547522699793,
            -0.028925932125340746,
            0.006165744174163994
        ],
        [
            0.03598187724267613,
            0.015398534749977823,
            0.014314602691958047,
            -0.06130159808054517,
            0.009115836676221489,
            -0.02271800744531282,
            0.10997161911840615,
            0.05648331675710457,
            0.22595872534383377,
            0.054647841428561474,
            0.6146000097754625,
            0.23109515036728492,
            -0.014192440344179888,
            0.01501837792300243,
            0.04937902125882973,
            -0.0397039696805398,
            0.09738608304797348,
            -0.06880136571064015,
            -0.29307815230229756,
            0.05904281583160213
        ],
        [
            0.02460154265940238,
            0.024249804847495334,
            -0.004162286551811296,
            0.032680954284175806,
            -0.0030472123432029718,
            0.09829968495180447,
            0.08646402845274895,
            0.013382400215140373,
            0.07700496329113334,
            0.015032211204755983,
            0.23109515036728492,
            0.15442164943323025,
            0.0035603632693487325,
            0.0236385182211345,
            -0.005723810527716934,
            0.1591579077258271,
            0.14556718626021634,
            -0.01446412662080824,
            -0.06250531416107728,
            0.012947057351855092
        ],
        [
            0.006905926389269647,
            -0.004651741682366692,
            0.0030072820669805895,
            -0.019416311309429526,
            0.001722701513712539,
            -0.033859057525340644,
            -0.011416925943795184,
            0.002139029719827125,
            -0.01444072455440997,
            0.0008998677864656497,
            -0.014192440344179888,
            0.0035603632693487325,
            0.0072221945631158,
            0.0338991331476134,
            -0.002335443985381173,
            0.051761993182346804,
            0.02963956358555645,
            0.0037866612993782394,
            0.016509173411080897,
            -0.0027552301402973276
        ],
        [
            0.03962089287849688,
            -0.03168044303577288,
            0.02343440523361881,
            -0.143806578328192,
            0.014034538879766544,
            -0.24196228166907904,
            -0.06759952079046641,
            0.02430028275635897,
            -0.042503408299926944,
            0.01599853042569828,
            0.01501837792300243,
            0.0236385182211345,
            0.0338991331476134,
            0.18272171584938945,
            0.005907022988588975,
            0.2007907018803735,
            0.12897790287394814,
            0.005226224100154436,
            0.024785314930631287,
            -0.0019773143360232023
        ],
        [
            0.002914081691330243,
            -0.006650587260814741,
            0.006258778792910509,
            -0.03531492431329853,
            0.00407347144328613,
            -0.057084179536573014,
            -0.012027112203656631,
            0.009080136827422116,
            0.017338046503823704,
            0.007480406943598566,
            0.04937902125882973,
            -0.005723810527716934,
            -0.002335443985381173,
            0.005907022988588975,
            0.013413501522710864,
            -0.05622151517534374,
            -0.02544754513757275,
            -0.009395239655793874,
            -0.03953654681766575,
            0.008027290563708947
        ],
        [
            -0.0017659406943325991,
            -0.02224498627032181,
            -0.005229296090847909,
            0.025466642290894664,
            -0.004847975936930696,
            0.03553471973479394,
            0.018773025784145123,
            -0.006827463207618856,
            -0.048557979395390916,
            -0.006696308534224714,
            -0.0397039696805398,
            0.1591579077258271,
            0.051761993182346804,
            0.2007907018803735,
            -0.05622151517534374,
            0.5936297257863151,
            0.3674136761945218,
            0.03750736582052444,
            0.16020477485446347,
            -0.029012892683495703
        ],
        [
            -0.026916027179118784,
            -0.031249562467701938,
            -0.0015613368951194475,
            0.01200718475685957,
            -0.0018398374278307981,
            0.014315331780808353,
            0.023217464039585793,
            0.004325575705698749,
            0.02935053594654552,
            0.005001471999193046,
            0.09738608304797348,
            0.14556718626021634,
            0.02963956358555645,
            0.12897790287394814,
            -0.02544754513757275,
            0.3674136761945218,
            0.25363976336367483,
            0.009949158570877236,
            0.04283182401480767,
            -0.006698974768347742
        ],
        [
            -0.003949563078832973,
            -0.0009933715114898319,
            -0.002748349035717799,
            0.01351743519008013,
            -0.0018260187516644824,
            0.014483442284874384,
            -0.007281978312358843,
            -0.007313700066896777,
            -0.02648040251293239,
            -0.006830547522699793,
            -0.06880136571064015,
            -0.01446412662080824,
            0.0037866612993782394,
            0.005226224100154436,
            -0.009395239655793874,
            0.03750736582052444,
            0.009949158570877236,
            0.009724599633547827,
            0.04134779346135497,
            -0.008215328417941078
        ],
        [
            -0.01937529732431403,
            -0.006871772582521927,
            -0.011289016250267936,
            0.05516914886632966,
            -0.0075094809558380335,
            0.05583009826378819,
            -0.033813478415047844,
            -0.030902548234042856,
            -0.11207465409391708,
            -0.028925932125340746,
            -0.29307815230229756,
            -0.06250531416107728,
            0.016509173411080897,
            0.024785314930631287,
            -0.03953654681766575,
            0.16020477485446347,
            0.04283182401480767,
            0.04134779346135497,
            0.17587547780333743,
            -0.0349134546321537
        ],
        [
            0.006524268180359592,
            0.002087382117893063,
            0.0027164374645501253,
            -0.013918068880092192,
            0.001773135509774941,
            -0.014952453367943111,
            0.00630741709885381,
            0.006756036857609171,
            0.02089174732547431,
            0.006165744174163994,
            0.05904281583160213,
            0.012947057351855092,
            -0.0027552301402973276,
            -0.0019773143360232023,
            0.008027290563708947,
            -0.029012892683495703,
            -0.006698974768347742,
            -0.008215328417941078,
            -0.0349134546321537,
            0.006986133897830552
        ]
    ]
}