{
    "opt_E": -2.1556537770726023,
    "HF_E": -2.1228573873632772,
    "B3LYP_E": -2.126496958305843,
    "sto-3G_E": -2.0968095890606513,
    "proj": [
        [
            0.5843106573676444,
            0.3840493258373641,
            -0.020744322145122736,
            -0.1684483086114514,
            0.023820066933669694,
            -0.010065512638264069,
            0.1536646962939972,
            -0.015374965767486204,
            -0.16987837986185966,
            0.03422445492525282,
            0.048335172798230464,
            0.025917766987966485,
            0.008375359943040228,
            0.08352419743745822,
            0.0018637507208208255,
            -0.002256241468972008,
            -0.032795817139205374,
            0.005990899612850715,
            -0.027626274054458964,
            -0.010347147105186003
        ],
        [
            0.3840493258373641,
            0.2689637461437266,
            -0.00827210614951193,
            -0.06518146244573786,
            0.008738136103420306,
            0.07666559586635022,
            0.12942543316123648,
            -0.012779358368367034,
            -0.1303979678749686,
            0.019805583454758368,
            0.028420001814298292,
            0.02043862501433009,
            -0.002891746959675257,
            -0.01227383308812431,
            0.0017279628140682152,
            -0.030897558617307364,
            -0.044283944705235556,
            0.0023375845453302265,
            -0.014805201482816523,
            -0.004402874976669251
        ],
        [
            -0.020744322145122736,
            -0.00827210614951193,
            0.002732027531189757,
            0.022975065237863877,
            -0.003433431718032654,
            0.031177215375012585,
            0.005323915979949293,
            -0.0007478581567876503,
            -0.002906304619778106,
            -0.0020508966773490523,
            -0.0039278603169552555,
            0.003464029778634533,
            -0.004287929785906631,
            -0.02402846148410887,
            0.0016898743911121794,
            0.0023018467667087887,
            0.0013033205587210397,
            -0.0011474511409906756,
            0.0057923371974073715,
            0.0021657328856751748
        ],
        [
            -0.1684483086114514,
            -0.06518146244573786,
            0.022975065237863877,
            0.19361089461909284,
            -0.028867407396405472,
            0.2685567722576535,
            0.05051654854542654,
            -0.0054614316781070975,
            -0.019831324799976555,
            -0.017237161926302043,
            -0.02040599313355649,
            0.03560979475884502,
            -0.035826104077396184,
            -0.20144454591462976,
            0.013966273781560349,
            0.022369876469832517,
            0.014663388648378841,
            -0.008997094414103748,
            0.043880994040673284,
            0.016773198204675044
        ],
        [
            0.023820066933669694,
            0.008738136103420306,
            -0.003433431718032654,
            -0.028867407396405472,
            0.004332569278011719,
            -0.039951778214613314,
            -0.0073361862924978,
            0.0012167214996113064,
            0.005744498280031188,
            0.00243528118549772,
            0.006507920373850227,
            -0.004092745042446613,
            0.005648852731967557,
            0.0307160240984456,
            -0.0023651620256488117,
            -0.0034946040370460703,
            -0.0015725037950994982,
            0.001568803999038013,
            -0.0082615825719399,
            -0.0030126726206147827
        ],
        [
            -0.010065512638264069,
            0.07666559586635022,
            0.031177215375012585,
            0.2685567722576535,
            -0.039951778214613314,
            0.5097156931341014,
            0.19476007349999117,
            -0.007313741006229984,
            -0.05440100227468805,
            -0.016513180852011814,
            0.09602260996330596,
            0.11976487231048986,
            -0.05377358782053491,
            -0.31499496215288403,
            0.018707741899495856,
            0.032597970759477846,
            0.024454022099325665,
            -0.006551952671619553,
            0.013740908522807295,
            0.00994506580407036
        ],
        [
            0.1536646962939972,
            0.12942543316123648,
            0.005323915979949293,
            0.05051654854542654,
            -0.0073361862924978,
            0.19476007349999117,
            0.12758599750197502,
            0.00011259880244248969,
            -0.02045552220042975,
            0.001889385203707922,
            0.12117035733961615,
            0.08303030585430596,
            -0.012985132287049618,
            -0.07610096782803252,
            0.0041152002069257156,
            0.025871522394080564,
            0.022809319178971662,
            0.0035245985784829775,
            -0.033571889502338734,
            -0.00861152417087038
        ],
        [
            -0.015374965767486204,
            -0.012779358368367034,
            -0.0007478581567876503,
            -0.0054614316781070975,
            0.0012167214996113064,
            -0.007313741006229984,
            0.00011259880244248969,
            0.006015144084700504,
            0.041332251295941626,
            -0.0015923604940189582,
            0.048822837972733804,
            0.013172849247027007,
            0.005984139143114782,
            0.0126058129255452,
            -0.005505463902691077,
            -0.012552534981763135,
            0.001845075221385239,
            0.0036394545132788086,
            -0.027555712537634353,
            -0.008200373242516
        ],
        [
            -0.16987837986185966,
            -0.1303979678749686,
            -0.002906304619778106,
            -0.019831324799976555,
            0.005744498280031188,
            -0.05440100227468805,
            -0.02045552220042975,
            0.041332251295941626,
            0.29169287972553165,
            -0.014244647027920655,
            0.3125306663734637,
            0.08126389995990617,
            0.039031715798300816,
            0.07726382476463417,
            -0.03660540038412473,
            -0.08285265754003393,
            0.01532085448687244,
            0.0232301218897679,
            -0.17747925351334473,
            -0.052647667294100114
        ],
        [
            0.03422445492525282,
            0.019805583454758368,
            -0.0020508966773490523,
            -0.017237161926302043,
            0.00243528118549772,
            -0.016513180852011814,
            0.001889385203707922,
            -0.0015923604940189582,
            -0.014244647027920655,
            0.002701455703497189,
            -0.00816299400671319,
            -0.0033145744858646253,
            0.0010239534416979382,
            0.014688317327427508,
            0.0009019117357657456,
            0.00578067678249891,
            0.0004919824158024462,
            -0.0001268541254994756,
            0.0035029837274821165,
            0.0006720441379889522
        ],
        [
            0.048335172798230464,
            0.028420001814298292,
            -0.0039278603169552555,
            -0.02040599313355649,
            0.006507920373850227,
            0.09602260996330596,
            0.12117035733961615,
            0.048822837972733804,
            0.3125306663734637,
            -0.00816299400671319,
            0.5183259328871498,
            0.1988951718005332,
            0.03718897055357747,
            0.07212851021095204,
            -0.036045984595678336,
            -0.02268117817054732,
            0.0733070008117529,
            0.03302128531278334,
            -0.24924217890615544,
            -0.0739804394999703
        ],
        [
            0.025917766987966485,
            0.02043862501433009,
            0.003464029778634533,
            0.03560979475884502,
            -0.004092745042446613,
            0.11976487231048986,
            0.08303030585430596,
            0.013172849247027007,
            0.08126389995990617,
            -0.0033145744858646253,
            0.1988951718005332,
            0.1319287255733876,
            -0.005374516527784049,
            0.021804434827123326,
            0.00839958246308039,
            0.15357282746035528,
            0.13315488872355324,
            0.007274319735356705,
            -0.04873244934863663,
            -0.015313621372826665
        ],
        [
            0.008375359943040228,
            -0.002891746959675257,
            -0.004287929785906631,
            -0.035826104077396184,
            0.005648852731967557,
            -0.05377358782053491,
            -0.012985132287049618,
            0.005984139143114782,
            0.039031715798300816,
            0.0010239534416979382,
            0.03718897055357747,
            -0.005374516527784049,
            0.012322967658031866,
            0.034915870811316065,
            -0.009764563421155656,
            -0.041809206382840844,
            -0.01999254141572141,
            0.00469742125939151,
            -0.03369796356450891,
            -0.010322419959036159
        ],
        [
            0.08352419743745822,
            -0.01227383308812431,
            -0.02402846148410887,
            -0.20144454591462976,
            0.0307160240984456,
            -0.31499496215288403,
            -0.07610096782803252,
            0.0126058129255452,
            0.07726382476463417,
            0.014688317327427508,
            0.07212851021095204,
            0.021804434827123326,
            0.034915870811316065,
            0.2926157376040434,
            -0.00047872692649955965,
            0.15432776815639113,
            0.11972744799347812,
            0.009466674740818179,
            -0.03195276933240878,
            -0.015713876219616958
        ],
        [
            0.0018637507208208255,
            0.0017279628140682152,
            0.0016898743911121794,
            0.013966273781560349,
            -0.0023651620256488117,
            0.018707741899495856,
            0.0041152002069257156,
            -0.005505463902691077,
            -0.03660540038412473,
            0.0009019117357657456,
            -0.036045984595678336,
            0.00839958246308039,
            -0.009764563421155656,
            -0.00047872692649955965,
            0.011563053429866363,
            0.07067011705591253,
            0.039775803624708096,
            -0.0043472714850875385,
            0.036265488523893476,
            0.010270523015108175
        ],
        [
            -0.002256241468972008,
            -0.030897558617307364,
            0.0023018467667087887,
            0.022369876469832517,
            -0.0034946040370460703,
            0.032597970759477846,
            0.025871522394080564,
            -0.012552534981763135,
            -0.08285265754003393,
            0.00578067678249891,
            -0.02268117817054732,
            0.15357282746035528,
            -0.041809206382840844,
            0.15432776815639113,
            0.07067011705591253,
            0.5914153375887443,
            0.38882686441023984,
            -0.014835587481627324,
            0.15414563420474503,
            0.039400120681262175
        ],
        [
            -0.032795817139205374,
            -0.044283944705235556,
            0.0013033205587210397,
            0.014663388648378841,
            -0.0015725037950994982,
            0.024454022099325665,
            0.022809319178971662,
            0.001845075221385239,
            0.01532085448687244,
            0.0004919824158024462,
            0.0733070008117529,
            0.13315488872355324,
            -0.01999254141572141,
            0.11972744799347812,
            0.039775803624708096,
            0.38882686441023984,
            0.2738224208417183,
            -0.004062679007819759,
            0.058610744762706724,
            0.013136577896841684
        ],
        [
            0.005990899612850715,
            0.0023375845453302265,
            -0.0011474511409906756,
            -0.008997094414103748,
            0.001568803999038013,
            -0.006551952671619553,
            0.0035245985784829775,
            0.0036394545132788086,
            0.0232301218897679,
            -0.0001268541254994756,
            0.03302128531278334,
            0.007274319735356705,
            0.00469742125939151,
            0.009466674740818179,
            -0.0043472714850875385,
            -0.014835587481627324,
            -0.004062679007819759,
            0.0027038093289576933,
            -0.020369633241286142,
            -0.006061472630325437
        ],
        [
            -0.027626274054458964,
            -0.014805201482816523,
            0.0057923371974073715,
            0.043880994040673284,
            -0.0082615825719399,
            0.013740908522807295,
            -0.033571889502338734,
            -0.027555712537634353,
            -0.17747925351334473,
            0.0035029837274821165,
            -0.24924217890615544,
            -0.04873244934863663,
            -0.03369796356450891,
            -0.03195276933240878,
            0.036265488523893476,
            0.15414563420474503,
            0.058610744762706724,
            -0.020369633241286142,
            0.1599200633881496,
            0.046586221763658286
        ],
        [
            -0.010347147105186003,
            -0.004402874976669251,
            0.0021657328856751748,
            0.016773198204675044,
            -0.0030126726206147827,
            0.00994506580407036,
            -0.00861152417087038,
            -0.008200373242516,
            -0.052647667294100114,
            0.0006720441379889522,
            -0.0739804394999703,
            -0.015313621372826665,
            -0.010322419959036159,
            -0.015713876219616958,
            0.010270523015108175,
            0.039400120681262175,
            0.013136577896841684,
            -0.006061472630325437,
            0.046586221763658286,
            0.01372088661047942
        ]
    ]
}