{
    "opt_E": -2.217003422108526,
    "HF_E": -2.184987153472004,
    "B3LYP_E": -2.1874508603014475,
    "sto-3G_E": -2.174488748613967,
    "proj": [
        [
            0.5764326382493835,
            0.35787537623443155,
            -0.03187687968082874,
            -0.16041944544451026,
            -0.04226687376655236,
            -0.00966515543911871,
            0.1687075518278069,
            -0.0507290857994941,
            -0.21279682195316055,
            -0.08089046974543396,
            0.028392514869401052,
            0.024182833464505178,
            0.0013724208547296133,
            0.04629438974313659,
            -0.005827705219967592,
            -0.0009599224321808743,
            -0.026674074397696774,
            -0.00033569721486777535,
            -0.017511992540248628,
            -0.0014915021765842004
        ],
        [
            0.35787537623443155,
            0.24209698104274527,
            -0.00916534871983352,
            -0.04912913695573821,
            -0.010970323181192251,
            0.0973589216132747,
            0.14209541786661117,
            -0.027422322218603495,
            -0.12985370072274807,
            -0.040121329795513035,
            0.020186866315597834,
            0.0257621222305129,
            -0.0014941716675191021,
            -0.028076346967056548,
            0.004991467093576511,
            -0.026983481776534996,
            -0.03363966118099162,
            -0.00034739111855483794,
            -0.012339067114692858,
            -0.0009669165022451427
        ],
        [
            -0.03187687968082874,
            -0.00916534871983352,
            0.008470198458938717,
            0.04035835424606348,
            0.012120490918232373,
            0.0630049584920301,
            0.011054865817239714,
            0.00489795669125907,
            0.005572389010693908,
            0.011772832982713649,
            -0.013489258888343132,
            0.006441278428302466,
            -0.0017833366154711718,
            -0.027304517730816484,
            0.006328029196282,
            0.006266597287186285,
            0.002361884873911858,
            -5.6225406438749726e-05,
            0.013416986100287815,
            0.0002399836168324692
        ],
        [
            -0.16041944544451026,
            -0.04912913695573821,
            0.04035835424606348,
            0.1926917218631305,
            0.05762368542692458,
            0.29789569892116263,
            0.0514578492540626,
            0.02418270276648324,
            0.03528064547522767,
            0.05588065897200551,
            -0.0525817829247276,
            0.03355273000122167,
            -0.008248202738688273,
            -0.13115749468122165,
            0.029577772749809803,
            0.026769565073417604,
            0.012067100448236055,
            -0.00026133636328198846,
            0.05677333706202082,
            0.0010162831896215535
        ],
        [
            -0.04226687376655236,
            -0.010970323181192251,
            0.012120490918232373,
            0.05762368542692458,
            0.017388924944889663,
            0.09130727671768937,
            0.01668121487664942,
            0.006699141170016213,
            0.005179427370456798,
            0.016794571713394917,
            -0.02230667243343665,
            0.008973550206578078,
            -0.0026316058157194004,
            -0.03840796441921225,
            0.009265005193909402,
            0.011053860900194301,
            0.0039057649191894454,
            -8.300349136955308e-05,
            0.021439073906031992,
            0.00037501058401510104
        ],
        [
            -0.00966515543911871,
            0.0973589216132747,
            0.0630049584920301,
            0.29789569892116263,
            0.09130727671768937,
            0.598244800956188,
            0.2100320706322839,
            0.022295667749521613,
            -0.01129133342454038,
            0.061675847029074186,
            -0.016128388392380347,
            0.10644433171824333,
            -0.01468581481348053,
            -0.24517253501779637,
            0.05415659100242088,
            0.044378485721295165,
            0.018405208143037293,
            -0.0007180462056426458,
            0.06346489125525363,
            0.0003310892584171359
        ],
        [
            0.1687075518278069,
            0.14209541786661117,
            0.011054865817239714,
            0.0514578492540626,
            0.01668121487664942,
            0.2100320706322839,
            0.1446107186086053,
            -0.005860829398919906,
            -0.020760479239258615,
            -0.012718476245639827,
            0.10975961953829451,
            0.08612277331937253,
            -0.003046721721800334,
            -0.07284241409456166,
            0.014134121223214566,
            0.01955556877385344,
            0.021625150363047334,
            -0.00035580578998608203,
            -0.03773550884191647,
            -0.001615699262054622
        ],
        [
            -0.0507290857994941,
            -0.027422322218603495,
            0.00489795669125907,
            0.02418270276648324,
            0.006699141170016213,
            0.022295667749521613,
            -0.005860829398919906,
            0.005380086855399552,
            0.022005449669383868,
            0.008547878190844162,
            0.004724576814897069,
            0.0031205800133555285,
            -0.0005015794946187006,
            -0.015144657603945365,
            0.002112938208081647,
            -0.003540317675574208,
            0.0012384563553419353,
            1.3573176384021765e-06,
            -0.0017572581062186147,
            4.364076565983134e-05
        ],
        [
            -0.21279682195316055,
            -0.12985370072274807,
            0.005572389010693908,
            0.03528064547522767,
            0.005179427370456798,
            -0.01129133342454038,
            -0.020760479239258615,
            0.022005449669383868,
            0.19732439131308788,
            0.0030670204198726125,
            0.2507723149192633,
            0.07181303808291516,
            0.004344011086466218,
            -0.03446951549378307,
            -0.008442917602836372,
            -0.049233204832076244,
            0.029250219715387937,
            0.00011821805307178542,
            -0.14587523566169522,
            -0.0026486765498130735
        ],
        [
            -0.08089046974543396,
            -0.040121329795513035,
            0.011772832982713649,
            0.05588065897200551,
            0.016794571713394917,
            0.061675847029074186,
            -0.012718476245639827,
            0.008547878190844162,
            0.0030670204198726125,
            0.023108666689232442,
            -0.06334563473728652,
            -0.014673811476934188,
            -0.002628083500074935,
            -0.03132985848258473,
            0.008110864478898692,
            0.0027372839173217503,
            -0.006690525610948227,
            -2.5752719925259798e-05,
            0.03866320610883066,
            0.0009359284777083832
        ],
        [
            0.028392514869401052,
            0.020186866315597834,
            -0.013489258888343132,
            -0.0525817829247276,
            -0.02230667243343665,
            -0.016128388392380347,
            0.10975961953829451,
            0.004724576814897069,
            0.2507723149192633,
            -0.06334563473728652,
            0.5921491007667715,
            0.21438379784983805,
            0.010322039833810548,
            -0.003473565409634733,
            -0.02105352844722905,
            -0.01499795835509452,
            0.10283564738940591,
            -1.2240938566796714e-05,
            -0.31661801287484154,
            -0.00721898683818154
        ],
        [
            0.024182833464505178,
            0.0257621222305129,
            0.006441278428302466,
            0.03355273000122167,
            0.008973550206578078,
            0.10644433171824333,
            0.08612277331937253,
            0.0031205800133555285,
            0.07181303808291516,
            -0.014673811476934188,
            0.21438379784983805,
            0.14556779867902636,
            0.0005690995843973259,
            0.02353517266448201,
            0.005030895401421579,
            0.16624317354928994,
            0.14205354931985417,
            -8.23659879064252e-05,
            -0.05822144652249965,
            -0.002474010311027376
        ],
        [
            0.0013724208547296133,
            -0.0014941716675191021,
            -0.0017833366154711718,
            -0.008248202738688273,
            -0.0026316058157194004,
            -0.01468581481348053,
            -0.003046721721800334,
            -0.0005015794946187006,
            0.004344011086466218,
            -0.002628083500074935,
            0.010322039833810548,
            0.0005690995843973259,
            0.0005327553163030447,
            0.005177873571309785,
            -0.0016906713690545215,
            -0.0030105094668773304,
            0.0001937694148945833,
            1.601135365076235e-05,
            -0.00731962520353009,
            -0.00013189945131864063
        ],
        [
            0.04629438974313659,
            -0.028076346967056548,
            -0.027304517730816484,
            -0.13115749468122165,
            -0.03840796441921225,
            -0.24517253501779637,
            -0.07284241409456166,
            -0.015144657603945365,
            -0.03446951549378307,
            -0.03132985848258473,
            -0.003473565409634733,
            0.02353517266448201,
            0.005177873571309785,
            0.20844867653897867,
            -0.018110924056815338,
            0.2273271950716809,
            0.14098630832191536,
            0.0003686611203031944,
            0.0485076357972287,
            0.00012010422043552376
        ],
        [
            -0.005827705219967592,
            0.004991467093576511,
            0.006328029196282,
            0.029577772749809803,
            0.009265005193909402,
            0.05415659100242088,
            0.014134121223214566,
            0.002112938208081647,
            -0.008442917602836372,
            0.008110864478898692,
            -0.02105352844722905,
            0.005030895401421579,
            -0.0016906713690545215,
            -0.018110924056815338,
            0.005736216396017472,
            0.013963977897646382,
            0.0043705815751550895,
            -5.768163697907078e-05,
            0.01886422481926462,
            0.0002851568236965743
        ],
        [
            -0.0009599224321808743,
            -0.026983481776534996,
            0.006266597287186285,
            0.026769565073417604,
            0.011053860900194301,
            0.044378485721295165,
            0.01955556877385344,
            -0.003540317675574208,
            -0.049233204832076244,
            0.0027372839173217503,
            -0.01499795835509452,
            0.16624317354928994,
            -0.0030105094668773304,
            0.2273271950716809,
            0.013963977897646382,
            0.5785640057964528,
            0.35672824694956,
            0.0001807274540197945,
            0.17442988291776096,
            0.0007031363645918161
        ],
        [
            -0.026674074397696774,
            -0.03363966118099162,
            0.002361884873911858,
            0.012067100448236055,
            0.0039057649191894454,
            0.018405208143037293,
            0.021625150363047334,
            0.0012384563553419353,
            0.029250219715387937,
            -0.006690525610948227,
            0.10283564738940591,
            0.14205354931985417,
            0.0001937694148945833,
            0.14098630832191536,
            0.0043705815751550895,
            0.35672824694956,
            0.24297297649102806,
            0.0001365214018134147,
            0.048091387404408485,
            -0.0008685525296175359
        ],
        [
            -0.00033569721486777535,
            -0.00034739111855483794,
            -5.6225406438749726e-05,
            -0.00026133636328198846,
            -8.300349136955308e-05,
            -0.0007180462056426458,
            -0.00035580578998608203,
            1.3573176384021765e-06,
            0.00011821805307178542,
            -2.5752719925259798e-05,
            -1.2240938566796714e-05,
            -8.23659879064252e-05,
            1.601135365076235e-05,
            0.0003686611203031944,
            -5.768163697907078e-05,
            0.0001807274540197945,
            0.0001365214018134147,
            1.1663369043952885e-06,
            7.500615121440248e-06,
            8.829423750666783e-07
        ],
        [
            -0.017511992540248628,
            -0.012339067114692858,
            0.013416986100287815,
            0.05677333706202082,
            0.021439073906031992,
            0.06346489125525363,
            -0.03773550884191647,
            -0.0017572581062186147,
            -0.14587523566169522,
            0.03866320610883066,
            -0.31661801287484154,
            -0.05822144652249965,
            -0.00731962520353009,
            0.0485076357972287,
            0.01886422481926462,
            0.17442988291776096,
            0.048091387404408485,
            7.500615121440248e-06,
            0.2201874082596798,
            0.004019671331631565
        ],
        [
            -0.0014915021765842004,
            -0.0009669165022451427,
            0.0002399836168324692,
            0.0010162831896215535,
            0.00037501058401510104,
            0.0003310892584171359,
            -0.001615699262054622,
            4.364076565983134e-05,
            -0.0026486765498130735,
            0.0009359284777083832,
            -0.00721898683818154,
            -0.002474010311027376,
            -0.00013189945131864063,
            0.00012010422043552376,
            0.0002851568236965743,
            0.0007031363645918161,
            -0.0008685525296175359,
            8.829423750666783e-07,
            0.004019671331631565,
            9.076643723684012e-05
        ]
    ]
}