{
    "opt_E": -2.1320072367383065,
    "HF_E": -2.1032168229545323,
    "B3LYP_E": -2.1044524526579225,
    "sto-3G_E": -2.082998166883169,
    "proj": [
        [
            0.5036355616963899,
            0.327534114562629,
            0.0038442745256731356,
            -0.1738269948697343,
            -0.02643241044545737,
            0.09570597261428773,
            0.18514039385094125,
            0.012933579880737425,
            -0.24147867744626145,
            -0.05534014354682894,
            0.05148763358011501,
            0.03702285793283586,
            0.000864619485174242,
            0.023374125692946855,
            -0.0011611321059046878,
            0.004909032487430171,
            -0.03784520909568019,
            -0.0009436781868386988,
            -0.027804960680846688,
            0.0002711490188718057
        ],
        [
            0.327534114562629,
            0.21890120454733678,
            0.001942081460312077,
            -0.09523805561254035,
            -0.014144951239974637,
            0.08950707703593357,
            0.12906722982362803,
            0.00849953229308836,
            -0.13825596870983028,
            -0.03445304150679529,
            0.05527309454354434,
            0.02252160791098659,
            -0.0013531172686085217,
            -0.019425355462976298,
            0.0013300642718896108,
            -0.03470591380526307,
            -0.04631089336729902,
            -0.002001944069567067,
            -0.045693332500194916,
            0.0015902282283811319
        ],
        [
            0.0038442745256731356,
            0.001942081460312077,
            0.00043259072580306967,
            -0.011729805080229824,
            -0.002206047545154303,
            -0.012265678376713976,
            -0.0009718036570325964,
            0.0007112520701930582,
            0.0002301684707956921,
            -0.0018248287101981914,
            0.0027269048427260726,
            -0.0017937467334940382,
            0.000541127276922679,
            0.008793641289386969,
            -0.0005198046328968615,
            -0.0016732567873492523,
            -0.0019095133636380225,
            -0.00024830924588034364,
            -0.004581068284912948,
            0.0002825102700352094
        ],
        [
            -0.1738269948697343,
            -0.09523805561254035,
            -0.011729805080229824,
            0.3321520774564735,
            0.06112435242348235,
            0.3140734282787443,
            0.006858237447506565,
            -0.01878767579177381,
            0.056704956587941044,
            0.05401889142557278,
            -0.038204901521931255,
            0.049890800478198376,
            -0.014596113797955553,
            -0.23856974033028738,
            0.014383739696025232,
            0.032834050621937935,
            0.052496433632209356,
            0.004980642245533915,
            0.09119258534467624,
            -0.005705667391806801
        ],
        [
            -0.02643241044545737,
            -0.014144951239974637,
            -0.002206047545154303,
            0.06112435242348235,
            0.011372298873195455,
            0.060491381921670334,
            0.0028490163691074163,
            -0.0036091328172701475,
            0.004454111743016133,
            0.009778643791941747,
            -0.011231398481143708,
            0.009052447553221305,
            -0.0027437224783066513,
            -0.044731910643852665,
            0.002664783106903974,
            0.007410758089251382,
            0.009797093332941105,
            0.0011250649495954915,
            0.02073357720598076,
            -0.0012807083502255467
        ],
        [
            0.09570597261428773,
            0.08950707703593357,
            -0.012265678376713976,
            0.3140734282787443,
            0.060491381921670334,
            0.475013256852172,
            0.1429662077378441,
            -0.012384370920380073,
            -0.026928807190015964,
            0.03023281856625307,
            0.0664900473174431,
            0.11110870801482149,
            -0.018160669772843592,
            -0.28856033325470454,
            0.01830638338137301,
            0.04767162395610531,
            0.052550695020063966,
            0.0029057022329343385,
            0.04198847871299862,
            -0.0041402068258684244
        ],
        [
            0.18514039385094125,
            0.12906722982362803,
            -0.0009718036570325964,
            0.006858237447506565,
            0.0028490163691074163,
            0.1429662077378441,
            0.10902834570351047,
            0.005321864280122858,
            -0.031716172140458555,
            -0.016197715744088258,
            0.11810233878499139,
            0.06654029620012394,
            -0.003039087053029869,
            -0.04026767999062852,
            0.003599263710199846,
            0.03449411977951609,
            0.021625922159512187,
            -0.0022922631498720246,
            -0.05222956444287384,
            0.001912139553012142
        ],
        [
            0.012933579880737425,
            0.00849953229308836,
            0.0007112520701930582,
            -0.01878767579177381,
            -0.0036091328172701475,
            -0.012384370920380073,
            0.005321864280122858,
            0.0019185909257512712,
            0.007952083114706118,
            -0.004188123984081339,
            0.022550366815661322,
            0.003829486681842081,
            0.0007757516874533032,
            0.013445768148075153,
            -0.0006203959393311355,
            -5.082880348033792e-05,
            -0.00010034602117838991,
            -0.0009420864727543694,
            -0.01842683555014158,
            0.0010015998582267695
        ],
        [
            -0.24147867744626145,
            -0.13825596870983028,
            0.0002301684707956921,
            0.056704956587941044,
            0.004454111743016133,
            -0.026928807190015964,
            -0.031716172140458555,
            0.007952083114706118,
            0.3203943249000554,
            0.009437361958007684,
            0.2835920498335786,
            0.052247218557918355,
            -0.0003649527145741825,
            -0.006143829257355006,
            0.0027941491825624826,
            -0.03933687605698245,
            0.02056108278120629,
            -0.011511173095436424,
            -0.22302434562951856,
            0.012409416231713386
        ],
        [
            -0.05534014354682894,
            -0.03445304150679529,
            -0.0018248287101981914,
            0.05401889142557278,
            0.009778643791941747,
            0.03023281856625307,
            -0.016197715744088258,
            -0.004188123984081339,
            0.009437361958007684,
            0.011643389858309702,
            -0.030964566065624425,
            -0.004439608300491955,
            -0.002042927113893634,
            -0.03527720096314408,
            0.0018728842247239385,
            -0.0027679082996094483,
            0.0027345272543494257,
            0.0013529673205035279,
            0.02661982612674111,
            -0.0014249648832287216
        ],
        [
            0.05148763358011501,
            0.05527309454354434,
            0.0027269048427260726,
            -0.038204901521931255,
            -0.011231398481143708,
            0.0664900473174431,
            0.11810233878499139,
            0.022550366815661322,
            0.2835920498335786,
            -0.030964566065624425,
            0.49542391105626987,
            0.15509723729816569,
            0.0016684315300814008,
            0.04699315461351969,
            0.0018637277058491334,
            0.05829235949491706,
            0.07818441152828863,
            -0.016308919121938003,
            -0.32570836944509335,
            0.016923928597931598
        ],
        [
            0.03702285793283586,
            0.02252160791098659,
            -0.0017937467334940382,
            0.049890800478198376,
            0.009052447553221305,
            0.11110870801482149,
            0.06654029620012394,
            0.003829486681842081,
            0.052247218557918355,
            -0.004439608300491955,
            0.15509723729816569,
            0.11377709127099539,
            0.0005361548972355541,
            0.03214487482323493,
            0.00041737496127169623,
            0.18199443738492346,
            0.13503424963745184,
            -0.0006810091256073255,
            -0.01992587554577463,
            0.0003935975940730037
        ],
        [
            0.000864619485174242,
            -0.0013531172686085217,
            0.000541127276922679,
            -0.014596113797955553,
            -0.0027437224783066513,
            -0.018160669772843592,
            -0.003039087053029869,
            0.0007757516874533032,
            -0.0003649527145741825,
            -0.002042927113893634,
            0.0016684315300814008,
            0.0005361548972355541,
            0.0010304955692869776,
            0.01793475430015587,
            -0.0010171265018879458,
            0.010142473872164114,
            0.005771606398493353,
            -2.3143270617063715e-06,
            0.00029949407612289014,
            3.568519759342848e-05
        ],
        [
            0.023374125692946855,
            -0.019425355462976298,
            0.008793641289386969,
            -0.23856974033028738,
            -0.044731910643852665,
            -0.28856033325470454,
            -0.04026767999062852,
            0.013445768148075153,
            -0.006143829257355006,
            -0.03527720096314408,
            0.04699315461351969,
            0.03214487482323493,
            0.01793475430015587,
            0.3173252814312814,
            -0.01761553303199815,
            0.2210532476423143,
            0.13191028628253101,
            0.0005303073056058091,
            0.014904143163138693,
            -5.6927564431587e-05
        ],
        [
            -0.0011611321059046878,
            0.0013300642718896108,
            -0.0005198046328968615,
            0.014383739696025232,
            0.002664783106903974,
            0.01830638338137301,
            0.003599263710199846,
            -0.0006203959393311355,
            0.0027941491825624826,
            0.0018728842247239385,
            0.0018637277058491334,
            0.00041737496127169623,
            -0.0010171265018879458,
            -0.01761553303199815,
            0.0010300699597740447,
            -0.010018960360585034,
            -0.00535751571391223,
            -0.00012333404953829627,
            -0.002784582845812534,
            9.627132310088589e-05
        ],
        [
            0.004909032487430171,
            -0.03470591380526307,
            -0.0016732567873492523,
            0.032834050621937935,
            0.007410758089251382,
            0.04767162395610531,
            0.03449411977951609,
            -5.082880348033792e-05,
            -0.03933687605698245,
            -0.0027679082996094483,
            0.05829235949491706,
            0.18199443738492346,
            0.010142473872164114,
            0.2210532476423143,
            -0.010018960360585034,
            0.5212022567755027,
            0.35024729791524395,
            0.00977526463602103,
            0.18357891882436433,
            -0.010530076910523432
        ],
        [
            -0.03784520909568019,
            -0.04631089336729902,
            -0.0019095133636380225,
            0.052496433632209356,
            0.009797093332941105,
            0.052550695020063966,
            0.021625922159512187,
            -0.00010034602117838991,
            0.02056108278120629,
            0.0027345272543494257,
            0.07818441152828863,
            0.13503424963745184,
            0.005771606398493353,
            0.13191028628253101,
            -0.00535751571391223,
            0.35024729791524395,
            0.24383660926105405,
            0.00532448020828016,
            0.09871255948459949,
            -0.0057683469131152
        ],
        [
            -0.0009436781868386988,
            -0.002001944069567067,
            -0.00024830924588034364,
            0.004980642245533915,
            0.0011250649495954915,
            0.0029057022329343385,
            -0.0022922631498720246,
            -0.0009420864727543694,
            -0.011511173095436424,
            0.0013529673205035279,
            -0.016308919121938003,
            -0.0006810091256073255,
            -2.3143270617063715e-06,
            0.0005303073056058091,
            -0.00012333404953829627,
            0.00977526463602103,
            0.00532448020828016,
            0.0008406487112468021,
            0.016387370583395667,
            -0.0008910081957351117
        ],
        [
            -0.027804960680846688,
            -0.045693332500194916,
            -0.004581068284912948,
            0.09119258534467624,
            0.02073357720598076,
            0.04198847871299862,
            -0.05222956444287384,
            -0.01842683555014158,
            -0.22302434562951856,
            0.02661982612674111,
            -0.32570836944509335,
            -0.01992587554577463,
            0.00029949407612289014,
            0.014904143163138693,
            -0.002784582845812534,
            0.18357891882436433,
            0.09871255948459949,
            0.016387370583395667,
            0.3200946274368762,
            -0.017327124397383424
        ],
        [
            0.0002711490188718057,
            0.0015902282283811319,
            0.0002825102700352094,
            -0.005705667391806801,
            -0.0012807083502255467,
            -0.0041402068258684244,
            0.001912139553012142,
            0.0010015998582267695,
            0.012409416231713386,
            -0.0014249648832287216,
            0.016923928597931598,
            0.0003935975940730037,
            3.568519759342848e-05,
            -5.6927564431587e-05,
            9.627132310088589e-05,
            -0.010530076910523432,
            -0.0057683469131152,
            -0.0008910081957351117,
            -0.017327124397383424,
            0.000947366988715901
        ]
    ]
}