{
    "opt_E": -2.221318881866829,
    "HF_E": -2.1895182311621673,
    "B3LYP_E": -2.1918885811009092,
    "sto-3G_E": -2.179564304170632,
    "proj": [
        [
            0.552615344774689,
            0.3380794108937052,
            -0.0007117114449655164,
            -0.17684597298671684,
            -0.024895721971464797,
            0.025307320265401157,
            0.17619973650199824,
            0.010789116608252774,
            -0.25282858497359234,
            -0.04182361448203415,
            0.033779160339037044,
            0.02719342233356206,
            0.002850834012392755,
            0.02684902336757013,
            0.0026375145927601193,
            -0.004829675172987075,
            -0.024778190471259565,
            0.00852919524748101,
            -0.014273773920430078,
            -0.0058459426309276285
        ],
        [
            0.3380794108937052,
            0.22474530391650266,
            -0.0012696636080457315,
            -0.04960070800393544,
            -0.00640982978351433,
            0.11497982250520998,
            0.13995132959109885,
            0.002101561233193252,
            -0.1444127793705124,
            -0.0217218585344273,
            0.015935802530185672,
            0.024329996758866063,
            -0.009577368030702074,
            -0.030213562579546854,
            0.0008708093885169212,
            -0.023869096856162727,
            -0.028396652750122965,
            0.0025761559059696176,
            -0.007573428571255869,
            -0.0022036259521520454
        ],
        [
            -0.0007117114449655164,
            -0.0012696636080457315,
            7.181035942241192e-05,
            -0.0031385436025545416,
            -0.00048600526811797554,
            -0.005420307842053837,
            -0.0015905798740484946,
            0.0006712417483983071,
            0.0010574773668613872,
            -0.0002009039603002829,
            0.0032194744981875463,
            -0.0001668950388120027,
            0.001461633579550977,
            0.0013048813430364692,
            -0.0005383436809148896,
            -0.002349471822493128,
            -0.0007602166173807785,
            0.0008403901432135925,
            -0.002070427779772906,
            -0.0006844363907428482
        ],
        [
            -0.17684597298671684,
            -0.04960070800393544,
            -0.0031385436025545416,
            0.2620954309619491,
            0.03911999425800448,
            0.3365341469231931,
            0.051682698850240565,
            -0.025592033074360036,
            0.09709126816525816,
            0.027391541412297823,
            -0.06722652336448903,
            0.02530550468443711,
            -0.05727057137155295,
            -0.14031559629603607,
            0.008976604974748127,
            0.015958309891175984,
            0.006988577554296445,
            -0.02410344911088012,
            0.044414176438719914,
            0.017387501686201037
        ],
        [
            -0.024895721971464797,
            -0.00640982978351433,
            -0.00048600526811797554,
            0.03911999425800448,
            0.005848009356991299,
            0.05097466417572773,
            0.00823804827603483,
            -0.004003657499825717,
            0.013344401857495046,
            0.004020332658684535,
            -0.011251012164099237,
            0.0037022985674219633,
            -0.008937476909339203,
            -0.02078409908716202,
            0.0015521748475399546,
            0.003417946184667241,
            0.0013486353796305654,
            -0.0038731020385836556,
            0.007394923123908682,
            0.002832680653195508
        ],
        [
            0.025307320265401157,
            0.11497982250520998,
            -0.005420307842053837,
            0.3365341469231931,
            0.05097466417572773,
            0.5864845030926813,
            0.2032968879585921,
            -0.028429923886266795,
            0.040752518574450045,
            0.02087794846328666,
            -0.02661398848739437,
            0.08610210599019874,
            -0.08716827766116109,
            -0.2231383082053887,
            0.012645865535064556,
            0.020760930408532604,
            0.009374016229453833,
            -0.02515512722429046,
            0.037868011655656744,
            0.016899037446187256
        ],
        [
            0.17619973650199824,
            0.13995132959109885,
            -0.0015905798740484946,
            0.051682698850240565,
            0.00823804827603483,
            0.2032968879585921,
            0.1406116184635805,
            0.006946569083788529,
            -0.025667440917244617,
            -0.007282650853807985,
            0.10716330452619069,
            0.08615658421441945,
            -0.01858550392819061,
            -0.058712462665612,
            0.0014170773385590615,
            0.024689071747414127,
            0.02970334282390022,
            0.009309801680448699,
            -0.03187308004551528,
            -0.00895103444427486
        ],
        [
            0.010789116608252774,
            0.002101561233193252,
            0.0006712417483983071,
            -0.025592033074360036,
            -0.004003657499825717,
            -0.028429923886266795,
            0.006946569083788529,
            0.011921045512590047,
            0.021991107905278574,
            -0.0031072492095981724,
            0.08083079868978608,
            0.024975388175382928,
            0.01568923175539937,
            0.007188427274998897,
            -0.006642623916193702,
            -0.015766477771677914,
            0.006605490350580714,
            0.014682943501617321,
            -0.03844348123311884,
            -0.012323108710186369
        ],
        [
            -0.25282858497359234,
            -0.1444127793705124,
            0.0010574773668613872,
            0.09709126816525816,
            0.013344401857495046,
            0.040752518574450045,
            -0.025667440917244617,
            0.021991107905278574,
            0.20510107998274435,
            0.01783668803516076,
            0.20763749714616297,
            0.07600365441554788,
            0.02390817353335482,
            -0.046462480991143605,
            -0.017975272444665027,
            -0.042010836762289984,
            0.03149567074115432,
            0.03206002078521723,
            -0.09478746026333382,
            -0.028588131283662756
        ],
        [
            -0.04182361448203415,
            -0.0217218585344273,
            -0.0002009039603002829,
            0.027391541412297823,
            0.004020332658684535,
            0.02087794846328666,
            -0.007282650853807985,
            -0.0031072492095981724,
            0.01783668803516076,
            0.0041862526090173805,
            -0.012695706863368392,
            -0.00229982079351321,
            -0.004779924544068405,
            -0.01058747918776386,
            0.0008754402941712085,
            0.001923628919168693,
            0.0008345366458161908,
            -0.0030967638546925847,
            0.006536786696699997,
            0.0023559744629555734
        ],
        [
            0.033779160339037044,
            0.015935802530185672,
            0.0032194744981875463,
            -0.06722652336448903,
            -0.011251012164099237,
            -0.02661398848739437,
            0.10716330452619069,
            0.08083079868978608,
            0.20763749714616297,
            -0.012695706863368392,
            0.6171072292059459,
            0.24221609397804106,
            0.08135025467910234,
            0.005102054765000277,
            -0.03861387337942611,
            -0.0372045772820877,
            0.10522382372095872,
            0.0996011632034999,
            -0.2680802516235205,
            -0.08477584123525257
        ],
        [
            0.02719342233356206,
            0.024329996758866063,
            -0.0001668950388120027,
            0.02530550468443711,
            0.0037022985674219633,
            0.08610210599019874,
            0.08615658421441945,
            0.024975388175382928,
            0.07600365441554788,
            -0.00229982079351321,
            0.24221609397804106,
            0.15669787750049308,
            -0.00550331534982367,
            0.023176038793700636,
            0.006068351308390162,
            0.15353516911230544,
            0.14442387194823364,
            0.02431825838359166,
            -0.06472743643653679,
            -0.020755143261396464
        ],
        [
            0.002850834012392755,
            -0.009577368030702074,
            0.001461633579550977,
            -0.05727057137155295,
            -0.008937476909339203,
            -0.08716827766116109,
            -0.01858550392819061,
            0.01568923175539937,
            0.02390817353335482,
            -0.004779924544068405,
            0.08135025467910234,
            -0.00550331534982367,
            0.03499652608112222,
            0.0028915869183488334,
            -0.016696237385111303,
            -0.09345474320298787,
            -0.040940099778744396,
            0.022056337922534777,
            -0.05790566279965117,
            -0.018464780559011747
        ],
        [
            0.02684902336757013,
            -0.030213562579546854,
            0.0013048813430364692,
            -0.14031559629603607,
            -0.02078409908716202,
            -0.2231383082053887,
            -0.058712462665612,
            0.007188427274998897,
            -0.046462480991143605,
            -0.01058747918776386,
            0.005102054765000277,
            0.023176038793700636,
            0.0028915869183488334,
            0.15951255178442064,
            0.020120751912602458,
            0.1998454505744833,
            0.12105182375040195,
            -0.0053146378617279595,
            0.033228258207017185,
            0.007180222404167356
        ],
        [
            0.0026375145927601193,
            0.0008708093885169212,
            -0.0005383436809148896,
            0.008976604974748127,
            0.0015521748475399546,
            0.012645865535064556,
            0.0014170773385590615,
            -0.006642623916193702,
            -0.017975272444665027,
            0.0008754402941712085,
            -0.03861387337942611,
            0.006068351308390162,
            -0.016696237385111303,
            0.020120751912602458,
            0.010868464879759284,
            0.07275169755754003,
            0.036486746426028144,
            -0.011435920348516244,
            0.032622775725822555,
            0.009941716769550015
        ],
        [
            -0.004829675172987075,
            -0.023869096856162727,
            -0.002349471822493128,
            0.015958309891175984,
            0.003417946184667241,
            0.020760930408532604,
            0.024689071747414127,
            -0.015766477771677914,
            -0.042010836762289984,
            0.001923628919168693,
            -0.0372045772820877,
            0.15353516911230544,
            -0.09345474320298787,
            0.1998454505744833,
            0.07275169755754003,
            0.6010577330527183,
            0.3617111680945735,
            -0.048048214821668295,
            0.14811806227480195,
            0.043128344919896276
        ],
        [
            -0.024778190471259565,
            -0.028396652750122965,
            -0.0007602166173807785,
            0.006988577554296445,
            0.0013486353796305654,
            0.009374016229453833,
            0.02970334282390022,
            0.006605490350580714,
            0.03149567074115432,
            0.0008345366458161908,
            0.10522382372095872,
            0.14442387194823364,
            -0.040940099778744396,
            0.12105182375040195,
            0.036486746426028144,
            0.3617111680945735,
            0.2456925968834425,
            -0.009128513096702734,
            0.035475153098869394,
            0.009038830893893526
        ],
        [
            0.00852919524748101,
            0.0025761559059696176,
            0.0008403901432135925,
            -0.02410344911088012,
            -0.0038731020385836556,
            -0.02515512722429046,
            0.009309801680448699,
            0.014682943501617321,
            0.03206002078521723,
            -0.0030967638546925847,
            0.0996011632034999,
            0.02431825838359166,
            0.022056337922534777,
            -0.0053146378617279595,
            -0.011435920348516244,
            -0.048048214821668295,
            -0.009128513096702734,
            0.019704794792752875,
            -0.053269994361980336,
            -0.016764308371533903
        ],
        [
            -0.014273773920430078,
            -0.007573428571255869,
            -0.002070427779772906,
            0.044414176438719914,
            0.007394923123908682,
            0.037868011655656744,
            -0.03187308004551528,
            -0.03844348123311884,
            -0.09478746026333382,
            0.006536786696699997,
            -0.2680802516235205,
            -0.06472743643653679,
            -0.05790566279965117,
            0.033228258207017185,
            0.032622775725822555,
            0.14811806227480195,
            0.035475153098869394,
            -0.053269994361980336,
            0.14637010178239532,
            0.04565965510754746
        ],
        [
            -0.0058459426309276285,
            -0.0022036259521520454,
            -0.0006844363907428482,
            0.017387501686201037,
            0.002832680653195508,
            0.016899037446187256,
            -0.00895103444427486,
            -0.012323108710186369,
            -0.028588131283662756,
            0.0023559744629555734,
            -0.08477584123525257,
            -0.020755143261396464,
            -0.018464780559011747,
            0.007180222404167356,
            0.009941716769550015,
            0.043128344919896276,
            0.009038830893893526,
            -0.016764308371533903,
            0.04565965510754746,
            0.014311725006781349
        ]
    ]
}