{
    "opt_E": -2.171413167464026,
    "HF_E": -2.139654256595367,
    "B3LYP_E": -2.1421681361275406,
    "sto-3G_E": -2.1188758670833567,
    "proj": [
        [
            0.5497496506394398,
            0.35299567400316284,
            -0.0018716189141231487,
            -0.17100641664109906,
            0.030635204280264762,
            0.033778792954259,
            0.17559036634941905,
            -0.008886691738114644,
            -0.21878432960074412,
            0.0706155765452888,
            0.04275493666962464,
            0.03191728581010544,
            -0.007629117658181286,
            0.054709901981825605,
            0.004362370655904193,
            0.0005707370381941858,
            -0.03724022823143429,
            0.0035208190712544933,
            -0.022597366263009785,
            0.0011880391118441092
        ],
        [
            0.35299567400316284,
            0.23769311518787292,
            -0.0004596033482116687,
            -0.07055664325456434,
            0.010705875960651553,
            0.08806913682985694,
            0.13241849687308122,
            -0.003772712214496066,
            -0.13831297726941189,
            0.038894790086973816,
            0.035567537742893625,
            0.024140419258395097,
            0.0002006527702365265,
            -0.018203348210705184,
            -0.0026277908451661737,
            -0.03171186234677049,
            -0.044144772056490734,
            0.0030270776226157797,
            -0.01993872328335761,
            0.0007074376538757503
        ],
        [
            -0.0018716189141231487,
            -0.0004596033482116687,
            9.769591855837122e-05,
            0.004449981490046075,
            -0.0010190446395267735,
            0.005821755011754212,
            0.0006050900464625268,
            0.0003964887383943097,
            -0.0014936667376521254,
            -0.001154177394234696,
            -0.0029173082733895657,
            -3.436260824302383e-06,
            0.0001984021845117213,
            -0.004304926782245882,
            -0.0006777330879690686,
            0.0009714234972260733,
            0.00026173346680956057,
            -0.00043346207761503464,
            0.002531807485497334,
            1.3178667475296102e-05
        ],
        [
            -0.17100641664109906,
            -0.07055664325456434,
            0.004449981490046075,
            0.24007985042922633,
            -0.05292412174712052,
            0.2953706318635838,
            0.030121549623118634,
            0.015225452960518466,
            0.02880706696604951,
            -0.05629075547889774,
            -0.02966514493120339,
            0.03637995385391747,
            0.013507475682735064,
            -0.21051393469317217,
            -0.03025972015878337,
            0.030850555238061503,
            0.02761324927760238,
            -0.01030782273834399,
            0.059829571660211606,
            0.000263693610374438
        ],
        [
            0.030635204280264762,
            0.010705875960651553,
            -0.0010190446395267735,
            -0.05292412174712052,
            0.011808771427191318,
            -0.06856634246399783,
            -0.009107531430450714,
            -0.0035488553144505668,
            -0.0009430284295550246,
            0.012196126380487391,
            0.009708218598953744,
            -0.007929217643902736,
            -0.0028794877675847,
            0.047893267937691796,
            0.007054340064011779,
            -0.008352412003472772,
            -0.005975647413501284,
            0.0027001462232104953,
            -0.015683104633179474,
            -8.999201478797412e-05
        ],
        [
            0.033778792954259,
            0.08806913682985694,
            0.005821755011754212,
            0.2953706318635838,
            -0.06856634246399783,
            0.5164917397674836,
            0.16891845735047528,
            0.0160680953282136,
            -0.02808668462043378,
            -0.044675615170949166,
            0.06124486803644895,
            0.10900485319329022,
            0.019471234600439924,
            -0.3076263302697855,
            -0.04480876204683954,
            0.04395618667189024,
            0.03401104128434252,
            -0.006966736607497979,
            0.038510828439708496,
            0.0009866257616724984
        ],
        [
            0.17559036634941905,
            0.13241849687308122,
            0.0006050900464625268,
            0.030121549623118634,
            -0.009107531430450714,
            0.16891845735047528,
            0.12244181975664832,
            -0.002474429783012611,
            -0.019013670019717856,
            0.01725764897746685,
            0.12745108122586837,
            0.08035628558178409,
            0.0038679443914916485,
            -0.0558768885765933,
            -0.008707594858547128,
            0.022087408628246326,
            0.021305258054822012,
            0.007391150235100193,
            -0.044530947258053365,
            0.0005724442542613696
        ],
        [
            -0.008886691738114644,
            -0.003772712214496066,
            0.0003964887383943097,
            0.015225452960518466,
            -0.0035488553144505668,
            0.0160680953282136,
            -0.002474429783012611,
            0.0020154554414266433,
            -0.012789679843460812,
            -0.005382053148361219,
            -0.025142920812358364,
            -0.005576489949180054,
            0.0002981623128752755,
            -0.014825003785391408,
            -0.0026204254866704817,
            0.005397995867198934,
            -0.00011380129612829278,
            -0.0028941558693567028,
            0.01700706953735231,
            6.327583216736061e-05
        ],
        [
            -0.21878432960074412,
            -0.13831297726941189,
            -0.0014936667376521254,
            0.02880706696604951,
            -0.0009430284295550246,
            -0.02808668462043378,
            -0.019013670019717856,
            -0.012789679843460812,
            0.2767180118191066,
            0.004498818230397306,
            0.291809659276932,
            0.07800933477170933,
            0.009610547105695741,
            0.02449144625285034,
            0.012675174625715145,
            -0.07262116252769701,
            0.02004835385678902,
            0.030558098302212906,
            -0.17966260386182872,
            -0.001233476373305658
        ],
        [
            0.0706155765452888,
            0.038894790086973816,
            -0.001154177394234696,
            -0.05629075547889774,
            0.012196126380487391,
            -0.044675615170949166,
            0.01725764897746685,
            -0.005382053148361219,
            0.004498818230397306,
            0.019150673068119482,
            0.05314317322447167,
            0.013413862688528322,
            -0.002491624812876142,
            0.047488327026604917,
            0.006984987708627523,
            -0.0037935007144345176,
            0.001124918301032112,
            0.006036654260883569,
            -0.03544750269961828,
            -3.187946839303644e-06
        ],
        [
            0.04275493666962464,
            0.035567537742893625,
            -0.0029173082733895657,
            -0.02966514493120339,
            0.009708218598953744,
            0.06124486803644895,
            0.12745108122586837,
            -0.025142920812358364,
            0.291809659276932,
            0.05314317322447167,
            0.535140057046568,
            0.19976328092954712,
            0.007309029155164067,
            0.06613629820399029,
            0.01647101388332759,
            -0.01875764329918873,
            0.07578492807606349,
            0.04896219063626898,
            -0.2880771556133492,
            -0.0006047495439187957
        ],
        [
            0.03191728581010544,
            0.024140419258395097,
            -3.436260824302383e-06,
            0.03637995385391747,
            -0.007929217643902736,
            0.10900485319329022,
            0.08035628558178409,
            -0.005576489949180054,
            0.07800933477170933,
            0.013413862688528322,
            0.19976328092954712,
            0.13286136344915916,
            -0.0048917856885702495,
            0.02862852635101555,
            -0.0031652608498753446,
            0.15916229629731773,
            0.13661167873770347,
            0.009266749492429501,
            -0.05239311638730408,
            0.0007007995691644537
        ],
        [
            -0.007629117658181286,
            0.0002006527702365265,
            0.0001984021845117213,
            0.013507475682735064,
            -0.0028794877675847,
            0.019471234600439924,
            0.0038679443914916485,
            0.0002981623128752755,
            0.009610547105695741,
            -0.002491624812876142,
            0.007309029155164067,
            -0.0048917856885702495,
            0.0035135315957663996,
            -0.025360652529734972,
            -0.00120648573091824,
            -0.03708948657419048,
            -0.022807150213301344,
            0.0018799921610875158,
            -0.011750865513283184,
            -0.00016581570323934307
        ],
        [
            0.054709901981825605,
            -0.018203348210705184,
            -0.004304926782245882,
            -0.21051393469317217,
            0.047893267937691796,
            -0.3076263302697855,
            -0.0558768885765933,
            -0.014825003785391408,
            0.02449144625285034,
            0.047488327026604917,
            0.06613629820399029,
            0.02862852635101555,
            -0.025360652529734972,
            0.2832289376786567,
            0.029655836287238047,
            0.1724870844140693,
            0.12293875424445896,
            0.005017243524563609,
            -0.024882919868131397,
            0.0003473263092929396
        ],
        [
            0.004362370655904193,
            -0.0026277908451661737,
            -0.0006777330879690686,
            -0.03025972015878337,
            0.007054340064011779,
            -0.04480876204683954,
            -0.008707594858547128,
            -0.0026204254866704817,
            0.012675174625715145,
            0.006984987708627523,
            0.01647101388332759,
            -0.0031652608498753446,
            -0.00120648573091824,
            0.029655836287238047,
            0.004900075295317605,
            -0.01039542506256849,
            -0.004159350478519331,
            0.0029055347154080913,
            -0.016977339370666797,
            -0.00012862640616439277
        ],
        [
            0.0005707370381941858,
            -0.03171186234677049,
            0.0009714234972260733,
            0.030850555238061503,
            -0.008352412003472772,
            0.04395618667189024,
            0.022087408628246326,
            0.005397995867198934,
            -0.07262116252769701,
            -0.0037935007144345176,
            -0.01875764329918873,
            0.15916229629731773,
            -0.03708948657419048,
            0.1724870844140693,
            -0.01039542506256849,
            0.5814630475865622,
            0.3817736695376583,
            -0.027945017579218023,
            0.17360406617834254,
            0.0027519139286658924
        ],
        [
            -0.03724022823143429,
            -0.044144772056490734,
            0.00026173346680956057,
            0.02761324927760238,
            -0.005975647413501284,
            0.03401104128434252,
            0.021305258054822012,
            -0.00011380129612829278,
            0.02004835385678902,
            0.001124918301032112,
            0.07578492807606349,
            0.13661167873770347,
            -0.022807150213301344,
            0.12293875424445896,
            -0.004159350478519331,
            0.3817736695376583,
            0.2688507306595013,
            -0.010343654344968173,
            0.06711200116995036,
            0.001617166148129709
        ],
        [
            0.0035208190712544933,
            0.0030270776226157797,
            -0.00043346207761503464,
            -0.01030782273834399,
            0.0027001462232104953,
            -0.006966736607497979,
            0.007391150235100193,
            -0.0028941558693567028,
            0.030558098302212906,
            0.006036654260883569,
            0.04896219063626898,
            0.009266749492429501,
            0.0018799921610875158,
            0.005017243524563609,
            0.0029055347154080913,
            -0.027945017579218023,
            -0.010343654344968173,
            0.005881869735693234,
            -0.034956165356266444,
            -0.0001954018766807931
        ],
        [
            -0.022597366263009785,
            -0.01993872328335761,
            0.002531807485497334,
            0.059829571660211606,
            -0.015683104633179474,
            0.038510828439708496,
            -0.044530947258053365,
            0.01700706953735231,
            -0.17966260386182872,
            -0.03544750269961828,
            -0.2880771556133492,
            -0.05239311638730408,
            -0.011750865513283184,
            -0.024882919868131397,
            -0.016977339370666797,
            0.17360406617834254,
            0.06711200116995036,
            -0.034956165356266444,
            0.20789613756324998,
            0.0011837910980885818
        ],
        [
            0.0011880391118441092,
            0.0007074376538757503,
            1.3178667475296102e-05,
            0.000263693610374438,
            -8.999201478797412e-05,
            0.0009866257616724984,
            0.0005724442542613696,
            6.327583216736061e-05,
            -0.001233476373305658,
            -3.187946839303644e-06,
            -0.0006047495439187957,
            0.0007007995691644537,
            -0.00016581570323934307,
            0.0003473263092929396,
            -0.00012862640616439277,
            0.0027519139286658924,
            0.001617166148129709,
            -0.0001954018766807931,
            0.0011837910980885818,
            1.7465934450398448e-05
        ]
    ]
}