{
    "opt_E": -2.16105664957281,
    "HF_E": -2.1303154862782665,
    "B3LYP_E": -2.1321320820854877,
    "sto-3G_E": -2.1044215662738233,
    "proj": [
        [
            0.5306249717008176,
            0.33412910813287655,
            -0.01527854097053683,
            -0.18025467237370998,
            -0.018250536291426863,
            0.06311780179871437,
            0.17957387827185523,
            -0.046110051704054154,
            -0.23932136178840074,
            -0.049962484755928155,
            0.04393647539878949,
            0.036057277065808024,
            0.0005681026233639828,
            0.03157462696344176,
            -0.006406055214122132,
            0.0003106795587532722,
            -0.03909330136630241,
            -0.004579259821633321,
            -0.02038680934855814,
            0.0001377785104515935
        ],
        [
            0.33412910813287655,
            0.2194796476212612,
            -0.004223954489040151,
            -0.07329161503206123,
            -0.0055446892687442025,
            0.09977651920538531,
            0.1281664261031905,
            -0.02427379054282543,
            -0.14582244901156047,
            -0.025535004374372592,
            0.03394865186244591,
            0.025928108833897533,
            0.006526560052617341,
            -0.026920861807823666,
            0.004666076797360806,
            -0.027445765525229752,
            -0.04078905285605882,
            -0.0030602316904541913,
            -0.017831587572823725,
            0.00041470107529865247
        ],
        [
            -0.01527854097053683,
            -0.004223954489040151,
            0.004711163154238672,
            0.03619409926145252,
            0.005292956875202188,
            0.0428422125917673,
            0.005161474766067503,
            0.006477992645491375,
            0.002495582572209321,
            0.007508729287210511,
            -0.006885519223056447,
            0.005128142815788684,
            0.007700506916232549,
            -0.02836023070222816,
            0.007187475223341589,
            0.003971619085817148,
            0.0038780710363769803,
            0.0019639497913272064,
            0.0104466259783853,
            -0.0004734300613431979
        ],
        [
            -0.18025467237370998,
            -0.07329161503206123,
            0.03619409926145252,
            0.28787507214505487,
            0.04066441842087514,
            0.30910269210247665,
            0.020443292818923643,
            0.049577179743489186,
            0.06536738661428507,
            0.05749434608288598,
            -0.027332813656828294,
            0.041285101024911015,
            0.05344070300376335,
            -0.2109937489933209,
            0.05223259390457653,
            0.02365866843627247,
            0.034200700597015396,
            0.012085328428598373,
            0.06115940288079415,
            -0.0026832746680287042
        ],
        [
            -0.018250536291426863,
            -0.0055446892687442025,
            0.005292956875202188,
            0.04066441842087514,
            0.005961733823450807,
            0.04710637573807395,
            0.0047622732989730425,
            0.007647799373487935,
            0.0019082175671449723,
            0.008813496584175424,
            -0.010354887926227387,
            0.004760985455119106,
            0.008784784742568302,
            -0.03175183299618701,
            0.00810946152415028,
            0.00459350085655934,
            0.004130152556721931,
            0.0024412512668292746,
            0.013182667034455359,
            -0.0005929798602788133
        ],
        [
            0.06311780179871437,
            0.09977651920538531,
            0.0428422125917673,
            0.30910269210247665,
            0.04710637573807395,
            0.5001525489413268,
            0.15595297696679328,
            0.034291139946355284,
            -0.01049521326850775,
            0.043160921925994425,
            0.06188012360493732,
            0.10747662358817962,
            0.07193289572900216,
            -0.2832918261622667,
            0.06922629706050824,
            0.03137839299319019,
            0.03498083993751638,
            0.00776862110561264,
            0.0334353133387485,
            -0.0019516233635177916
        ],
        [
            0.17957387827185523,
            0.1281664261031905,
            0.005161474766067503,
            0.020443292818923643,
            0.0047622732989730425,
            0.15595297696679328,
            0.11485468143255721,
            -0.017919069195886483,
            -0.026927243594458396,
            -0.017338434291167264,
            0.12331609320423838,
            0.07676356743014241,
            0.011992536781233432,
            -0.04408941179685753,
            0.011134282168153098,
            0.029140443283399844,
            0.025011413645509815,
            -0.007395805999811163,
            -0.044850379342910626,
            0.0014624232976059894
        ],
        [
            -0.046110051704054154,
            -0.02427379054282543,
            0.006477992645491375,
            0.049577179743489186,
            0.007647799373487935,
            0.034291139946355284,
            -0.017919069195886483,
            0.017958732857340415,
            -0.01934074104653276,
            0.019566781159940268,
            -0.07419927130691052,
            -0.0182071701632654,
            0.013784605774351711,
            -0.03740561788388545,
            0.010812841708979155,
            0.006349589417417829,
            -0.0019789713955307374,
            0.008421937255989012,
            0.04945500785193648,
            -0.0021232075421502208
        ],
        [
            -0.23932136178840074,
            -0.14582244901156047,
            0.002495582572209321,
            0.06536738661428507,
            0.0019082175671449723,
            -0.01049521326850775,
            -0.026927243594458396,
            -0.01934074104653276,
            0.27276666597781674,
            -0.019234206010276284,
            0.2708632335191698,
            0.06541770080034796,
            -0.03209853678281332,
            0.0038793843435489085,
            -0.012112638377393735,
            -0.05578099664861003,
            0.024200961923034392,
            -0.02760999488768421,
            -0.17492718717307218,
            0.0081617639647496
        ],
        [
            -0.049962484755928155,
            -0.025535004374372592,
            0.007508729287210511,
            0.05749434608288598,
            0.008813496584175424,
            0.043160921925994425,
            -0.017338434291167264,
            0.019566781159940268,
            -0.019234206010276284,
            0.021405194117814202,
            -0.07709767863947767,
            -0.0178219478198145,
            0.0154843032919249,
            -0.04384278420518026,
            0.012411363177137598,
            0.0065558339681113876,
            -0.001742988914443583,
            0.008948121387985477,
            0.05228735325545301,
            -0.0022459848783218436
        ],
        [
            0.04393647539878949,
            0.03394865186244591,
            -0.006885519223056447,
            -0.027332813656828294,
            -0.010354887926227387,
            0.06188012360493732,
            0.12331609320423838,
            -0.07419927130691052,
            0.2708632335191698,
            -0.07709767863947767,
            0.5340982302502743,
            0.18477955225218654,
            -0.045996616728810794,
            0.057989986570162716,
            -0.02476553228301523,
            -0.0015077135927765277,
            0.07572006308505479,
            -0.04995612237473426,
            -0.30391393046529236,
            0.013028856109342749
        ],
        [
            0.036057277065808024,
            0.025928108833897533,
            0.005128142815788684,
            0.041285101024911015,
            0.004760985455119106,
            0.10747662358817962,
            0.07676356743014241,
            -0.0182071701632654,
            0.06541770080034796,
            -0.0178219478198145,
            0.18477955225218654,
            0.1265769088792613,
            0.011221921402629734,
            0.03140597434355211,
            0.003064254381574536,
            0.16794574811645138,
            0.1381249675224397,
            -0.008484428104812466,
            -0.04283393886862586,
            0.0008695287674368107
        ],
        [
            0.0005681026233639828,
            0.006526560052617341,
            0.007700506916232549,
            0.05344070300376335,
            0.008784784742568302,
            0.07193289572900216,
            0.011992536781233432,
            0.013784605774351711,
            -0.03209853678281332,
            0.0154843032919249,
            -0.045996616728810794,
            0.011221921402629734,
            0.020098270578049745,
            -0.033395941348992444,
            0.013349134685505642,
            0.05237367764658549,
            0.02944365619931494,
            0.008322926659823855,
            0.05157549913510577,
            -0.002536159163678342
        ],
        [
            0.03157462696344176,
            -0.026920861807823666,
            -0.02836023070222816,
            -0.2109937489933209,
            -0.03175183299618701,
            -0.2832918261622667,
            -0.04408941179685753,
            -0.03740561788388545,
            0.0038793843435489085,
            -0.04384278420518026,
            0.057989986570162716,
            0.03140597434355211,
            -0.033395941348992444,
            0.2618186715703206,
            -0.04749038779264544,
            0.18971576334545737,
            0.12592311506738554,
            -0.0053475845755924425,
            -0.0092322924882184,
            -0.00048307890701606025
        ],
        [
            -0.006406055214122132,
            0.004666076797360806,
            0.007187475223341589,
            0.05223259390457653,
            0.00810946152415028,
            0.06922629706050824,
            0.011134282168153098,
            0.010812841708979155,
            -0.012112638377393735,
            0.012411363177137598,
            -0.02476553228301523,
            0.003064254381574536,
            0.013349134685505642,
            -0.04749038779264544,
            0.012019574346009943,
            0.002393742405752315,
            -5.829829295616571e-05,
            0.004255811523504677,
            0.023483760815660743,
            -0.00105331237871845
        ],
        [
            0.0003106795587532722,
            -0.027445765525229752,
            0.003971619085817148,
            0.02365866843627247,
            0.00459350085655934,
            0.03137839299319019,
            0.029140443283399844,
            0.006349589417417829,
            -0.05578099664861003,
            0.0065558339681113876,
            -0.0015077135927765277,
            0.16794574811645138,
            0.05237367764658549,
            0.18971576334545737,
            0.002393742405752315,
            0.5627282708236291,
            0.3744122958434986,
            0.0232888820198437,
            0.17859833441812958,
            -0.010651347879820071
        ],
        [
            -0.03909330136630241,
            -0.04078905285605882,
            0.0038780710363769803,
            0.034200700597015396,
            0.004130152556721931,
            0.03498083993751638,
            0.025011413645509815,
            -0.0019789713955307374,
            0.024200961923034392,
            -0.001742988914443583,
            0.07572006308505479,
            0.1381249675224397,
            0.02944365619931494,
            0.12592311506738554,
            -5.829829295616571e-05,
            0.3744122958434986,
            0.2643004011208202,
            0.008629799245049629,
            0.07608125122379185,
            -0.005197533079704228
        ],
        [
            -0.004579259821633321,
            -0.0030602316904541913,
            0.0019639497913272064,
            0.012085328428598373,
            0.0024412512668292746,
            0.00776862110561264,
            -0.007395805999811163,
            0.008421937255989012,
            -0.02760999488768421,
            0.008948121387985477,
            -0.04995612237473426,
            -0.008484428104812466,
            0.008322926659823855,
            -0.0053475845755924425,
            0.004255811523504677,
            0.0232888820198437,
            0.008629799245049629,
            0.005937889433214187,
            0.03721110105218347,
            -0.0017246062130954133
        ],
        [
            -0.02038680934855814,
            -0.017831587572823725,
            0.0104466259783853,
            0.06115940288079415,
            0.013182667034455359,
            0.0334353133387485,
            -0.044850379342910626,
            0.04945500785193648,
            -0.17492718717307218,
            0.05228735325545301,
            -0.30391393046529236,
            -0.04283393886862586,
            0.05157549913510577,
            -0.0092322924882184,
            0.023483760815660743,
            0.17859833441812958,
            0.07608125122379185,
            0.03721110105218347,
            0.23609593838830578,
            -0.011105996824272475
        ],
        [
            0.0001377785104515935,
            0.00041470107529865247,
            -0.0004734300613431979,
            -0.0026832746680287042,
            -0.0005929798602788133,
            -0.0019516233635177916,
            0.0014624232976059894,
            -0.0021232075421502208,
            0.0081617639647496,
            -0.0022459848783218436,
            0.013028856109342749,
            0.0008695287674368107,
            -0.002536159163678342,
            -0.00048307890701606025,
            -0.00105331237871845,
            -0.010651347879820071,
            -0.005197533079704228,
            -0.0017246062130954133,
            -0.011105996824272475,
            0.0005354328384364226
        ]
    ]
}