{
    "opt_E": -2.18701846975003,
    "HF_E": -2.1564442387689278,
    "B3LYP_E": -2.158596478209952,
    "sto-3G_E": -2.1428084939534884,
    "proj": [
        [
            0.5852510963747496,
            0.3737072255781844,
            0.03214493375003194,
            -0.16774390278517318,
            -0.0236308965163749,
            -0.029950229275533813,
            0.1629919279583678,
            0.050205782677261494,
            -0.1844899650220529,
            -0.04570049455183493,
            0.03668660996979186,
            0.022349392422232304,
            -0.0008554625746746217,
            0.06024361783256833,
            -0.005516793894218023,
            -0.0003871289484050634,
            -0.02584646019071371,
            0.005497539396139863,
            -0.03207423813310242,
            0.0018185869759800486
        ],
        [
            0.3737072255781844,
            0.26040509426547986,
            0.010280163467302034,
            -0.05673818384439774,
            -0.0072489457539877695,
            0.08294358302129269,
            0.14291197789919197,
            0.02798127428754909,
            -0.12372864948777179,
            -0.022553056758535885,
            0.027781079307955783,
            0.023928905610752834,
            0.0013883705186954645,
            -0.030445175226348292,
            0.003610525685326833,
            -0.03475483236516928,
            -0.03683373390163871,
            0.004049196772210269,
            -0.028024115731402014,
            0.0018098626286069607
        ],
        [
            0.03214493375003194,
            0.010280163467302034,
            0.008233460929942635,
            -0.040137491502736045,
            -0.006333624133907995,
            -0.06144683501975504,
            -0.011903169528826618,
            0.004938641885705509,
            0.004030477791565462,
            -0.0073808827688649275,
            0.011960221460284307,
            -0.008660018275289135,
            0.0014353918538238012,
            0.027580337233706495,
            -0.0028950140356867726,
            -0.007129417660610162,
            -0.004175155762381846,
            0.002373193778561881,
            -0.017241710507846186,
            0.0016491627510652855
        ],
        [
            -0.16774390278517318,
            -0.05673818384439774,
            -0.040137491502736045,
            0.1963421875548726,
            0.030801437905164968,
            0.29737417962427226,
            0.05566241748544639,
            -0.024963185926874482,
            -0.008171472535994798,
            0.03580211452475537,
            -0.04782855466230128,
            0.04186176686357002,
            -0.005792694673802566,
            -0.14022910941314196,
            0.014701305792814092,
            0.02564698669325238,
            0.016905380498175467,
            -0.010232497377527166,
            0.07295962250249151,
            -0.006948376383882294
        ],
        [
            -0.0236308965163749,
            -0.0072489457539877695,
            -0.006333624133907995,
            0.030801437905164968,
            0.004881250466613317,
            0.04735956757681229,
            0.009244132684295758,
            -0.0037122877168067458,
            -0.004547644897437912,
            0.005733560254696206,
            -0.010873519982253926,
            0.006391031765538246,
            -0.0012204100692324057,
            -0.02073415378615193,
            0.0021727843520611572,
            0.006014202763492363,
            0.0032442743224498126,
            -0.00199317220275606,
            0.014631087135074989,
            -0.001401377878816067
        ],
        [
            -0.029950229275533813,
            0.08294358302129269,
            -0.06144683501975504,
            0.29737417962427226,
            0.04735956757681229,
            0.5810324908828849,
            0.21201480487123214,
            -0.02338810665604327,
            -0.05816855609718067,
            0.040826581982261176,
            0.01785707169192968,
            0.12308021242740685,
            -0.008341049043596201,
            -0.25635973669702333,
            0.027769824477933143,
            0.05407951768975423,
            0.03490765637242462,
            -0.009622060139694135,
            0.0659269712417646,
            -0.0069722143292330445
        ],
        [
            0.1629919279583678,
            0.14291197789919197,
            -0.011903169528826618,
            0.05566241748544639,
            0.009244132684295758,
            0.21201480487123214,
            0.1420750884083786,
            0.006499547499835525,
            -0.03093744069141357,
            -0.004171851417166762,
            0.09932079515076807,
            0.07978904730732378,
            -0.0009458005991840433,
            -0.07987480592701533,
            0.009418320132441777,
            0.032497132242249684,
            0.023861410301542228,
            0.004444857498144905,
            -0.035414070829294396,
            0.0026870629659992173
        ],
        [
            0.050205782677261494,
            0.02798127428754909,
            0.004938641885705509,
            -0.024963185926874482,
            -0.0037122877168067458,
            -0.02338810665604327,
            0.006499547499835525,
            0.005113905379726318,
            -0.012483395578952627,
            -0.005492558304672949,
            0.0051041104504278715,
            -0.00033235051486551315,
            -5.731920776792464e-05,
            0.016884980411513335,
            -0.0016917207013669442,
            0.0031961288022113125,
            3.464100927937953e-05,
            0.0007896544922552206,
            -0.004742923042717998,
            0.0003641671945715513
        ],
        [
            -0.1844899650220529,
            -0.12372864948777179,
            0.004030477791565462,
            -0.008171472535994798,
            -0.004547644897437912,
            -0.05816855609718067,
            -0.03093744069141357,
            -0.012483395578952627,
            0.24043487087535334,
            -0.012065161498150654,
            0.27940271176251924,
            0.05366714386109171,
            0.01541983107133963,
            -0.028409280542665224,
            0.0038887606060358784,
            -0.031453808386330086,
            0.028899565923503245,
            0.025877507651716126,
            -0.20886239693883346,
            0.020276041110881084
        ],
        [
            -0.04570049455183493,
            -0.022553056758535885,
            -0.0073808827688649275,
            0.03580211452475537,
            0.005733560254696206,
            0.040826581982261176,
            -0.004171851417166762,
            -0.005492558304672949,
            -0.012065161498150654,
            0.008996905916423182,
            -0.04006254928873494,
            -0.00546114571119333,
            -0.0017849244326445938,
            -0.02047265205819511,
            0.0019353852862445473,
            -0.000446213784309755,
            -0.003412524797615151,
            -0.004178441352336851,
            0.031478860842523465,
            -0.002928722500939815
        ],
        [
            0.03668660996979186,
            0.027781079307955783,
            0.011960221460284307,
            -0.04782855466230128,
            -0.010873519982253926,
            0.01785707169192968,
            0.09932079515076807,
            0.0051041104504278715,
            0.27940271176251924,
            -0.04006254928873494,
            0.5196260516167543,
            0.16992254143243074,
            0.016020217196297818,
            -0.011705563243401993,
            0.004212746772580909,
            0.06959680513754633,
            0.11022726208784953,
            0.041371485232963426,
            -0.32579321519112947,
            0.030596937203816715
        ],
        [
            0.022349392422232304,
            0.023928905610752834,
            -0.008660018275289135,
            0.04186176686357002,
            0.006391031765538246,
            0.12308021242740685,
            0.07978904730732378,
            -0.00033235051486551315,
            0.05366714386109171,
            -0.00546114571119333,
            0.16992254143243074,
            0.12086902222471538,
            -0.00776369619860185,
            0.025772529855195587,
            -0.0006887081537496439,
            0.17841085765480041,
            0.12840998117070204,
            0.00439882739673357,
            -0.030836149256367205,
            0.0024123805598071746
        ],
        [
            -0.0008554625746746217,
            0.0013883705186954645,
            0.0014353918538238012,
            -0.005792694673802566,
            -0.0012204100692324057,
            -0.008341049043596201,
            -0.0009458005991840433,
            -5.731920776792464e-05,
            0.01541983107133963,
            -0.0017849244326445938,
            0.016020217196297818,
            -0.00776369619860185,
            0.0036545494380317805,
            -0.018278410900596787,
            0.0017610111257797148,
            -0.03795755507358614,
            -0.020488629637058005,
            0.003318986997606587,
            -0.027515804666781912,
            0.002679975910297277
        ],
        [
            0.06024361783256833,
            -0.030445175226348292,
            0.027580337233706495,
            -0.14022910941314196,
            -0.02073415378615193,
            -0.25635973669702333,
            -0.07987480592701533,
            0.016884980411513335,
            -0.028409280542665224,
            -0.02047265205819511,
            -0.011705563243401993,
            0.025772529855195587,
            -0.018278410900596787,
            0.2723326369161946,
            -0.027246257088698416,
            0.257734618024467,
            0.15023158716157847,
            -0.009416777257635544,
            0.09002729242231924,
            -0.008775724010331264
        ],
        [
            -0.005516793894218023,
            0.003610525685326833,
            -0.0028950140356867726,
            0.014701305792814092,
            0.0021727843520611572,
            0.027769824477933143,
            0.009418320132441777,
            -0.0016917207013669442,
            0.0038887606060358784,
            0.0019353852862445473,
            0.004212746772580909,
            -0.0006887081537496439,
            0.0017610111257797148,
            -0.027246257088698416,
            0.0027565303340452616,
            -0.023519295194516017,
            -0.013292499324665032,
            0.0010667994154418578,
            -0.00995209258832181,
            0.0009598132958816137
        ],
        [
            -0.0003871289484050634,
            -0.03475483236516928,
            -0.007129417660610162,
            0.02564698669325238,
            0.006014202763492363,
            0.05407951768975423,
            0.032497132242249684,
            0.0031961288022113125,
            -0.031453808386330086,
            -0.000446213784309755,
            0.06959680513754633,
            0.17841085765480041,
            -0.03795755507358614,
            0.257734618024467,
            -0.023519295194516017,
            0.5269555921544204,
            0.32486612259345754,
            -0.020014055379515505,
            0.17605617213722868,
            -0.01762426342845316
        ],
        [
            -0.02584646019071371,
            -0.03683373390163871,
            -0.004175155762381846,
            0.016905380498175467,
            0.0032442743224498126,
            0.03490765637242462,
            0.023861410301542228,
            3.464100927937953e-05,
            0.028899565923503245,
            -0.003412524797615151,
            0.11022726208784953,
            0.12840998117070204,
            -0.020488629637058005,
            0.15023158716157847,
            -0.013292499324665032,
            0.32486612259345754,
            0.21075316254713153,
            -0.0066333411354852385,
            0.0627205290963533,
            -0.006478517927738371
        ],
        [
            0.005497539396139863,
            0.004049196772210269,
            0.002373193778561881,
            -0.010232497377527166,
            -0.00199317220275606,
            -0.009622060139694135,
            0.004444857498144905,
            0.0007896544922552206,
            0.025877507651716126,
            -0.004178441352336851,
            0.041371485232963426,
            0.00439882739673357,
            0.003318986997606587,
            -0.009416777257635544,
            0.0010667994154418578,
            -0.020014055379515505,
            -0.0066333411354852385,
            0.004686875377406243,
            -0.03761204685080002,
            0.0035920926672926424
        ],
        [
            -0.03207423813310242,
            -0.028024115731402014,
            -0.017241710507846186,
            0.07295962250249151,
            0.014631087135074989,
            0.0659269712417646,
            -0.035414070829294396,
            -0.004742923042717998,
            -0.20886239693883346,
            0.031478860842523465,
            -0.32579321519112947,
            -0.030836149256367205,
            -0.027515804666781912,
            0.09002729242231924,
            -0.00995209258832181,
            0.17605617213722868,
            0.0627205290963533,
            -0.03761204685080002,
            0.302825126371252,
            -0.02895862562071591
        ],
        [
            0.0018185869759800486,
            0.0018098626286069607,
            0.0016491627510652855,
            -0.006948376383882294,
            -0.001401377878816067,
            -0.0069722143292330445,
            0.0026870629659992173,
            0.0003641671945715513,
            0.020276041110881084,
            -0.002928722500939815,
            0.030596937203816715,
            0.0024123805598071746,
            0.002679975910297277,
            -0.008775724010331264,
            0.0009598132958816137,
            -0.01762426342845316,
            -0.006478517927738371,
            0.0035920926672926424,
            -0.02895862562071591,
            0.0027741019656240106
        ]
    ]
}