{
    "opt_E": -2.173271998923888,
    "HF_E": -2.1425450793343708,
    "B3LYP_E": -2.1443431016936656,
    "sto-3G_E": -2.124336444681942,
    "proj": [
        [
            0.5166262427000556,
            0.33104766951745396,
            -0.04148829572332059,
            -0.17286099854788228,
            -0.019533636712676043,
            0.07505230790597672,
            0.18358099396409042,
            -0.07118816864739153,
            -0.24078339334096457,
            -0.011890159137672043,
            0.04598988769174596,
            0.035331398613177196,
            -0.0005346782174764901,
            0.024585622407186713,
            -0.003076649423729671,
            -0.002606281001330273,
            -0.03349255013117895,
            0.00021392654057764032,
            -0.021907053946887002,
            0.006367708344341816
        ],
        [
            0.33104766951745396,
            0.21907949793184828,
            -0.01757691578649478,
            -0.07628916271689266,
            -0.009566814560994032,
            0.09922533673801148,
            0.13097330035270396,
            -0.040909717902802754,
            -0.14502522152795988,
            -0.007506722845063682,
            0.03896254101783684,
            0.025526360469521944,
            -0.0008817581961691066,
            -0.023219016037811076,
            -0.007372958474732803,
            -0.02938101337211028,
            -0.03677503565125065,
            0.00010300663912773642,
            -0.022462840095777443,
            0.004948508315095383
        ],
        [
            -0.04148829572332059,
            -0.01757691578649478,
            0.020451584759135423,
            0.07855211186449448,
            0.006914291874167884,
            0.08512875760110307,
            0.0055056030699430596,
            0.013332910770686239,
            0.015690524438556296,
            -0.00503621440576146,
            -0.016544981876364787,
            0.007730685655191999,
            -0.0024155734161062452,
            -0.05316230863588878,
            -0.02008680021011259,
            0.007416546407382211,
            0.0059615433742636215,
            -0.0008808092379328645,
            0.01922693086398435,
            -0.0053167793097944225
        ],
        [
            -0.17286099854788228,
            -0.07628916271689266,
            0.07855211186449448,
            0.3025203345276546,
            0.026762703853915985,
            0.32187171630108014,
            0.01838201485544709,
            0.05278884339516208,
            0.07426218018151183,
            -0.016323357112182836,
            -0.049466919198417815,
            0.033554669659054244,
            -0.008786088492540504,
            -0.20159438789642625,
            -0.07420221756476714,
            0.027772423604256587,
            0.025975349826370304,
            -0.003139984910163677,
            0.06564083827274253,
            -0.018598367317720698
        ],
        [
            -0.019533636712676043,
            -0.009566814560994032,
            0.006914291874167884,
            0.026762703853915985,
            0.0024163700383370017,
            0.025861097816190573,
            -0.00039820734686568334,
            0.005114310818770159,
            0.008761581828018011,
            -0.0011858846138337778,
            -0.004524917433491967,
            0.0019139294108071634,
            -0.0006972730265702474,
            -0.017613998186044203,
            -0.005893760535743446,
            0.0005082382774701106,
            0.0013427118714728532,
            -0.0002495190904014675,
            0.005108058247346469,
            -0.0015108073080263038
        ],
        [
            0.07505230790597672,
            0.09922533673801148,
            0.08512875760110307,
            0.32187171630108014,
            0.025861097816190573,
            0.5142152525045809,
            0.15694327278923553,
            0.031600050467550996,
            -0.0034933051866655367,
            -0.017768292092277666,
            0.03646950404819196,
            0.09782681096497144,
            -0.010954672619018849,
            -0.2698530464008358,
            -0.09774766475127272,
            0.03362898921587924,
            0.027540901159062162,
            -0.0032366331234785135,
            0.03711080161349939,
            -0.01312069317495629
        ],
        [
            0.18358099396409042,
            0.13097330035270396,
            0.0055056030699430596,
            0.01838201485544709,
            -0.00039820734686568334,
            0.15694327278923553,
            0.11829136277000424,
            -0.014902453760904369,
            -0.02787715219599959,
            0.008176676122811206,
            0.12491562917651729,
            0.07772025447831445,
            -0.0006100363345372213,
            -0.04365528046959961,
            -0.01402774845026,
            0.02602262999648679,
            0.02602353386887345,
            0.0005760008705804925,
            -0.04664253276118103,
            0.009967355805641674
        ],
        [
            -0.07118816864739153,
            -0.040909717902802754,
            0.013332910770686239,
            0.05278884339516208,
            0.005114310818770159,
            0.031600050467550996,
            -0.014902453760904369,
            0.013430055315227772,
            0.03610349270363383,
            0.0003292954736005531,
            -0.004747040509290916,
            0.0001469075791734949,
            -0.0007484853968798865,
            -0.029499118866272128,
            -0.006847052375894836,
            -0.005233833153536074,
            0.0018127564266581216,
            -0.0002595762938800311,
            0.004419413026022916,
            -0.0017472584921245748
        ],
        [
            -0.24078339334096457,
            -0.14502522152795988,
            0.015690524438556296,
            0.07426218018151183,
            0.008761581828018011,
            -0.0034933051866655367,
            -0.02787715219599959,
            0.03610349270363383,
            0.26030509639977917,
            0.05242163226653633,
            0.2584511245739002,
            0.07245283735300329,
            0.0075366727964193865,
            -0.018879967793635585,
            0.041361160538204954,
            -0.053705551967367655,
            0.031164849511000955,
            0.004106244086290619,
            -0.15411965314862108,
            0.03260486881991012
        ],
        [
            -0.011890159137672043,
            -0.007506722845063682,
            -0.00503621440576146,
            -0.016323357112182836,
            -0.0011858846138337778,
            -0.017768292092277666,
            0.008176676122811206,
            0.0003292954736005531,
            0.05242163226653633,
            0.016517356902769394,
            0.08993653923591395,
            0.025109467062514584,
            0.0029316184102004986,
            0.013223744537863666,
            0.01782940096027734,
            -0.014996666126121007,
            0.007314551821945723,
            0.0015257387839627545,
            -0.05454240476543735,
            0.012118533519813152
        ],
        [
            0.04598988769174596,
            0.03896254101783684,
            -0.016544981876364787,
            -0.049466919198417815,
            -0.004524917433491967,
            0.03646950404819196,
            0.12491562917651729,
            -0.004747040509290916,
            0.2584511245739002,
            0.08993653923591395,
            0.5520410647174,
            0.2005450745525906,
            0.013675105495645368,
            0.043647013474725785,
            0.07282210922833232,
            -0.00939387679159883,
            0.0894893927332409,
            0.007829517790655358,
            -0.29814120589791293,
            0.06645163087726665
        ],
        [
            0.035331398613177196,
            0.025526360469521944,
            0.007730685655191999,
            0.033554669659054244,
            0.0019139294108071634,
            0.09782681096497144,
            0.07772025447831445,
            0.0001469075791734949,
            0.07245283735300329,
            0.025109467062514584,
            0.2005450745525906,
            0.13312707399132936,
            0.0009306827570707888,
            0.03392579597797484,
            -0.009056757803317411,
            0.16505630514170694,
            0.13878588867168057,
            0.001158865690592035,
            -0.051832932177508784,
            0.013389818251635526
        ],
        [
            -0.0005346782174764901,
            -0.0008817581961691066,
            -0.0024155734161062452,
            -0.008786088492540504,
            -0.0006972730265702474,
            -0.010954672619018849,
            -0.0006100363345372213,
            -0.0007484853968798865,
            0.0075366727964193865,
            0.0029316184102004986,
            0.013675105495645368,
            0.0009306827570707888,
            0.0007069093295411712,
            0.004596397132822817,
            0.005017894458286377,
            -0.00835036085142973,
            -0.002927957463174096,
            0.00032886757198745815,
            -0.010821844808917068,
            0.0024070505319573323
        ],
        [
            0.024585622407186713,
            -0.023219016037811076,
            -0.05316230863588878,
            -0.20159438789642625,
            -0.017613998186044203,
            -0.2698530464008358,
            -0.04365528046959961,
            -0.029499118866272128,
            -0.018879967793635585,
            0.013223744537863666,
            0.043647013474725785,
            0.03392579597797484,
            0.004596397132822817,
            0.23991743720137654,
            0.03589091150945514,
            0.2000232482932109,
            0.12972940438953184,
            0.0011912773630397412,
            0.00918631043653198,
            0.004313178918338555
        ],
        [
            -0.003076649423729671,
            -0.007372958474732803,
            -0.02008680021011259,
            -0.07420221756476714,
            -0.005893760535743446,
            -0.09774766475127272,
            -0.01402774845026,
            -0.006847052375894836,
            0.041361160538204954,
            0.01782940096027734,
            0.07282210922833232,
            -0.009056757803317411,
            0.005017894458286377,
            0.03589091150945514,
            0.0377278091529113,
            -0.07386526724313748,
            -0.034646635702054875,
            0.0022160050156183517,
            -0.06978246782773719,
            0.015495788586906409
        ],
        [
            -0.002606281001330273,
            -0.02938101337211028,
            0.007416546407382211,
            0.027772423604256587,
            0.0005082382774701106,
            0.03362898921587924,
            0.02602262999648679,
            -0.005233833153536074,
            -0.053705551967367655,
            -0.014996666126121007,
            -0.00939387679159883,
            0.16505630514170694,
            -0.00835036085142973,
            0.2000232482932109,
            -0.07386526724313748,
            0.5768267584597072,
            0.3646503341935453,
            -0.004144781496871666,
            0.17518649058594582,
            -0.030200815407064898
        ],
        [
            -0.03349255013117895,
            -0.03677503565125065,
            0.0059615433742636215,
            0.025975349826370304,
            0.0013427118714728532,
            0.027540901159062162,
            0.02602353386887345,
            0.0018127564266581216,
            0.031164849511000955,
            0.007314551821945723,
            0.0894893927332409,
            0.13878588867168057,
            -0.002927957463174096,
            0.12972940438953184,
            -0.034646635702054875,
            0.3646503341935453,
            0.25016771309725294,
            -0.0012808958511586841,
            0.05992569637959958,
            -0.007918298893743903
        ],
        [
            0.00021392654057764032,
            0.00010300663912773642,
            -0.0008808092379328645,
            -0.003139984910163677,
            -0.0002495190904014675,
            -0.0032366331234785135,
            0.0005760008705804925,
            -0.0002595762938800311,
            0.004106244086290619,
            0.0015257387839627545,
            0.007829517790655358,
            0.001158865690592035,
            0.00032886757198745815,
            0.0011912773630397412,
            0.0022160050156183517,
            -0.004144781496871666,
            -0.0012808958511586841,
            0.00016320061401465646,
            -0.005734253469770212,
            0.0012538267302621244
        ],
        [
            -0.021907053946887002,
            -0.022462840095777443,
            0.01922693086398435,
            0.06564083827274253,
            0.005108058247346469,
            0.03711080161349939,
            -0.04664253276118103,
            0.004419413026022916,
            -0.15411965314862108,
            -0.05454240476543735,
            -0.29814120589791293,
            -0.051832932177508784,
            -0.010821844808917068,
            0.00918631043653198,
            -0.06978246782773719,
            0.17518649058594582,
            0.05992569637959958,
            -0.005734253469770212,
            0.21549805606623593,
            -0.04592871281309837
        ],
        [
            0.006367708344341816,
            0.004948508315095383,
            -0.0053167793097944225,
            -0.018598367317720698,
            -0.0015108073080263038,
            -0.01312069317495629,
            0.009967355805641674,
            -0.0017472584921245748,
            0.03260486881991012,
            0.012118533519813152,
            0.06645163087726665,
            0.013389818251635526,
            0.0024070505319573323,
            0.004313178918338555,
            0.015495788586906409,
            -0.030200815407064898,
            -0.007918298893743903,
            0.0012538267302621244,
            -0.04592871281309837,
            0.009970823520838348
        ]
    ]
}