{
    "opt_E": -2.205907837676024,
    "HF_E": -2.1738077240038627,
    "B3LYP_E": -2.1762902573046365,
    "sto-3G_E": -2.1588296819148343,
    "proj": [
        [
            0.5869387442048666,
            0.3619868267567025,
            -0.01615545550861865,
            -0.17545616146494805,
            -0.004005165773595199,
            -0.022654015569257474,
            0.1614397245433314,
            -0.033967279278756105,
            -0.21116243825557554,
            -0.022274321720646768,
            0.045405711027901786,
            0.021180751834347783,
            -0.00400986590912186,
            0.056908413710622656,
            -0.005840178613528783,
            -0.0025142099236166414,
            -0.028642732505603105,
            0.00040382694737677775,
            -0.02692246761265409,
            -0.013380381822331129
        ],
        [
            0.3619868267567025,
            0.24815596858090141,
            -0.0035704193660622435,
            -0.04807878950456493,
            3.2705132232045136e-06,
            0.10085088184475177,
            0.14050449769319412,
            -0.014990288883942509,
            -0.13802759916843668,
            -0.007347270239771685,
            0.017531779325133605,
            0.02250383560062347,
            0.0028823152975549758,
            -0.029748922377790293,
            0.007319967137548991,
            -0.028255169777068025,
            -0.03550680806436615,
            0.00014264991077849704,
            -0.011697941551565302,
            -0.004056538461506766
        ],
        [
            -0.01615545550861865,
            -0.0035704193660622435,
            0.0022297886818223537,
            0.02155291243871416,
            0.0008221001605493686,
            0.03223698316153883,
            0.006770730175909567,
            0.0026873245083213907,
            0.001830843750957878,
            0.002749230124258379,
            -0.006440234634356875,
            0.00383335151176563,
            0.0014742603217898409,
            -0.015939759012907936,
            0.004964413942542906,
            0.0017600828307960394,
            0.0011498312709926288,
            -0.00020433876128053154,
            0.005795650379934778,
            0.002747921293174317
        ],
        [
            -0.17545616146494805,
            -0.04807878950456493,
            0.02155291243871416,
            0.20927506005653515,
            0.007867160890144477,
            0.30454626988638794,
            0.05876142110454007,
            0.026172005797549115,
            0.03029068470107577,
            0.0256985074923571,
            -0.05306969341962544,
            0.03794571805736514,
            0.014006328596679555,
            -0.15282687113212343,
            0.04549760070813551,
            0.014828095916902803,
            0.012385345994619849,
            -0.0017278903361796379,
            0.050376426672080366,
            0.024481340944653616
        ],
        [
            -0.004005165773595199,
            3.2705132232045136e-06,
            0.0008221001605493686,
            0.007867160890144477,
            0.00031486977541790004,
            0.012812793394929013,
            0.0034887491712982718,
            0.0009140708796846903,
            -9.908663564368514e-05,
            0.0009865447625737667,
            -0.0020416786948163615,
            0.002147061843306465,
            0.0005514166510432669,
            -0.005580507133649899,
            0.002153270075561526,
            0.0020989392760825364,
            0.001277688493350751,
            -9.142101840578596e-05,
            0.0024254919302918606,
            0.0011014165984095554
        ],
        [
            -0.022654015569257474,
            0.10085088184475177,
            0.03223698316153883,
            0.30454626988638794,
            0.012812793394929013,
            0.5780078501144434,
            0.21405550306678728,
            0.02802145745473505,
            -0.015502262197438596,
            0.02841292326441839,
            0.004838174415033992,
            0.11351856883276314,
            0.024397965679320604,
            -0.262664654928985,
            0.07456919526208217,
            0.027696698690730267,
            0.022669622695570543,
            -0.0014637106687839586,
            0.041004018521836424,
            0.02456346068214205
        ],
        [
            0.1614397245433314,
            0.14050449769319412,
            0.006770730175909567,
            0.05876142110454007,
            0.0034887491712982718,
            0.21405550306678728,
            0.14289766605467535,
            -0.003816586851419713,
            -0.02568062889650609,
            -0.005403346730024078,
            0.10421796663988041,
            0.08537407154404436,
            0.007270489791463652,
            -0.07356721533501294,
            0.018615939635857996,
            0.028591448344592228,
            0.027064107384299204,
            0.0011076218098758108,
            -0.03214059835149396,
            -0.009687281600456649
        ],
        [
            -0.033967279278756105,
            -0.014990288883942509,
            0.0026873245083213907,
            0.026172005797549115,
            0.0009140708796846903,
            0.02802145745473505,
            -0.003816586851419713,
            0.004771686803192294,
            -0.003319343363380373,
            0.005944086322912349,
            -0.03242191098357202,
            -0.006366505496860267,
            0.0015692723191798484,
            -0.016494977555323403,
            0.0075012595864738605,
            0.0009349380621393956,
            -0.002702210109040114,
            -0.0006889783101691159,
            0.018535124922820428,
            0.007520182765204203
        ],
        [
            -0.21116243825557554,
            -0.13802759916843668,
            0.001830843750957878,
            0.03029068470107577,
            -9.908663564368514e-05,
            -0.015502262197438596,
            -0.02568062889650609,
            -0.003319343363380373,
            0.214355744672965,
            -0.024975171872927276,
            0.2612809687502751,
            0.06942725202245965,
            -0.0008297391572640025,
            -0.01909615009508576,
            -0.043735073144591505,
            -0.0463239223974826,
            0.02721006472003387,
            0.006098210225660784,
            -0.14579132097183983,
            -0.05259372230190554
        ],
        [
            -0.022274321720646768,
            -0.007347270239771685,
            0.002749230124258379,
            0.0256985074923571,
            0.0009865447625737667,
            0.02841292326441839,
            -0.005403346730024078,
            0.005944086322912349,
            -0.024975171872927276,
            0.009565762831906018,
            -0.0663687394864615,
            -0.015399811770700725,
            0.0016545653279904187,
            -0.013714502775828058,
            0.013225985213485093,
            0.008898632550993189,
            -0.004101723247274001,
            -0.0014873273966691896,
            0.037970094897349344,
            0.014558124158688367
        ],
        [
            0.045405711027901786,
            0.017531779325133605,
            -0.006440234634356875,
            -0.05306969341962544,
            -0.0020416786948163615,
            0.004838174415033992,
            0.10421796663988041,
            -0.03242191098357202,
            0.2612809687502751,
            -0.0663687394864615,
            0.5809121391646533,
            0.20009414108211096,
            -0.004017985067038615,
            0.019401877622614964,
            -0.0727077071586803,
            -0.000757337231490393,
            0.09438952368760707,
            0.01162909154541617,
            -0.2946494438275856,
            -0.10969722011530969
        ],
        [
            0.021180751834347783,
            0.02250383560062347,
            0.00383335151176563,
            0.03794571805736514,
            0.002147061843306465,
            0.11351856883276314,
            0.08537407154404436,
            -0.006366505496860267,
            0.06942725202245965,
            -0.015399811770700725,
            0.20009414108211096,
            0.13807319694147865,
            0.000998977716070542,
            0.02113613995602313,
            0.016889133406740697,
            0.16933248330310777,
            0.13896641389838646,
            0.001558702690575638,
            -0.04709804950097837,
            -0.0185817248912204
        ],
        [
            -0.00400986590912186,
            0.0028823152975549758,
            0.0014742603217898409,
            0.014006328596679555,
            0.0005514166510432669,
            0.024397965679320604,
            0.007270489791463652,
            0.0015692723191798484,
            -0.0008297391572640025,
            0.0016545653279904187,
            -0.004017985067038615,
            0.000998977716070542,
            0.0011848705814539273,
            -0.014588399133842944,
            0.002339954923989086,
            -0.006793431925748618,
            -0.004556475734793551,
            -4.0069351186617505e-05,
            0.0016504356301696446,
            0.0011571783401039186
        ],
        [
            0.056908413710622656,
            -0.029748922377790293,
            -0.015939759012907936,
            -0.15282687113212343,
            -0.005580507133649899,
            -0.262664654928985,
            -0.07356721533501294,
            -0.016494977555323403,
            -0.01909615009508576,
            -0.013714502775828058,
            0.019401877622614964,
            0.02113613995602313,
            -0.014588399133842944,
            0.21164853965846006,
            0.0008824244109726709,
            0.21126004508533297,
            0.1307047573206662,
            -0.0018573248481190544,
            0.032985853812282945,
            0.004010256191893021
        ],
        [
            -0.005840178613528783,
            0.007319967137548991,
            0.004964413942542906,
            0.04549760070813551,
            0.002153270075561526,
            0.07456919526208217,
            0.018615939635857996,
            0.0075012595864738605,
            -0.043735073144591505,
            0.013225985213485093,
            -0.0727077071586803,
            0.016889133406740697,
            0.002339954923989086,
            0.0008824244109726709,
            0.034679141302764685,
            0.09855316745777436,
            0.050243743809788,
            -0.0028943706604211933,
            0.06909852395765981,
            0.025305599031263403
        ],
        [
            -0.0025142099236166414,
            -0.028255169777068025,
            0.0017600828307960394,
            0.014828095916902803,
            0.0020989392760825364,
            0.027696698690730267,
            0.028591448344592228,
            0.0009349380621393956,
            -0.0463239223974826,
            0.008898632550993189,
            -0.000757337231490393,
            0.16933248330310777,
            -0.006793431925748618,
            0.21126004508533297,
            0.09855316745777436,
            0.5713296400886796,
            0.3578210711570187,
            -0.0074980933975497726,
            0.1621712449937475,
            0.05112813705794889
        ],
        [
            -0.028642732505603105,
            -0.03550680806436615,
            0.0011498312709926288,
            0.012385345994619849,
            0.001277688493350751,
            0.022669622695570543,
            0.027064107384299204,
            -0.002702210109040114,
            0.02721006472003387,
            -0.004101723247274001,
            0.09438952368760707,
            0.13896641389838646,
            -0.004556475734793551,
            0.1307047573206662,
            0.050243743809788,
            0.3578210711570187,
            0.2416487653445452,
            -0.0027735510617149053,
            0.05386992994549488,
            0.014515546517850038
        ],
        [
            0.00040382694737677775,
            0.00014264991077849704,
            -0.00020433876128053154,
            -0.0017278903361796379,
            -9.142101840578596e-05,
            -0.0014637106687839586,
            0.0011076218098758108,
            -0.0006889783101691159,
            0.006098210225660784,
            -0.0014873273966691896,
            0.01162909154541617,
            0.001558702690575638,
            -4.0069351186617505e-05,
            -0.0018573248481190544,
            -0.0028943706604211933,
            -0.0074980933975497726,
            -0.0027735510617149053,
            0.00033388128204450446,
            -0.00808967013472338,
            -0.0029078628314402944
        ],
        [
            -0.02692246761265409,
            -0.011697941551565302,
            0.005795650379934778,
            0.050376426672080366,
            0.0024254919302918606,
            0.041004018521836424,
            -0.03214059835149396,
            0.018535124922820428,
            -0.14579132097183983,
            0.037970094897349344,
            -0.2946494438275856,
            -0.04709804950097837,
            0.0016504356301696446,
            0.032985853812282945,
            0.06909852395765981,
            0.1621712449937475,
            0.05386992994549488,
            -0.00808967013472338,
            0.197471032574099,
            0.07151033257376982
        ],
        [
            -0.013380381822331129,
            -0.004056538461506766,
            0.002747921293174317,
            0.024481340944653616,
            0.0011014165984095554,
            0.02456346068214205,
            -0.009687281600456649,
            0.007520182765204203,
            -0.05259372230190554,
            0.014558124158688367,
            -0.10969722011530969,
            -0.0185817248912204,
            0.0011571783401039186,
            0.004010256191893021,
            0.025305599031263403,
            0.05112813705794889,
            0.014515546517850038,
            -0.0029078628314402944,
            0.07151033257376982,
            0.026205651285095836
        ]
    ]
}