{
    "opt_E": -2.1747154258729133,
    "HF_E": -2.143385495745737,
    "B3LYP_E": -2.1459644013203696,
    "sto-3G_E": -2.1251470656369995,
    "proj": [
        [
            0.5586451437768288,
            0.3601611267587975,
            0.020471648715532458,
            -0.16601313428551354,
            0.055780726401660055,
            0.017144572927845356,
            0.17197113188092056,
            0.03669596592978168,
            -0.19650289230912707,
            0.09121453652898169,
            0.04238077409314761,
            0.03061642064780762,
            -0.0015058145850475515,
            0.055680289584185486,
            0.0030824108848421304,
            -0.0013534113312461172,
            -0.03196174074807151,
            0.004532873433010429,
            -0.026124005495655533,
            -0.0058084959195981965
        ],
        [
            0.3601611267587975,
            0.2449444876748848,
            0.007625234291484486,
            -0.0668829089134859,
            0.02127862609666469,
            0.08463345682691512,
            0.13459685569431443,
            0.020937973058735078,
            -0.12819436255299244,
            0.05157561884712787,
            0.03457227826256645,
            0.024162964979725067,
            -6.0211726206096434e-05,
            -0.02054804379594747,
            0.0008022233868589298,
            -0.03249911279320792,
            -0.04039797293096893,
            0.0033476209935539465,
            -0.02268102274223259,
            -0.004386676355475589
        ],
        [
            0.020471648715532458,
            0.007625234291484486,
            0.0041527639627091046,
            -0.02969100914589316,
            0.010850702867597924,
            -0.04069534080633967,
            -0.005780999249684089,
            0.0029328143510002173,
            0.001996235557755138,
            0.007055073740609231,
            0.007117954915002129,
            -0.004381335460665935,
            0.0012358968460629872,
            0.025911782188682737,
            -0.002752239732353535,
            -0.00610330498105512,
            -0.003579979611458209,
            0.0014250230899917398,
            -0.009877588527091053,
            -0.002655723193367735
        ],
        [
            -0.16601313428551354,
            -0.0668829089134859,
            -0.02969100914589316,
            0.21403598503002152,
            -0.07774652882157554,
            0.2864611120778502,
            0.037177202857187425,
            -0.021822706883169254,
            0.0063507177590442785,
            -0.05345188547875824,
            -0.03288593486449348,
            0.033102799778729326,
            -0.007242096164856827,
            -0.18713852651279445,
            0.01627558485474282,
            0.030581051167787237,
            0.02176128184522396,
            -0.008426378791727423,
            0.0566627534924065,
            0.015593697300172476
        ],
        [
            0.055780726401660055,
            0.02127862609666469,
            0.010850702867597924,
            -0.07774652882157554,
            0.028386275220113825,
            -0.10536820253624911,
            -0.014037520341413348,
            0.007801158397394133,
            0.00397069611529223,
            0.018784702879593107,
            0.018880538043544146,
            -0.010137695777344519,
            0.0029780090167110984,
            0.06884765141507766,
            -0.0067209911090917625,
            -0.012192970568890042,
            -0.007081059153695692,
            0.003610440006639773,
            -0.024794259252042147,
            -0.006713988007438424
        ],
        [
            0.017144572927845356,
            0.08463345682691512,
            -0.04069534080633967,
            0.2864611120778502,
            -0.10536820253624911,
            0.5314506544953891,
            0.18110726167078633,
            -0.01716276320079733,
            -0.04596991840771372,
            -0.04509853679761282,
            0.053195462409227026,
            0.10738491215270111,
            -0.01055503420433298,
            -0.2994780323499637,
            0.02305853547112304,
            0.04711312486849381,
            0.03162577184962175,
            -0.006006708052765099,
            0.037291935016593204,
            0.012488797422595564
        ],
        [
            0.17197113188092056,
            0.13459685569431443,
            -0.005780999249684089,
            0.037177202857187425,
            -0.014037520341413348,
            0.18110726167078633,
            0.12655728812463685,
            0.006917093482553768,
            -0.020504868833645135,
            0.01255371243166805,
            0.11928455929855795,
            0.07887280476416784,
            -0.0014771713559378354,
            -0.0666810240737651,
            0.002102596621575413,
            0.024087255714931487,
            0.021906065482976488,
            0.00556413366468489,
            -0.041643122840406645,
            -0.009161926343144902
        ],
        [
            0.03669596592978168,
            0.020937973058735078,
            0.0029328143510002173,
            -0.021822706883169254,
            0.007801158397394133,
            -0.01716276320079733,
            0.006917093482553768,
            0.00322865267037193,
            -0.00601650765654138,
            0.007704854556132888,
            0.010532267929652676,
            0.0024799120304929752,
            0.00041895325563238653,
            0.0164113669076143,
            -0.0010796832955294578,
            0.0009854807689607368,
            0.00013374011894649133,
            0.0011155492382927212,
            -0.007469779407367028,
            -0.0019473355015675344
        ],
        [
            -0.19650289230912707,
            -0.12819436255299244,
            0.001996235557755138,
            0.0063507177590442785,
            0.00397069611529223,
            -0.04596991840771372,
            -0.020504868833645135,
            -0.00601650765654138,
            0.27160617258766917,
            -0.02874803981566881,
            0.29847764766792356,
            0.07743564445674773,
            0.01596562516648159,
            0.023376541303157684,
            -0.03660179533604426,
            -0.06590943112223263,
            0.023193132765813158,
            0.024124924564521588,
            -0.18580125722506138,
            -0.046047040619520925
        ],
        [
            0.09121453652898169,
            0.05157561884712787,
            0.007055073740609231,
            -0.05345188547875824,
            0.018784702879593107,
            -0.04509853679761282,
            0.01255371243166805,
            0.007704854556132888,
            -0.02874803981566881,
            0.019354603251419224,
            0.00332468295356387,
            -0.0018129538393156237,
            0.00018974366610321035,
            0.03983255585706536,
            -0.0006463112985950723,
            0.004387714285538737,
            -0.002325473797378827,
            0.0010782808182311337,
            -0.005722721228145369,
            -0.0016841405612407752
        ],
        [
            0.04238077409314761,
            0.03457227826256645,
            0.007117954915002129,
            -0.03288593486449348,
            0.018880538043544146,
            0.053195462409227026,
            0.11928455929855795,
            0.010532267929652676,
            0.29847764766792356,
            0.00332468295356387,
            0.5292834882709325,
            0.19731753931946616,
            0.016825593107126384,
            0.04595456134566481,
            -0.04178797311256882,
            -0.0005530390329115566,
            0.08694766328686745,
            0.037943080184433944,
            -0.28522508200367636,
            -0.07045873589567804
        ],
        [
            0.03061642064780762,
            0.024162964979725067,
            -0.004381335460665935,
            0.033102799778729326,
            -0.010137695777344519,
            0.10738491215270111,
            0.07887280476416784,
            0.0024799120304929752,
            0.07743564445674773,
            -0.0018129538393156237,
            0.19731753931946616,
            0.13042058656277325,
            -0.00542287562978152,
            0.027595358416429287,
            0.0067966659134995975,
            0.16247589339260593,
            0.13403343325944514,
            0.0073845086885770215,
            -0.050468954649341376,
            -0.013326040792680965
        ],
        [
            -0.0015058145850475515,
            -6.0211726206096434e-05,
            0.0012358968460629872,
            -0.007242096164856827,
            0.0029780090167110984,
            -0.01055503420433298,
            -0.0014771713559378354,
            0.00041895325563238653,
            0.01596562516648159,
            0.00018974366610321035,
            0.016825593107126384,
            -0.00542287562978152,
            0.003025569094215841,
            -0.005381672707151731,
            -0.0060364383682507735,
            -0.036503970808127506,
            -0.02014770947135843,
            0.0026074953976089974,
            -0.020864298805901033,
            -0.004909099932250103
        ],
        [
            0.055680289584185486,
            -0.02054804379594747,
            0.025911782188682737,
            -0.18713852651279445,
            0.06884765141507766,
            -0.2994780323499637,
            -0.0666810240737651,
            0.0164113669076143,
            0.023376541303157684,
            0.03983255585706536,
            0.04595456134566481,
            0.027595358416429287,
            -0.005381672707151731,
            0.2710273130670096,
            0.006408281958671402,
            0.19263341640205245,
            0.1304320579494819,
            0.0018116969955170972,
            0.0005612968525326656,
            -0.0037093241423844514
        ],
        [
            0.0030824108848421304,
            0.0008022233868589298,
            -0.002752239732353535,
            0.01627558485474282,
            -0.0067209911090917625,
            0.02305853547112304,
            0.002102596621575413,
            -0.0010796832955294578,
            -0.03660179533604426,
            -0.0006463112985950723,
            -0.04178797311256882,
            0.0067966659134995975,
            -0.0060364383682507735,
            0.006408281958671402,
            0.012236811519775374,
            0.06776311669298805,
            0.0355283152192428,
            -0.005664493144436371,
            0.044857036225562655,
            0.010659208797999222
        ],
        [
            -0.0013534113312461172,
            -0.03249911279320792,
            -0.00610330498105512,
            0.030581051167787237,
            -0.012192970568890042,
            0.04711312486849381,
            0.024087255714931487,
            0.0009854807689607368,
            -0.06590943112223263,
            0.004387714285538737,
            -0.0005530390329115566,
            0.16247589339260593,
            -0.036503970808127506,
            0.19263341640205245,
            0.06776311669298805,
            0.5754365216879923,
            0.3661654344438546,
            -0.019979210760485585,
            0.17217830969345868,
            0.037598796558208844
        ],
        [
            -0.03196174074807151,
            -0.04039797293096893,
            -0.003579979611458209,
            0.02176128184522396,
            -0.007081059153695692,
            0.03162577184962175,
            0.021906065482976488,
            0.00013374011894649133,
            0.023193132765813158,
            -0.002325473797378827,
            0.08694766328686745,
            0.13403343325944514,
            -0.02014770947135843,
            0.1304320579494819,
            0.0355283152192428,
            0.3661654344438546,
            0.2500875971214148,
            -0.006459256016351848,
            0.062121311421901554,
            0.012117890953887286
        ],
        [
            0.004532873433010429,
            0.0033476209935539465,
            0.0014250230899917398,
            -0.008426378791727423,
            0.003610440006639773,
            -0.006006708052765099,
            0.00556413366468489,
            0.0011155492382927212,
            0.024124924564521588,
            0.0010782808182311337,
            0.037943080184433944,
            0.0073845086885770215,
            0.0026074953976089974,
            0.0018116969955170972,
            -0.005664493144436371,
            -0.019979210760485585,
            -0.006459256016351848,
            0.0035442091508593758,
            -0.027228454874860683,
            -0.006611314399564128
        ],
        [
            -0.026124005495655533,
            -0.02268102274223259,
            -0.009877588527091053,
            0.0566627534924065,
            -0.024794259252042147,
            0.037291935016593204,
            -0.041643122840406645,
            -0.007469779407367028,
            -0.18580125722506138,
            -0.005722721228145369,
            -0.28522508200367636,
            -0.050468954649341376,
            -0.020864298805901033,
            0.0005612968525326656,
            0.044857036225562655,
            0.17217830969345868,
            0.062121311421901554,
            -0.027228454874860683,
            0.21022787083600838,
            0.05081999287420084
        ],
        [
            -0.0058084959195981965,
            -0.004386676355475589,
            -0.002655723193367735,
            0.015593697300172476,
            -0.006713988007438424,
            0.012488797422595564,
            -0.009161926343144902,
            -0.0019473355015675344,
            -0.046047040619520925,
            -0.0016841405612407752,
            -0.07045873589567804,
            -0.013326040792680965,
            -0.004909099932250103,
            -0.0037093241423844514,
            0.010659208797999222,
            0.037598796558208844,
            0.012117890953887286,
            -0.006611314399564128,
            0.05081999287420084,
            0.012348005894974697
        ]
    ]
}