{
    "opt_E": -2.205262966597197,
    "HF_E": -2.172570054903129,
    "B3LYP_E": -2.175942344094041,
    "sto-3G_E": -2.157793769259738,
    "proj": [
        [
            0.592963546977014,
            0.36740408790194834,
            -0.05100909777030576,
            -0.1451868017858372,
            0.04957134477573231,
            -0.027268930529388995,
            0.1559038070827839,
            -0.08681734275965534,
            -0.18382639808381077,
            0.08915554453363339,
            0.032946522826728636,
            0.021731930072411802,
            -0.0004006403814034907,
            0.05687234596621537,
            0.0039898462673940245,
            -0.00215158544295766,
            -0.023531073670268507,
            0.007356761303277662,
            -0.021598831955002316,
            -0.004312486923236829
        ],
        [
            0.36740408790194834,
            0.2502352193557404,
            -0.013326973958668586,
            -0.04208419393594275,
            0.012568393896575932,
            0.0942671932383322,
            0.139252547421912,
            -0.04529656074007976,
            -0.12332751261522042,
            0.04492734017105118,
            0.014426949577988664,
            0.022313792967910577,
            -0.0021903124420106328,
            -0.02633754901783415,
            -3.9381675516989955e-05,
            -0.02202098967239347,
            -0.03178354326365023,
            0.0017856729046403872,
            -0.008002325613759735,
            -0.0008898602531722595
        ],
        [
            -0.05100909777030576,
            -0.013326973958668586,
            0.020619355146971424,
            0.05458509701320951,
            -0.02046288958437653,
            0.09794189530142576,
            0.021689704872823356,
            0.014576037696175442,
            -0.00015379810389919377,
            -0.01691203780003941,
            -0.020613086542484525,
            0.00802637669964206,
            -0.006041652199371584,
            -0.049261012781775415,
            0.000314431837415795,
            0.010331472375639441,
            0.002464427956663185,
            -0.006483984979780479,
            0.01812122269427677,
            0.0043629475689277
        ],
        [
            -0.1451868017858372,
            -0.04208419393594275,
            0.05458509701320951,
            0.14519769159001053,
            -0.05410450755250827,
            0.25786375732390726,
            0.05678225632565401,
            0.03987126917307851,
            0.011310686820572251,
            -0.04539907469206115,
            -0.03778861501971523,
            0.027077169125811422,
            -0.014222518377859284,
            -0.12997677150093248,
            -0.0001463039132385165,
            0.024729681064425073,
            0.008847007368014036,
            -0.014693593699343525,
            0.040026791052841286,
            0.009810681055654826
        ],
        [
            0.04957134477573231,
            0.012568393896575932,
            -0.02046288958437653,
            -0.05410450755250827,
            0.02031574119454804,
            -0.09737416237629107,
            -0.02166301893524959,
            -0.014323990561503644,
            0.001305486544959286,
            0.016703670798285573,
            0.02192537782094699,
            -0.007746007805043936,
            0.006280211451694165,
            0.04858220135745424,
            -0.0004840040898572968,
            -0.011518713778981253,
            -0.0028945379722927307,
            0.006716444875302607,
            -0.018907160650328412,
            -0.004529360327544723
        ],
        [
            -0.027268930529388995,
            0.0942671932383322,
            0.09794189530142576,
            0.25786375732390726,
            -0.09737416237629107,
            0.5867122502028095,
            0.22633522515403592,
            0.04715154091086084,
            -0.032486377236022254,
            -0.05584007448394931,
            0.005842447451115542,
            0.10182822425689955,
            -0.025251505270841145,
            -0.2726590597013305,
            -0.0027609089075861693,
            0.039763597980375424,
            0.013355401427859542,
            -0.018842909977211976,
            0.044674101040466645,
            0.012528393491961679
        ],
        [
            0.1559038070827839,
            0.139252547421912,
            0.021689704872823356,
            0.05678225632565401,
            -0.02166301893524959,
            0.22633522515403592,
            0.14962411821828403,
            -0.006117820755452057,
            -0.019675958156209143,
            0.006908193527256786,
            0.10650155072897274,
            0.08703405690385928,
            -0.0030728430135416665,
            -0.08393493558719975,
            -0.0035891308946081964,
            0.018548189648163144,
            0.020344172010244795,
            0.007357909143645394,
            -0.029192608911950448,
            -0.005139732855514437
        ],
        [
            -0.08681734275965534,
            -0.04529656074007976,
            0.014576037696175442,
            0.03987126917307851,
            -0.014323990561503644,
            0.04715154091086084,
            -0.006117820755452057,
            0.015955953978777263,
            0.023043039686714013,
            -0.017009825552330778,
            -0.006820343019171788,
            0.0018904397778673752,
            -0.0013479664746507932,
            -0.030293236570812128,
            -0.0011142861462154169,
            -0.0021514327670777633,
            0.00038635479001145875,
            -0.0024543984484553566,
            0.006321179460950274,
            0.0015414399674476918
        ],
        [
            -0.18382639808381077,
            -0.12332751261522042,
            -0.00015379810389919377,
            0.011310686820572251,
            0.001305486544959286,
            -0.032486377236022254,
            -0.019675958156209143,
            0.023043039686714013,
            0.19841750240469175,
            -0.012224920345795183,
            0.27192646530669035,
            0.08738557469213354,
            0.03154324104242986,
            0.0036138688408045654,
            -0.017532233102941292,
            -0.061788542324659794,
            0.026513488680306556,
            0.04146464437772386,
            -0.13343229267900972,
            -0.02921712102032
        ],
        [
            0.08915554453363339,
            0.04492734017105118,
            -0.01691203780003941,
            -0.04539907469206115,
            0.016703670798285573,
            -0.05584007448394931,
            0.006908193527256786,
            -0.017009825552330778,
            -0.012224920345795183,
            0.019065186073363483,
            0.029323612510019723,
            0.005064874824675187,
            0.003931040919948641,
            0.03506979482336572,
            -4.524870016621384e-05,
            -0.0020032151140827433,
            0.0016923728300809373,
            0.006057600255737018,
            -0.01769105845909996,
            -0.004047752620829256
        ],
        [
            0.032946522826728636,
            0.014426949577988664,
            -0.020613086542484525,
            -0.03778861501971523,
            0.02192537782094699,
            0.005842447451115542,
            0.10650155072897274,
            -0.006820343019171788,
            0.27192646530669035,
            0.029323612510019723,
            0.5894928720779725,
            0.23511952692894106,
            0.05134468762649813,
            0.03275157693303179,
            -0.027334926830363204,
            -0.042038162522456325,
            0.09270214836265712,
            0.08335001190989336,
            -0.2677874921525381,
            -0.058147334619849576
        ],
        [
            0.021731930072411802,
            0.022313792967910577,
            0.00802637669964206,
            0.027077169125811422,
            -0.007746007805043936,
            0.10182822425689955,
            0.08703405690385928,
            0.0018904397778673752,
            0.08738557469213354,
            0.005064874824675187,
            0.23511952692894106,
            0.15420513660754706,
            -0.0035498611690482477,
            0.02287903807766546,
            0.0020088385615840095,
            0.1505149020177348,
            0.14085760381547136,
            0.01998251315693277,
            -0.06389380551189242,
            -0.013789684256241786
        ],
        [
            -0.0004006403814034907,
            -0.0021903124420106328,
            -0.006041652199371584,
            -0.014222518377859284,
            0.006280211451694165,
            -0.025251505270841145,
            -0.0030728430135416665,
            -0.0013479664746507932,
            0.03154324104242986,
            0.003931040919948641,
            0.05134468762649813,
            -0.0035498611690482477,
            0.01448157905797765,
            -0.010426107218199764,
            -0.008286942690678664,
            -0.07798164671568916,
            -0.03856509902462828,
            0.012616317022643396,
            -0.04118896300706616,
            -0.008887826241613394
        ],
        [
            0.05687234596621537,
            -0.02633754901783415,
            -0.049261012781775415,
            -0.12997677150093248,
            0.04858220135745424,
            -0.2726590597013305,
            -0.08393493558719975,
            -0.030293236570812128,
            0.0036138688408045654,
            0.03506979482336572,
            0.03275157693303179,
            0.02287903807766546,
            -0.010426107218199764,
            0.2022211940461753,
            0.016876909280024912,
            0.18371383523256277,
            0.12795870677560758,
            0.001200107922159718,
            0.00740380082780488,
            -0.00019062789393442794
        ],
        [
            0.0039898462673940245,
            -3.9381675516989955e-05,
            0.000314431837415795,
            -0.0001463039132385165,
            -0.0004840040898572968,
            -0.0027609089075861693,
            -0.0035891308946081964,
            -0.0011142861462154169,
            -0.017532233102941292,
            -4.524870016621384e-05,
            -0.027334926830363204,
            0.0020088385615840095,
            -0.008286942690678664,
            0.016876909280024912,
            0.005363289755899931,
            0.05079929175393779,
            0.026671915282326958,
            -0.006809321221235443,
            0.022862712133145488,
            0.004832789365988139
        ],
        [
            -0.00215158544295766,
            -0.02202098967239347,
            0.010331472375639441,
            0.024729681064425073,
            -0.011518713778981253,
            0.039763597980375424,
            0.018548189648163144,
            -0.0021514327670777633,
            -0.061788542324659794,
            -0.0020032151140827433,
            -0.042038162522456325,
            0.1505149020177348,
            -0.07798164671568916,
            0.18371383523256277,
            0.05079929175393779,
            0.600724285072833,
            0.3739485444010665,
            -0.04424547338890003,
            0.1520770341460537,
            0.031708387943749944
        ],
        [
            -0.023531073670268507,
            -0.03178354326365023,
            0.002464427956663185,
            0.008847007368014036,
            -0.0028945379722927307,
            0.013355401427859542,
            0.020344172010244795,
            0.00038635479001145875,
            0.026513488680306556,
            0.0016923728300809373,
            0.09270214836265712,
            0.14085760381547136,
            -0.03856509902462828,
            0.12795870677560758,
            0.026671915282326958,
            0.3739485444010665,
            0.2586392636767073,
            -0.01098860528934382,
            0.04193281714197852,
            0.008177540350629866
        ],
        [
            0.007356761303277662,
            0.0017856729046403872,
            -0.006483984979780479,
            -0.014693593699343525,
            0.006716444875302607,
            -0.018842909977211976,
            0.007357909143645394,
            -0.0024543984484553566,
            0.04146464437772386,
            0.006057600255737018,
            0.08335001190989336,
            0.01998251315693277,
            0.012616317022643396,
            0.001200107922159718,
            -0.006809321221235443,
            -0.04424547338890003,
            -0.01098860528934382,
            0.014745951748098061,
            -0.04752389080485046,
            -0.010318858773567011
        ],
        [
            -0.021598831955002316,
            -0.008002325613759735,
            0.01812122269427677,
            0.040026791052841286,
            -0.018907160650328412,
            0.044674101040466645,
            -0.029192608911950448,
            0.006321179460950274,
            -0.13343229267900972,
            -0.01769105845909996,
            -0.2677874921525381,
            -0.06389380551189242,
            -0.04118896300706616,
            0.00740380082780488,
            0.022862712133145488,
            0.1520770341460537,
            0.04193281714197852,
            -0.04752389080485046,
            0.15379603073688763,
            0.033290458334919705
        ],
        [
            -0.004312486923236829,
            -0.0008898602531722595,
            0.0043629475689277,
            0.009810681055654826,
            -0.004529360327544723,
            0.012528393491961679,
            -0.005139732855514437,
            0.0015414399674476918,
            -0.02921712102032,
            -0.004047752620829256,
            -0.058147334619849576,
            -0.013789684256241786,
            -0.008887826241613394,
            -0.00019062789393442794,
            0.004832789365988139,
            0.031708387943749944,
            0.008177540350629866,
            -0.010318858773567011,
            0.033290458334919705,
            0.007223832077691907
        ]
    ]
}