{
    "opt_E": -2.1701740211241622,
    "HF_E": -2.139053153672654,
    "B3LYP_E": -2.1411792892825137,
    "sto-3G_E": -2.1198485494410795,
    "proj": [
        [
            0.5224839780233045,
            0.33207981067064596,
            0.03139222877371647,
            -0.17335763597572298,
            0.012942289189221159,
            0.0723803303317734,
            0.18091448166830718,
            0.04399416462716716,
            -0.24507570705614007,
            0.04095451330448299,
            0.048419066938934,
            0.03459873280214451,
            0.004064001969108103,
            0.03079112385458417,
            0.004526183607276348,
            -0.0002895216320442743,
            -0.03636539496925186,
            -0.007241264578351221,
            -0.021581603428237926,
            -0.0007078674990039598
        ],
        [
            0.33207981067064596,
            0.21837193112064301,
            0.013615978090655585,
            -0.07482377521696784,
            0.004282222078542977,
            0.09863862867321573,
            0.12895334895402943,
            0.02518544453530727,
            -0.14747657594603558,
            0.02176689241786705,
            0.039097623112342474,
            0.02464480944796397,
            0.0039049499342088973,
            -0.021354319061011318,
            -0.004630375651112195,
            -0.028062689920951775,
            -0.0393656879377886,
            -0.005326124035640336,
            -0.019866954970189803,
            -0.0011783136514298767
        ],
        [
            0.03139222877371647,
            0.013615978090655585,
            0.00955269384544783,
            -0.053061843578799665,
            0.0057661391791036225,
            -0.056057407661544954,
            -0.0030354891724606436,
            0.0041876835361338545,
            -0.011600877781561719,
            0.010006428197588343,
            0.011105347629989281,
            -0.004547145958061698,
            -0.007125358575736617,
            0.03937551680274707,
            0.008674185338791818,
            -0.004343826770332152,
            -0.004272428547480623,
            -0.0040675435144593725,
            -0.012740919387327071,
            -0.0011938743751646714
        ],
        [
            -0.17335763597572298,
            -0.07482377521696784,
            -0.053061843578799665,
            0.29539327021480427,
            -0.03197642078789824,
            0.31543320145045645,
            0.02162129384952604,
            -0.02433565817373596,
            0.0726036584614998,
            -0.05352821809140981,
            -0.044209707674173836,
            0.03420982267856089,
            0.038901006274704816,
            -0.21583990143799167,
            -0.04771483712840732,
            0.030591024475755617,
            0.03102206984697067,
            0.02078662570948561,
            0.06391180202975137,
            0.005962254774898769
        ],
        [
            0.012942289189221159,
            0.004282222078542977,
            0.0057661391791036225,
            -0.03197642078789824,
            0.00358715639833431,
            -0.03698639221064977,
            -0.003982824045947388,
            0.0018702519942175708,
            -0.002380593849970261,
            0.00626624285003981,
            0.009314894191437838,
            -0.0029008536231067725,
            -0.005150288867912241,
            0.024646973134089967,
            0.005579985532986457,
            -0.00482149814277642,
            -0.0030759540098293948,
            -0.003009122085731068,
            -0.009869744129161102,
            -0.0009640605731467433
        ],
        [
            0.0723803303317734,
            0.09863862867321573,
            -0.056057407661544954,
            0.31543320145045645,
            -0.03698639221064977,
            0.5062640996857921,
            0.15907632528058288,
            -0.013468579889800773,
            -0.003201685517385028,
            -0.041380410305556635,
            0.04659378512630565,
            0.09908903422500276,
            0.04991816731198823,
            -0.2857498503095349,
            -0.06348003877837696,
            0.03436340675099971,
            0.030287966849561938,
            0.014492289457688998,
            0.0358849777349725,
            0.003791307744928734
        ],
        [
            0.18091448166830718,
            0.12895334895402943,
            -0.0030354891724606436,
            0.02162129384952604,
            -0.003982824045947388,
            0.15907632528058288,
            0.11770335491760936,
            0.0037562093384088512,
            -0.025402374958985143,
            0.015294999949554768,
            0.12728913880355366,
            0.07864089034727513,
            0.005943767367989636,
            -0.045645543933516115,
            -0.010756105843113234,
            0.022711797295591345,
            0.02344219302549512,
            -0.010826346778507153,
            -0.04449160484672274,
            -0.0039459602053613825
        ],
        [
            0.04399416462716716,
            0.02518544453530727,
            0.0041876835361338545,
            -0.02433565817373596,
            0.0018702519942175708,
            -0.013468579889800773,
            0.0037562093384088512,
            0.006864129263994979,
            -0.041226485765677875,
            0.0003535917462406774,
            -0.03269192564709976,
            -0.011235742773305484,
            0.003111774683293134,
            0.011283256653441187,
            0.0015620855329264635,
            0.008416483679474264,
            -0.0042278972644441545,
            0.004033185631962714,
            0.017195917684279322,
            0.0018930442684125192
        ],
        [
            -0.24507570705614007,
            -0.14747657594603558,
            -0.011600877781561719,
            0.0726036584614998,
            -0.002380593849970261,
            -0.003201685517385028,
            -0.025402374958985143,
            -0.041226485765677875,
            0.2743707124649761,
            0.018349846843398958,
            0.2680381728701153,
            0.07878680540079551,
            -0.03600185093446903,
            -0.005379245691218893,
            0.005308358455831117,
            -0.06472690670071755,
            0.026097286786197306,
            -0.03790884671148186,
            -0.15231075286683124,
            -0.016285383846658053
        ],
        [
            0.04095451330448299,
            0.02176689241786705,
            0.010006428197588343,
            -0.05352821809140981,
            0.00626624285003981,
            -0.041380410305556635,
            0.015294999949554768,
            0.0003535917462406774,
            0.018349846843398958,
            0.018275938826165006,
            0.0759313530141037,
            0.02035586262183399,
            -0.012926760506961774,
            0.04083036044026532,
            0.009749692371642754,
            -0.009917802010947331,
            0.0028405717625178107,
            -0.012531203502673912,
            -0.04593257945577381,
            -0.004539300590843029
        ],
        [
            0.048419066938934,
            0.039097623112342474,
            0.011105347629989281,
            -0.044209707674173836,
            0.009314894191437838,
            0.04659378512630565,
            0.12728913880355366,
            -0.03269192564709976,
            0.2680381728701153,
            0.0759313530141037,
            0.5519657779000863,
            0.2072435968196972,
            -0.054758604172881226,
            0.06499005624223925,
            0.019632928380793224,
            -0.02399885972759902,
            0.07796505472099247,
            -0.0734583384941013,
            -0.2842202537087967,
            -0.028640631292009815
        ],
        [
            0.03459873280214451,
            0.02464480944796397,
            -0.004547145958061698,
            0.03420982267856089,
            -0.0029008536231067725,
            0.09908903422500276,
            0.07864089034727513,
            -0.011235742773305484,
            0.07878680540079551,
            0.02035586262183399,
            0.2072435968196972,
            0.137057535201891,
            0.006370140946308328,
            0.03401931763361181,
            0.0015490211755455187,
            0.15993572366149034,
            0.13981637055640686,
            -0.014832641261231834,
            -0.05473026771085783,
            -0.004926617245574039
        ],
        [
            0.004064001969108103,
            0.0039049499342088973,
            -0.007125358575736617,
            0.038901006274704816,
            -0.005150288867912241,
            0.04991816731198823,
            0.005943767367989636,
            0.003111774683293134,
            -0.03600185093446903,
            -0.012926760506961774,
            -0.054758604172881226,
            0.006370140946308328,
            0.018455385996883397,
            -0.015774961485869217,
            -0.007164493393265285,
            0.07041953763525304,
            0.03683498822718735,
            0.013228616864447037,
            0.051314039239875396,
            0.005408212591309726
        ],
        [
            0.03079112385458417,
            -0.021354319061011318,
            0.03937551680274707,
            -0.21583990143799167,
            0.024646973134089967,
            -0.2857498503095349,
            -0.045645543933516115,
            0.011283256653441187,
            -0.005379245691218893,
            0.04083036044026532,
            0.06499005624223925,
            0.03401931763361181,
            -0.015774961485869217,
            0.253595858791575,
            0.04723470074947767,
            0.17535249729462932,
            0.12077233670540966,
            -0.00956480763535623,
            -0.016982853369508288,
            -0.0009622527266867532
        ],
        [
            0.004526183607276348,
            -0.004630375651112195,
            0.008674185338791818,
            -0.04771483712840732,
            0.005579985532986457,
            -0.06348003877837696,
            -0.010756105843113234,
            0.0015620855329264635,
            0.005308358455831117,
            0.009749692371642754,
            0.019632928380793224,
            0.0015490211755455187,
            -0.007164493393265285,
            0.04723470074947767,
            0.009879674083732312,
            0.010813339751102775,
            0.009452230892625965,
            -0.004427672117741609,
            -0.013713595071388179,
            -0.001316570262049877
        ],
        [
            -0.0002895216320442743,
            -0.028062689920951775,
            -0.004343826770332152,
            0.030591024475755617,
            -0.00482149814277642,
            0.03436340675099971,
            0.022711797295591345,
            0.008416483679474264,
            -0.06472690670071755,
            -0.009917802010947331,
            -0.02399885972759902,
            0.15993572366149034,
            0.07041953763525304,
            0.17535249729462932,
            0.010813339751102775,
            0.5825817417593526,
            0.3790899077328222,
            0.03817296518247285,
            0.166917218971225,
            0.018758435425741293
        ],
        [
            -0.03636539496925186,
            -0.0393656879377886,
            -0.004272428547480623,
            0.03102206984697067,
            -0.0030759540098293948,
            0.030287966849561938,
            0.02344219302549512,
            -0.0042278972644441545,
            0.026097286786197306,
            0.0028405717625178107,
            0.07796505472099247,
            0.13981637055640686,
            0.03683498822718735,
            0.12077233670540966,
            0.009452230892625965,
            0.3790899077328222,
            0.26643878687663464,
            0.012920479525396102,
            0.06183232214209529,
            0.007378900242395934
        ],
        [
            -0.007241264578351221,
            -0.005326124035640336,
            -0.0040675435144593725,
            0.02078662570948561,
            -0.003009122085731068,
            0.014492289457688998,
            -0.010826346778507153,
            0.004033185631962714,
            -0.03790884671148186,
            -0.012531203502673912,
            -0.0734583384941013,
            -0.014832641261231834,
            0.013228616864447037,
            -0.00956480763535623,
            -0.004427672117741609,
            0.03817296518247285,
            0.012920479525396102,
            0.012588029615307389,
            0.049006742489685576,
            0.005047157060836603
        ],
        [
            -0.021581603428237926,
            -0.019866954970189803,
            -0.012740919387327071,
            0.06391180202975137,
            -0.009869744129161102,
            0.0358849777349725,
            -0.04449160484672274,
            0.017195917684279322,
            -0.15231075286683124,
            -0.04593257945577381,
            -0.2842202537087967,
            -0.05473026771085783,
            0.051314039239875396,
            -0.016982853369508288,
            -0.013713595071388179,
            0.166917218971225,
            0.06183232214209529,
            0.049006742489685576,
            0.19250195467103567,
            0.01990747563509298
        ],
        [
            -0.0007078674990039598,
            -0.0011783136514298767,
            -0.0011938743751646714,
            0.005962254774898769,
            -0.0009640605731467433,
            0.003791307744928734,
            -0.0039459602053613825,
            0.0018930442684125192,
            -0.016285383846658053,
            -0.004539300590843029,
            -0.028640631292009815,
            -0.004926617245574039,
            0.005408212591309726,
            -0.0009622527266867532,
            -0.001316570262049877,
            0.018758435425741293,
            0.007378900242395934,
            0.005047157060836603,
            0.01990747563509298,
            0.002067990342429569
        ]
    ]
}