{
    "opt_E": -2.1692074608477316,
    "HF_E": -2.137497636558975,
    "B3LYP_E": -2.1397673152207,
    "sto-3G_E": -2.114692069565927,
    "proj": [
        [
            0.5716300664092338,
            0.3724927147069235,
            -0.02348443942527845,
            -0.16307313675332452,
            0.04603737508661713,
            -0.004087002127123586,
            0.1643465983254237,
            -0.026370677811262948,
            -0.1844112893425589,
            0.09387744078448002,
            0.02712370232247827,
            0.02982211751832323,
            0.002119144372136651,
            0.05583929131234202,
            0.01618489607767522,
            -0.0014476602201051714,
            -0.030718401365319968,
            0.002906898022055168,
            -0.01865458996094651,
            -0.0006360114240617786
        ],
        [
            0.3724927147069235,
            0.2581867663632448,
            -0.009474218745758026,
            -0.06543630585155256,
            0.016090603804108112,
            0.07843200464712574,
            0.13609242280952072,
            -0.016360936687918725,
            -0.12195126983722461,
            0.05077123183670982,
            0.030612154514968803,
            0.026880367661858393,
            -0.0025939278971434452,
            -0.023748867153857812,
            -0.002787782114914317,
            -0.03524820610030306,
            -0.04093290282020331,
            0.0025573805228485025,
            -0.024294503030838653,
            -0.001361255541908834
        ],
        [
            -0.02348443942527845,
            -0.009474218745758026,
            0.003937472714976711,
            0.02737787870504656,
            -0.009332829186228625,
            0.03929719852763458,
            0.006034376884549548,
            0.0003601580119260807,
            -0.0015534907805314932,
            -0.010737025084343824,
            -0.004929997421233513,
            0.004973140951474047,
            -0.0043336366842400284,
            -0.0232487480947005,
            -0.007076743645187621,
            0.0029774275032100994,
            0.0023421854363261494,
            -0.001350805487321236,
            0.008379155460346442,
            0.0008609664417676882
        ],
        [
            -0.16307313675332452,
            -0.06543630585155256,
            0.02737787870504656,
            0.19067006484559793,
            -0.06474855978649796,
            0.27599551836585223,
            0.044928188821870274,
            0.0033742201477634276,
            -0.004359124138514173,
            -0.07281094819996231,
            -0.02204673102924947,
            0.03967683961839556,
            -0.02961114076959375,
            -0.16067861591568433,
            -0.04898460613981139,
            0.024361187654911978,
            0.020234513870106982,
            -0.008586806155105256,
            0.05209007559295855,
            0.005492542594618173
        ],
        [
            0.04603737508661713,
            0.016090603804108112,
            -0.009332829186228625,
            -0.06474855978649796,
            0.022487553413488143,
            -0.09671714637568876,
            -0.01719037426976955,
            0.00032291960790535357,
            0.012647482109228917,
            0.02587756931330564,
            0.019013300351127724,
            -0.012009220760003122,
            0.011620427060181151,
            0.054549388930337166,
            0.01732641550148274,
            -0.011937754450690657,
            -0.007122100937267849,
            0.0040480694767585056,
            -0.026667353141809323,
            -0.0026908141530602157
        ],
        [
            -0.004087002127123586,
            0.07843200464712574,
            0.03929719852763458,
            0.27599551836585223,
            -0.09671714637568876,
            0.5387925689752875,
            0.19246723000866756,
            -0.001003197673862801,
            -0.0573726124999423,
            -0.07477018821261425,
            0.05952252859780765,
            0.12007233364696904,
            -0.04931968531575543,
            -0.2778887860585162,
            -0.08300907449659722,
            0.04723893574760902,
            0.03458751655826976,
            -0.008067441603427475,
            0.036029203134981036,
            0.005621400903739702
        ],
        [
            0.1643465983254237,
            0.13609242280952072,
            0.006034376884549548,
            0.044928188821870274,
            -0.01719037426976955,
            0.19246723000866756,
            0.12950124793342083,
            -0.001952743831923281,
            -0.027668310865522565,
            0.014985063133424636,
            0.10887159156203764,
            0.07932457890597097,
            -0.011330696529415638,
            -0.07153982141465205,
            -0.021076963625364434,
            0.031151350358892063,
            0.023510910768450747,
            0.003901770676961085,
            -0.03786127829894633,
            -0.0019675948582707466
        ],
        [
            -0.026370677811262948,
            -0.016360936687918725,
            0.0003601580119260807,
            0.0033742201477634276,
            0.00032291960790535357,
            -0.001003197673862801,
            -0.001952743831923281,
            0.004473772298099055,
            0.033382715294369966,
            0.0031410070691684127,
            0.038343997127516405,
            0.00811897839322421,
            0.003939832731880681,
            -0.0021688652351894923,
            0.0011147142365291337,
            -0.00667314924451915,
            0.0023722823859699794,
            0.0033784187327676987,
            -0.026924359307613766,
            -0.0024107956705904446
        ],
        [
            -0.1844112893425589,
            -0.12195126983722461,
            -0.0015534907805314932,
            -0.004359124138514173,
            0.012647482109228917,
            -0.0573726124999423,
            -0.027668310865522565,
            0.033382715294369966,
            0.2541434959449733,
            0.03364125357675168,
            0.28840861881143937,
            0.054138247262344986,
            0.03412364629921086,
            0.014190950024886738,
            0.01683340584259164,
            -0.047498565063139736,
            0.019124454758531226,
            0.02635545466617028,
            -0.20679907601537592,
            -0.01866280767177284
        ],
        [
            0.09387744078448002,
            0.05077123183670982,
            -0.010737025084343824,
            -0.07281094819996231,
            0.02587756931330564,
            -0.07477018821261425,
            0.014985063133424636,
            0.0031410070691684127,
            0.03364125357675168,
            0.04278197822660833,
            0.08966870952775256,
            0.0172344352320283,
            0.014810596123046972,
            0.056198340538022674,
            0.01852676153254329,
            -0.0015702283470418283,
            0.006000251798464584,
            0.00902455089983,
            -0.06562037931775287,
            -0.005795902936397304
        ],
        [
            0.02712370232247827,
            0.030612154514968803,
            -0.004929997421233513,
            -0.02204673102924947,
            0.019013300351127724,
            0.05952252859780765,
            0.10887159156203764,
            0.038343997127516405,
            0.28840861881143937,
            0.08966870952775256,
            0.5161764639830315,
            0.17237093205105145,
            0.03629176781369677,
            0.020911017896287947,
            0.015931776240344295,
            0.03503011391656224,
            0.08929587208230923,
            0.03965765837471683,
            -0.309730015266162,
            -0.026100410941912355
        ],
        [
            0.02982211751832323,
            0.026880367661858393,
            0.004973140951474047,
            0.03967683961839556,
            -0.012009220760003122,
            0.12007233364696904,
            0.07932457890597097,
            0.00811897839322421,
            0.054138247262344986,
            0.0172344352320283,
            0.17237093205105145,
            0.1211278650982197,
            -0.00949921755092527,
            0.025323357057323113,
            -0.006250655057192066,
            0.1733591431243739,
            0.13176563195951968,
            0.005131343358761327,
            -0.034226498058415024,
            -0.0012105094499773432
        ],
        [
            0.002119144372136651,
            -0.0025939278971434452,
            -0.0043336366842400284,
            -0.02961114076959375,
            0.011620427060181151,
            -0.04931968531575543,
            -0.011330696529415638,
            0.003939832731880681,
            0.03412364629921086,
            0.014810596123046972,
            0.03629176781369677,
            -0.00949921755092527,
            0.010961524838699999,
            0.01144237091299105,
            0.008627253398627757,
            -0.04225485549811741,
            -0.02208104260952218,
            0.005571918677499433,
            -0.04364220632271571,
            -0.004240549840465819
        ],
        [
            0.05583929131234202,
            -0.023748867153857812,
            -0.0232487480947005,
            -0.16067861591568433,
            0.054549388930337166,
            -0.2778887860585162,
            -0.07153982141465205,
            -0.0021688652351894923,
            0.014190950024886738,
            0.056198340538022674,
            0.020911017896287947,
            0.025323357057323113,
            0.01144237091299105,
            0.26222419168514804,
            0.05271395740007742,
            0.22080516323332888,
            0.14346022121472868,
            -0.0007561297755054131,
            0.03747258990510668,
            0.0036951280585039267
        ],
        [
            0.01618489607767522,
            -0.002787782114914317,
            -0.007076743645187621,
            -0.04898460613981139,
            0.01732641550148274,
            -0.08300907449659722,
            -0.021076963625364434,
            0.0011147142365291337,
            0.01683340584259164,
            0.01852676153254329,
            0.015931776240344295,
            -0.006250655057192066,
            0.008627253398627757,
            0.05271395740007742,
            0.014718728476799753,
            0.007651660247570617,
            0.00670226208208546,
            0.0027496313693430416,
            -0.016129929222819427,
            -0.0016462466577834962
        ],
        [
            -0.0014476602201051714,
            -0.03524820610030306,
            0.0029774275032100994,
            0.024361187654911978,
            -0.011937754450690657,
            0.04723893574760902,
            0.031151350358892063,
            -0.00667314924451915,
            -0.047498565063139736,
            -0.0015702283470418283,
            0.03503011391656224,
            0.1733591431243739,
            -0.04225485549811741,
            0.22080516323332888,
            0.007651660247570617,
            0.5443227674477815,
            0.3542266498017629,
            -0.018511868392428982,
            0.18018171742812977,
            0.019416021768052537
        ],
        [
            -0.030718401365319968,
            -0.04093290282020331,
            0.0023421854363261494,
            0.020234513870106982,
            -0.007122100937267849,
            0.03458751655826976,
            0.023510910768450747,
            0.0023722823859699794,
            0.019124454758531226,
            0.006000251798464584,
            0.08929587208230923,
            0.13176563195951968,
            -0.02208104260952218,
            0.14346022121472868,
            0.00670226208208546,
            0.3542266498017629,
            0.241096249523948,
            -0.0067216325018465166,
            0.07533773037585996,
            0.008994946745464055
        ],
        [
            0.002906898022055168,
            0.0025573805228485025,
            -0.001350805487321236,
            -0.008586806155105256,
            0.0040480694767585056,
            -0.008067441603427475,
            0.003901770676961085,
            0.0033784187327676987,
            0.02635545466617028,
            0.00902455089983,
            0.03965765837471683,
            0.005131343358761327,
            0.005571918677499433,
            -0.0007561297755054131,
            0.0027496313693430416,
            -0.018511868392428982,
            -0.0067216325018465166,
            0.004103871422527589,
            -0.03282299375340349,
            -0.002977147738964955
        ],
        [
            -0.01865458996094651,
            -0.024294503030838653,
            0.008379155460346442,
            0.05209007559295855,
            -0.026667353141809323,
            0.036029203134981036,
            -0.03786127829894633,
            -0.026924359307613766,
            -0.20679907601537592,
            -0.06562037931775287,
            -0.309730015266162,
            -0.034226498058415024,
            -0.04364220632271571,
            0.03747258990510668,
            -0.016129929222819427,
            0.18018171742812977,
            0.07533773037585996,
            -0.03282299375340349,
            0.26642247333120606,
            0.02425848973269618
        ],
        [
            -0.0006360114240617786,
            -0.001361255541908834,
            0.0008609664417676882,
            0.005492542594618173,
            -0.0026908141530602157,
            0.005621400903739702,
            -0.0019675948582707466,
            -0.0024107956705904446,
            -0.01866280767177284,
            -0.005795902936397304,
            -0.026100410941912355,
            -0.0012105094499773432,
            -0.004240549840465819,
            0.0036951280585039267,
            -0.0016462466577834962,
            0.019416021768052537,
            0.008994946745464055,
            -0.002977147738964955,
            0.02425848973269618,
            0.0022408770677060977
        ]
    ]
}