{
    "opt_E": -2.2118374350500036,
    "HF_E": -2.1807094212409934,
    "B3LYP_E": -2.1827298113972855,
    "sto-3G_E": -2.1692179727676164,
    "proj": [
        [
            0.5427130747158591,
            0.3333705211940178,
            -0.04546046826416399,
            -0.16658625484176517,
            0.030199923919879867,
            0.04436078545967028,
            0.18054291776507006,
            -0.08235047136731771,
            -0.2409097970172428,
            0.059271023798064454,
            0.02657715950502151,
            0.031875311542312615,
            -0.0010892581217236846,
            0.02602566010885379,
            -0.001167603320600533,
            -0.002097928545798587,
            -0.02926183302436116,
            -0.0022927864966599616,
            -0.011311951413904769,
            0.004250985684380587
        ],
        [
            0.3333705211940178,
            0.21843500234211555,
            -0.013444922986177294,
            -0.05483066852913136,
            0.008406482517615704,
            0.1096401183052077,
            0.13692454350097724,
            -0.04244051073368262,
            -0.13642754017649733,
            0.030403340605804175,
            0.02458981977784488,
            0.02821799104876302,
            0.0019981811891715997,
            -0.031112248853790866,
            -0.004235804073404963,
            -0.02594367005515899,
            -0.03154046254844268,
            -0.0017498356501236892,
            -0.012135477709181797,
            0.003326116035127809
        ],
        [
            -0.04546046826416399,
            -0.013444922986177294,
            0.022888155466484945,
            0.07505328958050357,
            -0.01597782138814256,
            0.09862010478838468,
            0.01251804103382912,
            0.018606846536186536,
            0.018857080017377445,
            -0.014849362365042055,
            -0.02298012273185052,
            0.0075149701839449775,
            0.006273937686724485,
            -0.04591708742076716,
            -0.011225013646225421,
            0.009415279679604795,
            0.004043286170911855,
            0.0023209308254799953,
            0.02055180009108121,
            -0.00570829351279681
        ],
        [
            -0.16658625484176517,
            -0.05483066852913136,
            0.07505328958050357,
            0.24759747072050464,
            -0.052309695827109405,
            0.3177547405043496,
            0.037977266487932135,
            0.06192110600436382,
            0.07911845390202733,
            -0.04845991606841177,
            -0.053590298055141754,
            0.030004302206653156,
            0.019394686649922332,
            -0.15126401100189374,
            -0.03395785978438456,
            0.025091014805156884,
            0.015146511226368514,
            0.006334198335805739,
            0.054675738965626774,
            -0.015582426701127423
        ],
        [
            0.030199923919879867,
            0.008406482517615704,
            -0.01597782138814256,
            -0.052309695827109405,
            0.01116047254979715,
            -0.0695601424499763,
            -0.009334001508935161,
            -0.01284929485240823,
            -0.012205828322446658,
            0.010295507325556256,
            0.016602174477087405,
            -0.0054200468141366,
            -0.004465591017658646,
            0.03194053848931704,
            0.008033589824669616,
            -0.007402395159707726,
            -0.0031297557616452192,
            -0.0016712415975595615,
            -0.014892813867844688,
            0.00411448030021697
        ],
        [
            0.04436078545967028,
            0.1096401183052077,
            0.09862010478838468,
            0.3177547405043496,
            -0.0695601424499763,
            0.5692502063584436,
            0.18574482066998724,
            0.05205758220738714,
            0.016018561657150543,
            -0.041738373553575674,
            -0.012020081787021636,
            0.09295506206679512,
            0.030082176584049162,
            -0.24368996007415492,
            -0.05286930343830599,
            0.03480597343944104,
            0.01675268016806812,
            0.005962993740824715,
            0.05319454418048849,
            -0.015677882711237243
        ],
        [
            0.18054291776507006,
            0.13692454350097724,
            0.01251804103382912,
            0.037977266487932135,
            -0.009334001508935161,
            0.18574482066998724,
            0.13237801558393444,
            -0.016280183071500802,
            -0.024440427843273174,
            0.014458445682529181,
            0.11411935042728684,
            0.08329696864754293,
            0.005751549980362974,
            -0.058904590949705134,
            -0.008902848596107226,
            0.021255332489207714,
            0.025256995972929124,
            -0.004345946671012607,
            -0.03880787559328948,
            0.009643272309783676
        ],
        [
            -0.08235047136731771,
            -0.04244051073368262,
            0.018606846536186536,
            0.06192110600436382,
            -0.01284929485240823,
            0.05205758220738714,
            -0.016280183071500802,
            0.02075626655953731,
            0.025631499085727597,
            -0.016693635940516247,
            -0.041026940122770264,
            -0.009834537224428352,
            0.0043288303450229396,
            -0.031248495118923532,
            -0.007846595690023689,
            0.0013948791808967213,
            -0.0023366325567531947,
            0.0027780024422157904,
            0.02430693782465291,
            -0.006615334435893544
        ],
        [
            -0.2409097970172428,
            -0.13642754017649733,
            0.018857080017377445,
            0.07911845390202733,
            -0.012205828322446658,
            0.016018561657150543,
            -0.024440427843273174,
            0.025631499085727597,
            0.21660758103957786,
            -0.009298305149849426,
            0.2366641387632068,
            0.07318180651837598,
            -0.008006696879032054,
            -0.04105809710136745,
            0.02264507278914764,
            -0.046782018330137655,
            0.03365778292474673,
            -0.012761296686421399,
            -0.12877716824717322,
            0.03132238436885769
        ],
        [
            0.059271023798064454,
            0.030403340605804175,
            -0.014849362365042055,
            -0.04845991606841177,
            0.010295507325556256,
            -0.041738373553575674,
            0.014458445682529181,
            -0.016693635940516247,
            -0.009298305149849426,
            0.014140878073263932,
            0.05177194997213526,
            0.014124087889653135,
            -0.004187190418599357,
            0.023757972476035876,
            0.00811622377980756,
            -0.004012847154865355,
            0.0043104481542211885,
            -0.0032639147674681742,
            -0.02963418393105079,
            0.007820795873690549
        ],
        [
            0.02657715950502151,
            0.02458981977784488,
            -0.02298012273185052,
            -0.053590298055141754,
            0.016602174477087405,
            -0.012020081787021636,
            0.11411935042728684,
            -0.041026940122770264,
            0.2366641387632068,
            0.05177194997213526,
            0.595791801369229,
            0.22107856503250467,
            -0.021100087850763505,
            0.011111225246778815,
            0.05117400394357283,
            -0.02434041644861742,
            0.1037101353755437,
            -0.03177690678623793,
            -0.3033487017792814,
            0.07651458553358025
        ],
        [
            0.031875311542312615,
            0.02821799104876302,
            0.0075149701839449775,
            0.030004302206653156,
            -0.0054200468141366,
            0.09295506206679512,
            0.08329696864754293,
            -0.009834537224428352,
            0.07318180651837598,
            0.014124087889653135,
            0.22107856503250467,
            0.1466754655080653,
            0.0049878155638262865,
            0.02811776009823358,
            -0.008611837486130845,
            0.163370030605035,
            0.14406563545681447,
            -0.007000046129954327,
            -0.06009082091460371,
            0.016204802611980172
        ],
        [
            -0.0010892581217236846,
            0.0019981811891715997,
            0.006273937686724485,
            0.019394686649922332,
            -0.004465591017658646,
            0.030082176584049162,
            0.005751549980362974,
            0.0043288303450229396,
            -0.008006696879032054,
            -0.004187190418599357,
            -0.021100087850763505,
            0.0049878155638262865,
            0.003585196842799257,
            -0.0027101015776164667,
            -0.007592105741168378,
            0.03000501801238604,
            0.014420332774969402,
            0.002051008035884212,
            0.020496592405225285,
            -0.005066493136805945
        ],
        [
            0.02602566010885379,
            -0.031112248853790866,
            -0.04591708742076716,
            -0.15126401100189374,
            0.03194053848931704,
            -0.24368996007415492,
            -0.058904590949705134,
            -0.031248495118923532,
            -0.04105809710136745,
            0.023757972476035876,
            0.011111225246778815,
            0.02811776009823358,
            -0.0027101015776164667,
            0.19549584912528029,
            -0.0022146191039330745,
            0.21037634479126702,
            0.1309247459252191,
            0.002327962517873166,
            0.03432087877441621,
            -0.005670803239936857
        ],
        [
            -0.001167603320600533,
            -0.004235804073404963,
            -0.011225013646225421,
            -0.03395785978438456,
            0.008033589824669616,
            -0.05286930343830599,
            -0.008902848596107226,
            -0.007846595690023689,
            0.02264507278914764,
            0.00811622377980756,
            0.05117400394357283,
            -0.008611837486130845,
            -0.007592105741168378,
            -0.0022146191039330745,
            0.016501947949561974,
            -0.07085873364094275,
            -0.033542182494086845,
            -0.00475783791814043,
            -0.047856355448912494,
            0.01173005577981657
        ],
        [
            -0.002097928545798587,
            -0.02594367005515899,
            0.009415279679604795,
            0.025091014805156884,
            -0.007402395159707726,
            0.03480597343944104,
            0.021255332489207714,
            0.0013948791808967213,
            -0.046782018330137655,
            -0.004012847154865355,
            -0.02434041644861742,
            0.163370030605035,
            0.03000501801238604,
            0.21037634479126702,
            -0.07085873364094275,
            0.5866023440219088,
            0.35888612880015086,
            0.015337039082763449,
            0.17091112038985468,
            -0.03837872013509035
        ],
        [
            -0.02926183302436116,
            -0.03154046254844268,
            0.004043286170911855,
            0.015146511226368514,
            -0.0031297557616452192,
            0.01675268016806812,
            0.025256995972929124,
            -0.0023366325567531947,
            0.03365778292474673,
            0.0043104481542211885,
            0.1037101353755437,
            0.14406563545681447,
            0.014420332774969402,
            0.1309247459252191,
            -0.033542182494086845,
            0.35888612880015086,
            0.24526093681310135,
            0.003228672214764767,
            0.0453582341471992,
            -0.00859532562919636
        ],
        [
            -0.0022927864966599616,
            -0.0017498356501236892,
            0.0023209308254799953,
            0.006334198335805739,
            -0.0016712415975595615,
            0.005962993740824715,
            -0.004345946671012607,
            0.0027780024422157904,
            -0.012761296686421399,
            -0.0032639147674681742,
            -0.03177690678623793,
            -0.007000046129954327,
            0.002051008035884212,
            0.002327962517873166,
            -0.00475783791814043,
            0.015337039082763449,
            0.003228672214764767,
            0.0020698082993554296,
            0.020280417562200576,
            -0.005025727785005079
        ],
        [
            -0.011311951413904769,
            -0.012135477709181797,
            0.02055180009108121,
            0.054675738965626774,
            -0.014892813867844688,
            0.05319454418048849,
            -0.03880787559328948,
            0.02430693782465291,
            -0.12877716824717322,
            -0.02963418393105079,
            -0.3033487017792814,
            -0.06009082091460371,
            0.020496592405225285,
            0.03432087877441621,
            -0.047856355448912494,
            0.17091112038985468,
            0.0453582341471992,
            0.020280417562200576,
            0.19987850256656245,
            -0.04930603194583202
        ],
        [
            0.004250985684380587,
            0.003326116035127809,
            -0.00570829351279681,
            -0.015582426701127423,
            0.00411448030021697,
            -0.015677882711237243,
            0.009643272309783676,
            -0.006615334435893544,
            0.03132238436885769,
            0.007820795873690549,
            0.07651458553358025,
            0.016204802611980172,
            -0.005066493136805945,
            -0.005670803239936857,
            0.01173005577981657,
            -0.03837872013509035,
            -0.00859532562919636,
            -0.005025727785005079,
            -0.04930603194583202,
            0.012211024094617133
        ]
    ]
}