{
    "opt_E": -2.144783809551886,
    "HF_E": -2.1124753242158754,
    "B3LYP_E": -2.115471922637087,
    "sto-3G_E": -2.084406650146067,
    "proj": [
        [
            0.5527446395015966,
            0.3639985720578582,
            0.029640610746366623,
            -0.1618570432139461,
            -0.0462672043386351,
            0.03135367019230379,
            0.17087039464597953,
            0.05654805262968711,
            -0.19058817438787193,
            -0.09207830500775246,
            0.03600499248825078,
            0.032991664849149574,
            0.009396805997741368,
            0.055146273499865145,
            -0.009850161420008588,
            0.0011684966005831429,
            -0.03678565265294202,
            -0.004401325702310624,
            -0.01828260396014496,
            0.002646793870540634
        ],
        [
            0.3639985720578582,
            0.24836764202194503,
            0.012631895792327307,
            -0.07576813415160183,
            -0.01951582754886634,
            0.07699302939213713,
            0.1297159601427819,
            0.03298884669490376,
            -0.12605669556680982,
            -0.05408741336813321,
            0.03477339835652239,
            0.02423738768522713,
            0.001606154085719773,
            -0.011701400796100095,
            -0.0010389682935546757,
            -0.03070095772098918,
            -0.044706044341880885,
            -0.0038392976097354164,
            -0.01865505554374457,
            0.0023751082594199264
        ],
        [
            0.029640610746366623,
            0.012631895792327307,
            0.009976746001848034,
            -0.0444888602040271,
            -0.015855567916743165,
            -0.05977751218206256,
            -0.00762369533855984,
            0.008401522080524021,
            0.007175973291130394,
            -0.013438672635515339,
            0.008164610303316925,
            -0.004983196787328974,
            0.0011717614491347967,
            0.04737351503575336,
            -0.004037571031838323,
            -0.008285766030313967,
            -0.005263791481881785,
            -0.003830098583843018,
            -0.014207857902750715,
            0.002821365389235056
        ],
        [
            -0.1618570432139461,
            -0.07576813415160183,
            -0.0444888602040271,
            0.20254409644249927,
            0.07069577523913134,
            0.26308787560949193,
            0.029966511467503034,
            -0.03856670936860527,
            0.0025229867881459652,
            0.06145690123719908,
            -0.003926326146068909,
            0.03156517101933938,
            -0.007465393081771856,
            -0.20507064902060296,
            0.018950917201466258,
            0.02928243082895895,
            0.026389350738136263,
            0.012522142869125454,
            0.04407715191442792,
            -0.00929073236633019
        ],
        [
            -0.0462672043386351,
            -0.01951582754886634,
            -0.015855567916743165,
            0.07069577523913134,
            0.025202537797157552,
            0.09558509552339749,
            0.01268227646466349,
            -0.013265338920796227,
            -0.011382962838961251,
            0.021207996207493373,
            -0.012160949982150634,
            0.008551793702356621,
            -0.0018098510002199457,
            -0.07509840393283004,
            0.0063902934564838585,
            0.014046362682954531,
            0.009024557087290297,
            0.006053511236766242,
            0.02244268075615897,
            -0.004463215221357844
        ],
        [
            0.03135367019230379,
            0.07699302939213713,
            -0.05977751218206256,
            0.26308787560949193,
            0.09558509552339749,
            0.495267349827902,
            0.16932685994547883,
            -0.03208071828966028,
            -0.046737532302621586,
            0.04910956610548706,
            0.10210184519807061,
            0.10698253495305039,
            -0.012091586781307829,
            -0.3175541112545274,
            0.02962312971196742,
            0.03978648636380163,
            0.032240791504797896,
            0.008319254045009711,
            0.019276113415846573,
            -0.006856790052492949
        ],
        [
            0.17087039464597953,
            0.1297159601427819,
            -0.00762369533855984,
            0.029966511467503034,
            0.01268227646466349,
            0.16932685994547883,
            0.11865231537171415,
            0.010459404208311235,
            -0.016913250929747232,
            -0.018676043031376266,
            0.12502621407552283,
            0.07855544398831661,
            -0.0028592125387539415,
            -0.05904445042599668,
            0.006367943423599143,
            0.024233353509580995,
            0.021501919039579345,
            -0.008197515084908567,
            -0.039179375450927784,
            0.005379202828631528
        ],
        [
            0.05654805262968711,
            0.03298884669490376,
            0.008401522080524021,
            -0.03856670936860527,
            -0.013265338920796227,
            -0.03208071828966028,
            0.010459404208311235,
            0.009673363177081453,
            1.756961911621854e-05,
            -0.01572635720445012,
            0.022026620620515552,
            0.006172134493220173,
            0.0011931523435755973,
            0.03669720349208804,
            -0.0031831166495162205,
            -0.0009344973157539762,
            -0.0005325874937034518,
            -0.00415883737421261,
            -0.016284871682901946,
            0.0029747434959314346
        ],
        [
            -0.19058817438787193,
            -0.12605669556680982,
            0.007175973291130394,
            0.0025229867881459652,
            -0.011382962838961251,
            -0.046737532302621586,
            -0.016913250929747232,
            1.756961911621854e-05,
            0.29677674808560317,
            -0.002399929758879796,
            0.3076652540785333,
            0.0865960674381069,
            -0.01996462258718511,
            0.07628182946628062,
            0.0067155996228185815,
            -0.08350176497411341,
            0.013461627143832925,
            -0.04448021939221057,
            -0.1877287160324059,
            0.03207505281048109
        ],
        [
            -0.09207830500775246,
            -0.05408741336813321,
            -0.013438672635515339,
            0.06145690123719908,
            0.021207996207493373,
            0.04910956610548706,
            -0.018676043031376266,
            -0.01572635720445012,
            -0.002399929758879796,
            0.02561659927374567,
            -0.040291677695430586,
            -0.012054114875402842,
            -0.0016970719600002053,
            -0.05869353307588635,
            0.004952446962481128,
            0.0017579873317929322,
            0.0003137712141896903,
            0.007219006710480036,
            0.028506391488468695,
            -0.005157599328173387
        ],
        [
            0.03600499248825078,
            0.03477339835652239,
            0.008164610303316925,
            -0.003926326146068909,
            -0.012160949982150634,
            0.10210184519807061,
            0.12502621407552283,
            0.022026620620515552,
            0.3076652540785333,
            -0.040291677695430586,
            0.5054210271094196,
            0.20273259855883055,
            -0.020045661457732202,
            0.07306780969645164,
            0.008580257053535566,
            -0.019664940072818195,
            0.07056404010355752,
            -0.06052802293830786,
            -0.25811140791122017,
            0.042968156885039806
        ],
        [
            0.032991664849149574,
            0.02423738768522713,
            -0.004983196787328974,
            0.03156517101933938,
            0.008551793702356621,
            0.10698253495305039,
            0.07855544398831661,
            0.006172134493220173,
            0.0865960674381069,
            -0.012054114875402842,
            0.20273259855883055,
            0.13017351471024777,
            0.00438299688202286,
            0.03233898378145238,
            -0.0014137442897548158,
            0.1493431043966546,
            0.13178058017994893,
            -0.013205575419105647,
            -0.055392921212898905,
            0.008937293665203043
        ],
        [
            0.009396805997741368,
            0.001606154085719773,
            0.0011717614491347967,
            -0.007465393081771856,
            -0.0018098510002199457,
            -0.012091586781307829,
            -0.0028592125387539415,
            0.0011931523435755973,
            -0.01996462258718511,
            -0.0016970719600002053,
            -0.020045661457732202,
            0.00438299688202286,
            0.005621715322498193,
            0.020082173935749598,
            -0.00388983263502008,
            0.050996087187683996,
            0.030461662219825703,
            0.004809314980212682,
            0.021867422140784985,
            -0.0035055284650184443
        ],
        [
            0.055146273499865145,
            -0.011701400796100095,
            0.04737351503575336,
            -0.20507064902060296,
            -0.07509840393283004,
            -0.3175541112545274,
            -0.05904445042599668,
            0.03669720349208804,
            0.07628182946628062,
            -0.05869353307588635,
            0.07306780969645164,
            0.03233898378145238,
            0.020082173935749598,
            0.3086260003824521,
            -0.02988586134067721,
            0.1491228106738058,
            0.11580924231886144,
            -0.013312734869381124,
            -0.04147877658794455,
            0.009710239539295751
        ],
        [
            -0.009850161420008588,
            -0.0010389682935546757,
            -0.004037571031838323,
            0.018950917201466258,
            0.0063902934564838585,
            0.02962312971196742,
            0.006367943423599143,
            -0.0031831166495162205,
            0.0067155996228185815,
            0.004952446962481128,
            0.008580257053535566,
            -0.0014137442897548158,
            -0.00388983263502008,
            -0.02988586134067721,
            0.003841916122105101,
            -0.030140792890071343,
            -0.01870144690467525,
            -0.001561971538552069,
            -0.008312939119280683,
            0.0011249897559123874
        ],
        [
            0.0011684966005831429,
            -0.03070095772098918,
            -0.008285766030313967,
            0.02928243082895895,
            0.014046362682954531,
            0.03978648636380163,
            0.024233353509580995,
            -0.0009344973157539762,
            -0.08350176497411341,
            0.0017579873317929322,
            -0.019664940072818195,
            0.1493431043966546,
            0.050996087187683996,
            0.1491228106738058,
            -0.030140792890071343,
            0.5867761034444667,
            0.3922652000956245,
            0.036002737196762585,
            0.16411598384712348,
            -0.026774168757614753
        ],
        [
            -0.03678565265294202,
            -0.044706044341880885,
            -0.005263791481881785,
            0.026389350738136263,
            0.009024557087290297,
            0.032240791504797896,
            0.021501919039579345,
            -0.0005325874937034518,
            0.013461627143832925,
            0.0003137712141896903,
            0.07056404010355752,
            0.13178058017994893,
            0.030461662219825703,
            0.11580924231886144,
            -0.01870144690467525,
            0.3922652000956245,
            0.2797586540017963,
            0.013879919639067206,
            0.06663898605926531,
            -0.010618462523904295
        ],
        [
            -0.004401325702310624,
            -0.0038392976097354164,
            -0.003830098583843018,
            0.012522142869125454,
            0.006053511236766242,
            0.008319254045009711,
            -0.008197515084908567,
            -0.00415883737421261,
            -0.04448021939221057,
            0.007219006710480036,
            -0.06052802293830786,
            -0.013205575419105647,
            0.004809314980212682,
            -0.013312734869381124,
            -0.001561971538552069,
            0.036002737196762585,
            0.013879919639067206,
            0.00987306121735111,
            0.04205718735818448,
            -0.0071106204733529825
        ],
        [
            -0.01828260396014496,
            -0.01865505554374457,
            -0.014207857902750715,
            0.04407715191442792,
            0.02244268075615897,
            0.019276113415846573,
            -0.039179375450927784,
            -0.016284871682901946,
            -0.1877287160324059,
            0.028506391488468695,
            -0.25811140791122017,
            -0.055392921212898905,
            0.021867422140784985,
            -0.04147877658794455,
            -0.008312939119280683,
            0.16411598384712348,
            0.06663898605926531,
            0.04205718735818448,
            0.17996149291519753,
            -0.030282211322216014
        ],
        [
            0.002646793870540634,
            0.0023751082594199264,
            0.002821365389235056,
            -0.00929073236633019,
            -0.004463215221357844,
            -0.006856790052492949,
            0.005379202828631528,
            0.0029747434959314346,
            0.03207505281048109,
            -0.005157599328173387,
            0.042968156885039806,
            0.008937293665203043,
            -0.0035055284650184443,
            0.009710239539295751,
            0.0011249897559123874,
            -0.026774168757614753,
            -0.010618462523904295,
            -0.0071106204733529825,
            -0.030282211322216014,
            0.005124477273372295
        ]
    ]
}