{
    "opt_E": -2.220016011820377,
    "HF_E": -2.188811418600886,
    "B3LYP_E": -2.190823191587519,
    "sto-3G_E": -2.1792365720936457,
    "proj": [
        [
            0.5632799199070133,
            0.3419025457741613,
            -0.04112963045357116,
            -0.17474949438592058,
            -0.0007919922698219028,
            0.012600647941652289,
            0.17210261573303748,
            -0.07431308376287617,
            -0.24038352356771914,
            -0.007666649489981492,
            0.030935496324805824,
            0.028342387332312452,
            -0.004484540142111444,
            0.030224082024907267,
            -0.0012350327122273605,
            -0.006257627232364305,
            -0.024314870036575616,
            -0.006434528457357569,
            -0.016243091983385135,
            -0.009698710856121307
        ],
        [
            0.3419025457741613,
            0.22793197919177097,
            -0.009721655843486046,
            -0.04688067732899262,
            0.00046357652567738774,
            0.11404906146108465,
            0.14085557637842416,
            -0.034101117429708505,
            -0.1387153332190657,
            -0.0025396910964054498,
            0.014877133251709172,
            0.026580990973527927,
            0.005793869769660567,
            -0.03260747124986106,
            0.005059389003856023,
            -0.02509605793621869,
            -0.027293108931570345,
            -0.0021403567393989916,
            -0.009493087108395375,
            -0.003261696980088919
        ],
        [
            -0.04112963045357116,
            -0.009721655843486046,
            0.01561738931175022,
            0.06070973448720877,
            0.0009138335768966998,
            0.08368639676803234,
            0.01484399737331768,
            0.01588828814311839,
            0.015793343356720328,
            0.0036303648624665032,
            -0.020846705435059027,
            0.005942751491636635,
            0.010465054223893999,
            -0.03327528158147257,
            0.010671904961215927,
            0.005767744763865672,
            0.0022077930872878887,
            0.004700624685987112,
            0.015237295790501267,
            0.008309826858358908
        ],
        [
            -0.17474949438592058,
            -0.04688067732899262,
            0.06070973448720877,
            0.23764651756669386,
            0.003450589658471126,
            0.32233384238070256,
            0.05586738477776173,
            0.06076989072324925,
            0.07812568963144606,
            0.012337918995367788,
            -0.05637577608929954,
            0.028696096840405715,
            0.037635581255637485,
            -0.1337553284726922,
            0.03640458719872715,
            0.013103092203650657,
            0.008326706262683066,
            0.015144951013192905,
            0.04445284368863138,
            0.026237900071863735
        ],
        [
            -0.0007919922698219028,
            0.00046357652567738774,
            0.0009138335768966998,
            0.003450589658471126,
            6.345416835445307e-05,
            0.005575031457301347,
            0.0015299063660908887,
            0.0008683274568683218,
            -0.00011735559001419297,
            0.0002775405615789111,
            -0.001904007838746751,
            0.0006626817694491881,
            0.0008652246452942034,
            -0.001497864167889621,
            0.0010408713086636815,
            0.001798132340819738,
            0.0008047712406219838,
            0.00043173570843897744,
            0.0016605832640605184,
            0.0007969048193877485
        ],
        [
            0.012600647941652289,
            0.11404906146108465,
            0.08368639676803234,
            0.32233384238070256,
            0.005575031457301347,
            0.5871941512243238,
            0.21053735849600785,
            0.05963377062025958,
            0.025626517403165308,
            0.01330927166853016,
            -0.020208592821533377,
            0.09206962363458362,
            0.060352328017633475,
            -0.22445422764752745,
            0.05727201241841819,
            0.021846336150648793,
            0.013933688896390007,
            0.01680315880019272,
            0.04013207752024481,
            0.02880736674443587
        ],
        [
            0.17210261573303748,
            0.14085557637842416,
            0.01484399737331768,
            0.05586738477776173,
            0.0015299063660908887,
            0.21053735849600785,
            0.1413848077376291,
            -0.0107900306508758,
            -0.02721104542625736,
            -0.003919503136737879,
            0.09640735220010674,
            0.08278501759003849,
            0.014941937174380991,
            -0.06337804901711276,
            0.012560186924187824,
            0.03039940590651793,
            0.03016317107134269,
            -0.004865811736423087,
            -0.03000453978812547,
            -0.009490001526715286
        ],
        [
            -0.07431308376287617,
            -0.034101117429708505,
            0.01588828814311839,
            0.06076989072324925,
            0.0008683274568683218,
            0.05963377062025958,
            -0.0107900306508758,
            0.02259763447718904,
            0.010746607659047135,
            0.0067891762913223795,
            -0.06776485768333933,
            -0.016321613448161524,
            0.01193430320057792,
            -0.02447015541820772,
            0.01420974317083236,
            0.005493430358125908,
            -0.00545656077675162,
            0.009360833160637447,
            0.03711386582996131,
            0.017166118769840154
        ],
        [
            -0.24038352356771914,
            -0.1387153332190657,
            0.015793343356720328,
            0.07812568963144606,
            -0.00011735559001419297,
            0.025626517403165308,
            -0.02721104542625736,
            0.010746607659047135,
            0.19711513229002783,
            -0.012834667013217128,
            0.21739075083404674,
            0.0685764614297762,
            -0.016421543073154285,
            -0.04688591834120938,
            -0.031656989113718816,
            -0.03172866156876235,
            0.03353827922583498,
            -0.023147475705294587,
            -0.11414715650076501,
            -0.04555915120471705
        ],
        [
            -0.007666649489981492,
            -0.0025396910964054498,
            0.0036303648624665032,
            0.012337918995367788,
            0.0002775405615789111,
            0.01330927166853016,
            -0.003919503136737879,
            0.0067891762913223795,
            -0.012834667013217128,
            0.0034609647991184745,
            -0.042683053558905906,
            -0.0116639622375119,
            0.005434014268060686,
            -0.0011754633539458408,
            0.007873830062305125,
            0.008056058614533495,
            -0.0027447683765206214,
            0.005362592079802645,
            0.02366401374109709,
            0.010148008136495853
        ],
        [
            0.030935496324805824,
            0.014877133251709172,
            -0.020846705435059027,
            -0.05637577608929954,
            -0.001904007838746751,
            -0.020208592821533377,
            0.09640735220010674,
            -0.06776485768333933,
            0.21739075083404674,
            -0.042683053558905906,
            0.5953443471322414,
            0.2189807115690907,
            -0.048375290353732635,
            -0.009159446721181639,
            -0.0751403493405948,
            0.0018580115445787704,
            0.11173168071953364,
            -0.06460507210312386,
            -0.29151402698314555,
            -0.12277991830906582
        ],
        [
            0.028342387332312452,
            0.026580990973527927,
            0.005942751491636635,
            0.028696096840405715,
            0.0006626817694491881,
            0.09206962363458362,
            0.08278501759003849,
            -0.016321613448161524,
            0.0685764614297762,
            -0.0116639622375119,
            0.2189807115690907,
            0.14383741115468726,
            0.007849171641685696,
            0.024665618826258215,
            0.011215753944137962,
            0.1668163850806476,
            0.14065806381988058,
            -0.012891525011273615,
            -0.05693661023178179,
            -0.023980957848014874
        ],
        [
            -0.004484540142111444,
            0.005793869769660567,
            0.010465054223893999,
            0.037635581255637485,
            0.0008652246452942034,
            0.060352328017633475,
            0.014941937174380991,
            0.01193430320057792,
            -0.016421543073154285,
            0.005434014268060686,
            -0.048375290353732635,
            0.007849171641685696,
            0.015230212693980283,
            0.0003789504417017479,
            0.021693369792140992,
            0.05778831179023564,
            0.026229375136618594,
            0.009638363850752351,
            0.04221228408657127,
            0.018325227958231265
        ],
        [
            0.030224082024907267,
            -0.03260747124986106,
            -0.03327528158147257,
            -0.1337553284726922,
            -0.001497864167889621,
            -0.22445422764752745,
            -0.06337804901711276,
            -0.02447015541820772,
            -0.04688591834120938,
            -0.0011754633539458408,
            -0.009159446721181639,
            0.024665618826258215,
            0.0003789504417017479,
            0.18101618640591097,
            0.02212879715461055,
            0.22155759460836216,
            0.12749320514757279,
            0.007196701165441291,
            0.05684577591745888,
            0.01643277852642783
        ],
        [
            -0.0012350327122273605,
            0.005059389003856023,
            0.010671904961215927,
            0.03640458719872715,
            0.0010408713086636815,
            0.05727201241841819,
            0.012560186924187824,
            0.01420974317083236,
            -0.031656989113718816,
            0.007873830062305125,
            -0.0751403493405948,
            0.011215753944137962,
            0.021693369792140992,
            0.02212879715461055,
            0.03354307985016861,
            0.10612122345462294,
            0.049940327817980315,
            0.01495120272402735,
            0.06861574839766124,
            0.028758830435118045
        ],
        [
            -0.006257627232364305,
            -0.02509605793621869,
            0.005767744763865672,
            0.013103092203650657,
            0.001798132340819738,
            0.021846336150648793,
            0.03039940590651793,
            0.005493430358125908,
            -0.03172866156876235,
            0.008056058614533495,
            0.0018580115445787704,
            0.1668163850806476,
            0.05778831179023564,
            0.22155759460836216,
            0.10612122345462294,
            0.5752749882822578,
            0.3452732641978212,
            0.030349131707358458,
            0.15993122305698987,
            0.06099607068402211
        ],
        [
            -0.024314870036575616,
            -0.027293108931570345,
            0.0022077930872878887,
            0.008326706262683066,
            0.0008047712406219838,
            0.013933688896390007,
            0.03016317107134269,
            -0.00545656077675162,
            0.03353827922583498,
            -0.0027447683765206214,
            0.11173168071953364,
            0.14065806381988058,
            0.026229375136618594,
            0.12749320514757279,
            0.049940327817980315,
            0.3452732641978212,
            0.22906155714758702,
            0.006442435098058781,
            0.04191205546448311,
            0.014083441845894702
        ],
        [
            -0.006434528457357569,
            -0.0021403567393989916,
            0.004700624685987112,
            0.015144951013192905,
            0.00043173570843897744,
            0.01680315880019272,
            -0.004865811736423087,
            0.009360833160637447,
            -0.023147475705294587,
            0.005362592079802645,
            -0.06460507210312386,
            -0.012891525011273615,
            0.009638363850752351,
            0.007196701165441291,
            0.01495120272402735,
            0.030349131707358458,
            0.006442435098058781,
            0.008958611094521073,
            0.04072901502962993,
            0.017112702274955958
        ],
        [
            -0.016243091983385135,
            -0.009493087108395375,
            0.015237295790501267,
            0.04445284368863138,
            0.0016605832640605184,
            0.04013207752024481,
            -0.03000453978812547,
            0.03711386582996131,
            -0.11414715650076501,
            0.02366401374109709,
            -0.29151402698314555,
            -0.05693661023178179,
            0.04221228408657127,
            0.05684577591745888,
            0.06861574839766124,
            0.15993122305698987,
            0.04191205546448311,
            0.04072901502962993,
            0.18870422673489834,
            0.0781986446544046
        ],
        [
            -0.009698710856121307,
            -0.003261696980088919,
            0.008309826858358908,
            0.026237900071863735,
            0.0007969048193877485,
            0.02880736674443587,
            -0.009490001526715286,
            0.017166118769840154,
            -0.04555915120471705,
            0.010148008136495853,
            -0.12277991830906582,
            -0.023980957848014874,
            0.018325227958231265,
            0.01643277852642783,
            0.028758830435118045,
            0.06099607068402211,
            0.014083441845894702,
            0.017112702274955958,
            0.0781986446544046,
            0.03273742882987724
        ]
    ]
}