{
    "opt_E": -2.147221321577338,
    "HF_E": -2.117133105892514,
    "B3LYP_E": -2.1186525576028425,
    "sto-3G_E": -2.0960782350033607,
    "proj": [
        [
            0.5153667307645082,
            0.328419077903553,
            -0.009634349773996418,
            -0.17049912011280435,
            0.048036823806350576,
            0.08298081922407753,
            0.1817570836986549,
            -0.03750035322408891,
            -0.2365965126997641,
            0.08343911985351782,
            0.046980430402259486,
            0.03745165526323041,
            -0.004383525168759148,
            0.024029730030294915,
            0.007005562941156012,
            0.0008989211823465379,
            -0.03596547201223819,
            0.00046809460887723537,
            -0.024097355322448593,
            -0.0060004627773432365
        ],
        [
            0.328419077903553,
            0.2155850697749207,
            -0.0036043107594030356,
            -0.08068273174462538,
            0.021946329905372396,
            0.09524507484191518,
            0.12758713948825526,
            -0.021591603322509503,
            -0.1391526063475167,
            0.047990393427904426,
            0.044922379024934664,
            0.025426787787241657,
            0.004388235801479717,
            -0.02327464743063636,
            0.001041147687530733,
            -0.03072707042500771,
            -0.04034658234479103,
            0.0018668863563401856,
            -0.030265313187967383,
            -0.006620429480024502
        ],
        [
            -0.009634349773996418,
            -0.0036043107594030356,
            0.0030447770749588185,
            0.02833625859379481,
            -0.009052549060836532,
            0.03249344837882543,
            0.003183404393841666,
            0.006983592425368788,
            -0.002811821526015832,
            -0.0052848590909123205,
            -0.011022831299093209,
            0.0027359044169254854,
            0.006521396433510712,
            -0.021837484080891506,
            0.0028699267690673793,
            0.005955817822440418,
            0.00407509400017505,
            -0.0011747759372330636,
            0.013078415623641804,
            0.0036201622167994617
        ],
        [
            -0.17049912011280435,
            -0.08068273174462538,
            0.02833625859379481,
            0.2901856748097807,
            -0.09046478946899882,
            0.3013174245789745,
            0.016881930088356235,
            0.05771147912143329,
            0.06021832896250025,
            -0.06360223087284403,
            -0.030235326535195197,
            0.03943921012086172,
            0.05881228178496885,
            -0.2127109442996397,
            0.015996571399854536,
            0.03246981968724477,
            0.039410175608885836,
            -0.005752157112443672,
            0.06935474167449601,
            0.021241773262409863
        ],
        [
            0.048036823806350576,
            0.021946329905372396,
            -0.009052549060836532,
            -0.09046478946899882,
            0.028387405428346158,
            -0.09595981871210907,
            -0.00598578174271305,
            -0.01921322726650661,
            -0.011722019071352119,
            0.019176400960525027,
            0.016956402588786106,
            -0.010287498929199022,
            -0.019028917518957612,
            0.06810744631700104,
            -0.0058191616672213075,
            -0.00992164355233051,
            -0.010773953571351302,
            0.002247807139780446,
            -0.026447318602114488,
            -0.007821908495230326
        ],
        [
            0.08298081922407753,
            0.09524507484191518,
            0.03249344837882543,
            0.3013174245789745,
            -0.09595981871210907,
            0.48723169255557125,
            0.15318592490439367,
            0.045348054829556644,
            -0.018386198180970734,
            -0.03816078892552424,
            0.06311665585052666,
            0.10310075925594527,
            0.07708071684688671,
            -0.28229609212643736,
            0.019808046217862845,
            0.0421771781086586,
            0.0405233145297974,
            -0.003439758728568395,
            0.034931242286716686,
            0.014667021956906563
        ],
        [
            0.1817570836986549,
            0.12758713948825526,
            0.003183404393841666,
            0.016881930088356235,
            -0.00598578174271305,
            0.15318592490439367,
            0.11178868412910407,
            -0.015118362235489482,
            -0.029596614225386654,
            0.01670152310469956,
            0.11752706676641635,
            0.07108009553165687,
            0.012656137147753236,
            -0.04596206911798109,
            0.0016312205290185677,
            0.030432375704639796,
            0.023231106866459766,
            0.0034378490533259246,
            -0.04564832962021768,
            -0.009785599602867495
        ],
        [
            -0.03750035322408891,
            -0.021591603322509503,
            0.006983592425368788,
            0.05771147912143329,
            -0.01921322726650661,
            0.045348054829556644,
            -0.015118362235489482,
            0.02471733926115231,
            -0.03445916727640396,
            -0.012046445662750888,
            -0.0880820753104261,
            -0.019253182336344796,
            0.014589331275142075,
            -0.044251068277164525,
            0.010384854230905051,
            0.008514522297841191,
            -0.0016161699930886415,
            -0.00571645523000003,
            0.0639250627957712,
            0.016298300925452928
        ],
        [
            -0.2365965126997641,
            -0.1391526063475167,
            -0.002811821526015832,
            0.06021832896250025,
            -0.011722019071352119,
            -0.018386198180970734,
            -0.029596614225386654,
            -0.03445916727640396,
            0.2883628116557279,
            -0.03987362176513986,
            0.2751924913528956,
            0.06382570130112152,
            -0.012761740258078344,
            -0.0010234475079390444,
            -0.03565568698399929,
            -0.048917102625978294,
            0.024214052306319806,
            0.01824520275045315,
            -0.18838995942194886,
            -0.04541695092312256
        ],
        [
            0.08343911985351782,
            0.047990393427904426,
            -0.0052848590909123205,
            -0.06360223087284403,
            0.019176400960525027,
            -0.03816078892552424,
            0.01670152310469956,
            -0.012046445662750888,
            -0.03987362176513986,
            0.019311848503926466,
            0.004401381324877803,
            -0.0007916974326292125,
            -0.009609393096725668,
            0.03945463777464219,
            -1.1409771128477876e-05,
            0.005257448059166967,
            -0.004169943240602217,
            0.00025690918137998925,
            -0.006548920657604143,
            -0.002372301487706672
        ],
        [
            0.046980430402259486,
            0.044922379024934664,
            -0.011022831299093209,
            -0.030235326535195197,
            0.016956402588786106,
            0.06311665585052666,
            0.11752706676641635,
            -0.0880820753104261,
            0.2751924913528956,
            0.004401381324877803,
            0.5149141390763513,
            0.17728191352453282,
            -0.024761716763719428,
            0.04949184859494919,
            -0.04154870510087167,
            0.024085343561518403,
            0.08064206732616856,
            0.02754639418302868,
            -0.3055183647919827,
            -0.07431591812361116
        ],
        [
            0.03745165526323041,
            0.025426787787241657,
            0.0027359044169254854,
            0.03943921012086172,
            -0.010287498929199022,
            0.10310075925594527,
            0.07108009553165687,
            -0.019253182336344796,
            0.06382570130112152,
            -0.0007916974326292125,
            0.17728191352453282,
            0.1212752930292491,
            0.0008299377967560906,
            0.034559407204639,
            0.008875760961900752,
            0.17338580773872528,
            0.13565828933215499,
            0.00236908204651205,
            -0.0381713933953845,
            -0.009556446794054435
        ],
        [
            -0.004383525168759148,
            0.004388235801479717,
            0.006521396433510712,
            0.05881228178496885,
            -0.019028917518957612,
            0.07708071684688671,
            0.012656137147753236,
            0.014589331275142075,
            -0.012761740258078344,
            -0.009609393096725668,
            -0.024761716763719428,
            0.0008299377967560906,
            0.015374284003472936,
            -0.05818840788386176,
            0.00432835391804855,
            -0.008054618537563745,
            -0.006232610806897777,
            -0.0019223220099820581,
            0.022289946896785554,
            0.006599142876792371
        ],
        [
            0.024029730030294915,
            -0.02327464743063636,
            -0.021837484080891506,
            -0.2127109442996397,
            0.06810744631700104,
            -0.28229609212643736,
            -0.04596206911798109,
            -0.044251068277164525,
            -0.0010234475079390444,
            0.03945463777464219,
            0.04949184859494919,
            0.034559407204639,
            -0.05818840788386176,
            0.2792121092023966,
            0.008538095846355426,
            0.20162154811742886,
            0.12907286349319352,
            -0.0017700568721595328,
            0.003534826734050801,
            -0.004836274174215285
        ],
        [
            0.007005562941156012,
            0.001041147687530733,
            0.0028699267690673793,
            0.015996571399854536,
            -0.0058191616672213075,
            0.019808046217862845,
            0.0016312205290185677,
            0.010384854230905051,
            -0.03565568698399929,
            -1.1409771128477876e-05,
            -0.04154870510087167,
            0.008875760961900752,
            0.00432835391804855,
            0.008538095846355426,
            0.012408125719748421,
            0.06452951842514416,
            0.036549048368796945,
            -0.0050084870647408375,
            0.05063500728320151,
            0.012092623893554645
        ],
        [
            0.0008989211823465379,
            -0.03072707042500771,
            0.005955817822440418,
            0.03246981968724477,
            -0.00992164355233051,
            0.0421771781086586,
            0.030432375704639796,
            0.008514522297841191,
            -0.048917102625978294,
            0.005257448059166967,
            0.024085343561518403,
            0.17338580773872528,
            -0.008054618537563745,
            0.20162154811742886,
            0.06452951842514416,
            0.5475210773889311,
            0.3614494295125383,
            -0.019608309368120875,
            0.1796545946136099,
            0.03976991383989349
        ],
        [
            -0.03596547201223819,
            -0.04034658234479103,
            0.00407509400017505,
            0.039410175608885836,
            -0.010773953571351302,
            0.0405233145297974,
            0.023231106866459766,
            -0.0016161699930886415,
            0.024214052306319806,
            -0.004169943240602217,
            0.08064206732616856,
            0.13565828933215499,
            -0.006232610806897777,
            0.12907286349319352,
            0.036549048368796945,
            0.3614494295125383,
            0.2505786710678044,
            -0.009313549821181214,
            0.08017481376787602,
            0.017100241345952834
        ],
        [
            0.00046809460887723537,
            0.0018668863563401856,
            -0.0011747759372330636,
            -0.005752157112443672,
            0.002247807139780446,
            -0.003439758728568395,
            0.0034378490533259246,
            -0.00571645523000003,
            0.01824520275045315,
            0.00025690918137998925,
            0.02754639418302868,
            0.00236908204651205,
            -0.0019223220099820581,
            -0.0017700568721595328,
            -0.0050084870647408375,
            -0.019608309368120875,
            -0.009313549821181214,
            0.002335183633726086,
            -0.024400743975919653,
            -0.005854061272162795
        ],
        [
            -0.024097355322448593,
            -0.030265313187967383,
            0.013078415623641804,
            0.06935474167449601,
            -0.026447318602114488,
            0.034931242286716686,
            -0.04564832962021768,
            0.0639250627957712,
            -0.18838995942194886,
            -0.006548920657604143,
            -0.3055183647919827,
            -0.0381713933953845,
            0.022289946896785554,
            0.003534826734050801,
            0.05063500728320151,
            0.1796545946136099,
            0.08017481376787602,
            -0.024400743975919653,
            0.25734175575254165,
            0.062005974174626576
        ],
        [
            -0.0060004627773432365,
            -0.006620429480024502,
            0.0036201622167994617,
            0.021241773262409863,
            -0.007821908495230326,
            0.014667021956906563,
            -0.009785599602867495,
            0.016298300925452928,
            -0.04541695092312256,
            -0.002372301487706672,
            -0.07431591812361116,
            -0.009556446794054435,
            0.006599142876792371,
            -0.004836274174215285,
            0.012092623893554645,
            0.03976991383989349,
            0.017100241345952834,
            -0.005854061272162795,
            0.062005974174626576,
            0.015057327167781158
        ]
    ]
}