{
    "opt_E": -2.207140284980225,
    "HF_E": -2.177030312894452,
    "B3LYP_E": -2.1788249973717733,
    "sto-3G_E": -2.170334399521745,
    "proj": [
        [
            0.5757214787464044,
            0.35761370780366125,
            -0.0302794104220306,
            -0.17161537592397258,
            -0.028930100755903704,
            -0.017733576867101468,
            0.1691396251982922,
            -0.043061679527018316,
            -0.21680709297093598,
            -0.05035341770882939,
            0.035336362991789314,
            0.02007037791718128,
            0.0036577957061272337,
            0.040401205965476784,
            -0.0028695240992837974,
            0.0020801034326944547,
            -0.022580915869535242,
            0.0017164129510790908,
            -0.031414173496992624,
            -0.00677563755894342
        ],
        [
            0.35761370780366125,
            0.2446901621024153,
            -0.008777124200490396,
            -0.05050015900526085,
            -0.007975935471172072,
            0.09855212756479008,
            0.1455131936492338,
            -0.023834946138781687,
            -0.13277413428801818,
            -0.024485178765035746,
            0.021651074383301692,
            0.023982890691744807,
            -0.0024290196236364564,
            -0.03557299961746111,
            0.0025550396172669136,
            -0.028549924249785676,
            -0.029604721734536932,
            0.0007462186766060547,
            -0.02296144011114278,
            -0.0037490493117253026
        ],
        [
            -0.0302794104220306,
            -0.008777124200490396,
            0.0068982969357854074,
            0.03865957061297688,
            0.00699487063958986,
            0.056838511647647555,
            0.010256813987937841,
            0.003109668303431766,
            0.0058139699608414355,
            0.006756258103327647,
            -0.011883724918356047,
            0.0074642497575299295,
            -0.0036360560557537835,
            -0.020654438475480038,
            0.0044109317324280495,
            0.002682533154061485,
            0.002379449154371794,
            -0.0009274206729717991,
            0.01459968832350992,
            0.002304670109218767
        ],
        [
            -0.17161537592397258,
            -0.05050015900526085,
            0.03865957061297688,
            0.21670794844698046,
            0.03918145082384423,
            0.3182806110516997,
            0.057597937302162304,
            0.017742063966367533,
            0.0353864491363308,
            0.03771238693953489,
            -0.06194410569851403,
            0.04360375612477221,
            -0.02023677216752627,
            -0.11553566447035983,
            0.024562388118342476,
            0.016916959421135438,
            0.015158446828593245,
            -0.005067724008084748,
            0.07939931518639019,
            0.01260570191957812
        ],
        [
            -0.028930100755903704,
            -0.007975935471172072,
            0.00699487063958986,
            0.03918145082384423,
            0.007135186304602087,
            0.05811091531415249,
            0.010740283180281978,
            0.0028891501178454023,
            0.0037228762459151094,
            0.006886969630643798,
            -0.014392581574766947,
            0.008013905662025308,
            -0.003919637147286719,
            -0.0186748245978164,
            0.004905729577301878,
            0.005956410746528136,
            0.003897413112116976,
            -0.0010839536759832038,
            0.017863045800758284,
            0.002691730605083409
        ],
        [
            -0.017733576867101468,
            0.09855212756479008,
            0.056838511647647555,
            0.3182806110516997,
            0.05811091531415249,
            0.6046887703257368,
            0.21673618735420128,
            0.014242827840495877,
            -0.010923606386386857,
            0.040198579508968886,
            -0.018476913399137936,
            0.11825867024923745,
            -0.0336419436095333,
            -0.21553084364757766,
            0.04082490764916669,
            0.03487089128693087,
            0.02878622573511098,
            -0.005996121538717294,
            0.0796742156012212,
            0.013544965794490558
        ],
        [
            0.1691396251982922,
            0.1455131936492338,
            0.010256813987937841,
            0.057597937302162304,
            0.010740283180281978,
            0.21673618735420128,
            0.14606727476860037,
            -0.00434079327671798,
            -0.02938105127252634,
            -0.006237202693336955,
            0.09352071051393901,
            0.07986124408132095,
            -0.008069474986840979,
            -0.07302041222184577,
            0.009940602180982574,
            0.031162511865956304,
            0.026244196277596738,
            0.0011388320219605469,
            -0.03490098180416434,
            -0.004073015380688122
        ],
        [
            -0.043061679527018316,
            -0.023834946138781687,
            0.003109668303431766,
            0.017742063966367533,
            0.0028891501178454023,
            0.014242827840495877,
            -0.00434079327671798,
            0.0044554235146619554,
            0.026523214024060722,
            0.003209450370125031,
            0.018816840899197503,
            0.006280789074439107,
            3.276500224197292e-05,
            -0.013320079813247628,
            -0.0005029659520718506,
            -0.0022520576082975642,
            0.003619598640986667,
            0.0005619777840633909,
            -0.012394749389614405,
            -0.0012491573482226932
        ],
        [
            -0.21680709297093598,
            -0.13277413428801818,
            0.0058139699608414355,
            0.0353864491363308,
            0.0037228762459151094,
            -0.010923606386386857,
            -0.02938105127252634,
            0.026523214024060722,
            0.20192903772364149,
            0.0020911205150877716,
            0.2360446934832077,
            0.054525609133790086,
            0.010586941778852917,
            -0.06272054533858128,
            -0.016672169692343766,
            -0.014804270799665422,
            0.0341447360559696,
            0.008491243476490452,
            -0.16926464154702303,
            -0.020184821223859017
        ],
        [
            -0.05035341770882939,
            -0.024485178765035746,
            0.006756258103327647,
            0.03771238693953489,
            0.006886969630643798,
            0.040198579508968886,
            -0.006237202693336955,
            0.003209450370125031,
            0.0020911205150877716,
            0.009029005778220623,
            -0.0383304357032161,
            -0.005117721310218131,
            -0.0037420176800144556,
            -0.013751786207731135,
            0.004604837715915342,
            -0.0027638079493271517,
            -0.003699453975398097,
            -0.0016397325961231516,
            0.02943321365788028,
            0.004198716546372464
        ],
        [
            0.035336362991789314,
            0.021651074383301692,
            -0.011883724918356047,
            -0.06194410569851403,
            -0.014392581574766947,
            -0.018476913399137936,
            0.09352071051393901,
            0.018816840899197503,
            0.2360446934832077,
            -0.0383304357032161,
            0.5438321508613742,
            0.1741174024791107,
            0.02116325868667568,
            -0.041976686498161976,
            -0.028428848964246068,
            0.08351838596753922,
            0.12094802257667298,
            0.01772275920809834,
            -0.34402400550849566,
            -0.04407502843247402
        ],
        [
            0.02007037791718128,
            0.023982890691744807,
            0.0074642497575299295,
            0.04360375612477221,
            0.008013905662025308,
            0.11825867024923745,
            0.07986124408132095,
            0.006280789074439107,
            0.054525609133790086,
            -0.005117721310218131,
            0.1741174024791107,
            0.12664163980983428,
            -0.005201599674630284,
            0.03129076395503169,
            0.011045917072424971,
            0.1849932084843006,
            0.1325127183131675,
            0.0018369809636300898,
            -0.030838899993442585,
            -0.004596416458680892
        ],
        [
            0.0036577957061272337,
            -0.0024290196236364564,
            -0.0036360560557537835,
            -0.02023677216752627,
            -0.003919637147286719,
            -0.0336419436095333,
            -0.008069474986840979,
            3.276500224197292e-05,
            0.010586941778852917,
            -0.0037420176800144556,
            0.02116325868667568,
            -0.005201599674630284,
            0.0032296906643836045,
            -1.5589112531864706e-06,
            -0.00466667865995504,
            -0.016294565334002482,
            -0.007336874450510485,
            0.0013025652136590075,
            -0.024715276407469195,
            -0.003206656805313228
        ],
        [
            0.040401205965476784,
            -0.03557299961746111,
            -0.020654438475480038,
            -0.11553566447035983,
            -0.0186748245978164,
            -0.21553084364757766,
            -0.07302041222184577,
            -0.013320079813247628,
            -0.06272054533858128,
            -0.013751786207731135,
            -0.041976686498161976,
            0.03129076395503169,
            -1.5589112531864706e-06,
            0.257357182164785,
            0.011342867009992444,
            0.275349108890478,
            0.14897170547368466,
            -0.004776120873852491,
            0.1301947448815482,
            0.012806090030246693
        ],
        [
            -0.0028695240992837974,
            0.0025550396172669136,
            0.0044109317324280495,
            0.024562388118342476,
            0.004905729577301878,
            0.04082490764916669,
            0.009940602180982574,
            -0.0005029659520718506,
            -0.016672169692343766,
            0.004604837715915342,
            -0.028428848964246068,
            0.011045917072424971,
            -0.00466667865995504,
            0.011342867009992444,
            0.007283291936624834,
            0.03801257041744152,
            0.019069562036633615,
            -0.002007617702997245,
            0.03981986279055611,
            0.004983614889963709
        ],
        [
            0.0020801034326944547,
            -0.028549924249785676,
            0.002682533154061485,
            0.016916959421135438,
            0.005956410746528136,
            0.03487089128693087,
            0.031162511865956304,
            -0.0022520576082975642,
            -0.014804270799665422,
            -0.0027638079493271517,
            0.08351838596753922,
            0.1849932084843006,
            -0.016294565334002482,
            0.275349108890478,
            0.03801257041744152,
            0.5176293155570321,
            0.3132772411511576,
            -0.006751969906509111,
            0.16998116312962747,
            0.01774099789990658
        ],
        [
            -0.022580915869535242,
            -0.029604721734536932,
            0.002379449154371794,
            0.015158446828593245,
            0.003897413112116976,
            0.02878622573511098,
            0.026244196277596738,
            0.003619598640986667,
            0.0341447360559696,
            -0.003699453975398097,
            0.12094802257667298,
            0.1325127183131675,
            -0.007336874450510485,
            0.14897170547368466,
            0.019069562036633615,
            0.3132772411511576,
            0.2005295628895464,
            -0.0016924722423093193,
            0.05480152816538232,
            0.004862239678692021
        ],
        [
            0.0017164129510790908,
            0.0007462186766060547,
            -0.0009274206729717991,
            -0.005067724008084748,
            -0.0010839536759832038,
            -0.005996121538717294,
            0.0011388320219605469,
            0.0005619777840633909,
            0.008491243476490452,
            -0.0016397325961231516,
            0.01772275920809834,
            0.0018369809636300898,
            0.0013025652136590075,
            -0.004776120873852491,
            -0.002007617702997245,
            -0.006751969906509111,
            -0.0016924722423093193,
            0.0007921280484947703,
            -0.015797101672412748,
            -0.0019782303198697614
        ],
        [
            -0.031414173496992624,
            -0.02296144011114278,
            0.01459968832350992,
            0.07939931518639019,
            0.017863045800758284,
            0.0796742156012212,
            -0.03490098180416434,
            -0.012394749389614405,
            -0.16926464154702303,
            0.02943321365788028,
            -0.34402400550849566,
            -0.030838899993442585,
            -0.024715276407469195,
            0.1301947448815482,
            0.03981986279055611,
            0.16998116312962747,
            0.05480152816538232,
            -0.015797101672412748,
            0.32042570158354644,
            0.03960980990043288
        ],
        [
            -0.00677563755894342,
            -0.0037490493117253026,
            0.002304670109218767,
            0.01260570191957812,
            0.002691730605083409,
            0.013544965794490558,
            -0.004073015380688122,
            -0.0012491573482226932,
            -0.020184821223859017,
            0.004198716546372464,
            -0.04407502843247402,
            -0.004596416458680892,
            -0.003206656805313228,
            0.012806090030246693,
            0.004983614889963709,
            0.01774099789990658,
            0.004862239678692021,
            -0.0019782303198697614,
            0.03960980990043288,
            0.004956751837329254
        ]
    ]
}