{
    "opt_E": -2.157101269820862,
    "HF_E": -2.127549304722573,
    "B3LYP_E": -2.128775920641035,
    "sto-3G_E": -2.106588848039276,
    "proj": [
        [
            0.5144127669168153,
            0.33704355530024976,
            0.019881728072006347,
            -0.17690707648724296,
            0.021631176849090977,
            0.07349644075689507,
            0.1856966598281566,
            0.006789234084983107,
            -0.2379135133920174,
            0.04664852438498293,
            0.0393052449708913,
            0.03339034236574105,
            0.0017436112283415997,
            0.028564546436743804,
            -0.0039449619562366344,
            0.0024256356255576176,
            -0.035803286661138196,
            -0.002287113685074317,
            -0.023136660751139248,
            0.001402220482722063
        ],
        [
            0.33704355530024976,
            0.22797342009647803,
            0.011163220093914397,
            -0.08841041240757651,
            0.009671361555118751,
            0.09010792788314817,
            0.1341449022123332,
            0.0022392456885664542,
            -0.14084407062982668,
            0.02863071407356113,
            0.04628777198793629,
            0.0233731274975074,
            0.006463036367523029,
            -0.020986682296810083,
            -0.0035107380557198643,
            -0.03333201714002228,
            -0.04234975350726093,
            -0.001854166189520814,
            -0.03869028974710232,
            0.0020617706435201817
        ],
        [
            0.019881728072006347,
            0.011163220093914397,
            0.0020874918243478364,
            -0.025111648651600954,
            0.0037379671146256584,
            -0.02191284555073351,
            0.001898994098865938,
            -0.002256771753649529,
            -0.006808109368456927,
            0.0037548494104551796,
            0.00503524707859871,
            -0.003018095581052943,
            -0.006058627625191227,
            0.015050033424844128,
            0.0015116698448039971,
            -0.0017485574866749197,
            -0.003602273948750929,
            -0.00063341915265401,
            -0.007269515305603571,
            0.0003254677797167302
        ],
        [
            -0.17690707648724296,
            -0.08841041240757651,
            -0.025111648651600954,
            0.3150265330632065,
            -0.047845419340505145,
            0.32265895597002514,
            0.014062647569177444,
            0.02830271916960625,
            0.06113452582023976,
            -0.042054030986682464,
            -0.040867099404723835,
            0.052665981594954524,
            0.08254851249696123,
            -0.20700004738347355,
            -0.021267641157557905,
            0.019632478116799416,
            0.0418341124409063,
            0.007547075782788406,
            0.0798486994178187,
            -0.003351462950027492
        ],
        [
            0.021631176849090977,
            0.009671361555118751,
            0.0037379671146256584,
            -0.047845419340505145,
            0.007336912732507351,
            -0.052316632333868573,
            -0.004650825759278104,
            -0.0044541635409478565,
            -0.007147344800492142,
            0.006083546199945545,
            0.005496302259347556,
            -0.008509481194148735,
            -0.013041562448964266,
            0.03318664590083677,
            0.003382070882584438,
            -0.0018307081287658733,
            -0.0053815023798671315,
            -0.0011443162835539523,
            -0.011512861871770351,
            0.0004760946744160219
        ],
        [
            0.07349644075689507,
            0.09010792788314817,
            -0.02191284555073351,
            0.32265895597002514,
            -0.052316632333868573,
            0.5005799644393494,
            0.15138048655726558,
            0.026327432937965585,
            -0.016344830082993558,
            -0.024239721250166064,
            0.05202459855971016,
            0.11653916027258347,
            0.10711627604433345,
            -0.2670292626991402,
            -0.030213096032576787,
            0.032010229843100854,
            0.04561615678073705,
            0.0058809323789069745,
            0.03960946441732677,
            -0.0005632447371232754
        ],
        [
            0.1856966598281566,
            0.1341449022123332,
            0.001898994098865938,
            0.014062647569177444,
            -0.004650825759278104,
            0.15138048655726558,
            0.11578525115714094,
            -0.009765460929244362,
            -0.0334554203016275,
            0.01538627150500726,
            0.11764167971235079,
            0.07068557425392208,
            0.01784950729561132,
            -0.04136319272526587,
            -0.007264510490763686,
            0.03400587144891576,
            0.02428791731798713,
            -0.0026816797167844436,
            -0.05124762262654849,
            0.003519979945548858
        ],
        [
            0.006789234084983107,
            0.0022392456885664542,
            -0.002256771753649529,
            0.02830271916960625,
            -0.0044541635409478565,
            0.026327432937965585,
            -0.009765460929244362,
            0.023710655004888597,
            -0.06112073302485329,
            -0.008083599690714437,
            -0.1030050434928061,
            -0.018952645660717984,
            0.018564455921783452,
            -0.019688422062776278,
            -0.0044993052138471625,
            0.0028986511707715865,
            -0.006136851809553651,
            0.004455123827775722,
            0.07665928668143691,
            -0.0041800585207303256
        ],
        [
            -0.2379135133920174,
            -0.14084407062982668,
            -0.006808109368456927,
            0.06113452582023976,
            -0.007147344800492142,
            -0.016344830082993558,
            -0.0334554203016275,
            -0.06112073302485329,
            0.26757733516652077,
            -0.004441225515873332,
            0.2600354807293637,
            0.04554598549542862,
            -0.032237999904964475,
            -0.019937659694602816,
            0.009206535440294528,
            -0.03051479557120013,
            0.02212263224040338,
            -0.00976233799967553,
            -0.19421793937761161,
            0.010589545546911583
        ],
        [
            0.04664852438498293,
            0.02863071407356113,
            0.0037548494104551796,
            -0.042054030986682464,
            0.006083546199945545,
            -0.024239721250166064,
            0.01538627150500726,
            -0.008083599690714437,
            -0.004441225515873332,
            0.008611585124078782,
            0.035422721215623516,
            0.007289935075192267,
            -0.010399696837210988,
            0.026087377904561424,
            0.0021755768261730256,
            0.007305372994009225,
            0.002491069044288685,
            -0.0019065423189203424,
            -0.025418186510185452,
            0.0013997139323952215
        ],
        [
            0.0393052449708913,
            0.04628777198793629,
            0.00503524707859871,
            -0.040867099404723835,
            0.005496302259347556,
            0.05202459855971016,
            0.11764167971235079,
            -0.1030050434928061,
            0.2600354807293637,
            0.035422721215623516,
            0.5169985943303317,
            0.15314913278709222,
            -0.04952592485954047,
            0.03298893393050433,
            0.009086257569569189,
            0.05617224686600497,
            0.08053715544125581,
            -0.019249056041684347,
            -0.33288257039626995,
            0.019165887495248175
        ],
        [
            0.03339034236574105,
            0.0233731274975074,
            -0.003018095581052943,
            0.052665981594954524,
            -0.008509481194148735,
            0.11653916027258347,
            0.07068557425392208,
            -0.018952645660717984,
            0.04554598549542862,
            0.007289935075192267,
            0.15314913278709222,
            0.11901398828981954,
            0.015958466812308156,
            0.03234061284115762,
            -0.008761265296019094,
            0.18682637066741128,
            0.13883974821926479,
            -0.0030957038022318096,
            -0.01546212242326815,
            0.002715218380077274
        ],
        [
            0.0017436112283415997,
            0.006463036367523029,
            -0.006058627625191227,
            0.08254851249696123,
            -0.013041562448964266,
            0.10711627604433345,
            0.01784950729561132,
            0.018564455921783452,
            -0.032237999904964475,
            -0.010399696837210988,
            -0.04952592485954047,
            0.015958466812308156,
            0.03150117257189712,
            -0.05417929831177516,
            -0.008670006987233306,
            0.02531884840658725,
            0.017868493706420546,
            0.0038075713670211466,
            0.05880339433075688,
            -0.0027729703301895563
        ],
        [
            0.028564546436743804,
            -0.020986682296810083,
            0.015050033424844128,
            -0.20700004738347355,
            0.03318664590083677,
            -0.2670292626991402,
            -0.04136319272526587,
            -0.019688422062776278,
            -0.019937659694602816,
            0.026087377904561424,
            0.03298893393050433,
            0.03234061284115762,
            -0.05417929831177516,
            0.2693438535634262,
            0.010137514108804438,
            0.22792903678366094,
            0.1355225115503227,
            -0.004231190354647974,
            0.0370689172436604,
            -0.0009486303258203517
        ],
        [
            -0.0039449619562366344,
            -0.0035107380557198643,
            0.0015116698448039971,
            -0.021267641157557905,
            0.003382070882584438,
            -0.030213096032576787,
            -0.007264510490763686,
            -0.0044993052138471625,
            0.009206535440294528,
            0.0021755768261730256,
            0.009086257569569189,
            -0.008761265296019094,
            -0.008670006987233306,
            0.010137514108804438,
            0.0026065170623194374,
            -0.016547846591020217,
            -0.011322398380397392,
            -0.0009286579459250566,
            -0.01702281503737893,
            0.000730016975313636
        ],
        [
            0.0024256356255576176,
            -0.03333201714002228,
            -0.0017485574866749197,
            0.019632478116799416,
            -0.0018307081287658733,
            0.032010229843100854,
            0.03400587144891576,
            0.0028986511707715865,
            -0.03051479557120013,
            0.007305372994009225,
            0.05617224686600497,
            0.18682637066741128,
            0.02531884840658725,
            0.22792903678366094,
            -0.016547846591020217,
            0.5216470453380682,
            0.3480906090023825,
            0.0015858352558489235,
            0.18088801753371997,
            -0.0057166991824264286
        ],
        [
            -0.035803286661138196,
            -0.04234975350726093,
            -0.003602273948750929,
            0.0418341124409063,
            -0.0053815023798671315,
            0.04561615678073705,
            0.02428791731798713,
            -0.006136851809553651,
            0.02212263224040338,
            0.002491069044288685,
            0.08053715544125581,
            0.13883974821926479,
            0.017868493706420546,
            0.1355225115503227,
            -0.011322398380397392,
            0.3480906090023825,
            0.24051045767274148,
            -0.00010296175159636283,
            0.09404819861638404,
            -0.0022517315659214662
        ],
        [
            -0.002287113685074317,
            -0.001854166189520814,
            -0.00063341915265401,
            0.007547075782788406,
            -0.0011443162835539523,
            0.0058809323789069745,
            -0.0026816797167844436,
            0.004455123827775722,
            -0.00976233799967553,
            -0.0019065423189203424,
            -0.019249056041684347,
            -0.0030957038022318096,
            0.0038075713670211466,
            -0.004231190354647974,
            -0.0009286579459250566,
            0.0015858352558489235,
            -0.00010296175159636283,
            0.000867854138225217,
            0.014921739654053637,
            -0.0008023467298231121
        ],
        [
            -0.023136660751139248,
            -0.03869028974710232,
            -0.007269515305603571,
            0.0798486994178187,
            -0.011512861871770351,
            0.03960946441732677,
            -0.05124762262654849,
            0.07665928668143691,
            -0.19421793937761161,
            -0.025418186510185452,
            -0.33288257039626995,
            -0.01546212242326815,
            0.05880339433075688,
            0.0370689172436604,
            -0.01702281503737893,
            0.18088801753371997,
            0.09404819861638404,
            0.014921739654053637,
            0.31357115190694596,
            -0.0158892304619663
        ],
        [
            0.001402220482722063,
            0.0020617706435201817,
            0.0003254677797167302,
            -0.003351462950027492,
            0.0004760946744160219,
            -0.0005632447371232754,
            0.003519979945548858,
            -0.0041800585207303256,
            0.010589545546911583,
            0.0013997139323952215,
            0.019165887495248175,
            0.002715218380077274,
            -0.0027729703301895563,
            -0.0009486303258203517,
            0.000730016975313636,
            -0.0057166991824264286,
            -0.0022517315659214662,
            -0.0008023467298231121,
            -0.0158892304619663,
            0.0008374496008921801
        ]
    ]
}