{
    "opt_E": -2.178616005818839,
    "HF_E": -2.145943745101055,
    "B3LYP_E": -2.14898326248367,
    "sto-3G_E": -2.1236822389412784,
    "proj": [
        [
            0.5592031598167874,
            0.35652747553670233,
            -0.014107569183974891,
            -0.16804824625247586,
            -0.04274818920872954,
            0.021224484234045132,
            0.1705485377844498,
            -0.03052392126860369,
            -0.20993522830279807,
            -0.08476041183351002,
            0.04217584413303829,
            0.028764759196959477,
            0.008331778371418005,
            0.05469486346620326,
            -0.007184707187990818,
            -0.0006082337014892115,
            -0.03498252000839206,
            -0.008668766424563327,
            -0.019036839264323823,
            0.003147349245588657
        ],
        [
            0.35652747553670233,
            0.240449591887195,
            -0.004322084930085078,
            -0.06327715143922046,
            -0.01396114633432847,
            0.09146224564492443,
            0.13196517983735567,
            -0.017790837889090347,
            -0.13827418887942894,
            -0.045065891888949786,
            0.02642282474117612,
            0.02243436477740892,
            0.004095059661603866,
            -0.020984744823543514,
            0.0009712707722641237,
            -0.025480239080969712,
            -0.040316319140353156,
            -0.004054395764710053,
            -0.010234617384540911,
            0.0011956324712338205
        ],
        [
            -0.014107569183974891,
            -0.004322084930085078,
            0.0022834086445874167,
            0.022215822761381725,
            0.006545739964904497,
            0.03120404550606425,
            0.0054443733316483925,
            0.001402352635883669,
            0.002070782443302849,
            0.005730320226669051,
            -0.0018496110204700923,
            0.004351405435511998,
            0.0010531303110853205,
            -0.02040242742893164,
            0.0017227929858947392,
            0.0032075557771651074,
            0.0024172483882404392,
            0.0018313941563116,
            0.004317379568127414,
            -0.0009268774336208813
        ],
        [
            -0.16804824625247586,
            -0.06327715143922046,
            0.022215822761381725,
            0.21842764791245714,
            0.064032871931768,
            0.2884975900435499,
            0.037152888140357485,
            0.015299313750793924,
            0.027392162251595045,
            0.05975715651816585,
            -0.031056413351696316,
            0.032774851826973664,
            0.009253646201276059,
            -0.19697241066568816,
            0.01666477169225179,
            0.025139120333112552,
            0.019428436722005976,
            0.01909781136139047,
            0.04525334266473052,
            -0.009504547632859208
        ],
        [
            -0.04274818920872954,
            -0.01396114633432847,
            0.006545739964904497,
            0.064032871931768,
            0.018934934801238354,
            0.08735620832269402,
            0.012581018117262357,
            0.004302255737489936,
            0.001869058231141183,
            0.01729076537551024,
            -0.01478251804478723,
            0.008181669974378908,
            0.0033952751834622095,
            -0.05966413631062442,
            0.004829716994919795,
            0.008705936889844728,
            0.004932207503106133,
            0.006709226092136681,
            0.01625897032202483,
            -0.00332418936587468
        ],
        [
            0.021224484234045132,
            0.09146224564492443,
            0.03120404550606425,
            0.2884975900435499,
            0.08735620832269402,
            0.5312361696613137,
            0.18041421679787745,
            0.00816291444460669,
            -0.024691294123754218,
            0.051905265048107496,
            0.05277070636554523,
            0.10615772078983077,
            0.015098426295868385,
            -0.3076367905564268,
            0.02699979623439021,
            0.03231473206099908,
            0.02295534035364246,
            0.01456995490143123,
            0.03078931452910742,
            -0.00837088174140071
        ],
        [
            0.1705485377844498,
            0.13196517983735567,
            0.0054443733316483925,
            0.037152888140357485,
            0.012581018117262357,
            0.18041421679787745,
            0.1271374279175862,
            -0.008338949951415483,
            -0.015979023842470838,
            -0.015608920675344931,
            0.12793854838471555,
            0.08516721631763718,
            0.002927211401180686,
            -0.06069159668555716,
            0.00689604532448714,
            0.018847409827930664,
            0.022382557298450505,
            -0.013417847179306736,
            -0.036862850552914606,
            0.005422302295185084
        ],
        [
            -0.03052392126860369,
            -0.017790837889090347,
            0.001402352635883669,
            0.015299313750793924,
            0.004302255737489936,
            0.00816291444460669,
            -0.008338949951415483,
            0.0020714072573151526,
            0.005103101517198411,
            0.00649611830457607,
            -0.012635761414168636,
            -0.004700590055423927,
            0.00022780257379772533,
            -0.011387042689018332,
            0.0008911006928409306,
            -0.0010379851091030224,
            -0.0009840396683342724,
            0.0024784182482753573,
            0.006181584909891031,
            -0.0011253383647704632
        ],
        [
            -0.20993522830279807,
            -0.13827418887942894,
            0.002070782443302849,
            0.027392162251595045,
            0.001869058231141183,
            -0.024691294123754218,
            -0.015979023842470838,
            0.005103101517198411,
            0.25515865888652606,
            0.006425810226366144,
            0.2899757156724653,
            0.08905335735485728,
            -0.030787582754865383,
            0.035274970946509436,
            0.007782940939443828,
            -0.07735502274579592,
            0.02185264919050221,
            -0.053210666378738704,
            -0.14479047893822397,
            0.02536823931346806
        ],
        [
            -0.08476041183351002,
            -0.045065891888949786,
            0.005730320226669051,
            0.05975715651816585,
            0.01729076537551024,
            0.051905265048107496,
            -0.015608920675344931,
            0.00649611830457607,
            0.006425810226366144,
            0.021982261088244456,
            -0.04410077626775213,
            -0.011048653812978525,
            0.0025811295455809334,
            -0.05026981529784259,
            0.003712795333500331,
            0.002523402466939795,
            -0.001306045129457443,
            0.009904998938487763,
            0.024853818417688252,
            -0.004628347188699422
        ],
        [
            0.04217584413303829,
            0.02642282474117612,
            -0.0018496110204700923,
            -0.031056413351696316,
            -0.01478251804478723,
            0.05277070636554523,
            0.12793854838471555,
            -0.012635761414168636,
            0.2899757156724653,
            -0.04410077626775213,
            0.5580016525501255,
            0.22039235398543888,
            -0.03544907800623547,
            0.08151238325808458,
            0.00810137990374288,
            -0.04730019727551488,
            0.07469328072967327,
            -0.093470866993652,
            -0.2503079928592415,
            0.0433855153980058
        ],
        [
            0.028764759196959477,
            0.02243436477740892,
            0.004351405435511998,
            0.032774851826973664,
            0.008181669974378908,
            0.10615772078983077,
            0.08516721631763718,
            -0.004700590055423927,
            0.08905335735485728,
            -0.011048653812978525,
            0.22039235398543888,
            0.14497192472830678,
            0.009937026488984585,
            0.028510326006235952,
            -0.0013134592393868431,
            0.1487820502696531,
            0.13960614353471534,
            -0.022150809862075717,
            -0.0563455704638615,
            0.009441906484866864
        ],
        [
            0.008331778371418005,
            0.004095059661603866,
            0.0010531303110853205,
            0.009253646201276059,
            0.0033952751834622095,
            0.015098426295868385,
            0.002927211401180686,
            0.00022780257379772533,
            -0.030787582754865383,
            0.0025811295455809334,
            -0.03544907800623547,
            0.009937026488984585,
            0.012914798449479315,
            0.0068299944780451285,
            -0.003832974036015504,
            0.08066811536182603,
            0.04620473473775584,
            0.011920565199119595,
            0.033718031707643356,
            -0.005872052074752252
        ],
        [
            0.05469486346620326,
            -0.020984744823543514,
            -0.02040242742893164,
            -0.19697241066568816,
            -0.05966413631062442,
            -0.3076367905564268,
            -0.06069159668555716,
            -0.011387042689018332,
            0.035274970946509436,
            -0.05026981529784259,
            0.08151238325808458,
            0.028510326006235952,
            0.0068299944780451285,
            0.2562240116484505,
            -0.024568796784162208,
            0.1419488764625209,
            0.11144270289639455,
            -0.016290992033584435,
            -0.033749999199680115,
            0.007840493026793797
        ],
        [
            -0.007184707187990818,
            0.0009712707722641237,
            0.0017227929858947392,
            0.01666477169225179,
            0.004829716994919795,
            0.02699979623439021,
            0.00689604532448714,
            0.0008911006928409306,
            0.007782940939443828,
            0.003712795333500331,
            0.00810137990374288,
            -0.0013134592393868431,
            -0.003832974036015504,
            -0.024568796784162208,
            0.003251887546121811,
            -0.03056344959325802,
            -0.018716297738556213,
            -0.002313813537467483,
            -0.007506077287119921,
            0.00111754029901269
        ],
        [
            -0.0006082337014892115,
            -0.025480239080969712,
            0.0032075557771651074,
            0.025139120333112552,
            0.008705936889844728,
            0.03231473206099908,
            0.018847409827930664,
            -0.0010379851091030224,
            -0.07735502274579592,
            0.002523402466939795,
            -0.04730019727551488,
            0.1487820502696531,
            0.08066811536182603,
            0.1419488764625209,
            -0.03056344959325802,
            0.6000013361422898,
            0.3923581331620977,
            0.05002092523973791,
            0.14894409901943306,
            -0.025409636347347084
        ],
        [
            -0.03498252000839206,
            -0.040316319140353156,
            0.0024172483882404392,
            0.019428436722005976,
            0.004932207503106133,
            0.02295534035364246,
            0.022382557298450505,
            -0.0009840396683342724,
            0.02185264919050221,
            -0.001306045129457443,
            0.07469328072967327,
            0.13960614353471534,
            0.04620473473775584,
            0.11144270289639455,
            -0.018716297738556213,
            0.3923581331620977,
            0.280073248290318,
            0.015492989940355,
            0.05133478051799177,
            -0.008570697706217871
        ],
        [
            -0.008668766424563327,
            -0.004054395764710053,
            0.0018313941563116,
            0.01909781136139047,
            0.006709226092136681,
            0.01456995490143123,
            -0.013417847179306736,
            0.0024784182482753573,
            -0.053210666378738704,
            0.009904998938487763,
            -0.093470866993652,
            -0.022150809862075717,
            0.011920565199119595,
            -0.016290992033584435,
            -0.002313813537467483,
            0.05002092523973791,
            0.015492989940355,
            0.01946859724445776,
            0.052811105763631,
            -0.009246212778326103
        ],
        [
            -0.019036839264323823,
            -0.010234617384540911,
            0.004317379568127414,
            0.04525334266473052,
            0.01625897032202483,
            0.03078931452910742,
            -0.036862850552914606,
            0.006181584909891031,
            -0.14479047893822397,
            0.024853818417688252,
            -0.2503079928592415,
            -0.0563455704638615,
            0.033718031707643356,
            -0.033749999199680115,
            -0.007506077287119921,
            0.14894409901943306,
            0.05133478051799177,
            0.052811105763631,
            0.14380542923787626,
            -0.025110164865087856
        ],
        [
            0.003147349245588657,
            0.0011956324712338205,
            -0.0009268774336208813,
            -0.009504547632859208,
            -0.00332418936587468,
            -0.00837088174140071,
            0.005422302295185084,
            -0.0011253383647704632,
            0.02536823931346806,
            -0.004628347188699422,
            0.0433855153980058,
            0.009441906484866864,
            -0.005872052074752252,
            0.007840493026793797,
            0.00111754029901269,
            -0.025409636347347084,
            -0.008570697706217871,
            -0.009246212778326103,
            -0.025110164865087856,
            0.00440244628932248
        ]
    ]
}