{
    "opt_E": -2.1854478896271314,
    "HF_E": -2.154342146263815,
    "B3LYP_E": -2.1562998098174724,
    "sto-3G_E": -2.1398747271346155,
    "proj": [
        [
            0.5607488264443782,
            0.3500117897657266,
            -0.033931179576458484,
            -0.16410750717145486,
            0.04576742548977362,
            0.01869647514593645,
            0.1726560938845954,
            -0.06454859119203564,
            -0.21468951593974714,
            0.09364452572221367,
            0.02629830655295154,
            0.030903017296354942,
            -0.011916779107383924,
            0.03679447832839996,
            0.013286438468369334,
            -0.0034740139314417594,
            -0.027139383773693338,
            0.0054978145642695375,
            -0.018273635177835233,
            -0.002289815986003035
        ],
        [
            0.3500117897657266,
            0.23286198648957065,
            -0.010706693045134481,
            -0.05927169340496558,
            0.013844568162834222,
            0.09414154527794147,
            0.13648731182167426,
            -0.03269886219686743,
            -0.1298939215919036,
            0.047591419656060376,
            0.027237961837630893,
            0.027974763507725247,
            0.0016610438101171449,
            -0.03007577503771817,
            -0.004411188219831657,
            -0.027506450564319683,
            -0.03176334648521981,
            0.005427872839233792,
            -0.018894500798745266,
            -0.0028879831881428175
        ],
        [
            -0.033931179576458484,
            -0.010706693045134481,
            0.012306552539091627,
            0.05016516795993311,
            -0.017241834257479816,
            0.07188111089856791,
            0.011493216262354321,
            0.012650409649906238,
            0.000997706772031577,
            -0.018954475738097463,
            -0.016573337931229677,
            0.006712325166593901,
            0.001511341669132489,
            -0.036715567401240545,
            -0.008371820446375999,
            0.00831421273191301,
            0.003961078570055077,
            -0.007411236717471496,
            0.018804626385883476,
            0.0047473842749575805
        ],
        [
            -0.16410750717145486,
            -0.05927169340496558,
            0.05016516795993311,
            0.20837072801377002,
            -0.07020082519940127,
            0.29014811156764914,
            0.04422850492254715,
            0.05120784109509474,
            0.03381270456054164,
            -0.07564243922545127,
            -0.031052711382174386,
            0.03704716826330507,
            0.010056498253491532,
            -0.15038255797699207,
            -0.03541811044709281,
            0.03145911817657957,
            0.021499188632349554,
            -0.022019506006477577,
            0.05472817801021761,
            0.0139526341927223
        ],
        [
            0.04576742548977362,
            0.013844568162834222,
            -0.017241834257479816,
            -0.07020082519940127,
            0.024165802657023863,
            -0.10157937292724029,
            -0.016968511087092575,
            -0.017585775033088443,
            -0.0006658075244158112,
            0.026352673069665173,
            0.02293061421635894,
            -0.01006036573573904,
            -0.0019111966515410936,
            0.051184732545038726,
            0.011650904952524964,
            -0.01291581686607708,
            -0.006291921626272186,
            0.010505103950470458,
            -0.026666343182546525,
            -0.006740199686094035
        ],
        [
            0.01869647514593645,
            0.09414154527794147,
            0.07188111089856791,
            0.29014811156764914,
            -0.10157937292724029,
            0.5543450332549537,
            0.19397971786984025,
            0.05275432210804779,
            -0.025524511522118744,
            -0.07708751685551737,
            0.02510227188479893,
            0.10688512674462042,
            0.018737715427777066,
            -0.26194215603748944,
            -0.06065748730153152,
            0.04861760831210957,
            0.029590650135346515,
            -0.02254734115391699,
            0.04996258876066054,
            0.014679985574136498
        ],
        [
            0.1726560938845954,
            0.13648731182167426,
            0.011493216262354321,
            0.04422850492254715,
            -0.016968511087092575,
            0.19397971786984025,
            0.1311032190670727,
            -0.008365802120937571,
            -0.028794877079140035,
            0.014444281206931064,
            0.1026804826580752,
            0.07683337096520722,
            0.007567151218430949,
            -0.07047295450681723,
            -0.01685409984129958,
            0.027619320369087767,
            0.02270920752504298,
            0.010987522511351419,
            -0.03414016069310284,
            -0.0067043094971893195
        ],
        [
            -0.06454859119203564,
            -0.03269886219686743,
            0.012650409649906238,
            0.05120784109509474,
            -0.017585775033088443,
            0.05275432210804779,
            -0.008365802120937571,
            0.01656878840761242,
            3.403404026888518e-05,
            -0.025384263046813637,
            -0.04522067183875553,
            -0.008140781128082638,
            0.0001591189335550815,
            -0.03263617900604659,
            -0.007088939728026383,
            0.002795874698669726,
            -0.002141795651966664,
            -0.012128319650195155,
            0.03199742998059804,
            0.007727165126061944
        ],
        [
            -0.21468951593974714,
            -0.1298939215919036,
            0.000997706772031577,
            0.03381270456054164,
            -0.0006658075244158112,
            -0.025524511522118744,
            -0.028794877079140035,
            3.403404026888518e-05,
            0.22939715079723713,
            0.008012762169173331,
            0.2652959235355733,
            0.06281509126553074,
            0.03237886479327994,
            -0.01382703225481716,
            -0.011787076359864297,
            -0.037968875140420195,
            0.02759405706000757,
            0.06209598359704107,
            -0.1663394372828876,
            -0.04106735168313518
        ],
        [
            0.09364452572221367,
            0.047591419656060376,
            -0.018954475738097463,
            -0.07564243922545127,
            0.026352673069665173,
            -0.07708751685551737,
            0.014444281206931064,
            -0.025384263046813637,
            0.008012762169173331,
            0.03923346052458777,
            0.08117997045983412,
            0.01683478803914457,
            0.0009253144686753067,
            0.048200550513332344,
            0.010117265493566,
            -0.0037542436835777595,
            0.005661701249293883,
            0.020909850502580214,
            -0.05534128940871957,
            -0.013364821594653764
        ],
        [
            0.02629830655295154,
            0.027237961837630893,
            -0.016573337931229677,
            -0.031052711382174386,
            0.02293061421635894,
            0.02510227188479893,
            0.1026804826580752,
            -0.04522067183875553,
            0.2652959235355733,
            0.08117997045983412,
            0.5406755589181996,
            0.18748690449644465,
            0.038214926360382984,
            0.017074678393579325,
            -0.008315390077051846,
            0.0291409806634516,
            0.0987329114758899,
            0.11109595519154708,
            -0.29974758532475426,
            -0.07208385054536694
        ],
        [
            0.030903017296354942,
            0.027974763507725247,
            0.006712325166593901,
            0.03704716826330507,
            -0.01006036573573904,
            0.10688512674462042,
            0.07683337096520722,
            -0.008140781128082638,
            0.06281509126553074,
            0.01683478803914457,
            0.18748690449644465,
            0.12808693750403197,
            -0.011391251848731793,
            0.028013614072190208,
            0.0036032370501469734,
            0.17430070087115448,
            0.13550712957308678,
            0.015258534427540289,
            -0.04079466593485891,
            -0.009073357810215035
        ],
        [
            -0.011916779107383924,
            0.0016610438101171449,
            0.001511341669132489,
            0.010056498253491532,
            -0.0019111966515410936,
            0.018737715427777066,
            0.007567151218430949,
            0.0001591189335550815,
            0.03237886479327994,
            0.0009253144686753067,
            0.038214926360382984,
            -0.011391251848731793,
            0.019990120882829886,
            -0.048570938670897464,
            -0.012892572989308473,
            -0.09049841705561328,
            -0.05052283970549541,
            0.018072103487970115,
            -0.050467509307516124,
            -0.012225143309357483
        ],
        [
            0.03679447832839996,
            -0.03007577503771817,
            -0.036715567401240545,
            -0.15038255797699207,
            0.051184732545038726,
            -0.26194215603748944,
            -0.07047295450681723,
            -0.03263617900604659,
            -0.01382703225481716,
            0.048200550513332344,
            0.017074678393579325,
            0.028013614072190208,
            -0.048570938670897464,
            0.22926461164366274,
            0.05448511576830366,
            0.21099010262168116,
            0.1349058281368613,
            -0.010708568261208378,
            0.03740707229276314,
            0.008183528272320776
        ],
        [
            0.013286438468369334,
            -0.004411188219831657,
            -0.008371820446375999,
            -0.03541811044709281,
            0.011650904952524964,
            -0.06065748730153152,
            -0.01685409984129958,
            -0.007088939728026383,
            -0.011787076359864297,
            0.010117265493566,
            -0.008315390077051846,
            0.0036032370501469734,
            -0.012892572989308473,
            0.05448511576830366,
            0.013296551087539535,
            0.051965573815601726,
            0.031085051415565695,
            -0.00546547749726244,
            0.016735562170169475,
            0.003863347756124022
        ],
        [
            -0.0034740139314417594,
            -0.027506450564319683,
            0.00831421273191301,
            0.03145911817657957,
            -0.01291581686607708,
            0.04861760831210957,
            0.027619320369087767,
            0.002795874698669726,
            -0.037968875140420195,
            -0.0037542436835777595,
            0.0291409806634516,
            0.17430070087115448,
            -0.09049841705561328,
            0.21099010262168116,
            0.051965573815601726,
            0.5463435017704074,
            0.34717718800671843,
            -0.060085700844159096,
            0.16956618426883174,
            0.04166316403389841
        ],
        [
            -0.027139383773693338,
            -0.03176334648521981,
            0.003961078570055077,
            0.021499188632349554,
            -0.006291921626272186,
            0.029590650135346515,
            0.02270920752504298,
            -0.002141795651966664,
            0.02759405706000757,
            0.005661701249293883,
            0.0987329114758899,
            0.13550712957308678,
            -0.05052283970549541,
            0.1349058281368613,
            0.031085051415565695,
            0.34717718800671843,
            0.2340663421669021,
            -0.021000119629176747,
            0.06158651373502104,
            0.015239986460203208
        ],
        [
            0.0054978145642695375,
            0.005427872839233792,
            -0.007411236717471496,
            -0.022019506006477577,
            0.010505103950470458,
            -0.02254734115391699,
            0.010987522511351419,
            -0.012128319650195155,
            0.06209598359704107,
            0.020909850502580214,
            0.11109595519154708,
            0.015258534427540289,
            0.018072103487970115,
            -0.010708568261208378,
            -0.00546547749726244,
            -0.060085700844159096,
            -0.021000119629176747,
            0.031720755341474186,
            -0.08602935613447234,
            -0.02089868508984504
        ],
        [
            -0.018273635177835233,
            -0.018894500798745266,
            0.018804626385883476,
            0.05472817801021761,
            -0.026666343182546525,
            0.04996258876066054,
            -0.03414016069310284,
            0.03199742998059804,
            -0.1663394372828876,
            -0.05534128940871957,
            -0.29974758532475426,
            -0.04079466593485891,
            -0.050467509307516124,
            0.03740707229276314,
            0.016735562170169475,
            0.16956618426883174,
            0.06158651373502104,
            -0.08602935613447234,
            0.23367221854119619,
            0.05670796793987684
        ],
        [
            -0.002289815986003035,
            -0.0028879831881428175,
            0.0047473842749575805,
            0.0139526341927223,
            -0.006740199686094035,
            0.014679985574136498,
            -0.0067043094971893195,
            0.007727165126061944,
            -0.04106735168313518,
            -0.013364821594653764,
            -0.07208385054536694,
            -0.009073357810215035,
            -0.012225143309357483,
            0.008183528272320776,
            0.003863347756124022,
            0.04166316403389841,
            0.015239986460203208,
            -0.02089868508984504,
            0.05670796793987684,
            0.013781853948458727
        ]
    ]
}