{
    "opt_E": -2.199163553502078,
    "HF_E": -2.167740362061384,
    "B3LYP_E": -2.1699546658462974,
    "sto-3G_E": -2.1495656984663536,
    "proj": [
        [
            0.5564057270925096,
            0.3497773025156796,
            -0.01158997420520859,
            -0.16933618809962311,
            0.047895067890957536,
            0.021012290402269172,
            0.17379067005457127,
            -0.01246702491609996,
            -0.2212449783829408,
            0.09507141562351192,
            0.029047501636049897,
            0.03119608505542145,
            0.0007908205758621043,
            0.03877315315274801,
            0.004770947614802105,
            -0.0010418346477084777,
            -0.03199211148944811,
            0.002104142517161336,
            -0.013522270456659024,
            0.005254591531688368
        ],
        [
            0.3497773025156796,
            0.23450385900720716,
            -0.004366458309265932,
            -0.06009958431932658,
            0.014205178258773911,
            0.09762917998668748,
            0.13648102892175437,
            -0.007622907198284211,
            -0.13419345056661483,
            0.050051097982015215,
            0.02584951631011733,
            0.027612900784998312,
            -0.003146222285837479,
            -0.027851312100100747,
            -0.004671840175450789,
            -0.028824860457194363,
            -0.03639808031292624,
            0.0012714425178145458,
            -0.014023572714229644,
            0.003623972729354753
        ],
        [
            -0.01158997420520859,
            -0.004366458309265932,
            0.0009262502906404288,
            0.014470132062912698,
            -0.004789263134149439,
            0.018986298514136118,
            0.0022335601239693533,
            4.065916086240579e-05,
            0.003402558729247855,
            -0.004694349273634488,
            -0.0026772034905968964,
            0.0019250024205366056,
            -0.0014050575198352212,
            -0.0103247508755073,
            -0.0030448563361188175,
            0.0008123851019736289,
            0.0009200061160862,
            -0.0004395851555188433,
            0.0030475234461957894,
            -0.0009417780705293941
        ],
        [
            -0.16933618809962311,
            -0.06009958431932658,
            0.014470132062912698,
            0.226464455018585,
            -0.0751714573586379,
            0.3042794120312884,
            0.04123047843252133,
            0.0003223889989460886,
            0.048337957259264513,
            -0.07210326267420093,
            -0.04035885568943775,
            0.0340744651926875,
            -0.022668940226666646,
            -0.16153345025216323,
            -0.04910342288999647,
            0.01923407571667238,
            0.01809716678803792,
            -0.00703599068553475,
            0.04927526887576906,
            -0.015066832658427223
        ],
        [
            0.047895067890957536,
            0.014205178258773911,
            -0.004789263134149439,
            -0.0751714573586379,
            0.02516718341300412,
            -0.10512689062435425,
            -0.016464483292578064,
            0.00042370387420045567,
            -0.00986103494586896,
            0.02378994483351199,
            0.01898231213909144,
            -0.010325749059251947,
            0.00808499168255427,
            0.055225487588058536,
            0.0173687158794723,
            -0.006682869574207938,
            -0.004705040936361068,
            0.002688512261742454,
            -0.01966307642894801,
            0.00581010508630725
        ],
        [
            0.021012290402269172,
            0.09762917998668748,
            0.018986298514136118,
            0.3042794120312884,
            -0.10512689062435425,
            0.561118384117965,
            0.18841666859629203,
            -0.0029167287391170197,
            -0.009184484651491244,
            -0.06490573297721805,
            0.01493317268443511,
            0.10374565605637356,
            -0.03653934045214772,
            -0.2654288431884776,
            -0.07842673816450414,
            0.0298420580080246,
            0.02343916420067067,
            -0.007537575962664802,
            0.042957850632169926,
            -0.014844743753481422
        ],
        [
            0.17379067005457127,
            0.13648102892175437,
            0.0022335601239693533,
            0.04123047843252133,
            -0.016464483292578064,
            0.18841666859629203,
            0.1310704381098089,
            0.0004588580994980851,
            -0.02421655161433285,
            0.020686471618616635,
            0.11270397300693445,
            0.08337865292657069,
            -0.007301108923246527,
            -0.06125912175054544,
            -0.016320689371606124,
            0.02668197024640119,
            0.026341870226431533,
            0.0031116890711199835,
            -0.03683605384732083,
            0.0083863699041676
        ],
        [
            -0.01246702491609996,
            -0.007622907198284211,
            4.065916086240579e-05,
            0.0003223889989460886,
            0.00042370387420045567,
            -0.0029167287391170197,
            0.0004588580994980851,
            0.0019909015176668137,
            0.019851476635030525,
            0.002241858857090346,
            0.030150387867222288,
            0.008190979782922419,
            0.0020274947092174373,
            0.00018229637458109827,
            0.003878320862099339,
            -0.005899767278410347,
            0.002257909031995315,
            0.001793227034192747,
            -0.01758122201813015,
            0.004212904315351897
        ],
        [
            -0.2212449783829408,
            -0.13419345056661483,
            0.003402558729247855,
            0.048337957259264513,
            -0.00986103494586896,
            -0.009184484651491244,
            -0.02421655161433285,
            0.019851476635030525,
            0.2183409324425627,
            -0.0020030930792247245,
            0.2588733471089721,
            0.06974329961792451,
            0.01618397694951608,
            -0.015399749460676905,
            0.029952773731278214,
            -0.048752496553518265,
            0.028183647200129048,
            0.014970526390908451,
            -0.14928405069264705,
            0.03521269358014388
        ],
        [
            0.09507141562351192,
            0.050051097982015215,
            -0.004694349273634488,
            -0.07210326267420093,
            0.02378994483351199,
            -0.06490573297721805,
            0.020686471618616635,
            0.002241858857090346,
            -0.0020030930792247245,
            0.0347382946879234,
            0.0795295106399604,
            0.020097570805238787,
            0.008554391566512425,
            0.04453768984896694,
            0.01778850687369285,
            -0.003456118547824866,
            0.005015873356132996,
            0.005396661731130053,
            -0.047207204920123876,
            0.012427385095894054
        ],
        [
            0.029047501636049897,
            0.02584951631011733,
            -0.0026772034905968964,
            -0.04035885568943775,
            0.01898231213909144,
            0.01493317268443511,
            0.11270397300693445,
            0.030150387867222288,
            0.2588733471089721,
            0.0795295106399604,
            0.5769312372796006,
            0.2053173225482194,
            0.029716489329966074,
            0.029040419277930534,
            0.05568111518625446,
            -0.013006976778615644,
            0.09011461744836886,
            0.031289912003107746,
            -0.3027894093736088,
            0.07393508724972152
        ],
        [
            0.03119608505542145,
            0.027612900784998312,
            0.0019250024205366056,
            0.0340744651926875,
            -0.010325749059251947,
            0.10374565605637356,
            0.08337865292657069,
            0.008190979782922419,
            0.06974329961792451,
            0.020097570805238787,
            0.2053173225482194,
            0.13843265956409598,
            -0.003932614380488534,
            0.02762791065239909,
            -0.012423417791417505,
            0.16562586547350125,
            0.14044932200690236,
            0.005659519630230178,
            -0.05234400292538347,
            0.01391135621481734
        ],
        [
            0.0007908205758621043,
            -0.003146222285837479,
            -0.0014050575198352212,
            -0.022668940226666646,
            0.00808499168255427,
            -0.03653934045214772,
            -0.007301108923246527,
            0.0020274947092174373,
            0.01618397694951608,
            0.008554391566512425,
            0.029716489329966074,
            -0.003932614380488534,
            0.005352717095937017,
            0.008763153126052569,
            0.01127057168922369,
            -0.030369894514359723,
            -0.014567437996222236,
            0.0028454300956867675,
            -0.026779151361874108,
            0.006524279892677921
        ],
        [
            0.03877315315274801,
            -0.027851312100100747,
            -0.0103247508755073,
            -0.16153345025216323,
            0.055225487588058536,
            -0.2654288431884776,
            -0.06125912175054544,
            0.00018229637458109827,
            -0.015399749460676905,
            0.04453768984896694,
            0.029040419277930534,
            0.02762791065239909,
            0.008763153126052569,
            0.21409021677299903,
            0.016958056253289756,
            0.2019802657991742,
            0.13060511435794578,
            0.0002973012966224709,
            0.02181301413576207,
            -0.000674285661187178
        ],
        [
            0.004770947614802105,
            -0.004671840175450789,
            -0.0030448563361188175,
            -0.04910342288999647,
            0.0173687158794723,
            -0.07842673816450414,
            -0.016320689371606124,
            0.003878320862099339,
            0.029952773731278214,
            0.01778850687369285,
            0.05568111518625446,
            -0.012423417791417505,
            0.01127057168922369,
            0.016958056253289756,
            0.02389038269060905,
            -0.0693200806882091,
            -0.03552920404161302,
            0.005775716052102648,
            -0.05442511781496451,
            0.013221796428223555
        ],
        [
            -0.0010418346477084777,
            -0.028824860457194363,
            0.0008123851019736289,
            0.01923407571667238,
            -0.006682869574207938,
            0.0298420580080246,
            0.02668197024640119,
            -0.005899767278410347,
            -0.048752496553518265,
            -0.003456118547824866,
            -0.013006976778615644,
            0.16562586547350125,
            -0.030369894514359723,
            0.2019802657991742,
            -0.0693200806882091,
            0.5745498546699803,
            0.3665067897865534,
            -0.015165147272920228,
            0.17093122029673016,
            -0.035631805439410025
        ],
        [
            -0.03199211148944811,
            -0.03639808031292624,
            0.0009200061160862,
            0.01809716678803792,
            -0.004705040936361068,
            0.02343916420067067,
            0.026341870226431533,
            0.002257909031995315,
            0.028183647200129048,
            0.005015873356132996,
            0.09011461744836886,
            0.14044932200690236,
            -0.014567437996222236,
            0.13060511435794578,
            -0.03552920404161302,
            0.3665067897865534,
            0.25297984583496613,
            -0.004468061156702783,
            0.0581335067905379,
            -0.010430297662894864
        ],
        [
            0.002104142517161336,
            0.0012714425178145458,
            -0.0004395851555188433,
            -0.00703599068553475,
            0.002688512261742454,
            -0.007537575962664802,
            0.0031116890711199835,
            0.001793227034192747,
            0.014970526390908451,
            0.005396661731130053,
            0.031289912003107746,
            0.005659519630230178,
            0.0028454300956867675,
            0.0002973012966224709,
            0.005775716052102648,
            -0.015165147272920228,
            -0.004468061156702783,
            0.002165205978455936,
            -0.021125770947191265,
            0.00507123923124074
        ],
        [
            -0.013522270456659024,
            -0.014023572714229644,
            0.0030475234461957894,
            0.04927526887576906,
            -0.01966307642894801,
            0.042957850632169926,
            -0.03683605384732083,
            -0.01758122201813015,
            -0.14928405069264705,
            -0.047207204920123876,
            -0.3027894093736088,
            -0.05234400292538347,
            -0.026779151361874108,
            0.02181301413576207,
            -0.05442511781496451,
            0.17093122029673016,
            0.0581335067905379,
            -0.021125770947191265,
            0.20898903353687656,
            -0.04963748409048727
        ],
        [
            0.005254591531688368,
            0.003623972729354753,
            -0.0009417780705293941,
            -0.015066832658427223,
            0.00581010508630725,
            -0.014844743753481422,
            0.0083863699041676,
            0.004212904315351897,
            0.03521269358014388,
            0.012427385095894054,
            0.07393508724972152,
            0.01391135621481734,
            0.006524279892677921,
            -0.000674285661187178,
            0.013221796428223555,
            -0.035631805439410025,
            -0.010430297662894864,
            0.00507123923124074,
            -0.04963748409048727,
            0.011892420878606296
        ]
    ]
}