{
    "opt_E": -2.172348847267868,
    "HF_E": -2.1402561647843963,
    "B3LYP_E": -2.142799021107391,
    "sto-3G_E": -2.118261269581797,
    "proj": [
        [
            0.5538426770421732,
            0.35965418967045204,
            -0.0150202720386862,
            -0.17723205016859714,
            0.034234272833389104,
            0.02310115452471301,
            0.1714379890669638,
            -0.03720060400312124,
            -0.2068384800396905,
            0.04646753745770279,
            0.04928240836623699,
            0.02734911906150587,
            0.007577603447143261,
            0.057194468841294595,
            0.0006932309598386685,
            -0.0007943945838682506,
            -0.03584593510143888,
            -0.011258013406346586,
            -0.026916874218929767,
            -0.006960892389318399
        ],
        [
            0.35965418967045204,
            0.2459433284822635,
            -0.0047302022831584465,
            -0.07119696206472245,
            0.013491780884702901,
            0.0880226570264715,
            0.13270874892440757,
            -0.021405953869867902,
            -0.13842676000568768,
            0.027538230491952406,
            0.03314367993343935,
            0.021651119792653342,
            0.005010780344796725,
            -0.018453408912917545,
            0.003358416855804305,
            -0.03066121062195798,
            -0.04227518729867327,
            -0.006680967289960532,
            -0.01903806113846058,
            -0.0037349665989468437
        ],
        [
            -0.0150202720386862,
            -0.0047302022831584465,
            0.002827703968208353,
            0.0260126565171023,
            -0.005140613781080974,
            0.03473630995502204,
            0.006395526420333234,
            0.0022757707456922123,
            0.002506696375035476,
            -0.002287427928358749,
            -6.533562545926092e-05,
            0.005983447946348575,
            0.0020813999280874787,
            -0.022971798657259374,
            0.002796974964887115,
            0.0016575969398017684,
            0.0025577164390367174,
            0.001737434407155127,
            0.0038614562901088164,
            0.001244057936831139
        ],
        [
            -0.17723205016859714,
            -0.07119696206472245,
            0.0260126565171023,
            0.24449559641863747,
            -0.04846939817367458,
            0.30010026809742274,
            0.03585585156049829,
            0.024775182756013817,
            0.019661655100693023,
            -0.021917240381038424,
            -0.037048137394817174,
            0.039889028311972836,
            0.020697115399585988,
            -0.20929415553988284,
            0.02731406087336342,
            0.01894080251227889,
            0.023018774230155865,
            0.02221201711029893,
            0.05319261320598536,
            0.015204150804127655
        ],
        [
            0.034234272833389104,
            0.013491780884702901,
            -0.005140613781080974,
            -0.04846939817367458,
            0.009634336828283803,
            -0.05938604482200732,
            -0.006731138777125452,
            -0.00505241445345271,
            -0.0014611608990570328,
            0.004066541916902754,
            0.010855394238121367,
            -0.006669060018291783,
            -0.0043825073410265975,
            0.04202770767273438,
            -0.005690352740344206,
            -0.003659593373225638,
            -0.003867640284346843,
            -0.005017009225178205,
            -0.012260535771291233,
            -0.003392949046455931
        ],
        [
            0.02310115452471301,
            0.0880226570264715,
            0.03473630995502204,
            0.30010026809742274,
            -0.05938604482200732,
            0.520540387840671,
            0.17618662476662506,
            0.014804799438811647,
            -0.03141379393938946,
            -0.015274658686459807,
            0.05985267418246342,
            0.11439362296337824,
            0.031273057074251924,
            -0.3036530334038793,
            0.038518505051214125,
            0.027582631210793813,
            0.030409431512173447,
            0.013817351363074425,
            0.026241776847652644,
            0.011033281832048655
        ],
        [
            0.1714379890669638,
            0.13270874892440757,
            0.006395526420333234,
            0.03585585156049829,
            -0.006731138777125452,
            0.17618662476662506,
            0.1238402954769117,
            -0.011369588606258701,
            -0.020212432620183074,
            0.004107356462613387,
            0.12349703437376446,
            0.08103578053314821,
            0.007728053237354644,
            -0.05883193288591506,
            0.00701166113857803,
            0.026483829816788727,
            0.02525202202475715,
            -0.013539974169762289,
            -0.03955618640919539,
            -0.007585643243976997
        ],
        [
            -0.03720060400312124,
            -0.021405953869867902,
            0.0022757707456922123,
            0.024775182756013817,
            -0.00505241445345271,
            0.014804799438811647,
            -0.011369588606258701,
            0.004771458069794916,
            -0.0048813520733805415,
            -0.0019591478538556013,
            -0.032022059286587884,
            -0.008763585487582121,
            0.0029194964359110015,
            -0.019347768271491757,
            0.0036630838951220625,
            0.0008850824554184892,
            -0.001495776370639247,
            0.006690956482998332,
            0.01794185449215627,
            0.004215449295164485
        ],
        [
            -0.2068384800396905,
            -0.13842676000568768,
            0.002506696375035476,
            0.019661655100693023,
            -0.0014611608990570328,
            -0.03141379393938946,
            -0.020212432620183074,
            -0.0048813520733805415,
            0.2706880117113898,
            -0.035321992813505475,
            0.29431866173090104,
            0.07525555686494322,
            -0.03849253058170232,
            0.03179090014179254,
            -0.0334534281904881,
            -0.06378265186635777,
            0.02108796251491079,
            -0.05795413597256136,
            -0.16539153401463447,
            -0.03585716994213882
        ],
        [
            0.04646753745770279,
            0.027538230491952406,
            -0.002287427928358749,
            -0.021917240381038424,
            0.004066541916902754,
            -0.015274658686459807,
            0.004107356462613387,
            -0.0019591478538556013,
            -0.035321992813505475,
            0.006334566880087435,
            -0.027660321938190978,
            -0.008585064148714119,
            0.0035848896207803134,
            0.012857759249190408,
            0.0022300954547037235,
            0.010079624716749313,
            -0.0015732364353735926,
            0.004809039403695693,
            0.014684582159336176,
            0.002875978143906576
        ],
        [
            0.04928240836623699,
            0.03314367993343935,
            -6.533562545926092e-05,
            -0.037048137394817174,
            0.010855394238121367,
            0.05985267418246342,
            0.12349703437376446,
            -0.032022059286587884,
            0.29431866173090104,
            -0.027660321938190978,
            0.5414827106493153,
            0.1931847020236994,
            -0.04064139066772794,
            0.06819392134183333,
            -0.040417105495590945,
            -0.011210968856622715,
            0.07589200736513362,
            -0.09589862803986704,
            -0.2686914723324748,
            -0.058997752683003356
        ],
        [
            0.02734911906150587,
            0.021651119792653342,
            0.005983447946348575,
            0.039889028311972836,
            -0.006669060018291783,
            0.11439362296337824,
            0.08103578053314821,
            -0.008763585487582121,
            0.07525555686494322,
            -0.008585064148714119,
            0.1931847020236994,
            0.13185961883244338,
            0.015145051823518284,
            0.022464634191118407,
            0.008083604525272667,
            0.1638221150250668,
            0.13742307543461893,
            -0.017249741430828296,
            -0.043255309000111875,
            -0.010335959203897571
        ],
        [
            0.007577603447143261,
            0.005010780344796725,
            0.0020813999280874787,
            0.020697115399585988,
            -0.0043825073410265975,
            0.031273057074251924,
            0.007728053237354644,
            0.0029194964359110015,
            -0.03849253058170232,
            0.0035848896207803134,
            -0.04064139066772794,
            0.015145051823518284,
            0.017269195519458193,
            0.001270639753705189,
            0.01343471916627475,
            0.08428870621292715,
            0.04857826200373869,
            0.015138776345970158,
            0.045283947069977445,
            0.009396975051188751
        ],
        [
            0.057194468841294595,
            -0.018453408912917545,
            -0.022971798657259374,
            -0.20929415553988284,
            0.04202770767273438,
            -0.3036530334038793,
            -0.05883193288591506,
            -0.019347768271491757,
            0.03179090014179254,
            0.012857759249190408,
            0.06819392134183333,
            0.022464634191118407,
            0.001270639753705189,
            0.2667007684013175,
            -0.013643308180036453,
            0.17094293177787673,
            0.11614525542412645,
            -0.012546386654559998,
            -0.018539647438019693,
            -0.009477104375260403
        ],
        [
            0.0006932309598386685,
            0.003358416855804305,
            0.002796974964887115,
            0.02731406087336342,
            -0.005690352740344206,
            0.038518505051214125,
            0.00701166113857803,
            0.0036630838951220625,
            -0.0334534281904881,
            0.0022300954547037235,
            -0.040417105495590945,
            0.008083604525272667,
            0.01343471916627475,
            -0.013643308180036453,
            0.011314978519681208,
            0.055144500238912667,
            0.030060824503320843,
            0.013198955166928483,
            0.038285955104023134,
            0.00827361376567575
        ],
        [
            -0.0007943945838682506,
            -0.03066121062195798,
            0.0016575969398017684,
            0.01894080251227889,
            -0.003659593373225638,
            0.027582631210793813,
            0.026483829816788727,
            0.0008850824554184892,
            -0.06378265186635777,
            0.010079624716749313,
            -0.011210968856622715,
            0.1638221150250668,
            0.08428870621292715,
            0.17094293177787673,
            0.055144500238912667,
            0.5765148593161593,
            0.3774371254764373,
            0.047830105275231564,
            0.15900723977452222,
            0.02892876600723876
        ],
        [
            -0.03584593510143888,
            -0.04227518729867327,
            0.0025577164390367174,
            0.023018774230155865,
            -0.003867640284346843,
            0.030409431512173447,
            0.02525202202475715,
            -0.001495776370639247,
            0.02108796251491079,
            -0.0015732364353735926,
            0.07589200736513362,
            0.13742307543461893,
            0.04857826200373869,
            0.11614525542412645,
            0.030060824503320843,
            0.3774371254764373,
            0.2632911105251643,
            0.017101928961707324,
            0.06387476160447403,
            0.010219468215953624
        ],
        [
            -0.011258013406346586,
            -0.006680967289960532,
            0.001737434407155127,
            0.02221201711029893,
            -0.005017009225178205,
            0.013817351363074425,
            -0.013539974169762289,
            0.006690956482998332,
            -0.05795413597256136,
            0.004809039403695693,
            -0.09589862803986704,
            -0.017249741430828296,
            0.015138776345970158,
            -0.012546386654559998,
            0.013198955166928483,
            0.047830105275231564,
            0.017101928961707324,
            0.021606163447692516,
            0.061902108707916334,
            0.013363952606597673
        ],
        [
            -0.026916874218929767,
            -0.01903806113846058,
            0.0038614562901088164,
            0.05319261320598536,
            -0.012260535771291233,
            0.026241776847652644,
            -0.03955618640919539,
            0.01794185449215627,
            -0.16539153401463447,
            0.014684582159336176,
            -0.2686914723324748,
            -0.043255309000111875,
            0.045283947069977445,
            -0.018539647438019693,
            0.038285955104023134,
            0.15900723977452222,
            0.06387476160447403,
            0.061902108707916334,
            0.1787633113202546,
            0.038192310457593824
        ],
        [
            -0.006960892389318399,
            -0.0037349665989468437,
            0.001244057936831139,
            0.015204150804127655,
            -0.003392949046455931,
            0.011033281832048655,
            -0.007585643243976997,
            0.004215449295164485,
            -0.03585716994213882,
            0.002875978143906576,
            -0.058997752683003356,
            -0.010335959203897571,
            0.009396975051188751,
            -0.009477104375260403,
            0.00827361376567575,
            0.02892876600723876,
            0.010219468215953624,
            0.013363952606597673,
            0.038192310457593824,
            0.008278920750092351
        ]
    ]
}