{
    "opt_E": -2.213421841720092,
    "HF_E": -2.1827589779060914,
    "B3LYP_E": -2.1845771095219697,
    "sto-3G_E": -2.1727382656272654,
    "proj": [
        [
            0.5717552816127387,
            0.35429519052222896,
            0.02113406539184915,
            -0.16856932725419468,
            -0.04309446598980529,
            -0.005128737673511828,
            0.16877385966384048,
            0.0285944091310992,
            -0.22182174669187307,
            -0.08052080874237491,
            0.02349112323333432,
            0.02788892212990036,
            -0.0020114616180021004,
            0.034656371773255354,
            -0.009721027111476158,
            -0.003492407640250172,
            -0.024928567996760798,
            -0.001560463192084958,
            -0.016959863553470803,
            -0.006059220971184973
        ],
        [
            0.35429519052222896,
            0.2399513140204706,
            0.006389165387420948,
            -0.05075520494875952,
            -0.011400349280943786,
            0.10156251365168627,
            0.14304604922915246,
            0.016035081867213242,
            -0.13145163314740255,
            -0.03836438355154498,
            0.01967947210749575,
            0.028695095951645745,
            0.0030360090998960265,
            -0.03266732677453465,
            0.006278526274919321,
            -0.02897763981373127,
            -0.02907357394925688,
            -0.0007243979859964075,
            -0.01715205164255676,
            -0.003308334621834536
        ],
        [
            0.02113406539184915,
            0.006389165387420948,
            0.0033159738312465922,
            -0.02648735977434138,
            -0.007589199228553207,
            -0.03879329752637711,
            -0.00703270592686667,
            0.0011882751277663818,
            -0.0062523786043816205,
            -0.00858601520376902,
            0.006779274240202552,
            -0.0038424916637047955,
            -0.0024728488438672523,
            0.014652327700979496,
            -0.007044173559437559,
            -0.001264496014349825,
            -0.0011277816270696187,
            -0.0007378871362511381,
            -0.007130747484390005,
            -0.0020776894219638217
        ],
        [
            -0.16856932725419468,
            -0.05075520494875952,
            -0.02648735977434138,
            0.21165450765854185,
            0.060563022640130644,
            0.3108671426746487,
            0.05765476913047942,
            -0.009740514224205559,
            0.05221765934172195,
            0.06772766994450857,
            -0.04798461938235136,
            0.03365985695969649,
            0.019637221472379434,
            -0.11674552915996597,
            0.05604528649349841,
            0.012876524849203179,
            0.011630397372894554,
            0.005698070247038959,
            0.05424443467783049,
            0.016029222154617502
        ],
        [
            -0.04309446598980529,
            -0.011400349280943786,
            -0.007589199228553207,
            0.060563022640130644,
            0.017571998983782783,
            0.09076202473048574,
            0.017322044146293143,
            -0.0020744638505671865,
            0.008740424028014244,
            0.020411826595735757,
            -0.02295243674543903,
            0.008167059690543356,
            0.006283395225250041,
            -0.030839460954489493,
            0.0176995778172055,
            0.007175832160731647,
            0.003686529919135121,
            0.002127263335603993,
            0.022642043211506674,
            0.005991132903239094
        ],
        [
            -0.005128737673511828,
            0.10156251365168627,
            -0.03879329752637711,
            0.3108671426746487,
            0.09076202473048574,
            0.5981887521389329,
            0.21635373923497228,
            -0.005679335891973308,
            0.0029604301280055463,
            0.07568636391691186,
            -0.015408074624795867,
            0.10297532377936235,
            0.034100036706024406,
            -0.21147860377596814,
            0.09631849403733789,
            0.028265812562262797,
            0.021922783116804914,
            0.007461275955983084,
            0.05764047790591517,
            0.019900742748094127
        ],
        [
            0.16877385966384048,
            0.14304604922915246,
            -0.00703270592686667,
            0.05765476913047942,
            0.017322044146293143,
            0.21635373923497228,
            0.143788935336501,
            0.002631882109818388,
            -0.029593920982695695,
            -0.010316120660519325,
            0.09070315906393162,
            0.08133607992586901,
            0.008666698282135666,
            -0.06586397472704884,
            0.024836302974040384,
            0.03243889515993452,
            0.028493149513897646,
            -0.0011187414604269378,
            -0.03064630728034563,
            -0.004241248965269599
        ],
        [
            0.0285944091310992,
            0.016035081867213242,
            0.0011882751277663818,
            -0.009740514224205559,
            -0.0020744638505671865,
            -0.005679335891973308,
            0.002631882109818388,
            0.002691380498214454,
            -0.02202962413731524,
            -0.0006612451326774125,
            -0.023974855520133558,
            -0.00650565253970404,
            0.0009300135251141674,
            0.008871915875907185,
            0.001958722683194222,
            0.003697968661884423,
            -0.003069135093422199,
            0.0010519446774928576,
            0.015824727983751213,
            0.0029502265014030847
        ],
        [
            -0.22182174669187307,
            -0.13145163314740255,
            -0.0062523786043816205,
            0.05221765934172195,
            0.008740424028014244,
            0.0029604301280055463,
            -0.029593920982695695,
            -0.02202962413731524,
            0.1849452317476731,
            -0.005520200561417956,
            0.22246556148509233,
            0.057399669028931656,
            -0.010816886433680556,
            -0.054102065653971645,
            -0.024746987685022225,
            -0.021648302370667047,
            0.03327756120591527,
            -0.010014698271464645,
            -0.1452762050805485,
            -0.028105984617001402
        ],
        [
            -0.08052080874237491,
            -0.03836438355154498,
            -0.00858601520376902,
            0.06772766994450857,
            0.020411826595735757,
            0.07568636391691186,
            -0.010316120660519325,
            -0.0006612451326774125,
            -0.005520200561417956,
            0.03468584550536614,
            -0.09357361696894312,
            -0.01996622494022506,
            0.008564754593408792,
            -0.021287622127774165,
            0.02316251543568082,
            0.0023943357714550284,
            -0.008895175902362048,
            0.0049724213583183935,
            0.06365883337832637,
            0.014297993088377496
        ],
        [
            0.02349112323333432,
            0.01967947210749575,
            0.006779274240202552,
            -0.04798461938235136,
            -0.02295243674543903,
            -0.015408074624795867,
            0.09070315906393162,
            -0.023974855520133558,
            0.22246556148509233,
            -0.09357361696894312,
            0.563860821556352,
            0.19433906970841486,
            -0.02483496776706441,
            -0.03718300475241646,
            -0.060256733521513395,
            0.04886530406780937,
            0.1178287440489696,
            -0.02367381149115949,
            -0.33162039739443266,
            -0.0679654574233644
        ],
        [
            0.02788892212990036,
            0.028695095951645745,
            -0.0038424916637047955,
            0.03365985695969649,
            0.008167059690543356,
            0.10297532377936235,
            0.08133607992586901,
            -0.00650565253970404,
            0.057399669028931656,
            -0.01996622494022506,
            0.19433906970841486,
            0.132175132664378,
            0.003951124703275382,
            0.029144379097994024,
            0.014107014129924277,
            0.17722755913283106,
            0.13536237853749247,
            -0.0034160777894835484,
            -0.047471127612041676,
            -0.010227275027161612
        ],
        [
            -0.0020114616180021004,
            0.0030360090998960265,
            -0.0024728488438672523,
            0.019637221472379434,
            0.006283395225250041,
            0.034100036706024406,
            0.008666698282135666,
            0.0009300135251141674,
            -0.010816886433680556,
            0.008564754593408792,
            -0.02483496776706441,
            0.003951124703275382,
            0.003900680995933909,
            0.001165018484819751,
            0.010552170319206742,
            0.021951882581026424,
            0.009450012291575242,
            0.0019344327861485586,
            0.025729832389308826,
            0.005458016711880253
        ],
        [
            0.034656371773255354,
            -0.03266732677453465,
            0.014652327700979496,
            -0.11674552915996597,
            -0.030839460954489493,
            -0.21147860377596814,
            -0.06586397472704884,
            0.008871915875907185,
            -0.054102065653971645,
            -0.021287622127774165,
            -0.03718300475241646,
            0.029144379097994024,
            0.001165018484819751,
            0.22000759325061983,
            0.0016526261224439948,
            0.2601318236490198,
            0.1427250736333495,
            0.005339062560852572,
            0.1071125217416289,
            0.015617700425919345
        ],
        [
            -0.009721027111476158,
            0.006278526274919321,
            -0.007044173559437559,
            0.05604528649349841,
            0.0176995778172055,
            0.09631849403733789,
            0.024836302974040384,
            0.001958722683194222,
            -0.024746987685022225,
            0.02316251543568082,
            -0.060256733521513395,
            0.014107014129924277,
            0.010552170319206742,
            0.0016526261224439948,
            0.028701364123669044,
            0.061702248472671736,
            0.028287680155787923,
            0.0050282145313798364,
            0.06644728039025258,
            0.014178012926976801
        ],
        [
            -0.003492407640250172,
            -0.02897763981373127,
            -0.001264496014349825,
            0.012876524849203179,
            0.007175832160731647,
            0.028265812562262797,
            0.03243889515993452,
            0.003697968661884423,
            -0.021648302370667047,
            0.0023943357714550284,
            0.04886530406780937,
            0.17722755913283106,
            0.021951882581026424,
            0.2601318236490198,
            0.061702248472671736,
            0.5430949705849565,
            0.3276947594129592,
            0.010503527061574413,
            0.17491693422263285,
            0.029792187505457757
        ],
        [
            -0.024928567996760798,
            -0.02907357394925688,
            -0.0011277816270696187,
            0.011630397372894554,
            0.003686529919135121,
            0.021922783116804914,
            0.028493149513897646,
            -0.003069135093422199,
            0.03327756120591527,
            -0.008895175902362048,
            0.1178287440489696,
            0.13536237853749247,
            0.009450012291575242,
            0.1427250736333495,
            0.028287680155787923,
            0.3276947594129592,
            0.21300854111014816,
            0.002547963596502262,
            0.05121107676419495,
            0.007156077742688351
        ],
        [
            -0.001560463192084958,
            -0.0007243979859964075,
            -0.0007378871362511381,
            0.005698070247038959,
            0.002127263335603993,
            0.007461275955983084,
            -0.0011187414604269378,
            0.0010519446774928576,
            -0.010014698271464645,
            0.0049724213583183935,
            -0.02367381149115949,
            -0.0034160777894835484,
            0.0019344327861485586,
            0.005339062560852572,
            0.0050282145313798364,
            0.010503527061574413,
            0.002547963596502262,
            0.0013496856156483162,
            0.019052929641194524,
            0.00385209618236231
        ],
        [
            -0.016959863553470803,
            -0.01715205164255676,
            -0.007130747484390005,
            0.05424443467783049,
            0.022642043211506674,
            0.05764047790591517,
            -0.03064630728034563,
            0.015824727983751213,
            -0.1452762050805485,
            0.06365883337832637,
            -0.33162039739443266,
            -0.047471127612041676,
            0.025729832389308826,
            0.1071125217416289,
            0.06644728039025258,
            0.17491693422263285,
            0.05121107676419495,
            0.019052929641194524,
            0.27434975477836937,
            0.05447042268721312
        ],
        [
            -0.006059220971184973,
            -0.003308334621834536,
            -0.0020776894219638217,
            0.016029222154617502,
            0.005991132903239094,
            0.019900742748094127,
            -0.004241248965269599,
            0.0029502265014030847,
            -0.028105984617001402,
            0.014297993088377496,
            -0.0679654574233644,
            -0.010227275027161612,
            0.005458016711880253,
            0.015617700425919345,
            0.014178012926976801,
            0.029792187505457757,
            0.007156077742688351,
            0.00385209618236231,
            0.05447042268721312,
            0.011002233986456516
        ]
    ]
}