{
    "opt_E": -2.2153834529783,
    "HF_E": -2.1854344137665964,
    "B3LYP_E": -2.1869960457152646,
    "sto-3G_E": -2.1785544374495704,
    "proj": [
        [
            0.5674439121331233,
            0.34449086699351816,
            0.0032865645076162494,
            -0.16795041474203698,
            -0.057717610674724994,
            0.0075371749941155934,
            0.17044222086032812,
            0.01853020068659522,
            -0.2315033431123258,
            -0.0957613320607045,
            0.020736255079471366,
            0.028529303780327267,
            0.008540043235993,
            0.02629097440266304,
            -0.0025733675533281043,
            -0.003883817430365106,
            -0.026088631545554384,
            0.0038234640860191384,
            -0.016618329849061416,
            -0.0034590383368918185
        ],
        [
            0.34449086699351816,
            0.22967411127187187,
            -0.00021593882836085652,
            -0.046762494894036506,
            -0.01478213171150389,
            0.11051292122788602,
            0.14258933784500152,
            0.005239374400752731,
            -0.13027947580031662,
            -0.046934444249177254,
            0.017893206049908506,
            0.02989866966924739,
            -0.010030192477982291,
            -0.034002525295363926,
            0.002642079031889902,
            -0.02603275207215664,
            -0.025717050984021796,
            0.0012248599885449731,
            -0.016536997149270028,
            -0.00221579228619426
        ],
        [
            0.0032865645076162494,
            -0.00021593882836085652,
            0.00045723448015530884,
            -0.008741961358825616,
            -0.003331420541095001,
            -0.013950837420308046,
            -0.003082720180488054,
            0.0024354651341371263,
            0.0009748616261829146,
            -0.0026023072108542463,
            0.007996253056528358,
            -0.0006391657877054255,
            0.0031518309979868563,
            0.002236165015003014,
            -0.0013047441341406038,
            -0.002219738954438145,
            -0.0009071546034701438,
            0.0008897225554486794,
            -0.007244283672645466,
            -0.0009312918350004141
        ],
        [
            -0.16795041474203698,
            -0.046762494894036506,
            -0.008741961358825616,
            0.21662680080401395,
            0.07952431027707989,
            0.31165112438542264,
            0.05923646748481252,
            -0.03470120881834009,
            0.07062333616138959,
            0.06521637568351003,
            -0.04919846762341099,
            0.03543351859857443,
            -0.057634073030217704,
            -0.10271157968753941,
            0.02093734393452151,
            0.007702085901100969,
            0.01653993663301242,
            -0.010550325865212195,
            0.05759956543880361,
            0.008773260610885132
        ],
        [
            -0.057717610674724994,
            -0.01478213171150389,
            -0.003331420541095001,
            0.07952431027707989,
            0.029338492076672294,
            0.11588210063359508,
            0.022357909305932504,
            -0.014009955831432911,
            0.02137929978924783,
            0.0239573626380884,
            -0.0256105418490397,
            0.011623136993102532,
            -0.022093160287178486,
            -0.03583623151526171,
            0.008179801804938183,
            0.00416175708421149,
            0.005751818733961307,
            -0.004420439517131087,
            0.02686009373388175,
            0.003897776543853574
        ],
        [
            0.0075371749941155934,
            0.11051292122788602,
            -0.013950837420308046,
            0.31165112438542264,
            0.11588210063359508,
            0.5961847500844748,
            0.2192657569772767,
            -0.04585180917666715,
            0.022358187014655827,
            0.0647270937021191,
            -0.023909916346796675,
            0.10221664841763715,
            -0.09979719210376722,
            -0.18761646646899488,
            0.036093426483619864,
            0.017723250846519076,
            0.0270468293423055,
            -0.01422678345950721,
            0.06344082144276945,
            0.010230263346430714
        ],
        [
            0.17044222086032812,
            0.14258933784500152,
            -0.003082720180488054,
            0.05923646748481252,
            0.022357909305932504,
            0.2192657569772767,
            0.14383114715371664,
            0.002334422812833619,
            -0.02988198967852106,
            -0.01084497942798122,
            0.08331035544714187,
            0.07949954599174024,
            -0.028009018992135738,
            -0.0608995629474829,
            0.010461611253994085,
            0.03338879941601702,
            0.03001378555407154,
            0.0007236442223135341,
            -0.02758116090272231,
            -0.0030475703693281877
        ],
        [
            0.01853020068659522,
            0.005239374400752731,
            0.0024354651341371263,
            -0.03470120881834009,
            -0.014009955831432911,
            -0.04585180917666715,
            0.002334422812833619,
            0.01922199481767232,
            0.025060762621935427,
            -0.014573719920484705,
            0.09384732773328879,
            0.02001820398372427,
            0.016005611587776903,
            -0.0010223250549641393,
            -0.0068586799030183635,
            -0.0007288512127373745,
            0.009331676406606024,
            0.007183179458242938,
            -0.06638482260389374,
            -0.008280291824957115
        ],
        [
            -0.2315033431123258,
            -0.13027947580031662,
            0.0009748616261829146,
            0.07062333616138959,
            0.02137929978924783,
            0.022358187014655827,
            -0.02988198967852106,
            0.025060762621935427,
            0.17539290613865685,
            0.027514991636998054,
            0.19840001292143222,
            0.049722419182655235,
            0.011360101143278256,
            -0.06389694074905364,
            -0.007414505055261247,
            -0.009996295735413743,
            0.03142193379713789,
            0.011815557584685879,
            -0.13516545289795687,
            -0.015549123896475404
        ],
        [
            -0.0957613320607045,
            -0.046934444249177254,
            -0.0026023072108542463,
            0.06521637568351003,
            0.0239573626380884,
            0.0647270937021191,
            -0.01084497942798122,
            -0.014573719920484705,
            0.027514991636998054,
            0.026250883909842773,
            -0.04567166013685748,
            -0.007552584647660894,
            -0.015485935127389683,
            -0.022318602712853037,
            0.005650711248019315,
            -0.005281379522687612,
            -0.002397930893379857,
            -0.004572520777516306,
            0.033011526538257514,
            0.00458261172702955
        ],
        [
            0.020736255079471366,
            0.017893206049908506,
            0.007996253056528358,
            -0.04919846762341099,
            -0.0256105418490397,
            -0.023909916346796675,
            0.08331035544714187,
            0.09384732773328879,
            0.19840001292143222,
            -0.04567166013685748,
            0.565022407069755,
            0.18506886952985374,
            0.04928582444995332,
            -0.053983119864818484,
            -0.021426744583650615,
            0.07416469323803966,
            0.11570896715665505,
            0.03532672357625091,
            -0.34939389595849274,
            -0.042983857718341456
        ],
        [
            0.028529303780327267,
            0.02989866966924739,
            -0.0006391657877054255,
            0.03543351859857443,
            0.011623136993102532,
            0.10221664841763715,
            0.07949954599174024,
            0.02001820398372427,
            0.049722419182655235,
            -0.007552584647660894,
            0.18506886952985374,
            0.13097756040455386,
            -0.011663810200913925,
            0.03580098823848622,
            0.010011094897839409,
            0.18668174947686442,
            0.1373393054574364,
            0.004506288647990936,
            -0.03861962508164026,
            -0.005712367026090156
        ],
        [
            0.008540043235993,
            -0.010030192477982291,
            0.0031518309979868563,
            -0.057634073030217704,
            -0.022093160287178486,
            -0.09979719210376722,
            -0.028009018992135738,
            0.016005611587776903,
            0.011360101143278256,
            -0.015485935127389683,
            0.04928582444995332,
            -0.011663810200913925,
            0.022497404030278233,
            0.00910994582340646,
            -0.00983603776478305,
            -0.029359216713137584,
            -0.014845257768585328,
            0.0061885035096976284,
            -0.052157763301736854,
            -0.006559296467978606
        ],
        [
            0.02629097440266304,
            -0.034002525295363926,
            0.002236165015003014,
            -0.10271157968753941,
            -0.03583623151526171,
            -0.18761646646899488,
            -0.0608995629474829,
            -0.0010223250549641393,
            -0.06389694074905364,
            -0.022318602712853037,
            -0.053983119864818484,
            0.03580098823848622,
            0.00910994582340646,
            0.22273748441874403,
            0.009518118471478163,
            0.26770666572136165,
            0.14503578319343677,
            -0.007697192276365658,
            0.13650825439704126,
            0.013530157050141947
        ],
        [
            -0.0025733675533281043,
            0.002642079031889902,
            -0.0013047441341406038,
            0.02093734393452151,
            0.008179801804938183,
            0.036093426483619864,
            0.010461611253994085,
            -0.0068586799030183635,
            -0.007414505055261247,
            0.005650711248019315,
            -0.021426744583650615,
            0.010011094897839409,
            -0.00983603776478305,
            0.009518118471478163,
            0.005183411402018598,
            0.03260738287600423,
            0.017982916118622842,
            -0.003137436144193975,
            0.030555089107691624,
            0.0036160770577972207
        ],
        [
            -0.003883817430365106,
            -0.02603275207215664,
            -0.002219738954438145,
            0.007702085901100969,
            0.00416175708421149,
            0.017723250846519076,
            0.03338879941601702,
            -0.0007288512127373745,
            -0.009996295735413743,
            -0.005281379522687612,
            0.07416469323803966,
            0.18668174947686442,
            -0.029359216713137584,
            0.26770666572136165,
            0.03260738287600423,
            0.5219945540921934,
            0.32149777861652207,
            -0.011326229746737228,
            0.1716657661915293,
            0.01684709138848902
        ],
        [
            -0.026088631545554384,
            -0.025717050984021796,
            -0.0009071546034701438,
            0.01653993663301242,
            0.005751818733961307,
            0.0270468293423055,
            0.03001378555407154,
            0.009331676406606024,
            0.03142193379713789,
            -0.002397930893379857,
            0.11570896715665505,
            0.1373393054574364,
            -0.014845257768585328,
            0.14503578319343677,
            0.017982916118622842,
            0.32149777861652207,
            0.20874947564341267,
            -0.002824257918224528,
            0.059898625890287,
            0.004970672865317813
        ],
        [
            0.0038234640860191384,
            0.0012248599885449731,
            0.0008897225554486794,
            -0.010550325865212195,
            -0.004420439517131087,
            -0.01422678345950721,
            0.0007236442223135341,
            0.007183179458242938,
            0.011815557584685879,
            -0.004572520777516306,
            0.03532672357625091,
            0.004506288647990936,
            0.0061885035096976284,
            -0.007697192276365658,
            -0.003137436144193975,
            -0.011326229746737228,
            -0.002824257918224528,
            0.0029627909705357914,
            -0.029439646387656428,
            -0.0035481532229955687
        ],
        [
            -0.016618329849061416,
            -0.016536997149270028,
            -0.007244283672645466,
            0.05759956543880361,
            0.02686009373388175,
            0.06344082144276945,
            -0.02758116090272231,
            -0.06638482260389374,
            -0.13516545289795687,
            0.033011526538257514,
            -0.34939389595849274,
            -0.03861962508164026,
            -0.052157763301736854,
            0.13650825439704126,
            0.030555089107691624,
            0.1716657661915293,
            0.059898625890287,
            -0.029439646387656428,
            0.311095745450153,
            0.0366364719146062
        ],
        [
            -0.0034590383368918185,
            -0.00221579228619426,
            -0.0009312918350004141,
            0.008773260610885132,
            0.003897776543853574,
            0.010230263346430714,
            -0.0030475703693281877,
            -0.008280291824957115,
            -0.015549123896475404,
            0.00458261172702955,
            -0.042983857718341456,
            -0.005712367026090156,
            -0.006559296467978606,
            0.013530157050141947,
            0.0036160770577972207,
            0.01684709138848902,
            0.004970672865317813,
            -0.0035481532229955687,
            0.0366364719146062,
            0.0043569336481541045
        ]
    ]
}