{
    "opt_E": -2.1600800152285626,
    "HF_E": -2.131210693773172,
    "B3LYP_E": -2.1325047263736923,
    "sto-3G_E": -2.11783036561811,
    "proj": [
        [
            0.5334138197926827,
            0.33966120359614393,
            -0.030839636227336195,
            -0.17084030802216635,
            -0.053106341298130744,
            0.049213709423268095,
            0.1820310476029079,
            -0.06146938171004286,
            -0.22154782099188922,
            -0.08506882562008736,
            0.03702915270578175,
            0.033481504313108194,
            -0.0053283456526396775,
            0.030730542604099725,
            -0.00020837760430060374,
            0.0003415537189589919,
            -0.026025609848265432,
            0.0029479627018535563,
            -0.027367302174915037,
            9.226984240258475e-05
        ],
        [
            0.33966120359614393,
            0.2271855503560706,
            -0.012268584088294756,
            -0.07241358023948302,
            -0.021791066338246567,
            0.09275825902925519,
            0.13571948980855278,
            -0.033651230078350705,
            -0.13014267709270946,
            -0.047929438622885685,
            0.039261615705873214,
            0.025479220923967472,
            0.005126662565963433,
            -0.03339594927347884,
            -0.0006307277917522178,
            -0.03233387490713668,
            -0.03381559881586879,
            0.0051445607251033405,
            -0.037338243939779074,
            0.0007745736663755314
        ],
        [
            -0.030839636227336195,
            -0.012268584088294756,
            0.012009075664191836,
            0.05572056837759687,
            0.0188247293460421,
            0.06797038055403044,
            0.0073499451894325375,
            0.013875412390514338,
            -2.6375836868806072e-05,
            0.010669506031339052,
            -0.016737799910765665,
            0.008624772347508658,
            0.004171789539355665,
            -0.03407346982655442,
            -0.004238600696179572,
            0.008990088498195688,
            0.0063478858581493955,
            -0.004574486532369285,
            0.025060805883353222,
            -0.0016568052020577051
        ],
        [
            -0.17084030802216635,
            -0.07241358023948302,
            0.05572056837759687,
            0.2631987521655758,
            0.0881960329316046,
            0.31211798319853523,
            0.030365046172054058,
            0.06326212092128458,
            0.0343149655096192,
            0.05462857030989964,
            -0.043066523808581864,
            0.04436892924617741,
            0.021937449622805288,
            -0.16750445732810376,
            -0.01723321599467613,
            0.031886462780995745,
            0.028863473309609953,
            -0.015735874749208293,
            0.08553602201080397,
            -0.005912970896117653
        ],
        [
            -0.053106341298130744,
            -0.021791066338246567,
            0.0188247293460421,
            0.0881960329316046,
            0.02966541827205201,
            0.10613708992209178,
            0.01096598579771707,
            0.021536578633533143,
            0.006156004891492445,
            0.017638902349190477,
            -0.019987703997268326,
            0.014122410422410513,
            0.007089116961297052,
            -0.05559691656682525,
            -0.006182591125679852,
            0.011583514200586287,
            0.00938527421422284,
            -0.006122830338812283,
            0.0334041424215483,
            -0.00226173223021636
        ],
        [
            0.049213709423268095,
            0.09275825902925519,
            0.06797038055403044,
            0.31211798319853523,
            0.10613708992209178,
            0.5324377951129337,
            0.17244832503397153,
            0.055563264439294366,
            -0.03359671707270802,
            0.03738277228475227,
            0.03129510754033482,
            0.11215673763969486,
            0.034707540425544664,
            -0.2550825118667824,
            -0.023717993973377132,
            0.05422731396159624,
            0.04092011737423841,
            -0.013475617085609954,
            0.06355174883279449,
            -0.006234328316548384
        ],
        [
            0.1820310476029079,
            0.13571948980855278,
            0.0073499451894325375,
            0.030365046172054058,
            0.01096598579771707,
            0.17244832503397153,
            0.121794436197308,
            -0.012267657500033826,
            -0.03310385294123804,
            -0.014803848062470789,
            0.1034414794060842,
            0.06984865313566234,
            0.009726744092731793,
            -0.06090399719442841,
            -0.0033091405271732867,
            0.0347232031108579,
            0.024364566519024022,
            0.0062828706920617546,
            -0.04325579577173353,
            0.00123182812922816
        ],
        [
            -0.06146938171004286,
            -0.033651230078350705,
            0.013875412390514338,
            0.06326212092128458,
            0.021536578633533143,
            0.055563264439294366,
            -0.012267657500033826,
            0.020591522436385328,
            -0.008372260753814703,
            0.014328271765160118,
            -0.05735592331481439,
            -0.007418300559405013,
            0.0033230653825605636,
            -0.03341434186334476,
            -0.0055129889259397545,
            -0.0007832980075307304,
            -0.0024838140200729485,
            -0.00876905565316065,
            0.049899718482423784,
            -0.0029427933377751364
        ],
        [
            -0.22154782099188922,
            -0.13014267709270946,
            -2.6375836868806072e-05,
            0.0343149655096192,
            0.006156004891492445,
            -0.03359671707270802,
            -0.03310385294123804,
            -0.008372260753814703,
            0.2613035285308583,
            0.03885147294463992,
            0.26620541484490823,
            0.04937157096849177,
            0.013411841507432411,
            -0.035459130603774994,
            0.016720257423742776,
            -0.017151556905622745,
            0.031406154589218395,
            0.037601039728538135,
            -0.210039179324831,
            0.012385642747748931
        ],
        [
            -0.08506882562008736,
            -0.047929438622885685,
            0.010669506031339052,
            0.05462857030989964,
            0.017638902349190477,
            0.03738277228475227,
            -0.014803848062470789,
            0.014328271765160118,
            0.03885147294463992,
            0.017712041264207796,
            0.0023698048723307164,
            0.002821675617832848,
            0.0049885923142986045,
            -0.03245756306749972,
            -0.0013153525261831388,
            -0.004279400164811044,
            0.003113447017959457,
            -0.00013584805978937914,
            0.0014337626706120356,
            -9.200485869218125e-05
        ],
        [
            0.03702915270578175,
            0.039261615705873214,
            -0.016737799910765665,
            -0.043066523808581864,
            -0.019987703997268326,
            0.03129510754033482,
            0.1034414794060842,
            -0.05735592331481439,
            0.26620541484490823,
            0.0023698048723307164,
            0.5004421590861949,
            0.15797066632844395,
            0.01121448123591145,
            0.0013930544717891773,
            0.02235531467417934,
            0.08822666736625075,
            0.10732819469357731,
            0.057773521428185926,
            -0.33187944009504916,
            0.018584791398087754
        ],
        [
            0.033481504313108194,
            0.025479220923967472,
            0.008624772347508658,
            0.04436892924617741,
            0.014122410422410513,
            0.11215673763969486,
            0.06984865313566234,
            -0.007418300559405013,
            0.04937157096849177,
            0.002821675617832848,
            0.15797066632844395,
            0.1137520237583302,
            -0.005048150930768722,
            0.03562514561469897,
            -0.0037289485248540046,
            0.1833251235576292,
            0.12868055808534812,
            0.002788067523437503,
            -0.020064524173888345,
            0.000968530192250079
        ],
        [
            -0.0053283456526396775,
            0.005126662565963433,
            0.004171789539355665,
            0.021937449622805288,
            0.007089116961297052,
            0.034707540425544664,
            0.009726744092731793,
            0.0033230653825605636,
            0.013411841507432411,
            0.0049885923142986045,
            0.01121448123591145,
            -0.005048150930768722,
            0.007668180877583512,
            -0.04552481965307401,
            0.0009098072969439391,
            -0.04450881772822677,
            -0.0250746107192292,
            0.004332933275093447,
            -0.02522616597009852,
            0.0011293927132060312
        ],
        [
            0.030730542604099725,
            -0.03339594927347884,
            -0.03407346982655442,
            -0.16750445732810376,
            -0.05559691656682525,
            -0.2550825118667824,
            -0.06090399719442841,
            -0.03341434186334476,
            -0.035459130603774994,
            -0.03245756306749972,
            0.0013930544717891773,
            0.03562514561469897,
            -0.04552481965307401,
            0.2855495972641826,
            0.0009029764247845692,
            0.25300944749052695,
            0.14892031434344152,
            -0.014636636822416494,
            0.08763078775671604,
            -0.003003040375675097
        ],
        [
            -0.00020837760430060374,
            -0.0006307277917522178,
            -0.004238600696179572,
            -0.01723321599467613,
            -0.006182591125679852,
            -0.023717993973377132,
            -0.0033091405271732867,
            -0.0055129889259397545,
            0.016720257423742776,
            -0.0013153525261831388,
            0.02235531467417934,
            -0.0037289485248540046,
            0.0009098072969439391,
            0.0009029764247845692,
            0.002995734294529822,
            -0.018231330979554573,
            -0.008942033798419395,
            0.005040013037898113,
            -0.028145870945234706,
            0.0016490680105281188
        ],
        [
            0.0003415537189589919,
            -0.03233387490713668,
            0.008990088498195688,
            0.031886462780995745,
            0.011583514200586287,
            0.05422731396159624,
            0.0347232031108579,
            -0.0007832980075307304,
            -0.017151556905622745,
            -0.004279400164811044,
            0.08822666736625075,
            0.1833251235576292,
            -0.04450881772822677,
            0.25300944749052695,
            -0.018231330979554573,
            0.5085072831766463,
            0.3200959106182952,
            -0.03195583312731662,
            0.17863212357519104,
            -0.008923758294299559
        ],
        [
            -0.026025609848265432,
            -0.03381559881586879,
            0.0063478858581493955,
            0.028863473309609953,
            0.00938527421422284,
            0.04092011737423841,
            0.024364566519024022,
            -0.0024838140200729485,
            0.031406154589218395,
            0.003113447017959457,
            0.10732819469357731,
            0.12868055808534812,
            -0.0250746107192292,
            0.14892031434344152,
            -0.008942033798419395,
            0.3200959106182952,
            0.20883901524345877,
            -0.013425432662680876,
            0.07453202205024019,
            -0.003469460986158803
        ],
        [
            0.0029479627018535563,
            0.0051445607251033405,
            -0.004574486532369285,
            -0.015735874749208293,
            -0.006122830338812283,
            -0.013475617085609954,
            0.0062828706920617546,
            -0.00876905565316065,
            0.037601039728538135,
            -0.00013584805978937914,
            0.057773521428185926,
            0.002788067523437503,
            0.004332933275093447,
            -0.014636636822416494,
            0.005040013037898113,
            -0.03195583312731662,
            -0.013425432662680876,
            0.01059085432771073,
            -0.06007606020732577,
            0.0033418421287218785
        ],
        [
            -0.027367302174915037,
            -0.037338243939779074,
            0.025060805883353222,
            0.08553602201080397,
            0.0334041424215483,
            0.06355174883279449,
            -0.04325579577173353,
            0.049899718482423784,
            -0.210039179324831,
            0.0014337626706120356,
            -0.33187944009504916,
            -0.020064524173888345,
            -0.02522616597009852,
            0.08763078775671604,
            -0.028145870945234706,
            0.17863212357519104,
            0.07453202205024019,
            -0.06007606020732577,
            0.3412767145980911,
            -0.018902033588124756
        ],
        [
            9.226984240258475e-05,
            0.0007745736663755314,
            -0.0016568052020577051,
            -0.005912970896117653,
            -0.00226173223021636,
            -0.006234328316548384,
            0.00123182812922816,
            -0.0029427933377751364,
            0.012385642747748931,
            -9.200485869218125e-05,
            0.018584791398087754,
            0.000968530192250079,
            0.0011293927132060312,
            -0.003003040375675097,
            0.0016490680105281188,
            -0.008923758294299559,
            -0.003469460986158803,
            0.0033418421287218785,
            -0.018902033588124756,
            0.0010664975810071864
        ]
    ]
}