{
    "opt_E": -2.181920145266867,
    "HF_E": -2.1521897083057784,
    "B3LYP_E": -2.1535052773032017,
    "sto-3G_E": -2.138919859721227,
    "proj": [
        [
            0.5442437842957878,
            0.3450675271316297,
            0.01708768097067283,
            -0.1847477597493516,
            -0.017343137839152836,
            0.030896740461748354,
            0.17722685926176587,
            0.0038278192424764045,
            -0.23516034443943523,
            -0.02402970894939523,
            0.04345134909235052,
            0.02554080563521797,
            -0.0062188807316658065,
            0.03642313439399246,
            -0.0017002627124360276,
            -0.00044436483718599863,
            -0.029549044582571602,
            -0.004320044990722845,
            -0.03313282187053973,
            0.009570454156633077
        ],
        [
            0.3450675271316297,
            0.2330010784482527,
            0.0072585803535939,
            -0.06715375076777023,
            -0.0064106401440570115,
            0.0994466043240663,
            0.1375101124344205,
            0.00621590047936693,
            -0.14265916383182572,
            -0.01257143513805706,
            0.032737387114513905,
            0.02310964074057931,
            0.010193590881333037,
            -0.03093011209216699,
            0.000342691144942808,
            -0.030365246668006933,
            -0.03369514602293301,
            -0.0016702401558004146,
            -0.0302361185600109,
            0.006977126754356335
        ],
        [
            0.01708768097067283,
            0.0072585803535939,
            0.0015805125955156568,
            -0.0209382303545744,
            -0.001947648069191816,
            -0.022594221462562104,
            -0.0015963103644755867,
            -0.001964436885834993,
            -0.006641766178951525,
            -0.0013809462762915023,
            0.0033264760951238663,
            -0.003000681747790089,
            -0.00511665272823264,
            0.012600896241137853,
            0.0010406193242321225,
            0.000706845521636014,
            -0.0011812471001945528,
            -0.0006709350356254267,
            -0.004205747119367283,
            0.0014356905281365062
        ],
        [
            -0.1847477597493516,
            -0.06715375076777023,
            -0.0209382303545744,
            0.28398778375344846,
            0.02646070809214305,
            0.33149911311266733,
            0.042361076042225713,
            0.03271566738412193,
            0.05906242545094062,
            0.016689649408557734,
            -0.05788053939107369,
            0.05072321071192991,
            0.07620523024881738,
            -0.16501303963952188,
            -0.020223357546638468,
            0.013940964038209712,
            0.027155167372936558,
            0.010073914452120114,
            0.07763087854693697,
            -0.024639695473583655
        ],
        [
            -0.017343137839152836,
            -0.0064106401440570115,
            -0.001947648069191816,
            0.02646070809214305,
            0.002480019474831504,
            0.030387646938061966,
            0.00332295917659089,
            0.003560285071954051,
            0.004252747075125548,
            0.0014999949639748144,
            -0.008133858419938397,
            0.003755932244023002,
            0.007253009131476189,
            -0.015299302400648555,
            -0.002040568559274635,
            0.0006432816246854034,
            0.0018371555128860976,
            0.001042876589080582,
            0.00879418601757669,
            -0.002691388610220177
        ],
        [
            0.030896740461748354,
            0.0994466043240663,
            -0.022594221462562104,
            0.33149911311266733,
            0.030387646938061966,
            0.5430041252330315,
            0.18485929905256665,
            0.037050331701971306,
            -0.005363042255020949,
            0.013700756929123545,
            0.017091027683480295,
            0.11800960078105903,
            0.10873580058735759,
            -0.24122695239762998,
            -0.025904608183722186,
            0.029668619577762692,
            0.03869297062732505,
            0.009853574446632476,
            0.04954538912186291,
            -0.01965026514067512
        ],
        [
            0.17722685926176587,
            0.1375101124344205,
            -0.0015963103644755867,
            0.042361076042225713,
            0.00332295917659089,
            0.18485929905256665,
            0.1270483081191593,
            -0.0028781460772235256,
            -0.03625625262418653,
            -0.0016558045286901653,
            0.09983946135851157,
            0.07437439998802763,
            0.02617031583143205,
            -0.05800451887946487,
            -0.0047933287909824665,
            0.03708263185293034,
            0.028662945959058064,
            -0.0014197681208745335,
            -0.03804772843115493,
            0.007994099028228634
        ],
        [
            0.0038278192424764045,
            0.00621590047936693,
            -0.001964436885834993,
            0.03271566738412193,
            0.003560285071954051,
            0.037050331701971306,
            -0.0028781460772235256,
            0.024950093349295276,
            -0.05533427120495004,
            -0.001282006839161804,
            -0.10660498125888185,
            -0.01818665935780538,
            0.018484610872038065,
            -0.009086389198261538,
            -0.012401556489600821,
            0.0013861589774275273,
            -0.008814147770774841,
            0.005325301867662487,
            0.07720333952650313,
            -0.02002916602867124
        ],
        [
            -0.23516034443943523,
            -0.14265916383182572,
            -0.006641766178951525,
            0.05906242545094062,
            0.004252747075125548,
            -0.005363042255020949,
            -0.03625625262418653,
            -0.05533427120495004,
            0.2335994128996763,
            0.01593480004661179,
            0.23974867719427032,
            0.04753789255616965,
            -0.023197311930516905,
            -0.046519503091588955,
            0.02853701725471821,
            -0.016945742595801484,
            0.028787349293620052,
            -0.009320362221833585,
            -0.1700757727983979,
            0.04224604705618167
        ],
        [
            -0.02402970894939523,
            -0.01257143513805706,
            -0.0013809462762915023,
            0.016689649408557734,
            0.0014999949639748144,
            0.013700756929123545,
            -0.0016558045286901653,
            -0.001282006839161804,
            0.01593480004661179,
            0.0017192008074388737,
            0.008179942625167611,
            0.003123969551799357,
            0.0021111435260130827,
            -0.011231135549588453,
            0.0009177270061102326,
            -0.0033356987913595593,
            0.0008378120149129929,
            1.687991962030122e-05,
            -0.005558066534041877,
            0.001110242208789685
        ],
        [
            0.04345134909235052,
            0.032737387114513905,
            0.0033264760951238663,
            -0.05788053939107369,
            -0.008133858419938397,
            0.017091027683480295,
            0.09983946135851157,
            -0.10660498125888185,
            0.23974867719427032,
            0.008179942625167611,
            0.5336191434055628,
            0.1575841371405431,
            -0.048586675554236756,
            -0.0012066681267769556,
            0.04095322103752072,
            0.07672984588045162,
            0.09934260525773628,
            -0.022378394177519315,
            -0.3330954531362117,
            0.085028162708412
        ],
        [
            0.02554080563521797,
            0.02310964074057931,
            -0.003000681747790089,
            0.05072321071192991,
            0.003755932244023002,
            0.11800960078105903,
            0.07437439998802763,
            -0.01818665935780538,
            0.04753789255616965,
            0.003123969551799357,
            0.1575841371405431,
            0.12158670353180678,
            0.01620665229561404,
            0.033704248501929684,
            -0.016632051755923194,
            0.18920693866370028,
            0.13538710532448886,
            -0.0030905107078915135,
            -0.017126681809260035,
            0.004798495585134133
        ],
        [
            -0.0062188807316658065,
            0.010193590881333037,
            -0.00511665272823264,
            0.07620523024881738,
            0.007253009131476189,
            0.10873580058735759,
            0.02617031583143205,
            0.018484610872038065,
            -0.023197311930516905,
            0.0021111435260130827,
            -0.048586675554236756,
            0.01620665229561404,
            0.02812384960736638,
            -0.03718396825700314,
            -0.012647278165339601,
            0.02272788881194277,
            0.013595958508625718,
            0.00443620684318187,
            0.05299710196928497,
            -0.014696162454269588
        ],
        [
            0.03642313439399246,
            -0.03093011209216699,
            0.012600896241137853,
            -0.16501303963952188,
            -0.015299302400648555,
            -0.24122695239762998,
            -0.05800451887946487,
            -0.009086389198261538,
            -0.046519503091588955,
            -0.011231135549588453,
            -0.0012066681267769556,
            0.033704248501929684,
            -0.03718396825700314,
            0.24792536096189358,
            -0.02575472948905898,
            0.24882174868524135,
            0.14159597810783225,
            -0.002729222570390148,
            0.08505724558237045,
            -0.015424661272980847
        ],
        [
            -0.0017002627124360276,
            0.000342691144942808,
            0.0010406193242321225,
            -0.020223357546638468,
            -0.002040568559274635,
            -0.025904608183722186,
            -0.0047933287909824665,
            -0.012401556489600821,
            0.02853701725471821,
            0.0009177270061102326,
            0.04095322103752072,
            -0.016632051755923194,
            -0.012647278165339601,
            -0.02575472948905898,
            0.01482798697437351,
            -0.06743883273118687,
            -0.0382464363696749,
            -0.00283340329610117,
            -0.05930838999007599,
            0.014645852430433159
        ],
        [
            -0.00044436483718599863,
            -0.030365246668006933,
            0.000706845521636014,
            0.013940964038209712,
            0.0006432816246854034,
            0.029668619577762692,
            0.03708263185293034,
            0.0013861589774275273,
            -0.016945742595801484,
            -0.0033356987913595593,
            0.07672984588045162,
            0.18920693866370028,
            0.02272788881194277,
            0.24882174868524135,
            -0.06743883273118687,
            0.5162428830712529,
            0.32687294213673146,
            0.001596792903344691,
            0.1705904186145973,
            -0.038078767155813424
        ],
        [
            -0.029549044582571602,
            -0.03369514602293301,
            -0.0011812471001945528,
            0.027155167372936558,
            0.0018371555128860976,
            0.03869297062732505,
            0.028662945959058064,
            -0.008814147770774841,
            0.028787349293620052,
            0.0008378120149129929,
            0.09934260525773628,
            0.13538710532448886,
            0.013595958508625718,
            0.14159597810783225,
            -0.0382464363696749,
            0.32687294213673146,
            0.21475876506307764,
            -0.0006388529270017078,
            0.07521589382914451,
            -0.01617098354137929
        ],
        [
            -0.004320044990722845,
            -0.0016702401558004146,
            -0.0006709350356254267,
            0.010073914452120114,
            0.001042876589080582,
            0.009853574446632476,
            -0.0014197681208745335,
            0.005325301867662487,
            -0.009320362221833585,
            1.687991962030122e-05,
            -0.022378394177519315,
            -0.0030905107078915135,
            0.00443620684318187,
            -0.002729222570390148,
            -0.00283340329610117,
            0.001596792903344691,
            -0.0006388529270017078,
            0.0011976231450957495,
            0.017006810332350394,
            -0.004437103278470827
        ],
        [
            -0.03313282187053973,
            -0.0302361185600109,
            -0.004205747119367283,
            0.07763087854693697,
            0.00879418601757669,
            0.04954538912186291,
            -0.03804772843115493,
            0.07720333952650313,
            -0.1700757727983979,
            -0.005558066534041877,
            -0.3330954531362117,
            -0.017126681809260035,
            0.05299710196928497,
            0.08505724558237045,
            -0.05930838999007599,
            0.1705904186145973,
            0.07521589382914451,
            0.017006810332350394,
            0.30681356237538665,
            -0.07662540370245696
        ],
        [
            0.009570454156633077,
            0.006977126754356335,
            0.0014356905281365062,
            -0.024639695473583655,
            -0.002691388610220177,
            -0.01965026514067512,
            0.007994099028228634,
            -0.02002916602867124,
            0.04224604705618167,
            0.001110242208789685,
            0.085028162708412,
            0.004798495585134133,
            -0.014696162454269588,
            -0.015424661272980847,
            0.014645852430433159,
            -0.038078767155813424,
            -0.01617098354137929,
            -0.004437103278470827,
            -0.07662540370245696,
            0.019289802887746534
        ]
    ]
}