{
    "opt_E": -2.1736485410753335,
    "HF_E": -2.141710020330546,
    "B3LYP_E": -2.1442251275174025,
    "sto-3G_E": -2.1199309136881777,
    "proj": [
        [
            0.5450169142499323,
            0.35092900887577405,
            -0.007989102947000974,
            -0.18234285270523073,
            -0.010781688959810925,
            0.038304467646963575,
            0.17297562595389204,
            -0.003302498994579168,
            -0.22517005809957222,
            -0.03274525246671724,
            0.05262824514186373,
            0.030190131892716656,
            -0.0013284081658912962,
            0.049758343308384335,
            0.003535094196538221,
            -0.0016608429971703568,
            -0.03651680907671868,
            0.0065116337226069545,
            -0.024049078420138995,
            -0.009616822588168058
        ],
        [
            0.35092900887577405,
            0.2368570226644942,
            -0.0036099945316262418,
            -0.07347666149936335,
            -0.0032497116295580448,
            0.09279732997921065,
            0.13014309572579963,
            -0.002712411951758195,
            -0.14610511449739375,
            -0.017612034940328956,
            0.033961498618002,
            0.022280653077618656,
            -0.003325680699378465,
            -0.019736726209034383,
            0.004825310725139904,
            -0.029205898802968675,
            -0.04170802812952907,
            0.0034923713628302946,
            -0.016197617390536122,
            -0.005346013082305964
        ],
        [
            -0.007989102947000974,
            -0.0036099945316262418,
            0.00037643020765080825,
            0.010043219232348235,
            0.0007795245285241452,
            0.010484158631822832,
            0.0002895380514920328,
            -0.00022410239946388846,
            0.001366967353803312,
            0.001262390611272998,
            -0.0030797423329635342,
            0.0005294778684626133,
            -0.0009404886658528457,
            -0.00803006966801196,
            0.001166233346007292,
            0.00031734275945568706,
            0.0003744624717779608,
            -0.0006413272301875152,
            0.0025364735654806172,
            0.0009301501492259588
        ],
        [
            -0.18234285270523073,
            -0.07347666149936335,
            0.010043219232348235,
            0.27403673538332146,
            0.021663246586601317,
            0.31327043375469116,
            0.03360103228475356,
            -0.004500697975324373,
            0.04162073274525356,
            0.030440063757033346,
            -0.04232150251552135,
            0.03797470903734153,
            -0.02594951552268821,
            -0.21945221374435026,
            0.03246976380619039,
            0.0218130633959098,
            0.02348594835312354,
            -0.014467261181266998,
            0.05466290823555986,
            0.020768047650901223
        ],
        [
            -0.010781688959810925,
            -0.0032497116295580448,
            0.0007795245285241452,
            0.021663246586601317,
            0.0017463040299612032,
            0.02703692375141202,
            0.0045717969732221265,
            -0.0003609008397281161,
            0.0020713021947035776,
            0.0022291460913451654,
            -0.0021700824449499404,
            0.0040461144456199576,
            -0.0022118713583608755,
            -0.017859182971817086,
            0.0027947718068990564,
            0.0025192827741894724,
            0.002301021874495648,
            -0.0011062482436530584,
            0.004142404312787038,
            0.0015812222484610022
        ],
        [
            0.038304467646963575,
            0.09279732997921065,
            0.010484158631822832,
            0.31327043375469116,
            0.02703692375141202,
            0.5162533493448387,
            0.1716476377866357,
            -0.0037581417980524718,
            -0.01782580300561293,
            0.02078056956858962,
            0.054377227706874066,
            0.1089784697412892,
            -0.03504435879109691,
            -0.29978807547043207,
            0.04459490918080025,
            0.027778651417610885,
            0.02739370879486151,
            -0.009699353708844961,
            0.027198267720452977,
            0.013136323278341315
        ],
        [
            0.17297562595389204,
            0.13014309572579963,
            0.0002895380514920328,
            0.03360103228475356,
            0.0045717969732221265,
            0.1716476377866357,
            0.1214098732102629,
            0.0031810369657167548,
            -0.020985154748174775,
            -0.01103528422961088,
            0.12579058535268436,
            0.08176577657402577,
            -0.00631191511776611,
            -0.054091066934925075,
            0.008766652388934352,
            0.025744843002085096,
            0.02588326971379882,
            0.007528078929689115,
            -0.03935201093441972,
            -0.011708080791716226
        ],
        [
            -0.003302498994579168,
            -0.002712411951758195,
            -0.00022410239946388846,
            -0.004500697975324373,
            -0.0003609008397281161,
            -0.0037581417980524718,
            0.0031810369657167548,
            0.00197617999500775,
            0.020036051520890098,
            -0.00269613777075754,
            0.03130538006690153,
            0.008886682191058703,
            0.0029948326730111804,
            0.006031834784965545,
            -0.003990571643091264,
            -0.006851890159994129,
            0.0012890824916999405,
            0.0035048136135841295,
            -0.017080693197042834,
            -0.0052629404654967885
        ],
        [
            -0.22517005809957222,
            -0.14610511449739375,
            0.001366967353803312,
            0.04162073274525356,
            0.0020713021947035776,
            -0.01782580300561293,
            -0.020985154748174775,
            0.020036051520890098,
            0.2732682145548276,
            -0.012947728807247254,
            0.2861079852350449,
            0.08013080829097283,
            0.027572340614201912,
            0.019939314250693046,
            -0.037573568453976254,
            -0.06881430509694182,
            0.023862399383385715,
            0.031037222731372244,
            -0.15548703704437192,
            -0.04675586731146392
        ],
        [
            -0.03274525246671724,
            -0.017612034940328956,
            0.001262390611272998,
            0.030440063757033346,
            0.0022291460913451654,
            0.02078056956858962,
            -0.01103528422961088,
            -0.00269613777075754,
            -0.012947728807247254,
            0.006911442020426394,
            -0.046778495867008205,
            -0.012300705470807626,
            -0.0050754032932169195,
            -0.024118155334614786,
            0.006504712400987488,
            0.0065773970388602766,
            -0.0011562956112275574,
            -0.005655848259774995,
            0.02612708826005137,
            0.008429238451847619
        ],
        [
            0.05262824514186373,
            0.033961498618002,
            -0.0030797423329635342,
            -0.04232150251552135,
            -0.0021700824449499404,
            0.054377227706874066,
            0.12579058535268436,
            0.03130538006690153,
            0.2861079852350449,
            -0.046778495867008205,
            0.5510851305640223,
            0.20289525832941863,
            0.035964968488552906,
            0.07380447408787044,
            -0.04691363824557844,
            -0.02609769278229386,
            0.07648058447942545,
            0.05494880338587117,
            -0.26711548595391926,
            -0.08274856122817173
        ],
        [
            0.030190131892716656,
            0.022280653077618656,
            0.0005294778684626133,
            0.03797470903734153,
            0.0040461144456199576,
            0.1089784697412892,
            0.08176577657402577,
            0.008886682191058703,
            0.08013080829097283,
            -0.012300705470807626,
            0.20289525832941863,
            0.13587290581210723,
            -0.006939340235053035,
            0.02659620716572536,
            0.011452622277683032,
            0.1587621033608965,
            0.138721868639812,
            0.010895255203689625,
            -0.049343628066707924,
            -0.01660897924548079
        ],
        [
            -0.0013284081658912962,
            -0.003325680699378465,
            -0.0009404886658528457,
            -0.02594951552268821,
            -0.0022118713583608755,
            -0.03504435879109691,
            -0.00631191511776611,
            0.0029948326730111804,
            0.027572340614201912,
            -0.0050754032932169195,
            0.035964968488552906,
            -0.006939340235053035,
            0.009229950366878436,
            0.012346289586524862,
            -0.012722391664282594,
            -0.05202303823296634,
            -0.027986192551307933,
            0.006698999376207591,
            -0.033159837507552144,
            -0.009993539666057363
        ],
        [
            0.049758343308384335,
            -0.019736726209034383,
            -0.00803006966801196,
            -0.21945221374435026,
            -0.017859182971817086,
            -0.29978807547043207,
            -0.054091066934925075,
            0.006031834784965545,
            0.019939314250693046,
            -0.024118155334614786,
            0.07380447408787044,
            0.02659620716572536,
            0.012346289586524862,
            0.2616869381317672,
            -0.01226013332443493,
            0.16505981849583534,
            0.11630878087506487,
            0.009002867091191363,
            -0.022701199260510903,
            -0.012581568359993835
        ],
        [
            0.003535094196538221,
            0.004825310725139904,
            0.001166233346007292,
            0.03246976380619039,
            0.0027947718068990564,
            0.04459490918080025,
            0.008766652388934352,
            -0.003990571643091264,
            -0.037573568453976254,
            0.006504712400987488,
            -0.04691363824557844,
            0.011452622277683032,
            -0.012722391664282594,
            -0.01226013332443493,
            0.017640421292024828,
            0.07700275830095593,
            0.042379465111200866,
            -0.009077237908437535,
            0.04537264074394708,
            0.013553303566256884
        ],
        [
            -0.0016608429971703568,
            -0.029205898802968675,
            0.00031734275945568706,
            0.0218130633959098,
            0.0025192827741894724,
            0.027778651417610885,
            0.025744843002085096,
            -0.006851890159994129,
            -0.06881430509694182,
            0.0065773970388602766,
            -0.02609769278229386,
            0.1587621033608965,
            -0.05202303823296634,
            0.16505981849583534,
            0.07700275830095593,
            0.5859346330868443,
            0.38196122827699297,
            -0.02753479428845347,
            0.15770272826062293,
            0.04156216815247193
        ],
        [
            -0.03651680907671868,
            -0.04170802812952907,
            0.0003744624717779608,
            0.02348594835312354,
            0.002301021874495648,
            0.02739370879486151,
            0.02588326971379882,
            0.0012890824916999405,
            0.023862399383385715,
            -0.0011562956112275574,
            0.07648058447942545,
            0.138721868639812,
            -0.027986192551307933,
            0.11630878087506487,
            0.042379465111200866,
            0.38196122827699297,
            0.2685476547299427,
            -0.00899265839477364,
            0.058712972155442314,
            0.013583163536808012
        ],
        [
            0.0065116337226069545,
            0.0034923713628302946,
            -0.0006413272301875152,
            -0.014467261181266998,
            -0.0011062482436530584,
            -0.009699353708844961,
            0.007528078929689115,
            0.0035048136135841295,
            0.031037222731372244,
            -0.005655848259774995,
            0.05494880338587117,
            0.010895255203689625,
            0.006698999376207591,
            0.009002867091191363,
            -0.009077237908437535,
            -0.02753479428845347,
            -0.00899265839477364,
            0.0069264814829619785,
            -0.03407604261610603,
            -0.010393656157650895
        ],
        [
            -0.024049078420138995,
            -0.016197617390536122,
            0.0025364735654806172,
            0.05466290823555986,
            0.004142404312787038,
            0.027198267720452977,
            -0.03935201093441972,
            -0.017080693197042834,
            -0.15548703704437192,
            0.02612708826005137,
            -0.26711548595391926,
            -0.049343628066707924,
            -0.033159837507552144,
            -0.022701199260510903,
            0.04537264074394708,
            0.15770272826062293,
            0.058712972155442314,
            -0.03407604261610603,
            0.16962279039840678,
            0.051205654539456774
        ],
        [
            -0.009616822588168058,
            -0.005346013082305964,
            0.0009301501492259588,
            0.020768047650901223,
            0.0015812222484610022,
            0.013136323278341315,
            -0.011708080791716226,
            -0.0052629404654967885,
            -0.04675586731146392,
            0.008429238451847619,
            -0.08274856122817173,
            -0.01660897924548079,
            -0.009993539666057363,
            -0.012581568359993835,
            0.013553303566256884,
            0.04156216815247193,
            0.013583163536808012,
            -0.010393656157650895,
            0.051205654539456774,
            0.01560062847432101
        ]
    ]
}