{
    "opt_E": -2.2103352275494124,
    "HF_E": -2.1797502075037234,
    "B3LYP_E": -2.1815131907590666,
    "sto-3G_E": -2.168518308608381,
    "proj": [
        [
            0.5406950759930328,
            0.3327701041728408,
            -0.04051252928935031,
            -0.1654206568363185,
            0.041846306715659184,
            0.04733799941801053,
            0.18053774000018405,
            -0.06812389417125482,
            -0.23970829070175365,
            0.08256773492347895,
            0.02227745235492047,
            0.03309294057827327,
            -0.0028451099033970995,
            0.02182030949448518,
            0.001976327507170752,
            -0.002719210643720481,
            -0.029636034797519514,
            0.00016096023968881012,
            -0.010536904787977495,
            0.0047094884018120745
        ],
        [
            0.3327701041728408,
            0.217864050342934,
            -0.012826168358209886,
            -0.05581444497917757,
            0.011947168128235307,
            0.10932305288162104,
            0.13702016466695455,
            -0.03563803930291115,
            -0.1347602810792412,
            0.042233368755535676,
            0.024866132811854263,
            0.02970417340334053,
            -0.001512157427109239,
            -0.03160363937880555,
            -0.0062264131266607,
            -0.02551033731371049,
            -0.029798015532931568,
            0.00018067981974255858,
            -0.01439030216863348,
            0.0037986988710353026
        ],
        [
            -0.04051252928935031,
            -0.012826168358209886,
            0.016982290844684368,
            0.06424883875358983,
            -0.019367816905813434,
            0.08396628686983573,
            0.010984387439359668,
            0.011933015665415686,
            0.018280698133830483,
            -0.019635015924855812,
            -0.017772636681737865,
            0.0070067061977647045,
            -0.0008136588685845924,
            -0.03736387044488608,
            -0.014920571433863224,
            0.0049393698359126315,
            0.004336807085719495,
            -0.0010261751767445236,
            0.01720167877628668,
            -0.005246118348470121
        ],
        [
            -0.1654206568363185,
            -0.05581444497917757,
            0.06424883875358983,
            0.24412298875244595,
            -0.07300573934853954,
            0.3140614520122296,
            0.04027628481245698,
            0.04629641074770205,
            0.08307375298680966,
            -0.0728289861029884,
            -0.04652293718530522,
            0.032286625736055535,
            -0.0024990292090857837,
            -0.14183426136406568,
            -0.053697441822084246,
            0.017034827977347743,
            0.01941770547085695,
            -0.0033280789458722928,
            0.05298691981450439,
            -0.016886841102361078
        ],
        [
            0.041846306715659184,
            0.011947168128235307,
            -0.019367816905813434,
            -0.07300573934853954,
            0.02216751357102278,
            -0.09754060455907884,
            -0.01373762248048166,
            -0.013188451024216943,
            -0.017095928907708918,
            0.022532212452001748,
            0.024491333063806527,
            -0.0075753642387671235,
            0.0011025671988019606,
            0.04206697597081272,
            0.017918855232610876,
            -0.007752391856892883,
            -0.005362778826348453,
            0.001314214640648415,
            -0.022706583414762047,
            0.006723084027038256
        ],
        [
            0.04733799941801053,
            0.10932305288162104,
            0.08396628686983573,
            0.3140614520122296,
            -0.09754060455907884,
            0.567249480787874,
            0.18900742674241602,
            0.03715091447198871,
            0.018634722676158986,
            -0.06641202796329494,
            -0.010011998322397419,
            0.09458248298536101,
            -0.0047567829790629,
            -0.23164414792033294,
            -0.08467443404500632,
            0.02533740327105766,
            0.022950228094932194,
            -0.004204817154097879,
            0.0529691520694346,
            -0.018291742026104802
        ],
        [
            0.18053774000018405,
            0.13702016466695455,
            0.010984387439359668,
            0.04027628481245698,
            -0.01373762248048166,
            0.18900742674241602,
            0.13144709144776465,
            -0.010643744168009431,
            -0.028377597013812716,
            0.018988081844395474,
            0.10441980309199092,
            0.08058824083348633,
            -0.0005922467149601302,
            -0.05778024364936548,
            -0.01730146441635083,
            0.027245305212808647,
            0.027220540557873388,
            0.0009454061184417442,
            -0.03576165620940121,
            0.008160899401190537
        ],
        [
            -0.06812389417125482,
            -0.03563803930291115,
            0.011933015665415686,
            0.04629641074770205,
            -0.013188451024216943,
            0.03715091447198871,
            -0.010643744168009431,
            0.011993228808140537,
            0.03132532427442689,
            -0.01681596126794994,
            -0.00937683954088839,
            -0.0007991108562145782,
            1.2418433007236456e-05,
            -0.022876610624840792,
            -0.006671338901352556,
            -0.003274836409130628,
            0.0012531081372069667,
            -0.00040686903168310245,
            0.006817698669425568,
            -0.002425524099152773
        ],
        [
            -0.23970829070175365,
            -0.1347602810792412,
            0.018280698133830483,
            0.08307375298680966,
            -0.017095928907708918,
            0.018634722676158986,
            -0.028377597013812716,
            0.03132532427442689,
            0.20849188144458938,
            -0.008137364556958342,
            0.22787803775985116,
            0.06440835537901003,
            0.0069320714264162935,
            -0.04566208934477262,
            0.022582522040273206,
            -0.03362261584076056,
            0.0309481964111365,
            0.005955704827329101,
            -0.13357514716058602,
            0.03144732052520408
        ],
        [
            0.08256773492347895,
            0.042233368755535676,
            -0.019635015924855812,
            -0.0728289861029884,
            0.022532212452001748,
            -0.06641202796329494,
            0.018988081844395474,
            -0.01681596126794994,
            -0.008137364556958342,
            0.03385395314877991,
            0.08761118479401214,
            0.02164437716575507,
            0.0019787972734903025,
            0.03191050792938061,
            0.020221498988190905,
            -0.005006496407794056,
            0.004883563499079327,
            0.0026135674906992206,
            -0.054301332820548096,
            0.014480934615495603
        ],
        [
            0.02227745235492047,
            0.024866132811854263,
            -0.017772636681737865,
            -0.04652293718530522,
            0.024491333063806527,
            -0.010011998322397419,
            0.10441980309199092,
            -0.00937683954088839,
            0.22787803775985116,
            0.08761118479401214,
            0.5895853735099897,
            0.20713681970778153,
            0.012654119619268149,
            -0.0021901932571920133,
            0.06301421701144742,
            0.004601385114491293,
            0.0979107992927683,
            0.014411786902059073,
            -0.32216690512644336,
            0.08022285444020118
        ],
        [
            0.03309294057827327,
            0.02970417340334053,
            0.0070067061977647045,
            0.032286625736055535,
            -0.0075753642387671235,
            0.09458248298536101,
            0.08058824083348633,
            -0.0007991108562145782,
            0.06440835537901003,
            0.02164437716575507,
            0.20713681970778153,
            0.14040600150810362,
            -9.769044848382788e-05,
            0.03085296073476618,
            -0.012166225118053388,
            0.17332201691004143,
            0.1429796365502994,
            0.002133671964175525,
            -0.053008902121555894,
            0.014286941261327565
        ],
        [
            -0.0028451099033970995,
            -0.001512157427109239,
            -0.0008136588685845924,
            -0.0024990292090857837,
            0.0011025671988019606,
            -0.0047567829790629,
            -0.0005922467149601302,
            1.2418433007236456e-05,
            0.0069320714264162935,
            0.0019787972734903025,
            0.012654119619268149,
            -9.769044848382788e-05,
            0.0005920005872725114,
            -0.003564415577177272,
            0.003451650182776135,
            -0.012320307517463474,
            -0.005610295308566535,
            0.0005052826119494131,
            -0.011086174872549271,
            0.0026494628890679052
        ],
        [
            0.02182030949448518,
            -0.03160363937880555,
            -0.03736387044488608,
            -0.14183426136406568,
            0.04206697597081272,
            -0.23164414792033294,
            -0.05778024364936548,
            -0.022876610624840792,
            -0.04566208934477262,
            0.03191050792938061,
            -0.0021901932571920133,
            0.03085296073476618,
            -0.003564415577177272,
            0.1967041673579677,
            0.006275428074687502,
            0.2243851123830845,
            0.1349238508587651,
            -0.0015892225247962244,
            0.054681078490585525,
            -0.008683466375165863
        ],
        [
            0.001976327507170752,
            -0.0062264131266607,
            -0.014920571433863224,
            -0.053697441822084246,
            0.017918855232610876,
            -0.08467443404500632,
            -0.01730146441635083,
            -0.006671338901352556,
            0.022582522040273206,
            0.020221498988190905,
            0.06301421701144742,
            -0.012166225118053388,
            0.003451650182776135,
            0.006275428074687502,
            0.027164972276519192,
            -0.07031583276186916,
            -0.03578798395427813,
            0.0030208357992086983,
            -0.06228207846938793,
            0.015536070955940102
        ],
        [
            -0.002719210643720481,
            -0.02551033731371049,
            0.0049393698359126315,
            0.017034827977347743,
            -0.007752391856892883,
            0.02533740327105766,
            0.027245305212808647,
            -0.003274836409130628,
            -0.03362261584076056,
            -0.005006496407794056,
            0.004601385114491293,
            0.17332201691004143,
            -0.012320307517463474,
            0.2243851123830845,
            -0.07031583276186916,
            0.5607614781533913,
            0.3545160311717699,
            -0.007558448076739077,
            0.17349369922786526,
            -0.037139454635261256
        ],
        [
            -0.029636034797519514,
            -0.029798015532931568,
            0.004336807085719495,
            0.01941770547085695,
            -0.005362778826348453,
            0.022950228094932194,
            0.027220540557873388,
            0.0012531081372069667,
            0.0309481964111365,
            0.004883563499079327,
            0.0979107992927683,
            0.1429796365502994,
            -0.005610295308566535,
            0.1349238508587651,
            -0.03578798395427813,
            0.3545160311717699,
            0.24150510087072102,
            -0.0024938001661534174,
            0.05818604181081223,
            -0.010900570715255341
        ],
        [
            0.00016096023968881012,
            0.00018067981974255858,
            -0.0010261751767445236,
            -0.0033280789458722928,
            0.001314214640648415,
            -0.004204817154097879,
            0.0009454061184417442,
            -0.00040686903168310245,
            0.005955704827329101,
            0.0026135674906992206,
            0.014411786902059073,
            0.002133671964175525,
            0.0005052826119494131,
            -0.0015892225247962244,
            0.0030208357992086983,
            -0.007558448076739077,
            -0.0024938001661534174,
            0.0004803059974622609,
            -0.010534968874199926,
            0.0025741360605542668
        ],
        [
            -0.010536904787977495,
            -0.01439030216863348,
            0.01720167877628668,
            0.05298691981450439,
            -0.022706583414762047,
            0.0529691520694346,
            -0.03576165620940121,
            0.006817698669425568,
            -0.13357514716058602,
            -0.054301332820548096,
            -0.32216690512644336,
            -0.053008902121555894,
            -0.011086174872549271,
            0.054681078490585525,
            -0.06228207846938793,
            0.17349369922786526,
            0.05818604181081223,
            -0.010534968874199926,
            0.23405031975458412,
            -0.056757318080698636
        ],
        [
            0.0047094884018120745,
            0.0037986988710353026,
            -0.005246118348470121,
            -0.016886841102361078,
            0.006723084027038256,
            -0.018291742026104802,
            0.008160899401190537,
            -0.002425524099152773,
            0.03144732052520408,
            0.014480934615495603,
            0.08022285444020118,
            0.014286941261327565,
            0.0026494628890679052,
            -0.008683466375165863,
            0.015536070955940102,
            -0.037139454635261256,
            -0.010900570715255341,
            0.0025741360605542668,
            -0.056757318080698636,
            0.013882724842720401
        ]
    ]
}