{
    "opt_E": -2.1584767594819416,
    "HF_E": -2.1293058369301954,
    "B3LYP_E": -2.1307364952132413,
    "sto-3G_E": -2.1139575027913113,
    "proj": [
        [
            0.5414495553655133,
            0.35254491724316633,
            0.014726660935727554,
            -0.18293699681319248,
            -0.0020284397687297694,
            0.03265515521751225,
            0.17865972713133985,
            0.027302235802305716,
            -0.221913532215831,
            -0.018519245390933005,
            0.04367875940333318,
            0.029887378656378197,
            0.003190283902330305,
            0.04426587119211201,
            -0.006729386824897998,
            0.0030036254792532827,
            -0.03202544146733104,
            -0.0046905129109239135,
            -0.03337993207723809,
            -0.0007371708491153792
        ],
        [
            0.35254491724316633,
            0.24162026880211487,
            0.006181358903716304,
            -0.08022860546015113,
            -0.000544013537249496,
            0.08458270203696032,
            0.13704847710252055,
            0.015120397569028804,
            -0.13492295405174837,
            -0.009755086102426565,
            0.04302914459105401,
            0.022702667974921226,
            -0.0033178813209446298,
            -0.02853394362750166,
            0.002603704825576569,
            -0.035631587942629696,
            -0.041068533291108426,
            -0.005879096519592444,
            -0.042686229021866716,
            0.0007395608382918579
        ],
        [
            0.014726660935727554,
            0.006181358903716304,
            0.0023237204431023387,
            -0.02563769452534743,
            -0.0006818904507541158,
            -0.029803582769379357,
            -0.0033964421428359327,
            0.0025607631955431483,
            0.0004162676425039958,
            -0.003720831915390519,
            0.006911557991331112,
            -0.004276672783665794,
            0.00010290566779997013,
            0.016631342197539034,
            -0.00401052178328313,
            -0.0027512317121167686,
            -0.003151221980244864,
            -0.001702812539820515,
            -0.010291841760594117,
            0.00019721508879645965
        ],
        [
            -0.18293699681319248,
            -0.08022860546015113,
            -0.02563769452534743,
            0.2855603402506459,
            0.007258385890086537,
            0.326688137177521,
            0.03509277380036952,
            -0.027990595720799857,
            0.02282004181759729,
            0.03773079233938768,
            -0.048516119365624916,
            0.05157455393967681,
            -0.003010960039470456,
            -0.18791387056257428,
            0.04306697674506614,
            0.02684813235536882,
            0.03628407855725027,
            0.015275266787754031,
            0.09086802116531092,
            -0.0013082306996235584
        ],
        [
            -0.0020284397687297694,
            -0.000544013537249496,
            -0.0006818904507541158,
            0.007258385890086537,
            0.00023158294712480613,
            0.009210153575469579,
            0.0015147485240751385,
            -0.0007470933500433281,
            -0.0027830561225809214,
            0.0013742666775848152,
            -0.004095118237628415,
            0.0015173899606668775,
            0.00026937634164613027,
            -0.003690064589089923,
            0.0012766206995709153,
            0.00275414965169753,
            0.0018194470858066748,
            0.0008836987981409271,
            0.005528239968979622,
            -0.00016325348671928936
        ],
        [
            0.03265515521751225,
            0.08458270203696032,
            -0.029803582769379357,
            0.326688137177521,
            0.009210153575469579,
            0.5284221281669024,
            0.1742174055204353,
            -0.023713426039086955,
            -0.03827998418963584,
            0.036000270576198,
            0.041455695377714395,
            0.12105703416234881,
            -0.006674370596406756,
            -0.2671261700898545,
            0.05892080518804814,
            0.05082703102954171,
            0.04990413282214479,
            0.010867940937256067,
            0.056213818806366535,
            -0.0002614018426492858
        ],
        [
            0.17865972713133985,
            0.13704847710252055,
            -0.0033964421428359327,
            0.03509277380036952,
            0.0015147485240751385,
            0.1742174055204353,
            0.12249280464089532,
            0.004504635953932193,
            -0.03423746343007903,
            -0.004632822645828711,
            0.10539321904956823,
            0.07100109296249747,
            -0.0031353332405101306,
            -0.06169962702766819,
            0.01242262524357685,
            0.036539655723233005,
            0.02449923928001879,
            -0.005945121300800149,
            -0.043399185255607535,
            0.0012897665456171018
        ],
        [
            0.027302235802305716,
            0.015120397569028804,
            0.0025607631955431483,
            -0.027990595720799857,
            -0.0007470933500433281,
            -0.023713426039086955,
            0.004504635953932193,
            0.0034881703723050658,
            0.002533432198585085,
            -0.005400797561829593,
            0.02119687378174685,
            0.0017680325744178467,
            -0.00016451976815553746,
            0.01652403963508059,
            -0.0041867422534386505,
            0.0017461418183915077,
            0.00015036940403151145,
            -0.0029342998095411394,
            -0.018392277368221535,
            0.00042362047061213497
        ],
        [
            -0.221913532215831,
            -0.13492295405174837,
            0.0004162676425039958,
            0.02282004181759729,
            -0.0027830561225809214,
            -0.03827998418963584,
            -0.03423746343007903,
            0.002533432198585085,
            0.2799011037394532,
            -0.03346941837481247,
            0.2750426253367905,
            0.044088067747853385,
            -0.017230449851226348,
            -0.028907246094243593,
            -0.013503758945370531,
            -0.021354796051169044,
            0.024221554035911523,
            -0.03427539019847185,
            -0.22049769874750813,
            0.008365491857805753
        ],
        [
            -0.018519245390933005,
            -0.009755086102426565,
            -0.003720831915390519,
            0.03773079233938768,
            0.0013742666775848152,
            0.036000270576198,
            -0.004632822645828711,
            -0.005400797561829593,
            -0.03346941837481247,
            0.011538053896341454,
            -0.061728571285733606,
            -0.007560843614169102,
            0.0023569499390733227,
            -0.018631898297335643,
            0.007326649272893469,
            0.0016787645243498224,
            -0.001626781264233234,
            0.00818273122327541,
            0.05207405248309442,
            -0.0015842508180763716
        ],
        [
            0.04367875940333318,
            0.04302914459105401,
            0.006911557991331112,
            -0.048516119365624916,
            -0.004095118237628415,
            0.041455695377714395,
            0.10539321904956823,
            0.02119687378174685,
            0.2750426253367905,
            -0.061728571285733606,
            0.495715156872751,
            0.14981747613061003,
            -0.016320199107517072,
            0.009968522197412014,
            -0.019324602101328543,
            0.09128735481977523,
            0.09663646120281137,
            -0.05073177142154288,
            -0.32791138815890836,
            0.010651558033935853
        ],
        [
            0.029887378656378197,
            0.022702667974921226,
            -0.004276672783665794,
            0.05157455393967681,
            0.0015173899606668775,
            0.12105703416234881,
            0.07100109296249747,
            0.0017680325744178467,
            0.044088067747853385,
            -0.007560843614169102,
            0.14981747613061003,
            0.11339291975319779,
            0.007936371741128984,
            0.03191458340457673,
            0.005465136052660449,
            0.18490688175528391,
            0.12976541827204344,
            -0.00200407202519906,
            -0.012461397182753048,
            -0.00041145422618899143
        ],
        [
            0.003190283902330305,
            -0.0033178813209446298,
            0.00010290566779997013,
            -0.003010960039470456,
            0.00026937634164613027,
            -0.006674370596406756,
            -0.0031353332405101306,
            -0.00016451976815553746,
            -0.017230449851226348,
            0.0023569499390733227,
            -0.016320199107517072,
            0.007936371741128984,
            0.004866523357461155,
            0.028276677032557006,
            -0.0003710245782273099,
            0.04179847896701333,
            0.024299595854337105,
            0.004626836748800489,
            0.031076064652216392,
            -0.0013788304759135665
        ],
        [
            0.04426587119211201,
            -0.02853394362750166,
            0.016631342197539034,
            -0.18791387056257428,
            -0.003690064589089923,
            -0.2671261700898545,
            -0.06169962702766819,
            0.01652403963508059,
            -0.028907246094243593,
            -0.018631898297335643,
            0.009968522197412014,
            0.03191458340457673,
            0.028276677032557006,
            0.2953285406712292,
            -0.03410496592366038,
            0.2506038310868639,
            0.14558376478101376,
            0.00985106116077681,
            0.07687661807421166,
            -0.0055174891959623535
        ],
        [
            -0.006729386824897998,
            0.002603704825576569,
            -0.00401052178328313,
            0.04306697674506614,
            0.0012766206995709153,
            0.05892080518804814,
            0.01242262524357685,
            -0.0041867422534386505,
            -0.013503758945370531,
            0.007326649272893469,
            -0.019324602101328543,
            0.005465136052660449,
            -0.0003710245782273099,
            -0.03410496592366038,
            0.00788899639815744,
            -0.001868651701759266,
            -0.0004028131960775656,
            0.0035021564433294545,
            0.02097527952400729,
            -0.00044584981473980015
        ],
        [
            0.0030036254792532827,
            -0.035631587942629696,
            -0.0027512317121167686,
            0.02684813235536882,
            0.00275414965169753,
            0.05082703102954171,
            0.036539655723233005,
            0.0017461418183915077,
            -0.021354796051169044,
            0.0016787645243498224,
            0.09128735481977523,
            0.18490688175528391,
            0.04179847896701333,
            0.2506038310868639,
            -0.001868651701759266,
            0.505749252461928,
            0.32491211529112174,
            0.025323063655699696,
            0.17379106210923517,
            -0.009089275551317421
        ],
        [
            -0.03202544146733104,
            -0.041068533291108426,
            -0.003151221980244864,
            0.03628407855725027,
            0.0018194470858066748,
            0.04990413282214479,
            0.02449923928001879,
            0.00015036940403151145,
            0.024221554035911523,
            -0.001626781264233234,
            0.09663646120281137,
            0.12976541827204344,
            0.024299595854337105,
            0.14558376478101376,
            -0.0004028131960775656,
            0.32491211529112174,
            0.2148850854664021,
            0.012262976895104792,
            0.08534504037333815,
            -0.004742947642800166
        ],
        [
            -0.0046905129109239135,
            -0.005879096519592444,
            -0.001702812539820515,
            0.015275266787754031,
            0.0008836987981409271,
            0.010867940937256067,
            -0.005945121300800149,
            -0.0029342998095411394,
            -0.03427539019847185,
            0.00818273122327541,
            -0.05073177142154288,
            -0.00200407202519906,
            0.004626836748800489,
            0.00985106116077681,
            0.0035021564433294545,
            0.025323063655699696,
            0.012262976895104792,
            0.007928773835148652,
            0.05162268140561781,
            -0.0018758428437703973
        ],
        [
            -0.03337993207723809,
            -0.042686229021866716,
            -0.010291841760594117,
            0.09086802116531092,
            0.005528239968979622,
            0.056213818806366535,
            -0.043399185255607535,
            -0.018392277368221535,
            -0.22049769874750813,
            0.05207405248309442,
            -0.32791138815890836,
            -0.012461397182753048,
            0.031076064652216392,
            0.07687661807421166,
            0.02097527952400729,
            0.17379106210923517,
            0.08534504037333815,
            0.05162268140561781,
            0.33673241457197234,
            -0.012341242895098529
        ],
        [
            -0.0007371708491153792,
            0.0007395608382918579,
            0.00019721508879645965,
            -0.0013082306996235584,
            -0.00016325348671928936,
            -0.0002614018426492858,
            0.0012897665456171018,
            0.00042362047061213497,
            0.008365491857805753,
            -0.0015842508180763716,
            0.010651558033935853,
            -0.00041145422618899143,
            -0.0013788304759135665,
            -0.0055174891959623535,
            -0.00044584981473980015,
            -0.009089275551317421,
            -0.004742947642800166,
            -0.0018758428437703973,
            -0.012341242895098529,
            0.00048460798735477597
        ]
    ]
}