{
    "opt_E": -2.2174532800319624,
    "HF_E": -2.187242779977795,
    "B3LYP_E": -2.188921226036784,
    "sto-3G_E": -2.183094503270319,
    "proj": [
        [
            0.5361935038606974,
            0.32622167457826007,
            0.022050996810987412,
            -0.17158854318255654,
            0.034033849200447976,
            0.04994316500524705,
            0.18414856908025082,
            0.04479795213663522,
            -0.2583255667585142,
            0.05070471289301918,
            0.03268340946573606,
            0.02676982824669324,
            -0.0018798207706809899,
            0.02275198029886372,
            -0.001054823502894532,
            0.0009798317248355878,
            -0.026226997621837014,
            0.00244966539717158,
            -0.021451736328715998,
            -0.002283078523718923
        ],
        [
            0.32622167457826007,
            0.2133496319656143,
            0.0053033563983436215,
            -0.05145329630238314,
            0.01037604872537589,
            0.11669712730745198,
            0.1390208692495862,
            0.021685617019979495,
            -0.14251004272155712,
            0.027450294904630752,
            0.02425315467175565,
            0.02559013182446071,
            -0.00627736476942071,
            -0.03391919463276035,
            0.0070575890374203155,
            -0.023925834488401954,
            -0.028421699642005253,
            0.0013833898475367299,
            -0.016841288114480147,
            -0.0011220471087903154
        ],
        [
            0.022050996810987412,
            0.0053033563983436215,
            0.006447421043743537,
            -0.04234453427724944,
            0.008212925070466387,
            -0.05312403478479128,
            -0.007293865238392979,
            0.006493993521051027,
            -0.012503352762656107,
            0.002703649999919593,
            0.013831205009196684,
            -0.0060127222073669785,
            0.00411649630779306,
            0.02016983385850268,
            -0.0067975435309934945,
            -0.00544768523773584,
            -0.0034095041658556533,
            0.0007008997611850826,
            -0.014459356942513301,
            -0.0012220198402533387
        ],
        [
            -0.17158854318255654,
            -0.05145329630238314,
            -0.04234453427724944,
            0.2802595458035781,
            -0.05443960848957942,
            0.3384367696372675,
            0.03911253828725512,
            -0.04311186630983132,
            0.10141177241185724,
            -0.021596738428366753,
            -0.07555648500683397,
            0.03903556624130054,
            -0.025659103500642568,
            -0.13712994716064056,
            0.04232624298448725,
            0.02421789487805048,
            0.01939078818601959,
            -0.004198013129692864,
            0.08166736339689329,
            0.007205804294034299
        ],
        [
            0.034033849200447976,
            0.01037604872537589,
            0.008212925070466387,
            -0.05443960848957942,
            0.010580715484875759,
            -0.06537955086555437,
            -0.007288528649592605,
            0.00839465888849943,
            -0.020233368269630465,
            0.004299213576614506,
            0.014421168738338043,
            -0.007107806305512172,
            0.004917310446777808,
            0.027345450412274167,
            -0.008106968692168225,
            -0.0030733453316258265,
            -0.0028540807521889523,
            0.0007967438510170605,
            -0.015148629440302324,
            -0.0013601265951497313
        ],
        [
            0.04994316500524705,
            0.11669712730745198,
            -0.05312403478479128,
            0.3384367696372675,
            -0.06537955086555437,
            0.5713664148476623,
            0.1872241239089428,
            -0.03634485487125259,
            0.03528195016646186,
            -0.010090728868128267,
            -0.027179486673586047,
            0.10143678370369867,
            -0.03984615185012804,
            -0.21488172815422832,
            0.06205985488629024,
            0.0318830527703212,
            0.023068914851952612,
            -0.003450169882520862,
            0.07200430930685096,
            0.00714616863248555
        ],
        [
            0.18414856908025082,
            0.1390208692495862,
            -0.007293865238392979,
            0.03911253828725512,
            -0.007288528649592605,
            0.1872241239089428,
            0.1340857767890171,
            0.01127242543288006,
            -0.029990292788459615,
            0.004252350064197749,
            0.10954530405981998,
            0.07949514706433497,
            -0.009723088063317651,
            -0.05913896234840067,
            0.012059188909074455,
            0.02380410616708899,
            0.025218939092209243,
            0.0021204842453475307,
            -0.04318913061734631,
            -0.0025040761418430703
        ],
        [
            0.04479795213663522,
            0.021685617019979495,
            0.006493993521051027,
            -0.04311186630983132,
            0.00839465888849943,
            -0.03634485487125259,
            0.01127242543288006,
            0.009924664360124662,
            -0.00887217643716777,
            0.0016895223067507602,
            0.048826274693630385,
            0.010890094166803544,
            0.0039011513111217584,
            0.0152584017357124,
            -0.00720243528711359,
            0.0005538781769192458,
            0.005058800867343036,
            0.0014671643625239882,
            -0.031811613095218565,
            -0.0023748477752914138
        ],
        [
            -0.2583255667585142,
            -0.14251004272155712,
            -0.012503352762656107,
            0.10141177241185724,
            -0.020233368269630465,
            0.03528195016646186,
            -0.029990292788459615,
            -0.00887217643716777,
            0.22206364710849583,
            -0.04533725996000567,
            0.20926653799582198,
            0.06520915319411373,
            0.004120190376791602,
            -0.0670417637318248,
            -0.008748413108642845,
            -0.029340018296278247,
            0.034174988074629056,
            0.004012384600302423,
            -0.12588542915007067,
            -0.0075400754449840525
        ],
        [
            0.05070471289301918,
            0.027450294904630752,
            0.002703649999919593,
            -0.021596738428366753,
            0.004299213576614506,
            -0.010090728868128267,
            0.004252350064197749,
            0.0016895223067507602,
            -0.04533725996000567,
            0.0092837405635671,
            -0.04462139026770048,
            -0.014743711358209358,
            -0.0006859121250098737,
            0.014455359231466885,
            0.001587333126162134,
            0.005143242723770856,
            -0.007743009485383829,
            -0.0008498127508163468,
            0.02631772286114216,
            0.0015755223056616262
        ],
        [
            0.03268340946573606,
            0.02425315467175565,
            0.013831205009196684,
            -0.07555648500683397,
            0.014421168738338043,
            -0.027179486673586047,
            0.10954530405981998,
            0.048826274693630385,
            0.20926653799582198,
            -0.04462139026770048,
            0.5917261570161169,
            0.2017349403425413,
            0.01873598631370015,
            -0.024106255669087,
            -0.03982584577824639,
            0.017934214868768616,
            0.1080596856847445,
            0.013868229938974479,
            -0.342022369919981,
            -0.023021446560783632
        ],
        [
            0.02676982824669324,
            0.02559013182446071,
            -0.0060127222073669785,
            0.03903556624130054,
            -0.007107806305512172,
            0.10143678370369867,
            0.07949514706433497,
            0.010890094166803544,
            0.06520915319411373,
            -0.014743711358209358,
            0.2017349403425413,
            0.14003920475171594,
            -0.0048235251215341095,
            0.02932350642908822,
            0.004838777842013906,
            0.17811851176684987,
            0.1427029425475276,
            0.0028230921357824115,
            -0.05032578066851671,
            -0.003830324647056531
        ],
        [
            -0.0018798207706809899,
            -0.00627736476942071,
            0.00411649630779306,
            -0.025659103500642568,
            0.004917310446777808,
            -0.03984615185012804,
            -0.009723088063317651,
            0.0039011513111217584,
            0.004120190376791602,
            -0.0006859121250098737,
            0.01873598631370015,
            -0.0048235251215341095,
            0.0035274768648409787,
            0.008257629676718878,
            -0.005881110810631929,
            -0.01383006852520761,
            -0.0059308333637689645,
            0.0007349034294107843,
            -0.01875513307800076,
            -0.0013563947766735219
        ],
        [
            0.02275198029886372,
            -0.03391919463276035,
            0.02016983385850268,
            -0.13712994716064056,
            0.027345450412274167,
            -0.21488172815422832,
            -0.05913896234840067,
            0.0152584017357124,
            -0.0670417637318248,
            0.014455359231466885,
            -0.024106255669087,
            0.02932350642908822,
            0.008257629676718878,
            0.21200727459434998,
            -0.010791623793098885,
            0.2500218487280694,
            0.14234427541516506,
            -0.0015325334011147454,
            0.0800926911702939,
            0.0030375303141714364
        ],
        [
            -0.001054823502894532,
            0.0070575890374203155,
            -0.0067975435309934945,
            0.04232624298448725,
            -0.008106968692168225,
            0.06205985488629024,
            0.012059188909074455,
            -0.00720243528711359,
            -0.008748413108642845,
            0.001587333126162134,
            -0.03982584577824639,
            0.004838777842013906,
            -0.005881110810631929,
            -0.010791623793098885,
            0.009999501133364327,
            0.024827755123947668,
            0.009690686534223199,
            -0.0014340578492916527,
            0.03657458905283657,
            0.0025936777724474896
        ],
        [
            0.0009798317248355878,
            -0.023925834488401954,
            -0.00544768523773584,
            0.02421789487805048,
            -0.0030733453316258265,
            0.0318830527703212,
            0.02380410616708899,
            0.0005538781769192458,
            -0.029340018296278247,
            0.005143242723770856,
            0.017934214868768616,
            0.17811851176684987,
            -0.01383006852520761,
            0.2500218487280694,
            0.024827755123947668,
            0.5547063764227519,
            0.341032544501503,
            -0.00434953099598976,
            0.1776648017704807,
            0.00916878912213842
        ],
        [
            -0.026226997621837014,
            -0.028421699642005253,
            -0.0034095041658556533,
            0.01939078818601959,
            -0.0028540807521889523,
            0.023068914851952612,
            0.025218939092209243,
            0.005058800867343036,
            0.034174988074629056,
            -0.007743009485383829,
            0.1080596856847445,
            0.1427029425475276,
            -0.0059308333637689645,
            0.14234427541516506,
            0.009690686534223199,
            0.341032544501503,
            0.227755341701252,
            -0.0005295593964162728,
            0.053201246634609296,
            0.001981755880097605
        ],
        [
            0.00244966539717158,
            0.0013833898475367299,
            0.0007008997611850826,
            -0.004198013129692864,
            0.0007967438510170605,
            -0.003450169882520862,
            0.0021204842453475307,
            0.0014671643625239882,
            0.004012384600302423,
            -0.0008498127508163468,
            0.013868229938974479,
            0.0028230921357824115,
            0.0007349034294107843,
            -0.0015325334011147454,
            -0.0014340578492916527,
            -0.00434953099598976,
            -0.0005295593964162728,
            0.0003842710699960763,
            -0.009859777117571696,
            -0.0006544624801852214
        ],
        [
            -0.021451736328715998,
            -0.016841288114480147,
            -0.014459356942513301,
            0.08166736339689329,
            -0.015148629440302324,
            0.07200430930685096,
            -0.04318913061734631,
            -0.031811613095218565,
            -0.12588542915007067,
            0.02631772286114216,
            -0.342022369919981,
            -0.05032578066851671,
            -0.01875513307800076,
            0.0800926911702939,
            0.03657458905283657,
            0.1776648017704807,
            0.053201246634609296,
            -0.009859777117571696,
            0.2651703372326611,
            0.01711131396126225
        ],
        [
            -0.002283078523718923,
            -0.0011220471087903154,
            -0.0012220198402533387,
            0.007205804294034299,
            -0.0013601265951497313,
            0.00714616863248555,
            -0.0025040761418430703,
            -0.0023748477752914138,
            -0.0075400754449840525,
            0.0015755223056616262,
            -0.023021446560783632,
            -0.003830324647056531,
            -0.0013563947766735219,
            0.0030375303141714364,
            0.0025936777724474896,
            0.00916878912213842,
            0.001981755880097605,
            -0.0006544624801852214,
            0.01711131396126225,
            0.0011289973855739923
        ]
    ]
}