{
    "opt_E": -2.189141148904511,
    "HF_E": -2.1579398300517374,
    "B3LYP_E": -2.1599990117008705,
    "sto-3G_E": -2.1430248832915195,
    "proj": [
        [
            0.5311095708199255,
            0.33221828550089993,
            0.05912594884877598,
            -0.1678895155213219,
            0.008270654333545617,
            0.058317625938963565,
            0.18104120576418747,
            0.09728861106611614,
            -0.23604713349186293,
            -0.0036207602933337408,
            0.043925624823841374,
            0.033158332148743135,
            -0.0008748814315019356,
            0.03074693683281593,
            -0.00028696941386409163,
            -0.0028733207228932816,
            -0.032238491477721586,
            -0.0009497835837661876,
            -0.021608873782538677,
            -0.006939634847661464
        ],
        [
            0.33221828550089993,
            0.21826481888421115,
            0.02104264169655063,
            -0.06231992874432015,
            0.004231765907538473,
            0.10522722391251237,
            0.1323035648867925,
            0.05362459957106996,
            -0.14084157183499302,
            0.00012784217451598584,
            0.03138839070232378,
            0.025273918048324587,
            0.00341673892838576,
            -0.026797878809525826,
            0.007819030239211582,
            -0.026586853968958175,
            -0.03492930214161645,
            -0.00020595582665154105,
            -0.016310034539574577,
            -0.003865722091887317
        ],
        [
            0.05912594884877598,
            0.02104264169655063,
            0.03629449730161725,
            -0.09759031611838437,
            0.0024068292243585488,
            -0.11673498436769437,
            -0.010961478958716403,
            0.021880548018290782,
            -0.02177714553126495,
            -0.008981413595507859,
            0.023900223465842262,
            -0.00981958670575335,
            -0.009895168665200915,
            0.06775274827984214,
            -0.022637519462113242,
            -0.010878664601570316,
            -0.00688812157951457,
            -0.0019385319582403999,
            -0.0253922182844525,
            -0.006725249090687389
        ],
        [
            -0.1678895155213219,
            -0.06231992874432015,
            -0.09759031611838437,
            0.262903518161081,
            -0.006602030711591115,
            0.31103210289685324,
            0.028409398714770467,
            -0.060761350633446426,
            0.06911839830664153,
            0.022198348111091986,
            -0.05114493358551722,
            0.030497845748812,
            0.025720152692083394,
            -0.18088403592640764,
            0.05886673021986701,
            0.027973558045960287,
            0.02089793849424118,
            0.004870959693302611,
            0.06103353488119071,
            0.016648619607370185
        ],
        [
            0.008270654333545617,
            0.004231765907538473,
            0.0024068292243585488,
            -0.006602030711591115,
            0.00021482203166571165,
            -0.005551069520008652,
            0.0009419295380156269,
            0.0021894509319135918,
            -0.004409759042328764,
            -0.00024573045908721615,
            -1.78824524032164e-05,
            -0.00026503560831412867,
            -0.0003875689315771728,
            0.004465891188716647,
            -0.0007964419793176886,
            0.0014666347282346424,
            0.0003030531881404628,
            -5.123931402138642e-05,
            -0.00012110131279385225,
            -0.00015361080339417577
        ],
        [
            0.058317625938963565,
            0.10522722391251237,
            -0.11673498436769437,
            0.31103210289685324,
            -0.005551069520008652,
            0.5333851830558498,
            0.17027951911459888,
            -0.03987974974741246,
            0.0012833546840807046,
            0.022920604715754665,
            0.019831172481424714,
            0.09567520265690253,
            0.03644600785014,
            -0.26612009676327397,
            0.08475907071688456,
            0.03579603443377912,
            0.023469818131308096,
            0.005387056695517387,
            0.0442211296950792,
            0.014293734126706545
        ],
        [
            0.18104120576418747,
            0.1323035648867925,
            -0.010961478958716403,
            0.028409398714770467,
            0.0009419295380156269,
            0.17027951911459888,
            0.12387270720223545,
            0.015652343539883175,
            -0.02494125769381367,
            -0.008552626396191676,
            0.12209730317321964,
            0.0806488129743891,
            0.0049616936195947745,
            -0.05169972989412896,
            0.013658178488131553,
            0.022997817052026023,
            0.02525531519593746,
            -0.0010391080827281678,
            -0.04306119539544538,
            -0.00815862102284511
        ],
        [
            0.09728861106611614,
            0.05362459957106996,
            0.021880548018290782,
            -0.060761350633446426,
            0.0021894509319135918,
            -0.03987974974741246,
            0.015652343539883175,
            0.023522955067978635,
            -0.05579002169983295,
            -0.00014212898041667945,
            -0.012303545471378026,
            -0.0065926062124354225,
            -0.0023685975423773796,
            0.034274753960041815,
            -0.004856549996010132,
            0.008156089099166621,
            -0.0044679647832308435,
            -0.00014081855629368323,
            0.004491679189607823,
            -0.00022138898639118465
        ],
        [
            -0.23604713349186293,
            -0.14084157183499302,
            -0.02177714553126495,
            0.06911839830664153,
            -0.004409759042328764,
            0.0012833546840807046,
            -0.02494125769381367,
            -0.05579002169983295,
            0.2396124777588982,
            -0.035224496744220214,
            0.25226001221054234,
            0.07729766569088645,
            -0.013577511469945246,
            -0.024041038389980906,
            -0.03208012795286422,
            -0.05500359655765604,
            0.03133870198853247,
            -0.006210891838906713,
            -0.1422255746611064,
            -0.02683273455017186
        ],
        [
            -0.0036207602933337408,
            0.00012784217451598584,
            -0.008981413595507859,
            0.022198348111091986,
            -0.00024573045908721615,
            0.022920604715754665,
            -0.008552626396191676,
            -0.00014212898041667945,
            -0.035224496744220214,
            0.011966767041623281,
            -0.07790256947167629,
            -0.02298021669516411,
            0.0060635125020405195,
            -0.015332763576519234,
            0.013760188262003977,
            0.012599631212114078,
            -0.006771130332413241,
            0.002191327832711232,
            0.045201799931947416,
            0.009324735696685814
        ],
        [
            0.043925624823841374,
            0.03138839070232378,
            0.023900223465842262,
            -0.05114493358551722,
            -1.78824524032164e-05,
            0.019831172481424714,
            0.12209730317321964,
            -0.012303545471378026,
            0.25226001221054234,
            -0.07790256947167629,
            0.570571238975377,
            0.21473334706396335,
            -0.02988181625748303,
            0.03845454609316945,
            -0.06478773976346748,
            -0.024167078886040024,
            0.09185796674796061,
            -0.013455753914865132,
            -0.2970983081392805,
            -0.0600976110237724
        ],
        [
            0.033158332148743135,
            0.025273918048324587,
            -0.00981958670575335,
            0.030497845748812,
            -0.00026503560831412867,
            0.09567520265690253,
            0.0806488129743891,
            -0.0065926062124354225,
            0.07729766569088645,
            -0.02298021669516411,
            0.21473334706396335,
            0.14087859808373135,
            -0.0012184015614211915,
            0.03196531206824922,
            0.005630741653268079,
            0.1596836024997966,
            0.14034557230705333,
            -0.002543881538047755,
            -0.05940874604395718,
            -0.012865379122965452
        ],
        [
            -0.0008748814315019356,
            0.00341673892838576,
            -0.009895168665200915,
            0.025720152692083394,
            -0.0003875689315771728,
            0.03644600785014,
            0.0049616936195947745,
            -0.0023685975423773796,
            -0.013577511469945246,
            0.0060635125020405195,
            -0.02988181625748303,
            -0.0012184015614211915,
            0.00454313591960603,
            -0.01592565827110721,
            0.01087035135912836,
            0.017706263733990726,
            0.005576019793121444,
            0.0012517952382729133,
            0.02311278381770155,
            0.004923436188022042
        ],
        [
            0.03074693683281593,
            -0.026797878809525826,
            0.06775274827984214,
            -0.18088403592640764,
            0.004465891188716647,
            -0.26612009676327397,
            -0.05169972989412896,
            0.034274753960041815,
            -0.024041038389980906,
            -0.015332763576519234,
            0.03845454609316945,
            0.03196531206824922,
            -0.01592565827110721,
            0.22499941816868652,
            -0.02747359953176385,
            0.19837922571947408,
            0.13005386370410793,
            -0.0018089094636426527,
            0.010515047998075924,
            -0.0031705713382529327
        ],
        [
            -0.00028696941386409163,
            0.007819030239211582,
            -0.022637519462113242,
            0.05886673021986701,
            -0.0007964419793176886,
            0.08475907071688456,
            0.013658178488131553,
            -0.004856549996010132,
            -0.03208012795286422,
            0.013760188262003977,
            -0.06478773976346748,
            0.005630741653268079,
            0.01087035135912836,
            -0.02747359953176385,
            0.027021646577857217,
            0.06500309327607687,
            0.028823356105546163,
            0.0030271595282514436,
            0.05768892946039514,
            0.011986690249437623
        ],
        [
            -0.0028733207228932816,
            -0.026586853968958175,
            -0.010878664601570316,
            0.027973558045960287,
            0.0014666347282346424,
            0.03579603443377912,
            0.022997817052026023,
            0.008156089099166621,
            -0.05500359655765604,
            0.012599631212114078,
            -0.024167078886040024,
            0.1596836024997966,
            0.017706263733990726,
            0.19837922571947408,
            0.06500309327607687,
            0.5877897805336044,
            0.3675196409805541,
            0.006569508969024425,
            0.17225765167494153,
            0.029175714460265383
        ],
        [
            -0.032238491477721586,
            -0.03492930214161645,
            -0.00688812157951457,
            0.02089793849424118,
            0.0003030531881404628,
            0.023469818131308096,
            0.02525531519593746,
            -0.0044679647832308435,
            0.03133870198853247,
            -0.006771130332413241,
            0.09185796674796061,
            0.14034557230705333,
            0.005576019793121444,
            0.13005386370410793,
            0.028823356105546163,
            0.3675196409805541,
            0.25271974694150584,
            0.0016373288860325084,
            0.05323272672093243,
            0.007382954734062351
        ],
        [
            -0.0009497835837661876,
            -0.00020595582665154105,
            -0.0019385319582403999,
            0.004870959693302611,
            -5.123931402138642e-05,
            0.005387056695517387,
            -0.0010391080827281678,
            -0.00014081855629368323,
            -0.006210891838906713,
            0.002191327832711232,
            -0.013455753914865132,
            -0.002543881538047755,
            0.0012517952382729133,
            -0.0018089094636426527,
            0.0030271595282514436,
            0.006569508969024425,
            0.0016373288860325084,
            0.0004357533991794252,
            0.009102712580783032,
            0.0018452708599230874
        ],
        [
            -0.021608873782538677,
            -0.016310034539574577,
            -0.0253922182844525,
            0.06103353488119071,
            -0.00012110131279385225,
            0.0442211296950792,
            -0.04306119539544538,
            0.004491679189607823,
            -0.1422255746611064,
            0.045201799931947416,
            -0.2970983081392805,
            -0.05940874604395718,
            0.02311278381770155,
            0.010515047998075924,
            0.05768892946039514,
            0.17225765167494153,
            0.05323272672093243,
            0.009102712580783032,
            0.2019179049378268,
            0.039800763549350984
        ],
        [
            -0.006939634847661464,
            -0.003865722091887317,
            -0.006725249090687389,
            0.016648619607370185,
            -0.00015361080339417577,
            0.014293734126706545,
            -0.00815862102284511,
            -0.00022138898639118465,
            -0.02683273455017186,
            0.009324735696685814,
            -0.0600976110237724,
            -0.012865379122965452,
            0.004923436188022042,
            -0.0031705713382529327,
            0.011986690249437623,
            0.029175714460265383,
            0.007382954734062351,
            0.0018452708599230874,
            0.039800763549350984,
            0.007975459137539182
        ]
    ]
}