{
    "opt_E": -2.2111660084909937,
    "HF_E": -2.1810841134303134,
    "B3LYP_E": -2.1827987090378853,
    "sto-3G_E": -2.1756349194853746,
    "proj": [
        [
            0.5657629896570987,
            0.35057190060771776,
            0.012405667456626225,
            -0.17659386713302666,
            0.018600751729594595,
            -0.002528573682343551,
            0.17358738374330082,
            0.02976096734101948,
            -0.2345827795287211,
            0.02339968935796678,
            0.03484109512029757,
            0.020994609501857716,
            0.005190598833931023,
            0.03545054761043775,
            -0.0025092255412053456,
            0.0024303262766239855,
            -0.02409937833195564,
            -0.0007569907803822517,
            -0.03019595077518762,
            -0.006653140170298547
        ],
        [
            0.35057190060771776,
            0.23778500476535147,
            0.00297421709163838,
            -0.05206730060319058,
            0.005721076978986112,
            0.10321964448283193,
            0.1446769174431647,
            0.011785765264331258,
            -0.13954521966759617,
            0.013600024765569391,
            0.021053522893343356,
            0.02405297233557426,
            -0.007219714260655157,
            -0.034011077183111575,
            0.0034093986605608713,
            -0.02615096436810186,
            -0.02871199843260849,
            -0.0011289696845872153,
            -0.021032597637080416,
            -0.003664028454672705
        ],
        [
            0.012405667456626225,
            0.00297421709163838,
            0.0016764909405369668,
            -0.01996130962322692,
            0.0020062713460163757,
            -0.0281327289033214,
            -0.005023254605819616,
            0.003282840619687907,
            -0.002502965559844536,
            0.0002159233608502591,
            0.008113376077075886,
            -0.0036459757987101424,
            0.0023001223690110838,
            0.008726261063340233,
            -0.0032101597756767184,
            -0.003039007809775148,
            -0.0021154355795373857,
            -0.0007746556618299417,
            -0.009288887347879055,
            -0.0017958975089850712
        ],
        [
            -0.17659386713302666,
            -0.05206730060319058,
            -0.01996130962322692,
            0.2421495990667802,
            -0.024437701104776128,
            0.33201614470659074,
            0.05500339668358524,
            -0.03690533933720905,
            0.05767742579500717,
            -0.0058498157100964855,
            -0.0666824089433296,
            0.04463773833257211,
            -0.028655515644603106,
            -0.12101420175453306,
            0.032998834625141964,
            0.01585317638826982,
            0.018527946741719266,
            0.006281248360332952,
            0.0820691913362452,
            0.01658703622339198
        ],
        [
            0.018600751729594595,
            0.005721076978986112,
            0.0020062713460163757,
            -0.024437701104776128,
            0.0024718881003091375,
            -0.033069102378767014,
            -0.005101344454921784,
            0.0037473635140265883,
            -0.006171754578901248,
            0.0006215780520776906,
            0.007003951310035815,
            -0.003869974718885049,
            0.0029423409744111454,
            0.012893954222571474,
            -0.0031516345889189747,
            -9.096307688104904e-05,
            -0.0009693287929944709,
            -0.0005811077102088846,
            -0.007809175440034936,
            -0.0016058903127126713
        ],
        [
            -0.002528573682343551,
            0.10321964448283193,
            -0.0281327289033214,
            0.33201614470659074,
            -0.033069102378767014,
            0.5981485860247968,
            0.2098307901812617,
            -0.04164764158203878,
            0.00837383896602155,
            -0.0022490970299653967,
            -0.021328123233508512,
            0.11492173337957538,
            -0.049277100073294666,
            -0.2119985242287713,
            0.0509842489855831,
            0.0296297523325654,
            0.03023892068326868,
            0.005695770538487965,
            0.0775357135480238,
            0.016683120271767497
        ],
        [
            0.17358738374330082,
            0.1446769174431647,
            -0.005023254605819616,
            0.05500339668358524,
            -0.005101344454921784,
            0.2098307901812617,
            0.14341290187371866,
            0.004191783069332606,
            -0.02946655408597359,
            0.0009946041287845525,
            0.09696442102839194,
            0.07911942864977481,
            -0.015257377836362884,
            -0.06909762921167933,
            0.010756713384433169,
            0.029144059991928522,
            0.026189849158055306,
            -0.00356735087556146,
            -0.03764421195008414,
            -0.00625821766633107
        ],
        [
            0.02976096734101948,
            0.011785765264331258,
            0.003282840619687907,
            -0.03690533933720905,
            0.0037473635140265883,
            -0.04164764158203878,
            0.004191783069332606,
            0.010409066722815198,
            0.012188110329119168,
            -0.0020045016070918535,
            0.060424321603236915,
            0.0104800666039819,
            0.0035886029596959076,
            0.009156644776287701,
            -0.008411631405109078,
            0.0016221484607185953,
            0.006258454964246669,
            -0.0040152468948822665,
            -0.04395893370141868,
            -0.008117372223456917
        ],
        [
            -0.2345827795287211,
            -0.13954521966759617,
            -0.002502965559844536,
            0.05767742579500717,
            -0.006171754578901248,
            0.00837383896602155,
            -0.02946655408597359,
            0.012188110329119168,
            0.20424578184482872,
            -0.024096961712722194,
            0.22267363522712155,
            0.05569949119083007,
            -0.004818588176679149,
            -0.0648417219532125,
            -0.0214007525060307,
            -0.015880481643030096,
            0.0325456683620807,
            -0.015818583862590815,
            -0.15283329088978823,
            -0.026411106766930377
        ],
        [
            0.02339968935796678,
            0.013600024765569391,
            0.0002159233608502591,
            -0.0058498157100964855,
            0.0006215780520776906,
            -0.0022490970299653967,
            0.0009946041287845525,
            -0.0020045016070918535,
            -0.024096961712722194,
            0.00291053366616851,
            -0.030684063407852628,
            -0.008511509084085968,
            0.0005956586228806714,
            0.00790253106665234,
            0.002687213851029079,
            0.0006763241755640593,
            -0.004935033431968821,
            0.002085040305454184,
            0.020453422406751794,
            0.003562081347666463
        ],
        [
            0.03484109512029757,
            0.021053522893343356,
            0.008113376077075886,
            -0.0666824089433296,
            0.007003951310035815,
            -0.021328123233508512,
            0.09696442102839194,
            0.060424321603236915,
            0.22267363522712155,
            -0.030684063407852628,
            0.5536912264411168,
            0.17753884772074363,
            0.00338498882653979,
            -0.03806937375834019,
            -0.042924251333356485,
            0.075807553142666,
            0.11535847248585523,
            -0.03289766222606899,
            -0.3435895881280846,
            -0.06206315245258535
        ],
        [
            0.020994609501857716,
            0.02405297233557426,
            -0.0036459757987101424,
            0.04463773833257211,
            -0.003869974718885049,
            0.11492173337957538,
            0.07911942864977481,
            0.0104800666039819,
            0.05569949119083007,
            -0.008511509084085968,
            0.17753884772074363,
            0.1291455833818371,
            -0.0003976876338618524,
            0.031481485727060186,
            0.013657235685129637,
            0.1858610004095225,
            0.1353679962988641,
            -0.002784442560621783,
            -0.03238333468882759,
            -0.007227816391239764
        ],
        [
            0.005190598833931023,
            -0.007219714260655157,
            0.0023001223690110838,
            -0.028655515644603106,
            0.0029423409744111454,
            -0.049277100073294666,
            -0.015257377836362884,
            0.0035886029596959076,
            -0.004818588176679149,
            0.0005956586228806714,
            0.00338498882653979,
            -0.0003976876338618524,
            0.00561806131979389,
            0.03313643734471972,
            -0.0012128698345466931,
            0.025489515058399654,
            0.01401686115964099,
            0.0006692987026251216,
            0.004134766539596546,
            0.00017577301904649528
        ],
        [
            0.03545054761043775,
            -0.034011077183111575,
            0.008726261063340233,
            -0.12101420175453306,
            0.012893954222571474,
            -0.2119985242287713,
            -0.06909762921167933,
            0.009156644776287701,
            -0.0648417219532125,
            0.00790253106665234,
            -0.03806937375834019,
            0.031481485727060186,
            0.03313643734471972,
            0.23996832821049432,
            0.017154967450731137,
            0.26698273099717806,
            0.14595333024513818,
            0.013297869055196462,
            0.11889300647339596,
            0.01695244674799798
        ],
        [
            -0.0025092255412053456,
            0.0034093986605608713,
            -0.0032101597756767184,
            0.032998834625141964,
            -0.0031516345889189747,
            0.0509842489855831,
            0.010756713384433169,
            -0.008411631405109078,
            -0.0214007525060307,
            0.002687213851029079,
            -0.042924251333356485,
            0.013657235685129637,
            -0.0012128698345466931,
            0.017154967450731137,
            0.013784124951525941,
            0.05378038511605599,
            0.02768009252263244,
            0.005430636885849802,
            0.05577726180992007,
            0.009596078965290682
        ],
        [
            0.0024303262766239855,
            -0.02615096436810186,
            -0.003039007809775148,
            0.01585317638826982,
            -9.096307688104904e-05,
            0.0296297523325654,
            0.029144059991928522,
            0.0016221484607185953,
            -0.015880481643030096,
            0.0006763241755640593,
            0.075807553142666,
            0.1858610004095225,
            0.025489515058399654,
            0.26698273099717806,
            0.05378038511605599,
            0.5206959861010484,
            0.3192955193257084,
            0.018171421564746985,
            0.16925366380338577,
            0.024478569930465884
        ],
        [
            -0.02409937833195564,
            -0.02871199843260849,
            -0.0021154355795373857,
            0.018527946741719266,
            -0.0009693287929944709,
            0.03023892068326868,
            0.026189849158055306,
            0.006258454964246669,
            0.0325456683620807,
            -0.004935033431968821,
            0.11535847248585523,
            0.1353679962988641,
            0.01401686115964099,
            0.14595333024513818,
            0.02768009252263244,
            0.3192955193257084,
            0.20652120688962583,
            0.00663302278396454,
            0.05875117486384319,
            0.0071318607004004905
        ],
        [
            -0.0007569907803822517,
            -0.0011289696845872153,
            -0.0007746556618299417,
            0.006281248360332952,
            -0.0005811077102088846,
            0.005695770538487965,
            -0.00356735087556146,
            -0.0040152468948822665,
            -0.015818583862590815,
            0.002085040305454184,
            -0.03289766222606899,
            -0.002784442560621783,
            0.0006692987026251216,
            0.013297869055196462,
            0.005430636885849802,
            0.018171421564746985,
            0.00663302278396454,
            0.002980721118261799,
            0.030259475530695582,
            0.0052073171162497515
        ],
        [
            -0.03019595077518762,
            -0.021032597637080416,
            -0.009288887347879055,
            0.0820691913362452,
            -0.007809175440034936,
            0.0775357135480238,
            -0.03764421195008414,
            -0.04395893370141868,
            -0.15283329088978823,
            0.020453422406751794,
            -0.3435895881280846,
            -0.03238333468882759,
            0.004134766539596546,
            0.11889300647339596,
            0.05577726180992007,
            0.16925366380338577,
            0.05875117486384319,
            0.030259475530695582,
            0.3092730587138345,
            0.05355800556974744
        ],
        [
            -0.006653140170298547,
            -0.003664028454672705,
            -0.0017958975089850712,
            0.01658703622339198,
            -0.0016058903127126713,
            0.016683120271767497,
            -0.00625821766633107,
            -0.008117372223456917,
            -0.026411106766930377,
            0.003562081347666463,
            -0.06206315245258535,
            -0.007227816391239764,
            0.00017577301904649528,
            0.01695244674799798,
            0.009596078965290682,
            0.024478569930465884,
            0.0071318607004004905,
            0.0052073171162497515,
            0.05355800556974744,
            0.009348860210055253
        ]
    ]
}