{
    "opt_E": -2.180764142645814,
    "HF_E": -2.150656211103135,
    "B3LYP_E": -2.152182482397236,
    "sto-3G_E": -2.1362302151062704,
    "proj": [
        [
            0.5580340134942217,
            0.36045198258957517,
            -0.0057675225328494934,
            -0.17862502894757126,
            0.030466737108985512,
            0.005859129214139336,
            0.175689265101907,
            0.006807659649561084,
            -0.21024509351247347,
            0.05672120503316667,
            0.033023945014377394,
            0.026162882369245244,
            0.006833829704234583,
            0.04556239999571516,
            -0.0016288124235284114,
            3.445840140610293e-05,
            -0.028660631705481696,
            0.0003742024743329998,
            -0.02725805030724589,
            0.0023259380018150694
        ],
        [
            0.36045198258957517,
            0.24861666722672549,
            -0.0030915103526926876,
            -0.0694688378189243,
            0.010641862967465941,
            0.08595270171560532,
            0.14186498129168418,
            0.001971884944419232,
            -0.13047155754292417,
            0.031026206870727168,
            0.033632289033717684,
            0.02451734913545021,
            -0.004835545175190248,
            -0.030705280518776152,
            -0.005046406400507114,
            -0.03462132336359663,
            -0.03666959915668138,
            -0.0006508243173852467,
            -0.03397451532162968,
            0.0027018663091960835
        ],
        [
            -0.0057675225328494934,
            -0.0030915103526926876,
            9.440072158709096e-05,
            0.004426091841871629,
            -0.0008355030046471395,
            0.004272065714401801,
            -0.0005245026337503605,
            -0.00039063108292658835,
            0.0014679889357376776,
            -0.0009920668034673924,
            -0.001030114648899835,
            0.0003718825878990899,
            -0.0006086705118218737,
            -0.0024865437514488783,
            -0.0003423910287448143,
            -1.0684984847675023e-05,
            0.00030373397934344243,
            2.933930535878468e-06,
            0.0012224858269112033,
            -8.591523866809288e-05
        ],
        [
            -0.17862502894757126,
            -0.0694688378189243,
            0.004426091841871629,
            0.24957178047237455,
            -0.04860256036582981,
            0.32270357194588906,
            0.04254790457322185,
            -0.025143851268909254,
            0.017708477361965923,
            -0.047428604213059715,
            -0.05128090991603156,
            0.04933564208322065,
            -0.04195464442520985,
            -0.15401363849112257,
            -0.027121871203205663,
            0.021720899886722156,
            0.024645490432253985,
            0.0006185515343107964,
            0.08149119404500323,
            -0.00526978359001348
        ],
        [
            0.030466737108985512,
            0.010641862967465941,
            -0.0008355030046471395,
            -0.04860256036582981,
            0.009521919542697014,
            -0.06483586865071957,
            -0.009906064910750238,
            0.005257172999050507,
            -0.00019353114525480874,
            0.009152128994662133,
            0.012041043239754313,
            -0.010064289714640724,
            0.008438888702411272,
            0.02953405325437358,
            0.005611771386964594,
            -0.005669343593173132,
            -0.0052471924627908425,
            -0.00018419716327418664,
            -0.018200111582019687,
            0.0011921884165315576
        ],
        [
            0.005859129214139336,
            0.08595270171560532,
            0.004272065714401801,
            0.32270357194588906,
            -0.06483586865071957,
            0.5634858697049147,
            0.18857565711188728,
            -0.028564373284550127,
            -0.03780699350414758,
            -0.04192763964048848,
            0.020654217004765236,
            0.12397503999235031,
            -0.06508565662218586,
            -0.2476914095397393,
            -0.044598691024435554,
            0.04295270856812994,
            0.03952878469176241,
            -7.377803019719793e-05,
            0.061949028309252356,
            -0.0024575598634677446
        ],
        [
            0.175689265101907,
            0.14186498129168418,
            -0.0005245026337503605,
            0.04254790457322185,
            -0.009906064910750238,
            0.18857565711188728,
            0.13186736833459523,
            0.0031422553041890334,
            -0.03172865813286947,
            0.011747900838958086,
            0.10376555170607894,
            0.07599454313620438,
            -0.015705547406747702,
            -0.06583595841225005,
            -0.012779755931662154,
            0.033297318910763846,
            0.025121491408045434,
            -0.00095068399099746,
            -0.042572384989480586,
            0.004683963233738682
        ],
        [
            0.006807659649561084,
            0.001971884944419232,
            -0.00039063108292658835,
            -0.025143851268909254,
            0.005257172999050507,
            -0.028564373284550127,
            0.0031422553041890334,
            0.009272249687147455,
            0.03405383407198078,
            0.00855340096752491,
            0.061968154463018114,
            0.01004118432825682,
            0.0060578080802371325,
            0.008623272802919956,
            0.004617393599793845,
            0.0008445214197074144,
            0.00620459519441454,
            -0.0009370338554917283,
            -0.047844856276827503,
            0.0038656246374105573
        ],
        [
            -0.21024509351247347,
            -0.13047155754292417,
            0.0014679889357376776,
            0.017708477361965923,
            -0.00019353114525480874,
            -0.03780699350414758,
            -0.03172865813286947,
            0.03405383407198078,
            0.2401866131608747,
            0.006429393240554459,
            0.2642757021800443,
            0.04349053408510386,
            0.01325592493672513,
            -0.03971441482258304,
            0.015632173790430998,
            -0.021355153177959278,
            0.0268032883202519,
            -0.004909274488166891,
            -0.2052210614546856,
            0.01654331204849123
        ],
        [
            0.05672120503316667,
            0.031026206870727168,
            -0.0009920668034673924,
            -0.047428604213059715,
            0.009152128994662133,
            -0.04192763964048848,
            0.011747900838958086,
            0.00855340096752491,
            0.006429393240554459,
            0.013320135894708315,
            0.04895455598075442,
            0.008009663770778332,
            0.0076468535118658825,
            0.024720208723402637,
            0.004542011371838796,
            0.007541266508765407,
            0.005728192054970947,
            -0.0005159032293467065,
            -0.03698950108129044,
            0.003010771506625921
        ],
        [
            0.033023945014377394,
            0.033632289033717684,
            -0.001030114648899835,
            -0.05128090991603156,
            0.012041043239754313,
            0.020654217004765236,
            0.10376555170607894,
            0.061968154463018114,
            0.2642757021800443,
            0.04895455598075442,
            0.5161956500187965,
            0.15548622285449284,
            0.020105154132015253,
            -0.010574625264208914,
            0.014699069911674767,
            0.08498447475490017,
            0.10588249805781381,
            -0.006688656434144113,
            -0.3365072010935603,
            0.029063873015348476
        ],
        [
            0.026162882369245244,
            0.02451734913545021,
            0.0003718825878990899,
            0.04933564208322065,
            -0.010064289714640724,
            0.12397503999235031,
            0.07599454313620438,
            0.01004118432825682,
            0.04349053408510386,
            0.008009663770778332,
            0.15548622285449284,
            0.11938708794818428,
            -0.007030302138052209,
            0.0326342316611177,
            -0.013072818831869485,
            0.18703819027460858,
            0.13188318850070063,
            0.0007914788530312418,
            -0.0159609144987063,
            0.004274716280159372
        ],
        [
            0.006833829704234583,
            -0.004835545175190248,
            -0.0006086705118218737,
            -0.04195464442520985,
            0.008438888702411272,
            -0.06508565662218586,
            -0.015705547406747702,
            0.0060578080802371325,
            0.01325592493672513,
            0.0076468535118658825,
            0.020105154132015253,
            -0.007030302138052209,
            0.00857165096402836,
            0.030045815470121265,
            0.005749842361593097,
            0.0003470965038262902,
            0.0006573161231934134,
            -0.00024347754773715023,
            -0.02121897143856959,
            0.0015192104825547039
        ],
        [
            0.04556239999571516,
            -0.030705280518776152,
            -0.0024865437514488783,
            -0.15401363849112257,
            0.02953405325437358,
            -0.2476914095397393,
            -0.06583595841225005,
            0.008623272802919956,
            -0.03971441482258304,
            0.024720208723402637,
            -0.010574625264208914,
            0.0326342316611177,
            0.030045815470121265,
            0.2696896109317843,
            0.004867737740791599,
            0.2588165818473997,
            0.14917682172022637,
            0.0051039141532028725,
            0.09994784649097531,
            -0.005745538490634529
        ],
        [
            -0.0016288124235284114,
            -0.005046406400507114,
            -0.0003423910287448143,
            -0.027121871203205663,
            0.005611771386964594,
            -0.044598691024435554,
            -0.012779755931662154,
            0.004617393599793845,
            0.015632173790430998,
            0.004542011371838796,
            0.014699069911674767,
            -0.013072818831869485,
            0.005749842361593097,
            0.004867737740791599,
            0.00539823219486589,
            -0.026507209975101295,
            -0.01540944873081278,
            -0.0006704255021122421,
            -0.027345822488056587,
            0.001744391876808284
        ],
        [
            3.445840140610293e-05,
            -0.03462132336359663,
            -1.0684984847675023e-05,
            0.021720899886722156,
            -0.005669343593173132,
            0.04295270856812994,
            0.033297318910763846,
            0.0008445214197074144,
            -0.021355153177959278,
            0.007541266508765407,
            0.08498447475490017,
            0.18703819027460858,
            0.0003470965038262902,
            0.2588165818473997,
            -0.026507209975101295,
            0.511820174015781,
            0.32241790444159046,
            0.007762050350130935,
            0.1752874138911284,
            -0.007535305911544261
        ],
        [
            -0.028660631705481696,
            -0.03666959915668138,
            0.00030373397934344243,
            0.024645490432253985,
            -0.0052471924627908425,
            0.03952878469176241,
            0.025121491408045434,
            0.00620459519441454,
            0.0268032883202519,
            0.005728192054970947,
            0.10588249805781381,
            0.13188318850070063,
            0.0006573161231934134,
            0.14917682172022637,
            -0.01540944873081278,
            0.32241790444159046,
            0.21064957483650837,
            0.003995496174169247,
            0.07364758890919111,
            -0.0016590660041827068
        ],
        [
            0.0003742024743329998,
            -0.0006508243173852467,
            2.933930535878468e-06,
            0.0006185515343107964,
            -0.00018419716327418664,
            -7.377803019719793e-05,
            -0.00095068399099746,
            -0.0009370338554917283,
            -0.004909274488166891,
            -0.0005159032293467065,
            -0.006688656434144113,
            0.0007914788530312418,
            -0.00024347754773715023,
            0.0051039141532028725,
            -0.0006704255021122421,
            0.007762050350130935,
            0.003995496174169247,
            0.00024640038464499145,
            0.008409331225012421,
            -0.0005929575710398197
        ],
        [
            -0.02725805030724589,
            -0.03397451532162968,
            0.0012224858269112033,
            0.08149119404500323,
            -0.018200111582019687,
            0.061949028309252356,
            -0.042572384989480586,
            -0.047844856276827503,
            -0.2052210614546856,
            -0.03698950108129044,
            -0.3365072010935603,
            -0.0159609144987063,
            -0.02121897143856959,
            0.09994784649097531,
            -0.027345822488056587,
            0.1752874138911284,
            0.07364758890919111,
            0.008409331225012421,
            0.33211658601631605,
            -0.024927692343117706
        ],
        [
            0.0023259380018150694,
            0.0027018663091960835,
            -8.591523866809288e-05,
            -0.00526978359001348,
            0.0011921884165315576,
            -0.0024575598634677446,
            0.004683963233738682,
            0.0038656246374105573,
            0.01654331204849123,
            0.003010771506625921,
            0.029063873015348476,
            0.004274716280159372,
            0.0015192104825547039,
            -0.005745538490634529,
            0.001744391876808284,
            -0.007535305911544261,
            -0.0016590660041827068,
            -0.0005929575710398197,
            -0.024927692343117706,
            0.001954014449243671
        ]
    ]
}