{
    "opt_E": -2.1387991092338914,
    "HF_E": -2.107325762557983,
    "B3LYP_E": -2.109794859573882,
    "sto-3G_E": -2.0763990030031034,
    "proj": [
        [
            0.507920630768862,
            0.33024436244742944,
            -0.013051768464620889,
            -0.17773763471787904,
            0.015355750140003382,
            0.09359726515158778,
            0.17757761842026132,
            -0.030935891146371682,
            -0.24391163895061455,
            0.0073354236848578586,
            0.059351387123619176,
            0.03660847612576648,
            0.008922274854356923,
            0.026573626416450263,
            0.009535870012913896,
            -0.0016576487284015794,
            -0.04056183902363544,
            -0.010737483310228089,
            -0.0205341145007435,
            -0.0125182683662449
        ],
        [
            0.33024436244742944,
            0.21888705566821082,
            -0.005703870453862045,
            -0.08620051817799751,
            0.008125148740703286,
            0.09877743487483745,
            0.12224239265431233,
            -0.01921001795135992,
            -0.15695486355931154,
            0.004817827984776265,
            0.03747916478618379,
            0.022275354294217304,
            0.00400893886046632,
            -0.016018917971754372,
            0.008281162489090815,
            -0.022741288103303073,
            -0.040369016352607506,
            -0.0061064859368056,
            -0.013608653417560224,
            -0.006811752408168937
        ],
        [
            -0.013051768464620889,
            -0.005703870453862045,
            0.002740189008762008,
            0.02976044992736756,
            -0.0019567386382027354,
            0.030622982007505753,
            0.003023525839574107,
            0.0015780061229685805,
            0.007779428980820148,
            -8.942081083099514e-05,
            0.0005102731724743082,
            0.00439370012133673,
            0.0004593411699525621,
            -0.023764640785892802,
            0.003975021203826038,
            0.001259066006272495,
            0.0030852508843904176,
            0.001913916519197475,
            0.0031207648304347768,
            0.002348793251164443
        ],
        [
            -0.17773763471787904,
            -0.08620051817799751,
            0.02976044992736756,
            0.3278960504612486,
            -0.022147445608043166,
            0.31077811986747644,
            0.011075975169143229,
            0.01965810653265102,
            0.0838464599973096,
            0.0016539267131575738,
            -0.03005642788948907,
            0.030976564739423847,
            0.005785464103494416,
            -0.25851955125771225,
            0.04443576569465335,
            0.015435867019705191,
            0.03139408487791101,
            0.026200787460260444,
            0.0475142744547095,
            0.031408158739371826
        ],
        [
            0.015355750140003382,
            0.008125148740703286,
            -0.0019567386382027354,
            -0.022147445608043166,
            0.0015732903236339007,
            -0.018053393543039895,
            0.001888250498816504,
            -0.0015889412412851934,
            -0.004358570423493986,
            -0.0005760334154992976,
            0.007534797303479665,
            0.0004465167670455785,
            -0.0005622662532847194,
            0.017519683210931017,
            -0.003267994563201221,
            -0.0012767122020073062,
            -0.0015491719891884157,
            -0.0026041310271059607,
            -0.005331887847974728,
            -0.003027767638389824
        ],
        [
            0.09359726515158778,
            0.09877743487483745,
            0.030622982007505753,
            0.31077811986747644,
            -0.018053393543039895,
            0.4743314254126217,
            0.14567133915553418,
            0.004172593909368613,
            0.00011309746683391239,
            -0.0017476358665487316,
            0.08173718343031511,
            0.09686875872474812,
            0.008698763572333259,
            -0.30180721508587727,
            0.05469270971695746,
            0.013174318396296375,
            0.026280569731356472,
            0.013104042086124323,
            0.013351200994180275,
            0.01740876261304933
        ],
        [
            0.17757761842026132,
            0.12224239265431233,
            0.003023525839574107,
            0.011075975169143229,
            0.001888250498816504,
            0.14567133915553418,
            0.10982273476320344,
            -0.010465799666830073,
            -0.02182840508708426,
            -0.007774548982950573,
            0.135103781289763,
            0.08075771795285423,
            0.003043584300454228,
            -0.029692456136744483,
            0.008377292123868799,
            0.027025062017723124,
            0.02835026279322601,
            -0.01504848761504736,
            -0.039052384078029356,
            -0.016160045811299713
        ],
        [
            -0.030935891146371682,
            -0.01921001795135992,
            0.0015780061229685805,
            0.01965810653265102,
            -0.0015889412412851934,
            0.004172593909368613,
            -0.010465799666830073,
            0.0023693717456379367,
            0.009016785421554844,
            0.0007548546820808702,
            -0.013849587890012375,
            -0.004261421923360264,
            0.0005200611729382389,
            -0.011283878091368868,
            0.002333969224691545,
            0.0032300427769788326,
            0.0029897580704001314,
            0.00320578891582666,
            0.0071845451181273105,
            0.003626399291496476
        ],
        [
            -0.24391163895061455,
            -0.15695486355931154,
            0.007779428980820148,
            0.0838464599973096,
            -0.004358570423493986,
            0.00011309746683391239,
            -0.02182840508708426,
            0.009016785421554844,
            0.2922646334675627,
            -0.03561584677414787,
            0.27314916905713915,
            0.09078563505247002,
            -0.026486787026322563,
            0.03300274437910863,
            -0.04381726967721809,
            -0.06959579130484148,
            0.0276301996515403,
            -0.04915905259413082,
            -0.1279429505058495,
            -0.05316083882881522
        ],
        [
            0.0073354236848578586,
            0.004817827984776265,
            -8.942081083099514e-05,
            0.0016539267131575738,
            -0.0005760334154992976,
            -0.0017476358665487316,
            -0.007774548982950573,
            0.0007548546820808702,
            -0.03561584677414787,
            0.0060542331877445794,
            -0.05420770765915074,
            -0.01793257404633762,
            0.004576399878463119,
            -0.011088724009815873,
            0.008306315100033605,
            0.015298167811798892,
            -0.00025825227618537014,
            0.010227131078931622,
            0.025860239054171265,
            0.011159317726123403
        ],
        [
            0.059351387123619176,
            0.03747916478618379,
            0.0005102731724743082,
            -0.03005642788948907,
            0.007534797303479665,
            0.08173718343031511,
            0.135103781289763,
            -0.013849587890012375,
            0.27314916905713915,
            -0.05420770765915074,
            0.5379017710290488,
            0.21620146408694196,
            -0.028424161463855364,
            0.11011397269002782,
            -0.05779228077106642,
            -0.04211317440260205,
            0.06525719696654206,
            -0.09166203218155,
            -0.229093760876769,
            -0.10033475448582488
        ],
        [
            0.03660847612576648,
            0.022275354294217304,
            0.00439370012133673,
            0.030976564739423847,
            0.0004465167670455785,
            0.09686875872474812,
            0.08075771795285423,
            -0.004261421923360264,
            0.09078563505247002,
            -0.01793257404633762,
            0.21620146408694196,
            0.13925514835627806,
            0.009505616110964656,
            0.03984940565310025,
            0.007588907705131872,
            0.1459567838368038,
            0.13753320110194117,
            -0.02199156679658808,
            -0.05279702183054244,
            -0.024324463245151404
        ],
        [
            0.008922274854356923,
            0.00400893886046632,
            0.0004593411699525621,
            0.005785464103494416,
            -0.0005622662532847194,
            0.008698763572333259,
            0.003043584300454228,
            0.0005200611729382389,
            -0.026486787026322563,
            0.004576399878463119,
            -0.028424161463855364,
            0.009505616110964656,
            0.010456323790634716,
            0.004044583468819322,
            0.014599896685554177,
            0.07314302063064505,
            0.04395874903088873,
            0.010378796457475184,
            0.02771392696735118,
            0.011124590489223096
        ],
        [
            0.026573626416450263,
            -0.016018917971754372,
            -0.023764640785892802,
            -0.25851955125771225,
            0.017519683210931017,
            -0.30180721508587727,
            -0.029692456136744483,
            -0.011283878091368868,
            0.03300274437910863,
            -0.011088724009815873,
            0.11011397269002782,
            0.03984940565310025,
            0.004044583468819322,
            0.289135435344721,
            -0.03492370099614882,
            0.12359838674390353,
            0.09382885763731685,
            -0.028121622483530145,
            -0.05102987258895187,
            -0.03370812032826232
        ],
        [
            0.009535870012913896,
            0.008281162489090815,
            0.003975021203826038,
            0.04443576569465335,
            -0.003267994563201221,
            0.05469270971695746,
            0.008377292123868799,
            0.002333969224691545,
            -0.04381726967721809,
            0.008306315100033605,
            -0.05779228077106642,
            0.007588907705131872,
            0.014599896685554177,
            -0.03492370099614882,
            0.026112396526134674,
            0.08829187891404555,
            0.05004042894746051,
            0.019140900696491332,
            0.04770808139163781,
            0.02102016634370875
        ],
        [
            -0.0016576487284015794,
            -0.022741288103303073,
            0.001259066006272495,
            0.015435867019705191,
            -0.0012767122020073062,
            0.013174318396296375,
            0.027025062017723124,
            0.0032300427769788326,
            -0.06959579130484148,
            0.015298167811798892,
            -0.04211317440260205,
            0.1459567838368038,
            0.07314302063064505,
            0.12359838674390353,
            0.08829187891404555,
            0.5941413983613744,
            0.3976917733942254,
            0.04927593084712906,
            0.14013269727528022,
            0.05158668802482209
        ],
        [
            -0.04056183902363544,
            -0.040369016352607506,
            0.0030852508843904176,
            0.03139408487791101,
            -0.0015491719891884157,
            0.026280569731356472,
            0.02835026279322601,
            0.0029897580704001314,
            0.0276301996515403,
            -0.00025825227618537014,
            0.06525719696654206,
            0.13753320110194117,
            0.04395874903088873,
            0.09382885763731685,
            0.05004042894746051,
            0.3976917733942254,
            0.2877594029801062,
            0.018321783417324163,
            0.05621143752872035,
            0.018610440551213598
        ],
        [
            -0.010737483310228089,
            -0.0061064859368056,
            0.001913916519197475,
            0.026200787460260444,
            -0.0026041310271059607,
            0.013104042086124323,
            -0.01504848761504736,
            0.00320578891582666,
            -0.04915905259413082,
            0.010227131078931622,
            -0.09166203218155,
            -0.02199156679658808,
            0.010378796457475184,
            -0.028121622483530145,
            0.019140900696491332,
            0.04927593084712906,
            0.018321783417324163,
            0.020107543808011417,
            0.05024302685947475,
            0.022032297506714555
        ],
        [
            -0.0205341145007435,
            -0.013608653417560224,
            0.0031207648304347768,
            0.0475142744547095,
            -0.005331887847974728,
            0.013351200994180275,
            -0.039052384078029356,
            0.0071845451181273105,
            -0.1279429505058495,
            0.025860239054171265,
            -0.229093760876769,
            -0.05279702183054244,
            0.02771392696735118,
            -0.05102987258895187,
            0.04770808139163781,
            0.14013269727528022,
            0.05621143752872035,
            0.05024302685947475,
            0.1270952906385908,
            0.054821881407052166
        ],
        [
            -0.0125182683662449,
            -0.006811752408168937,
            0.002348793251164443,
            0.031408158739371826,
            -0.003027767638389824,
            0.01740876261304933,
            -0.016160045811299713,
            0.003626399291496476,
            -0.05316083882881522,
            0.011159317726123403,
            -0.10033475448582488,
            -0.024324463245151404,
            0.011124590489223096,
            -0.03370812032826232,
            0.02102016634370875,
            0.05158668802482209,
            0.018610440551213598,
            0.022032297506714555,
            0.054821881407052166,
            0.024175674357613315
        ]
    ]
}