{
    "opt_E": -2.2082071550796702,
    "HF_E": -2.178337255716008,
    "B3LYP_E": -2.1797959165644563,
    "sto-3G_E": -2.1694103105322795,
    "proj": [
        [
            0.5468168759572686,
            0.32964530901586264,
            0.0476861679160237,
            -0.16632739486354736,
            -0.0445342855003856,
            0.04303321678579621,
            0.17736048195995316,
            0.0886043940272471,
            -0.24036003959591154,
            -0.07203346647919366,
            0.023362718825586447,
            0.03381946271152338,
            0.004069232490775718,
            0.02029767740946332,
            -0.0030319261183886573,
            -0.0045989231080541095,
            -0.027182279572028574,
            0.006554274206505861,
            -0.012967617759129697,
            0.000710881009148214
        ],
        [
            0.32964530901586264,
            0.2145541340886863,
            0.012462581134875134,
            -0.04973301433868958,
            -0.012729277140390164,
            0.11517880655780117,
            0.13678853782145886,
            0.04247372740997186,
            -0.1320673314968566,
            -0.0360058291477514,
            0.023397575457478396,
            0.03049289465016523,
            -0.006662729365526854,
            -0.03639453384990107,
            -0.002000246886559683,
            -0.02612529014540885,
            -0.02705250502015791,
            0.004295007890482536,
            -0.016156959150997876,
            0.0005868869163100854
        ],
        [
            0.0476861679160237,
            0.012462581134875134,
            0.025444494740851593,
            -0.0771927438964121,
            -0.02185712598391442,
            -0.1035154373837276,
            -0.016020559480422792,
            0.026543874585858527,
            -0.018840321052693277,
            -0.014837272307695276,
            0.027164345187821456,
            -0.00829902814082333,
            0.02025479437549112,
            0.03998086781649074,
            0.0028534139066468353,
            -0.007665657371310108,
            -0.005563892237773035,
            0.008475607073621725,
            -0.026224591024521324,
            0.0025729808436956605
        ],
        [
            -0.16632739486354736,
            -0.04973301433868958,
            -0.0771927438964121,
            0.23785102617253362,
            0.0668116261390573,
            0.31072659238232825,
            0.0466968293110363,
            -0.07805043408286776,
            0.08284340966544046,
            0.047777360247786296,
            -0.04511867313827675,
            0.03311171991458816,
            -0.05569857348018247,
            -0.12904764351760054,
            -0.006664419837520533,
            0.014628472382595426,
            0.018297660641375623,
            -0.019432720697569652,
            0.05344540470821582,
            -0.005751726832733056
        ],
        [
            -0.0445342855003856,
            -0.012729277140390164,
            -0.02185712598391442,
            0.0668116261390573,
            0.01884751886002637,
            0.08804072410322081,
            0.013044502129474677,
            -0.022597927006954156,
            0.019743648975755684,
            0.013186106507444418,
            -0.01890678468351242,
            0.007616761232451337,
            -0.016509535593421366,
            -0.03568273007015334,
            -0.002151996278205367,
            0.004441554161308632,
            0.004309542242971041,
            -0.006437125935613336,
            0.01898284321264135,
            -0.0019304985334489802
        ],
        [
            0.04303321678579621,
            0.11517880655780117,
            -0.1035154373837276,
            0.31072659238232825,
            0.08804072410322081,
            0.5679820904291919,
            0.1975762244037045,
            -0.07443929460553796,
            0.018972733588503835,
            0.0393131868748367,
            -0.01280691601302086,
            0.09555704691735398,
            -0.08886873072402947,
            -0.21598271384369933,
            -0.011591934737492387,
            0.025183298277420035,
            0.02459433193050132,
            -0.0222740048398354,
            0.05474459523789502,
            -0.007198668711432082
        ],
        [
            0.17736048195995316,
            0.13678853782145886,
            -0.016020559480422792,
            0.0466968293110363,
            0.013044502129474677,
            0.1975762244037045,
            0.13224397135659124,
            0.01556810269176535,
            -0.030622542445815346,
            -0.00919778648335268,
            0.09324096621125194,
            0.07778535525468545,
            -0.020386744599175447,
            -0.05976917973794802,
            -0.0023054819599118404,
            0.032418016006585386,
            0.028983695450920565,
            0.0063565800105487395,
            -0.031746643959142166,
            0.0014870361137283227
        ],
        [
            0.0886043940272471,
            0.04247372740997186,
            0.026543874585858527,
            -0.07805043408286776,
            -0.022597927006954156,
            -0.07443929460553796,
            0.01556810269176535,
            0.038724149064795654,
            -0.009936254778504626,
            -0.018333514302126944,
            0.09068607363574815,
            0.01989851883220828,
            0.023198078023133076,
            0.028416153798290565,
            0.004291665610722588,
            -0.0019320082129895267,
            0.0059692508448702455,
            0.016981358808774258,
            -0.06087840427285997,
            0.005140500771747878
        ],
        [
            -0.24036003959591154,
            -0.1320673314968566,
            -0.018840321052693277,
            0.08284340966544046,
            0.019743648975755684,
            0.018972733588503835,
            -0.030622542445815346,
            -0.009936254778504626,
            0.20406553663262172,
            0.034575596687822896,
            0.21877762068573478,
            0.057538217393320414,
            0.022526005325698956,
            -0.05528487063724306,
            0.0104230847471181,
            -0.020184319493147345,
            0.033703627781689144,
            0.032312600963119366,
            -0.1394873142693805,
            0.010836532247883966
        ],
        [
            -0.07203346647919366,
            -0.0360058291477514,
            -0.014837272307695276,
            0.047777360247786296,
            0.013186106507444418,
            0.0393131868748367,
            -0.00919778648335268,
            -0.018333514302126944,
            0.034575596687822896,
            0.013154349138111436,
            -0.005728330693556505,
            0.0004876370190097477,
            -0.006952871576444176,
            -0.023044013584561172,
            -0.0002804850481643719,
            -0.003918135699184821,
            0.0015047097783165203,
            -0.002380216316035241,
            0.0046438119880838815,
            -0.000562899039882765
        ],
        [
            0.023362718825586447,
            0.023397575457478396,
            0.027164345187821456,
            -0.04511867313827675,
            -0.01890678468351242,
            -0.01280691601302086,
            0.09324096621125194,
            0.09068607363574815,
            0.21877762068573478,
            -0.005728330693556505,
            0.5718868393203863,
            0.1938511304239796,
            0.06426835484605051,
            -0.0232903956630713,
            0.020244154922020734,
            0.04128344043012619,
            0.10927532771144272,
            0.08385192264714077,
            -0.334066556560542,
            0.026299373440508426
        ],
        [
            0.03381946271152338,
            0.03049289465016523,
            -0.00829902814082333,
            0.03311171991458816,
            0.007616761232451337,
            0.09555704691735398,
            0.07778535525468545,
            0.01989851883220828,
            0.057538217393320414,
            0.0004876370190097477,
            0.1938511304239796,
            0.13300171938867972,
            -0.014702559847416325,
            0.03359197109592022,
            -0.0021646147776385157,
            0.18057055562156535,
            0.13920953436848843,
            0.012042198685910234,
            -0.04536868817579129,
            0.003314193125364361
        ],
        [
            0.004069232490775718,
            -0.006662729365526854,
            0.02025479437549112,
            -0.05569857348018247,
            -0.016509535593421366,
            -0.08886873072402947,
            -0.020386744599175447,
            0.023198078023133076,
            0.022526005325698956,
            -0.006952871576444176,
            0.06426835484605051,
            -0.014702559847416325,
            0.0301161912611536,
            -0.002799424374791247,
            0.0069778972907166845,
            -0.07014815277749457,
            -0.035293061709035824,
            0.018272649438389535,
            -0.07083521485687583,
            0.005909555799312151
        ],
        [
            0.02029767740946332,
            -0.03639453384990107,
            0.03998086781649074,
            -0.12904764351760054,
            -0.03568273007015334,
            -0.21598271384369933,
            -0.05976917973794802,
            0.028416153798290565,
            -0.05528487063724306,
            -0.023044013584561172,
            -0.0232903956630713,
            0.03359197109592022,
            -0.002799424374791247,
            0.21106477325213374,
            -0.00789606617795272,
            0.24658240593036718,
            0.14005604857411572,
            -0.015962626025861324,
            0.0905150280037682,
            -0.0056252778421230516
        ],
        [
            -0.0030319261183886573,
            -0.002000246886559683,
            0.0028534139066468353,
            -0.006664419837520533,
            -0.002151996278205367,
            -0.011591934737492387,
            -0.0023054819599118404,
            0.004291665610722588,
            0.0104230847471181,
            -0.0002804850481643719,
            0.020244154922020734,
            -0.0021646147776385157,
            0.0069778972907166845,
            -0.00789606617795272,
            0.0019399979866484215,
            -0.022024345032623946,
            -0.01045562652421251,
            0.005179557420233534,
            -0.021199081465869265,
            0.001690051306413984
        ],
        [
            -0.0045989231080541095,
            -0.02612529014540885,
            -0.007665657371310108,
            0.014628472382595426,
            0.004441554161308632,
            0.025183298277420035,
            0.032418016006585386,
            -0.0019320082129895267,
            -0.020184319493147345,
            -0.003918135699184821,
            0.04128344043012619,
            0.18057055562156535,
            -0.07014815277749457,
            0.24658240593036718,
            -0.022024345032623946,
            0.5405302362845416,
            0.3353033734165416,
            -0.037750685454720656,
            0.17523128189080867,
            -0.013087590268984999
        ],
        [
            -0.027182279572028574,
            -0.02705250502015791,
            -0.005563892237773035,
            0.018297660641375623,
            0.004309542242971041,
            0.02459433193050132,
            0.028983695450920565,
            0.0059692508448702455,
            0.033703627781689144,
            0.0015047097783165203,
            0.10927532771144272,
            0.13920953436848843,
            -0.035293061709035824,
            0.14005604857411572,
            -0.01045562652421251,
            0.3353033734165416,
            0.22204018032446357,
            -0.011230478267196637,
            0.058320520850243925,
            -0.004213865671983421
        ],
        [
            0.006554274206505861,
            0.004295007890482536,
            0.008475607073621725,
            -0.019432720697569652,
            -0.006437125935613336,
            -0.0222740048398354,
            0.0063565800105487395,
            0.016981358808774258,
            0.032312600963119366,
            -0.002380216316035241,
            0.08385192264714077,
            0.012042198685910234,
            0.018272649438389535,
            -0.015962626025861324,
            0.005179557420233534,
            -0.037750685454720656,
            -0.011230478267196637,
            0.01648329653526352,
            -0.06643764116315985,
            0.005266371488464816
        ],
        [
            -0.012967617759129697,
            -0.016156959150997876,
            -0.026224591024521324,
            0.05344540470821582,
            0.01898284321264135,
            0.05474459523789502,
            -0.031746643959142166,
            -0.06087840427285997,
            -0.1394873142693805,
            0.0046438119880838815,
            -0.334066556560542,
            -0.04536868817579129,
            -0.07083521485687583,
            0.0905150280037682,
            -0.021199081465869265,
            0.17523128189080867,
            0.058320520850243925,
            -0.06643764116315985,
            0.2715643083740294,
            -0.02131048912220926
        ],
        [
            0.000710881009148214,
            0.0005868869163100854,
            0.0025729808436956605,
            -0.005751726832733056,
            -0.0019304985334489802,
            -0.007198668711432082,
            0.0014870361137283227,
            0.005140500771747878,
            0.010836532247883966,
            -0.000562899039882765,
            0.026299373440508426,
            0.003314193125364361,
            0.005909555799312151,
            -0.0056252778421230516,
            0.001690051306413984,
            -0.013087590268984999,
            -0.004213865671983421,
            0.005266371488464816,
            -0.02131048912220926,
            0.0016883108320214066
        ]
    ]
}