{
    "opt_E": -2.178924089068834,
    "HF_E": -2.148693127038139,
    "B3LYP_E": -2.1509222943128234,
    "sto-3G_E": -2.1340001711920342,
    "proj": [
        [
            0.5436030471949085,
            0.3417335375149841,
            -0.03139184569668957,
            -0.17071982416029935,
            -0.04587625053327663,
            0.04105255905415111,
            0.1756768193527115,
            -0.05780437318513865,
            -0.22551997517206296,
            -0.07992574680748248,
            0.042948724551240866,
            0.03189392073462763,
            -0.0046895828714702366,
            0.036607045788433205,
            -0.005513641584604141,
            -0.0016753242991857484,
            -0.02913492108583114,
            0.006605294995093565,
            -0.026361283808463885,
            0.010037867742897798
        ],
        [
            0.3417335375149841,
            0.22638053198668928,
            -0.011057750601056298,
            -0.06498162429918407,
            -0.016465691713238324,
            0.09716174019930418,
            0.132766234596287,
            -0.03003130946877734,
            -0.13791375909919956,
            -0.04215622303365499,
            0.03325652846172004,
            0.02499937803489832,
            0.0020765796103487987,
            -0.028021868969883953,
            0.0012892027813175995,
            -0.027555891230944696,
            -0.033880930534825694,
            0.004810160560171355,
            -0.021563294994384783,
            0.007109175911459877
        ],
        [
            -0.03139184569668957,
            -0.011057750601056298,
            0.010527380585251463,
            0.05083613985264037,
            0.01499805307747745,
            0.06316807093775074,
            0.008105334964757318,
            0.01018073154213124,
            0.003066423655536581,
            0.01276726941330495,
            -0.015572649334093665,
            0.005136889111278003,
            9.484521766852714e-05,
            -0.03828197861411725,
            -0.0026966943425699684,
            0.007730385063202919,
            0.004221194875110903,
            -0.004894983397183755,
            0.01651994091505305,
            -0.0071756895265841164
        ],
        [
            -0.17071982416029935,
            -0.06498162429918407,
            0.05083613985264037,
            0.24835780019553183,
            0.07254037446111296,
            0.30358600047875506,
            0.03825366754777277,
            0.04919956108723358,
            0.04192347615649248,
            0.06285577486111156,
            -0.042813972650205104,
            0.034042616532586126,
            0.003090189448901645,
            -0.18487814185936224,
            -0.008614088241023289,
            0.03240469339228419,
            0.023926153788791656,
            -0.01859419418607221,
            0.061083107057637476,
            -0.027387193710495607
        ],
        [
            -0.04587625053327663,
            -0.016465691713238324,
            0.01499805307747745,
            0.07254037446111296,
            0.021372888740190724,
            0.08967230285263263,
            0.011255551402785046,
            0.014543696289990951,
            0.0055083480760751554,
            0.01828454459337261,
            -0.021215734451694897,
            0.007386807609756861,
            0.00028175726342385054,
            -0.05465721362091768,
            -0.003601602477305747,
            0.010309013997147039,
            0.005810136079513729,
            -0.006773962971435424,
            0.022792760319636004,
            -0.009936416775230404
        ],
        [
            0.04105255905415111,
            0.09716174019930418,
            0.06316807093775074,
            0.30358600047875506,
            0.08967230285263263,
            0.5294771761042482,
            0.1812995324272189,
            0.0425197446001454,
            -0.01969821857761496,
            0.05292129890862748,
            0.035068784629394334,
            0.10090544078303573,
            0.007959411766245433,
            -0.28177947513267393,
            -0.007961910687164972,
            0.04312154422831834,
            0.029657889224503974,
            -0.014588095488413597,
            0.039803859708083554,
            -0.021658667441990912
        ],
        [
            0.1756768193527115,
            0.132766234596287,
            0.008105334964757318,
            0.03825366754777277,
            0.011255551402785046,
            0.1812995324272189,
            0.12445429161929025,
            -0.00882077621187852,
            -0.02785156554206386,
            -0.011239548909413704,
            0.1097994986745329,
            0.0755798164562652,
            0.004199323390691165,
            -0.06517576004767717,
            0.0017820128361765368,
            0.027823815863046,
            0.02408446715566145,
            0.00863322318172553,
            -0.03673845605287711,
            0.012478429010646268
        ],
        [
            -0.05780437318513865,
            -0.03003130946877734,
            0.01018073154213124,
            0.04919956108723358,
            0.014543696289990951,
            0.0425197446001454,
            -0.00882077621187852,
            0.012204499562689904,
            0.0064068899192147016,
            0.015293545859042698,
            -0.0334601520327786,
            -0.006090162049153782,
            -0.0003290914495404482,
            -0.03289849792458545,
            -0.0029378046193993773,
            0.002365983483918622,
            -0.0003716970994004041,
            -0.006510703961578291,
            0.02300783652581908,
            -0.00952250101172875
        ],
        [
            -0.22551997517206296,
            -0.13791375909919956,
            0.003066423655536581,
            0.04192347615649248,
            0.0055083480760751554,
            -0.01969821857761496,
            -0.02785156554206386,
            0.0064068899192147016,
            0.26087712036438127,
            0.018916009312037213,
            0.2765937087865132,
            0.07448010866036525,
            0.02410405113205543,
            -0.005251084737355401,
            0.040066342184182875,
            -0.049322612292795255,
            0.029747918331095802,
            0.04366897095684285,
            -0.1616893087338519,
            0.06282945827988834
        ],
        [
            -0.07992574680748248,
            -0.04215622303365499,
            0.01276726941330495,
            0.06285577486111156,
            0.01828454459337261,
            0.05292129890862748,
            -0.011239548909413704,
            0.015293545859042698,
            0.018916009312037213,
            0.019630477427631587,
            -0.028688308345898566,
            -0.0036971540582898693,
            0.0006147750752884181,
            -0.041167633214239926,
            -0.0019589610747589815,
            0.0013710371979702503,
            0.00122294093907539,
            -0.00613432357840184,
            0.021330595402225486,
            -0.009016492550011301
        ],
        [
            0.042948724551240866,
            0.03325652846172004,
            -0.015572649334093665,
            -0.042813972650205104,
            -0.021215734451694897,
            0.035068784629394334,
            0.1097994986745329,
            -0.0334601520327786,
            0.2765937087865132,
            -0.028688308345898566,
            0.5409606975272545,
            0.1966909045787246,
            0.028887166277800636,
            0.03989193461187938,
            0.05061615850764866,
            0.011117031491678366,
            0.09395731635243522,
            0.07643786475162459,
            -0.2835949426466966,
            0.1105350797313403
        ],
        [
            0.03189392073462763,
            0.02499937803489832,
            0.005136889111278003,
            0.034042616532586126,
            0.007386807609756861,
            0.10090544078303573,
            0.0755798164562652,
            -0.006090162049153782,
            0.07448010866036525,
            -0.0036971540582898693,
            0.1966909045787246,
            0.1305380170776342,
            -0.00702874129862771,
            0.029398064310842065,
            -0.010776986185912916,
            0.1682825053839014,
            0.13557733307834394,
            0.012793170879683825,
            -0.046804074628606585,
            0.018759832156407103
        ],
        [
            -0.0046895828714702366,
            0.0020765796103487987,
            9.484521766852714e-05,
            0.003090189448901645,
            0.00028175726342385054,
            0.007959411766245433,
            0.004199323390691165,
            -0.0003290914495404482,
            0.02410405113205543,
            0.0006147750752884181,
            0.028887166277800636,
            -0.00702874129862771,
            0.009403598519860699,
            -0.027556966877397372,
            0.014025632007562646,
            -0.0644979615222985,
            -0.035174242882494544,
            0.008742397630292937,
            -0.03387130160478154,
            0.012484606500786586
        ],
        [
            0.036607045788433205,
            -0.028021868969883953,
            -0.03828197861411725,
            -0.18487814185936224,
            -0.05465721362091768,
            -0.28177947513267393,
            -0.06517576004767717,
            -0.03289849792458545,
            -0.005251084737355401,
            -0.041167633214239926,
            0.03989193461187938,
            0.029398064310842065,
            -0.027556966877397372,
            0.24738841223567273,
            -0.02889760843245194,
            0.19649890080252264,
            0.12716324568822318,
            -2.1695799178571422e-05,
            0.011999846656643604,
            0.0008052860438278994
        ],
        [
            -0.005513641584604141,
            0.0012892027813175995,
            -0.0026966943425699684,
            -0.008614088241023289,
            -0.003601602477305747,
            -0.007961910687164972,
            0.0017820128361765368,
            -0.0029378046193993773,
            0.040066342184182875,
            -0.0019589610747589815,
            0.05061615850764866,
            -0.010776986185912916,
            0.014025632007562646,
            -0.02889760843245194,
            0.021820342338441375,
            -0.09655193165652341,
            -0.0515121665948698,
            0.014779167460369419,
            -0.05640337324471574,
            0.021163334438205395
        ],
        [
            -0.0016753242991857484,
            -0.027555891230944696,
            0.007730385063202919,
            0.03240469339228419,
            0.010309013997147039,
            0.04312154422831834,
            0.027823815863046,
            0.002365983483918622,
            -0.049322612292795255,
            0.0013710371979702503,
            0.011117031491678366,
            0.1682825053839014,
            -0.0644979615222985,
            0.19649890080252264,
            -0.09655193165652341,
            0.5644424287619191,
            0.3543173987495823,
            -0.041982146394972185,
            0.16556278976241182,
            -0.05953220252766113
        ],
        [
            -0.02913492108583114,
            -0.033880930534825694,
            0.004221194875110903,
            0.023926153788791656,
            0.005810136079513729,
            0.029657889224503974,
            0.02408446715566145,
            -0.0003716970994004041,
            0.029747918331095802,
            0.00122294093907539,
            0.09395731635243522,
            0.13557733307834394,
            -0.035174242882494544,
            0.12716324568822318,
            -0.0515121665948698,
            0.3543173987495823,
            0.23867395809065053,
            -0.013934087715348969,
            0.05794953244608496,
            -0.019445795557414085
        ],
        [
            0.006605294995093565,
            0.004810160560171355,
            -0.004894983397183755,
            -0.01859419418607221,
            -0.006773962971435424,
            -0.014588095488413597,
            0.00863322318172553,
            -0.006510703961578291,
            0.04366897095684285,
            -0.00613432357840184,
            0.07643786475162459,
            0.012793170879683825,
            0.008742397630292937,
            -2.1695799178571422e-05,
            0.014779167460369419,
            -0.041982146394972185,
            -0.013934087715348969,
            0.014672197667502817,
            -0.0547271144110791,
            0.02114803297212473
        ],
        [
            -0.026361283808463885,
            -0.021563294994384783,
            0.01651994091505305,
            0.061083107057637476,
            0.022792760319636004,
            0.039803859708083554,
            -0.03673845605287711,
            0.02300783652581908,
            -0.1616893087338519,
            0.021330595402225486,
            -0.2835949426466966,
            -0.046804074628606585,
            -0.03387130160478154,
            0.011999846656643604,
            -0.05640337324471574,
            0.16556278976241182,
            0.05794953244608496,
            -0.0547271144110791,
            0.20472955835188741,
            -0.07884480106641976
        ],
        [
            0.010037867742897798,
            0.007109175911459877,
            -0.0071756895265841164,
            -0.027387193710495607,
            -0.009936416775230404,
            -0.021658667441990912,
            0.012478429010646268,
            -0.00952250101172875,
            0.06282945827988834,
            -0.009016492550011301,
            0.1105350797313403,
            0.018759832156407103,
            0.012484606500786586,
            0.0008052860438278994,
            0.021163334438205395,
            -0.05953220252766113,
            -0.019445795557414085,
            0.02114803297212473,
            -0.07884480106641976,
            0.030485575648362892
        ]
    ]
}