{
    "opt_E": -2.1519078810313736,
    "HF_E": -2.1206255292116936,
    "B3LYP_E": -2.1227326890839633,
    "sto-3G_E": -2.090500320185921,
    "proj": [
        [
            0.5534706948986329,
            0.3756633411966896,
            0.04501246774921467,
            -0.16521091904749052,
            0.04172695530027711,
            0.012527010838429744,
            0.17007232341480535,
            0.08158310780313523,
            -0.17430429556601162,
            0.05128335204128025,
            0.026784994946156614,
            0.030603275012913878,
            -0.00376029667525854,
            0.05532764064383473,
            -0.0022080366817287434,
            0.004917584414386788,
            -0.03345797951970371,
            0.00477650359619046,
            -0.017449879285223988,
            -0.0012821652746458107
        ],
        [
            0.3756633411966896,
            0.2666824105079959,
            0.02010743517151859,
            -0.0804472544631291,
            0.02013019909558171,
            0.06958101603751392,
            0.13602845385639736,
            0.051414895937952364,
            -0.11331658541579136,
            0.03172569183918108,
            0.03895751087585317,
            0.024660969627448553,
            -0.00042733530489899005,
            -0.01567107662636383,
            0.0021541738394383492,
            -0.03886188336198896,
            -0.04727783427575144,
            0.008657425354352615,
            -0.033544625789645004,
            -0.0009246326055333264
        ],
        [
            0.04501246774921467,
            0.02010743517151859,
            0.021379093704136674,
            -0.06666715572325921,
            0.01762991297083592,
            -0.09176639211061814,
            -0.013064821239599836,
            0.01579275839919048,
            0.011389353824845768,
            0.003247808143562974,
            0.0079706410431793,
            -0.014467376165567756,
            0.01110675232917583,
            0.06142883939825816,
            -0.010922818615852608,
            -0.005810024291506354,
            -0.007874222497449464,
            0.00555979981049852,
            -0.018333531823118653,
            -0.0017436740195202814
        ],
        [
            -0.16521091904749052,
            -0.0804472544631291,
            -0.06666715572325921,
            0.20929455735579083,
            -0.055195652377511485,
            0.2762700467882652,
            0.03129947671718739,
            -0.051430498880731416,
            -0.02145329068002434,
            -0.013058666817457753,
            -0.020055332973957306,
            0.04339636075441619,
            -0.03274867954585204,
            -0.18760435026789798,
            0.03265259452049353,
            0.01713806831073439,
            0.025999463701844118,
            -0.015984196820158433,
            0.0527337174527116,
            0.005163045570857799
        ],
        [
            0.04172695530027711,
            0.02013019909558171,
            0.01762991297083592,
            -0.055195652377511485,
            0.014600324132189839,
            -0.07296393277737706,
            -0.00816064898570252,
            0.013723192578320973,
            0.009133138990042094,
            0.0028468230647269895,
            0.009376005988779886,
            -0.01065135928199267,
            0.009169322601148116,
            0.04968096017341172,
            -0.00895592684886956,
            -0.005121030199481691,
            -0.006707863363125499,
            0.005052043290172977,
            -0.016746052302463,
            -0.0014910126370837756
        ],
        [
            0.012527010838429744,
            0.06958101603751392,
            -0.09176639211061814,
            0.2762700467882652,
            -0.07296393277737706,
            0.5133198003136702,
            0.17209985039918155,
            -0.036652354323265544,
            -0.06628281356599341,
            -0.005240041485829218,
            0.08596646894326954,
            0.12500286409022818,
            -0.051415614869970636,
            -0.29653996016012607,
            0.05020886621753896,
            0.0352381076120174,
            0.040156436226447025,
            -0.006122870133911819,
            0.018268903255714498,
            0.005447175866235879
        ],
        [
            0.17007232341480535,
            0.13602845385639736,
            -0.013064821239599836,
            0.03129947671718739,
            -0.00816064898570252,
            0.17209985039918155,
            0.1214651994250846,
            0.021043773454191367,
            -0.021529414584768574,
            0.006236141216231211,
            0.11747633230092448,
            0.07708203872142298,
            -0.012862619872718894,
            -0.06076659117951261,
            0.010108659391413338,
            0.03315371074233909,
            0.02461299740345091,
            0.013160593155095431,
            -0.04382881092435338,
            -0.000921014407812793
        ],
        [
            0.08158310780313523,
            0.051414895937952364,
            0.01579275839919048,
            -0.051430498880731416,
            0.013723192578320973,
            -0.036652354323265544,
            0.021043773454191367,
            0.020205442553443555,
            0.011812289385416508,
            0.003360023373559628,
            0.04782682716149665,
            0.010922469009208057,
            0.0069499028356829985,
            0.04152248388441953,
            -0.007722120542769036,
            0.007436192388651568,
            0.003245505434513127,
            0.009949101077369354,
            -0.03271349840038042,
            -0.0020630648459304024
        ],
        [
            -0.17430429556601162,
            -0.11331658541579136,
            0.011389353824845768,
            -0.02145329068002434,
            0.009133138990042094,
            -0.06628281356599341,
            -0.021529414584768574,
            0.011812289385416508,
            0.28286884002020085,
            -0.04787070640238802,
            0.30234896095661945,
            0.04790764924469243,
            0.04536911196106864,
            0.04978008852774927,
            -0.03163067722805209,
            -0.040828363161316245,
            0.015088918016979785,
            0.063743576785517,
            -0.2153074929151184,
            -0.010384855275879498
        ],
        [
            0.05128335204128025,
            0.03172569183918108,
            0.003247808143562974,
            -0.013058666817457753,
            0.0028468230647269895,
            -0.005240041485829218,
            0.006236141216231211,
            0.003360023373559628,
            -0.04787070640238802,
            0.009687777847210942,
            -0.044956212847367324,
            -0.0074578112874957095,
            -0.006104118554072157,
            0.006830586211475221,
            0.003146483973393294,
            0.011010599989556528,
            -0.0010791212888135047,
            -0.009320310790147338,
            0.031898038612372365,
            0.0013234192419429012
        ],
        [
            0.026784994946156614,
            0.03895751087585317,
            0.0079706410431793,
            -0.020055332973957306,
            0.009376005988779886,
            0.08596646894326954,
            0.11747633230092448,
            0.04782682716149665,
            0.30234896095661945,
            -0.044956212847367324,
            0.4984223323832863,
            0.1580467008595701,
            0.03436833791969416,
            0.03739053444465627,
            -0.028240947518123977,
            0.04393670237619583,
            0.07905124645304486,
            0.08811338884237897,
            -0.2929328237757362,
            -0.013629375176784642
        ],
        [
            0.030603275012913878,
            0.024660969627448553,
            -0.014467376165567756,
            0.04339636075441619,
            -0.01065135928199267,
            0.12500286409022818,
            0.07708203872142298,
            0.010922469009208057,
            0.04790764924469243,
            -0.0074578112874957095,
            0.1580467008595701,
            0.11603664004679941,
            -0.02464179907258656,
            0.01955206341334122,
            0.006844542603082887,
            0.1756798477975311,
            0.13164428330127212,
            0.00986572584168807,
            -0.02180769123843789,
            -0.0015335849674281172
        ],
        [
            -0.00376029667525854,
            -0.00042733530489899005,
            0.01110675232917583,
            -0.03274867954585204,
            0.009169322601148116,
            -0.051415614869970636,
            -0.012862619872718894,
            0.0069499028356829985,
            0.04536911196106864,
            -0.006104118554072157,
            0.03436833791969416,
            -0.02464179907258656,
            0.021657392337340382,
            0.0028772468110682668,
            -0.01092284808561288,
            -0.08211884048331486,
            -0.05119140126284154,
            0.015819773883973726,
            -0.058348901690526984,
            -0.0025046884292145312
        ],
        [
            0.05532764064383473,
            -0.01567107662636383,
            0.06142883939825816,
            -0.18760435026789798,
            0.04968096017341172,
            -0.29653996016012607,
            -0.06076659117951261,
            0.04152248388441953,
            0.04978008852774927,
            0.006830586211475221,
            0.03739053444465627,
            0.01955206341334122,
            0.0028772468110682668,
            0.2847848962760448,
            -0.02861933211174672,
            0.20733368525360726,
            0.13095013726647625,
            -3.0253489628920914e-05,
            0.017385218592099565,
            -0.004019545733421902
        ],
        [
            -0.0022080366817287434,
            0.0021541738394383492,
            -0.010922818615852608,
            0.03265259452049353,
            -0.00895592684886956,
            0.05020886621753896,
            0.010108659391413338,
            -0.007722120542769036,
            -0.03163067722805209,
            0.003146483973393294,
            -0.028240947518123977,
            0.006844542603082887,
            -0.01092284808561288,
            -0.02861933211174672,
            0.008246760725596445,
            0.017744446037120214,
            0.00986499275058681,
            -0.008878995854453543,
            0.030552075115459085,
            0.0017770174924226253
        ],
        [
            0.004917584414386788,
            -0.03886188336198896,
            -0.005810024291506354,
            0.01713806831073439,
            -0.005121030199481691,
            0.0352381076120174,
            0.03315371074233909,
            0.007436192388651568,
            -0.040828363161316245,
            0.011010599989556528,
            0.04393670237619583,
            0.1756798477975311,
            -0.08211884048331486,
            0.20733368525360726,
            0.017744446037120214,
            0.5362430205071965,
            0.35753753854100556,
            -0.04066574812853377,
            0.17399648422647115,
            0.0035918927551758283
        ],
        [
            -0.03345797951970371,
            -0.04727783427575144,
            -0.007874222497449464,
            0.025999463701844118,
            -0.006707863363125499,
            0.040156436226447025,
            0.02461299740345091,
            0.003245505434513127,
            0.015088918016979785,
            -0.0010791212888135047,
            0.07905124645304486,
            0.13164428330127212,
            -0.05119140126284154,
            0.13095013726647625,
            0.00986499275058681,
            0.35753753854100556,
            0.24635846085668997,
            -0.018273411327852002,
            0.08635475964877298,
            0.0011704250157226867
        ],
        [
            0.00477650359619046,
            0.008657425354352615,
            0.00555979981049852,
            -0.015984196820158433,
            0.005052043290172977,
            -0.006122870133911819,
            0.013160593155095431,
            0.009949101077369354,
            0.063743576785517,
            -0.009320310790147338,
            0.08811338884237897,
            0.00986572584168807,
            0.015819773883973726,
            -3.0253489628920914e-05,
            -0.008878995854453543,
            -0.04066574812853377,
            -0.018273411327852002,
            0.02069531043197315,
            -0.07217824298010062,
            -0.0031318359591162794
        ],
        [
            -0.017449879285223988,
            -0.033544625789645004,
            -0.018333531823118653,
            0.0527337174527116,
            -0.016746052302463,
            0.018268903255714498,
            -0.04382881092435338,
            -0.03271349840038042,
            -0.2153074929151184,
            0.031898038612372365,
            -0.2929328237757362,
            -0.02180769123843789,
            -0.058348901690526984,
            0.017385218592099565,
            0.030552075115459085,
            0.17399648422647115,
            0.08635475964877298,
            -0.07217824298010062,
            0.25404968047615717,
            0.010700970791248942
        ],
        [
            -0.0012821652746458107,
            -0.0009246326055333264,
            -0.0017436740195202814,
            0.005163045570857799,
            -0.0014910126370837756,
            0.005447175866235879,
            -0.000921014407812793,
            -0.0020630648459304024,
            -0.010384855275879498,
            0.0013234192419429012,
            -0.013629375176784642,
            -0.0015335849674281172,
            -0.0025046884292145312,
            -0.004019545733421902,
            0.0017770174924226253,
            0.0035918927551758283,
            0.0011704250157226867,
            -0.0031318359591162794,
            0.010700970791248942,
            0.0005313652005595116
        ]
    ]
}