{
    "opt_E": -2.1998688108628155,
    "HF_E": -2.1685594393970957,
    "B3LYP_E": -2.1706248517024536,
    "sto-3G_E": -2.153325408170943,
    "proj": [
        [
            0.5413654992457057,
            0.3397164742059877,
            -0.06340455417054383,
            -0.16489669826916187,
            0.019545601055901987,
            0.04133696853302042,
            0.17972421097853325,
            -0.10044958361804687,
            -0.22429397998989026,
            0.053061087666925286,
            0.03240032234998584,
            0.02998394130219047,
            -0.0008021427105878379,
            0.030060465179441637,
            -0.0010562066689482493,
            -0.002854409069426579,
            -0.030354985766658498,
            0.0008489688252378173,
            -0.015010395379099175,
            0.007468967548894212
        ],
        [
            0.3397164742059877,
            0.22545760989872782,
            -0.021874063352546776,
            -0.05966412529237991,
            0.004760134679385977,
            0.1031296048145808,
            0.13630437927095612,
            -0.05512637112301333,
            -0.13358773570609425,
            0.02762037900845656,
            0.02710429533292005,
            0.026190569287169407,
            -0.00401383821891442,
            -0.02776381292979669,
            -0.006937116068991057,
            -0.026888947654713776,
            -0.03294066942004284,
            0.00025175056989305296,
            -0.014446726181919592,
            0.004862133460572728
        ],
        [
            -0.06340455417054383,
            -0.021874063352546776,
            0.03893772207139482,
            0.09550900585396875,
            -0.015470166544417633,
            0.12529270501586104,
            0.014793743846855585,
            0.02299171068211459,
            0.020272557136390472,
            -0.020402785508229722,
            -0.02500439213326183,
            0.011295169967091997,
            -0.009334791783238403,
            -0.0652428095402521,
            -0.021454809575381928,
            0.008049864595446436,
            0.005962576299416368,
            -0.0025115309217829548,
            0.023009241401815574,
            -0.009783875153825599
        ],
        [
            -0.16489669826916187,
            -0.05966412529237991,
            0.09550900585396875,
            0.23484425327093003,
            -0.03785180642572428,
            0.30444064238426505,
            0.035163163383977375,
            0.05843933141896169,
            0.06043833352090369,
            -0.04876911407167934,
            -0.04660413173431302,
            0.03223215338504658,
            -0.021886818477641443,
            -0.15894525444222773,
            -0.05039247266688641,
            0.01897924712571485,
            0.01736183049742627,
            -0.005593693041764315,
            0.04872221857838519,
            -0.021456254980981936
        ],
        [
            0.019545601055901987,
            0.004760134679385977,
            -0.015470166544417633,
            -0.03785180642572428,
            0.00622135240967179,
            -0.0531069939390469,
            -0.008751112873067008,
            -0.00836237336114579,
            -0.0060292652880590035,
            0.00773235881116372,
            0.009004829503781345,
            -0.005638993533680602,
            0.0038831370697202496,
            0.026768333596940933,
            0.008949173056396462,
            -0.003751555561106921,
            -0.0025579274936502823,
            0.0010113013077322544,
            -0.009039336909681004,
            0.003862920341210747
        ],
        [
            0.04133696853302042,
            0.1031296048145808,
            0.12529270501586104,
            0.30444064238426505,
            -0.0531069939390469,
            0.5555594482004491,
            0.18220891326847827,
            0.0431316961479438,
            0.00015527729342854296,
            -0.04375524088166635,
            0.007097634981640096,
            0.09830321120467088,
            -0.0347213369004789,
            -0.2565426446937297,
            -0.07973047061524408,
            0.026849315873516195,
            0.021323236283365028,
            -0.006723353712229312,
            0.04039909054721302,
            -0.021156316602120882
        ],
        [
            0.17972421097853325,
            0.13630437927095612,
            0.014793743846855585,
            0.035163163383977375,
            -0.008751112873067008,
            0.18220891326847827,
            0.1294655281335146,
            -0.015024040205530899,
            -0.02524554277901011,
            0.01613620669291505,
            0.11335621753656745,
            0.08188969379710116,
            -0.00597073250476099,
            -0.056204597885692965,
            -0.015461850917952703,
            0.02631008294761543,
            0.027370871280436134,
            0.001509785465242241,
            -0.037576326961428944,
            0.011146561024193811
        ],
        [
            -0.10044958361804687,
            -0.05512637112301333,
            0.02299171068211459,
            0.05843933141896169,
            -0.00836237336114579,
            0.0431316961479438,
            -0.015024040205530899,
            0.024186056230837073,
            0.052562951062339984,
            -0.011675874504410388,
            0.0133474434061156,
            0.006559752043286866,
            -0.0015637452924070843,
            -0.033098270486892956,
            -0.0030738591542654107,
            -0.00974830775538313,
            0.0031226776414957913,
            8.967216372819179e-05,
            -0.006262270820301015,
            0.0007198565032304503
        ],
        [
            -0.22429397998989026,
            -0.13358773570609425,
            0.020272557136390472,
            0.06043833352090369,
            -0.0060292652880590035,
            0.00015527729342854296,
            -0.02524554277901011,
            0.052562951062339984,
            0.21373391347939044,
            0.011058408934000537,
            0.24824213444314264,
            0.07314198945804809,
            0.015157433792803708,
            -0.023602892823606385,
            0.035472598300855356,
            -0.045213146874527516,
            0.03041734192326704,
            0.009461544498914853,
            -0.13543025971888278,
            0.043084146114926274
        ],
        [
            0.053061087666925286,
            0.02762037900845656,
            -0.020402785508229722,
            -0.04876911407167934,
            0.00773235881116372,
            -0.04375524088166635,
            0.01613620669291505,
            -0.011675874504410388,
            0.011058408934000537,
            0.019355323140233055,
            0.07903190694369129,
            0.0208956518909579,
            0.007296056875558626,
            0.02731283862995773,
            0.016638888462670306,
            -0.008762807259614928,
            0.0048025838406133455,
            0.0034750916783688164,
            -0.044691503661664654,
            0.015694675768520485
        ],
        [
            0.03240032234998584,
            0.02710429533292005,
            -0.02500439213326183,
            -0.04660413173431302,
            0.009004829503781345,
            0.007097634981640096,
            0.11335621753656745,
            0.0133474434061156,
            0.24824213444314264,
            0.07903190694369129,
            0.5841287028277096,
            0.21198788962833714,
            0.03199399375018321,
            0.026192612750477635,
            0.07003785460531033,
            -0.015931902624937676,
            0.0929481309939822,
            0.02092196149311458,
            -0.294727605913531,
            0.09778659345330225
        ],
        [
            0.02998394130219047,
            0.026190569287169407,
            0.011295169967091997,
            0.03223215338504658,
            -0.005638993533680602,
            0.09830321120467088,
            0.08188969379710116,
            0.006559752043286866,
            0.07314198945804809,
            0.0208956518909579,
            0.21198788962833714,
            0.1412371759268476,
            -0.00016619645638719956,
            0.028189772754537736,
            -0.012168332094617427,
            0.16446682987327613,
            0.14140692381635672,
            0.0038135487246439715,
            -0.054777811574899124,
            0.019107000604325703
        ],
        [
            -0.0008021427105878379,
            -0.00401383821891442,
            -0.009334791783238403,
            -0.021886818477641443,
            0.0038831370697202496,
            -0.0347213369004789,
            -0.00597073250476099,
            -0.0015637452924070843,
            0.015157433792803708,
            0.007296056875558626,
            0.03199399375018321,
            -0.00016619645638719956,
            0.004660964235746125,
            0.010212640256334523,
            0.011784775260142285,
            -0.022524686245948188,
            -0.008821383170846415,
            0.0018976744154691348,
            -0.024296701379646738,
            0.008285988931145825
        ],
        [
            0.030060465179441637,
            -0.02776381292979669,
            -0.0652428095402521,
            -0.15894525444222773,
            0.026768333596940933,
            -0.2565426446937297,
            -0.056204597885692965,
            -0.033098270486892956,
            -0.023602892823606385,
            0.02731283862995773,
            0.026192612750477635,
            0.028189772754537736,
            0.010212640256334523,
            0.20486101160707368,
            0.00959885302404183,
            0.20219800423864184,
            0.12825735531929514,
            0.0008211353342688944,
            0.02442103379939562,
            -0.001375050799106794
        ],
        [
            -0.0010562066689482493,
            -0.006937116068991057,
            -0.021454809575381928,
            -0.05039247266688641,
            0.008949173056396462,
            -0.07973047061524408,
            -0.015461850917952703,
            -0.0030738591542654107,
            0.035472598300855356,
            0.016638888462670306,
            0.07003785460531033,
            -0.012168332094617427,
            0.011784775260142285,
            0.00959885302404183,
            0.031915583932297646,
            -0.08844138914655392,
            -0.044187495443666625,
            0.00480803969496359,
            -0.06398017414619991,
            0.02125880788585893
        ],
        [
            -0.002854409069426579,
            -0.026888947654713776,
            0.008049864595446436,
            0.01897924712571485,
            -0.003751555561106921,
            0.026849315873516195,
            0.02631008294761543,
            -0.00974830775538313,
            -0.045213146874527516,
            -0.008762807259614928,
            -0.015931902624937676,
            0.16446682987327613,
            -0.022524686245948188,
            0.20219800423864184,
            -0.08844138914655392,
            0.5787052425802507,
            0.3642467616501849,
            -0.009899956583517491,
            0.16565656322416106,
            -0.047684770365736213
        ],
        [
            -0.030354985766658498,
            -0.03294066942004284,
            0.005962576299416368,
            0.01736183049742627,
            -0.0025579274936502823,
            0.021323236283365028,
            0.027370871280436134,
            0.0031226776414957913,
            0.03041734192326704,
            0.0048025838406133455,
            0.0929481309939822,
            0.14140692381635672,
            -0.008821383170846415,
            0.12825735531929514,
            -0.044187495443666625,
            0.3642467616501849,
            0.24966357268188236,
            -0.002633141518980107,
            0.05332971359344334,
            -0.013322430140896065
        ],
        [
            0.0008489688252378173,
            0.00025175056989305296,
            -0.0025115309217829548,
            -0.005593693041764315,
            0.0010113013077322544,
            -0.006723353712229312,
            0.001509785465242241,
            8.967216372819179e-05,
            0.009461544498914853,
            0.0034750916783688164,
            0.02092196149311458,
            0.0038135487246439715,
            0.0018976744154691348,
            0.0008211353342688944,
            0.00480803969496359,
            -0.009899956583517491,
            -0.002633141518980107,
            0.0009771244340923502,
            -0.013531559249318256,
            0.004468509465141939
        ],
        [
            -0.015010395379099175,
            -0.014446726181919592,
            0.023009241401815574,
            0.04872221857838519,
            -0.009039336909681004,
            0.04039909054721302,
            -0.037576326961428944,
            -0.006262270820301015,
            -0.13543025971888278,
            -0.044691503661664654,
            -0.294727605913531,
            -0.054777811574899124,
            -0.024296701379646738,
            0.02442103379939562,
            -0.06398017414619991,
            0.16565656322416106,
            0.05332971359344334,
            -0.013531559249318256,
            0.19408874899566594,
            -0.06295173246652615
        ],
        [
            0.007468967548894212,
            0.004862133460572728,
            -0.009783875153825599,
            -0.021456254980981936,
            0.003862920341210747,
            -0.021156316602120882,
            0.011146561024193811,
            0.0007198565032304503,
            0.043084146114926274,
            0.015694675768520485,
            0.09778659345330225,
            0.019107000604325703,
            0.008285988931145825,
            -0.001375050799106794,
            0.02125880788585893,
            -0.047684770365736213,
            -0.013322430140896065,
            0.004468509465141939,
            -0.06295173246652615,
            0.020635166697580032
        ]
    ]
}