{
    "opt_E": -2.1909781636068413,
    "HF_E": -2.1590917585535685,
    "B3LYP_E": -2.1615100759233234,
    "sto-3G_E": -2.139143869915559,
    "proj": [
        [
            0.5732267254192605,
            0.3658670659985011,
            0.03068254870466127,
            -0.162992368110365,
            -0.029490302971626407,
            -0.003880663861523569,
            0.1656308578681461,
            0.07064415683707154,
            -0.20349603449704468,
            -0.0581355735094678,
            0.022945972796842868,
            0.030716411513254535,
            0.01596444309675359,
            0.047574618107956004,
            -0.009012441201896596,
            -0.0007050137872308267,
            -0.030847246147573337,
            0.00016053231003642602,
            -0.01226169610716524,
            -0.00019327083378703174
        ],
        [
            0.3658670659985011,
            0.24981295411517462,
            0.008928596814418637,
            -0.06011218547116093,
            -0.009328046106985807,
            0.08523903907705924,
            0.13703737256227444,
            0.0357878181477242,
            -0.12845675019264033,
            -0.03069096788136262,
            0.026329305129266612,
            0.028665079110414667,
            -0.004833067814371016,
            -0.026002601172933116,
            0.0016442579494629968,
            -0.03167160834448793,
            -0.038842610405379084,
            -0.0004257936160335779,
            -0.016419850151278694,
            3.4495605020924196e-05
        ],
        [
            0.03068254870466127,
            0.008928596814418637,
            0.011523473283584114,
            -0.046515106605618375,
            -0.010239670044672602,
            -0.07189374174031785,
            -0.012947921524405695,
            0.016336564577014163,
            0.004313963758202686,
            -0.010755003496412197,
            0.017711493625028805,
            -0.006679320420935879,
            0.014624503709144285,
            0.035595515119521574,
            -0.007214365506667723,
            -0.009027860685182784,
            -0.0038313872020816235,
            -0.0010570692527542402,
            -0.01935570170962766,
            0.0005469402533449198
        ],
        [
            -0.162992368110365,
            -0.06011218547116093,
            -0.046515106605618375,
            0.19434006568538859,
            0.04167522436032958,
            0.28759826450400366,
            0.04735956597622287,
            -0.06212154494025419,
            0.020520457691560735,
            0.04295060741498106,
            -0.028423953023881957,
            0.036196148631242805,
            -0.056768113602357936,
            -0.14806402157863485,
            0.02821041690822032,
            0.02452337734182523,
            0.017350244630220717,
            0.002727517602879504,
            0.04938947264402685,
            -0.001499414424107567
        ],
        [
            -0.029490302971626407,
            -0.009328046106985807,
            -0.010239670044672602,
            0.04167522436032958,
            0.009116844547113012,
            0.06362055165503451,
            0.011119844531554983,
            -0.014357008458593307,
            -0.0018705146625277711,
            0.009558026894525734,
            -0.013685701140588211,
            0.006314225466033056,
            -0.012871668845374037,
            -0.03183233671326831,
            0.006360230656808434,
            0.007369378924105883,
            0.003463144621891725,
            0.0008627293512613247,
            0.01578961222883844,
            -0.00045055018119217354
        ],
        [
            -0.003880663861523569,
            0.08523903907705924,
            -0.07189374174031785,
            0.28759826450400366,
            0.06362055165503451,
            0.5643944448104455,
            0.1974501700502425,
            -0.06969291745572033,
            -0.03426334635648101,
            0.0454921561467673,
            0.030496496543112456,
            0.11224080963091372,
            -0.09819693465458795,
            -0.2630132182218801,
            0.04844449277432469,
            0.04386578370519196,
            0.026791405585661933,
            0.003313481602285386,
            0.046963082183149346,
            -0.0020923735327242647
        ],
        [
            0.1656308578681461,
            0.13703737256227444,
            -0.012947921524405695,
            0.04735956597622287,
            0.011119844531554983,
            0.1974501700502425,
            0.13390763665029976,
            0.013248171795608128,
            -0.02458745597368067,
            -0.009779509750956431,
            0.11116507263306892,
            0.0833067561939744,
            -0.023710323344237227,
            -0.06913827121884937,
            0.01166803163464491,
            0.025799737948619034,
            0.022840617073716273,
            -0.0011652869250115836,
            -0.03744596414796816,
            0.00027384447473826327
        ],
        [
            0.07064415683707154,
            0.0357878181477242,
            0.016336564577014163,
            -0.06212154494025419,
            -0.014357008458593307,
            -0.06969291745572033,
            0.013248171795608128,
            0.03580634732728246,
            0.031012259825643356,
            -0.02222075354362854,
            0.1002050555881284,
            0.02359122345009046,
            0.02058837505151333,
            0.04243711462945319,
            -0.009983603516148444,
            -0.008250268915132617,
            0.00798879286110124,
            -0.003269170343460484,
            -0.06607325284488216,
            0.001531172754361205
        ],
        [
            -0.20349603449704468,
            -0.12845675019264033,
            0.004313963758202686,
            0.020520457691560735,
            -0.0018705146625277711,
            -0.03426334635648101,
            -0.02458745597368067,
            0.031012259825643356,
            0.22156179626847916,
            -0.008507184038079176,
            0.2698291384565035,
            0.06270033358358679,
            0.018507852837812682,
            -0.006385718140680133,
            -0.00790151833370529,
            -0.053590242490656144,
            0.023067107803251986,
            -0.009213483661476347,
            -0.17496506803985457,
            0.00424578442455734
        ],
        [
            -0.0581355735094678,
            -0.03069096788136262,
            -0.010755003496412197,
            0.04295060741498106,
            0.009558026894525734,
            0.0454921561467673,
            -0.009779509750956431,
            -0.02222075354362854,
            -0.008507184038079176,
            0.014383601160030056,
            -0.05169678102810986,
            -0.011975913491611567,
            -0.012847950095272658,
            -0.028984163011194157,
            0.006290839777689937,
            0.002768375934537621,
            -0.0038943254491782334,
            0.0016755012937867506,
            0.03442349006480764,
            -0.0007895830812481601
        ],
        [
            0.022945972796842868,
            0.026329305129266612,
            0.017711493625028805,
            -0.028423953023881957,
            -0.013685701140588211,
            0.030496496543112456,
            0.11116507263306892,
            0.1002050555881284,
            0.2698291384565035,
            -0.05169678102810986,
            0.5525489795300343,
            0.19420559181278088,
            0.031242687977869752,
            0.017502500979113735,
            -0.013745766181912727,
            0.001960451953490253,
            0.09152550534370267,
            -0.015158230523330731,
            -0.31314068964933955,
            0.006784411434149569
        ],
        [
            0.030716411513254535,
            0.028665079110414667,
            -0.006679320420935879,
            0.036196148631242805,
            0.006314225466033056,
            0.11224080963091372,
            0.0833067561939744,
            0.02359122345009046,
            0.06270033358358679,
            -0.011975913491611567,
            0.19420559181278088,
            0.13257957359556874,
            -0.005520681027214761,
            0.02691406395764424,
            0.0033898879723574075,
            0.16762696219168127,
            0.13685833043589749,
            -0.0009886393522035063,
            -0.048589008338646766,
            0.0002613396831670367
        ],
        [
            0.01596444309675359,
            -0.004833067814371016,
            0.014624503709144285,
            -0.056768113602357936,
            -0.012871668845374037,
            -0.09819693465458795,
            -0.023710323344237227,
            0.02058837505151333,
            0.018507852837812682,
            -0.012847950095272658,
            0.031242687977869752,
            -0.005520681027214761,
            0.019860658379034078,
            0.05035008869982194,
            -0.009713311794192232,
            -0.004281132365313276,
            0.0026629847774824696,
            -0.0014983937772098054,
            -0.02802104829165998,
            0.0007743858159419678
        ],
        [
            0.047574618107956004,
            -0.026002601172933116,
            0.035595515119521574,
            -0.14806402157863485,
            -0.03183233671326831,
            -0.2630132182218801,
            -0.06913827121884937,
            0.04243711462945319,
            -0.006385718140680133,
            -0.028984163011194157,
            0.017502500979113735,
            0.02691406395764424,
            0.05035008869982194,
            0.22621101001548258,
            -0.024620815195745722,
            0.21458550139259033,
            0.14105241760166598,
            0.0028931055179421653,
            0.03368436725099175,
            -0.0011163914100511534
        ],
        [
            -0.009012441201896596,
            0.0016442579494629968,
            -0.007214365506667723,
            0.02821041690822032,
            0.006360230656808434,
            0.04844449277432469,
            0.01166803163464491,
            -0.009983603516148444,
            -0.00790151833370529,
            0.006290839777689937,
            -0.013745766181912727,
            0.0033898879723574075,
            -0.009713311794192232,
            -0.024620815195745722,
            0.004758225568531349,
            0.002629273565958957,
            -0.0006359026578995183,
            0.0007026213127546209,
            0.01302773950266946,
            -0.0003655032935552677
        ],
        [
            -0.0007050137872308267,
            -0.03167160834448793,
            -0.009027860685182784,
            0.02452337734182523,
            0.007369378924105883,
            0.04386578370519196,
            0.025799737948619034,
            -0.008250268915132617,
            -0.053590242490656144,
            0.002768375934537621,
            0.001960451953490253,
            0.16762696219168127,
            -0.004281132365313276,
            0.21458550139259033,
            0.002629273565958957,
            0.5652067277773087,
            0.3629627321356003,
            0.01282884348423551,
            0.17986717106490868,
            -0.0060221767598216385
        ],
        [
            -0.030847246147573337,
            -0.038842610405379084,
            -0.0038313872020816235,
            0.017350244630220717,
            0.003463144621891725,
            0.026791405585661933,
            0.022840617073716273,
            0.00798879286110124,
            0.023067107803251986,
            -0.0038943254491782334,
            0.09152550534370267,
            0.13685833043589749,
            0.0026629847774824696,
            0.14105241760166598,
            -0.0006359026578995183,
            0.3629627321356003,
            0.24994868408328533,
            0.0056690665818175424,
            0.06359239829946968,
            -0.002702930029151883
        ],
        [
            0.00016053231003642602,
            -0.0004257936160335779,
            -0.0010570692527542402,
            0.002727517602879504,
            0.0008627293512613247,
            0.003313481602285386,
            -0.0011652869250115836,
            -0.003269170343460484,
            -0.009213483661476347,
            0.0016755012937867506,
            -0.015158230523330731,
            -0.0009886393522035063,
            -0.0014983937772098054,
            0.0028931055179421653,
            0.0007026213127546209,
            0.01282884348423551,
            0.0056690665818175424,
            0.0007284683641111772,
            0.013000799672553178,
            -0.0003359305948907105
        ],
        [
            -0.01226169610716524,
            -0.016419850151278694,
            -0.01935570170962766,
            0.04938947264402685,
            0.01578961222883844,
            0.046963082183149346,
            -0.03744596414796816,
            -0.06607325284488216,
            -0.17496506803985457,
            0.03442349006480764,
            -0.31314068964933955,
            -0.048589008338646766,
            -0.02802104829165998,
            0.03368436725099175,
            0.01302773950266946,
            0.17986717106490868,
            0.06359239829946968,
            0.013000799672553178,
            0.2399282197346439,
            -0.005961669076133129
        ],
        [
            -0.00019327083378703174,
            3.4495605020924196e-05,
            0.0005469402533449198,
            -0.001499414424107567,
            -0.00045055018119217354,
            -0.0020923735327242647,
            0.00027384447473826327,
            0.001531172754361205,
            0.00424578442455734,
            -0.0007895830812481601,
            0.006784411434149569,
            0.0002613396831670367,
            0.0007743858159419678,
            -0.0011163914100511534,
            -0.0003655032935552677,
            -0.0060221767598216385,
            -0.002702930029151883,
            -0.0003359305948907105,
            -0.005961669076133129,
            0.0001555636849409665
        ]
    ]
}