{
    "opt_E": -2.196600057269364,
    "HF_E": -2.1657223416589098,
    "B3LYP_E": -2.1675638568503306,
    "sto-3G_E": -2.1529395342832043,
    "proj": [
        [
            0.5422601078601983,
            0.3415717496376233,
            0.006689566269988521,
            -0.17744452855964987,
            0.027734273495451805,
            0.037796892079744876,
            0.1797309179377383,
            0.0030635659039569382,
            -0.2384692709753741,
            0.05928230640850062,
            0.039119427485370784,
            0.03143774895864503,
            -0.0001157852282121088,
            0.03458605718666339,
            0.0025720775273905734,
            -0.002709052026733504,
            -0.03023061046951825,
            -0.004066202989355014,
            -0.02104927144582201,
            0.004101606679787858
        ],
        [
            0.3415717496376233,
            0.22773979523080096,
            0.0029123796816884697,
            -0.0655033757433701,
            0.008858805492701407,
            0.09943962910778657,
            0.13629258838945216,
            0.0024080559051804923,
            -0.14230734965436287,
            0.03065991424154877,
            0.031970774036825585,
            0.026110616534611292,
            0.002982253111688347,
            -0.028930960619617425,
            -0.004648304475655772,
            -0.030319881329740405,
            -0.03534912931239076,
            -0.002965114820653629,
            -0.020195007483116853,
            0.0027323393709624997
        ],
        [
            0.006689566269988521,
            0.0029123796816884697,
            0.00023484834064133769,
            -0.007873954306681011,
            0.001428966153566346,
            -0.008567317506758536,
            -0.0003083947955397341,
            -0.00014888764050980193,
            -0.002781443247512969,
            0.0017342051479171056,
            0.0013043178516498892,
            -0.0006376571331668808,
            -0.0007071985188342616,
            0.005243584908202359,
            0.0010620401301699172,
            0.00041313045227480533,
            4.069665837970907e-05,
            -0.0002560396885227556,
            -0.0013234245705615075,
            0.00019824350042163408
        ],
        [
            -0.17744452855964987,
            -0.0655033757433701,
            -0.007873954306681011,
            0.27408211436841556,
            -0.050680621390681725,
            0.3288986612527564,
            0.03547752000637749,
            0.007168668748795767,
            0.06176219700543318,
            -0.058835952458088966,
            -0.05625480715243708,
            0.03711247058213138,
            0.030934150486154714,
            -0.17415603331447782,
            -0.043127769080590406,
            0.028991873722147905,
            0.019851163516725754,
            0.0118680519335574,
            0.06821169613196253,
            -0.008674509560750802
        ],
        [
            0.027734273495451805,
            0.008858805492701407,
            0.001428966153566346,
            -0.050680621390681725,
            0.009484980126040795,
            -0.06311143808316297,
            -0.007960213206889888,
            -0.0017304427264618445,
            -0.0064613010214699985,
            0.011127050687706964,
            0.01519593305551823,
            -0.006451290612837429,
            -0.006421170755150022,
            0.031871660214651994,
            0.008661623879362201,
            -0.007952635964832495,
            -0.0040886373345760596,
            -0.0027136965530618297,
            -0.016313070246567685,
            0.0019420798596377733
        ],
        [
            0.037796892079744876,
            0.09943962910778657,
            -0.008567317506758536,
            0.3288986612527564,
            -0.06311143808316297,
            0.5523368292122913,
            0.1782090446685812,
            0.008432730364086805,
            -0.0045227846059149954,
            -0.05034215017978564,
            0.01029442246718046,
            0.10416049786298548,
            0.04411631311974391,
            -0.2592069211876863,
            -0.06250632357885666,
            0.04192782658152302,
            0.02578502397410405,
            0.010221108499002353,
            0.05248451527656616,
            -0.0070752932378271155
        ],
        [
            0.1797309179377383,
            0.13629258838945216,
            -0.0003083947955397341,
            0.03547752000637749,
            -0.007960213206889888,
            0.1782090446685812,
            0.12780750398064197,
            -0.0027605198259863487,
            -0.027571410300854752,
            0.014888034133691016,
            0.11553279814887629,
            0.07963146228930118,
            0.007362881425234098,
            -0.05844027637626068,
            -0.012070112945560211,
            0.026374372719157445,
            0.025239451499581653,
            -0.005822176826902595,
            -0.04281682382236511,
            0.004456477162944741
        ],
        [
            0.0030635659039569382,
            0.0024080559051804923,
            -0.00014888764050980193,
            0.007168668748795767,
            -0.0017304427264618445,
            0.008432730364086805,
            -0.0027605198259863487,
            0.002419084524601213,
            -0.018914059098595917,
            -0.004624761263337528,
            -0.035145218282098975,
            -0.009318903166818378,
            0.003422301386467821,
            -0.002973814657685486,
            -0.003541960459230255,
            0.004489700564662016,
            -0.003671721753124255,
            0.0031875228497523643,
            0.021956831497316157,
            -0.0021792849790436145
        ],
        [
            -0.2384692709753741,
            -0.14230734965436287,
            -0.002781443247512969,
            0.06176219700543318,
            -0.0064613010214699985,
            -0.0045227846059149954,
            -0.027571410300854752,
            -0.018914059098595917,
            0.2440298839868688,
            0.004794738312430974,
            0.2570184171940946,
            0.06791606232742758,
            -0.021792903646594825,
            -0.0352005667241008,
            0.018822693571223632,
            -0.04745376583127499,
            0.03203648826737155,
            -0.022328067426972215,
            -0.16001240657696253,
            0.014657065465100785
        ],
        [
            0.05928230640850062,
            0.03065991424154877,
            0.0017342051479171056,
            -0.058835952458088966,
            0.011127050687706964,
            -0.05034215017978564,
            0.014888034133691016,
            -0.004624761263337528,
            0.004794738312430974,
            0.01948958350970138,
            0.06879029201927911,
            0.015425114779205813,
            -0.008992983975264377,
            0.03108555395306675,
            0.010955281430356848,
            -0.005255085581111171,
            0.005057949759622113,
            -0.006856201522364358,
            -0.04477970568429091,
            0.004878059768042198
        ],
        [
            0.039119427485370784,
            0.031970774036825585,
            0.0013043178516498892,
            -0.05625480715243708,
            0.01519593305551823,
            0.01029442246718046,
            0.11553279814887629,
            -0.035145218282098975,
            0.2570184171940946,
            0.06879029201927911,
            0.562827747492705,
            0.19641991270692555,
            -0.03809282640801684,
            0.015561472336958449,
            0.03697559378881101,
            0.004833524830494207,
            0.10057470368816224,
            -0.045790489592665524,
            -0.31582184180470824,
            0.03167641105111803
        ],
        [
            0.03143774895864503,
            0.026110616534611292,
            -0.0006376571331668808,
            0.03711247058213138,
            -0.006451290612837429,
            0.10416049786298548,
            0.07963146228930118,
            -0.009318903166818378,
            0.06791606232742758,
            0.015425114779205813,
            0.19641991270692555,
            0.13350182962568413,
            0.006975296641574498,
            0.029201901083337364,
            -0.007592398014844776,
            0.17094451711761868,
            0.13862420941907416,
            -0.007725619450627814,
            -0.04887183152651169,
            0.00591725388232232
        ],
        [
            -0.0001157852282121088,
            0.002982253111688347,
            -0.0007071985188342616,
            0.030934150486154714,
            -0.006421170755150022,
            0.04411631311974391,
            0.007362881425234098,
            0.003422301386467821,
            -0.021792903646594825,
            -0.008992983975264377,
            -0.03809282640801684,
            0.006975296641574498,
            0.009379175088083872,
            -0.0038863263921867434,
            -0.010003793887149911,
            0.045305976137449855,
            0.021269152859983344,
            0.005636140203019417,
            0.03936847585656439,
            -0.003757540840703012
        ],
        [
            0.03458605718666339,
            -0.028930960619617425,
            0.005243584908202359,
            -0.17415603331447782,
            0.031871660214651994,
            -0.2592069211876863,
            -0.05844027637626068,
            -0.002973814657685486,
            -0.0352005667241008,
            0.03108555395306675,
            0.015561472336958449,
            0.029201901083337364,
            -0.0038863263921867434,
            0.23275943465877527,
            0.017432174294714258,
            0.2238543946766421,
            0.13859170099568777,
            0.0028439061316695323,
            0.040205298444612375,
            -0.0010175542035906029
        ],
        [
            0.0025720775273905734,
            -0.004648304475655772,
            0.0010620401301699172,
            -0.043127769080590406,
            0.008661623879362201,
            -0.06250632357885666,
            -0.012070112945560211,
            -0.003541960459230255,
            0.018822693571223632,
            0.010955281430356848,
            0.03697559378881101,
            -0.007592398014844776,
            -0.010003793887149911,
            0.017432174294714258,
            0.011467495288861642,
            -0.03614866875116301,
            -0.015987407503974125,
            -0.0055134386432140305,
            -0.03737230623158725,
            0.0037177212672596157
        ],
        [
            -0.002709052026733504,
            -0.030319881329740405,
            0.00041313045227480533,
            0.028991873722147905,
            -0.007952635964832495,
            0.04192782658152302,
            0.026374372719157445,
            0.004489700564662016,
            -0.04745376583127499,
            -0.005255085581111171,
            0.004833524830494207,
            0.17094451711761868,
            0.045305976137449855,
            0.2238543946766421,
            -0.03614866875116301,
            0.5670674171713741,
            0.3515074545991805,
            0.022329565040078766,
            0.17878158874858763,
            -0.01355377873779637
        ],
        [
            -0.03023061046951825,
            -0.03534912931239076,
            4.069665837970907e-05,
            0.019851163516725754,
            -0.0040886373345760596,
            0.02578502397410405,
            0.025239451499581653,
            -0.003671721753124255,
            0.03203648826737155,
            0.005057949759622113,
            0.10057470368816224,
            0.13862420941907416,
            0.021269152859983344,
            0.13859170099568777,
            -0.015987407503974125,
            0.3515074545991805,
            0.2371222393563885,
            0.005927816881479526,
            0.055717580748835,
            -0.0030152926130971127
        ],
        [
            -0.004066202989355014,
            -0.002965114820653629,
            -0.0002560396885227556,
            0.0118680519335574,
            -0.0027136965530618297,
            0.010221108499002353,
            -0.005822176826902595,
            0.0031875228497523643,
            -0.022328067426972215,
            -0.006856201522364358,
            -0.045790489592665524,
            -0.007725619450627814,
            0.005636140203019417,
            0.0028439061316695323,
            -0.0055134386432140305,
            0.022329565040078766,
            0.005927816881479526,
            0.0047999624580666225,
            0.033737475577251964,
            -0.003250474156764082
        ],
        [
            -0.02104927144582201,
            -0.020195007483116853,
            -0.0013234245705615075,
            0.06821169613196253,
            -0.016313070246567685,
            0.05248451527656616,
            -0.04281682382236511,
            0.021956831497316157,
            -0.16001240657696253,
            -0.04477970568429091,
            -0.31582184180470824,
            -0.04887183152651169,
            0.03936847585656439,
            0.040205298444612375,
            -0.03737230623158725,
            0.17878158874858763,
            0.055717580748835,
            0.033737475577251964,
            0.23898026015068555,
            -0.02274722295547825
        ],
        [
            0.004101606679787858,
            0.0027323393709624997,
            0.00019824350042163408,
            -0.008674509560750802,
            0.0019420798596377733,
            -0.0070752932378271155,
            0.004456477162944741,
            -0.0021792849790436145,
            0.014657065465100785,
            0.004878059768042198,
            0.03167641105111803,
            0.00591725388232232,
            -0.003757540840703012,
            -0.0010175542035906029,
            0.0037177212672596157,
            -0.01355377873779637,
            -0.0030152926130971127,
            -0.003250474156764082,
            -0.02274722295547825,
            0.0022097075691759572
        ]
    ]
}