{
    "opt_E": -2.2091927092864974,
    "HF_E": -2.178848723906265,
    "B3LYP_E": -2.18071631336341,
    "sto-3G_E": -2.17242549522388,
    "proj": [
        [
            0.5844731654984902,
            0.3638595766655725,
            -0.00931263924558903,
            -0.165698259735078,
            0.03854879657919623,
            -0.031612569947153536,
            0.16541060052412718,
            -0.00523376381225809,
            -0.21135073545498984,
            0.06770144203766537,
            0.026028241280973603,
            0.019787600722314457,
            0.007284444942411764,
            0.03901185274012034,
            0.0054051379740248885,
            0.000688843000823362,
            -0.020608715659558265,
            1.760473701023657e-05,
            -0.026406280247284048,
            0.002470802649865255
        ],
        [
            0.3638595766655725,
            0.2507273500945423,
            -0.003012240058736238,
            -0.04767848703290571,
            0.010281728125036567,
            0.09598843537514258,
            0.14812599297247614,
            -0.006126771802388683,
            -0.12895636476426936,
            0.03258341681948355,
            0.017814536492922434,
            0.025679487900558667,
            -0.00604748065040788,
            -0.03406637749736597,
            -0.004857935165603449,
            -0.028281322837350555,
            -0.02739383510831332,
            -0.0006578034763593216,
            -0.02116850319578023,
            0.00100090637868401
        ],
        [
            -0.00931263924558903,
            -0.003012240058736238,
            0.00048526791984064067,
            0.009629321998738368,
            -0.0023717733457620537,
            0.014871649615066995,
            0.0028289067867565405,
            -0.0003989607101686369,
            0.0030267032307896985,
            -0.00235220794603113,
            -0.001070424399820094,
            0.001906528123464373,
            -0.0013830246808817035,
            -0.005945469835666628,
            -0.0011179124788047114,
            -0.0008207920268888998,
            -3.8778166697505626e-05,
            6.525953189890251e-06,
            0.001699516406902478,
            -8.61795214506136e-05
        ],
        [
            -0.165698259735078,
            -0.04767848703290571,
            0.009629321998738368,
            0.19751833095148766,
            -0.04939037618756137,
            0.3121165339683368,
            0.06230268125010791,
            -0.012720667839364973,
            0.033235429263740096,
            -0.04941516478805617,
            -0.057297081577538815,
            0.04063220390813681,
            -0.028595593868328335,
            -0.09406285337672943,
            -0.023799495500517232,
            0.015795988389710122,
            0.011686678459640713,
            0.001969447029536059,
            0.075359776961419,
            -0.0014108634778426954
        ],
        [
            0.03854879657919623,
            0.010281728125036567,
            -0.0023717733457620537,
            -0.04939037618756137,
            0.01243409544613319,
            -0.0787886758162118,
            -0.015948233786317396,
            0.003737110731441407,
            -0.004862381099353462,
            0.012531265066942293,
            0.01890458767930086,
            -0.009929542761646211,
            0.007196205982677107,
            0.020689600814072093,
            0.006054218654445914,
            -0.0068635564007524736,
            -0.0038078178709154372,
            -0.0006986783500133448,
            -0.023482195571340254,
            0.0003165816956837012
        ],
        [
            -0.031612569947153536,
            0.09598843537514258,
            0.014871649615066995,
            0.3121165339683368,
            -0.0787886758162118,
            0.6237726359504875,
            0.22841121670457473,
            -0.021235772081475368,
            -0.008476463705533283,
            -0.058609739609778076,
            -0.02536590661653337,
            0.11657192664366767,
            -0.053688783339909334,
            -0.19071456623139127,
            -0.044850488428234206,
            0.03383959096906361,
            0.02499753527789292,
            0.0017886649123186364,
            0.0849554514534459,
            -0.0017001709329828448
        ],
        [
            0.16541060052412718,
            0.14812599297247614,
            0.0028289067867565405,
            0.06230268125010791,
            -0.015948233786317396,
            0.22841121670457473,
            0.15279279037603108,
            -0.001084063035394309,
            -0.028588114698086094,
            0.0063393059507027335,
            0.0892006654705614,
            0.08132734769449289,
            -0.016616397615373063,
            -0.07263232522782737,
            -0.014147361661150801,
            0.029582457365659953,
            0.025712512549526265,
            -0.0015756784939839877,
            -0.03330961518571232,
            7.844583480322962e-05
        ],
        [
            -0.00523376381225809,
            -0.006126771802388683,
            -0.0003989607101686369,
            -0.012720667839364973,
            0.003737110731441407,
            -0.021235772081475368,
            -0.001084063035394309,
            0.005720239979850934,
            0.025070980959768223,
            0.005868914380837005,
            0.051421143141757684,
            0.010712968141237704,
            0.0025362835253439054,
            -0.0051964917410781825,
            0.0022275512930807597,
            0.0002672465221449815,
            0.007489596589473809,
            -0.001509222571394133,
            -0.03841579072924481,
            -3.3302565545729565e-05
        ],
        [
            -0.21135073545498984,
            -0.12895636476426936,
            0.0030267032307896985,
            0.033235429263740096,
            -0.004862381099353462,
            -0.008476463705533283,
            -0.028588114698086094,
            0.025070980959768223,
            0.18022210797786464,
            -0.0020388865478470877,
            0.22060971092133622,
            0.05169811894507787,
            0.0021300904556027186,
            -0.06970904973942006,
            0.0027728960842722007,
            -0.011413657392787572,
            0.0339401229711794,
            -0.0069822960475609055,
            -0.16198316350612768,
            -0.0012505639411067495
        ],
        [
            0.06770144203766537,
            0.03258341681948355,
            -0.00235220794603113,
            -0.04941516478805617,
            0.012531265066942293,
            -0.058609739609778076,
            0.0063393059507027335,
            0.005868914380837005,
            -0.0020388865478470877,
            0.017005773487166646,
            0.05321470780375768,
            0.007731090092707398,
            0.006392722372330686,
            0.013992680427047344,
            0.005261043779780122,
            0.004186338287283481,
            0.006450028111994579,
            -0.001390100067213133,
            -0.04166487599394931,
            0.0004015382112026477
        ],
        [
            0.026028241280973603,
            0.017814536492922434,
            -0.001070424399820094,
            -0.057297081577538815,
            0.01890458767930086,
            -0.02536590661653337,
            0.0892006654705614,
            0.051421143141757684,
            0.22060971092133622,
            0.05321470780375768,
            0.5390867737863382,
            0.17810054012132456,
            0.012139755619997509,
            -0.06071168737167568,
            0.00977601832166819,
            0.09492254551089152,
            0.13002187763762643,
            -0.013451856600453586,
            -0.3454642580432688,
            2.7589409414582944e-05
        ],
        [
            0.019787600722314457,
            0.025679487900558667,
            0.001906528123464373,
            0.04063220390813681,
            -0.009929542761646211,
            0.11657192664366767,
            0.08132734769449289,
            0.010712968141237704,
            0.05169811894507787,
            0.007731090092707398,
            0.17810054012132456,
            0.12684213452731333,
            -0.0033862500933722612,
            0.03234507904784331,
            -0.005493366607263006,
            0.18385971771648987,
            0.13070134019533367,
            -0.0007777738200454449,
            -0.03467883285722266,
            0.0007198745773453808
        ],
        [
            0.007284444942411764,
            -0.00604748065040788,
            -0.0013830246808817035,
            -0.028595593868328335,
            0.007196205982677107,
            -0.053688783339909334,
            -0.016616397615373063,
            0.0025362835253439054,
            0.0021300904556027186,
            0.006392722372330686,
            0.012139755619997509,
            -0.0033862500933722612,
            0.005067017742233391,
            0.022065949290977105,
            0.004034701872488055,
            0.009587336238577937,
            0.006187705492383109,
            -0.00014358773499616168,
            -0.00880731841648269,
            0.00023506916273265075
        ],
        [
            0.03901185274012034,
            -0.03406637749736597,
            -0.005945469835666628,
            -0.09406285337672943,
            0.020689600814072093,
            -0.19071456623139127,
            -0.07263232522782737,
            -0.0051964917410781825,
            -0.06970904973942006,
            0.013992680427047344,
            -0.06071168737167568,
            0.03234507904784331,
            0.022065949290977105,
            0.26104750993995135,
            0.013076541700358253,
            0.2857016937158532,
            0.14937539129856028,
            0.008461737165584491,
            0.15738729659618558,
            0.00274642867321635
        ],
        [
            0.0054051379740248885,
            -0.004857935165603449,
            -0.0011179124788047114,
            -0.023799495500517232,
            0.006054218654445914,
            -0.044850488428234206,
            -0.014147361661150801,
            0.0022275512930807597,
            0.0027728960842722007,
            0.005261043779780122,
            0.00977601832166819,
            -0.005493366607263006,
            0.004034701872488055,
            0.013076541700358253,
            0.0033557778955405483,
            -0.0006646497653785993,
            0.00022015231532106523,
            -0.0003145438041585216,
            -0.011032170350867761,
            0.00013538342043671386
        ],
        [
            0.000688843000823362,
            -0.028281322837350555,
            -0.0008207920268888998,
            0.015795988389710122,
            -0.0068635564007524736,
            0.03383959096906361,
            0.029582457365659953,
            0.0002672465221449815,
            -0.011413657392787572,
            0.004186338287283481,
            0.09492254551089152,
            0.18385971771648987,
            0.009587336238577937,
            0.2857016937158532,
            -0.0006646497653785993,
            0.5139517065967203,
            0.30587318297693156,
            0.00935833791633447,
            0.16837648588384088,
            0.0032423930527645597
        ],
        [
            -0.020608715659558265,
            -0.02739383510831332,
            -3.8778166697505626e-05,
            0.011686678459640713,
            -0.0038078178709154372,
            0.02499753527789292,
            0.025712512549526265,
            0.007489596589473809,
            0.0339401229711794,
            0.006450028111994579,
            0.13002187763762643,
            0.13070134019533367,
            0.006187705492383109,
            0.14937539129856028,
            0.00022015231532106523,
            0.30587318297693156,
            0.19355194119432273,
            0.0034010715404046593,
            0.048113670955777385,
            0.0017199268532821124
        ],
        [
            1.760473701023657e-05,
            -0.0006578034763593216,
            6.525953189890251e-06,
            0.001969447029536059,
            -0.0006986783500133448,
            0.0017886649123186364,
            -0.0015756784939839877,
            -0.001509222571394133,
            -0.0069822960475609055,
            -0.001390100067213133,
            -0.013451856600453586,
            -0.0007777738200454449,
            -0.00014358773499616168,
            0.008461737165584491,
            -0.0003145438041585216,
            0.00935833791633447,
            0.0034010715404046593,
            0.0006133602336215705,
            0.014039573354614447,
            7.805482379728886e-05
        ],
        [
            -0.026406280247284048,
            -0.02116850319578023,
            0.001699516406902478,
            0.075359776961419,
            -0.023482195571340254,
            0.0849554514534459,
            -0.03330961518571232,
            -0.03841579072924481,
            -0.16198316350612768,
            -0.04166487599394931,
            -0.3454642580432688,
            -0.03467883285722266,
            -0.00880731841648269,
            0.15738729659618558,
            -0.011032170350867761,
            0.16837648588384088,
            0.048113670955777385,
            0.014039573354614447,
            0.33129490989879945,
            0.001291697389619514
        ],
        [
            0.002470802649865255,
            0.00100090637868401,
            -8.61795214506136e-05,
            -0.0014108634778426954,
            0.0003165816956837012,
            -0.0017001709329828448,
            7.844583480322962e-05,
            -3.3302565545729565e-05,
            -0.0012505639411067495,
            0.0004015382112026477,
            2.7589409414582944e-05,
            0.0007198745773453808,
            0.00023506916273265075,
            0.00274642867321635,
            0.00013538342043671386,
            0.0032423930527645597,
            0.0017199268532821124,
            7.805482379728886e-05,
            0.001291697389619514,
            3.7110503265682466e-05
        ]
    ]
}