{
    "opt_E": -2.2201417160884525,
    "HF_E": -2.187857339453288,
    "B3LYP_E": -2.1904438905004406,
    "sto-3G_E": -2.1748205902148063,
    "proj": [
        [
            0.58605748686333,
            0.36335727372474963,
            -0.015264187523947613,
            -0.16814179730044898,
            0.029456389186199205,
            -0.027016085301419874,
            0.1614745722753736,
            -0.03961193881799747,
            -0.2150898265289321,
            0.040758997030457336,
            0.03409708907091309,
            0.021023589361732375,
            -0.00845229735291136,
            0.04575446148797485,
            -0.004668351002869979,
            -0.001544795270385719,
            -0.025343747119058603,
            -0.010112437997545654,
            -0.01889447728451183,
            0.0002407869732856048
        ],
        [
            0.36335727372474963,
            0.24981039823905296,
            -0.002867111239118122,
            -0.04606154059071471,
            0.00795128481507538,
            0.10087210046630893,
            0.14388327739628998,
            -0.015655977632376323,
            -0.13404370640403077,
            0.023419804964570627,
            0.014285180369282174,
            0.023476721168483174,
            0.008494984730994427,
            -0.027909348656751425,
            0.003409016389733751,
            -0.027616518461053837,
            -0.032487208083666216,
            -0.003113217310938416,
            -0.009933542296748041,
            0.0005068022284887443
        ],
        [
            -0.015264187523947613,
            -0.002867111239118122,
            0.00241926455846856,
            0.021660538995961376,
            -0.0038402859122611864,
            0.03490117687144384,
            0.007943101319758845,
            0.004629032652153945,
            0.002286953471056626,
            -0.0012089664953173769,
            -0.008892371545005818,
            0.003368421079365736,
            0.006627023171664054,
            -0.01319516118770428,
            0.0019938487794327288,
            0.003151400658201835,
            0.0013966332410758734,
            0.0030394725733704163,
            0.006738960555833279,
            -7.032630134795367e-05
        ],
        [
            -0.16814179730044898,
            -0.04606154059071471,
            0.021660538995961376,
            0.1973023061045054,
            -0.03491920645923957,
            0.30560164139573054,
            0.06271978772372408,
            0.03908304597715734,
            0.04348912357644471,
            -0.014238168227190533,
            -0.05572871676284654,
            0.03208670515575925,
            0.05273269217103865,
            -0.1246717773038236,
            0.01729947764178406,
            0.010760533811112112,
            0.007665969536687444,
            0.02174354991060536,
            0.0440331302120164,
            -0.00018935514483028846
        ],
        [
            0.029456389186199205,
            0.00795128481507538,
            -0.0038402859122611864,
            -0.03491920645923957,
            0.006181946836319201,
            -0.054123185673222426,
            -0.011042689862715201,
            -0.007043525030211715,
            -0.007177706637521399,
            0.002453575917488627,
            0.010849912219550121,
            -0.005341455955612856,
            -0.009466603180700597,
            0.022021658228909658,
            -0.0030813023225337143,
            -0.0019574969666721733,
            -0.001193498827240312,
            -0.004019930404152114,
            -0.008281572440587762,
            4.611584226725275e-05
        ],
        [
            -0.027016085301419874,
            0.10087210046630893,
            0.03490117687144384,
            0.30560164139573054,
            -0.054123185673222426,
            0.6056242378571516,
            0.22595520878695835,
            0.04740079964601161,
            0.003284655460329519,
            -0.010457821356430759,
            -0.01969693602635317,
            0.10399619328448152,
            0.09318529369289777,
            -0.23014166108712866,
            0.031125551192459,
            0.020185193017534856,
            0.015212703729333192,
            0.025848986139339974,
            0.042985970742210645,
            0.000675557736585487
        ],
        [
            0.1614745722753736,
            0.14388327739628998,
            0.007943101319758845,
            0.06271978772372408,
            -0.011042689862715201,
            0.22595520878695835,
            0.15104346303273863,
            -0.006811922041685577,
            -0.023903688306258747,
            0.0037233129232875665,
            0.09947022588990916,
            0.08786261797635614,
            0.024660626983559458,
            -0.0696661451886385,
            0.008596248496685653,
            0.02667482087905275,
            0.028164207543576507,
            -0.008025953457156496,
            -0.030431547518436415,
            0.0013578278258570358
        ],
        [
            -0.03961193881799747,
            -0.015655977632376323,
            0.004629032652153945,
            0.03908304597715734,
            -0.007043525030211715,
            0.04740079964601161,
            -0.006811922041685577,
            0.01840732919563158,
            -0.021127975937525724,
            0.0005908756237096304,
            -0.08930082178461694,
            -0.022417034912790408,
            0.01954767447815673,
            -0.0148366796262576,
            0.004262530322245992,
            0.011557866074298723,
            -0.00676361251453062,
            0.01794060814150445,
            0.0481227576727783,
            -0.0011035644685479414
        ],
        [
            -0.2150898265289321,
            -0.13404370640403077,
            0.002286953471056626,
            0.04348912357644471,
            -0.007177706637521399,
            0.003284655460329519,
            -0.023903688306258747,
            -0.021127975937525724,
            0.1799083747243016,
            -0.026368699946274422,
            0.2313135406719046,
            0.06959837203355586,
            -0.034046527561601175,
            -0.034980676932747846,
            -0.003127658410282298,
            -0.04116839889286272,
            0.02809183102108157,
            -0.04123831213694407,
            -0.12124512014379177,
            0.003259621200259811
        ],
        [
            0.040758997030457336,
            0.023419804964570627,
            -0.0012089664953173769,
            -0.014238168227190533,
            0.002453575917488627,
            -0.010457821356430759,
            0.0037233129232875665,
            0.0005908756237096304,
            -0.026368699946274422,
            0.00427585891159631,
            -0.024819582782059205,
            -0.008253799552685355,
            0.0024975758474677216,
            0.009589371649431157,
            -0.0002718232848974248,
            0.006430184732274475,
            -0.002769881838789765,
            0.004134193729916801,
            0.013039616554081217,
            -0.0003896344109131513
        ],
        [
            0.03409708907091309,
            0.014285180369282174,
            -0.008892371545005818,
            -0.05572871676284654,
            0.010849912219550121,
            -0.01969693602635317,
            0.09947022588990916,
            -0.08930082178461694,
            0.2313135406719046,
            -0.024819582782059205,
            0.6048235260334686,
            0.21817010025585026,
            -0.07848391475810715,
            -0.005967186747956524,
            -0.012990860788623538,
            -0.012105770396736115,
            0.10132344335624598,
            -0.10477382485588775,
            -0.2942021480378101,
            0.007498844222106723
        ],
        [
            0.021023589361732375,
            0.023476721168483174,
            0.003368421079365736,
            0.03208670515575925,
            -0.005341455955612856,
            0.10399619328448152,
            0.08786261797635614,
            -0.022417034912790408,
            0.06959837203355586,
            -0.008253799552685355,
            0.21817010025585026,
            0.14693966003942516,
            0.014015464178386935,
            0.02132970358884454,
            -0.0003146037978889299,
            0.16529570163409188,
            0.1418749090183319,
            -0.020986844844936275,
            -0.056505263505111133,
            0.0014325758296301024
        ],
        [
            -0.00845229735291136,
            0.008494984730994427,
            0.006627023171664054,
            0.05273269217103865,
            -0.009466603180700597,
            0.09318529369289777,
            0.024660626983559458,
            0.01954767447815673,
            -0.034046527561601175,
            0.0024975758474677216,
            -0.07848391475810715,
            0.014015464178386935,
            0.03764286240443015,
            0.0013584789217341664,
            0.005633850930065444,
            0.09426478352899399,
            0.04509644368985607,
            0.023854654269247086,
            0.06669267198879379,
            -0.0016124111149571827
        ],
        [
            0.04575446148797485,
            -0.027909348656751425,
            -0.01319516118770428,
            -0.1246717773038236,
            0.022021658228909658,
            -0.23014166108712866,
            -0.0696661451886385,
            -0.0148366796262576,
            -0.034980676932747846,
            0.009589371649431157,
            -0.005967186747956524,
            0.02132970358884454,
            0.0013584789217341664,
            0.17874992745212365,
            -0.013372453680658935,
            0.21945493648201264,
            0.13030606481127008,
            0.009727741710348327,
            0.04957653916279694,
            -0.0023979966817026343
        ],
        [
            -0.004668351002869979,
            0.003409016389733751,
            0.0019938487794327288,
            0.01729947764178406,
            -0.0030813023225337143,
            0.031125551192459,
            0.008596248496685653,
            0.004262530322245992,
            -0.003127658410282298,
            -0.0002718232848974248,
            -0.012990860788623538,
            -0.0003146037978889299,
            0.005633850930065444,
            -0.013372453680658935,
            0.0018795607191842546,
            -0.0029494769569428756,
            -0.0037054764016203564,
            0.003079761262711417,
            0.006914149856834281,
            -7.724964066820663e-05
        ],
        [
            -0.001544795270385719,
            -0.027616518461053837,
            0.003151400658201835,
            0.010760533811112112,
            -0.0019574969666721733,
            0.020185193017534856,
            0.02667482087905275,
            0.011557866074298723,
            -0.04116839889286272,
            0.006430184732274475,
            -0.012105770396736115,
            0.16529570163409188,
            0.09426478352899399,
            0.21945493648201264,
            -0.0029494769569428756,
            0.5808814191135926,
            0.35708455084743823,
            0.047411274227454774,
            0.1589557551665378,
            -0.00514339807063343
        ],
        [
            -0.025343747119058603,
            -0.032487208083666216,
            0.0013966332410758734,
            0.007665969536687444,
            -0.001193498827240312,
            0.015212703729333192,
            0.028164207543576507,
            -0.00676361251453062,
            0.02809183102108157,
            -0.002769881838789765,
            0.10132344335624598,
            0.1418749090183319,
            0.04509644368985607,
            0.13030606481127008,
            -0.0037054764016203564,
            0.35708455084743823,
            0.24071255634911076,
            0.010858704066959135,
            0.04572024092781826,
            -0.00181328365543492
        ],
        [
            -0.010112437997545654,
            -0.003113217310938416,
            0.0030394725733704163,
            0.02174354991060536,
            -0.004019930404152114,
            0.025848986139339974,
            -0.008025953457156496,
            0.01794060814150445,
            -0.04123831213694407,
            0.004134193729916801,
            -0.10477382485588775,
            -0.020986844844936275,
            0.023854654269247086,
            0.009727741710348327,
            0.003079761262711417,
            0.047411274227454774,
            0.010858704066959135,
            0.022426764280638136,
            0.06388979033889512,
            -0.0016502383512807146
        ],
        [
            -0.01889447728451183,
            -0.009933542296748041,
            0.006738960555833279,
            0.0440331302120164,
            -0.008281572440587762,
            0.042985970742210645,
            -0.030431547518436415,
            0.0481227576727783,
            -0.12124512014379177,
            0.013039616554081217,
            -0.2942021480378101,
            -0.056505263505111133,
            0.06669267198879379,
            0.04957653916279694,
            0.006914149856834281,
            0.1589557551665378,
            0.04572024092781826,
            0.06388979033889512,
            0.184775141970367,
            -0.004912908851167546
        ],
        [
            0.0002407869732856048,
            0.0005068022284887443,
            -7.032630134795367e-05,
            -0.00018935514483028846,
            4.611584226725275e-05,
            0.000675557736585487,
            0.0013578278258570358,
            -0.0011035644685479414,
            0.003259621200259811,
            -0.0003896344109131513,
            0.007498844222106723,
            0.0014325758296301024,
            -0.0016124111149571827,
            -0.0023979966817026343,
            -7.724964066820663e-05,
            -0.00514339807063343,
            -0.00181328365543492,
            -0.0016502383512807146,
            -0.004912908851167546,
            0.00013791531456458682
        ]
    ]
}