{
    "opt_E": -2.2186868133668765,
    "HF_E": -2.187608062047606,
    "B3LYP_E": -2.1897930268411008,
    "sto-3G_E": -2.180605145718115,
    "proj": [
        [
            0.5632938850936839,
            0.3476195436004208,
            -0.022669556928310665,
            -0.17265628629819166,
            -0.01222995979251033,
            0.005987703409672123,
            0.1749395959720188,
            -0.04123719235071503,
            -0.23967106994403656,
            -0.006588762193262167,
            0.037046147657644336,
            0.02295609320690716,
            -0.0017927604696134842,
            0.04012005014241618,
            0.006411049891862198,
            0.0015782764174029193,
            -0.025928785117833912,
            0.002255862189424829,
            -0.02492691193202497,
            0.0006653710833286366
        ],
        [
            0.3476195436004208,
            0.23360601089029612,
            -0.0062013764516001095,
            -0.051332473869075586,
            -0.004388429440622185,
            0.10388171218413571,
            0.14209069502949817,
            -0.020302259977824748,
            -0.14129587060946852,
            -0.007360310332252376,
            0.022721776487466705,
            0.023715454200758136,
            0.0015606399200582387,
            -0.03037669469278174,
            -0.00833814699480305,
            -0.02650792813229777,
            -0.03246294368564627,
            0.001395284334366967,
            -0.016068699442057934,
            0.00018396405074287174
        ],
        [
            -0.022669556928310665,
            -0.0062013764516001095,
            0.004676003520598922,
            0.03348849600819632,
            0.0019209308180868736,
            0.04629140839445342,
            0.007207594018998882,
            0.004278661337422721,
            0.007442941561764869,
            -0.002608527781456046,
            -0.010985843194811286,
            0.004990155588385041,
            -1.1211390954791805e-06,
            -0.01929558089160114,
            -0.006561614121042148,
            0.003783889432795851,
            0.0018593394669465435,
            -0.0013347948385157376,
            0.010987100722577674,
            0.00011401726821090695
        ],
        [
            -0.17265628629819166,
            -0.051332473869075586,
            0.03348849600819632,
            0.24022111530400417,
            0.013858509160983473,
            0.3278312890819043,
            0.049084535365478466,
            0.030929130173936475,
            0.06185203128789357,
            -0.01718318559069247,
            -0.06913978279112368,
            0.03834126001639123,
            0.00029581454084299765,
            -0.13777398639966631,
            -0.04615219862491424,
            0.027213715995550825,
            0.01569902505566496,
            -0.00887250769912565,
            0.07326338521525903,
            0.0007403489607975497
        ],
        [
            -0.01222995979251033,
            -0.004388429440622185,
            0.0019209308180868736,
            0.013858509160983473,
            0.000823510490425259,
            0.017940883027013032,
            0.0021447100859961292,
            0.0018522340094157413,
            0.005473579744425328,
            -0.0006691796107381315,
            -0.002192050393360405,
            0.002046720470342839,
            0.00020113606300991817,
            -0.008718951305550704,
            -0.0024578288716394473,
            -0.00048815274457592235,
            0.00010182486177518393,
            -0.00030443406873090857,
            0.002550123451275327,
            4.052686905356525e-06
        ],
        [
            0.005987703409672123,
            0.10388171218413571,
            0.04629140839445342,
            0.3278312890819043,
            0.017940883027013032,
            0.5914587001020086,
            0.2010267716330143,
            0.03013135277650835,
            0.011692488631250168,
            -0.024506937195432454,
            -0.02239778799998046,
            0.10748398435317984,
            0.002601339589926391,
            -0.2324640679675506,
            -0.07508045406758776,
            0.04024044015222829,
            0.022363896507103135,
            -0.008782190495841573,
            0.06983790453562692,
            0.0010977567561038972
        ],
        [
            0.1749395959720188,
            0.14209069502949817,
            0.007207594018998882,
            0.049084535365478466,
            0.0021447100859961292,
            0.2010267716330143,
            0.14159892428317253,
            -0.005557599733485036,
            -0.023973988686184815,
            0.002953490656467464,
            0.11239855343023775,
            0.08330190947438867,
            0.003314632427180284,
            -0.06804538615622832,
            -0.01792166359576231,
            0.019875948559827904,
            0.022633286656852433,
            0.004944644144484875,
            -0.042382964749876406,
            -2.587146787104223e-05
        ],
        [
            -0.04123719235071503,
            -0.020302259977824748,
            0.004278661337422721,
            0.030929130173936475,
            0.0018522340094157413,
            0.03013135277650835,
            -0.005557599733485036,
            0.005058770731622453,
            0.011435813491068939,
            -0.0027688281696442003,
            -0.020245291908331766,
            -0.0022967389987893407,
            -0.00015698269035719186,
            -0.014858709660386393,
            -0.0051634677605161316,
            0.0006515615449045559,
            -0.0006699473361071714,
            -0.0016907982588407126,
            0.014091075610869043,
            9.312860136117371e-05
        ],
        [
            -0.23967106994403656,
            -0.14129587060946852,
            0.007442941561764869,
            0.06185203128789357,
            0.005473579744425328,
            0.011692488631250168,
            -0.023973988686184815,
            0.011435813491068939,
            0.21078924037360314,
            0.033057181813383296,
            0.23173167622313692,
            0.06860016696176675,
            0.010993361515276653,
            -0.05199429065073544,
            0.008185141210742304,
            -0.04067425390274362,
            0.03106380117625747,
            0.017264665666644714,
            -0.1374229846944754,
            -0.0022426325905585934
        ],
        [
            -0.006588762193262167,
            -0.007360310332252376,
            -0.002608527781456046,
            -0.01718318559069247,
            -0.0006691796107381315,
            -0.024506937195432454,
            0.002953490656467464,
            -0.0027688281696442003,
            0.033057181813383296,
            0.00991851425307823,
            0.07208560740385829,
            0.018911429804852567,
            0.0024769642724636297,
            0.0034160448041853165,
            0.006657679276342797,
            -0.00748907578882474,
            0.008667576038278746,
            0.005440110587085292,
            -0.04396652299570539,
            -0.0005577390604693212
        ],
        [
            0.037046147657644336,
            0.022721776487466705,
            -0.010985843194811286,
            -0.06913978279112368,
            -0.002192050393360405,
            -0.02239778799998046,
            0.11239855343023775,
            -0.020245291908331766,
            0.23173167622313692,
            0.07208560740385829,
            0.5882488909232573,
            0.2055186801065534,
            0.017512598262057845,
            -0.011543499128810319,
            0.03257973379035475,
            0.0035293039798784333,
            0.10547931587459873,
            0.04028962616741013,
            -0.3262872873317743,
            -0.0035300469165068043
        ],
        [
            0.02295609320690716,
            0.023715454200758136,
            0.004990155588385041,
            0.03834126001639123,
            0.002046720470342839,
            0.10748398435317984,
            0.08330190947438867,
            -0.0022967389987893407,
            0.06860016696176675,
            0.018911429804852567,
            0.2055186801065534,
            0.14180631185263903,
            -0.003340409678880353,
            0.025162462895804143,
            -0.004144234471243039,
            0.17264483864467015,
            0.1414564380483363,
            0.006743008439986705,
            -0.05278354030305633,
            0.0008208826922802816
        ],
        [
            -0.0017927604696134842,
            0.0015606399200582387,
            -1.1211390954791805e-06,
            0.00029581454084299765,
            0.00020113606300991817,
            0.002601339589926391,
            0.003314632427180284,
            -0.00015698269035719186,
            0.010993361515276653,
            0.0024769642724636297,
            0.017512598262057845,
            -0.003340409678880353,
            0.0026883593031757943,
            -0.017567709274354304,
            0.000786456109599207,
            -0.034382062615243375,
            -0.017757316644989432,
            0.0024158137414638527,
            -0.019999052480971273,
            -0.0004975852070337981
        ],
        [
            0.04012005014241618,
            -0.03037669469278174,
            -0.01929558089160114,
            -0.13777398639966631,
            -0.008718951305550704,
            -0.2324640679675506,
            -0.06804538615622832,
            -0.014858709660386393,
            -0.05199429065073544,
            0.0034160448041853165,
            -0.011543499128810319,
            0.025162462895804143,
            -0.017567709274354304,
            0.21110765920234073,
            0.027030585719156126,
            0.2395659279873306,
            0.14114065441962864,
            -0.007189429456104443,
            0.061614504787511896,
            0.002652551759370595
        ],
        [
            0.006411049891862198,
            -0.00833814699480305,
            -0.006561614121042148,
            -0.04615219862491424,
            -0.0024578288716394473,
            -0.07508045406758776,
            -0.01792166359576231,
            -0.0051634677605161316,
            0.008185141210742304,
            0.006657679276342797,
            0.03257973379035475,
            -0.004144234471243039,
            0.000786456109599207,
            0.027030585719156126,
            0.01111591892301395,
            -0.008956576024560504,
            -0.00028003186176142294,
            0.0032845656856426196,
            -0.026556868324051897,
            -0.00035429509729555835
        ],
        [
            0.0015782764174029193,
            -0.02650792813229777,
            0.003783889432795851,
            0.027213715995550825,
            -0.00048815274457592235,
            0.04024044015222829,
            0.019875948559827904,
            0.0006515615449045559,
            -0.04067425390274362,
            -0.00748907578882474,
            0.0035293039798784333,
            0.17264483864467015,
            -0.034382062615243375,
            0.2395659279873306,
            -0.008956576024560504,
            0.5673442452529014,
            0.3475015961981028,
            -0.0206767338826516,
            0.17487116368172562,
            0.006442801510825357
        ],
        [
            -0.025928785117833912,
            -0.03246294368564627,
            0.0018593394669465435,
            0.01569902505566496,
            0.00010182486177518393,
            0.022363896507103135,
            0.022633286656852433,
            -0.0006699473361071714,
            0.03106380117625747,
            0.008667576038278746,
            0.10547931587459873,
            0.1414564380483363,
            -0.017757316644989432,
            0.14114065441962864,
            -0.00028003186176142294,
            0.3475015961981028,
            0.23299012879092454,
            -0.005572533942273584,
            0.050057148516206885,
            0.00326903513599432
        ],
        [
            0.002255862189424829,
            0.001395284334366967,
            -0.0013347948385157376,
            -0.00887250769912565,
            -0.00030443406873090857,
            -0.008782190495841573,
            0.004944644144484875,
            -0.0016907982588407126,
            0.017264665666644714,
            0.005440110587085292,
            0.04028962616741013,
            0.006743008439986705,
            0.0024158137414638527,
            -0.007189429456104443,
            0.0032845656856426196,
            -0.0206767338826516,
            -0.005572533942273584,
            0.003587262668565654,
            -0.029305520639866252,
            -0.00048529615211750715
        ],
        [
            -0.02492691193202497,
            -0.016068699442057934,
            0.010987100722577674,
            0.07326338521525903,
            0.002550123451275327,
            0.06983790453562692,
            -0.042382964749876406,
            0.014091075610869043,
            -0.1374229846944754,
            -0.04396652299570539,
            -0.3262872873317743,
            -0.05278354030305633,
            -0.019999052480971273,
            0.061614504787511896,
            -0.026556868324051897,
            0.17487116368172562,
            0.050057148516206885,
            -0.029305520639866252,
            0.23956994684859836,
            0.004002906324372516
        ],
        [
            0.0006653710833286366,
            0.00018396405074287174,
            0.00011401726821090695,
            0.0007403489607975497,
            4.052686905356525e-06,
            0.0010977567561038972,
            -2.587146787104223e-05,
            9.312860136117371e-05,
            -0.0022426325905585934,
            -0.0005577390604693212,
            -0.0035300469165068043,
            0.0008208826922802816,
            -0.0004975852070337981,
            0.002652551759370595,
            -0.00035429509729555835,
            0.006442801510825357,
            0.00326903513599432,
            -0.00048529615211750715,
            0.004002906324372516,
            9.660119208971759e-05
        ]
    ]
}