{
    "opt_E": -2.222241910723204,
    "HF_E": -2.1896615835431,
    "B3LYP_E": -2.1925584156095805,
    "sto-3G_E": -2.1789964609235906,
    "proj": [
        [
            0.6024137738321823,
            0.37443420715140807,
            0.0044447122188922515,
            -0.1489284154862077,
            -0.04810111327401505,
            -0.053545292568741756,
            0.1554563236988004,
            0.021639742010355054,
            -0.19019737384724256,
            -0.07685324103888479,
            0.03088810458733453,
            0.01663238694883307,
            0.011958828576053966,
            0.05377431046256056,
            0.0028561749138666195,
            -0.0006038066117344663,
            -0.020972201660763985,
            0.001851572675287521,
            -0.022241538935068826,
            -0.001385500725463617
        ],
        [
            0.37443420715140807,
            0.26053882407115003,
            0.0001112009213081446,
            -0.03890306166369139,
            -0.01171820295264091,
            0.0933136172285521,
            0.14710616397060233,
            0.005742563985510694,
            -0.1243722964053606,
            -0.04137279787533956,
            0.011702265941505481,
            0.022738484384471014,
            -0.00717503131795281,
            -0.026584460064615,
            -0.0013489005977579832,
            -0.026285093867105844,
            -0.03245501874193281,
            0.000589430293272554,
            -0.00929872217181459,
            -0.0008489996324296263
        ],
        [
            0.0044447122188922515,
            0.0001112009213081446,
            0.00038136571611500464,
            -0.007190520414876618,
            -0.002456583042160848,
            -0.014068537324015147,
            -0.0035246909741232465,
            0.001574396161040023,
            0.001604998035024343,
            -0.0011350266376619488,
            0.005593119689582118,
            -0.0012186670663505699,
            0.001975499047814176,
            0.003880826714811786,
            0.0003406454270387018,
            -0.003420035560208235,
            -0.0009281365292789959,
            9.952604522709466e-05,
            -0.0047531285592041774,
            -0.00012663841979340028
        ],
        [
            -0.1489284154862077,
            -0.03890306166369139,
            -0.007190520414876618,
            0.15105683462810787,
            0.050917753213781204,
            0.2777358362345556,
            0.06215983996433222,
            -0.025488966450940367,
            0.016466474800919145,
            0.03113755962621693,
            -0.05283732725013028,
            0.03177517519850179,
            -0.03601830479265958,
            -0.10336950265211765,
            -0.006732600011464759,
            0.02217103691086886,
            0.005013278433304042,
            -0.0017271396571716011,
            0.05156419112871621,
            0.0013866990326582103
        ],
        [
            -0.04810111327401505,
            -0.01171820295264091,
            -0.002456583042160848,
            0.050917753213781204,
            0.01719198058241744,
            0.09420030645313267,
            0.02123380428005757,
            -0.008954542682379345,
            0.0033900680872577817,
            0.010213852657752523,
            -0.02097202599990185,
            0.010054950749482537,
            -0.012364574946138398,
            -0.03415756923337474,
            -0.0022963135956481657,
            0.0088671401434862,
            0.0018025532203869838,
            -0.0006023147963090881,
            0.019437717339111253,
            0.0005225195681382675
        ],
        [
            -0.053545292568741756,
            0.0933136172285521,
            -0.014068537324015147,
            0.2777358362345556,
            0.09420030645313267,
            0.627897580142074,
            0.23743030803901694,
            -0.03984585546948948,
            -0.020817057790669367,
            0.03638789520650416,
            -0.029012082659127917,
            0.11098029121134374,
            -0.07500287534278167,
            -0.22528051195259988,
            -0.01368663323062833,
            0.04307889210257175,
            0.012003543409016,
            -0.0025225657341819627,
            0.06640947692339819,
            0.0013201664559637058
        ],
        [
            0.1554563236988004,
            0.14710616397060233,
            -0.0035246909741232465,
            0.06215983996433222,
            0.02123380428005757,
            0.23743030803901694,
            0.16031682349137566,
            0.002775556200902737,
            -0.01995993670284785,
            -0.006802112770891671,
            0.10331096256581775,
            0.09010693901600954,
            -0.021702789678391895,
            -0.08021729451259,
            -0.0035288598519783642,
            0.01851195174031174,
            0.020504494099979717,
            0.0003867700643051098,
            -0.03434715327992928,
            -0.001443733370475193
        ],
        [
            0.021639742010355054,
            0.005742563985510694,
            0.001574396161040023,
            -0.025488966450940367,
            -0.008954542682379345,
            -0.03984585546948948,
            0.002775556200902737,
            0.011394086457444485,
            0.02524459427372205,
            -0.003749062118988498,
            0.07284791591755635,
            0.01884484568903312,
            0.008347082072582985,
            0.009198625836560686,
            0.0016156954520968783,
            -0.007906441935903891,
            0.00935234549245263,
            0.0007677415278964857,
            -0.04257982980710353,
            -0.0012080296015554643
        ],
        [
            -0.19019737384724256,
            -0.1243722964053606,
            0.001604998035024343,
            0.016466474800919145,
            0.0033900680872577817,
            -0.020817057790669367,
            -0.01995993670284785,
            0.02524459427372205,
            0.1701865792004581,
            0.02566531212178926,
            0.24168302827135976,
            0.07026546691220194,
            0.01325274568624469,
            -0.03677324544962484,
            0.0021167299567622353,
            -0.04655577490495967,
            0.028782981860227385,
            0.0014972998273684885,
            -0.13883277599485075,
            -0.00369418368062337
        ],
        [
            -0.07685324103888479,
            -0.04137279787533956,
            -0.0011350266376619488,
            0.03113755962621693,
            0.010213852657752523,
            0.03638789520650416,
            -0.006802112770891671,
            -0.003749062118988498,
            0.02566531212178926,
            0.01135897673085611,
            0.0012550262264017554,
            0.003702920745482703,
            -0.0046216853626837966,
            -0.020771716610125245,
            -0.001007721218937246,
            -0.004892888176493348,
            0.0001759604670405781,
            -0.00030906510745804596,
            0.0005923810861768477,
            8.427088694476438e-05
        ],
        [
            0.03088810458733453,
            0.011702265941505481,
            0.005593119689582118,
            -0.05283732725013028,
            -0.02097202599990185,
            -0.029012082659127917,
            0.10331096256581775,
            0.07284791591755635,
            0.24168302827135976,
            0.0012550262264017554,
            0.5969520987651306,
            0.2185676842716953,
            0.032157619417228105,
            -0.0243595913439896,
            0.006987628944216732,
            -0.010948185198301605,
            0.1109223035035761,
            0.004986226896887988,
            -0.31469657718615834,
            -0.00904789506192805
        ],
        [
            0.01663238694883307,
            0.022738484384471014,
            -0.0012186670663505699,
            0.03177517519850179,
            0.010054950749482537,
            0.11098029121134374,
            0.09010693901600954,
            0.01884484568903312,
            0.07026546691220194,
            0.003702920745482703,
            0.2185676842716953,
            0.14867887691008463,
            -0.004765843856102981,
            0.01914907339570716,
            0.0017288985278568218,
            0.16502741472038976,
            0.14095542034668201,
            0.0017203442625757612,
            -0.06043300400649524,
            -0.0019431219573306845
        ],
        [
            0.011958828576053966,
            -0.00717503131795281,
            0.001975499047814176,
            -0.03601830479265958,
            -0.012364574946138398,
            -0.07500287534278167,
            -0.021702789678391895,
            0.008347082072582985,
            0.01325274568624469,
            -0.0046216853626837966,
            0.032157619417228105,
            -0.004765843856102981,
            0.010499127467349474,
            0.021678848137053695,
            0.001858282027425642,
            -0.01416674450708342,
            -0.0014744848426015563,
            0.0005296448828689924,
            -0.02536425053392213,
            -0.0006619853148312323
        ],
        [
            0.05377431046256056,
            -0.026584460064615,
            0.003880826714811786,
            -0.10336950265211765,
            -0.03415756923337474,
            -0.22528051195259988,
            -0.08021729451259,
            0.009198625836560686,
            -0.03677324544962484,
            -0.020771716610125245,
            -0.0243595913439896,
            0.01914907339570716,
            0.021678848137053695,
            0.19823819357487818,
            0.007370626854396223,
            0.24111217834058662,
            0.14307337983630583,
            0.0011852535936921994,
            0.06576658558505169,
            0.0019430361835571191
        ],
        [
            0.0028561749138666195,
            -0.0013489005977579832,
            0.0003406454270387018,
            -0.006732600011464759,
            -0.0022963135956481657,
            -0.01368663323062833,
            -0.0035288598519783642,
            0.0016156954520968783,
            0.0021167299567622353,
            -0.001007721218937246,
            0.006987628944216732,
            0.0017288985278568218,
            0.001858282027425642,
            0.007370626854396223,
            0.0004360324016858209,
            0.005182539373779806,
            0.004641172456836469,
            0.00012183785264210666,
            -0.0030412094062681585,
            -7.946422454891215e-05
        ],
        [
            -0.0006038066117344663,
            -0.026285093867105844,
            -0.003420035560208235,
            0.02217103691086886,
            0.0088671401434862,
            0.04307889210257175,
            0.01851195174031174,
            -0.007906441935903891,
            -0.04655577490495967,
            -0.004892888176493348,
            -0.010948185198301605,
            0.16502741472038976,
            -0.01416674450708342,
            0.24111217834058662,
            0.005182539373779806,
            0.5813892483010153,
            0.35031043376177046,
            0.0008450837530977823,
            0.17086345291102806,
            0.004613478019869203
        ],
        [
            -0.020972201660763985,
            -0.03245501874193281,
            -0.0009281365292789959,
            0.005013278433304042,
            0.0018025532203869838,
            0.012003543409016,
            0.020504494099979717,
            0.00935234549245263,
            0.028782981860227385,
            0.0001759604670405781,
            0.1109223035035761,
            0.14095542034668201,
            -0.0014744848426015563,
            0.14307337983630583,
            0.004641172456836469,
            0.35031043376177046,
            0.23559048217338618,
            0.0014617565357429609,
            0.04120917817289343,
            0.0010475933255904989
        ],
        [
            0.001851572675287521,
            0.000589430293272554,
            9.952604522709466e-05,
            -0.0017271396571716011,
            -0.0006023147963090881,
            -0.0025225657341819627,
            0.0003867700643051098,
            0.0007677415278964857,
            0.0014972998273684885,
            -0.00030906510745804596,
            0.004986226896887988,
            0.0017203442625757612,
            0.0005296448828689924,
            0.0011852535936921994,
            0.00012183785264210666,
            0.0008450837530977823,
            0.0014617565357429609,
            5.528258510732106e-05,
            -0.002515928767700284,
            -7.253927277143e-05
        ],
        [
            -0.022241538935068826,
            -0.00929872217181459,
            -0.0047531285592041774,
            0.05156419112871621,
            0.019437717339111253,
            0.06640947692339819,
            -0.03434715327992928,
            -0.04257982980710353,
            -0.13883277599485075,
            0.0005923810861768477,
            -0.31469657718615834,
            -0.06043300400649524,
            -0.02536425053392213,
            0.06576658558505169,
            -0.0030412094062681585,
            0.17086345291102806,
            0.04120917817289343,
            -0.002515928767700284,
            0.2152508959750646,
            0.006071827608879114
        ],
        [
            -0.001385500725463617,
            -0.0008489996324296263,
            -0.00012663841979340028,
            0.0013866990326582103,
            0.0005225195681382675,
            0.0013201664559637058,
            -0.001443733370475193,
            -0.0012080296015554643,
            -0.00369418368062337,
            8.427088694476438e-05,
            -0.00904789506192805,
            -0.0019431219573306845,
            -0.0006619853148312323,
            0.0019430361835571191,
            -7.946422454891215e-05,
            0.004613478019869203,
            0.0010475933255904989,
            -7.253927277143e-05,
            0.006071827608879114,
            0.00017293699411601943
        ]
    ]
}