{
    "opt_E": -2.2034168478065443,
    "HF_E": -2.172064138150659,
    "B3LYP_E": -2.174217581676849,
    "sto-3G_E": -2.160413747147245,
    "proj": [
        [
            0.5606339253217819,
            0.35281993661615607,
            -0.02272124748731515,
            -0.1741016806917956,
            -0.01238300780087154,
            0.011273477625291222,
            0.17416515760900902,
            -0.04930900599970008,
            -0.22809787646479288,
            -0.0033994444010291202,
            0.038695408388232495,
            0.026735547881387763,
            -0.004566333092766554,
            0.04610448066693962,
            0.008557562708336647,
            -0.0005139798115340877,
            -0.030909742808505086,
            -0.0007361328745566416,
            -0.023240632809741237,
            0.0005342517929381166
        ],
        [
            0.35281993661615607,
            0.23813789674982103,
            -0.0066296692981307175,
            -0.06014269371221704,
            -0.005072007019442248,
            0.09503204029585705,
            0.13893481798171983,
            -0.024600202261946362,
            -0.13899568827845898,
            -0.005380351989908147,
            0.02942915108622984,
            0.02475127415520306,
            0.004177234231193055,
            -0.026876201978344092,
            -0.0067730071729533515,
            -0.030506841536915595,
            -0.03737987667062234,
            -0.0002180629966016852,
            -0.01947388702612166,
            -0.00024892276928289677
        ],
        [
            -0.02272124748731515,
            -0.0066296692981307175,
            0.005687918920690621,
            0.03689282018860157,
            0.0020231230504380946,
            0.05045746713381592,
            0.007985993019268155,
            0.0069031835770700265,
            0.0035009293250727377,
            -0.003852648649730997,
            -0.011702717492037152,
            0.0058223148349134946,
            0.004453380663083206,
            -0.024095451220064703,
            -0.007974649425995295,
            0.005963886490669238,
            0.003348529623157854,
            -0.0002945599662952115,
            0.012800694650178057,
            0.000322136851109406
        ],
        [
            -0.1741016806917956,
            -0.06014269371221704,
            0.03689282018860157,
            0.2416197739160811,
            0.01350632573367205,
            0.31941140357677983,
            0.04465385247373586,
            0.04465181492035302,
            0.044662795862981865,
            -0.021442718013629115,
            -0.05669457148798516,
            0.0394411189845064,
            0.02806254148633427,
            -0.15918469790797865,
            -0.04999783135133202,
            0.028428999657383932,
            0.02029705463597427,
            -0.0014337693326476062,
            0.06841368734740295,
            0.0014377411214372773
        ],
        [
            -0.01238300780087154,
            -0.005072007019442248,
            0.0020231230504380946,
            0.01350632573367205,
            0.000783669425831386,
            0.016699651908301215,
            0.0016798368401436596,
            0.0024401342927737385,
            0.004818330192757129,
            -0.0007965586105656658,
            -0.001106881859628139,
            0.002147311343026935,
            0.0014575878671542364,
            -0.009326466565502753,
            -0.0025669512777655758,
            -0.00016673811999918357,
            0.000556046706185688,
            -2.1047956199402444e-05,
            0.002025253124066685,
            -6.161887540424368e-07
        ],
        [
            0.011273477625291222,
            0.09503204029585705,
            0.05045746713381592,
            0.31941140357677983,
            0.016699651908301215,
            0.568020354605063,
            0.1916808950019566,
            0.04315287151808162,
            -0.010497890114226029,
            -0.028273672120363656,
            0.00475362505576711,
            0.11100685048122952,
            0.04476613531647602,
            -0.2551409753470744,
            -0.07849217398513247,
            0.0443028539745634,
            0.02877117210380663,
            -0.001680188747492389,
            0.058752237171043074,
            0.0009976192072599158
        ],
        [
            0.17416515760900902,
            0.13893481798171983,
            0.007985993019268155,
            0.04465385247373586,
            0.0016798368401436596,
            0.1916808950019566,
            0.13448259500846865,
            -0.009758607018963585,
            -0.02540253238146079,
            0.003206527261433899,
            0.11392401061801637,
            0.08194272678837095,
            0.010926454375366724,
            -0.06501315186242554,
            -0.017736119681645797,
            0.0242470524548104,
            0.02325425472716435,
            0.0005591522595676647,
            -0.041504641666502334,
            -0.0014574749371160083
        ],
        [
            -0.04930900599970008,
            -0.024600202261946362,
            0.0069031835770700265,
            0.04465181492035302,
            0.0024401342927737385,
            0.04315287151808162,
            -0.009758607018963585,
            0.012376830020918557,
            -0.004907695299349794,
            -0.008873343804867881,
            -0.05418610937801082,
            -0.011202966218541577,
            0.005142969476261826,
            -0.024692585067196342,
            -0.00972321106585039,
            0.0032842944262158062,
            -0.003770113753610414,
            -0.000801284309808981,
            0.035500236733603266,
            0.0011027360042709577
        ],
        [
            -0.22809787646479288,
            -0.13899568827845898,
            0.0035009293250727377,
            0.044662795862981865,
            0.004818330192757129,
            -0.010497890114226029,
            -0.02540253238146079,
            -0.004907695299349794,
            0.227712465272864,
            0.03949489121125054,
            0.2559267874992582,
            0.06623368199365445,
            -0.004988571649383657,
            -0.03426681573898232,
            0.012214530726531562,
            -0.049312003316436495,
            0.02747348142587692,
            0.004827691523890255,
            -0.16016111740157604,
            -0.00680580491247074
        ],
        [
            -0.0033994444010291202,
            -0.005380351989908147,
            -0.003852648649730997,
            -0.021442718013629115,
            -0.0007965586105656658,
            -0.028273672120363656,
            0.003206527261433899,
            -0.008873343804867881,
            0.03949489121125054,
            0.012100802950574906,
            0.07694744168722045,
            0.018518988860050586,
            -0.0040548330908694976,
            0.010127910441417429,
            0.008132072112750154,
            -0.009657562659420317,
            0.007141368604564225,
            0.0012947197993153287,
            -0.04890909011893149,
            -0.0018124306727291862
        ],
        [
            0.038695408388232495,
            0.02942915108622984,
            -0.011702717492037152,
            -0.05669457148798516,
            -0.001106881859628139,
            0.00475362505576711,
            0.11392401061801637,
            -0.05418610937801082,
            0.2559267874992582,
            0.07694744168722045,
            0.569201151679652,
            0.19616007424787266,
            -0.013906063301612847,
            0.009724657412304166,
            0.03169520281508018,
            0.0031342241352850624,
            0.09571655181682337,
            0.008097544441471061,
            -0.3209203436041889,
            -0.011843559328857167
        ],
        [
            0.026735547881387763,
            0.02475127415520306,
            0.0058223148349134946,
            0.0394411189845064,
            0.002147311343026935,
            0.11100685048122952,
            0.08194272678837095,
            -0.011202966218541577,
            0.06623368199365445,
            0.018518988860050586,
            0.19616007424787266,
            0.1357672267672402,
            0.0028265066163864565,
            0.026579551439183304,
            -0.003098551616835937,
            0.1718658529808177,
            0.13939015415926512,
            0.0005072839323915601,
            -0.04846484511012115,
            -0.001022642672673627
        ],
        [
            -0.004566333092766554,
            0.004177234231193055,
            0.004453380663083206,
            0.02806254148633427,
            0.0014575878671542364,
            0.04476613531647602,
            0.010926454375366724,
            0.005142969476261826,
            -0.004988571649383657,
            -0.0040548330908694976,
            -0.013906063301612847,
            0.0028265066163864565,
            0.003941009281630773,
            -0.022230215410303938,
            -0.007081045288243583,
            0.0002058270407554318,
            -0.0018480255452706803,
            -0.0002876365539617953,
            0.011713853332923378,
            0.00030926328778392055
        ],
        [
            0.04610448066693962,
            -0.026876201978344092,
            -0.024095451220064703,
            -0.15918469790797865,
            -0.009326466565502753,
            -0.2551409753470744,
            -0.06501315186242554,
            -0.024692585067196342,
            -0.03426681573898232,
            0.010127910441417429,
            0.009724657412304166,
            0.026579551439183304,
            -0.022230215410303938,
            0.2280065256865157,
            0.038142948872755156,
            0.22704349470443794,
            0.1405702019119451,
            -0.00211401531925457,
            0.043324163911479856,
            0.00371801360632636
        ],
        [
            0.008557562708336647,
            -0.0067730071729533515,
            -0.007974649425995295,
            -0.04999783135133202,
            -0.0025669512777655758,
            -0.07849217398513247,
            -0.017736119681645797,
            -0.00972321106585039,
            0.012214530726531562,
            0.008132072112750154,
            0.03169520281508018,
            -0.003098551616835937,
            -0.007081045288243583,
            0.038142948872755156,
            0.012818545258619396,
            -0.002582915693610047,
            0.003047437794036361,
            0.0006351560695396904,
            -0.02536901839508854,
            -0.0007336388523436777
        ],
        [
            -0.0005139798115340877,
            -0.030506841536915595,
            0.005963886490669238,
            0.028428999657383932,
            -0.00016673811999918357,
            0.0443028539745634,
            0.0242470524548104,
            0.0032842944262158062,
            -0.049312003316436495,
            -0.009657562659420317,
            0.0031342241352850624,
            0.1718658529808177,
            0.0002058270407554318,
            0.22704349470443794,
            -0.002582915693610047,
            0.5653340323737891,
            0.35520267111313103,
            -0.0067400784890138885,
            0.17736150116855623,
            0.009783265505469799
        ],
        [
            -0.030909742808505086,
            -0.03737987667062234,
            0.003348529623157854,
            0.02029705463597427,
            0.000556046706185688,
            0.02877117210380663,
            0.02325425472716435,
            -0.003770113753610414,
            0.02747348142587692,
            0.007141368604564225,
            0.09571655181682337,
            0.13939015415926512,
            -0.0018480255452706803,
            0.1405702019119451,
            0.003047437794036361,
            0.35520267111313103,
            0.24106621934323652,
            -0.002811117235360448,
            0.058574735081270514,
            0.0040981888281042935
        ],
        [
            -0.0007361328745566416,
            -0.0002180629966016852,
            -0.0002945599662952115,
            -0.0014337693326476062,
            -2.1047956199402444e-05,
            -0.001680188747492389,
            0.0005591522595676647,
            -0.000801284309808981,
            0.004827691523890255,
            0.0012947197993153287,
            0.008097544441471061,
            0.0005072839323915601,
            -0.0002876365539617953,
            -0.00211401531925457,
            0.0006351560695396904,
            -0.0067400784890138885,
            -0.002811117235360448,
            0.00020214351343258682,
            -0.006812596796544146,
            -0.0002904538043785248
        ],
        [
            -0.023240632809741237,
            -0.01947388702612166,
            0.012800694650178057,
            0.06841368734740295,
            0.002025253124066685,
            0.058752237171043074,
            -0.041504641666502334,
            0.035500236733603266,
            -0.16016111740157604,
            -0.04890909011893149,
            -0.3209203436041889,
            -0.04846484511012115,
            0.011713853332923378,
            0.043324163911479856,
            -0.02536901839508854,
            0.17736150116855623,
            0.058574735081270514,
            -0.006812596796544146,
            0.24168547490058268,
            0.009820323507638722
        ],
        [
            0.0005342517929381166,
            -0.00024892276928289677,
            0.000322136851109406,
            0.0014377411214372773,
            -6.161887540424368e-07,
            0.0009976192072599158,
            -0.0014574749371160083,
            0.0011027360042709577,
            -0.00680580491247074,
            -0.0018124306727291862,
            -0.011843559328857167,
            -0.001022642672673627,
            0.00030926328778392055,
            0.00371801360632636,
            -0.0007336388523436777,
            0.009783265505469799,
            0.0040981888281042935,
            -0.0002904538043785248,
            0.009820323507638722,
            0.00042143900320401443
        ]
    ]
}