{
    "opt_E": -2.2033601864604813,
    "HF_E": -2.171945141861118,
    "B3LYP_E": -2.1745845601578044,
    "sto-3G_E": -2.159468672682378,
    "proj": [
        [
            0.5638092482375701,
            0.3444068176819498,
            -0.047123581687066665,
            -0.16706985233137508,
            0.020085638926511953,
            0.016751688681457374,
            0.1712202976126111,
            -0.08721693814396307,
            -0.22822041168747256,
            0.03163957314815915,
            0.043811915608866915,
            0.02672887565588035,
            -0.0016749461173942598,
            0.047881364321093425,
            -0.00024158761268216496,
            -0.0007871072838275541,
            -0.02980990209253329,
            0.0018062225377358427,
            -0.025052147386666657,
            -0.006080530859431346
        ],
        [
            0.3444068176819498,
            0.2280785825039762,
            -0.012571707398741784,
            -0.05037037268325546,
            0.005829273804448748,
            0.10470283090347743,
            0.1355710720056839,
            -0.04358239392807723,
            -0.13849514949450512,
            0.01667077441771171,
            0.024065196151836197,
            0.02338508191820512,
            0.001273181688479055,
            -0.02964834957357,
            0.0019061967389782635,
            -0.02475471576789148,
            -0.03508853675019368,
            0.0005361281116468496,
            -0.012344342412145822,
            -0.0024683678938430403
        ],
        [
            -0.047123581687066665,
            -0.012571707398741784,
            0.021100597006816598,
            0.06798753769036452,
            -0.008395666916710925,
            0.09478432059237728,
            0.015255338877765097,
            0.0175600977246189,
            0.009972543528116795,
            -0.004894399103245323,
            -0.021790473359388635,
            0.009024675270449662,
            0.0005710960886552323,
            -0.05192485220209919,
            0.005977162970157202,
            0.011140820907754952,
            0.005213901167533598,
            -0.002477723908304399,
            0.021599041263312007,
            0.004781232570692346
        ],
        [
            -0.16706985233137508,
            -0.05037037268325546,
            0.06798753769036452,
            0.2200666628298579,
            -0.02712579128232926,
            0.300980506847176,
            0.04616014795264274,
            0.05781293885433943,
            0.04715237589025273,
            -0.016864097850603593,
            -0.05368863672438859,
            0.03310668948120296,
            0.002460037894831194,
            -0.16700913461688632,
            0.017603677786479224,
            0.030609809693205373,
            0.017678717313643868,
            -0.006917392450254018,
            0.05992623809583179,
            0.013586065104997644
        ],
        [
            0.020085638926511953,
            0.005829273804448748,
            -0.008395666916710925,
            -0.02712579128232926,
            0.00334822261834155,
            -0.03722055529019942,
            -0.005633462844518745,
            -0.00712155587927308,
            -0.005021123420038142,
            0.00203235018030476,
            0.00791492160899873,
            -0.003401198900566807,
            -0.0003045979722086777,
            0.02097874055445675,
            -0.002194906727041322,
            -0.0030517926963202044,
            -0.0014312772960479582,
            0.0009035310795528223,
            -0.007849172267151166,
            -0.0017659678550127663
        ],
        [
            0.016751688681457374,
            0.10470283090347743,
            0.09478432059237728,
            0.300980506847176,
            -0.03722055529019942,
            0.5597874736820472,
            0.19563095487313806,
            0.052533564194354766,
            -0.005660553927173937,
            -0.014239465732076823,
            0.005459988431674167,
            0.10271214768219884,
            0.005856991100958499,
            -0.2760837979966117,
            0.026289438163929032,
            0.04284420153006585,
            0.022422980573564757,
            -0.007150786303228812,
            0.053484717946871395,
            0.013414159931066616
        ],
        [
            0.1712202976126111,
            0.1355710720056839,
            0.015255338877765097,
            0.04616014795264274,
            -0.005633462844518745,
            0.19563095487313806,
            0.1345293870355526,
            -0.01212076859032855,
            -0.021139737771077707,
            0.0026340958199688002,
            0.11544859590516242,
            0.08348304723351085,
            0.003519380512797507,
            -0.06946650591108157,
            0.003309368231699898,
            0.020010746188325625,
            0.022033450116248805,
            0.003239883393451775,
            -0.03719048451027599,
            -0.006452240025805965
        ],
        [
            -0.08721693814396307,
            -0.04358239392807723,
            0.0175600977246189,
            0.05781293885433943,
            -0.00712155587927308,
            0.052533564194354766,
            -0.01212076859032855,
            0.020035409458314127,
            0.02363565756395501,
            -0.005949346205953571,
            -0.03143846362358598,
            -0.004638332245719797,
            0.0004068884158163973,
            -0.03795556950962326,
            0.0038902802315546087,
            0.0013991539403467254,
            0.00016120437293265267,
            -0.0022297467244233576,
            0.020796637634787025,
            0.004512627618425437
        ],
        [
            -0.22822041168747256,
            -0.13849514949450512,
            0.009972543528116795,
            0.04715237589025273,
            -0.005021123420038142,
            -0.005660553927173937,
            -0.021139737771077707,
            0.02363565756395501,
            0.23163835648995043,
            -0.01824852493502665,
            0.2639207175427562,
            0.0818391013693707,
            0.00962231786356015,
            -0.01861975136813377,
            -0.021655344471383495,
            -0.05936471245200543,
            0.028506557929698764,
            0.015628950970962417,
            -0.14299638049027477,
            -0.02662571535236231
        ],
        [
            0.03163957314815915,
            0.01667077441771171,
            -0.004894399103245323,
            -0.016864097850603593,
            0.00203235018030476,
            -0.014239465732076823,
            0.0026340958199688002,
            -0.005949346205953571,
            -0.01824852493502665,
            0.0024001500122674446,
            -0.008417484292720906,
            -0.004464175630033783,
            -0.0006478053189233415,
            0.010613480887239044,
            0.00020433584887642313,
            0.0022715114527639404,
            -0.0021676102035511056,
            -0.00036027645578628575,
            0.0032771210687570895,
            0.00045438140057989284
        ],
        [
            0.043811915608866915,
            0.024065196151836197,
            -0.021790473359388635,
            -0.05368863672438859,
            0.00791492160899873,
            0.005459988431674167,
            0.11544859590516242,
            -0.03143846362358598,
            0.2639207175427562,
            -0.008417484292720906,
            0.586727580777145,
            0.2196814868325298,
            0.014466039899214033,
            0.03808301141841118,
            -0.03754295191785041,
            -0.03305908685621815,
            0.08966900960053042,
            0.03162052104729018,
            -0.2963228578054452,
            -0.05673326938401819
        ],
        [
            0.02672887565588035,
            0.02338508191820512,
            0.009024675270449662,
            0.03310668948120296,
            -0.003401198900566807,
            0.10271214768219884,
            0.08348304723351085,
            -0.004638332245719797,
            0.0818391013693707,
            -0.004464175630033783,
            0.2196814868325298,
            0.14648047853979415,
            -0.0007526165414742841,
            0.026366072261536658,
            0.004253933075962481,
            0.15948792288627864,
            0.14192393784925325,
            0.006182339724508132,
            -0.05991055138148302,
            -0.011628256797285665
        ],
        [
            -0.0016749461173942598,
            0.001273181688479055,
            0.0005710960886552323,
            0.002460037894831194,
            -0.0003045979722086777,
            0.005856991100958499,
            0.003519380512797507,
            0.0004068884158163973,
            0.00962231786356015,
            -0.0006478053189233415,
            0.014466039899214033,
            -0.0007526165414742841,
            0.001544143689203854,
            -0.011672531373250429,
            -0.002762047710274966,
            -0.025903029896058524,
            -0.013701582769761805,
            0.0013762680773328193,
            -0.013082414562624921,
            -0.0023545509721232677
        ],
        [
            0.047881364321093425,
            -0.02964834957357,
            -0.05192485220209919,
            -0.16700913461688632,
            0.02097874055445675,
            -0.2760837979966117,
            -0.06946650591108157,
            -0.03795556950962326,
            -0.01861975136813377,
            0.010613480887239044,
            0.03808301141841118,
            0.026366072261536658,
            -0.011672531373250429,
            0.22520827752735487,
            0.002499781237511091,
            0.1945141712509861,
            0.13102463297919678,
            -3.1261529336166436e-05,
            0.006984448585757246,
            -0.0013046775823095393
        ],
        [
            -0.00024158761268216496,
            0.0019061967389782635,
            0.005977162970157202,
            0.017603677786479224,
            -0.002194906727041322,
            0.026289438163929032,
            0.003309368231699898,
            0.0038902802315546087,
            -0.021655344471383495,
            0.00020433584887642313,
            -0.03754295191785041,
            0.004253933075962481,
            -0.002762047710274966,
            0.002499781237511091,
            0.00763328577422723,
            0.05228997364643914,
            0.025948569715231892,
            -0.003643574835339999,
            0.033640633392645176,
            0.006379050633861237
        ],
        [
            -0.0007871072838275541,
            -0.02475471576789148,
            0.011140820907754952,
            0.030609809693205373,
            -0.0030517926963202044,
            0.04284420153006585,
            0.020010746188325625,
            0.0013991539403467254,
            -0.05936471245200543,
            0.0022715114527639404,
            -0.03305908685621815,
            0.15948792288627864,
            -0.025903029896058524,
            0.1945141712509861,
            0.05228997364643914,
            0.590272260718964,
            0.37080004604907185,
            -0.017735379428115244,
            0.16715100371774624,
            0.029712318325878312
        ],
        [
            -0.02980990209253329,
            -0.03508853675019368,
            0.005213901167533598,
            0.017678717313643868,
            -0.0014312772960479582,
            0.022422980573564757,
            0.022033450116248805,
            0.00016120437293265267,
            0.028506557929698764,
            -0.0021676102035511056,
            0.08966900960053042,
            0.14192393784925325,
            -0.013701582769761805,
            0.13102463297919678,
            0.025948569715231892,
            0.37080004604907185,
            0.25634590226886594,
            -0.005268896110433792,
            0.0506444602694776,
            0.008289450741931843
        ],
        [
            0.0018062225377358427,
            0.0005361281116468496,
            -0.002477723908304399,
            -0.006917392450254018,
            0.0009035310795528223,
            -0.007150786303228812,
            0.003239883393451775,
            -0.0022297467244233576,
            0.015628950970962417,
            -0.00036027645578628575,
            0.03162052104729018,
            0.006182339724508132,
            0.0013762680773328193,
            -3.1261529336166436e-05,
            -0.003643574835339999,
            -0.017735379428115244,
            -0.005268896110433792,
            0.002207621690245265,
            -0.02055603529240249,
            -0.003910398029805907
        ],
        [
            -0.025052147386666657,
            -0.012344342412145822,
            0.021599041263312007,
            0.05992623809583179,
            -0.007849172267151166,
            0.053484717946871395,
            -0.03719048451027599,
            0.020796637634787025,
            -0.14299638049027477,
            0.0032771210687570895,
            -0.2963228578054452,
            -0.05991055138148302,
            -0.013082414562624921,
            0.006984448585757246,
            0.033640633392645176,
            0.16715100371774624,
            0.0506444602694776,
            -0.02055603529240249,
            0.19183786673290215,
            0.036426205357113654
        ],
        [
            -0.006080530859431346,
            -0.0024683678938430403,
            0.004781232570692346,
            0.013586065104997644,
            -0.0017659678550127663,
            0.013414159931066616,
            -0.006452240025805965,
            0.004512627618425437,
            -0.02662571535236231,
            0.00045438140057989284,
            -0.05673326938401819,
            -0.011628256797285665,
            -0.0023545509721232677,
            -0.0013046775823095393,
            0.006379050633861237,
            0.029712318325878312,
            0.008289450741931843,
            -0.003910398029805907,
            0.036426205357113654,
            0.006948492406603367
        ]
    ]
}