{
    "opt_E": -2.2009542040112033,
    "HF_E": -2.170965632018436,
    "B3LYP_E": -2.1725247871944933,
    "sto-3G_E": -2.1629661790355263,
    "proj": [
        [
            0.5253068873777903,
            0.31844304932736445,
            -0.0030489903042844224,
            -0.17105586209718593,
            0.030364157755901292,
            0.07377815603875748,
            0.18282820001430974,
            -0.011848507551496289,
            -0.26620548457114585,
            0.06451435193764853,
            0.03339596654456194,
            0.03305869097849622,
            0.0015351419133669262,
            0.017941594660874347,
            0.0043037619699630445,
            0.0005984743661390365,
            -0.029290516929947948,
            -0.0032716813189593297,
            -0.017449835498811208,
            -0.0007368446125233943
        ],
        [
            0.31844304932736445,
            0.2043673398133039,
            -0.0003451067261307797,
            -0.05718045905269181,
            0.008903051009335732,
            0.11566675542985483,
            0.13241180202646294,
            -0.005671342313622918,
            -0.14540466419492923,
            0.03136550619840832,
            0.03044787824311849,
            0.0275748230427823,
            0.0038533086675355457,
            -0.034341006080160406,
            -0.0065117438864323715,
            -0.024355681224279606,
            -0.030347699769924998,
            -0.002408559542141809,
            -0.018156330413686545,
            -0.001603720748267581
        ],
        [
            -0.0030489903042844224,
            -0.0003451067261307797,
            0.0003605613026509588,
            0.009937401623015204,
            -0.0021418790552429857,
            0.012338674956473724,
            0.0018714152760633347,
            0.0007286362379869053,
            0.0011977538480775589,
            -0.0025966288276153358,
            -0.004599983435865764,
            0.001243229524465001,
            0.0012628164515338055,
            -0.004853609075671939,
            -0.0011799600842877737,
            0.002952816120903973,
            0.0014788183323069426,
            0.0005394604544274598,
            0.004718656180168757,
            0.000714422626271082
        ],
        [
            -0.17105586209718593,
            -0.05718045905269181,
            0.009937401623015204,
            0.30094590905644514,
            -0.062498593387209166,
            0.334658972707149,
            0.03405651255161365,
            0.018167897964454595,
            0.11025505382594442,
            -0.07440387980878216,
            -0.06547048816582542,
            0.03774755093145074,
            0.028633391245775023,
            -0.16327110619831853,
            -0.037227863256274814,
            0.03114387737117488,
            0.02563747642292458,
            0.009973967573268537,
            0.0789264502912541,
            0.011562083605642795
        ],
        [
            0.030364157755901292,
            0.008903051009335732,
            -0.0021418790552429857,
            -0.062498593387209166,
            0.013191613396113381,
            -0.07159693438028958,
            -0.00768890631452395,
            -0.004249326711082541,
            -0.01637643142805909,
            0.01617181067418358,
            0.022433387831021803,
            -0.00607687156211923,
            -0.006703383589837322,
            0.033039770450728555,
            0.007658029925459873,
            -0.009230532265442268,
            -0.005240825770308396,
            -0.0026921037961000482,
            -0.02249807979664773,
            -0.003346941761693589
        ],
        [
            0.07377815603875748,
            0.11566675542985483,
            0.012338674956473724,
            0.334658972707149,
            -0.07159693438028958,
            0.5430646956073711,
            0.17671532882967025,
            0.01550223463755662,
            0.027188486215950613,
            -0.061510407350067436,
            -0.00787709636952166,
            0.09789557705101438,
            0.039363381042708284,
            -0.23547591566248785,
            -0.05304141735953753,
            0.03923054588045754,
            0.026681960697307827,
            0.008417348767643268,
            0.06457256244479988,
            0.010404670026556985
        ],
        [
            0.18282820001430974,
            0.13241180202646294,
            0.0018714152760633347,
            0.03405651255161365,
            -0.00768890631452395,
            0.17671532882967025,
            0.12513738002835717,
            -0.005357904586557878,
            -0.03170030052731196,
            0.015482202993961585,
            0.11133489889495422,
            0.07727207392189309,
            0.006780666252040849,
            -0.05653696666968311,
            -0.012736885396586664,
            0.02481152385769483,
            0.024306705981842855,
            -0.004450711539427303,
            -0.04203646112721259,
            -0.005524705158072702
        ],
        [
            -0.011848507551496289,
            -0.005671342313622918,
            0.0007286362379869053,
            0.018167897964454595,
            -0.004249326711082541,
            0.01550223463755662,
            -0.005357904586557878,
            0.002862727824666032,
            -0.006515902722368615,
            -0.00809328049972426,
            -0.0355195883722986,
            -0.009246256442467233,
            0.0031324682981646174,
            -0.0072767823684664655,
            -0.0017998035051666511,
            0.0020394666652450927,
            -0.0036217055115371996,
            0.002456504353643689,
            0.022550752461150427,
            0.0033692585390348697
        ],
        [
            -0.26620548457114585,
            -0.14540466419492923,
            0.0011977538480775589,
            0.11025505382594442,
            -0.01637643142805909,
            0.027188486215950613,
            -0.03170030052731196,
            -0.006515902722368615,
            0.24923665507169862,
            -0.010049298691523729,
            0.22587665944005197,
            0.06612348444265187,
            -0.011467416039578708,
            -0.05891775431620423,
            -0.011142329966879994,
            -0.03545308164200231,
            0.03468853249156014,
            -0.013193976381392938,
            -0.13630468067599225,
            -0.021533776821785023
        ],
        [
            0.06451435193764853,
            0.03136550619840832,
            -0.0025966288276153358,
            -0.07440387980878216,
            0.01617181067418358,
            -0.061510407350067436,
            0.015482202993961585,
            -0.00809328049972426,
            -0.010049298691523729,
            0.026597252798437335,
            0.07919020223549586,
            0.01629584726136584,
            -0.009068722827517578,
            0.032035257877877026,
            0.007580814972327602,
            -0.006789593433766444,
            0.003603030400958511,
            -0.0060575301799785895,
            -0.053748203787558596,
            -0.00792225821469924
        ],
        [
            0.03339596654456194,
            0.03044787824311849,
            -0.004599983435865764,
            -0.06547048816582542,
            0.022433387831021803,
            -0.00787709636952166,
            0.11133489889495422,
            -0.0355195883722986,
            0.22587665944005197,
            0.07919020223549586,
            0.5813935466733569,
            0.20025407913421864,
            -0.03173901223579696,
            0.0030185751659361276,
            0.0025413245786377056,
            0.007490008112822727,
            0.09984352542063929,
            -0.03509893852210425,
            -0.3326153162050683,
            -0.04997076265327343
        ],
        [
            0.03305869097849622,
            0.0275748230427823,
            0.001243229524465001,
            0.03774755093145074,
            -0.00607687156211923,
            0.09789557705101438,
            0.07727207392189309,
            -0.009246256442467233,
            0.06612348444265187,
            0.01629584726136584,
            0.20025407913421864,
            0.13722436789776654,
            0.005367403171547541,
            0.032154912699824255,
            0.002214648239891887,
            0.17542500649665416,
            0.1424031613670552,
            -0.0057235317883513265,
            -0.049965251866200676,
            -0.006937864033311938
        ],
        [
            0.0015351419133669262,
            0.0038533086675355457,
            0.0012628164515338055,
            0.028633391245775023,
            -0.006703383589837322,
            0.039363381042708284,
            0.006780666252040849,
            0.0031324682981646174,
            -0.011467416039578708,
            -0.009068722827517578,
            -0.03173901223579696,
            0.005367403171547541,
            0.006210850618573934,
            -0.0036115995698088525,
            -0.0019594401447153155,
            0.032939653053454775,
            0.015755165488253373,
            0.0034025574075148422,
            0.03235699822606526,
            0.004980516447925824
        ],
        [
            0.017941594660874347,
            -0.034341006080160406,
            -0.004853609075671939,
            -0.16327110619831853,
            0.033039770450728555,
            -0.23547591566248785,
            -0.05653696666968311,
            -0.0072767823684664655,
            -0.05891775431620423,
            0.032035257877877026,
            0.0030185751659361276,
            0.032154912699824255,
            -0.0036115995698088525,
            0.21756358567160766,
            0.040534280337284324,
            0.23009190366912965,
            0.1391695459335085,
            0.0035160114485115776,
            0.051672453688884845,
            0.008246728762939436
        ],
        [
            0.0043037619699630445,
            -0.0065117438864323715,
            -0.0011799600842877737,
            -0.037227863256274814,
            0.007658029925459873,
            -0.05304141735953753,
            -0.012736885396586664,
            -0.0017998035051666511,
            -0.011142329966879994,
            0.007580814972327602,
            0.0025413245786377056,
            0.002214648239891887,
            -0.0019594401447153155,
            0.040534280337284324,
            0.007879121048008305,
            0.03285398514957784,
            0.01979635165902148,
            0.00011382163128008691,
            0.004430679829915429,
            0.0007279964215222595
        ],
        [
            0.0005984743661390365,
            -0.024355681224279606,
            0.002952816120903973,
            0.03114387737117488,
            -0.009230532265442268,
            0.03923054588045754,
            0.02481152385769483,
            0.0020394666652450927,
            -0.03545308164200231,
            -0.006789593433766444,
            0.007490008112822727,
            0.17542500649665416,
            0.032939653053454775,
            0.23009190366912965,
            0.03285398514957784,
            0.5573813041921352,
            0.3498207882908014,
            0.016647119991683296,
            0.1794299010526288,
            0.02836576979477334
        ],
        [
            -0.029290516929947948,
            -0.030347699769924998,
            0.0014788183323069426,
            0.02563747642292458,
            -0.005240825770308396,
            0.026681960697307827,
            0.024306705981842855,
            -0.0036217055115371996,
            0.03468853249156014,
            0.003603030400958511,
            0.09984352542063929,
            0.1424031613670552,
            0.015755165488253373,
            0.1391695459335085,
            0.01979635165902148,
            0.3498207882908014,
            0.23761696236624721,
            0.004861071114644577,
            0.058415156465064205,
            0.0095361117896368
        ],
        [
            -0.0032716813189593297,
            -0.002408559542141809,
            0.0005394604544274598,
            0.009973967573268537,
            -0.0026921037961000482,
            0.008417348767643268,
            -0.004450711539427303,
            0.002456504353643689,
            -0.013193976381392938,
            -0.0060575301799785895,
            -0.03509893852210425,
            -0.0057235317883513265,
            0.0034025574075148422,
            0.0035160114485115776,
            0.00011382163128008691,
            0.016647119991683296,
            0.004861071114644577,
            0.0027368806653633553,
            0.02632506113726754,
            0.003998059523528527
        ],
        [
            -0.017449835498811208,
            -0.018156330413686545,
            0.004718656180168757,
            0.0789264502912541,
            -0.02249807979664773,
            0.06457256244479988,
            -0.04203646112721259,
            0.022550752461150427,
            -0.13630468067599225,
            -0.053748203787558596,
            -0.3326153162050683,
            -0.049965251866200676,
            0.03235699822606526,
            0.051672453688884845,
            0.004430679829915429,
            0.1794299010526288,
            0.058415156465064205,
            0.02632506113726754,
            0.2550058527118111,
            0.03881108981218224
        ],
        [
            -0.0007368446125233943,
            -0.001603720748267581,
            0.000714422626271082,
            0.011562083605642795,
            -0.003346941761693589,
            0.010404670026556985,
            -0.005524705158072702,
            0.0033692585390348697,
            -0.021533776821785023,
            -0.00792225821469924,
            -0.04997076265327343,
            -0.006937864033311938,
            0.004980516447925824,
            0.008246728762939436,
            0.0007279964215222595,
            0.02836576979477334,
            0.0095361117896368,
            0.003998059523528527,
            0.03881108981218224,
            0.005916505878296449
        ]
    ]
}