{
    "opt_E": -2.1583778857294904,
    "HF_E": -2.128416638709007,
    "B3LYP_E": -2.1298380775705557,
    "sto-3G_E": -2.1081073924670113,
    "proj": [
        [
            0.5529705325101262,
            0.36319021369202176,
            -0.03329150799575349,
            -0.17626681722596468,
            -0.022854008546165153,
            0.0137531772241476,
            0.17429789864515785,
            -0.06067667539493686,
            -0.20079883644991478,
            -0.04850456177186309,
            0.03100224539439803,
            0.03117871850333081,
            -0.002894518451336194,
            0.04722956407204381,
            -0.006628889670626472,
            -0.0002508970935054949,
            -0.02932096163334412,
            -0.0041688918370923365,
            -0.023848157586403664,
            -0.0009159191480641279
        ],
        [
            0.36319021369202176,
            0.2523792331767312,
            -0.013480101311663962,
            -0.07636526470333486,
            -0.00898382729259149,
            0.07958388431471244,
            0.13882898421913048,
            -0.03527348600280736,
            -0.12504560765576553,
            -0.027458005511716038,
            0.03780018066232948,
            0.025691469842522664,
            -0.00031778301901267265,
            -0.028989342056506384,
            0.0023740131645199913,
            -0.03745411420144321,
            -0.03955761087987599,
            -0.005042493524668222,
            -0.03889721646917644,
            -0.00020640750690940692
        ],
        [
            -0.03329150799575349,
            -0.013480101311663962,
            0.011571623350110099,
            0.05282352375029871,
            0.00841769141289486,
            0.06881469031611138,
            0.009834574513658354,
            0.010698035529946175,
            -0.004682984067633152,
            0.011094922978906456,
            -0.012060763726900082,
            0.010436454798899923,
            0.007826701199983277,
            -0.0358324542623233,
            0.00879959111903828,
            0.00729426631017668,
            0.00649421410503735,
            0.002854350390717423,
            0.02035385641532869,
            2.4668963382873935e-05
        ],
        [
            -0.17626681722596468,
            -0.07636526470333486,
            0.05282352375029871,
            0.24357039489151294,
            0.03827559204588055,
            0.30853549031053895,
            0.03883611319765021,
            0.049127698836384896,
            0.002802325808626788,
            0.049521372183744555,
            -0.035413951001566524,
            0.04706652759268698,
            0.03285870016060326,
            -0.16979176958622672,
            0.038824627913786526,
            0.02318134530250194,
            0.02651731962955325,
            0.010559507916787744,
            0.0726148649926441,
            0.00025140314248032065
        ],
        [
            -0.022854008546165153,
            -0.00898382729259149,
            0.00841769141289486,
            0.03827559204588055,
            0.0061330232360057866,
            0.05027321894730138,
            0.0073927207747913285,
            0.007796444723200604,
            -0.004989369095462204,
            0.00817764113937338,
            -0.0103031521640272,
            0.007443415686096891,
            0.005859619842261642,
            -0.02576196370124552,
            0.006482315742072693,
            0.005655527287947293,
            0.00472346142608606,
            0.0022443509223454296,
            0.01615511824816252,
            1.199362145737393e-05
        ],
        [
            0.0137531772241476,
            0.07958388431471244,
            0.06881469031611138,
            0.30853549031053895,
            0.05027321894730138,
            0.5392299742828555,
            0.18124044333919648,
            0.04146059795264879,
            -0.05481585875579922,
            0.045927323162945885,
            0.04712117015879656,
            0.12251338199705128,
            0.048761880360074075,
            -0.2645455707626632,
            0.059069432805939515,
            0.05003547706366897,
            0.04351930197121776,
            0.007434842280942423,
            0.047603454556379106,
            -0.0001584196244774556
        ],
        [
            0.17429789864515785,
            0.13882898421913048,
            0.009834574513658354,
            0.03883611319765021,
            0.0073927207747913285,
            0.18124044333919648,
            0.12552054026168452,
            -0.012185647868495252,
            -0.03348835383069951,
            -0.009647732362602007,
            0.10272181281522823,
            0.07368370110119699,
            0.010876672946805516,
            -0.06502016712379274,
            0.014062139492708311,
            0.03707179145729229,
            0.02528030821118562,
            -0.005442424062957545,
            -0.04090390010318606,
            -0.0005008607463380148
        ],
        [
            -0.06067667539493686,
            -0.03527348600280736,
            0.010698035529946175,
            0.049127698836384896,
            0.007796444723200604,
            0.04146059795264879,
            -0.012185647868495252,
            0.01421999977926112,
            -0.009116750512817767,
            0.014782053886870448,
            -0.044568650699121755,
            -0.006346757684660483,
            0.007000407371919974,
            -0.028458883191000366,
            0.007395863649351108,
            -0.004130999365358483,
            -0.002435475908326816,
            0.005058500971504435,
            0.036676811325410716,
            0.00015086330689623143
        ],
        [
            -0.20079883644991478,
            -0.12504560765576553,
            -0.004682984067633152,
            0.002802325808626788,
            -0.004989369095462204,
            -0.05481585875579922,
            -0.03348835383069951,
            -0.009116750512817767,
            0.2658108063761575,
            -0.024700873396174085,
            0.27929042115948044,
            0.03961743223495262,
            -0.027928366919959646,
            -0.017368952072405,
            -0.01665208474129403,
            -0.019634918287721567,
            0.02439242012900923,
            -0.02887653690608983,
            -0.22710858509638535,
            0.0005838056682162975
        ],
        [
            -0.04850456177186309,
            -0.027458005511716038,
            0.011094922978906456,
            0.049521372183744555,
            0.00817764113937338,
            0.045927323162945885,
            -0.009647732362602007,
            0.014782053886870448,
            -0.024700873396174085,
            0.01626175039919019,
            -0.06051286004981143,
            -0.008448629236582374,
            0.008680386266918094,
            -0.02831454651917507,
            0.00848453439035088,
            -0.003361136230352923,
            -0.004064354057071364,
            0.006711694021376431,
            0.04962036638572051,
            0.0001203948569033324
        ],
        [
            0.03100224539439803,
            0.03780018066232948,
            -0.012060763726900082,
            -0.035413951001566524,
            -0.0103031521640272,
            0.04712117015879656,
            0.10272181281522823,
            -0.044568650699121755,
            0.27929042115948044,
            -0.06051286004981143,
            0.4923768827221828,
            0.14920264654066606,
            -0.026229632367478845,
            0.002355587732641999,
            -0.016380345074252706,
            0.09251870641303349,
            0.10165234095269063,
            -0.04298338408821324,
            -0.32505130400495186,
            -0.000725088118743422
        ],
        [
            0.03117871850333081,
            0.025691469842522664,
            0.010436454798899923,
            0.04706652759268698,
            0.007443415686096891,
            0.12251338199705128,
            0.07368370110119699,
            -0.006346757684660483,
            0.03961743223495262,
            -0.008448629236582374,
            0.14920264654066606,
            0.11255419677119942,
            0.01552992303145265,
            0.031709310180278075,
            0.008782955904212731,
            0.18359442764680522,
            0.1276427262686769,
            -0.003431301518332539,
            -0.012437733930527628,
            -0.0016449389376902543
        ],
        [
            -0.002894518451336194,
            -0.00031778301901267265,
            0.007826701199983277,
            0.03285870016060326,
            0.005859619842261642,
            0.048761880360074075,
            0.010876672946805516,
            0.007000407371919974,
            -0.027928366919959646,
            0.008680386266918094,
            -0.026229632367478845,
            0.01552992303145265,
            0.010206613136712587,
            -0.0013566005618784926,
            0.0072205166400545785,
            0.04249867351200231,
            0.024874468082343226,
            0.0055598557769304295,
            0.04559852954524753,
            -0.0003718278526819596
        ],
        [
            0.04722956407204381,
            -0.028989342056506384,
            -0.0358324542623233,
            -0.16979176958622672,
            -0.02576196370124552,
            -0.2645455707626632,
            -0.06502016712379274,
            -0.028458883191000366,
            -0.017368952072405,
            -0.02831454651917507,
            0.002355587732641999,
            0.031709310180278075,
            -0.0013566005618784926,
            0.2890692714206678,
            -0.02758008208484844,
            0.2520825508680118,
            0.14910588897567612,
            0.007443888666046111,
            0.08900128834748061,
            -0.002586977821767439
        ],
        [
            -0.006628889670626472,
            0.0023740131645199913,
            0.00879959111903828,
            0.038824627913786526,
            0.006482315742072693,
            0.059069432805939515,
            0.014062139492708311,
            0.007395863649351108,
            -0.01665208474129403,
            0.00848453439035088,
            -0.016380345074252706,
            0.008782955904212731,
            0.0072205166400545785,
            -0.02758008208484844,
            0.007571407396481539,
            0.007332858420189576,
            0.004401991289622093,
            0.0030411281291776353,
            0.022497289078798607,
            -2.7998581799284983e-05
        ],
        [
            -0.0002508970935054949,
            -0.03745411420144321,
            0.00729426631017668,
            0.02318134530250194,
            0.005655527287947293,
            0.05003547706366897,
            0.03707179145729229,
            -0.004130999365358483,
            -0.019634918287721567,
            -0.003361136230352923,
            0.09251870641303349,
            0.18359442764680522,
            0.04249867351200231,
            0.2520825508680118,
            0.007332858420189576,
            0.5067596418414433,
            0.3231050461373611,
            0.01695220079585196,
            0.17680190978935423,
            -0.004669023026147892
        ],
        [
            -0.02932096163334412,
            -0.03955761087987599,
            0.00649421410503735,
            0.02651731962955325,
            0.00472346142608606,
            0.04351930197121776,
            0.02528030821118562,
            -0.002435475908326816,
            0.02439242012900923,
            -0.004064354057071364,
            0.10165234095269063,
            0.1276427262686769,
            0.024874468082343226,
            0.14910588897567612,
            0.004401991289622093,
            0.3231050461373611,
            0.2118370629318185,
            0.0068989343987493085,
            0.0816701828292603,
            -0.0029065745667656174
        ],
        [
            -0.0041688918370923365,
            -0.005042493524668222,
            0.002854350390717423,
            0.010559507916787744,
            0.0022443509223454296,
            0.007434842280942423,
            -0.005442424062957545,
            0.005058500971504435,
            -0.02887653690608983,
            0.006711694021376431,
            -0.04298338408821324,
            -0.003431301518332539,
            0.0055598557769304295,
            0.007443888666046111,
            0.0030411281291776353,
            0.01695220079585196,
            0.0068989343987493085,
            0.005203584399476788,
            0.041589796198148635,
            -0.0001610404005369936
        ],
        [
            -0.023848157586403664,
            -0.03889721646917644,
            0.02035385641532869,
            0.0726148649926441,
            0.01615511824816252,
            0.047603454556379106,
            -0.04090390010318606,
            0.036676811325410716,
            -0.22710858509638535,
            0.04962036638572051,
            -0.32505130400495186,
            -0.012437733930527628,
            0.04559852954524753,
            0.08900128834748061,
            0.022497289078798607,
            0.17680190978935423,
            0.0816701828292603,
            0.041589796198148635,
            0.33670866820628287,
            -0.0016895079372217993
        ],
        [
            -0.0009159191480641279,
            -0.00020640750690940692,
            2.4668963382873935e-05,
            0.00025140314248032065,
            1.199362145737393e-05,
            -0.0001584196244774556,
            -0.0005008607463380148,
            0.00015086330689623143,
            0.0005838056682162975,
            0.0001203948569033324,
            -0.000725088118743422,
            -0.0016449389376902543,
            -0.0003718278526819596,
            -0.002586977821767439,
            -2.7998581799284983e-05,
            -0.004669023026147892,
            -0.0029065745667656174,
            -0.0001610404005369936,
            -0.0016895079372217993,
            4.4792910099083404e-05
        ]
    ]
}