{
    "opt_E": -2.1813949069839063,
    "HF_E": -2.1485187834194934,
    "B3LYP_E": -2.151837208647335,
    "sto-3G_E": -2.127371834215746,
    "proj": [
        [
            0.5816748037722185,
            0.37376730781996287,
            0.009217990144102859,
            -0.17311402501555567,
            -0.002902409357006596,
            -0.011737406116753548,
            0.15963214881646565,
            0.010430942117359381,
            -0.19277944037217984,
            0.007991563793493561,
            0.05226047491199626,
            0.020241602885549718,
            0.0031430092230269233,
            0.07441538138901208,
            0.0007091064150645954,
            -0.0006937910456772053,
            -0.032678892648711044,
            -0.00870236993002736,
            -0.026398134334195793,
            0.008871244537141852
        ],
        [
            0.37376730781996287,
            0.2587530809387203,
            0.003276701291955255,
            -0.06024133312666849,
            -0.0016386407072607491,
            0.08561432739425577,
            0.13364674854768915,
            0.005900443247121452,
            -0.13816860389413874,
            0.00236975495987137,
            0.025937497267962708,
            0.018606532597200732,
            0.0027578322336618954,
            -0.01848596468623652,
            -0.004433748783688398,
            -0.028367674962410817,
            -0.04212648644132088,
            -0.003269995150282848,
            -0.012000606071823643,
            0.0033463799898482307
        ],
        [
            0.009217990144102859,
            0.003276701291955255,
            0.0005682496846979859,
            -0.010808765890902237,
            -8.145435244096141e-05,
            -0.014570895476256089,
            -0.0020965832581695118,
            0.00022108616167989975,
            0.000748197893546974,
            0.0007200268363215885,
            0.003980505299223857,
            -0.0012164728062462025,
            -0.0006754134042605949,
            0.010254986393408487,
            0.0014051468213861448,
            -0.0007419702539410651,
            -0.0002315114659042235,
            -0.0009915537304878623,
            -0.0031818914488885297,
            0.0009578671943081628
        ],
        [
            -0.17311402501555567,
            -0.06024133312666849,
            -0.010808765890902237,
            0.20824483028611745,
            0.0014533148255805517,
            0.2896042735025195,
            0.05104497510307338,
            -0.005022769272140385,
            0.004095802486533032,
            -0.01153709824286464,
            -0.039048023671539256,
            0.040372105773770005,
            0.011798089966447154,
            -0.1933926781068869,
            -0.025521951996178974,
            0.019588840470856905,
            0.014510175501596764,
            0.014982536998934887,
            0.04619864725301946,
            -0.01456554488445429
        ],
        [
            -0.002902409357006596,
            -0.0016386407072607491,
            -8.145435244096141e-05,
            0.0014533148255805517,
            2.057037620838126e-05,
            0.000901257736870103,
            -0.0007430430295665277,
            -3.134299064881186e-05,
            5.819427878229821e-05,
            -0.00015651095265610367,
            -0.0016907676075048185,
            -0.0006057534197878142,
            4.745870084635306e-05,
            -0.001299689756312794,
            -0.00012935009379344266,
            -0.00043968089045477385,
            -0.0004067211297251246,
            0.00022249901797085289,
            0.0007487344077387672,
            -0.0002148669555166426
        ],
        [
            -0.011737406116753548,
            0.08561432739425577,
            -0.014570895476256089,
            0.2896042735025195,
            0.000901257736870103,
            0.5393752942012543,
            0.19817452790782286,
            -0.005942007908829263,
            -0.03905285732524356,
            -0.010713253786502694,
            0.052271536642630734,
            0.12089021374181413,
            0.017745231816031316,
            -0.3072381428762391,
            -0.03975715965195535,
            0.02874033711293697,
            0.022607128554182742,
            0.01111746477185708,
            0.02703685150604975,
            -0.010984541851764822
        ],
        [
            0.15963214881646565,
            0.13364674854768915,
            -0.0020965832581695118,
            0.05104497510307338,
            -0.0007430430295665277,
            0.19817452790782286,
            0.13378579500635718,
            -0.0010985948109913095,
            -0.018587343980158644,
            0.004205217260498377,
            0.12260398091525573,
            0.0866503028423715,
            0.0037524574541243924,
            -0.07275517522523232,
            -0.009259815887599271,
            0.021935112309242537,
            0.023164665307806566,
            -0.008611194839013424,
            -0.03469867851797713,
            0.008134201446321888
        ],
        [
            0.010430942117359381,
            0.005900443247121452,
            0.00022108616167989975,
            -0.005022769272140385,
            -3.134299064881186e-05,
            -0.005942007908829263,
            -0.0010985948109913095,
            0.0005205865760813133,
            -0.01024858945199069,
            -0.0005786061923015284,
            -0.011498784240476555,
            -0.004230907077176161,
            0.0009112580231146707,
            0.0034267127903174275,
            -0.0008189897232515779,
            0.0035634090668088198,
            -0.0004482122192270434,
            0.001383564421523341,
            0.0054523761681054585,
            -0.0012757058065275399
        ],
        [
            -0.19277944037217984,
            -0.13816860389413874,
            0.000748197893546974,
            0.004095802486533032,
            5.819427878229821e-05,
            -0.03905285732524356,
            -0.018587343980158644,
            -0.01024858945199069,
            0.2615143088034766,
            0.02066037378906602,
            0.30089838639865607,
            0.08188063238122825,
            -0.027793139172720426,
            0.040551695153864045,
            0.03401873589547825,
            -0.07699478883432447,
            0.019219975758165267,
            -0.041450937246452234,
            -0.1553105473883316,
            0.03866082988557254
        ],
        [
            0.007991563793493561,
            0.00236975495987137,
            0.0007200268363215885,
            -0.01153709824286464,
            -0.00015651095265610367,
            -0.010713253786502694,
            0.004205217260498377,
            -0.0005786061923015284,
            0.02066037378906602,
            0.0029254487826616458,
            0.03733891156533593,
            0.010049530637101206,
            -0.003024351283159118,
            0.012521822119518397,
            0.004182739848082235,
            -0.006913751294782374,
            0.0019032303781135287,
            -0.005289749272040751,
            -0.01926775480903612,
            0.004984290453193394
        ],
        [
            0.05226047491199626,
            0.025937497267962708,
            0.003980505299223857,
            -0.039048023671539256,
            -0.0016907676075048185,
            0.052271536642630734,
            0.12260398091525573,
            -0.011498784240476555,
            0.30089838639865607,
            0.03733891156533593,
            0.5586316469787075,
            0.2058112190257102,
            -0.03216306974646724,
            0.07350864234079178,
            0.0402784189111149,
            -0.035347248151592146,
            0.0757149793525436,
            -0.06918039033710055,
            -0.2556669973778867,
            0.06505646978253096
        ],
        [
            0.020241602885549718,
            0.018606532597200732,
            -0.0012164728062462025,
            0.040372105773770005,
            -0.0006057534197878142,
            0.12089021374181413,
            0.0866503028423715,
            -0.004230907077176161,
            0.08188063238122825,
            0.010049530637101206,
            0.2058112190257102,
            0.14068012622607412,
            0.008450367538966068,
            0.018238796065237216,
            -0.009504693427247121,
            0.1569008754420457,
            0.13912089485815346,
            -0.013961245077453879,
            -0.04852991854481813,
            0.013426161524871071
        ],
        [
            0.0031430092230269233,
            0.0027578322336618954,
            -0.0006754134042605949,
            0.011798089966447154,
            4.745870084635306e-05,
            0.017745231816031316,
            0.0037524574541243924,
            0.0009112580231146707,
            -0.027793139172720426,
            -0.003024351283159118,
            -0.03216306974646724,
            0.008450367538966068,
            0.00858043482976117,
            0.0023370723476202463,
            -0.009807532376568324,
            0.06201962791590147,
            0.03468060199242669,
            0.007582305283471941,
            0.029581122547724006,
            -0.007002118410173272
        ],
        [
            0.07441538138901208,
            -0.01848596468623652,
            0.010254986393408487,
            -0.1933926781068869,
            -0.001299689756312794,
            -0.3072381428762391,
            -0.07275517522523232,
            0.0034267127903174275,
            0.040551695153864045,
            0.012521822119518397,
            0.07350864234079178,
            0.018238796065237216,
            0.0023370723476202463,
            0.2560529744917243,
            0.012650471859304626,
            0.15857322872694116,
            0.117318823523739,
            -0.010521554355060154,
            -0.02377151719066722,
            0.010709004154864848
        ],
        [
            0.0007091064150645954,
            -0.004433748783688398,
            0.0014051468213861448,
            -0.025521951996178974,
            -0.00012935009379344266,
            -0.03975715965195535,
            -0.009259815887599271,
            -0.0008189897232515779,
            0.03401873589547825,
            0.004182739848082235,
            0.0402784189111149,
            -0.009504693427247121,
            -0.009807532376568324,
            0.012650471859304626,
            0.012134128773866524,
            -0.06291653205173223,
            -0.033763653517848845,
            -0.009295335529260483,
            -0.03525764434768608,
            0.008640702443149184
        ],
        [
            -0.0006937910456772053,
            -0.028367674962410817,
            -0.0007419702539410651,
            0.019588840470856905,
            -0.00043968089045477385,
            0.02874033711293697,
            0.021935112309242537,
            0.0035634090668088198,
            -0.07699478883432447,
            -0.006913751294782374,
            -0.035347248151592146,
            0.1569008754420457,
            0.06201962791590147,
            0.15857322872694116,
            -0.06291653205173223,
            0.5938893641430897,
            0.3867100436477119,
            0.03491877381402795,
            0.14875649630265222,
            -0.031449696044317584
        ],
        [
            -0.032678892648711044,
            -0.04212648644132088,
            -0.0002315114659042235,
            0.014510175501596764,
            -0.0004067211297251246,
            0.022607128554182742,
            0.023164665307806566,
            -0.0004482122192270434,
            0.019219975758165267,
            0.0019032303781135287,
            0.0757149793525436,
            0.13912089485815346,
            0.03468060199242669,
            0.117318823523739,
            -0.033763653517848845,
            0.3867100436477119,
            0.2723950061249783,
            0.010797748192659308,
            0.05273140892904433,
            -0.009277393744443207
        ],
        [
            -0.00870236993002736,
            -0.003269995150282848,
            -0.0009915537304878623,
            0.014982536998934887,
            0.00022249901797085289,
            0.01111746477185708,
            -0.008611194839013424,
            0.001383564421523341,
            -0.041450937246452234,
            -0.005289749272040751,
            -0.06918039033710055,
            -0.013961245077453879,
            0.007582305283471941,
            -0.010521554355060154,
            -0.009295335529260483,
            0.03491877381402795,
            0.010797748192659308,
            0.010626535591676648,
            0.03982038049842471,
            -0.00994168998083815
        ],
        [
            -0.026398134334195793,
            -0.012000606071823643,
            -0.0031818914488885297,
            0.04619864725301946,
            0.0007487344077387672,
            0.02703685150604975,
            -0.03469867851797713,
            0.0054523761681054585,
            -0.1553105473883316,
            -0.01926775480903612,
            -0.2556669973778867,
            -0.04852991854481813,
            0.029581122547724006,
            -0.02377151719066722,
            -0.03525764434768608,
            0.14875649630265222,
            0.05273140892904433,
            0.03982038049842471,
            0.15032137991422975,
            -0.03718737387489964
        ],
        [
            0.008871244537141852,
            0.0033463799898482307,
            0.0009578671943081628,
            -0.01456554488445429,
            -0.0002148669555166426,
            -0.010984541851764822,
            0.008134201446321888,
            -0.0012757058065275399,
            0.03866082988557254,
            0.004984290453193394,
            0.06505646978253096,
            0.013426161524871071,
            -0.007002118410173272,
            0.010709004154864848,
            0.008640702443149184,
            -0.031449696044317584,
            -0.009277393744443207,
            -0.00994168998083815,
            -0.03718737387489964,
            0.009305434498097873
        ]
    ]
}