{
    "opt_E": -2.1711251173743196,
    "HF_E": -2.1397716979264914,
    "B3LYP_E": -2.141974660077559,
    "sto-3G_E": -2.1214537330723404,
    "proj": [
        [
            0.5779602033024062,
            0.36675921586184446,
            0.06800586170158691,
            -0.1585116809639944,
            0.031963763183604756,
            -0.008382472231969442,
            0.16115430911338677,
            0.11626898357863555,
            -0.17530064803815418,
            0.045046832484473796,
            0.03302267813030392,
            0.028458707806782557,
            0.00948962572905909,
            0.05322923506015206,
            -0.00048631071331371213,
            -0.005742433984277297,
            -0.02479757537400002,
            -0.004847673737537867,
            -0.02691258454355259,
            -0.00993705830652115
        ],
        [
            0.36675921586184446,
            0.2507797479542814,
            0.021630830097642596,
            -0.055894255742260375,
            0.01072606562678193,
            0.08743068479530072,
            0.13645975157487286,
            0.060313045869567955,
            -0.12054628017226572,
            0.024951526373816518,
            0.024659813896840268,
            0.02604563612326412,
            -0.0020146630034023846,
            -0.029109507195418924,
            0.0009856740418503582,
            -0.03023987183730489,
            -0.03279081064028151,
            -0.0030926210264972057,
            -0.021021605990902244,
            -0.005723932848964049
        ],
        [
            0.06800586170158691,
            0.021630830097642596,
            0.0399811715495993,
            -0.08248590724313794,
            0.017625497665564822,
            -0.1283261844953798,
            -0.025340791948878696,
            0.0343137723961428,
            0.01433247234204926,
            0.008701152688042226,
            0.02586684922401732,
            -0.013921085035855766,
            0.004148722709023497,
            0.06994557278258146,
            -0.01468076539001751,
            -0.015752794541904293,
            -0.00723301913375803,
            -0.009190819677663008,
            -0.03263468462330296,
            -0.013003956373052154
        ],
        [
            -0.1585116809639944,
            -0.055894255742260375,
            -0.08248590724313794,
            0.17267934309199207,
            -0.036570120295418215,
            0.26469427759581093,
            0.05098569704980184,
            -0.07151992926148176,
            -0.005061502030514863,
            -0.020366753010643383,
            -0.024445105279627375,
            0.03493348722849041,
            -0.011476809325340903,
            -0.1479363231048041,
            0.025029121933401732,
            0.02588675036434399,
            0.015878824183939794,
            0.013916311376758864,
            0.047575080516466674,
            0.02027530839954519
        ],
        [
            0.031963763183604756,
            0.01072606562678193,
            0.017625497665564822,
            -0.036570120295418215,
            0.007793321471281647,
            -0.05621346822118902,
            -0.01066462227530308,
            0.015322057028428508,
            0.004365131954134473,
            0.004062368401399394,
            0.00979405674980884,
            -0.005882235583305752,
            0.0022180401033006078,
            0.03175393011709295,
            -0.005821603716305517,
            -0.004762766926121483,
            -0.0021779652595606143,
            -0.003600510623598046,
            -0.012614416710480091,
            -0.0051624143086387115
        ],
        [
            -0.008382472231969442,
            0.08743068479530072,
            -0.1283261844953798,
            0.26469427759581093,
            -0.05621346822118902,
            0.54539812694041,
            0.20618183556160008,
            -0.07616802347832784,
            -0.05915700322092257,
            -0.01974954375021408,
            0.04749842053889291,
            0.11203731596387573,
            -0.02361386584927796,
            -0.27618465646870977,
            0.040602481890405356,
            0.04860252031953295,
            0.02957343315806179,
            0.013784998050839494,
            0.03479251334703305,
            0.020048537588016446
        ],
        [
            0.16115430911338677,
            0.13645975157487286,
            -0.025340791948878696,
            0.05098569704980184,
            -0.01066462227530308,
            0.20618183556160008,
            0.13433558596543935,
            0.010964953640732175,
            -0.032154159246273135,
            0.0034017367537817764,
            0.09701388640932197,
            0.0765296076489732,
            -0.00847878771384334,
            -0.08081260033027067,
            0.008920453472207537,
            0.03321778501707163,
            0.024293170800130798,
            -0.005348381085824816,
            -0.03056895115653157,
            -0.007630701824136558
        ],
        [
            0.11626898357863555,
            0.060313045869567955,
            0.0343137723961428,
            -0.07151992926148176,
            0.015322057028428508,
            -0.07616802347832784,
            0.010964953640732175,
            0.038684039512668876,
            0.0028876376291099093,
            0.010282049902578139,
            0.05090368804782889,
            0.008512633660895354,
            0.0032918450142430515,
            0.05446593972730299,
            -0.010739442935222046,
            0.002070066535629676,
            0.00442344277120983,
            -0.009787270538034775,
            -0.037344421106940556,
            -0.014059783949240384
        ],
        [
            -0.17530064803815418,
            -0.12054628017226572,
            0.01433247234204926,
            -0.005061502030514863,
            0.004365131954134473,
            -0.05915700322092257,
            -0.032154159246273135,
            0.0028876376291099093,
            0.24858554984023895,
            -0.021203211806434072,
            0.2890086910099224,
            0.061387199312434255,
            -0.022589245994567544,
            0.009604587991042638,
            -0.05146849440156939,
            -0.03720575993075354,
            0.027776738092253613,
            -0.049704677027358576,
            -0.19204443400818005,
            -0.06507094382329634
        ],
        [
            0.045046832484473796,
            0.024951526373816518,
            0.008701152688042226,
            -0.020366753010643383,
            0.004062368401399394,
            -0.01974954375021408,
            0.0034017367537817764,
            0.010282049902578139,
            -0.021203211806434072,
            0.004725819588759379,
            -0.01386369798670526,
            -0.00430412358646061,
            0.003273891416477689,
            0.016372294808940577,
            0.00172461959786661,
            0.004551884451848859,
            -0.0009833381208052428,
            0.0019890239077512474,
            0.00803331174055789,
            0.0022606726102305168
        ],
        [
            0.03302267813030392,
            0.024659813896840268,
            0.02586684922401732,
            -0.024445105279627375,
            0.00979405674980884,
            0.04749842053889291,
            0.09701388640932197,
            0.05090368804782889,
            0.2890086910099224,
            -0.01386369798670526,
            0.5160263177975271,
            0.17813916881182812,
            -0.026645536837137895,
            0.015252805188076164,
            -0.057427270125694464,
            0.04767843477544608,
            0.10182359478068144,
            -0.07349876150866255,
            -0.2915421455937601,
            -0.09844039797330512
        ],
        [
            0.028458707806782557,
            0.02604563612326412,
            -0.013921085035855766,
            0.03493348722849041,
            -0.005882235583305752,
            0.11203731596387573,
            0.0765296076489732,
            0.008512633660895354,
            0.061387199312434255,
            -0.00430412358646061,
            0.17813916881182812,
            0.12113430502564297,
            0.0059472800658017305,
            0.02607448256697214,
            0.015131377701159503,
            0.17383775373006177,
            0.12961031149244204,
            -0.008690960322509066,
            -0.03626928667544974,
            -0.012964729396977457
        ],
        [
            0.00948962572905909,
            -0.0020146630034023846,
            0.004148722709023497,
            -0.011476809325340903,
            0.0022180401033006078,
            -0.02361386584927796,
            -0.00847878771384334,
            0.0032918450142430515,
            -0.022589245994567544,
            0.003273891416477689,
            -0.026645536837137895,
            0.0059472800658017305,
            0.01056046367391514,
            0.041017399797667976,
            0.013003069647419837,
            0.06160771140733106,
            0.033831184549066654,
            0.00873619211506001,
            0.03615510236096658,
            0.010918480034825453
        ],
        [
            0.05322923506015206,
            -0.029109507195418924,
            0.06994557278258146,
            -0.1479363231048041,
            0.03175393011709295,
            -0.27618465646870977,
            -0.08081260033027067,
            0.05446593972730299,
            0.009604587991042638,
            0.016372294808940577,
            0.015252805188076164,
            0.02607448256697214,
            0.041017399797667976,
            0.2575591971137799,
            0.018447351708382614,
            0.22130839608302658,
            0.13936271586811583,
            0.008474669122263988,
            0.04639492066186909,
            0.007840389637580276
        ],
        [
            -0.00048631071331371213,
            0.0009856740418503582,
            -0.01468076539001751,
            0.025029121933401732,
            -0.005821603716305517,
            0.040602481890405356,
            0.008920453472207537,
            -0.010739442935222046,
            -0.05146849440156939,
            0.00172461959786661,
            -0.057427270125694464,
            0.015131377701159503,
            0.013003069647419837,
            0.018447351708382614,
            0.02725468910799017,
            0.09343015021563614,
            0.048464637237841515,
            0.018196372849088645,
            0.0716944550210141,
            0.023534798788335285
        ],
        [
            -0.005742433984277297,
            -0.03023987183730489,
            -0.015752794541904293,
            0.02588675036434399,
            -0.004762766926121483,
            0.04860252031953295,
            0.03321778501707163,
            0.002070066535629676,
            -0.03720575993075354,
            0.004551884451848859,
            0.04767843477544608,
            0.17383775373006177,
            0.06160771140733106,
            0.22130839608302658,
            0.09343015021563614,
            0.5413192373509758,
            0.33857941679021425,
            0.04128938473139311,
            0.16934242959085935,
            0.05016808782128032
        ],
        [
            -0.02479757537400002,
            -0.03279081064028151,
            -0.00723301913375803,
            0.015878824183939794,
            -0.0021779652595606143,
            0.02957343315806179,
            0.024293170800130798,
            0.00442344277120983,
            0.027776738092253613,
            -0.0009833381208052428,
            0.10182359478068144,
            0.12961031149244204,
            0.033831184549066654,
            0.13936271586811583,
            0.048464637237841515,
            0.33857941679021425,
            0.22316940762300672,
            0.014716854821809447,
            0.062410354869343355,
            0.01669635342066552
        ],
        [
            -0.004847673737537867,
            -0.0030926210264972057,
            -0.009190819677663008,
            0.013916311376758864,
            -0.003600510623598046,
            0.013784998050839494,
            -0.005348381085824816,
            -0.009787270538034775,
            -0.049704677027358576,
            0.0019890239077512474,
            -0.07349876150866255,
            -0.008690960322509066,
            0.00873619211506001,
            0.008474669122263988,
            0.018196372849088645,
            0.04128938473139311,
            0.014716854821809447,
            0.015288023944455855,
            0.06049836602779688,
            0.020072446750585244
        ],
        [
            -0.02691258454355259,
            -0.021021605990902244,
            -0.03263468462330296,
            0.047575080516466674,
            -0.012614416710480091,
            0.03479251334703305,
            -0.03056895115653157,
            -0.037344421106940556,
            -0.19204443400818005,
            0.00803331174055789,
            -0.2915421455937601,
            -0.03626928667544974,
            0.03615510236096658,
            0.04639492066186909,
            0.0716944550210141,
            0.16934242959085935,
            0.062410354869343355,
            0.06049836602779688,
            0.2403442159199905,
            0.07934694715967694
        ],
        [
            -0.00993705830652115,
            -0.005723932848964049,
            -0.013003956373052154,
            0.02027530839954519,
            -0.0051624143086387115,
            0.020048537588016446,
            -0.007630701824136558,
            -0.014059783949240384,
            -0.06507094382329634,
            0.0022606726102305168,
            -0.09844039797330512,
            -0.012964729396977457,
            0.010918480034825453,
            0.007840389637580276,
            0.023534798788335285,
            0.05016808782128032,
            0.01669635342066552,
            0.020072446750585244,
            0.07934694715967694,
            0.02642123322563878
        ]
    ]
}