{
    "opt_E": -2.1716257663125815,
    "HF_E": -2.140691864406498,
    "B3LYP_E": -2.1430030484657348,
    "sto-3G_E": -2.1230803722567213,
    "proj": [
        [
            0.5870138400038722,
            0.3812432791555465,
            -0.051806202849771374,
            -0.14715570058710406,
            0.051109955965813546,
            -0.030607222362335092,
            0.15952514972711335,
            -0.07710784877202517,
            -0.15408627013675083,
            0.0866834329532728,
            0.023851932084957984,
            0.02467753310165237,
            0.0034436894192272503,
            0.0644508810973149,
            0.00626809561751788,
            -0.0006327961090292901,
            -0.023640781858272165,
            -0.0021567031009572784,
            -0.02430383264451479,
            -0.002525320154180302
        ],
        [
            0.3812432791555465,
            0.26797063873305293,
            -0.018368719650614745,
            -0.05520287577286364,
            0.017625317602712846,
            0.07459464692229911,
            0.14179700807536008,
            -0.044933470678947596,
            -0.10504509046633177,
            0.047790424252882394,
            0.029140958602188786,
            0.025500724878869962,
            -0.0018587143622436748,
            -0.02804168254641457,
            -0.0027552647887661877,
            -0.03756300917217418,
            -0.037244826266920876,
            -0.0023596922230989885,
            -0.03159865961722635,
            -0.0036453033213434192
        ],
        [
            -0.051806202849771374,
            -0.018368719650614745,
            0.021570983416491902,
            0.056694359138543926,
            -0.022012486658096103,
            0.09849094516753384,
            0.020061836695399397,
            0.010072690619680419,
            -0.014776154700660762,
            -0.017280921350621717,
            -0.015569139186928893,
            0.013375549769035582,
            -0.0038453178346974266,
            -0.048405178735325544,
            -0.0010356158248207472,
            0.010913653391458172,
            0.006325123834910689,
            0.0009602130183652164,
            0.026472258419457665,
            0.004814017976125826
        ],
        [
            -0.14715570058710406,
            -0.05520287577286364,
            0.056694359138543926,
            0.14956699579160954,
            -0.057763079165476704,
            0.25679627191982923,
            0.05061506843442619,
            0.02825926446499005,
            -0.027567829093966285,
            -0.04614712747389621,
            -0.02955485074777137,
            0.036495962645122046,
            -0.009961364704137419,
            -0.12975204430455153,
            -0.0038353001125167696,
            0.025060648951868048,
            0.01627805768130584,
            0.002127621362963808,
            0.059800608625875905,
            0.01098919890633027
        ],
        [
            0.051109955965813546,
            0.017625317602712846,
            -0.022012486658096103,
            -0.057763079165476704,
            0.022478246619584145,
            -0.10079804788015206,
            -0.020764516764713012,
            -0.009991662908710923,
            0.016966873243668197,
            0.017530133156729032,
            0.017910834377638688,
            -0.013296523390530309,
            0.003954942205503546,
            0.04910656294661771,
            0.0008923931892039757,
            -0.011447179082486205,
            -0.006320874607593219,
            -0.001044512499755645,
            -0.028602682037011464,
            -0.005183018201015873
        ],
        [
            -0.030607222362335092,
            0.07459464692229911,
            0.09849094516753384,
            0.25679627191982923,
            -0.10079804788015206,
            0.569742054619726,
            0.21300157253097587,
            0.02724702848774909,
            -0.0844573883502667,
            -0.05467903522636615,
            0.03870280181010996,
            0.1225446699686284,
            -0.01937010545827374,
            -0.26673506373486017,
            -0.010822515349319696,
            0.05903566610004365,
            0.03741573861405893,
            0.000877177835743812,
            0.058215232855218284,
            0.012844119122007846
        ],
        [
            0.15952514972711335,
            0.14179700807536008,
            0.020061836695399397,
            0.05061506843442619,
            -0.020764516764713012,
            0.21300157253097587,
            0.14169863717341688,
            -0.00967907612771334,
            -0.030257743392205175,
            0.008675358663754674,
            0.09971356218874527,
            0.07867214714106029,
            -0.005110114233498863,
            -0.08516819916442438,
            -0.006171608451180101,
            0.031019224174507316,
            0.02199463555555777,
            -0.0025360252462212803,
            -0.035982843824378635,
            -0.004326139166651856
        ],
        [
            -0.07710784877202517,
            -0.044933470678947596,
            0.010072690619680419,
            0.02825926446499005,
            -0.009991662908710923,
            0.02724702848774909,
            -0.00967907612771334,
            0.011721942874293817,
            0.02633818592146157,
            -0.012741663024557181,
            0.012329640342695078,
            0.0030170171595286497,
            -0.0012183498809943836,
            -0.02521026651094828,
            -0.0030092661580386603,
            -0.006940862410415966,
            0.00046464177673193,
            -0.00028746997934183077,
            -0.008373405005432552,
            -0.0014422981322051195
        ],
        [
            -0.15408627013675083,
            -0.10504509046633177,
            -0.014776154700660762,
            -0.027567829093966285,
            0.016966873243668197,
            -0.0844573883502667,
            -0.030257743392205175,
            0.02633818592146157,
            0.2480625408766321,
            0.002934129806820054,
            0.29018203580125135,
            0.05132544276045429,
            0.006659761090931619,
            -0.0030896063139226704,
            -0.01991904185798175,
            -0.029908263163162137,
            0.02406182952221759,
            -0.009297553772983613,
            -0.22670052798079357,
            -0.038597287634365
        ],
        [
            0.0866834329532728,
            0.047790424252882394,
            -0.017280921350621717,
            -0.04614712747389621,
            0.017530133156729032,
            -0.05467903522636615,
            0.008675358663754674,
            -0.012741663024557181,
            0.002934129806820054,
            0.019126007538435345,
            0.030109135599436426,
            0.003974307284709002,
            0.0029178572079216793,
            0.036797472860219546,
            0.0011217222217624267,
            0.005303148507469434,
            0.0034123795497734114,
            -0.0011200240990659376,
            -0.025396942322012794,
            -0.004306039654193981
        ],
        [
            0.023851932084957984,
            0.029140958602188786,
            -0.015569139186928893,
            -0.02955485074777137,
            0.017910834377638688,
            0.03870280181010996,
            0.09971356218874527,
            0.012329640342695078,
            0.29018203580125135,
            0.030109135599436426,
            0.5018124687734947,
            0.1674255733059091,
            0.008391832474820324,
            -0.005489213533266759,
            -0.022771266984868727,
            0.07678935882023033,
            0.10570053968268592,
            -0.014076064814021233,
            -0.31893763845625794,
            -0.05289663647820314
        ],
        [
            0.02467753310165237,
            0.025500724878869962,
            0.013375549769035582,
            0.036495962645122046,
            -0.013296523390530309,
            0.1225446699686284,
            0.07867214714106029,
            0.0030170171595286497,
            0.05132544276045429,
            0.003974307284709002,
            0.1674255733059091,
            0.11697992310271221,
            0.002042328098734645,
            0.025384663418475305,
            0.004861420948108919,
            0.17619595932211274,
            0.125774567059579,
            -0.0017718887889714783,
            -0.0298638105354061,
            -0.004498960830876552
        ],
        [
            0.0034436894192272503,
            -0.0018587143622436748,
            -0.0038453178346974266,
            -0.009961364704137419,
            0.003954942205503546,
            -0.01937010545827374,
            -0.005110114233498863,
            -0.0012183498809943836,
            0.006659761090931619,
            0.0029178572079216793,
            0.008391832474820324,
            0.002042328098734645,
            0.0010903904006026278,
            0.015458486800580743,
            0.0010482230290376213,
            0.010341514369206384,
            0.007341200082167653,
            -0.00010665887776831029,
            -0.0035424711253380686,
            -0.0007125404174622469
        ],
        [
            0.0644508810973149,
            -0.02804168254641457,
            -0.048405178735325544,
            -0.12975204430455153,
            0.04910656294661771,
            -0.26673506373486017,
            -0.08516819916442438,
            -0.02521026651094828,
            -0.0030896063139226704,
            0.036797472860219546,
            -0.005489213533266759,
            0.025384663418475305,
            0.015458486800580743,
            0.2805268666514363,
            0.03253468656835627,
            0.2503662774629616,
            0.15191504804728892,
            0.004231002371337734,
            0.08368817836057565,
            0.012073057735966718
        ],
        [
            0.00626809561751788,
            -0.0027552647887661877,
            -0.0010356158248207472,
            -0.0038353001125167696,
            0.0008923931892039757,
            -0.010822515349319696,
            -0.006171608451180101,
            -0.0030092661580386603,
            -0.01991904185798175,
            0.0011217222217624267,
            -0.022771266984868727,
            0.004861420948108919,
            0.0010482230290376213,
            0.03253468656835627,
            0.006242552331438209,
            0.04582112439491464,
            0.025129330530015835,
            0.001520279597208221,
            0.03479481967420109,
            0.005657576838880478
        ],
        [
            -0.0006327961090292901,
            -0.03756300917217418,
            0.010913653391458172,
            0.025060648951868048,
            -0.011447179082486205,
            0.05903566610004365,
            0.031019224174507316,
            -0.006940862410415966,
            -0.029908263163162137,
            0.005303148507469434,
            0.07678935882023033,
            0.17619595932211274,
            0.010341514369206384,
            0.2503662774629616,
            0.04582112439491464,
            0.5217191305069748,
            0.3280847299126528,
            0.007384021346095571,
            0.17737103607483476,
            0.028887660744947325
        ],
        [
            -0.023640781858272165,
            -0.037244826266920876,
            0.006325123834910689,
            0.01627805768130584,
            -0.006320874607593219,
            0.03741573861405893,
            0.02199463555555777,
            0.00046464177673193,
            0.02406182952221759,
            0.0034123795497734114,
            0.10570053968268592,
            0.125774567059579,
            0.007341200082167653,
            0.15191504804728892,
            0.025129330530015835,
            0.3280847299126528,
            0.2142332646296449,
            0.0029239067599161786,
            0.07098841778363499,
            0.011355234284248889
        ],
        [
            -0.0021567031009572784,
            -0.0023596922230989885,
            0.0009602130183652164,
            0.002127621362963808,
            -0.001044512499755645,
            0.000877177835743812,
            -0.0025360252462212803,
            -0.00028746997934183077,
            -0.009297553772983613,
            -0.0011200240990659376,
            -0.014076064814021233,
            -0.0017718887889714783,
            -0.00010665887776831029,
            0.004231002371337734,
            0.001520279597208221,
            0.007384021346095571,
            0.0029239067599161786,
            0.000578035789815722,
            0.013287850423499906,
            0.002195615622161169
        ],
        [
            -0.02430383264451479,
            -0.03159865961722635,
            0.026472258419457665,
            0.059800608625875905,
            -0.028602682037011464,
            0.058215232855218284,
            -0.035982843824378635,
            -0.008373405005432552,
            -0.22670052798079357,
            -0.025396942322012794,
            -0.31893763845625794,
            -0.0298638105354061,
            -0.0035424711253380686,
            0.08368817836057565,
            0.03479481967420109,
            0.17737103607483476,
            0.07098841778363499,
            0.013287850423499906,
            0.3093013515201178,
            0.05139484225649207
        ],
        [
            -0.002525320154180302,
            -0.0036453033213434192,
            0.004814017976125826,
            0.01098919890633027,
            -0.005183018201015873,
            0.012844119122007846,
            -0.004326139166651856,
            -0.0014422981322051195,
            -0.038597287634365,
            -0.004306039654193981,
            -0.05289663647820314,
            -0.004498960830876552,
            -0.0007125404174622469,
            0.012073057735966718,
            0.005657576838880478,
            0.028887660744947325,
            0.011355234284248889,
            0.002195615622161169,
            0.05139484225649207,
            0.008564128646647176
        ]
    ]
}