{
    "opt_E": -2.1833831336086464,
    "HF_E": -2.150213049263421,
    "B3LYP_E": -2.153489103522923,
    "sto-3G_E": -2.123218602446161,
    "proj": [
        [
            0.5977169565544789,
            0.38344190801565187,
            -0.04219261974736531,
            -0.1372888741800913,
            -0.05358736947582947,
            -0.037373787153722936,
            0.14452720614665032,
            -0.06973118598654265,
            -0.16149339163232504,
            -0.10768407105454247,
            0.0141132128085754,
            0.0316067527384535,
            -0.013086766418325771,
            0.046950883578564466,
            -0.028289973255127752,
            -0.0023324102237327663,
            -0.02597177690705462,
            0.002585218694076381,
            -0.006132995284200727,
            -0.0013796992209397917
        ],
        [
            0.38344190801565187,
            0.26676059900189525,
            -0.01254583006159201,
            -0.04712598030614893,
            -0.014211188275330564,
            0.08036145652827835,
            0.1341722212929425,
            -0.03761564999790523,
            -0.11591096223400475,
            -0.05286324922105274,
            0.012828146508252383,
            0.030281091060979006,
            -0.004961012927719021,
            -0.028966605619549054,
            0.0026201276872306403,
            -0.025488013087072436,
            -0.03553997919372779,
            0.0005562731522429424,
            -0.00460509469071939,
            -0.0004681208050548801
        ],
        [
            -0.04219261974736531,
            -0.01254583006159201,
            0.014693865302079091,
            0.041271167263582126,
            0.020460248417301687,
            0.08195829656562131,
            0.01953865112874263,
            0.010516522057767593,
            -0.0083843711053019,
            0.023625267664654895,
            -0.014525890574588968,
            0.006157130271574927,
            -0.0003808110306078114,
            -0.040015235068798394,
            0.020027673147191373,
            0.008671529708539655,
            0.0015790158690527048,
            -0.004998387787729083,
            0.015040299404213382,
            0.0004164685027281544
        ],
        [
            -0.1372888741800913,
            -0.04712598030614893,
            0.041271167263582126,
            0.11918389976952526,
            0.05669737612791085,
            0.23171185010590217,
            0.05587402401252321,
            0.030736585769239547,
            0.0015649355854325843,
            0.06160574710375147,
            -0.003432430253042788,
            0.028462534454820627,
            0.002575102617372964,
            -0.1137827086228145,
            0.05342810069449711,
            0.015373282382623234,
            0.006787638161963833,
            -0.008406290994874138,
            0.021301312512669267,
            0.0009713143344765455
        ],
        [
            -0.05358736947582947,
            -0.014211188275330564,
            0.020460248417301687,
            0.05669737612791085,
            0.028679521411379978,
            0.11421852614673632,
            0.02750153075105741,
            0.014266102366624655,
            -0.01764653006262849,
            0.03382481439813927,
            -0.02830443309829973,
            0.006825847900690628,
            -0.0015694885582634688,
            -0.05481708777126783,
            0.028605379914750793,
            0.01608455404547605,
            0.002959181383042204,
            -0.008327269649046235,
            0.026046435637010795,
            0.000612665754952287
        ],
        [
            -0.037373787153722936,
            0.08036145652827835,
            0.08195829656562131,
            0.23171185010590217,
            0.11421852614673632,
            0.5740182902944404,
            0.22592592360001118,
            0.04072185329351577,
            -0.057942470075581134,
            0.09152334622074347,
            0.043684044892423245,
            0.1073507872689865,
            0.002163023726224559,
            -0.2618896252642825,
            0.11783653644767206,
            0.040100291601379595,
            0.013817316412674715,
            -0.014191135544008245,
            0.02945050929028207,
            0.0014159352763802706
        ],
        [
            0.14452720614665032,
            0.1341722212929425,
            0.01953865112874263,
            0.05587402401252321,
            0.02750153075105741,
            0.22592592360001118,
            0.14393604890884368,
            -0.004449638583713268,
            -0.025887351175208337,
            -0.008689803285650366,
            0.10339227987531462,
            0.08674460969972907,
            0.0010339809067347592,
            -0.08349742181828429,
            0.03348835792392231,
            0.026562046187257122,
            0.021668237581771263,
            0.005239427048614806,
            -0.027359051905723093,
            -0.0004486329947098954
        ],
        [
            -0.06973118598654265,
            -0.03761564999790523,
            0.010516522057767593,
            0.030736585769239547,
            0.014266102366624655,
            0.04072185329351577,
            -0.004449638583713268,
            0.010987680892866896,
            0.006707456794601453,
            0.021372503855059007,
            -0.01486344499958055,
            -0.004433177251809507,
            0.0013052637303160137,
            -0.02558104276975664,
            0.012034646882546662,
            -0.0030085545280208827,
            -0.003109465335351949,
            -0.002990708683037536,
            0.009030917874620984,
            0.0003923849824399232
        ],
        [
            -0.16149339163232504,
            -0.11591096223400475,
            -0.0083843711053019,
            0.0015649355854325843,
            -0.01764653006262849,
            -0.057942470075581134,
            -0.025887351175208337,
            0.006707456794601453,
            0.2027646684690652,
            -0.042847841963853474,
            0.2767376695918094,
            0.07309025403355843,
            0.026533236492798262,
            0.024239699271754445,
            -0.03447223007636513,
            -0.06102119937901331,
            0.02477157779656841,
            0.04349105225255862,
            -0.15876336694421972,
            -0.0016740576085992431
        ],
        [
            -0.10768407105454247,
            -0.05286324922105274,
            0.023625267664654895,
            0.06160574710375147,
            0.03382481439813927,
            0.09152334622074347,
            -0.008689803285650366,
            0.021372503855059007,
            -0.042847841963853474,
            0.057660872857346133,
            -0.11506035414522861,
            -0.0327712489540157,
            -0.005489732425319883,
            -0.05472202321924956,
            0.03372264211167331,
            0.01549919356637882,
            -0.010939437598654839,
            -0.019312392414268274,
            0.06703859319058975,
            0.001298703680681081
        ],
        [
            0.0141132128085754,
            0.012828146508252383,
            -0.014525890574588968,
            -0.003432430253042788,
            -0.02830443309829973,
            0.043684044892423245,
            0.10339227987531462,
            -0.01486344499958055,
            0.2767376695918094,
            -0.11506035414522861,
            0.5568195085665568,
            0.21471083661184281,
            0.03528833301239776,
            0.023559717027602817,
            -0.04414706247344299,
            -0.022523945471625888,
            0.0921798258316646,
            0.07568947458509369,
            -0.27954064612817386,
            -0.00396486220870921
        ],
        [
            0.0316067527384535,
            0.030281091060979006,
            0.006157130271574927,
            0.028462534454820627,
            0.006825847900690628,
            0.1073507872689865,
            0.08674460969972907,
            -0.004433177251809507,
            0.07309025403355843,
            -0.0327712489540157,
            0.21471083661184281,
            0.13966531066956953,
            -0.004227270329529305,
            0.025032810312106767,
            0.005244712009420944,
            0.15212279867597536,
            0.13483099006373658,
            0.015857384679094644,
            -0.05928514292863888,
            -0.002015393046615433
        ],
        [
            -0.013086766418325771,
            -0.004961012927719021,
            -0.0003808110306078114,
            0.002575102617372964,
            -0.0015694885582634688,
            0.002163023726224559,
            0.0010339809067347592,
            0.0013052637303160137,
            0.026533236492798262,
            -0.005489732425319883,
            0.03528833301239776,
            -0.004227270329529305,
            0.009638351274238859,
            -0.022319497570073222,
            -0.004168781985904546,
            -0.06567907063380106,
            -0.03505259180374161,
            0.009040105136868568,
            -0.03458193757292926,
            6.474691214883377e-05
        ],
        [
            0.046950883578564466,
            -0.028966605619549054,
            -0.040015235068798394,
            -0.1137827086228145,
            -0.05481708777126783,
            -0.2618896252642825,
            -0.08349742181828429,
            -0.02558104276975664,
            0.024239699271754445,
            -0.05472202321924956,
            0.023559717027602817,
            0.025032810312106767,
            -0.022319497570073222,
            0.20183933481642752,
            -0.05324982579819206,
            0.1923234521577302,
            0.13711689616184358,
            -0.0014560999853270827,
            0.019971685934526504,
            -0.001983815242571763
        ],
        [
            -0.028289973255127752,
            0.0026201276872306403,
            0.020027673147191373,
            0.05342810069449711,
            0.028605379914750793,
            0.11783653644767206,
            0.03348835792392231,
            0.012034646882546662,
            -0.03447223007636513,
            0.03372264211167331,
            -0.04414706247344299,
            0.005244712009420944,
            -0.004168781985904546,
            -0.05324982579819206,
            0.030297191993161138,
            0.025992488413493792,
            0.00491078646697833,
            -0.011263321351355285,
            0.03693835052562872,
            0.0006491938453334053
        ],
        [
            -0.0023324102237327663,
            -0.025488013087072436,
            0.008671529708539655,
            0.015373282382623234,
            0.01608455404547605,
            0.040100291601379595,
            0.026562046187257122,
            -0.0030085545280208827,
            -0.06102119937901331,
            0.01549919356637882,
            -0.022523945471625888,
            0.15212279867597536,
            -0.06567907063380106,
            0.1923234521577302,
            0.025992488413493792,
            0.5865762261915543,
            0.3738095109648421,
            -0.042715312265703305,
            0.16674166226994194,
            -0.0023513372622378835
        ],
        [
            -0.02597177690705462,
            -0.03553997919372779,
            0.0015790158690527048,
            0.006787638161963833,
            0.002959181383042204,
            0.013817316412674715,
            0.021668237581771263,
            -0.003109465335351949,
            0.02477157779656841,
            -0.010939437598654839,
            0.0921798258316646,
            0.13483099006373658,
            -0.03505259180374161,
            0.13711689616184358,
            0.00491078646697833,
            0.3738095109648421,
            0.26073728360204196,
            -0.012380289491957084,
            0.052274150198884595,
            -0.0022884543241600743
        ],
        [
            0.002585218694076381,
            0.0005562731522429424,
            -0.004998387787729083,
            -0.008406290994874138,
            -0.008327269649046235,
            -0.014191135544008245,
            0.005239427048614806,
            -0.002990708683037536,
            0.04349105225255862,
            -0.019312392414268274,
            0.07568947458509369,
            0.015857384679094644,
            0.009040105136868568,
            -0.0014560999853270827,
            -0.011263321351355285,
            -0.042715312265703305,
            -0.012380289491957084,
            0.013501033403161708,
            -0.04975374546143218,
            -0.0004257722626031627
        ],
        [
            -0.006132995284200727,
            -0.00460509469071939,
            0.015040299404213382,
            0.021301312512669267,
            0.026046435637010795,
            0.02945050929028207,
            -0.027359051905723093,
            0.009030917874620984,
            -0.15876336694421972,
            0.06703859319058975,
            -0.27954064612817386,
            -0.05928514292863888,
            -0.03458193757292926,
            0.019971685934526504,
            0.03693835052562872,
            0.16674166226994194,
            0.052274150198884595,
            -0.04975374546143218,
            0.184475693732637,
            0.0014510828473784491
        ],
        [
            -0.0013796992209397917,
            -0.0004681208050548801,
            0.0004164685027281544,
            0.0009713143344765455,
            0.000612665754952287,
            0.0014159352763802706,
            -0.0004486329947098954,
            0.0003923849824399232,
            -0.0016740576085992431,
            0.001298703680681081,
            -0.00396486220870921,
            -0.002015393046615433,
            6.474691214883377e-05,
            -0.001983815242571763,
            0.0006491938453334053,
            -0.0023513372622378835,
            -0.0022884543241600743,
            -0.0004257722626031627,
            0.0014510828473784491,
            4.766228873059946e-05
        ]
    ]
}