{
    "opt_E": -2.1605797048169975,
    "HF_E": -2.130400359923944,
    "B3LYP_E": -2.1319798792443976,
    "sto-3G_E": -2.10572946499887,
    "proj": [
        [
            0.5184668413394795,
            0.33260788421135706,
            -0.020111708694745663,
            -0.17756229800212778,
            0.02784053108349275,
            0.0741142482334174,
            0.18092732281084814,
            -0.038389767169996425,
            -0.23717026312207293,
            0.0670782246822359,
            0.044181372872942506,
            0.03652824268665772,
            0.0017600913719007796,
            0.025194135504944325,
            -0.005047482552538134,
            0.0009159631995696486,
            -0.03790096800671813,
            -0.003185886964321236,
            -0.01977495176395578,
            0.009179582028374052
        ],
        [
            0.33260788421135706,
            0.22051706697806622,
            -0.008290168991808894,
            -0.07983182030870697,
            0.010570629322173732,
            0.09768948628254753,
            0.12883993461042265,
            -0.022450958322130458,
            -0.14341311445705754,
            0.039094934862038175,
            0.03923956580659861,
            0.02592476417744192,
            0.00023095159885553248,
            -0.02483710156703332,
            -0.004007260171529127,
            -0.029270913796260054,
            -0.04057881451021205,
            -0.0030394705899824525,
            -0.023223665867418194,
            0.008253599275494357
        ],
        [
            -0.020111708694745663,
            -0.008290168991808894,
            0.005224355852725233,
            0.03953730607773573,
            -0.008100004722558857,
            0.04304435976997529,
            0.0036382240688473725,
            0.003700959947303744,
            0.006771515009223756,
            -0.008173861069780849,
            -0.0056072307914411795,
            0.005355555457718664,
            0.0011634622990094796,
            -0.029675691845978545,
            -0.00704305503470539,
            0.0022813715603585897,
            0.004280686087141587,
            0.0012770071262941148,
            0.008435993025498929,
            -0.003817833510324854
        ],
        [
            -0.17756229800212778,
            -0.07983182030870697,
            0.03953730607773573,
            0.3007968111438183,
            -0.06111224214395909,
            0.313314052471512,
            0.018084365874825276,
            0.02925638583039987,
            0.06780360268299443,
            -0.06298913108180677,
            -0.0356072106738497,
            0.04020745781180906,
            0.0082777571994165,
            -0.2187525371199574,
            -0.050717911942341265,
            0.01747318773968926,
            0.03524617424588994,
            0.009021772683999424,
            0.058866809568295576,
            -0.02706932536810516
        ],
        [
            0.02784053108349275,
            0.010570629322173732,
            -0.008100004722558857,
            -0.06111224214395909,
            0.01258397733238191,
            -0.06860207961683264,
            -0.007181889884266127,
            -0.005550039085230835,
            -0.009053011332169576,
            0.012370786987046982,
            0.008233504484677925,
            -0.008853173340228023,
            -0.0018472922967978096,
            0.04664508016779411,
            0.011143528038055506,
            -0.003676543903824204,
            -0.006557662126031804,
            -0.0019750879038161247,
            -0.013037001107931568,
            0.005911201620323828
        ],
        [
            0.0741142482334174,
            0.09768948628254753,
            0.04304435976997529,
            0.313314052471512,
            -0.06860207961683264,
            0.49966086450552344,
            0.1547487271190233,
            0.015872041451631985,
            -0.010552761701853661,
            -0.0380164055243092,
            0.054119326962100506,
            0.10548120576990767,
            0.010814705225882513,
            -0.28750827850545463,
            -0.0665868800906752,
            0.02625121938757074,
            0.0371329582234991,
            0.005363559969972342,
            0.028481489588109723,
            -0.017560140377494784
        ],
        [
            0.18092732281084814,
            0.12883993461042265,
            0.0036382240688473725,
            0.018084365874825276,
            -0.007181889884266127,
            0.1547487271190233,
            0.11397421266428355,
            -0.010117627230666344,
            -0.02863678760865695,
            0.0227435298970554,
            0.11928503074275236,
            0.07539233341225894,
            0.002181054927807121,
            -0.043698953519208404,
            -0.011669305595643593,
            0.03385316616996204,
            0.027453155136879976,
            -0.005295335144124174,
            -0.04215205917286874,
            0.014245611646408599
        ],
        [
            -0.038389767169996425,
            -0.022450958322130458,
            0.003700959947303744,
            0.02925638583039987,
            -0.005550039085230835,
            0.015872041451631985,
            -0.010117627230666344,
            0.004105577037084315,
            0.011612751306708512,
            -0.008748077493530779,
            -0.014212120921009408,
            -0.003114129033768425,
            0.0005762707195768764,
            -0.01755831917690024,
            -0.003773124802579626,
            -0.001440990886024195,
            0.001307648573683932,
            0.001351928302008695,
            0.009451260833961295,
            -0.003912375872418215
        ],
        [
            -0.23717026312207293,
            -0.14341311445705754,
            0.006771515009223756,
            0.06780360268299443,
            -0.009053011332169576,
            -0.010552761701853661,
            -0.02863678760865695,
            0.011612751306708512,
            0.2750922334928328,
            0.005628453376677715,
            0.273690663652002,
            0.06494582685371575,
            -0.011457413478543468,
            0.0032642062017045246,
            0.04397291987872397,
            -0.0450986487844345,
            0.02726101458917094,
            -0.021183193788998102,
            -0.17008710755213516,
            0.05848805765824299
        ],
        [
            0.0670782246822359,
            0.039094934862038175,
            -0.008173861069780849,
            -0.06298913108180677,
            0.012370786987046982,
            -0.0380164055243092,
            0.0227435298970554,
            -0.008748077493530779,
            0.005628453376677715,
            0.022472343895649977,
            0.07063766777217899,
            0.016159327076033958,
            -0.002928726024674539,
            0.04201628640940374,
            0.014906917359026894,
            -0.003760100036192596,
            -0.0008313557760457587,
            -0.0061050630038966165,
            -0.045644485976776214,
            0.017284287516300924
        ],
        [
            0.044181372872942506,
            0.03923956580659861,
            -0.0056072307914411795,
            -0.0356072106738497,
            0.008233504484677925,
            0.054119326962100506,
            0.11928503074275236,
            -0.014212120921009408,
            0.273690663652002,
            0.07063766777217899,
            0.5376109203388675,
            0.1800235040469648,
            -0.013896806111485175,
            0.060373521770239635,
            0.05951388358282162,
            0.01244630169125618,
            0.07655002642778418,
            -0.037984808208023454,
            -0.2968059873788944,
            0.10550169625509287
        ],
        [
            0.03652824268665772,
            0.02592476417744192,
            0.005355555457718664,
            0.04020745781180906,
            -0.008853173340228023,
            0.10548120576990767,
            0.07539233341225894,
            -0.003114129033768425,
            0.06494582685371575,
            0.016159327076033958,
            0.1800235040469648,
            0.12439891192493323,
            0.006596372188797207,
            0.030256661600015135,
            -0.019103529302692383,
            0.17206425588430335,
            0.13755462097720916,
            -0.005317153245609289,
            -0.03719438554195899,
            0.014939369004456263
        ],
        [
            0.0017600913719007796,
            0.00023095159885553248,
            0.0011634622990094796,
            0.0082777571994165,
            -0.0018472922967978096,
            0.010814705225882513,
            0.002181054927807121,
            0.0005762707195768764,
            -0.011457413478543468,
            -0.002928726024674539,
            -0.013896806111485175,
            0.006596372188797207,
            0.002359623500778723,
            0.0026944208086421076,
            -0.008232117878525059,
            0.03086915415634623,
            0.01875971853092493,
            0.0022909981518897038,
            0.018819286660383197,
            -0.00630978346566396
        ],
        [
            0.025194135504944325,
            -0.02483710156703332,
            -0.029675691845978545,
            -0.2187525371199574,
            0.04664508016779411,
            -0.28750827850545463,
            -0.043698953519208404,
            -0.01755831917690024,
            0.0032642062017045246,
            0.04201628640940374,
            0.060373521770239635,
            0.030256661600015135,
            0.0026944208086421076,
            0.26488822874889767,
            0.016985327392633618,
            0.19108408806699426,
            0.12010441608517859,
            -0.00261514729028995,
            -0.0033349551725632793,
            0.009719579166657345
        ],
        [
            -0.005047482552538134,
            -0.004007260171529127,
            -0.00704305503470539,
            -0.050717911942341265,
            0.011143528038055506,
            -0.0665868800906752,
            -0.011669305595643593,
            -0.003773124802579626,
            0.04397291987872397,
            0.014906917359026894,
            0.05951388358282162,
            -0.019103529302692383,
            -0.008232117878525059,
            0.016985327392633618,
            0.031409824791228634,
            -0.09067442727290115,
            -0.05403324216791362,
            -0.008691252149985468,
            -0.06949995674105482,
            0.024191450243157848
        ],
        [
            0.0009159631995696486,
            -0.029270913796260054,
            0.0022813715603585897,
            0.01747318773968926,
            -0.003676543903824204,
            0.02625121938757074,
            0.03385316616996204,
            -0.001440990886024195,
            -0.0450986487844345,
            -0.003760100036192596,
            0.01244630169125618,
            0.17206425588430335,
            0.03086915415634623,
            0.19108408806699426,
            -0.09067442727290115,
            0.5530771470567694,
            0.3665221882375263,
            0.01916613293655918,
            0.17127243411369691,
            -0.0512531492470733
        ],
        [
            -0.03790096800671813,
            -0.04057881451021205,
            0.004280686087141587,
            0.03524617424588994,
            -0.006557662126031804,
            0.0371329582234991,
            0.027453155136879976,
            0.001307648573683932,
            0.02726101458917094,
            -0.0008313557760457587,
            0.07655002642778418,
            0.13755462097720916,
            0.01875971853092493,
            0.12010441608517859,
            -0.05403324216791362,
            0.3665221882375263,
            0.2560949874328934,
            0.008147266376440199,
            0.07682653322328592,
            -0.021459891958407855
        ],
        [
            -0.003185886964321236,
            -0.0030394705899824525,
            0.0012770071262941148,
            0.009021772683999424,
            -0.0019750879038161247,
            0.005363559969972342,
            -0.005295335144124174,
            0.001351928302008695,
            -0.021183193788998102,
            -0.0061050630038966165,
            -0.037984808208023454,
            -0.005317153245609289,
            0.0022909981518897038,
            -0.00261514729028995,
            -0.008691252149985468,
            0.01916613293655918,
            0.008147266376440199,
            0.0035527785744457856,
            0.02828151184378408,
            -0.009843912235863093
        ],
        [
            -0.01977495176395578,
            -0.023223665867418194,
            0.008435993025498929,
            0.058866809568295576,
            -0.013037001107931568,
            0.028481489588109723,
            -0.04215205917286874,
            0.009451260833961295,
            -0.17008710755213516,
            -0.045644485976776214,
            -0.2968059873788944,
            -0.03719438554195899,
            0.018819286660383197,
            -0.0033349551725632793,
            -0.06949995674105482,
            0.17127243411369691,
            0.07682653322328592,
            0.02828151184378408,
            0.22641480555053642,
            -0.07819723589237443
        ],
        [
            0.009179582028374052,
            0.008253599275494357,
            -0.003817833510324854,
            -0.02706932536810516,
            0.005911201620323828,
            -0.017560140377494784,
            0.014245611646408599,
            -0.003912375872418215,
            0.05848805765824299,
            0.017284287516300924,
            0.10550169625509287,
            0.014939369004456263,
            -0.00630978346566396,
            0.009719579166657345,
            0.024191450243157848,
            -0.0512531492470733,
            -0.021459891958407855,
            -0.009843912235863093,
            -0.07819723589237443,
            0.027298487838804463
        ]
    ]
}