{
    "opt_E": -2.1925255842647218,
    "HF_E": -2.1603258818826387,
    "B3LYP_E": -2.1632439301019404,
    "sto-3G_E": -2.143629570770058,
    "proj": [
        [
            0.5649892866261439,
            0.34360597685281585,
            -0.027431980873298303,
            -0.1684596040817351,
            0.04416476453857634,
            0.0198355592947559,
            0.1696982790273194,
            -0.055849771982649156,
            -0.22478865339551585,
            0.08094900710486379,
            0.04700489344695358,
            0.028289363515351995,
            0.0010864498387621044,
            0.05049274245408903,
            0.005584374770334523,
            -0.003562733403446653,
            -0.030958760162091033,
            -0.005635909332772359,
            -0.022856003848330378,
            -0.010949212489920866
        ],
        [
            0.34360597685281585,
            0.22691215637588658,
            -0.006460584628579839,
            -0.049681655707605195,
            0.011401276528862948,
            0.10688294823525188,
            0.13278595814298255,
            -0.02803871169096428,
            -0.14081870630386215,
            0.03917273941041805,
            0.020060835087674398,
            0.022144486891424203,
            0.0024620077831106852,
            -0.030066193456117406,
            0.00145072860357597,
            -0.021332392956099146,
            -0.03448983667642448,
            -0.0018024814560282474,
            -0.007200925187729334,
            -0.0025751450371258064
        ],
        [
            -0.027431980873298303,
            -0.006460584628579839,
            0.007676459068079432,
            0.04071587697833288,
            -0.011689664065610903,
            0.05696687317540986,
            0.009907885628409276,
            0.006330815215138283,
            0.005814641483462876,
            -0.010026309271538287,
            -0.010051841099386345,
            0.005542983346799813,
            0.00223949360990719,
            -0.034472700737548254,
            0.0013636674432631881,
            0.006631530602713707,
            0.0032872194210458055,
            0.0020018125420148605,
            0.010048440168331091,
            0.004926747085953269
        ],
        [
            -0.1684596040817351,
            -0.049681655707605195,
            0.04071587697833288,
            0.21732067680968314,
            -0.06208443730612852,
            0.2930031194223799,
            0.04464394868429319,
            0.03499824573538814,
            0.046362110504395586,
            -0.05523785725036411,
            -0.04366388190283492,
            0.029806269800496547,
            0.010759557907337807,
            -0.18058758426544758,
            0.0050819048288231975,
            0.027890084511316155,
            0.016329595472495913,
            0.00964719912804997,
            0.0471466711811365,
            0.023557892919367673
        ],
        [
            0.04416476453857634,
            0.011401276528862948,
            -0.011689664065610903,
            -0.06208443730612852,
            0.017835887254963576,
            -0.08516719373748566,
            -0.01332826418041799,
            -0.009897813506872516,
            -0.008548246500857521,
            0.015586280966860272,
            0.018361544093126198,
            -0.006399115369412428,
            -0.003342128715069189,
            0.052900080893381336,
            -0.001974482792948057,
            -0.008199403048258232,
            -0.0033216053735007716,
            -0.0031951844395643318,
            -0.01610844386825389,
            -0.007843848654953882
        ],
        [
            0.0198355592947559,
            0.10688294823525188,
            0.05696687317540986,
            0.2930031194223799,
            -0.08516719373748566,
            0.5455168494945459,
            0.19227026724909924,
            0.02889423710350759,
            -0.006566858688845352,
            -0.050973702693128134,
            0.024222305498092685,
            0.09874958811273249,
            0.016859649776121432,
            -0.29178084850395425,
            0.005074823949625132,
            0.03528817323458865,
            0.01874650699205812,
            0.008384894717831232,
            0.03728282778328003,
            0.021814110827302613
        ],
        [
            0.1696982790273194,
            0.13278595814298255,
            0.009907885628409276,
            0.04464394868429319,
            -0.01332826418041799,
            0.19227026724909924,
            0.1315096945803061,
            -0.009621390026197364,
            -0.01951482236886993,
            0.009754490917719275,
            0.1188839610028466,
            0.08436880322992252,
            0.0033370063815776232,
            -0.067212872154842,
            -0.002376313843310607,
            0.01924310410935953,
            0.02274804715027072,
            -0.005513308524565299,
            -0.03349020486769501,
            -0.012424860057177049
        ],
        [
            -0.055849771982649156,
            -0.02803871169096428,
            0.006330815215138283,
            0.03499824573538814,
            -0.009897813506872516,
            0.02889423710350759,
            -0.009621390026197364,
            0.007954764862213458,
            0.012627112768936284,
            -0.01182525114739517,
            -0.023037199791747478,
            -0.005743597682940421,
            0.0014273994387246534,
            -0.0251340383722568,
            0.0009471297148825296,
            0.001129541801964442,
            -0.0006529727149841228,
            0.0024255399018422354,
            0.012541958334793324,
            0.005764228730063437
        ],
        [
            -0.22478865339551585,
            -0.14081870630386215,
            0.005814641483462876,
            0.046362110504395586,
            -0.008548246500857521,
            -0.006566858688845352,
            -0.01951482236886993,
            0.012627112768936284,
            0.2380226002712012,
            -0.02163483992732141,
            0.27078402557825576,
            0.09006597900329627,
            -0.01425536752991929,
            0.004535595418628303,
            -0.03285191564152333,
            -0.0674300876413174,
            0.026651401001399334,
            -0.020714655784652918,
            -0.1283663123078082,
            -0.052888369787586285
        ],
        [
            0.08094900710486379,
            0.03917273941041805,
            -0.010026309271538287,
            -0.05523785725036411,
            0.015586280966860272,
            -0.050973702693128134,
            0.009754490917719275,
            -0.01182525114739517,
            -0.02163483992732141,
            0.01779384841114017,
            0.026505476283557698,
            0.004306897188604756,
            -0.002063184940816025,
            0.04063372585959694,
            -0.0008255071229376738,
            -0.0010930664783206662,
            2.2953366103369214e-05,
            -0.003154756422361898,
            -0.015806899801367146,
            -0.0074697710165918625
        ],
        [
            0.04700489344695358,
            0.020060835087674398,
            -0.010051841099386345,
            -0.04366388190283492,
            0.018361544093126198,
            0.024222305498092685,
            0.1188839610028466,
            -0.023037199791747478,
            0.27078402557825576,
            0.026505476283557698,
            0.5807973827441899,
            0.23104999476904894,
            -0.02156039076712641,
            0.06860449084012904,
            -0.04779725037883373,
            -0.049930940801193216,
            0.08294688934068159,
            -0.04322983844451213,
            -0.25625664023256856,
            -0.10718271351618022
        ],
        [
            0.028289363515351995,
            0.022144486891424203,
            0.005542983346799813,
            0.029806269800496547,
            -0.006399115369412428,
            0.09874958811273249,
            0.08436880322992252,
            -0.005743597682940421,
            0.09006597900329627,
            0.004306897188604756,
            0.23104999476904894,
            0.1510082416390863,
            0.004266636511685226,
            0.029156156171672377,
            0.005911695281051069,
            0.1490057224088119,
            0.1414565421042828,
            -0.010627553664255183,
            -0.06049692408891083,
            -0.02545955606704181
        ],
        [
            0.0010864498387621044,
            0.0024620077831106852,
            0.00223949360990719,
            0.010759557907337807,
            -0.003342128715069189,
            0.016859649776121432,
            0.0033370063815776232,
            0.0014273994387246534,
            -0.01425536752991929,
            -0.002063184940816025,
            -0.02156039076712641,
            0.004266636511685226,
            0.0035992514987657227,
            -0.0009100318374200734,
            0.0073194416297025075,
            0.03937539715799958,
            0.021002595371180224,
            0.003027277896505091,
            0.01856607815287658,
            0.007704354527021939
        ],
        [
            0.05049274245408903,
            -0.030066193456117406,
            -0.034472700737548254,
            -0.18058758426544758,
            0.052900080893381336,
            -0.29178084850395425,
            -0.067212872154842,
            -0.0251340383722568,
            0.004535595418628303,
            0.04063372585959694,
            0.06860449084012904,
            0.029156156171672377,
            -0.0009100318374200734,
            0.22786628295913747,
            0.017753421900711285,
            0.15490926933363217,
            0.11620816623858105,
            -0.0053722260640126085,
            -0.019156969641071372,
            -0.01281878198710077
        ],
        [
            0.005584374770334523,
            0.00145072860357597,
            0.0013636674432631881,
            0.0050819048288231975,
            -0.001974482792948057,
            0.005074823949625132,
            -0.002376313843310607,
            0.0009471297148825296,
            -0.03285191564152333,
            -0.0008255071229376738,
            -0.04779725037883373,
            0.005911695281051069,
            0.0073194416297025075,
            0.017753421900711285,
            0.01677630377990521,
            0.09125636896679368,
            0.049410672181096474,
            0.006275629164405948,
            0.03956439256463888,
            0.015987822309005178
        ],
        [
            -0.003562733403446653,
            -0.021332392956099146,
            0.006631530602713707,
            0.027890084511316155,
            -0.008199403048258232,
            0.03528817323458865,
            0.01924310410935953,
            0.001129541801964442,
            -0.0674300876413174,
            -0.0010930664783206662,
            -0.049930940801193216,
            0.1490057224088119,
            0.03937539715799958,
            0.15490926933363217,
            0.09125636896679368,
            0.6031152075138264,
            0.3837918692746128,
            0.02248664988334812,
            0.14855952795159627,
            0.05833499584994751
        ],
        [
            -0.030958760162091033,
            -0.03448983667642448,
            0.0032872194210458055,
            0.016329595472495913,
            -0.0033216053735007716,
            0.01874650699205812,
            0.02274804715027072,
            -0.0006529727149841228,
            0.026651401001399334,
            2.2953366103369214e-05,
            0.08294688934068159,
            0.1414565421042828,
            0.021002595371180224,
            0.11620816623858105,
            0.049410672181096474,
            0.3837918692746128,
            0.26973413339736885,
            0.006092789337507825,
            0.04556772701797978,
            0.01657628605473133
        ],
        [
            -0.005635909332772359,
            -0.0018024814560282474,
            0.0020018125420148605,
            0.00964719912804997,
            -0.0031951844395643318,
            0.008384894717831232,
            -0.005513308524565299,
            0.0024255399018422354,
            -0.020714655784652918,
            -0.003154756422361898,
            -0.04322983844451213,
            -0.010627553664255183,
            0.003027277896505091,
            -0.0053722260640126085,
            0.006275629164405948,
            0.02248664988334812,
            0.006092789337507825,
            0.003966675586886862,
            0.023721624773349832,
            0.009917079325513736
        ],
        [
            -0.022856003848330378,
            -0.007200925187729334,
            0.010048440168331091,
            0.0471466711811365,
            -0.01610844386825389,
            0.03728282778328003,
            -0.03349020486769501,
            0.012541958334793324,
            -0.1283663123078082,
            -0.015806899801367146,
            -0.25625664023256856,
            -0.06049692408891083,
            0.01856607815287658,
            -0.019156969641071372,
            0.03956439256463888,
            0.14855952795159627,
            0.04556772701797978,
            0.023721624773349832,
            0.14278382791506894,
            0.05940523950022948
        ],
        [
            -0.010949212489920866,
            -0.0025751450371258064,
            0.004926747085953269,
            0.023557892919367673,
            -0.007843848654953882,
            0.021814110827302613,
            -0.012424860057177049,
            0.005764228730063437,
            -0.052888369787586285,
            -0.0074697710165918625,
            -0.10718271351618022,
            -0.02545955606704181,
            0.007704354527021939,
            -0.01281878198710077,
            0.015987822309005178,
            0.05833499584994751,
            0.01657628605473133,
            0.009917079325513736,
            0.05940523950022948,
            0.024820469211601894
        ]
    ]
}