{
    "opt_E": -2.1384608508769163,
    "HF_E": -2.109144321972618,
    "B3LYP_E": -2.1106036842000098,
    "sto-3G_E": -2.088829796416773,
    "proj": [
        [
            0.5411049513322814,
            0.3587825812402609,
            0.01430880264155283,
            -0.17716327953771374,
            0.03822487791376632,
            0.03435021239013633,
            0.17797590975344613,
            0.0041830179220032114,
            -0.20533054813486923,
            0.06357105926480003,
            0.041035276852381085,
            0.029531202897820727,
            -0.00612273760621615,
            0.05126225086825098,
            0.0018694124371190157,
            0.004288227164692101,
            -0.03399396782269036,
            0.002345826167317764,
            -0.032383977819798904,
            -0.002228978062252041
        ],
        [
            0.3587825812402609,
            0.24922253501507136,
            0.007385174451539303,
            -0.08525532408169642,
            0.01776872493734412,
            0.0776813571059581,
            0.1364264159381962,
            0.0026273340164448414,
            -0.12485234820928742,
            0.037770413468011424,
            0.046260997581588435,
            0.02084800204707003,
            0.004443779688351474,
            -0.022272987249297375,
            -0.0022344125109225715,
            -0.038064868708461604,
            -0.04581190329602112,
            0.004398935649706172,
            -0.04899634129791736,
            -0.0039504519128882925
        ],
        [
            0.01430880264155283,
            0.007385174451539303,
            0.0011571549230624133,
            -0.017342297466358986,
            0.004099167932897971,
            -0.018616312110963495,
            -0.0008786874372911791,
            -0.001284487708089197,
            -0.0018328341055710048,
            0.003171129391093622,
            0.0018244756302866789,
            -0.0029814091323712827,
            -0.002789165992412394,
            0.01303665986430127,
            -9.740787260100371e-05,
            -0.000616804655897846,
            -0.0021873931879338115,
            0.00042430602605712185,
            -0.004578111343708418,
            -0.0005524299966897297
        ],
        [
            -0.17716327953771374,
            -0.08525532408169642,
            -0.017342297466358986,
            0.26440338733646074,
            -0.06297709863158119,
            0.3052266018076219,
            0.031232130225018008,
            0.022723126969720692,
            0.001209930045624567,
            -0.044917529201362494,
            -0.033257772572931985,
            0.05432337363973309,
            0.04423625546853802,
            -0.19821512508415037,
            0.003115678394735336,
            0.024948248184772842,
            0.041069661230023466,
            -0.007996935931999013,
            0.08432155883276328,
            0.010091994198022317
        ],
        [
            0.03822487791376632,
            0.01776872493734412,
            0.004099167932897971,
            -0.06297709863158119,
            0.015069620302176104,
            -0.07417471380390697,
            -0.008522175169010776,
            -0.006106473216670446,
            0.004134031499918299,
            0.010401575348493739,
            0.01144075293080197,
            -0.012806174812174682,
            -0.010761519590491809,
            0.047316301618297765,
            -0.0009838142931447515,
            -0.006526848251179885,
            -0.009765552224889052,
            0.0022172883669709063,
            -0.0233376199469367,
            -0.0027615276586270957
        ],
        [
            0.03435021239013633,
            0.0776813571059581,
            -0.018616312110963495,
            0.3052266018076219,
            -0.07417471380390697,
            0.506917677429043,
            0.1689726865473038,
            0.024429954375585893,
            -0.053090004924752264,
            -0.032111737870568556,
            0.0674806892376911,
            0.12588290774147062,
            0.06331828871585624,
            -0.2802877779419247,
            0.0019482648623758419,
            0.05160290944179407,
            0.05615578699064952,
            -0.004719197434937803,
            0.04317986161265597,
            0.007091134813437706
        ],
        [
            0.17797590975344613,
            0.1364264159381962,
            -0.0008786874372911791,
            0.031232130225018008,
            -0.008522175169010776,
            0.1689726865473038,
            0.11916295355494165,
            -0.0014968451704881352,
            -0.033206496704188,
            0.011545955377063396,
            0.10618088707614876,
            0.06912311297675461,
            0.014580900844586426,
            -0.06000583364474945,
            -0.001014732142744846,
            0.037807541703822535,
            0.02364908893743055,
            0.003535401677050169,
            -0.04422455684720591,
            -0.003605440753002348
        ],
        [
            0.0041830179220032114,
            0.0026273340164448414,
            -0.001284487708089197,
            0.022723126969720692,
            -0.006106473216670446,
            0.024429954375585893,
            -0.0014968451704881352,
            0.011241455688485573,
            -0.04967092522401027,
            -0.0028018539831540594,
            -0.06417467012699045,
            -0.00828966044279318,
            0.005433003338116198,
            -0.01564412778392396,
            0.0031802056389232934,
            -0.0010895775747995504,
            -0.0029654158033295967,
            -0.005038323702454554,
            0.05403753926874348,
            0.005864558995986465
        ],
        [
            -0.20533054813486923,
            -0.12485234820928742,
            -0.0018328341055710048,
            0.001209930045624567,
            0.004134031499918299,
            -0.053090004924752264,
            -0.033206496704188,
            -0.04967092522401027,
            0.29495665137680505,
            -0.014634528732802863,
            0.2855107779896971,
            0.035074308600267494,
            -0.012473103196597873,
            -0.002149817132262595,
            -0.01677871932340345,
            -0.019317534198630068,
            0.013796118719531264,
            0.022940635027704215,
            -0.24210944202154064,
            -0.02624665758841509
        ],
        [
            0.06357105926480003,
            0.037770413468011424,
            0.003171129391093622,
            -0.044917529201362494,
            0.010401575348493739,
            -0.032111737870568556,
            0.011545955377063396,
            -0.0028018539831540594,
            -0.014634528732802863,
            0.0104689133652384,
            0.011961053205516242,
            -5.6935272843108136e-05,
            -0.006089764477127013,
            0.031714510574542706,
            0.00015119596129534966,
            0.006484775317840654,
            -0.0013487198637170236,
            0.0009827655574201229,
            -0.011686221849297324,
            -0.0013085727491525742
        ],
        [
            0.041035276852381085,
            0.046260997581588435,
            0.0018244756302866789,
            -0.033257772572931985,
            0.01144075293080197,
            0.0674806892376911,
            0.10618088707614876,
            -0.06417467012699045,
            0.2855107779896971,
            0.011961053205516242,
            0.47569715155943826,
            0.13891715752159087,
            -0.011876985532637748,
            0.02191090004315432,
            -0.016224361934665914,
            0.09992139401544457,
            0.08705702445538745,
            0.029024209268256346,
            -0.32093392855266806,
            -0.03395079529774633
        ],
        [
            0.029531202897820727,
            0.02084800204707003,
            -0.0029814091323712827,
            0.05432337363973309,
            -0.012806174812174682,
            0.12588290774147062,
            0.06912311297675461,
            -0.00828966044279318,
            0.035074308600267494,
            -5.6935272843108136e-05,
            0.13891715752159087,
            0.11011484238349696,
            0.003897947592956467,
            0.02884368529507092,
            0.006094719066933595,
            0.18565616599479617,
            0.13030641718273378,
            -0.0013414591799820953,
            -0.001841739853050122,
            -0.00019124285531760997
        ],
        [
            -0.00612273760621615,
            0.004443779688351474,
            -0.002789165992412394,
            0.04423625546853802,
            -0.010761519590491809,
            0.06331828871585624,
            0.014580900844586426,
            0.005433003338116198,
            -0.012473103196597873,
            -0.006089764477127013,
            -0.011876985532637748,
            0.003897947592956467,
            0.009794943165044678,
            -0.04972265836302079,
            -0.0004261067098536531,
            -0.017645035780844358,
            -0.008801794825087823,
            -0.0008091449590631049,
            0.009850971455223768,
            0.0014301605647883996
        ],
        [
            0.05126225086825098,
            -0.022272987249297375,
            0.01303665986430127,
            -0.19821512508415037,
            0.047316301618297765,
            -0.2802877779419247,
            -0.06000583364474945,
            -0.01564412778392396,
            -0.002149817132262595,
            0.031714510574542706,
            0.02191090004315432,
            0.02884368529507092,
            -0.04972265836302079,
            0.31311267108761914,
            0.01444356727406814,
            0.24235887710690512,
            0.14234479285342908,
            -0.007465824324263471,
            0.06138208863320591,
            0.004209545877526292
        ],
        [
            0.0018694124371190157,
            -0.0022344125109225715,
            -9.740787260100371e-05,
            0.003115678394735336,
            -0.0009838142931447515,
            0.0019482648623758419,
            -0.001014732142744846,
            0.0031802056389232934,
            -0.01677871932340345,
            0.00015119596129534966,
            -0.016224361934665914,
            0.006094719066933595,
            -0.0004261067098536531,
            0.01444356727406814,
            0.0026917629712168403,
            0.028301300787259565,
            0.017555316552931393,
            -0.0027419836084582897,
            0.027116317201162532,
            0.002778168734305697
        ],
        [
            0.004288227164692101,
            -0.038064868708461604,
            -0.000616804655897846,
            0.024948248184772842,
            -0.006526848251179885,
            0.05160290944179407,
            0.037807541703822535,
            -0.0010895775747995504,
            -0.019317534198630068,
            0.006484775317840654,
            0.09992139401544457,
            0.18565616599479617,
            -0.017645035780844358,
            0.24235887710690512,
            0.028301300787259565,
            0.4975465098304868,
            0.329570451982946,
            -0.01987197499714573,
            0.17251420363309883,
            0.016650016339070185
        ],
        [
            -0.03399396782269036,
            -0.04581190329602112,
            -0.0021873931879338115,
            0.041069661230023466,
            -0.009765552224889052,
            0.05615578699064952,
            0.02364908893743055,
            -0.0029654158033295967,
            0.013796118719531264,
            -0.0013487198637170236,
            0.08705702445538745,
            0.13030641718273378,
            -0.008801794825087823,
            0.14234479285342908,
            0.017555316552931393,
            0.329570451982946,
            0.22297540608335134,
            -0.011917129773048818,
            0.10121027349897849,
            0.009689163982970707
        ],
        [
            0.002345826167317764,
            0.004398935649706172,
            0.00042430602605712185,
            -0.007996935931999013,
            0.0022172883669709063,
            -0.004719197434937803,
            0.003535401677050169,
            -0.005038323702454554,
            0.022940635027704215,
            0.0009827655574201229,
            0.029024209268256346,
            -0.0013414591799820953,
            -0.0008091449590631049,
            -0.007465824324263471,
            -0.0027419836084582897,
            -0.01987197499714573,
            -0.011917129773048818,
            0.0032794062096848137,
            -0.03361607521250369,
            -0.0035053928506574724
        ],
        [
            -0.032383977819798904,
            -0.04899634129791736,
            -0.004578111343708418,
            0.08432155883276328,
            -0.0233376199469367,
            0.04317986161265597,
            -0.04422455684720591,
            0.05403753926874348,
            -0.24210944202154064,
            -0.011686221849297324,
            -0.32093392855266806,
            -0.001841739853050122,
            0.009850971455223768,
            0.06138208863320591,
            0.027116317201162532,
            0.17251420363309883,
            0.10121027349897849,
            -0.03361607521250369,
            0.34726809378834844,
            0.03629282566138241
        ],
        [
            -0.002228978062252041,
            -0.0039504519128882925,
            -0.0005524299966897297,
            0.010091994198022317,
            -0.0027615276586270957,
            0.007091134813437706,
            -0.003605440753002348,
            0.005864558995986465,
            -0.02624665758841509,
            -0.0013085727491525742,
            -0.03395079529774633,
            -0.00019124285531760997,
            0.0014301605647883996,
            0.004209545877526292,
            0.002778168734305697,
            0.016650016339070185,
            0.009689163982970707,
            -0.0035053928506574724,
            0.03629282566138241,
            0.0038139125977479926
        ]
    ]
}