{
    "opt_E": -2.2027918262880846,
    "HF_E": -2.1714983522730624,
    "B3LYP_E": -2.1735818218079497,
    "sto-3G_E": -2.1595560323038154,
    "proj": [
        [
            0.5369755893605938,
            0.3281810685611286,
            -0.017031600675340878,
            -0.17873126954910323,
            0.014386889594312852,
            0.052420664320125425,
            0.18037184552562763,
            -0.022501122030641862,
            -0.25753632537718474,
            0.040795098563852196,
            0.04183928385902507,
            0.030117058067669,
            -0.0035510912355639157,
            0.02698638744441783,
            0.0013214084362003246,
            -0.005441002509900471,
            -0.027857104431495205,
            0.010674802159532988,
            -0.019291552433769288,
            0.004326272957067691
        ],
        [
            0.3281810685611286,
            0.21443613895095767,
            -0.005695670716970099,
            -0.0553359085866857,
            0.002649691036994591,
            0.11537511272319328,
            0.13426595554998097,
            -0.011468712074475505,
            -0.14811990761597035,
            0.018478733621364797,
            0.02373974532686254,
            0.02464744920178973,
            -0.004434531857123036,
            -0.0316264655879665,
            -0.0073532650646300395,
            -0.02437032225841324,
            -0.030180773489695188,
            0.004594783429146131,
            -0.01112405194573652,
            0.0017286774777707447
        ],
        [
            -0.017031600675340878,
            -0.005695670716970099,
            0.002296187709050865,
            0.02576506016608092,
            -0.0027701127922228185,
            0.028668294592583812,
            0.002328539452193316,
            0.001217350214714498,
            0.008538929143707902,
            -0.004306452368087737,
            -0.00775300303552784,
            0.0013965478250976672,
            -0.0027413479719087678,
            -0.01589749786714818,
            -0.0037799904876327927,
            0.0006261987322055028,
            7.717497476361323e-05,
            -0.0029756301303408713,
            0.005471375741084387,
            -0.0009336669187100244
        ],
        [
            -0.17873126954910323,
            -0.0553359085866857,
            0.02576506016608092,
            0.2909328151184312,
            -0.03140579783502955,
            0.3346306512515385,
            0.038219222445328875,
            0.014129301114575794,
            0.09892591352715124,
            -0.04602796764642569,
            -0.06474981150188801,
            0.031236262842877494,
            -0.03222318122668132,
            -0.17613678878223665,
            -0.043158097358398706,
            0.023936712061570047,
            0.015122469415070087,
            -0.030997310430567783,
            0.056027131492280564,
            -0.009797850664097931
        ],
        [
            0.014386889594312852,
            0.002649691036994591,
            -0.0027701127922228185,
            -0.03140579783502955,
            0.0034505386197235632,
            -0.038920542903574606,
            -0.006215612774672282,
            -0.0012988420175373107,
            -0.007784768609114777,
            0.004960217617068815,
            0.008290949260694496,
            -0.0036260745808667618,
            0.004017657890430463,
            0.019673715360020726,
            0.005053536713512831,
            -0.0034826034750978425,
            -0.0016591294377256529,
            0.0037774226720157676,
            -0.007012706002960692,
            0.0011593386327443847
        ],
        [
            0.052420664320125425,
            0.11537511272319328,
            0.028668294592583812,
            0.3346306512515385,
            -0.038920542903574606,
            0.5494795197207567,
            0.1820231464762663,
            0.011128710832936225,
            0.026471663907367382,
            -0.03824162041056098,
            -0.00188715203170488,
            0.09308405723442575,
            -0.042971264423098544,
            -0.2531867762217225,
            -0.06101689587156744,
            0.027772065742047193,
            0.016706415024493253,
            -0.026222351336549057,
            0.04006210163509415,
            -0.008621127659415495
        ],
        [
            0.18037184552562763,
            0.13426595554998097,
            0.002328539452193316,
            0.038219222445328875,
            -0.006215612774672282,
            0.1820231464762663,
            0.12896470224688922,
            0.000506246043380617,
            -0.028579007994877295,
            0.012089034505687896,
            0.1150694684555769,
            0.08214962813586361,
            -0.005824974365479826,
            -0.05523500251327204,
            -0.0123907232035621,
            0.024752726189803818,
            0.0278004763074051,
            0.014303594041756315,
            -0.0365994157926566,
            0.0036773699370479754
        ],
        [
            -0.022501122030641862,
            -0.011468712074475505,
            0.001217350214714498,
            0.014129301114575794,
            -0.0012988420175373107,
            0.011128710832936225,
            0.000506246043380617,
            0.0023724656818562735,
            0.023064722448293846,
            -1.2898083709363242e-05,
            0.0228229861006839,
            0.00833193817603341,
            0.0031372385598490977,
            -0.008456115489149835,
            0.0003937182689640137,
            -0.006669982114248901,
            0.0016700230450626841,
            0.004583905955769913,
            -0.011355435115238711,
            0.0010316409344124007
        ],
        [
            -0.25753632537718474,
            -0.14811990761597035,
            0.008538929143707902,
            0.09892591352715124,
            -0.007784768609114777,
            0.026471663907367382,
            -0.028579007994877295,
            0.023064722448293846,
            0.23931263215646162,
            0.004263325421535156,
            0.23240741502687723,
            0.07699566531568207,
            0.03452001873412355,
            -0.039088815531532144,
            0.012213634436248401,
            -0.04675406950812763,
            0.031601000945599395,
            0.04816732009447833,
            -0.1155385274487138,
            0.011226065636636287
        ],
        [
            0.040795098563852196,
            0.018478733621364797,
            -0.004306452368087737,
            -0.04602796764642569,
            0.004960217617068815,
            -0.03824162041056098,
            0.012089034505687896,
            -1.2898083709363242e-05,
            0.004263325421535156,
            0.013462395714380147,
            0.06839380374235834,
            0.018743330202784424,
            0.011115004298537417,
            0.024169359889383818,
            0.009224039840690161,
            -0.00805439262118065,
            0.005521859697842756,
            0.016469672820500467,
            -0.03575444425267295,
            0.004492980241591892
        ],
        [
            0.04183928385902507,
            0.02373974532686254,
            -0.00775300303552784,
            -0.06474981150188801,
            0.008290949260694496,
            -0.00188715203170488,
            0.1150694684555769,
            0.0228229861006839,
            0.23240741502687723,
            0.06839380374235834,
            0.5957935866132889,
            0.22251196923349492,
            0.07010322267703178,
            0.03390171728042931,
            0.0397019538998421,
            -0.0272627549592733,
            0.09593575056769915,
            0.1228247375188497,
            -0.2802602453839275,
            0.031646355944927755
        ],
        [
            0.030117058067669,
            0.02464744920178973,
            0.0013965478250976672,
            0.031236262842877494,
            -0.0036260745808667618,
            0.09308405723442575,
            0.08214962813586361,
            0.00833193817603341,
            0.07699566531568207,
            0.018743330202784424,
            0.22251196923349492,
            0.14637324055505177,
            -0.009740045847633366,
            0.028254355691186814,
            -0.0037636775061265556,
            0.1607367264840133,
            0.1428567886305587,
            0.025595919536177434,
            -0.05755803418586333,
            0.007011023475667268
        ],
        [
            -0.0035510912355639157,
            -0.004434531857123036,
            -0.0027413479719087678,
            -0.03222318122668132,
            0.004017657890430463,
            -0.042971264423098544,
            -0.005824974365479826,
            0.0031372385598490977,
            0.03452001873412355,
            0.011115004298537417,
            0.07010322267703178,
            -0.009740045847633366,
            0.028913272304703367,
            -0.01201088485819757,
            0.01436338019428201,
            -0.105966727632538,
            -0.05300299676378702,
            0.026058686365109145,
            -0.06049158127241789,
            0.0064111296868479325
        ],
        [
            0.02698638744441783,
            -0.0316264655879665,
            -0.01589749786714818,
            -0.17613678878223665,
            0.019673715360020726,
            -0.2531867762217225,
            -0.05523500251327204,
            -0.008456115489149835,
            -0.039088815531532144,
            0.024169359889383818,
            0.03390171728042931,
            0.028254355691186814,
            -0.01201088485819757,
            0.1949540766234908,
            0.020529190349392663,
            0.19039590239381554,
            0.12330493529712554,
            -0.00034284763782344545,
            0.01565297271896539,
            0.0018165739721710248
        ],
        [
            0.0013214084362003246,
            -0.0073532650646300395,
            -0.0037799904876327927,
            -0.043158097358398706,
            0.005053536713512831,
            -0.06101689587156744,
            -0.0123907232035621,
            0.0003937182689640137,
            0.012213634436248401,
            0.009224039840690161,
            0.0397019538998421,
            -0.0037636775061265556,
            0.01436338019428201,
            0.020529190349392663,
            0.010868798938216951,
            -0.03396867196011794,
            -0.014039382444139593,
            0.013863593917976176,
            -0.030109924326773334,
            0.003668068252911273
        ],
        [
            -0.005441002509900471,
            -0.02437032225841324,
            0.0006261987322055028,
            0.023936712061570047,
            -0.0034826034750978425,
            0.027772065742047193,
            0.024752726189803818,
            -0.006669982114248901,
            -0.04675406950812763,
            -0.00805439262118065,
            -0.0272627549592733,
            0.1607367264840133,
            -0.105966727632538,
            0.19039590239381554,
            -0.03396867196011794,
            0.5882774931741576,
            0.36494901009329717,
            -0.06302195074315498,
            0.1573372172007567,
            -0.013830160647947568
        ],
        [
            -0.027857104431495205,
            -0.030180773489695188,
            7.717497476361323e-05,
            0.015122469415070087,
            -0.0016591294377256529,
            0.016706415024493253,
            0.0278004763074051,
            0.0016700230450626841,
            0.031601000945599395,
            0.005521859697842756,
            0.09593575056769915,
            0.1428567886305587,
            -0.05300299676378702,
            0.12330493529712554,
            -0.014039382444139593,
            0.36494901009329717,
            0.24980008821531843,
            -0.016560608137255853,
            0.04588371963894965,
            -0.0028594325842239243
        ],
        [
            0.010674802159532988,
            0.004594783429146131,
            -0.0029756301303408713,
            -0.030997310430567783,
            0.0037774226720157676,
            -0.026222351336549057,
            0.014303594041756315,
            0.004583905955769913,
            0.04816732009447833,
            0.016469672820500467,
            0.1228247375188497,
            0.025595919536177434,
            0.026058686365109145,
            -0.00034284763782344545,
            0.013863593917976176,
            -0.06302195074315498,
            -0.016560608137255853,
            0.03193845007821217,
            -0.0732863912727615,
            0.008090341273077442
        ],
        [
            -0.019291552433769288,
            -0.01112405194573652,
            0.005471375741084387,
            0.056027131492280564,
            -0.007012706002960692,
            0.04006210163509415,
            -0.0365994157926566,
            -0.011355435115238711,
            -0.1155385274487138,
            -0.03575444425267295,
            -0.2802602453839275,
            -0.05755803418586333,
            -0.06049158127241789,
            0.01565297271896539,
            -0.030109924326773334,
            0.1573372172007567,
            0.04588371963894965,
            -0.0732863912727615,
            0.16932623391040827,
            -0.018412874781148062
        ],
        [
            0.004326272957067691,
            0.0017286774777707447,
            -0.0009336669187100244,
            -0.009797850664097931,
            0.0011593386327443847,
            -0.008621127659415495,
            0.0036773699370479754,
            0.0010316409344124007,
            0.011226065636636287,
            0.004492980241591892,
            0.031646355944927755,
            0.007011023475667268,
            0.0064111296868479325,
            0.0018165739721710248,
            0.003668068252911273,
            -0.013830160647947568,
            -0.0028594325842239243,
            0.008090341273077442,
            -0.018412874781148062,
            0.0020717743080501815
        ]
    ]
}