{
    "opt_E": -2.1850200913583797,
    "HF_E": -2.1542049260759355,
    "B3LYP_E": -2.156403869468122,
    "sto-3G_E": -2.139420632855678,
    "proj": [
        [
            0.5370863522885342,
            0.3333534578571005,
            -0.015766530224131485,
            -0.17592503161043202,
            0.0303985499112628,
            0.054255221657336074,
            0.17881101412870307,
            -0.029060677347920293,
            -0.24243921259895884,
            0.058570262564725264,
            0.05194785439008523,
            0.031447593525899604,
            -0.0018217275991011805,
            0.04075263610923852,
            -0.00358784180414979,
            -0.0004426134865940723,
            -0.03575654327437886,
            0.005860186689075185,
            -0.026187583964617334,
            0.006757756156683707
        ],
        [
            0.3333534578571005,
            0.2185490805981299,
            -0.005166714166179616,
            -0.06339934971170491,
            0.00984443054898792,
            0.1047269347929392,
            0.13085140057925296,
            -0.015354368621952726,
            -0.14529596628701116,
            0.03162305484407133,
            0.03425516184529507,
            0.023641758965118102,
            -0.00026584824762662754,
            -0.027350149556208493,
            -0.0009053801503141133,
            -0.027448174718649295,
            -0.03881180540057871,
            0.003375564223186019,
            -0.017678390686949423,
            0.004038123198703913
        ],
        [
            -0.015766530224131485,
            -0.005166714166179616,
            0.0026290716941376868,
            0.027005428994525505,
            -0.0052414326539725374,
            0.03143203645185317,
            0.0034956413982666743,
            0.0020263185915675407,
            0.005720665553370264,
            -0.0038944932597929213,
            -0.0053932294333949565,
            0.0033603264163648153,
            -0.0009509470771558846,
            -0.021089908180795945,
            -0.0005335870144108868,
            0.001717291969770229,
            0.0017762513696711099,
            -0.0014334143525647366,
            0.006449253622905802,
            -0.0013491853765316333
        ],
        [
            -0.17592503161043202,
            -0.06339934971170491,
            0.027005428994525505,
            0.27821772088701974,
            -0.05391355229606136,
            0.315649102409231,
            0.03013134461460526,
            0.02128786989130663,
            0.06407152176597393,
            -0.0410148525373429,
            -0.055893151306741835,
            0.037252668525640145,
            -0.010734341003345674,
            -0.2087644158341131,
            -0.006393672314136574,
            0.03215991201012083,
            0.02867996998683202,
            -0.015324839391181809,
            0.06981016748990047,
            -0.01446215498908615
        ],
        [
            0.0303985499112628,
            0.00984443054898792,
            -0.0052414326539725374,
            -0.05391355229606136,
            0.010486966237503339,
            -0.06311377608506129,
            -0.007222111852500292,
            -0.003974243013460684,
            -0.00968831515424866,
            0.007671636819542658,
            0.012324092021645383,
            -0.007428813310866213,
            0.0023367130478210837,
            0.04085030232177615,
            0.0014553439425251664,
            -0.007681825945644708,
            -0.005943487960193457,
            0.0032175830026871127,
            -0.014852305019989425,
            0.0030276096167756892
        ],
        [
            0.054255221657336074,
            0.1047269347929392,
            0.03143203645185317,
            0.315649102409231,
            -0.06311377608506129,
            0.5215676324738205,
            0.1700112240319313,
            0.01533059812021539,
            -0.003915236743370877,
            -0.026232321216866746,
            0.028258450512654965,
            0.10421885762295865,
            -0.012710291780490645,
            -0.2903777425779265,
            -0.008512001010652945,
            0.04009875595124798,
            0.031145521352741495,
            -0.011511348216981875,
            0.046378913497282646,
            -0.0100336750394141
        ],
        [
            0.17881101412870307,
            0.13085140057925296,
            0.0034956413982666743,
            0.03013134461460526,
            -0.007222111852500292,
            0.1700112240319313,
            0.12239390109020723,
            -0.004351198961770154,
            -0.023547291486494246,
            0.012189262703294564,
            0.12374592199991759,
            0.07943162791079736,
            -8.005713292783703e-05,
            -0.055497816970049664,
            -0.0010009114269306514,
            0.022516926199636234,
            0.02284919812690317,
            0.007720066230026182,
            -0.04317236273446452,
            0.00800530066187061
        ],
        [
            -0.029060677347920293,
            -0.015354368621952726,
            0.0020263185915675407,
            0.02128786989130663,
            -0.003974243013460684,
            0.01533059812021539,
            -0.004351198961770154,
            0.0022341433865020765,
            0.014178659341838576,
            -0.004329753855009982,
            -0.001871486787784254,
            0.0010710455203694668,
            -9.844892645290012e-05,
            -0.013693034863235545,
            0.00013493871156457492,
            -0.0015179182110260287,
            0.0012659485937359077,
            -0.0005955495368527084,
            0.002292250607433648,
            -0.0006038107327367625
        ],
        [
            -0.24243921259895884,
            -0.14529596628701116,
            0.005720665553370264,
            0.06407152176597393,
            -0.00968831515424866,
            -0.003915236743370877,
            -0.023547291486494246,
            0.014178659341838576,
            0.27000033350416935,
            -0.0221697125073426,
            0.2721376649825131,
            0.07828197272612035,
            0.020548199935064865,
            -0.01300138482334926,
            0.016241543922417532,
            -0.06202762839457712,
            0.027844130095177808,
            0.02891498752290309,
            -0.15647926775698157,
            0.027051647509715605
        ],
        [
            0.058570262564725264,
            0.03162305484407133,
            -0.0038944932597929213,
            -0.0410148525373429,
            0.007671636819542658,
            -0.026232321216866746,
            0.012189262703294564,
            -0.004329753855009982,
            -0.0221697125073426,
            0.008663796574072522,
            0.01562421335388227,
            0.0025419080139174786,
            0.0008019014053199636,
            0.025984321582378327,
            0.00016765711840474387,
            0.0019186434904231637,
            -0.0011690189815021634,
            0.0023097871899652443,
            -0.010631233537845407,
            0.0022819956121748987
        ],
        [
            0.05194785439008523,
            0.03425516184529507,
            -0.0053932294333949565,
            -0.055893151306741835,
            0.012324092021645383,
            0.028258450512654965,
            0.12374592199991759,
            -0.001871486787784254,
            0.2721376649825131,
            0.01562421335388227,
            0.5660376410806975,
            0.20392235354353075,
            0.029705088359502828,
            0.059426718272626744,
            0.020197675862684315,
            -0.020822303638447042,
            0.08171067503459013,
            0.05633587002236241,
            -0.29740623478274303,
            0.05388226340515181
        ],
        [
            0.031447593525899604,
            0.023641758965118102,
            0.0033603264163648153,
            0.037252668525640145,
            -0.007428813310866213,
            0.10421885762295865,
            0.07943162791079736,
            0.0010710455203694668,
            0.07828197272612035,
            0.0025419080139174786,
            0.20392235354353075,
            0.13776743259677396,
            -0.005248882858269167,
            0.029046338654611654,
            -0.007003595640604278,
            0.16492885888216946,
            0.14101980329527264,
            0.010056367063417995,
            -0.051830797061921896,
            0.009925759665925057
        ],
        [
            -0.0018217275991011805,
            -0.00026584824762662754,
            -0.0009509470771558846,
            -0.010734341003345674,
            0.0023367130478210837,
            -0.012710291780490645,
            -8.005713292783703e-05,
            -9.844892645290012e-05,
            0.020548199935064865,
            0.0008019014053199636,
            0.029705088359502828,
            -0.005248882858269167,
            0.005742566492943001,
            -0.0062930774262748125,
            0.004888346243549022,
            -0.048843104925558246,
            -0.026418435030314075,
            0.005500930197292203,
            -0.029764320184698937,
            0.005193348714366905
        ],
        [
            0.04075263610923852,
            -0.027350149556208493,
            -0.021089908180795945,
            -0.2087644158341131,
            0.04085030232177615,
            -0.2903777425779265,
            -0.055497816970049664,
            -0.013693034863235545,
            -0.01300138482334926,
            0.025984321582378327,
            0.059426718272626744,
            0.029046338654611654,
            -0.0062930774262748125,
            0.25634142767790363,
            -0.009029094658025516,
            0.1845948313178095,
            0.12404868346295102,
            0.004483957095747201,
            -0.009931263398359237,
            0.004025247305358168
        ],
        [
            -0.00358784180414979,
            -0.0009053801503141133,
            -0.0005335870144108868,
            -0.006393672314136574,
            0.0014553439425251664,
            -0.008512001010652945,
            -0.0010009114269306514,
            0.00013493871156457492,
            0.016241543922417532,
            0.00016765711840474387,
            0.020197675862684315,
            -0.007003595640604278,
            0.004888346243549022,
            -0.009029094658025516,
            0.004254018513817535,
            -0.04520494593097155,
            -0.02554133133142698,
            0.004285323424048364,
            -0.02342471062007513,
            0.00403892702368098
        ],
        [
            -0.0004426134865940723,
            -0.027448174718649295,
            0.001717291969770229,
            0.03215991201012083,
            -0.007681825945644708,
            0.04009875595124798,
            0.022516926199636234,
            -0.0015179182110260287,
            -0.06202762839457712,
            0.0019186434904231637,
            -0.020822303638447042,
            0.16492885888216946,
            -0.048843104925558246,
            0.1845948313178095,
            -0.04520494593097155,
            0.5799399755736505,
            0.3727550916898439,
            -0.029961939580826345,
            0.17033893746270015,
            -0.02815198125038392
        ],
        [
            -0.03575654327437886,
            -0.03881180540057871,
            0.0017762513696711099,
            0.02867996998683202,
            -0.005943487960193457,
            0.031145521352741495,
            0.02284919812690317,
            0.0012659485937359077,
            0.027844130095177808,
            -0.0011690189815021634,
            0.08171067503459013,
            0.14101980329527264,
            -0.026418435030314075,
            0.12404868346295102,
            -0.02554133133142698,
            0.3727550916898439,
            0.2592981952295541,
            -0.010138091436523456,
            0.06087838001577446,
            -0.009456988865880272
        ],
        [
            0.005860186689075185,
            0.003375564223186019,
            -0.0014334143525647366,
            -0.015324839391181809,
            0.0032175830026871127,
            -0.011511348216981875,
            0.007720066230026182,
            -0.0005955495368527084,
            0.02891498752290309,
            0.0023097871899652443,
            0.05633587002236241,
            0.010056367063417995,
            0.005500930197292203,
            0.004483957095747201,
            0.004285323424048364,
            -0.029961939580826345,
            -0.010138091436523456,
            0.007251977947034503,
            -0.038482559461871596,
            0.006893365410554847
        ],
        [
            -0.026187583964617334,
            -0.017678390686949423,
            0.006449253622905802,
            0.06981016748990047,
            -0.014852305019989425,
            0.046378913497282646,
            -0.04317236273446452,
            0.002292250607433648,
            -0.15647926775698157,
            -0.010631233537845407,
            -0.29740623478274303,
            -0.051830797061921896,
            -0.029764320184698937,
            -0.009931263398359237,
            -0.02342471062007513,
            0.17033893746270015,
            0.06087838001577446,
            -0.038482559461871596,
            0.2049812592540457,
            -0.036585365343344674
        ],
        [
            0.006757756156683707,
            0.004038123198703913,
            -0.0013491853765316333,
            -0.01446215498908615,
            0.0030276096167756892,
            -0.0100336750394141,
            0.00800530066187061,
            -0.0006038107327367625,
            0.027051647509715605,
            0.0022819956121748987,
            0.05388226340515181,
            0.009925759665925057,
            0.005193348714366905,
            0.004025247305358168,
            0.00403892702368098,
            -0.02815198125038392,
            -0.009456988865880272,
            0.006893365410554847,
            -0.036585365343344674,
            0.006556506899482206
        ]
    ]
}