{
    "opt_E": -2.214670187223701,
    "HF_E": -2.1844639841013636,
    "B3LYP_E": -2.186106792357577,
    "sto-3G_E": -2.1793619715082477,
    "proj": [
        [
            0.529206458732005,
            0.3218209435212023,
            -0.001147303037414743,
            -0.17436601281048392,
            -0.021084199093894754,
            0.0624603600604968,
            0.1856624219764654,
            -0.015379750240994115,
            -0.26762410349799964,
            -0.03219558340695397,
            0.03317157631721457,
            0.027525187596517463,
            0.002082163733760961,
            0.020935195555436548,
            0.0002008827602335664,
            0.00036721047668899094,
            -0.027535937496960986,
            -0.0037787048343605996,
            -0.019662225545884576,
            0.001191756914573212
        ],
        [
            0.3218209435212023,
            0.2090766560997401,
            0.001367874520885072,
            -0.05387681927556675,
            -0.006612837516325078,
            0.11835072902509133,
            0.1372689855979866,
            -0.006556783924612648,
            -0.14621043754687213,
            -0.017118491146696113,
            0.026303128540356494,
            0.025634562546754176,
            0.009707837587708238,
            -0.03317942355979747,
            -0.003706199797581264,
            -0.02433164898539381,
            -0.02903772213381991,
            -0.0020793008189823503,
            -0.016900886186252313,
            0.0006006836093835133
        ],
        [
            -0.001147303037414743,
            0.001367874520885072,
            0.0004353955644557472,
            0.010674287312901138,
            0.0012647531506118526,
            0.015035694547102298,
            0.003496356195866144,
            0.001107657208812313,
            0.00139829682800162,
            0.0002807431375798892,
            -0.0035619496994380687,
            0.0021857152626714995,
            0.0021705799176077456,
            -0.0052063885230588655,
            -0.001032967070801763,
            0.002492035866394689,
            0.0013428393057661895,
            0.00036468634067141504,
            0.004048732315788753,
            -0.0001805035069623787
        ],
        [
            -0.17436601281048392,
            -0.05387681927556675,
            0.010674287312901138,
            0.3049938639324685,
            0.03628945507522791,
            0.3467072680433494,
            0.035556544540657604,
            0.029064956226663,
            0.11702020941228142,
            0.016707774259899087,
            -0.078549158695144,
            0.04042429028306425,
            0.04947728585291772,
            -0.14881629271269614,
            -0.023743809168506613,
            0.025054267699145545,
            0.02132622318717847,
            0.008576197520311135,
            0.08254078034303534,
            -0.004057945384110996
        ],
        [
            -0.021084199093894754,
            -0.006612837516325078,
            0.0012647531506118526,
            0.03628945507522791,
            0.004319131357439245,
            0.041020007624834154,
            0.003988829908206568,
            0.003488903755337769,
            0.014008174227292256,
            0.0019973110798595026,
            -0.009644821835162378,
            0.004451864446893141,
            0.005850425124274982,
            -0.0179418128660069,
            -0.002809292258233055,
            0.002281991151562254,
            0.0020730720554168257,
            0.0010207939527060693,
            0.009751282812579608,
            -0.0004818972051930621
        ],
        [
            0.0624603600604968,
            0.11835072902509133,
            0.015035694547102298,
            0.3467072680433494,
            0.041020007624834154,
            0.5612920898867173,
            0.1811041720251955,
            0.026088146780093503,
            0.040537506576956844,
            0.008565279161353124,
            -0.024989438809445097,
            0.10075166391995277,
            0.07108751698586616,
            -0.21872954371977466,
            -0.033012667612902065,
            0.030944884341079608,
            0.023270682346304774,
            0.007404332725499561,
            0.06851480537561344,
            -0.0038744814392191306
        ],
        [
            0.1856624219764654,
            0.1372689855979866,
            0.003496356195866144,
            0.035556544540657604,
            0.003988829908206568,
            0.1811041720251955,
            0.13140083745685197,
            -0.009744752746845227,
            -0.03198014343255127,
            -0.0031823643209760687,
            0.11300865478828336,
            0.0794411979156989,
            0.014884826529200706,
            -0.05573114797064399,
            -0.005928356473476383,
            0.02304643788743277,
            0.02521248733058961,
            -0.0034708254454385032,
            -0.04446669734534496,
            0.001319327739410431
        ],
        [
            -0.015379750240994115,
            -0.006556783924612648,
            0.001107657208812313,
            0.029064956226663,
            0.003488903755337769,
            0.026088146780093503,
            -0.009744752746845227,
            0.009455511674851813,
            -0.014474316954562992,
            -0.0013052893125930633,
            -0.0696067492183213,
            -0.018723696021106045,
            0.00768395382293919,
            -0.007905455751605521,
            -0.004001570442596817,
            0.002033113903723898,
            -0.008959279258194942,
            0.0033528435419330305,
            0.04254751926635968,
            -0.0015751512923979857
        ],
        [
            -0.26762410349799964,
            -0.14621043754687213,
            0.00139829682800162,
            0.11702020941228142,
            0.014008174227292256,
            0.040537506576956844,
            -0.03198014343255127,
            -0.014474316954562992,
            0.23503438990693323,
            0.027875704065814383,
            0.207313093528345,
            0.06568741446927666,
            -0.0074271450850400276,
            -0.06833118504077394,
            0.004233052041299978,
            -0.032633488978386666,
            0.033553324279233104,
            -0.007304365159370985,
            -0.12229003392667544,
            0.0037169561826067
        ],
        [
            -0.03219558340695397,
            -0.017118491146696113,
            0.0002807431375798892,
            0.016707774259899087,
            0.0019973110798595026,
            0.008565279161353124,
            -0.0031823643209760687,
            -0.0013052893125930633,
            0.027875704065814383,
            0.0033386040104196805,
            0.022548163385409447,
            0.007938575224192846,
            -0.0002667038899620668,
            -0.009364265936594349,
            0.00020361033374015724,
            -0.003259243870878382,
            0.004124006414186229,
            -0.0007258160007983486,
            -0.01283950784738342,
            0.0003727251768959419
        ],
        [
            0.03317157631721457,
            0.026303128540356494,
            -0.0035619496994380687,
            -0.078549158695144,
            -0.009644821835162378,
            -0.024989438809445097,
            0.11300865478828336,
            -0.0696067492183213,
            0.207313093528345,
            0.022548163385409447,
            0.5976799523982902,
            0.2028887599698849,
            -0.0398999581955172,
            -0.014611715912801262,
            0.02205309045787195,
            0.008423786615603685,
            0.10382451945444272,
            -0.02558719984535284,
            -0.33993875490541386,
            0.011992616523534632
        ],
        [
            0.027525187596517463,
            0.025634562546754176,
            0.0021857152626714995,
            0.04042429028306425,
            0.004451864446893141,
            0.10075166391995277,
            0.0794411979156989,
            -0.018723696021106045,
            0.06568741446927666,
            0.007938575224192846,
            0.2028887599698849,
            0.14117741107957932,
            0.0069184722572599435,
            0.02958748922196597,
            -0.0022812978889122796,
            0.17749320603410718,
            0.14421519490337223,
            -0.004663633774525536,
            -0.050624919837556126,
            0.0019485131285396583
        ],
        [
            0.002082163733760961,
            0.009707837587708238,
            0.0021705799176077456,
            0.04947728585291772,
            0.005850425124274982,
            0.07108751698586616,
            0.014884826529200706,
            0.00768395382293919,
            -0.0074271450850400276,
            -0.0002667038899620668,
            -0.0398999581955172,
            0.0069184722572599435,
            0.012239088547006283,
            -0.01602733940107752,
            -0.005948360063634057,
            0.026335456586052713,
            0.01091110004997343,
            0.002897757861765971,
            0.03686918551654163,
            -0.00142562431469081
        ],
        [
            0.020935195555436548,
            -0.03317942355979747,
            -0.0052063885230588655,
            -0.14881629271269614,
            -0.0179418128660069,
            -0.21872954371977466,
            -0.05573114797064399,
            -0.007905455751605521,
            -0.06833118504077394,
            -0.009364265936594349,
            -0.014611715912801262,
            0.02958748922196597,
            -0.01602733940107752,
            0.20664659715480968,
            0.006931629173041973,
            0.24171151967166896,
            0.14018244468184424,
            0.002110996687641278,
            0.06831027848129638,
            -0.001112574161722642
        ],
        [
            0.0002008827602335664,
            -0.003706199797581264,
            -0.001032967070801763,
            -0.023743809168506613,
            -0.002809292258233055,
            -0.033012667612902065,
            -0.005928356473476383,
            -0.004001570442596817,
            0.004233052041299978,
            0.00020361033374015724,
            0.02205309045787195,
            -0.0022812978889122796,
            -0.005948360063634057,
            0.006931629173041973,
            0.0029096004181694748,
            -0.013171850737888652,
            -0.005126426595108311,
            -0.0015171040494761287,
            -0.019444083795737036,
            0.0007422120425224247
        ],
        [
            0.00036721047668899094,
            -0.02433164898539381,
            0.002492035866394689,
            0.025054267699145545,
            0.002281991151562254,
            0.030944884341079608,
            0.02304643788743277,
            0.002033113903723898,
            -0.032633488978386666,
            -0.003259243870878382,
            0.008423786615603685,
            0.17749320603410718,
            0.026335456586052713,
            0.24171151967166896,
            -0.013171850737888652,
            0.5592235929210243,
            0.3466535003727104,
            0.009305224466298745,
            0.17761579367246294,
            -0.004891348066810734
        ],
        [
            -0.027535937496960986,
            -0.02903772213381991,
            0.0013428393057661895,
            0.02132622318717847,
            0.0020730720554168257,
            0.023270682346304774,
            0.02521248733058961,
            -0.008959279258194942,
            0.033553324279233104,
            0.004124006414186229,
            0.10382451945444272,
            0.14421519490337223,
            0.01091110004997343,
            0.14018244468184424,
            -0.005126426595108311,
            0.3466535003727104,
            0.2335252667909236,
            0.0018072982710422257,
            0.05460188383362096,
            -0.0011445977852444814
        ],
        [
            -0.0037787048343605996,
            -0.0020793008189823503,
            0.00036468634067141504,
            0.008576197520311135,
            0.0010207939527060693,
            0.007404332725499561,
            -0.0034708254454385032,
            0.0033528435419330305,
            -0.007304365159370985,
            -0.0007258160007983486,
            -0.02558719984535284,
            -0.004663633774525536,
            0.002897757861765971,
            0.002110996687641278,
            -0.0015171040494761287,
            0.009305224466298745,
            0.0018072982710422257,
            0.0013401398167952481,
            0.01819760540627982,
            -0.0006380501482396263
        ],
        [
            -0.019662225545884576,
            -0.016900886186252313,
            0.004048732315788753,
            0.08254078034303534,
            0.009751282812579608,
            0.06851480537561344,
            -0.04446669734534496,
            0.04254751926635968,
            -0.12229003392667544,
            -0.01283950784738342,
            -0.33993875490541386,
            -0.050624919837556126,
            0.03686918551654163,
            0.06831027848129638,
            -0.019444083795737036,
            0.17761579367246294,
            0.05460188383362096,
            0.01819760540627982,
            0.2564003984853545,
            -0.008725635912502533
        ],
        [
            0.001191756914573212,
            0.0006006836093835133,
            -0.0001805035069623787,
            -0.004057945384110996,
            -0.0004818972051930621,
            -0.0038744814392191306,
            0.001319327739410431,
            -0.0015751512923979857,
            0.0037169561826067,
            0.0003727251768959419,
            0.011992616523534632,
            0.0019485131285396583,
            -0.00142562431469081,
            -0.001112574161722642,
            0.0007422120425224247,
            -0.004891348066810734,
            -0.0011445977852444814,
            -0.0006380501482396263,
            -0.008725635912502533,
            0.0003050137661646614
        ]
    ]
}