{
    "opt_E": -2.191105194178532,
    "HF_E": -2.158632032338471,
    "B3LYP_E": -2.161310060192228,
    "sto-3G_E": -2.140815668935917,
    "proj": [
        [
            0.5892229914126823,
            0.37397879896788067,
            0.009564776801217957,
            -0.16449532412684864,
            -0.048739878685252085,
            -0.028861823213799143,
            0.15590312867210285,
            -0.004734826083053833,
            -0.18374580072223454,
            -0.07783079249327275,
            0.04116292088619385,
            0.022445574933825502,
            -0.011862316716645201,
            0.06130787926506162,
            -0.0019994985628963074,
            -0.0036430439089611116,
            -0.024334575933021997,
            -0.00958918994416371,
            -0.026544014653496147,
            0.012978586663234875
        ],
        [
            0.37397879896788067,
            0.25983124218245157,
            0.0038341520946711003,
            -0.05198435828281572,
            -0.01436330372594163,
            0.08866299030980157,
            0.13906880865860657,
            0.0031085846348618755,
            -0.1293598634994513,
            -0.040317571937822774,
            0.020607348643284538,
            0.022350595114583798,
            0.005867402043338713,
            -0.02584928126730522,
            0.000556735151463994,
            -0.029698230399425245,
            -0.03434883990045004,
            -0.003398930669355484,
            -0.015402726194333445,
            0.00522353980363184
        ],
        [
            0.009564776801217957,
            0.0038341520946711003,
            0.00038369960800965953,
            -0.008151511299186426,
            -0.002524350438216552,
            -0.011661497994878155,
            -0.0017411592359982866,
            -0.0007337829293436646,
            -0.0015577325691665143,
            -0.002178169472157723,
            0.0011106712267813365,
            -0.0010580898729794508,
            -0.0017812659806673559,
            0.007033373111820933,
            0.00011075035264370114,
            0.0009058487472678166,
            0.00038316571534359944,
            -0.0005112497737654153,
            -0.0010440263161998354,
            0.0007001861914905034
        ],
        [
            -0.16449532412684864,
            -0.05198435828281572,
            -0.008151511299186426,
            0.18093196455899585,
            0.0565369068489087,
            0.28054873364746263,
            0.05915955937184814,
            0.020538545090885037,
            0.003622050817215406,
            0.043619689800188474,
            -0.03990604706177967,
            0.03362413216999287,
            0.04838400268025386,
            -0.14957252067484955,
            -0.01232008325055367,
            0.018308674527029,
            0.010109247373008626,
            0.015281594405586612,
            0.04248402541431429,
            -0.023726079073422616
        ],
        [
            -0.048739878685252085,
            -0.01436330372594163,
            -0.002524350438216552,
            0.0565369068489087,
            0.01775376915294479,
            0.08801313789303565,
            0.01848810750568285,
            0.007317166702086368,
            -0.003208116847894842,
            0.013425766424951135,
            -0.018649353107124747,
            0.008643968040064143,
            0.015929925483820363,
            -0.046896724059893743,
            -0.004655846372613705,
            0.006237408333949473,
            0.002294001283551717,
            0.005500502935627924,
            0.016503253510339294,
            -0.008812057074804475
        ],
        [
            -0.028861823213799143,
            0.08866299030980157,
            -0.011661497994878155,
            0.28054873364746263,
            0.08801313789303565,
            0.5660319495225583,
            0.217916572567502,
            0.02736508559138163,
            -0.040830813942518536,
            0.04754938264891808,
            0.029902672690483127,
            0.11177583671576959,
            0.0830561342043715,
            -0.27319555570272114,
            -0.016097271694708173,
            0.03229534283367921,
            0.021174292790074444,
            0.016020784124793488,
            0.027708381736047765,
            -0.022229570909930177
        ],
        [
            0.15590312867210285,
            0.13906880865860657,
            -0.0017411592359982866,
            0.05915955937184814,
            0.01848810750568285,
            0.217916572567502,
            0.1429752155102347,
            -0.0009536392066472525,
            -0.028127121485259303,
            -0.004877370322730934,
            0.10188330905595595,
            0.08280627087985053,
            0.02260201392570874,
            -0.08012145817894911,
            -0.0017474801635469167,
            0.02930259475914267,
            0.02562109952597205,
            -0.004454267960697098,
            -0.030596293849534707,
            0.009885686317006056
        ],
        [
            -0.004734826083053833,
            0.0031085846348618755,
            -0.0007337829293436646,
            0.020538545090885037,
            0.007317166702086368,
            0.02736508559138163,
            -0.0009536392066472525,
            0.012127027337515466,
            -0.042632734418009834,
            0.003971890634379124,
            -0.07506173121124128,
            -0.018231645153308027,
            0.013961657480929505,
            -0.01442605753219635,
            -0.010833322846914557,
            0.011557669603259468,
            -0.005605696976260104,
            0.010024424641967237,
            0.042256824997203846,
            -0.018726931994535328
        ],
        [
            -0.18374580072223454,
            -0.1293598634994513,
            -0.0015577325691665143,
            0.003622050817215406,
            -0.003208116847894842,
            -0.040830813942518536,
            -0.028127121485259303,
            -0.042632734418009834,
            0.2231454629357082,
            0.01574805087940241,
            0.2782856825796816,
            0.07136421090776043,
            -0.04257435708356102,
            0.005412462802199708,
            0.04229138988694727,
            -0.047932393862116444,
            0.027086156536204706,
            -0.03420739075909904,
            -0.1533637990350197,
            0.06646362724939883
        ],
        [
            -0.07783079249327275,
            -0.040317571937822774,
            -0.002178169472157723,
            0.043619689800188474,
            0.013425766424951135,
            0.04754938264891808,
            -0.004877370322730934,
            0.003971890634379124,
            0.01574805087940241,
            0.014032936498229526,
            -0.01328212649063616,
            -0.0005410506624316716,
            0.008088353412266993,
            -0.033496994787815246,
            -0.000276204596979561,
            -0.00699368831761507,
            -0.0031582458710771788,
            0.003180852176443178,
            0.00791735532360091,
            -0.0045551342119699205
        ],
        [
            0.04116292088619385,
            0.020607348643284538,
            0.0011106712267813365,
            -0.03990604706177967,
            -0.018649353107124747,
            0.029902672690483127,
            0.10188330905595595,
            -0.07506173121124128,
            0.2782856825796816,
            -0.01328212649063616,
            0.5543943713839237,
            0.19876902415959888,
            -0.0592502814031602,
            0.025681878175498527,
            0.05726394978092267,
            0.007348433636548995,
            0.09631738155874199,
            -0.062427016191837895,
            -0.2726077012645083,
            0.11811491311744839
        ],
        [
            0.022445574933825502,
            0.022350595114583798,
            -0.0010580898729794508,
            0.03362413216999287,
            0.008643968040064143,
            0.11177583671576959,
            0.08280627087985053,
            -0.018231645153308027,
            0.07136421090776043,
            -0.0005410506624316716,
            0.19876902415959888,
            0.13362013548099502,
            0.011015370153840158,
            0.021741927125522066,
            -0.01210715685811354,
            0.16648476088308267,
            0.13465939989134715,
            -0.011517717075371997,
            -0.04618088559399635,
            0.02035558826696678
        ],
        [
            -0.011862316716645201,
            0.005867402043338713,
            -0.0017812659806673559,
            0.04838400268025386,
            0.015929925483820363,
            0.0830561342043715,
            0.02260201392570874,
            0.013961657480929505,
            -0.04257435708356102,
            0.008088353412266993,
            -0.0592502814031602,
            0.011015370153840158,
            0.0260050214202803,
            -0.021610045323808943,
            -0.020165913485925648,
            0.0648336876828949,
            0.02989825647280371,
            0.012524835843931142,
            0.052547515067438245,
            -0.02350651994164718
        ],
        [
            0.06130787926506162,
            -0.02584928126730522,
            0.007033373111820933,
            -0.14957252067484955,
            -0.046896724059893743,
            -0.27319555570272114,
            -0.08012145817894911,
            -0.01442605753219635,
            0.005412462802199708,
            -0.033496994787815246,
            0.025681878175498527,
            0.021741927125522066,
            -0.021610045323808943,
            0.22191259421370402,
            -0.028655499007519274,
            0.2030357522579741,
            0.12960928397977917,
            -0.0022897420673224267,
            0.02725862714025184,
            -0.003790549343265034
        ],
        [
            -0.0019994985628963074,
            0.000556735151463994,
            0.00011075035264370114,
            -0.01232008325055367,
            -0.004655846372613705,
            -0.016097271694708173,
            -0.0017474801635469167,
            -0.010833322846914557,
            0.04229138988694727,
            -0.000276204596979561,
            0.05726394978092267,
            -0.01210715685811354,
            -0.020165913485925648,
            -0.028655499007519274,
            0.025838292071756187,
            -0.10478570707459198,
            -0.054916245685579686,
            -0.012000192697247983,
            -0.05864905949354445,
            0.024323206118892205
        ],
        [
            -0.0036430439089611116,
            -0.029698230399425245,
            0.0009058487472678166,
            0.018308674527029,
            0.006237408333949473,
            0.03229534283367921,
            0.02930259475914267,
            0.011557669603259468,
            -0.047932393862116444,
            -0.00699368831761507,
            0.007348433636548995,
            0.16648476088308267,
            0.0648336876828949,
            0.2030357522579741,
            -0.10478570707459198,
            0.5711696518241698,
            0.3548129950041637,
            0.027205943679192667,
            0.1573299168578077,
            -0.060990022327707755
        ],
        [
            -0.024334575933021997,
            -0.03434883990045004,
            0.00038316571534359944,
            0.010109247373008626,
            0.002294001283551717,
            0.021174292790074444,
            0.02562109952597205,
            -0.005605696976260104,
            0.027086156536204706,
            -0.0031582458710771788,
            0.09631738155874199,
            0.13465939989134715,
            0.02989825647280371,
            0.12960928397977917,
            -0.054916245685579686,
            0.3548129950041637,
            0.23707310692269068,
            0.00657744648460607,
            0.05221452688276405,
            -0.018155975141566385
        ],
        [
            -0.00958918994416371,
            -0.003398930669355484,
            -0.0005112497737654153,
            0.015281594405586612,
            0.005500502935627924,
            0.016020784124793488,
            -0.004454267960697098,
            0.010024424641967237,
            -0.03420739075909904,
            0.003180852176443178,
            -0.062427016191837895,
            -0.011517717075371997,
            0.012524835843931142,
            -0.0022897420673224267,
            -0.012000192697247983,
            0.027205943679192667,
            0.00657744648460607,
            0.008994530399009219,
            0.03967718204887662,
            -0.017181583445107056
        ],
        [
            -0.026544014653496147,
            -0.015402726194333445,
            -0.0010440263161998354,
            0.04248402541431429,
            0.016503253510339294,
            0.027708381736047765,
            -0.030596293849534707,
            0.042256824997203846,
            -0.1533637990350197,
            0.00791735532360091,
            -0.2726077012645083,
            -0.04618088559399635,
            0.052547515067438245,
            0.02725862714025184,
            -0.05864905949354445,
            0.1573299168578077,
            0.05221452688276405,
            0.03967718204887662,
            0.1814090853626514,
            -0.07721422672051952
        ],
        [
            0.012978586663234875,
            0.00522353980363184,
            0.0007001861914905034,
            -0.023726079073422616,
            -0.008812057074804475,
            -0.022229570909930177,
            0.009885686317006056,
            -0.018726931994535328,
            0.06646362724939883,
            -0.0045551342119699205,
            0.11811491311744839,
            0.02035558826696678,
            -0.02350651994164718,
            -0.003790549343265034,
            0.024323206118892205,
            -0.060990022327707755,
            -0.018155975141566385,
            -0.017181583445107056,
            -0.07721422672051952,
            0.03314695220148962
        ]
    ]
}