{
    "opt_E": -2.1722032446627724,
    "HF_E": -2.1401182419577793,
    "B3LYP_E": -2.1427480524595106,
    "sto-3G_E": -2.1187412018100833,
    "proj": [
        [
            0.5861169037468935,
            0.37721002071427656,
            -0.022852002837496617,
            -0.16595237990404005,
            -0.010667667182228648,
            -0.019663786693912454,
            0.160148505473999,
            -0.0642563310650811,
            -0.18093998838764874,
            -0.010526663070216984,
            0.03572507030750199,
            0.024185324615171144,
            -0.016925949459733348,
            0.07203119346564946,
            0.0045831181501209085,
            -0.0019037153791179246,
            -0.032424455316014664,
            0.00121190421246292,
            -0.026319155299913962,
            -0.0008757595054845963
        ],
        [
            0.37721002071427656,
            0.26251343927049503,
            -0.005809370839184809,
            -0.05877049024914192,
            -0.0038729862144599525,
            0.0813827743836201,
            0.1369664722055776,
            -0.030088437694563396,
            -0.12710560483068936,
            -0.007611568501144781,
            0.026972885057923068,
            0.02402019449067614,
            0.005109643974100285,
            -0.022592100131736674,
            -0.0017171330284262052,
            -0.034508202959121444,
            -0.043060534772909484,
            0.0011438103111830998,
            -0.020420718731938813,
            -0.0008081139552584381
        ],
        [
            -0.022852002837496617,
            -0.005809370839184809,
            0.006079604179503211,
            0.03347975517002647,
            0.0021039765685255596,
            0.05160786923995669,
            0.010914650736865204,
            0.010549060721975468,
            -0.007689859861756378,
            -0.0006682309934161442,
            -0.009255650768702108,
            0.007585206131865803,
            0.009237407781037356,
            -0.03034747655375,
            -0.002490573576081938,
            0.006782361790563176,
            0.003852752296739768,
            -0.001347974603092018,
            0.013761305082442468,
            0.000504992586470397
        ],
        [
            -0.16595237990404005,
            -0.05877049024914192,
            0.03347975517002647,
            0.1888110071561676,
            0.01187256281867578,
            0.27688679689454543,
            0.049685287711351236,
            0.05682407086168354,
            -0.011774352869060282,
            -0.0016484484479121994,
            -0.028550208725574233,
            0.04273481338568579,
            0.049519525419753734,
            -0.16959513106583143,
            -0.013419729370925136,
            0.02584439242292474,
            0.01949404058343227,
            -0.0055556881552442676,
            0.05728020637780822,
            0.002035802515185129
        ],
        [
            -0.010667667182228648,
            -0.0038729862144599525,
            0.0021039765685255596,
            0.01187256281867578,
            0.0007468094547127921,
            0.01724355989963485,
            0.0029586761245503678,
            0.0036212289675419183,
            -0.0007902909379481766,
            -0.00010828357068951948,
            -0.0020619460953108875,
            0.002565560402833063,
            0.0031065828752484675,
            -0.010624380264066476,
            -0.0008420854999634944,
            0.0016055389669858632,
            0.0011924274103003911,
            -0.0003613062656479409,
            0.0037423583159240325,
            0.0001335794554989558
        ],
        [
            -0.019663786693912454,
            0.0813827743836201,
            0.05160786923995669,
            0.27688679689454543,
            0.01724355989963485,
            0.5380158664460944,
            0.19798410130132527,
            0.06096249740074097,
            -0.05816158792507857,
            -0.004417863013649155,
            0.060727815777034,
            0.12689575821482107,
            0.08362797073859914,
            -0.2880063764302824,
            -0.02259612444080466,
            0.050628295302608955,
            0.03557254679040535,
            -0.004799013417592148,
            0.03880964944371654,
            0.001182487891426829
        ],
        [
            0.160148505473999,
            0.1369664722055776,
            0.010914650736865204,
            0.049685287711351236,
            0.0029586761245503678,
            0.19798410130132527,
            0.1330337373015651,
            -0.009443852515865414,
            -0.026364286110513297,
            -0.0012300918017708478,
            0.11219689145497168,
            0.08160870625137745,
            0.022102343424074543,
            -0.07582956385929132,
            -0.005825031740830834,
            0.029607361526145327,
            0.02235591893352727,
            0.002596602115654797,
            -0.03797564423930079,
            -0.0015644589950076962
        ],
        [
            -0.0642563310650811,
            -0.030088437694563396,
            0.010549060721975468,
            0.05682407086168354,
            0.0036212289675419183,
            0.06096249740074097,
            -0.009443852515865414,
            0.03002038693304037,
            -0.04382546397119818,
            -0.003479609730353759,
            -0.08909456839815932,
            -0.01607200457817779,
            0.01608977003551472,
            -0.04814587174981353,
            -0.004412219261667857,
            0.005921433825789279,
            -0.0054184551028758215,
            -0.00587480056604234,
            0.06399758676717081,
            0.0024613995524884543
        ],
        [
            -0.18093998838764874,
            -0.12710560483068936,
            -0.007689859861756378,
            -0.011774352869060282,
            -0.0007902909379481766,
            -0.05816158792507857,
            -0.026364286110513297,
            -0.04382546397119818,
            0.26218604788470906,
            0.0181883382089536,
            0.29467166455722266,
            0.05620343976864462,
            -0.020907394747514685,
            0.020370839751328026,
            0.00545383072918016,
            -0.05709350751665929,
            0.016264754050919806,
            0.0198926669838564,
            -0.20775442022835303,
            -0.008234322095149148
        ],
        [
            -0.010526663070216984,
            -0.007611568501144781,
            -0.0006682309934161442,
            -0.0016484484479121994,
            -0.00010828357068951948,
            -0.004417863013649155,
            -0.0012300918017708478,
            -0.003479609730353759,
            0.0181883382089536,
            0.0012712736269955085,
            0.021559498439167712,
            0.004330515039420107,
            -0.0016258303137626294,
            0.0021093244976016774,
            0.00042980169432666826,
            -0.0035867851709051176,
            0.0014056289356824373,
            0.0014299698496332363,
            -0.015023319498098424,
            -0.0005940281457107925
        ],
        [
            0.03572507030750199,
            0.026972885057923068,
            -0.009255650768702108,
            -0.028550208725574233,
            -0.0020619460953108875,
            0.060727815777034,
            0.11219689145497168,
            -0.08909456839815932,
            0.29467166455722266,
            0.021559498439167712,
            0.5211759254718188,
            0.17396764952493368,
            -0.020577396158374194,
            0.02969434983911375,
            0.006066023099507478,
            0.023475201248418887,
            0.08509615187982796,
            0.02788301231488136,
            -0.30791127468300594,
            -0.01211184931184108
        ],
        [
            0.024185324615171144,
            0.02402019449067614,
            0.007585206131865803,
            0.04273481338568579,
            0.002565560402833063,
            0.12689575821482107,
            0.08160870625137745,
            -0.01607200457817779,
            0.05620343976864462,
            0.004330515039420107,
            0.17396764952493368,
            0.1233222690804282,
            0.006103411854374521,
            0.01997040237662514,
            -0.0002563951837841214,
            0.17154340666049978,
            0.13222822694907232,
            0.0018603980676915942,
            -0.035295717057957504,
            -0.0012772579715815927
        ],
        [
            -0.016925949459733348,
            0.005109643974100285,
            0.009237407781037356,
            0.049519525419753734,
            0.0031065828752484675,
            0.08362797073859914,
            0.022102343424074543,
            0.01608977003551472,
            -0.020907394747514685,
            -0.0016258303137626294,
            -0.020577396158374194,
            0.006103411854374521,
            0.015346276735344793,
            -0.055655301720082886,
            -0.004288573441588368,
            -0.007232411430321914,
            -0.007581560365274911,
            -0.0018533641184372478,
            0.019491719006140957,
            0.0006919870483680922
        ],
        [
            0.07203119346564946,
            -0.022592100131736674,
            -0.03034747655375,
            -0.16959513106583143,
            -0.010624380264066476,
            -0.2880063764302824,
            -0.07582956385929132,
            -0.04814587174981353,
            0.020370839751328026,
            0.0021093244976016774,
            0.02969434983911375,
            0.01997040237662514,
            -0.055655301720082886,
            0.2706037102405405,
            0.017005809662841934,
            0.21291814939796797,
            0.14118163012711865,
            -0.003052710622844296,
            0.022405792603022737,
            0.0013561111919640398
        ],
        [
            0.0045831181501209085,
            -0.0017171330284262052,
            -0.002490573576081938,
            -0.013419729370925136,
            -0.0008420854999634944,
            -0.02259612444080466,
            -0.005825031740830834,
            -0.004412219261667857,
            0.00545383072918016,
            0.00042980169432666826,
            0.006066023099507478,
            -0.0002563951837841214,
            -0.004288573441588368,
            0.017005809662841934,
            0.0012329172753157034,
            0.0063688724681011406,
            0.004976002045387104,
            0.0003633350184026342,
            -0.00407489604217454,
            -0.00013504358969537147
        ],
        [
            -0.0019037153791179246,
            -0.034508202959121444,
            0.006782361790563176,
            0.02584439242292474,
            0.0016055389669858632,
            0.050628295302608955,
            0.029607361526145327,
            0.005921433825789279,
            -0.05709350751665929,
            -0.0035867851709051176,
            0.023475201248418887,
            0.17154340666049978,
            -0.007232411430321914,
            0.21291814939796797,
            0.0063688724681011406,
            0.5534990118769528,
            0.36099013194699936,
            -0.020092435362550103,
            0.1797162727324969,
            0.0076637761836785955
        ],
        [
            -0.032424455316014664,
            -0.043060534772909484,
            0.003852752296739768,
            0.01949404058343227,
            0.0011924274103003911,
            0.03557254679040535,
            0.02235591893352727,
            -0.0054184551028758215,
            0.016264754050919806,
            0.0014056289356824373,
            0.08509615187982796,
            0.13222822694907232,
            -0.007581560365274911,
            0.14118163012711865,
            0.004976002045387104,
            0.36099013194699936,
            0.24710439870431627,
            -0.009117645884208842,
            0.07438294324174217,
            0.0033051983135190498
        ],
        [
            0.00121190421246292,
            0.0011438103111830998,
            -0.001347974603092018,
            -0.0055556881552442676,
            -0.0003613062656479409,
            -0.004799013417592148,
            0.002596602115654797,
            -0.00587480056604234,
            0.0198926669838564,
            0.0014299698496332363,
            0.02788301231488136,
            0.0018603980676915942,
            -0.0018533641184372478,
            -0.003052710622844296,
            0.0003633350184026342,
            -0.020092435362550103,
            -0.009117645884208842,
            0.002391752003171248,
            -0.024632701183821323,
            -0.0009875388047460912
        ],
        [
            -0.026319155299913962,
            -0.020420718731938813,
            0.013761305082442468,
            0.05728020637780822,
            0.0037423583159240325,
            0.03880964944371654,
            -0.03797564423930079,
            0.06399758676717081,
            -0.20775442022835303,
            -0.015023319498098424,
            -0.30791127468300594,
            -0.035295717057957504,
            0.019491719006140957,
            0.022405792603022737,
            -0.00407489604217454,
            0.1797162727324969,
            0.07438294324174217,
            -0.024632701183821323,
            0.2561184601561781,
            0.010239051253616434
        ],
        [
            -0.0008757595054845963,
            -0.0008081139552584381,
            0.000504992586470397,
            0.002035802515185129,
            0.0001335794554989558,
            0.001182487891426829,
            -0.0015644589950076962,
            0.0024613995524884543,
            -0.008234322095149148,
            -0.0005940281457107925,
            -0.01211184931184108,
            -0.0012772579715815927,
            0.0006919870483680922,
            0.0013561111919640398,
            -0.00013504358969537147,
            0.0076637761836785955,
            0.0033051983135190498,
            -0.0009875388047460912,
            0.010239051253616434,
            0.00041020245575715795
        ]
    ]
}