{
    "opt_E": -2.204295712278173,
    "HF_E": -2.1732582803667038,
    "B3LYP_E": -2.175184732881834,
    "sto-3G_E": -2.1617400057564957,
    "proj": [
        [
            0.5707469506820612,
            0.3536529805495875,
            0.013971516126963013,
            -0.18059556689818895,
            0.002301337942473945,
            -0.0034203772663709405,
            0.16834587132328324,
            0.020857455122253076,
            -0.2258827061138216,
            0.018306528680548058,
            0.04625758154973105,
            0.02273739633182953,
            -0.0007863172437278888,
            0.04777223238572242,
            0.006292022565204636,
            -0.0014117587032530913,
            -0.028740524925162766,
            -0.0029961232623259724,
            -0.030627429850580302,
            0.014485001653849226
        ],
        [
            0.3536529805495875,
            0.2402543178397934,
            0.004055234370084306,
            -0.05345333047840336,
            -0.0002206738519332522,
            0.10210393980764038,
            0.1401550197709634,
            0.010838773412565991,
            -0.14066218487548837,
            0.006210289168938255,
            0.023883018762130982,
            0.02319841570249342,
            0.0002629477467590416,
            -0.03180005813712919,
            -0.005192401403874755,
            -0.02959704738760199,
            -0.03405250390944021,
            -0.001311284495128541,
            -0.018776651348617574,
            0.006385722556214011
        ],
        [
            0.013971516126963013,
            0.004055234370084306,
            0.0014817313959897367,
            -0.018784200059428723,
            0.0004925537407026568,
            -0.025163584291594713,
            -0.004198362666011921,
            0.0009463966572758051,
            -0.0028809545167734446,
            0.002206915628894131,
            0.005882365898459418,
            -0.0029174658197482135,
            -0.0006386314111208598,
            0.012195448126352947,
            0.004175311069277134,
            -0.0011447120399838934,
            -0.0011768339276781003,
            -0.0005733590422369304,
            -0.005599128718261703,
            0.0024171228693640593
        ],
        [
            -0.18059556689818895,
            -0.05345333047840336,
            -0.018784200059428723,
            0.2385711141268138,
            -0.006229222092160304,
            0.32004288063624625,
            0.05490097623733319,
            -0.012246293112488874,
            0.04530543316133879,
            -0.026402087698187644,
            -0.05957119525629375,
            0.04175248154539643,
            0.007654807193981601,
            -0.155753642023922,
            -0.05103309216131631,
            0.014615570372893133,
            0.0174007321143023,
            0.006578561096714795,
            0.06243840708057438,
            -0.027887003695803395
        ],
        [
            0.002301337942473945,
            -0.0002206738519332522,
            0.0004925537407026568,
            -0.006229222092160304,
            0.00018316724523879585,
            -0.00965064670184361,
            -0.0026154999358448793,
            0.00024316262446851957,
            0.00016140690061647477,
            0.0007486559969049066,
            0.0017595436313492057,
            -0.0018983912880000356,
            -0.0003130434079431079,
            0.0035532228771476943,
            0.0018613467071050365,
            -0.00237410298985113,
            -0.0015223962626012828,
            -0.0002405029871439273,
            -0.0024997211088603408,
            0.000986483862836674
        ],
        [
            -0.0034203772663709405,
            0.10210393980764038,
            -0.025163584291594713,
            0.32004288063624625,
            -0.00965064670184361,
            0.5721872172326345,
            0.20549857593815446,
            -0.010778637779081026,
            -0.006638178367506176,
            -0.027941378227152376,
            -2.723533664328142e-06,
            0.11363185818855466,
            0.010973753563458966,
            -0.25309151274404895,
            -0.077635963269932,
            0.029259610770153613,
            0.029213874734673434,
            0.006399096474631025,
            0.04936347264846181,
            -0.026928065914995546
        ],
        [
            0.16834587132328324,
            0.1401550197709634,
            -0.004198362666011921,
            0.05490097623733319,
            -0.0026154999358448793,
            0.20549857593815446,
            0.13811776693510208,
            0.0018360448159691575,
            -0.029304485197369737,
            0.00491451215046479,
            0.10059322392363501,
            0.08093474477907484,
            0.0019679433444326003,
            -0.06963421820744718,
            -0.017983768980981973,
            0.03202243915847043,
            0.028055899980331332,
            -0.002133546372854628,
            -0.03405380676622363,
            0.008974156413553152
        ],
        [
            0.020857455122253076,
            0.010838773412565991,
            0.0009463966572758051,
            -0.012246293112488874,
            0.00024316262446851957,
            -0.010778637779081026,
            0.0018360448159691575,
            0.0009984146936632082,
            -0.01009467827406128,
            0.0007404158590534502,
            -0.0019179809188780137,
            -0.0016168111552623166,
            -1.5819591851616658e-05,
            0.007740967033792379,
            0.0007469213341472454,
            0.0020135880920099836,
            -0.0005200274086226845,
            6.385991855302283e-06,
            0.0009325438304026555,
            0.00010002501913119429
        ],
        [
            -0.2258827061138216,
            -0.14066218487548837,
            -0.0028809545167734446,
            0.04530543316133879,
            0.00016140690061647477,
            -0.006638178367506176,
            -0.029304485197369737,
            -0.01009467827406128,
            0.22365105587933246,
            0.024289752980111424,
            0.2515463092840003,
            0.06238587714605423,
            -0.009451338694190936,
            -0.03799668050674832,
            0.04089927269105093,
            -0.03295751186488573,
            0.030070693056178995,
            -0.012451414186219022,
            -0.15574680001143912,
            0.048896582394368525
        ],
        [
            0.018306528680548058,
            0.006210289168938255,
            0.002206915628894131,
            -0.026402087698187644,
            0.0007486559969049066,
            -0.027941378227152376,
            0.00491451215046479,
            0.0007404158590534502,
            0.024289752980111424,
            0.009199566261163932,
            0.06484117749197958,
            0.013489324520802558,
            -0.00265590227019916,
            0.010286614419209712,
            0.01325962210617316,
            -0.005352538636655972,
            0.0045309956402709815,
            -0.0034914626130884306,
            -0.04131449142269497,
            0.01414354581340531
        ],
        [
            0.04625758154973105,
            0.023883018762130982,
            0.005882365898459418,
            -0.05957119525629375,
            0.0017595436313492057,
            -2.723533664328142e-06,
            0.10059322392363501,
            -0.0019179809188780137,
            0.2515463092840003,
            0.06484117749197958,
            0.5655761226312928,
            0.18456534827510346,
            -0.01583001873950506,
            0.003644517003425598,
            0.07125024122567304,
            0.034287347320130515,
            0.10065478735605705,
            -0.02588235389030761,
            -0.31547984801620615,
            0.10436143444874746
        ],
        [
            0.02273739633182953,
            0.02319841570249342,
            -0.0029174658197482135,
            0.04175248154539643,
            -0.0018983912880000356,
            0.11363185818855466,
            0.08093474477907484,
            -0.0016168111552623166,
            0.06238587714605423,
            0.013489324520802558,
            0.18456534827510346,
            0.1311073179669261,
            0.0036597559440240315,
            0.025261426913983934,
            -0.019285986603677783,
            0.1788956104751925,
            0.1371812289674447,
            -0.0031690795138673744,
            -0.03828669183360177,
            0.01350366939444455
        ],
        [
            -0.0007863172437278888,
            0.0002629477467590416,
            -0.0006386314111208598,
            0.007654807193981601,
            -0.0003130434079431079,
            0.010973753563458966,
            0.0019679433444326003,
            -1.5819591851616658e-05,
            -0.009451338694190936,
            -0.00265590227019916,
            -0.01583001873950506,
            0.0036597559440240315,
            0.0015684522293396615,
            0.005237015470430823,
            -0.0072187548817626325,
            0.021906155926073586,
            0.011352716851002635,
            0.0013998593756579,
            0.017338254127224468,
            -0.005537718204845373
        ],
        [
            0.04777223238572242,
            -0.03180005813712919,
            0.012195448126352947,
            -0.155753642023922,
            0.0035532228771476943,
            -0.25309151274404895,
            -0.06963421820744718,
            0.007740967033792379,
            -0.03799668050674832,
            0.010286614419209712,
            0.003644517003425598,
            0.025261426913983934,
            0.005237015470430823,
            0.2282914883542211,
            -0.006654333915762814,
            0.23450974240934228,
            0.136182213282796,
            0.0030774637664918256,
            0.05972667773424896,
            -0.010319426221854083
        ],
        [
            0.006292022565204636,
            -0.005192401403874755,
            0.004175311069277134,
            -0.05103309216131631,
            0.0018613467071050365,
            -0.077635963269932,
            -0.017983768980981973,
            0.0007469213341472454,
            0.04089927269105093,
            0.01325962210617316,
            0.07125024122567304,
            -0.019285986603677783,
            -0.0072187548817626325,
            -0.006654333915762814,
            0.034771632231624654,
            -0.09079392636246877,
            -0.047038682168367776,
            -0.0063904389826261185,
            -0.07735282938814801,
            0.02540564607326868
        ],
        [
            -0.0014117587032530913,
            -0.02959704738760199,
            -0.0011447120399838934,
            0.014615570372893133,
            -0.00237410298985113,
            0.029259610770153613,
            0.03202243915847043,
            0.0020135880920099836,
            -0.03295751186488573,
            -0.005352538636655972,
            0.034287347320130515,
            0.1788956104751925,
            0.021906155926073586,
            0.23450974240934228,
            -0.09079392636246877,
            0.5479079743640634,
            0.34082534590317065,
            0.012270314161253702,
            0.1680344010410469,
            -0.04647890120599984
        ],
        [
            -0.028740524925162766,
            -0.03405250390944021,
            -0.0011768339276781003,
            0.0174007321143023,
            -0.0015223962626012828,
            0.029213874734673434,
            0.028055899980331332,
            -0.0005200274086226845,
            0.030070693056178995,
            0.0045309956402709815,
            0.10065478735605705,
            0.1371812289674447,
            0.011352716851002635,
            0.136182213282796,
            -0.047038682168367776,
            0.34082534590317065,
            0.22547924967438027,
            0.004037186304566673,
            0.059596209385672415,
            -0.014612718338345945
        ],
        [
            -0.0029961232623259724,
            -0.001311284495128541,
            -0.0005733590422369304,
            0.006578561096714795,
            -0.0002405029871439273,
            0.006399096474631025,
            -0.002133546372854628,
            6.385991855302283e-06,
            -0.012451414186219022,
            -0.0034914626130884306,
            -0.02588235389030761,
            -0.0031690795138673744,
            0.0013998593756579,
            0.0030774637664918256,
            -0.0063904389826261185,
            0.012270314161253702,
            0.004037186304566673,
            0.0015923966348034182,
            0.019576684851958088,
            -0.006360710204456939
        ],
        [
            -0.030627429850580302,
            -0.018776651348617574,
            -0.005599128718261703,
            0.06243840708057438,
            -0.0024997211088603408,
            0.04936347264846181,
            -0.03405380676622363,
            0.0009325438304026555,
            -0.15574680001143912,
            -0.04131449142269497,
            -0.31547984801620615,
            -0.03828669183360177,
            0.017338254127224468,
            0.05972667773424896,
            -0.07735282938814801,
            0.1680344010410469,
            0.059596209385672415,
            0.019576684851958088,
            0.24287925829112852,
            -0.07801064379252033
        ],
        [
            0.014485001653849226,
            0.006385722556214011,
            0.0024171228693640593,
            -0.027887003695803395,
            0.000986483862836674,
            -0.026928065914995546,
            0.008974156413553152,
            0.00010002501913119429,
            0.048896582394368525,
            0.01414354581340531,
            0.10436143444874746,
            0.01350366939444455,
            -0.005537718204845373,
            -0.010319426221854083,
            0.02540564607326868,
            -0.04647890120599984,
            -0.014612718338345945,
            -0.006360710204456939,
            -0.07801064379252033,
            0.025434805330428537
        ]
    ]
}