{
    "opt_E": -2.1753770523640354,
    "HF_E": -2.145364548552973,
    "B3LYP_E": -2.1467918427357255,
    "sto-3G_E": -2.1305593852549305,
    "proj": [
        [
            0.5212470698929375,
            0.3284803265016152,
            0.02403074431784349,
            -0.1703880839206441,
            -0.038004809796087356,
            0.07198850534161326,
            0.18519001040345706,
            0.048957098218847764,
            -0.23988916244565608,
            -0.07910670186385947,
            0.038977726835127624,
            0.03431845703542147,
            -0.004446787877013313,
            0.02504645046907328,
            -0.0032392465177944747,
            0.0005292757403201142,
            -0.033404128081385175,
            0.006062640263739539,
            -0.020195065618821114,
            0.0008998271110050379
        ],
        [
            0.3284803265016152,
            0.2155109680996811,
            0.009195246637495656,
            -0.07254323260888342,
            -0.014448275292355463,
            0.10006279708348971,
            0.13273833435451987,
            0.027945971768954303,
            -0.13816463523537711,
            -0.04413180922350399,
            0.040127814614576734,
            0.026077971328054377,
            -0.0007444515385674965,
            -0.02851222610521748,
            0.0027454842433953155,
            -0.029878707127196903,
            -0.036971440647791336,
            0.0065722789789050395,
            -0.027261598231277072,
            0.001842746961356652
        ],
        [
            0.02403074431784349,
            0.009195246637495656,
            0.008256311508481252,
            -0.048325781848354135,
            -0.01298946548352272,
            -0.05607013613978339,
            -0.005279943607234647,
            0.0061589515151911,
            -0.007798855513601207,
            -0.011517299369652206,
            0.010047132609906495,
            -0.007583230166111889,
            0.0038471864127501425,
            0.033387843785599926,
            -0.0032722771749478085,
            -0.00671513573400859,
            -0.006232853281142925,
            0.0036081631680139016,
            -0.014837188286552625,
            0.0017486253843231848
        ],
        [
            -0.1703880839206441,
            -0.07254323260888342,
            -0.048325781848354135,
            0.2852595134869194,
            0.07607061638241144,
            0.3151595889601834,
            0.02033983890184683,
            -0.03780000829334422,
            0.06742316733750088,
            0.06980276896962158,
            -0.04711234336006804,
            0.04231761097923349,
            -0.01978460160179089,
            -0.1949826249629523,
            0.019389876180255783,
            0.029751370028853367,
            0.0339295676081893,
            -0.01859701088776905,
            0.07500623851795601,
            -0.008901601455073085
        ],
        [
            -0.038004809796087356,
            -0.014448275292355463,
            -0.01298946548352272,
            0.07607061638241144,
            0.020449295613910214,
            0.0880924665276472,
            0.008032819253202053,
            -0.009747816406847142,
            0.012270096760674549,
            0.01821547280812843,
            -0.016488506337481446,
            0.010909996002509829,
            -0.005796883855505574,
            -0.053674784717641366,
            0.005257231591199074,
            0.007947114671489482,
            0.008047738429350996,
            -0.005581740529933883,
            0.02282307653828971,
            -0.002693737662093057
        ],
        [
            0.07198850534161326,
            0.10006279708348971,
            -0.05607013613978339,
            0.3151595889601834,
            0.0880924665276472,
            0.5197518654116144,
            0.16052845942772653,
            -0.023057657503924408,
            -0.009904576409595326,
            0.04929982340251951,
            0.02787008598586889,
            0.10676670899412753,
            -0.026907198218824202,
            -0.2746721838268927,
            0.02806160353940973,
            0.04175336773006705,
            0.03785337421566683,
            -0.013630716426809492,
            0.05289447450127508,
            -0.00797848956701254
        ],
        [
            0.18519001040345706,
            0.13273833435451987,
            -0.005279943607234647,
            0.02033983890184683,
            0.008032819253202053,
            0.16052845942772653,
            0.11929667770632155,
            0.013559526545727741,
            -0.029242807577785697,
            -0.02010012941787265,
            0.116877863786918,
            0.07372137668549322,
            -0.003553209465505596,
            -0.051319983134161265,
            0.006609732891668599,
            0.02826366807165583,
            0.023368075300152998,
            0.010579534329587711,
            -0.04664441587562059,
            0.003714436656733998
        ],
        [
            0.048957098218847764,
            0.027945971768954303,
            0.0061589515151911,
            -0.03780000829334422,
            -0.009747816406847142,
            -0.023057657503924408,
            0.013559526545727741,
            0.0072707246240005085,
            -0.01266258234073859,
            -0.012763648474445433,
            0.024395939228987286,
            0.005373184539170799,
            0.002148963556174099,
            0.022068009623052096,
            -0.0019651773709255366,
            0.002397899734489739,
            0.00041577443562237107,
            0.004133993712780565,
            -0.0171413551688161,
            0.0017822383525570831
        ],
        [
            -0.23988916244565608,
            -0.13816463523537711,
            -0.007798855513601207,
            0.06742316733750088,
            0.012270096760674549,
            -0.009904576409595326,
            -0.029242807577785697,
            -0.01266258234073859,
            0.26629523533104243,
            0.016785215992838148,
            0.2666585404990868,
            0.06223220704177491,
            0.02574668940883633,
            -0.025034185305247127,
            0.007590936140788568,
            -0.03949022929317997,
            0.029076085104903168,
            0.0388479490600924,
            -0.1788795154864354,
            0.018826251714706935
        ],
        [
            -0.07910670186385947,
            -0.04413180922350399,
            -0.011517299369652206,
            0.06980276896962158,
            0.01821547280812843,
            0.04929982340251951,
            -0.02010012941787265,
            -0.012763648474445433,
            0.016785215992838148,
            0.022664492597233722,
            -0.046685928209151135,
            -0.008388683521327484,
            -0.004740863340431873,
            -0.042349169555997615,
            0.0037318448292175135,
            -0.0020861003342706906,
            -0.00020227015456182953,
            -0.00816124349218119,
            0.03414031605820519,
            -0.003598056135932309
        ],
        [
            0.038977726835127624,
            0.040127814614576734,
            0.010047132609906495,
            -0.04711234336006804,
            -0.016488506337481446,
            0.02787008598586889,
            0.116877863786918,
            0.024395939228987286,
            0.2666585404990868,
            -0.046685928209151135,
            0.5426365763713853,
            0.1778708614973324,
            0.033995433227591104,
            0.033750577700064635,
            0.0053612814187632895,
            0.027683092623366372,
            0.08842198545721665,
            0.07274123830651384,
            -0.32436388293131285,
            0.03304454923090854
        ],
        [
            0.03431845703542147,
            0.026077971328054377,
            -0.007583230166111889,
            0.04231761097923349,
            0.010909996002509829,
            0.10676670899412753,
            0.07372137668549322,
            0.005373184539170799,
            0.06223220704177491,
            -0.008388683521327484,
            0.1778708614973324,
            0.1258759981094187,
            -0.012754769677177964,
            0.03141489696535405,
            -0.0005888120074000418,
            0.17895210239530443,
            0.13869365097714276,
            0.009019901923021906,
            -0.03553317443206274,
            0.0028846889437170588
        ],
        [
            -0.004446787877013313,
            -0.0007444515385674965,
            0.0038471864127501425,
            -0.01978460160179089,
            -0.005796883855505574,
            -0.026907198218824202,
            -0.003553209465505596,
            0.002148963556174099,
            0.02574668940883633,
            -0.004740863340431873,
            0.033995433227591104,
            -0.012754769677177964,
            0.010673392421947467,
            -0.0098349291993165,
            0.0016497493732016803,
            -0.06154984644053912,
            -0.03522695420223705,
            0.009864308956055475,
            -0.04587103485084866,
            0.004909164582022974
        ],
        [
            0.02504645046907328,
            -0.02851222610521748,
            0.033387843785599926,
            -0.1949826249629523,
            -0.053674784717641366,
            -0.2746721838268927,
            -0.051319983134161265,
            0.022068009623052096,
            -0.025034185305247127,
            -0.042349169555997615,
            0.033750577700064635,
            0.03141489696535405,
            -0.0098349291993165,
            0.26059462911803916,
            -0.02621639061794538,
            0.21592139667780508,
            0.13423095572581545,
            -0.002741879300493796,
            0.026165497389777567,
            -0.0017206795037906677
        ],
        [
            -0.0032392465177944747,
            0.0027454842433953155,
            -0.0032722771749478085,
            0.019389876180255783,
            0.005257231591199074,
            0.02806160353940973,
            0.006609732891668599,
            -0.0019651773709255366,
            0.007590936140788568,
            0.0037318448292175135,
            0.0053612814187632895,
            -0.0005888120074000418,
            0.0016497493732016803,
            -0.02621639061794538,
            0.0027838102134275563,
            -0.022161880941400352,
            -0.012540626032208776,
            0.0015065004719206768,
            -0.008174196928366755,
            0.0007412255876677153
        ],
        [
            0.0005292757403201142,
            -0.029878707127196903,
            -0.00671513573400859,
            0.029751370028853367,
            0.007947114671489482,
            0.04175336773006705,
            0.02826366807165583,
            0.002397899734489739,
            -0.03949022929317997,
            -0.0020861003342706906,
            0.027683092623366372,
            0.17895210239530443,
            -0.06154984644053912,
            0.21592139667780508,
            -0.022161880941400352,
            0.5423581358658347,
            0.35260016800920796,
            -0.036109600417865595,
            0.18030865519417597,
            -0.019334818905734127
        ],
        [
            -0.033404128081385175,
            -0.036971440647791336,
            -0.006232853281142925,
            0.0339295676081893,
            0.008047738429350996,
            0.03785337421566683,
            0.023368075300152998,
            0.00041577443562237107,
            0.029076085104903168,
            -0.00020227015456182953,
            0.08842198545721665,
            0.13869365097714276,
            -0.03522695420223705,
            0.13423095572581545,
            -0.012540626032208776,
            0.35260016800920796,
            0.2416180953127834,
            -0.014186721704646908,
            0.07490227331827495,
            -0.008224178930803433
        ],
        [
            0.006062640263739539,
            0.0065722789789050395,
            0.0036081631680139016,
            -0.01859701088776905,
            -0.005581740529933883,
            -0.013630716426809492,
            0.010579534329587711,
            0.004133993712780565,
            0.0388479490600924,
            -0.00816124349218119,
            0.07274123830651384,
            0.009019901923021906,
            0.009864308956055475,
            -0.002741879300493796,
            0.0015065004719206768,
            -0.036109600417865595,
            -0.014186721704646908,
            0.01309885432956753,
            -0.05952610374245395,
            0.006201348387093409
        ],
        [
            -0.020195065618821114,
            -0.027261598231277072,
            -0.014837188286552625,
            0.07500623851795601,
            0.02282307653828971,
            0.05289447450127508,
            -0.04664441587562059,
            -0.0171413551688161,
            -0.1788795154864354,
            0.03414031605820519,
            -0.32436388293131285,
            -0.03553317443206274,
            -0.04587103485084866,
            0.026165497389777567,
            -0.008174196928366755,
            0.18030865519417597,
            0.07490227331827495,
            -0.05952610374245395,
            0.27140127877194836,
            -0.028262463528669547
        ],
        [
            0.0008998271110050379,
            0.001842746961356652,
            0.0017486253843231848,
            -0.008901601455073085,
            -0.002693737662093057,
            -0.00797848956701254,
            0.003714436656733998,
            0.0017822383525570831,
            0.018826251714706935,
            -0.003598056135932309,
            0.03304454923090854,
            0.0028846889437170588,
            0.004909164582022974,
            -0.0017206795037906677,
            0.0007412255876677153,
            -0.019334818905734127,
            -0.008224178930803433,
            0.006201348387093409,
            -0.028262463528669547,
            0.002957075213506223
        ]
    ]
}