{
    "opt_E": -2.192941638515031,
    "HF_E": -2.162905107902891,
    "B3LYP_E": -2.1645405706276457,
    "sto-3G_E": -2.153530941713448,
    "proj": [
        [
            0.5543254453863107,
            0.3495670320735616,
            -0.040387115534949794,
            -0.17578194798658872,
            -0.008993797651929923,
            0.015303178504506106,
            0.17606707257778476,
            -0.06721191363412089,
            -0.22731300052420728,
            0.002448922644981094,
            0.03563830278562958,
            0.027390618660231195,
            -0.002964154343827262,
            0.03562757031803282,
            0.008543890828290083,
            -0.0005309310172104532,
            -0.02419934898686449,
            0.008149933742336583,
            -0.02804546010213136,
            0.0012621241925940196
        ],
        [
            0.3495670320735616,
            0.2362733975853889,
            -0.013551937603226354,
            -0.061692908278461925,
            -0.0038890841171810354,
            0.09625219246334785,
            0.1404650454707727,
            -0.03472404275898853,
            -0.13718884939641354,
            -0.0023168839663195453,
            0.029289925791369742,
            0.02526248983904673,
            0.003805969784381165,
            -0.032655695281217596,
            -0.007637065764045009,
            -0.0297709239745672,
            -0.030794406473985358,
            0.006997455633263135,
            -0.02646792446615239,
            -0.0003697874440959786
        ],
        [
            -0.040387115534949794,
            -0.013551937603226354,
            0.014901688347240212,
            0.06108211936185228,
            0.002066833232237986,
            0.07960569769617805,
            0.011402072665305182,
            0.01268892432538811,
            0.007647100273175873,
            -0.008050923632987605,
            -0.018597089665869097,
            0.008856858311829252,
            -0.003121453405089766,
            -0.03420481721927795,
            -0.013725384316007568,
            0.00612981824707169,
            0.003996047729833835,
            -0.007564631961023495,
            0.02179463002528866,
            0.00010323276944005729
        ],
        [
            -0.17578194798658872,
            -0.061692908278461925,
            0.06108211936185228,
            0.25133497074588845,
            0.008698101689045674,
            0.3252224818508661,
            0.04648962863432409,
            0.052386129451385606,
            0.045545299979654494,
            -0.029795223117465283,
            -0.056852836402795495,
            0.041368483064488086,
            -0.010414723233789254,
            -0.14258214701587707,
            -0.05518887376071832,
            0.024837858797734993,
            0.019464972239153364,
            -0.02691792794317541,
            0.07660548511970486,
            -7.358046166486307e-05
        ],
        [
            -0.008993797651929923,
            -0.0038890841171810354,
            0.002066833232237986,
            0.008698101689045674,
            0.00035345592355479663,
            0.01014592138576787,
            0.0008421504186649475,
            0.001962106453276078,
            0.0046543943721023195,
            -0.0004064453693641392,
            0.0011008414535365256,
            0.001325729689516149,
            0.00047928583841126313,
            -0.006272497480553411,
            -0.0016384588131022754,
            -0.0016142995996837701,
            -0.0002188925524186838,
            3.981719041765122e-05,
            -0.00039902070842624625,
            -0.00013742529928882335
        ],
        [
            0.015303178504506106,
            0.09625219246334785,
            0.07960569769617805,
            0.3252224818508661,
            0.01014592138576787,
            0.5700400526303786,
            0.19482371390799097,
            0.04850827229053775,
            -0.01116140658303347,
            -0.03691793287293644,
            0.004395551217166341,
            0.11056901015069519,
            -0.010220460038651149,
            -0.23395043971470406,
            -0.08579146743818875,
            0.04159423456580023,
            0.03066900215596249,
            -0.02455802813259901,
            0.06222025155093405,
            -0.0013467103492168463
        ],
        [
            0.17606707257778476,
            0.1404650454707727,
            0.011402072665305182,
            0.04648962863432409,
            0.0008421504186649475,
            0.19482371390799097,
            0.1338633097017877,
            -0.008178015206859521,
            -0.03199846011803819,
            0.002067477868143883,
            0.10032321178785826,
            0.07599808408832502,
            0.0023639563904274685,
            -0.06604896852740093,
            -0.020958618057904197,
            0.031609762589984255,
            0.025753314370406892,
            0.010476025532601288,
            -0.03804823116881353,
            -0.0017159440990566228
        ],
        [
            -0.06721191363412089,
            -0.03472404275898853,
            0.01268892432538811,
            0.052386129451385606,
            0.001962106453276078,
            0.04850827229053775,
            -0.008178015206859521,
            0.013511139976658967,
            0.017017586567313173,
            -0.006886485723717897,
            -0.025698381125667843,
            -0.001763697845170076,
            -0.0018264587711885347,
            -0.026376196950611486,
            -0.00989639531788368,
            -0.0026548753038415514,
            -0.0011407947818325786,
            -0.006925670416754607,
            0.020553605392664077,
            8.865410244718331e-05
        ],
        [
            -0.22731300052420728,
            -0.13718884939641354,
            0.007647100273175873,
            0.045545299979654494,
            0.0046543943721023195,
            -0.01116140658303347,
            -0.03199846011803819,
            0.017017586567313173,
            0.22388866003311855,
            0.04088174187838932,
            0.2432590317403738,
            0.05593725169480381,
            0.03447846571552876,
            -0.04887453204810149,
            0.011346222733524362,
            -0.02209413908507873,
            0.03299650830556774,
            0.053266752360831233,
            -0.16592925008753195,
            -0.007049861822978167
        ],
        [
            0.002448922644981094,
            -0.0023168839663195453,
            -0.008050923632987605,
            -0.029795223117465283,
            -0.0004064453693641392,
            -0.03691793287293644,
            0.002067477868143883,
            -0.006886485723717897,
            0.04088174187838932,
            0.015721978333567612,
            0.08338750910032199,
            0.016988296958890172,
            0.01017034486539382,
            0.007169721782027587,
            0.01024468650926117,
            -0.003155736146933354,
            0.00935221399487904,
            0.01909136179315462,
            -0.05880021838886776,
            -0.0018719619102929642
        ],
        [
            0.03563830278562958,
            0.029289925791369742,
            -0.018597089665869097,
            -0.056852836402795495,
            0.0011008414535365256,
            0.004395551217166341,
            0.10032321178785826,
            -0.025698381125667843,
            0.2432590317403738,
            0.08338750910032199,
            0.5348342306402416,
            0.17610192700583882,
            0.047833472966295504,
            -0.015008178575224771,
            0.030098098914936457,
            0.06714679355420308,
            0.11333500286163027,
            0.10328264148553175,
            -0.32192483969542957,
            -0.010903196491607967
        ],
        [
            0.027390618660231195,
            0.02526248983904673,
            0.008856858311829252,
            0.041368483064488086,
            0.001325729689516149,
            0.11056901015069519,
            0.07599808408832502,
            -0.001763697845170076,
            0.05593725169480381,
            0.016988296958890172,
            0.17610192700583882,
            0.12387778110941788,
            -0.014041042867323671,
            0.031133507500021466,
            -0.00510493708458127,
            0.18170732191060565,
            0.13223214431202662,
            0.010868784345762467,
            -0.03323612079453889,
            -0.00035231598796125444
        ],
        [
            -0.002964154343827262,
            0.003805969784381165,
            -0.003121453405089766,
            -0.010414723233789254,
            0.00047928583841126313,
            -0.010220460038651149,
            0.0023639563904274685,
            -0.0018264587711885347,
            0.03447846571552876,
            0.01017034486539382,
            0.047833472966295504,
            -0.014041042867323671,
            0.021605424349037863,
            -0.04677882554012712,
            0.0034265651181567386,
            -0.08853667710737526,
            -0.04566408783829408,
            0.021008633150644142,
            -0.06731463381107089,
            -0.0030934730117633427
        ],
        [
            0.03562757031803282,
            -0.032655695281217596,
            -0.03420481721927795,
            -0.14258214701587707,
            -0.006272497480553411,
            -0.23395043971470406,
            -0.06604896852740093,
            -0.026376196950611486,
            -0.04887453204810149,
            0.007169721782027587,
            -0.015008178575224771,
            0.031133507500021466,
            -0.04677882554012712,
            0.24226937168956328,
            0.03736945507953455,
            0.25207074966224974,
            0.14279525717357344,
            -0.02504449433150679,
            0.08989970261450937,
            0.007107225398225026
        ],
        [
            0.008543890828290083,
            -0.007637065764045009,
            -0.013725384316007568,
            -0.05518887376071832,
            -0.0016384588131022754,
            -0.08579146743818875,
            -0.020958618057904197,
            -0.00989639531788368,
            0.011346222733524362,
            0.01024468650926117,
            0.030098098914936457,
            -0.00510493708458127,
            0.0034265651181567386,
            0.03736945507953455,
            0.014856454651669874,
            0.0017401376268389934,
            0.0038898603737792608,
            0.009165161293404146,
            -0.026344761442369257,
            -0.00029545485077435045
        ],
        [
            -0.0005309310172104532,
            -0.0297709239745672,
            0.00612981824707169,
            0.024837858797734993,
            -0.0016142995996837701,
            0.04159423456580023,
            0.031609762589984255,
            -0.0026548753038415514,
            -0.02209413908507873,
            -0.003155736146933354,
            0.06714679355420308,
            0.18170732191060565,
            -0.08853667710737526,
            0.25207074966224974,
            0.0017401376268389934,
            0.5274369166523732,
            0.3224016946655545,
            -0.05112025474190148,
            0.17000513818417198,
            0.01017612290236737
        ],
        [
            -0.02419934898686449,
            -0.030794406473985358,
            0.003996047729833835,
            0.019464972239153364,
            -0.0002188925524186838,
            0.03066900215596249,
            0.025753314370406892,
            -0.0011407947818325786,
            0.03299650830556774,
            0.00935221399487904,
            0.11333500286163027,
            0.13223214431202662,
            -0.04566408783829408,
            0.14279525717357344,
            0.0038898603737792608,
            0.3224016946655545,
            0.20856947621834146,
            -0.016422654616647513,
            0.05748989772019465,
            0.004410861971826832
        ],
        [
            0.008149933742336583,
            0.006997455633263135,
            -0.007564631961023495,
            -0.02691792794317541,
            3.981719041765122e-05,
            -0.02455802813259901,
            0.010476025532601288,
            -0.006925670416754607,
            0.053266752360831233,
            0.01909136179315462,
            0.10328264148553175,
            0.010868784345762467,
            0.021008633150644142,
            -0.02504449433150679,
            0.009165161293404146,
            -0.05112025474190148,
            -0.016422654616647513,
            0.028591065489525145,
            -0.0898937950609851,
            -0.0034485260269577576
        ],
        [
            -0.02804546010213136,
            -0.02646792446615239,
            0.02179463002528866,
            0.07660548511970486,
            -0.00039902070842624625,
            0.06222025155093405,
            -0.03804823116881353,
            0.020553605392664077,
            -0.16592925008753195,
            -0.05880021838886776,
            -0.32192483969542957,
            -0.03323612079453889,
            -0.06731463381107089,
            0.08989970261450937,
            -0.026344761442369257,
            0.17000513818417198,
            0.05748989772019465,
            -0.0898937950609851,
            0.2832493345227307,
            0.011035845817526736
        ],
        [
            0.0012621241925940196,
            -0.0003697874440959786,
            0.00010323276944005729,
            -7.358046166486307e-05,
            -0.00013742529928882335,
            -0.0013467103492168463,
            -0.0017159440990566228,
            8.865410244718331e-05,
            -0.007049861822978167,
            -0.0018719619102929642,
            -0.010903196491607967,
            -0.00035231598796125444,
            -0.0030934730117633427,
            0.007107225398225026,
            -0.00029545485077435045,
            0.01017612290236737,
            0.004410861971826832,
            -0.0034485260269577576,
            0.011035845817526736,
            0.0004958460132043265
        ]
    ]
}