{
    "opt_E": -2.216723133109734,
    "HF_E": -2.183884171547533,
    "B3LYP_E": -2.186841181508058,
    "sto-3G_E": -2.1701510926598533,
    "proj": [
        [
            0.5974235935888325,
            0.3649738823667439,
            -0.03432329620303066,
            -0.16028579277070387,
            0.019309002759410193,
            -0.03641070376260125,
            0.15814713182465728,
            -0.06875893726141273,
            -0.2052752421279936,
            0.02469433900298873,
            0.03777440131681902,
            0.01980674033739005,
            -0.004735549325934729,
            0.057195232461640474,
            -0.006475049040411936,
            -0.0021970158040527793,
            -0.024642480870645873,
            -0.00798345991562,
            -0.020350326354125814,
            0.0019122380748427677
        ],
        [
            0.3649738823667439,
            0.25022166594746886,
            -0.006899503289089433,
            -0.04042463931630609,
            0.004881571892896577,
            0.10113403876674196,
            0.14269860458110498,
            -0.031934990260250894,
            -0.13164716515763708,
            0.01574010806730093,
            0.012601793124354693,
            0.022488988373262,
            0.005704077264988211,
            -0.028703970329871684,
            0.003521208614671142,
            -0.026410927681180432,
            -0.03511501842836331,
            -0.002244073432948843,
            -0.0063451599370491895,
            0.0006299049087712701
        ],
        [
            -0.03432329620303066,
            -0.006899503289089433,
            0.010020305226178453,
            0.04159850067396847,
            -0.005006087266646669,
            0.07058096011867934,
            0.015608514727407744,
            0.010185304714349796,
            0.0035132568688226867,
            -0.0004802131580831282,
            -0.015776433276017663,
            0.007488365531198786,
            0.007962241436022751,
            -0.031084773133857834,
            0.0038178539746497957,
            0.007389348956311611,
            0.0020980111597392807,
            0.003975878511689533,
            0.013095105107860893,
            -0.001263985483215091
        ],
        [
            -0.16028579277070387,
            -0.04042463931630609,
            0.04159850067396847,
            0.17380130206933148,
            -0.020913812578922324,
            0.2880815876271419,
            0.06012235763467023,
            0.04259534172338914,
            0.02817688775315415,
            -0.003615442588659061,
            -0.051445189788884765,
            0.03247710201973442,
            0.030373153789182653,
            -0.13146536223710825,
            0.015989350486087715,
            0.020266237254734653,
            0.005995962901559146,
            0.014237899623634377,
            0.04519906099581939,
            -0.004334215340997337
        ],
        [
            0.019309002759410193,
            0.004881571892896577,
            -0.005006087266646669,
            -0.020913812578922324,
            0.002516619043145671,
            -0.03463979874762683,
            -0.007198817230945916,
            -0.005135818871630985,
            -0.003348787157250401,
            0.00043007608440968914,
            0.006305623317335733,
            -0.003859460352070146,
            -0.003662002864649184,
            0.015811550268904195,
            -0.001923509170953383,
            -0.002444026225034686,
            -0.0007031038993166419,
            -0.0017268855696549986,
            -0.00549148749673229,
            0.0005267718190561889
        ],
        [
            -0.03641070376260125,
            0.10113403876674196,
            0.07058096011867934,
            0.2880815876271419,
            -0.03463979874762683,
            0.603816007510247,
            0.22503852160133564,
            0.049878674082108464,
            -0.012176117848381952,
            0.0010232211842497833,
            -0.015692560436683677,
            0.10865641667639585,
            0.05676296774527664,
            -0.25410493200373163,
            0.030839566977180176,
            0.036905913153891357,
            0.011924234064069502,
            0.01723011492759431,
            0.05096440335215695,
            -0.0047861573281697024
        ],
        [
            0.15814713182465728,
            0.14269860458110498,
            0.015608514727407744,
            0.06012235763467023,
            -0.007198817230945916,
            0.22503852160133564,
            0.15146575136442786,
            -0.00927901216472085,
            -0.0192822018313468,
            0.0022115775418162717,
            0.10836848597096882,
            0.0905868750262232,
            0.01358042259485107,
            -0.07678612004872319,
            0.009147267698870752,
            0.020346494186653,
            0.02272114220512928,
            -0.007649422409317679,
            -0.03196896489505123,
            0.0032427500360089783
        ],
        [
            -0.06875893726141273,
            -0.031934990260250894,
            0.010185304714349796,
            0.04259534172338914,
            -0.005135818871630985,
            0.049878674082108464,
            -0.00927901216472085,
            0.015824747598057198,
            -0.0009667270072370973,
            5.095036750221586e-05,
            -0.05713679054488461,
            -0.013570440001945452,
            0.009058083032758487,
            -0.026427881475865354,
            0.003358298753269529,
            0.005480269098991641,
            -0.005333972202433191,
            0.008524627572703529,
            0.030441388632123242,
            -0.002988091284431671
        ],
        [
            -0.2052752421279936,
            -0.13164716515763708,
            0.0035132568688226867,
            0.02817688775315415,
            -0.003348787157250401,
            -0.012176117848381952,
            -0.0192822018313468,
            -0.0009667270072370973,
            0.19089028821265608,
            -0.02278470312009919,
            0.2529620053443317,
            0.0772964382260627,
            -0.027068836461179628,
            -0.021053339108938383,
            0.000985711026354904,
            -0.056327805953726384,
            0.026716190159452074,
            -0.032696205450038686,
            -0.12984811203334362,
            0.012924761872215864
        ],
        [
            0.02469433900298873,
            0.01574010806730093,
            -0.0004802131580831282,
            -0.003615442588659061,
            0.00043007608440968914,
            0.0010232211842497833,
            0.0022115775418162717,
            5.095036750221586e-05,
            -0.02278470312009919,
            0.0027199714727667093,
            -0.030050643515622283,
            -0.009232290023806884,
            0.003187209790282266,
            0.002730983352747427,
            -0.000143915592642645,
            0.0067549641607934545,
            -0.0031427467747976276,
            0.00387691824651091,
            0.015415437712969606,
            -0.0015346814177312144
        ],
        [
            0.03777440131681902,
            0.012601793124354693,
            -0.015776433276017663,
            -0.051445189788884765,
            0.006305623317335733,
            -0.015692560436683677,
            0.10836848597096882,
            -0.05713679054488461,
            0.2529620053443317,
            -0.030050643515622283,
            0.6062963744021453,
            0.2255170687125379,
            -0.05167111956419986,
            0.015757296063350943,
            -0.004311130056584835,
            -0.037240666009295854,
            0.09769770381532601,
            -0.07514576859121339,
            -0.28782689809928996,
            0.02854892495153328
        ],
        [
            0.01980674033739005,
            0.022488988373262,
            0.007488365531198786,
            0.03247710201973442,
            -0.003859460352070146,
            0.10865641667639585,
            0.0905868750262232,
            -0.013570440001945452,
            0.0772964382260627,
            -0.009232290023806884,
            0.2255170687125379,
            0.15195101908880254,
            0.009420868834157003,
            0.01925602546576595,
            -0.0018099611245431225,
            0.15797041152529703,
            0.14280954513612767,
            -0.016365179965372692,
            -0.06007152675713763,
            0.005948601042932175
        ],
        [
            -0.004735549325934729,
            0.005704077264988211,
            0.007962241436022751,
            0.030373153789182653,
            -0.003662002864649184,
            0.05676296774527664,
            0.01358042259485107,
            0.009058083032758487,
            -0.027068836461179628,
            0.003187209790282266,
            -0.05167111956419986,
            0.009420868834157003,
            0.01659911451644861,
            -0.0007141968040832924,
            0.0008438482957243178,
            0.07122806589817743,
            0.033874466452219296,
            0.011230234975115577,
            0.04372846867099675,
            -0.0043360090625039266
        ],
        [
            0.057195232461640474,
            -0.028703970329871684,
            -0.031084773133857834,
            -0.13146536223710825,
            0.015811550268904195,
            -0.25410493200373163,
            -0.07678612004872319,
            -0.026427881475865354,
            -0.021053339108938383,
            0.002730983352747427,
            0.015757296063350943,
            0.01925602546576595,
            -0.0007141968040832924,
            0.18981170907549832,
            -0.02116321223962235,
            0.20123097937074308,
            0.13176006107806387,
            0.0029538122431913326,
            0.02521782214984761,
            -0.0026981689737817804
        ],
        [
            -0.006475049040411936,
            0.003521208614671142,
            0.0038178539746497957,
            0.015989350486087715,
            -0.001923509170953383,
            0.030839566977180176,
            0.009147267698870752,
            0.003358298753269529,
            0.000985711026354904,
            -0.000143915592642645,
            -0.004311130056584835,
            -0.0018099611245431225,
            0.0008438482957243178,
            -0.02116321223962235,
            0.002394894788623734,
            -0.019199897241988884,
            -0.013198329658432916,
            0.00020362505899459513,
            -0.0007342506351067576,
            9.478854153096566e-05
        ],
        [
            -0.0021970158040527793,
            -0.026410927681180432,
            0.007389348956311611,
            0.020266237254734653,
            -0.002444026225034686,
            0.036905913153891357,
            0.020346494186653,
            0.005480269098991641,
            -0.056327805953726384,
            0.0067549641607934545,
            -0.037240666009295854,
            0.15797041152529703,
            0.07122806589817743,
            0.20123097937074308,
            -0.019199897241988884,
            0.5949266598419863,
            0.36831149834502336,
            0.03679017621319934,
            0.1589080304398327,
            -0.015956837665122996
        ],
        [
            -0.024642480870645873,
            -0.03511501842836331,
            0.0020980111597392807,
            0.005995962901559146,
            -0.0007031038993166419,
            0.011924234064069502,
            0.02272114220512928,
            -0.005333972202433191,
            0.026716190159452074,
            -0.0031427467747976276,
            0.09769770381532601,
            0.14280954513612767,
            0.033874466452219296,
            0.13176006107806387,
            -0.013198329658432916,
            0.36831149834502336,
            0.25392411302641676,
            0.008162790563429969,
            0.04236139876493513,
            -0.0043240763654872226
        ],
        [
            -0.00798345991562,
            -0.002244073432948843,
            0.003975878511689533,
            0.014237899623634377,
            -0.0017268855696549986,
            0.01723011492759431,
            -0.007649422409317679,
            0.008524627572703529,
            -0.032696205450038686,
            0.00387691824651091,
            -0.07514576859121339,
            -0.016365179965372692,
            0.011230234975115577,
            0.0029538122431913326,
            0.00020362505899459513,
            0.03679017621319934,
            0.008162790563429969,
            0.011366939360911432,
            0.0441180050440367,
            -0.004379953635546745
        ],
        [
            -0.020350326354125814,
            -0.0063451599370491895,
            0.013095105107860893,
            0.04519906099581939,
            -0.00549148749673229,
            0.05096440335215695,
            -0.03196896489505123,
            0.030441388632123242,
            -0.12984811203334362,
            0.015415437712969606,
            -0.28782689809928996,
            -0.06007152675713763,
            0.04372846867099675,
            0.02521782214984761,
            -0.0007342506351067576,
            0.1589080304398327,
            0.04236139876493513,
            0.0441180050440367,
            0.17232734563885033,
            -0.017122890344846497
        ],
        [
            0.0019122380748427677,
            0.0006299049087712701,
            -0.001263985483215091,
            -0.004334215340997337,
            0.0005267718190561889,
            -0.0047861573281697024,
            0.0032427500360089783,
            -0.002988091284431671,
            0.012924761872215864,
            -0.0015346814177312144,
            0.02854892495153328,
            0.005948601042932175,
            -0.0043360090625039266,
            -0.0026981689737817804,
            9.478854153096566e-05,
            -0.015956837665122996,
            -0.0043240763654872226,
            -0.004379953635546745,
            -0.017122890344846497,
            0.0017015782272049606
        ]
    ]
}