{
    "opt_E": -2.210551910227932,
    "HF_E": -2.178850621688985,
    "B3LYP_E": -2.181210361324782,
    "sto-3G_E": -2.167592612387678,
    "proj": [
        [
            0.5613234844954255,
            0.34213862058936984,
            -0.01867883183250085,
            -0.1677845134332182,
            0.03518621616897212,
            0.020326483534318224,
            0.17372420946328862,
            -0.03390768091018432,
            -0.23787617631779312,
            0.07936125590677694,
            0.03411826870613147,
            0.025965309630967968,
            -0.004527823450704218,
            0.040835581648258325,
            0.006443291163364429,
            -0.0004092134712542156,
            -0.029496145718979065,
            0.003436512720106929,
            -0.019103897111172385,
            0.0009628472116981399
        ],
        [
            0.34213862058936984,
            0.22571430437469148,
            -0.0051179082741733195,
            -0.050651922084411806,
            0.008043617100319915,
            0.10644718413612168,
            0.13726666902739282,
            -0.016525267732356894,
            -0.13875563678994823,
            0.037870559455118705,
            0.02267640852527735,
            0.02509380867725185,
            -0.00047564885709043466,
            -0.029728264090163117,
            -0.0057980290338293,
            -0.024413168706451258,
            -0.033511990929042286,
            0.0018171174981214352,
            -0.011592428263211971,
            0.0004529049346954406
        ],
        [
            -0.01867883183250085,
            -0.0051179082741733195,
            0.0032960001402985075,
            0.02731298679172194,
            -0.00691023211835758,
            0.03769652214845929,
            0.005705186245274183,
            0.002961785125317451,
            0.0056919896126604325,
            -0.007888291384181454,
            -0.009149816454856444,
            0.003434653485311062,
            -0.0003393033115182461,
            -0.01885517039951323,
            -0.00418692527704352,
            0.003530624312970932,
            0.0014911305276308852,
            -0.0016856306049940215,
            0.008542390423899409,
            0.00037385116874051144
        ],
        [
            -0.1677845134332182,
            -0.050651922084411806,
            0.02731298679172194,
            0.22746686284698425,
            -0.05718589957735607,
            0.3095618529263556,
            0.04641078244259527,
            0.02481265616866227,
            0.06224423969500887,
            -0.06444728347606357,
            -0.054495264382719434,
            0.035809024937980674,
            -0.0018314870228692474,
            -0.15514848772172296,
            -0.034048442233898905,
            0.02908357417016994,
            0.017170395316293278,
            -0.011902352586886728,
            0.059933467638602446,
            0.0024795319927139255
        ],
        [
            0.03518621616897212,
            0.008043617100319915,
            -0.00691023211835758,
            -0.05718589957735607,
            0.014527486896029505,
            -0.08123206279794523,
            -0.01400346040565963,
            -0.006047663526879896,
            -0.010447481242786315,
            0.016146929297543567,
            0.018416450844864214,
            -0.008382889858253648,
            0.0008459049073885469,
            0.039590380799239766,
            0.008897684230641972,
            -0.008998336719525097,
            -0.004026941130723974,
            0.0035692871671463523,
            -0.018088487651244083,
            -0.0008112047508842368
        ],
        [
            0.020326483534318224,
            0.10644718413612168,
            0.03769652214845929,
            0.3095618529263556,
            -0.08123206279794523,
            0.5710746900377621,
            0.1964734338624327,
            0.023981425270329215,
            0.007162023371295022,
            -0.06271872307058764,
            -0.007668287340398924,
            0.10356391654437787,
            -0.0022656352210216222,
            -0.2577970093698506,
            -0.05616709921682569,
            0.041592981285987464,
            0.020812213630604384,
            -0.01227865116449889,
            0.05888949598897918,
            0.0029710543583623267
        ],
        [
            0.17372420946328862,
            0.13726666902739282,
            0.005705186245274183,
            0.04641078244259527,
            -0.01400346040565963,
            0.1964734338624327,
            0.13613352505708534,
            -0.004068346221925229,
            -0.022705744357968523,
            0.01460187139956734,
            0.11318477797258755,
            0.08398818649966795,
            0.0015668725899606654,
            -0.066858412959013,
            -0.014016456410507312,
            0.019598862154072055,
            0.022120197193860443,
            0.006668165480991449,
            -0.037357141144051975,
            -0.0014153502205945028
        ],
        [
            -0.03390768091018432,
            -0.016525267732356894,
            0.002961785125317451,
            0.02481265616866227,
            -0.006047663526879896,
            0.023981425270329215,
            -0.004068346221925229,
            0.0033695956923650923,
            0.010265643946917025,
            -0.008940654953127736,
            -0.01351696709630773,
            -0.0013300765874778066,
            -0.00022457626641820007,
            -0.014556053344903359,
            -0.0031708676942439674,
            0.0015091850583806524,
            0.00040424748033040695,
            -0.001788335700359101,
            0.00923062778249936,
            0.0003580975490280546
        ],
        [
            -0.23787617631779312,
            -0.13875563678994823,
            0.0056919896126604325,
            0.06224423969500887,
            -0.010447481242786315,
            0.007162023371295022,
            -0.022705744357968523,
            0.010265643946917025,
            0.21902773819791654,
            -0.0060824059517212295,
            0.24677521837551017,
            0.0757232480194656,
            0.016392044327944093,
            -0.03340680458203615,
            0.0015236064598401812,
            -0.05178723344282391,
            0.029313608673513663,
            0.025480753506195268,
            -0.13496425456291916,
            -0.008147994065433945
        ],
        [
            0.07936125590677694,
            0.037870559455118705,
            -0.007888291384181454,
            -0.06444728347606357,
            0.016146929297543567,
            -0.06271872307058764,
            0.01460187139956734,
            -0.008940654953127736,
            -0.0060824059517212295,
            0.02630892112870462,
            0.07283059606032014,
            0.016683903593963142,
            0.002392861871423167,
            0.03777808294147911,
            0.009076666866706487,
            -0.006889911914431504,
            0.004835774268577785,
            0.008360271503772864,
            -0.043605784688980576,
            -0.002007771723769591
        ],
        [
            0.03411826870613147,
            0.02267640852527735,
            -0.009149816454856444,
            -0.054495264382719434,
            0.018416450844864214,
            -0.007668287340398924,
            0.11318477797258755,
            -0.01351696709630773,
            0.24677521837551017,
            0.07283059606032014,
            0.597048463313766,
            0.2173840703564728,
            0.025374795275455234,
            0.021961092532787385,
            0.01601587303749046,
            -0.029144614926740187,
            0.09362593006537114,
            0.05814435664012137,
            -0.30717918699413665,
            -0.016203014993832695
        ],
        [
            0.025965309630967968,
            0.02509380867725185,
            0.003434653485311062,
            0.035809024937980674,
            -0.008382889858253648,
            0.10356391654437787,
            0.08398818649966795,
            -0.0013300765874778066,
            0.0757232480194656,
            0.016683903593963142,
            0.2173840703564728,
            0.14712891968391328,
            -0.004664464743567153,
            0.025448397398859714,
            -0.0017209976786083444,
            0.1638894477729718,
            0.14394861422829766,
            0.011232717351423217,
            -0.05812515334226833,
            -0.0025059549968036933
        ],
        [
            -0.004527823450704218,
            -0.00047564885709043466,
            -0.0003393033115182461,
            -0.0018314870228692474,
            0.0008459049073885469,
            -0.0022656352210216222,
            0.0015668725899606654,
            -0.00022457626641820007,
            0.016392044327944093,
            0.002392861871423167,
            0.025374795275455234,
            -0.004664464743567153,
            0.004910452132747938,
            -0.01678874920101348,
            2.3477962978665588e-05,
            -0.04808560476530445,
            -0.025502674517004196,
            0.0046882328938524336,
            -0.025396437603204536,
            -0.0015143068766913235
        ],
        [
            0.040835581648258325,
            -0.029728264090163117,
            -0.01885517039951323,
            -0.15514848772172296,
            0.039590380799239766,
            -0.2577970093698506,
            -0.066858412959013,
            -0.014556053344903359,
            -0.03340680458203615,
            0.03777808294147911,
            0.021961092532787385,
            0.025448397398859714,
            -0.01678874920101348,
            0.20810103012492814,
            0.03017755116652661,
            0.20473533069049393,
            0.1334906298744054,
            -0.0031045413843045562,
            0.022187446810678937,
            0.002145621371740699
        ],
        [
            0.006443291163364429,
            -0.0057980290338293,
            -0.00418692527704352,
            -0.034048442233898905,
            0.008897684230641972,
            -0.05616709921682569,
            -0.014016456410507312,
            -0.0031708676942439674,
            0.0015236064598401812,
            0.009076666866706487,
            0.01601587303749046,
            -0.0017209976786083444,
            2.3477962978665588e-05,
            0.03017755116652661,
            0.006173278822498385,
            0.004699991832000608,
            0.0059447360652570376,
            0.002251921464413441,
            -0.011187042073080595,
            -0.0005186324697256761
        ],
        [
            -0.0004092134712542156,
            -0.024413168706451258,
            0.003530624312970932,
            0.02908357417016994,
            -0.008998336719525097,
            0.041592981285987464,
            0.019598862154072055,
            0.0015091850583806524,
            -0.05178723344282391,
            -0.006889911914431504,
            -0.029144614926740187,
            0.1638894477729718,
            -0.04808560476530445,
            0.20473533069049393,
            0.004699991832000608,
            0.584202345326826,
            0.3667425181569577,
            -0.03077521282798643,
            0.17030264998277245,
            0.01088742419575459
        ],
        [
            -0.029496145718979065,
            -0.033511990929042286,
            0.0014911305276308852,
            0.017170395316293278,
            -0.004026941130723974,
            0.020812213630604384,
            0.022120197193860443,
            0.00040424748033040695,
            0.029313608673513663,
            0.004835774268577785,
            0.09362593006537114,
            0.14394861422829766,
            -0.025502674517004196,
            0.1334906298744054,
            0.0059447360652570376,
            0.3667425181569577,
            0.2535473158545315,
            -0.0086435845075297,
            0.050675548219089345,
            0.00376281069282207
        ],
        [
            0.003436512720106929,
            0.0018171174981214352,
            -0.0016856306049940215,
            -0.011902352586886728,
            0.0035692871671463523,
            -0.01227865116449889,
            0.006668165480991449,
            -0.001788335700359101,
            0.025480753506195268,
            0.008360271503772864,
            0.05814435664012137,
            0.011232717351423217,
            0.0046882328938524336,
            -0.0031045413843045562,
            0.002251921464413441,
            -0.03077521282798643,
            -0.0086435845075297,
            0.0071629264109114,
            -0.03810285012060204,
            -0.002094742179924572
        ],
        [
            -0.019103897111172385,
            -0.011592428263211971,
            0.008542390423899409,
            0.059933467638602446,
            -0.018088487651244083,
            0.05888949598897918,
            -0.037357141144051975,
            0.00923062778249936,
            -0.13496425456291916,
            -0.043605784688980576,
            -0.30717918699413665,
            -0.05812515334226833,
            -0.025396437603204536,
            0.022187446810678937,
            -0.011187042073080595,
            0.17030264998277245,
            0.050675548219089345,
            -0.03810285012060204,
            0.20285487400830762,
            0.01117442081592831
        ],
        [
            0.0009628472116981399,
            0.0004529049346954406,
            0.00037385116874051144,
            0.0024795319927139255,
            -0.0008112047508842368,
            0.0029710543583623267,
            -0.0014153502205945028,
            0.0003580975490280546,
            -0.008147994065433945,
            -0.002007771723769591,
            -0.016203014993832695,
            -0.0025059549968036933,
            -0.0015143068766913235,
            0.002145621371740699,
            -0.0005186324697256761,
            0.01088742419575459,
            0.00376281069282207,
            -0.002094742179924572,
            0.01117442081592831,
            0.000627785454306536
        ]
    ]
}