{
    "opt_E": -2.1903193970155894,
    "HF_E": -2.1594849045777456,
    "B3LYP_E": -2.161547035228376,
    "sto-3G_E": -2.1468518225865094,
    "proj": [
        [
            0.5784769681002838,
            0.3678852815939761,
            0.061749848482279046,
            -0.15479646435716318,
            -0.04008417988001316,
            -0.018316044769785555,
            0.16723995426162225,
            0.0999921620166477,
            -0.1773003096884886,
            -0.06067063702439703,
            0.02977385663791201,
            0.025075058868927174,
            -0.00023205972342543832,
            0.05399318744477706,
            0.001479456972031398,
            -0.001488400662338922,
            -0.024618796943332105,
            0.0028725709672868054,
            -0.025514838058460842,
            0.0005558522832100732
        ],
        [
            0.3678852815939761,
            0.25361411221467745,
            0.01996071249545231,
            -0.053797957387268336,
            -0.013236249175138996,
            0.08539763925251001,
            0.1426347003024742,
            0.05471555727951778,
            -0.11569724618794344,
            -0.03380139452477482,
            0.027082719605700436,
            0.02571996816799588,
            -0.00015601786143499698,
            -0.030783817500494838,
            -0.0008011484064058909,
            -0.03337474738858705,
            -0.03462300064844753,
            0.0024306636124921347,
            -0.025786027461388028,
            0.0004671371793850908
        ],
        [
            0.061749848482279046,
            0.01996071249545231,
            0.032459525244826454,
            -0.07451946422056416,
            -0.020579840763896188,
            -0.12208040535217096,
            -0.02160570386716942,
            0.021434019347968635,
            0.008142858842396374,
            -0.011129597275273172,
            0.023840818470400222,
            -0.015571588916748666,
            0.00184036457499725,
            0.05443010464725162,
            0.005359556280991934,
            -0.014166779757634524,
            -0.006946082878421465,
            0.001520064809223524,
            -0.033720844936438975,
            0.0019412314057073309
        ],
        [
            -0.15479646435716318,
            -0.053797957387268336,
            -0.07451946422056416,
            0.17194859636830784,
            0.04729302711181281,
            0.2776190648460798,
            0.04733018083730066,
            -0.050944604605903145,
            -0.005151716074124963,
            0.027128468499515605,
            -0.040416662360224447,
            0.037216239227343594,
            -0.0038838401225878795,
            -0.12957207863022788,
            -0.011413927948382998,
            0.02585729241407767,
            0.01474790683725533,
            -0.0029157784194853687,
            0.06483809438058759,
            -0.003817192062949693
        ],
        [
            -0.04008417988001316,
            -0.013236249175138996,
            -0.020579840763896188,
            0.04729302711181281,
            0.013051326691392024,
            0.07706633066914675,
            0.013360012753976438,
            -0.013726019926248785,
            -0.004543218243519074,
            0.007156183030115911,
            -0.014817168342035954,
            0.009632573428509686,
            -0.0011341998929032435,
            -0.034912508576468826,
            -0.003346155981850808,
            0.008131803104058734,
            0.003988554733033902,
            -0.0009415054289292225,
            0.02080524614376042,
            -0.0012016645210707125
        ],
        [
            -0.018316044769785555,
            0.08539763925251001,
            -0.12208040535217096,
            0.2776190648460798,
            0.07706633066914675,
            0.5835586008619258,
            0.20588766684287557,
            -0.05279054196076941,
            -0.059886470372627995,
            0.026584899656608433,
            0.013253459537297504,
            0.11815584546807013,
            -0.00791095503870988,
            -0.2541457504437853,
            -0.020290917787204776,
            0.055485986670702224,
            0.031240020411506548,
            -0.0017883009267899326,
            0.06870680449305402,
            -0.005053270969219728
        ],
        [
            0.16723995426162225,
            0.1426347003024742,
            -0.02160570386716942,
            0.04733018083730066,
            0.013360012753976438,
            0.20588766684287557,
            0.14022092554913848,
            0.013299256649541256,
            -0.025449515473369905,
            -0.00723068937125674,
            0.10344209526406459,
            0.07932121596443684,
            -0.0026076399582253694,
            -0.07860497557442511,
            -0.0036032757155998662,
            0.028173482411571433,
            0.022329643068762502,
            0.003198025202070361,
            -0.039980575133083264,
            0.001213712993154885
        ],
        [
            0.0999921620166477,
            0.05471555727951778,
            0.021434019347968635,
            -0.050944604605903145,
            -0.013726019926248785,
            -0.05279054196076941,
            0.013299256649541256,
            0.022054123600435308,
            -0.01844130219922098,
            -0.012507513785720606,
            0.01793015512756147,
            0.0014694939620061187,
            0.0003883829027020627,
            0.03566597651658271,
            0.0021683569605776827,
            0.006070521346715223,
            0.001831798924687739,
            0.0009464843191394555,
            -0.015159406325245197,
            0.0007971310212561161
        ],
        [
            -0.1773003096884886,
            -0.11569724618794344,
            0.008142858842396374,
            -0.005151716074124963,
            -0.004543218243519074,
            -0.059886470372627995,
            -0.025449515473369905,
            -0.01844130219922098,
            0.22685962079669697,
            0.020987275231769704,
            0.27736081449345523,
            0.05692916247511292,
            0.003650333251000093,
            -0.026194649547784794,
            0.014225096060284199,
            -0.03200942162800101,
            0.031225504306252826,
            0.009770988185526944,
            -0.20534242557453802,
            0.010609944465528433
        ],
        [
            -0.06067063702439703,
            -0.03380139452477482,
            -0.011129597275273172,
            0.027128468499515605,
            0.007156183030115911,
            0.026584899656608433,
            -0.00723068937125674,
            -0.012507513785720606,
            0.020987275231769704,
            0.007626709293260073,
            0.00537181075258014,
            0.0029480482098183936,
            -6.461880947727165e-05,
            -0.020449648332753464,
            -0.0004824880296286292,
            -0.0038624895809426484,
            0.0012395516716844012,
            6.3832733170020126e-06,
            -0.002380323653773577,
            0.00011105213825480307
        ],
        [
            0.02977385663791201,
            0.027082719605700436,
            0.023840818470400222,
            -0.040416662360224447,
            -0.014817168342035954,
            0.013253459537297504,
            0.10344209526406459,
            0.01793015512756147,
            0.27736081449345523,
            0.00537181075258014,
            0.5254280753875835,
            0.17603744165566781,
            0.0014194097058610588,
            -0.01438820308004905,
            0.018542002020762165,
            0.06049564440072401,
            0.11262099436101872,
            0.01735956945553759,
            -0.3296922028695289,
            0.01652849320321988
        ],
        [
            0.025075058868927174,
            0.02571996816799588,
            -0.015571588916748666,
            0.037216239227343594,
            0.009632573428509686,
            0.11815584546807013,
            0.07932121596443684,
            0.0014694939620061187,
            0.05692916247511292,
            0.0029480482098183936,
            0.17603744165566781,
            0.12315088706566577,
            -0.005574987524742078,
            0.026949466012421434,
            -0.0027654700172473935,
            0.17750857096724865,
            0.13003571364049937,
            0.003027020988978581,
            -0.03584137006386005,
            0.0017869579657489743
        ],
        [
            -0.00023205972342543832,
            -0.00015601786143499698,
            0.00184036457499725,
            -0.0038838401225878795,
            -0.0011341998929032435,
            -0.00791095503870988,
            -0.0026076399582253694,
            0.0003883829027020627,
            0.003650333251000093,
            -6.461880947727165e-05,
            0.0014194097058610588,
            -0.005574987524742078,
            0.0005981670253966678,
            -0.005262908590230193,
            0.0008662923183605803,
            -0.016470837270008927,
            -0.009556791706478458,
            0.00033691731255946437,
            -0.008406278883197877,
            0.0004084758343288989
        ],
        [
            0.05399318744477706,
            -0.030783817500494838,
            0.05443010464725162,
            -0.12957207863022788,
            -0.034912508576468826,
            -0.2541457504437853,
            -0.07860497557442511,
            0.03566597651658271,
            -0.026194649547784794,
            -0.020449648332753464,
            -0.01438820308004905,
            0.026949466012421434,
            -0.005262908590230193,
            0.26819170167924117,
            -0.0009779203918387146,
            0.25747532988168365,
            0.15118630075134365,
            -0.004011478799348223,
            0.09026006207420899,
            -0.0032534986662968164
        ],
        [
            0.001479456972031398,
            -0.0008011484064058909,
            0.005359556280991934,
            -0.011413927948382998,
            -0.003346155981850808,
            -0.020290917787204776,
            -0.0036032757155998662,
            0.0021683569605776827,
            0.014225096060284199,
            -0.0004824880296286292,
            0.018542002020762165,
            -0.0027654700172473935,
            0.0008662923183605803,
            -0.0009779203918387146,
            0.0019787004330013617,
            -0.017246370646957904,
            -0.007459632538714763,
            0.0009781981751713165,
            -0.021479337679121014,
            0.0010952786422156098
        ],
        [
            -0.001488400662338922,
            -0.03337474738858705,
            -0.014166779757634524,
            0.02585729241407767,
            0.008131803104058734,
            0.055485986670702224,
            0.028173482411571433,
            0.006070521346715223,
            -0.03200942162800101,
            -0.0038624895809426484,
            0.06049564440072401,
            0.17750857096724865,
            -0.016470837270008927,
            0.25747532988168365,
            -0.017246370646957904,
            0.5328530944943728,
            0.3270622737413636,
            -0.006782429700058347,
            0.18113090477220972,
            -0.008057588152809478
        ],
        [
            -0.024618796943332105,
            -0.03462300064844753,
            -0.006946082878421465,
            0.01474790683725533,
            0.003988554733033902,
            0.031240020411506548,
            0.022329643068762502,
            0.001831798924687739,
            0.031225504306252826,
            0.0012395516716844012,
            0.11262099436101872,
            0.13003571364049937,
            -0.009556791706478458,
            0.15118630075134365,
            -0.007459632538714763,
            0.3270622737413636,
            0.21314269922441617,
            -0.0016013385690377758,
            0.05997553519746137,
            -0.002346744026145908
        ],
        [
            0.0028725709672868054,
            0.0024306636124921347,
            0.001520064809223524,
            -0.0029157784194853687,
            -0.0009415054289292225,
            -0.0017883009267899326,
            0.003198025202070361,
            0.0009464843191394555,
            0.009770988185526944,
            6.3832733170020126e-06,
            0.01735956945553759,
            0.003027020988978581,
            0.00033691731255946437,
            -0.004011478799348223,
            0.0009781981751713165,
            -0.006782429700058347,
            -0.0016013385690377758,
            0.000728608337606191,
            -0.014685383499762299,
            0.0007207181005073562
        ],
        [
            -0.025514838058460842,
            -0.025786027461388028,
            -0.033720844936438975,
            0.06483809438058759,
            0.02080524614376042,
            0.06870680449305402,
            -0.039980575133083264,
            -0.015159406325245197,
            -0.20534242557453802,
            -0.002380323653773577,
            -0.3296922028695289,
            -0.03584137006386005,
            -0.008406278883197877,
            0.09026006207420899,
            -0.021479337679121014,
            0.18113090477220972,
            0.05997553519746137,
            -0.014685383499762299,
            0.30331404723523364,
            -0.014937614678987337
        ],
        [
            0.0005558522832100732,
            0.0004671371793850908,
            0.0019412314057073309,
            -0.003817192062949693,
            -0.0012016645210707125,
            -0.005053270969219728,
            0.001213712993154885,
            0.0007971310212561161,
            0.010609944465528433,
            0.00011105213825480307,
            0.01652849320321988,
            0.0017869579657489743,
            0.0004084758343288989,
            -0.0032534986662968164,
            0.0010952786422156098,
            -0.008057588152809478,
            -0.002346744026145908,
            0.0007207181005073562,
            -0.014937614678987337,
            0.0007435103965401998
        ]
    ]
}