{
    "opt_E": -2.1775086537185824,
    "HF_E": -2.1461833553025063,
    "B3LYP_E": -2.1484376885677268,
    "sto-3G_E": -2.1216989049266672,
    "proj": [
        [
            0.5894759982921761,
            0.3837754301074931,
            0.026433380942141073,
            -0.1541420625350922,
            0.06268974420436542,
            -0.03666420776150599,
            0.1523524883435417,
            0.019793177530748406,
            -0.15685469121222212,
            0.10341694501934438,
            0.024042901223890127,
            0.02837240987959605,
            -0.011758270880543455,
            0.05879980516577972,
            0.008923727255405616,
            -0.0007445119591865052,
            -0.025112683593236332,
            -0.003715599211543667,
            -0.01829830707781717,
            0.0061637590689280815
        ],
        [
            0.3837754301074931,
            0.2720924978715722,
            0.009736211759122176,
            -0.05434870107583447,
            0.02029874080212369,
            0.07891482603328877,
            0.13964605270759986,
            0.01569359373868077,
            -0.11247288184744406,
            0.05651936501893727,
            0.02331110819655997,
            0.028261345463538288,
            0.004828296061711271,
            -0.029005173365201448,
            0.0008074466685716219,
            -0.03617867844340592,
            -0.037583210341515794,
            -0.001687027032307103,
            -0.023175777710015943,
            0.005078989763363866
        ],
        [
            0.026433380942141073,
            0.009736211759122176,
            0.004257093758381931,
            -0.025814334253940734,
            0.011510808185017445,
            -0.04248898047646444,
            -0.00863950839460432,
            -0.001917537105370576,
            0.0030426119459850535,
            0.009749145525081859,
            0.005564273702870073,
            -0.005028647106177991,
            -0.007579037994155878,
            0.02121469347264521,
            0.005232590630802574,
            -0.0017968310737646387,
            -0.0014592411447503903,
            -0.0015594420151225775,
            -0.007415811493955045,
            0.002173127573667078
        ],
        [
            -0.1541420625350922,
            -0.05434870107583447,
            -0.025814334253940734,
            0.15668299176944464,
            -0.06988025024597914,
            0.26197436677374764,
            0.05653788534576822,
            0.011409573943420565,
            -0.01848546527451031,
            -0.0580396907668176,
            -0.028730611465543718,
            0.033750837463950405,
            0.046264696939259504,
            -0.12903072813237182,
            -0.03203655165504552,
            0.013757543409347612,
            0.010948646840781116,
            0.009249736011762636,
            0.04319011419260282,
            -0.012739815790312147
        ],
        [
            0.06268974420436542,
            0.02029874080212369,
            0.011510808185017445,
            -0.06988025024597914,
            0.03144101470341498,
            -0.1182868762233508,
            -0.026325827662434163,
            -0.006957669993308758,
            0.01588504885107541,
            0.026060954074680776,
            0.021901756506750247,
            -0.013966914891681505,
            -0.022101947388293252,
            0.05588350452143132,
            0.01571901171666146,
            -0.009389541552044274,
            -0.005389514168951314,
            -0.004967853141802443,
            -0.02648178825848404,
            0.007310853865170431
        ],
        [
            -0.03666420776150599,
            0.07891482603328877,
            -0.04248898047646444,
            0.26197436677374764,
            -0.1182868762233508,
            0.5659184676205993,
            0.21849403912306373,
            0.021415222378817354,
            -0.07050969539366349,
            -0.06531269808592949,
            0.04148946740745383,
            0.11885594930263882,
            0.08744310509466002,
            -0.2561554356703384,
            -0.05907745391575105,
            0.03941352337148206,
            0.02911184970739298,
            0.011707051629097555,
            0.030637984162274177,
            -0.01195085864090481
        ],
        [
            0.1523524883435417,
            0.13964605270759986,
            -0.00863950839460432,
            0.05653788534576822,
            -0.026325827662434163,
            0.21849403912306373,
            0.14163846234826655,
            0.003762540630227435,
            -0.0343917952481939,
            0.010805394622823218,
            0.09448230955845635,
            0.08195140088022838,
            0.025718228545287068,
            -0.07893488900606407,
            -0.017287692091434586,
            0.036744329983417215,
            0.026805841555376724,
            -0.0012039955439089058,
            -0.03012216527287516,
            0.005974131506682991
        ],
        [
            0.019793177530748406,
            0.01569359373868077,
            -0.001917537105370576,
            0.011409573943420565,
            -0.006957669993308758,
            0.021415222378817354,
            0.003762540630227435,
            0.014399783265769926,
            -0.05517497167839126,
            -0.007734801704333436,
            -0.0772255655003808,
            -0.014305617775741904,
            0.012663949919349252,
            -0.001500603250584932,
            -0.010831404204678218,
            0.009520312942570552,
            -0.005322267737307487,
            0.0068471393017443686,
            0.05492557283258424,
            -0.012813389420908025
        ],
        [
            -0.15685469121222212,
            -0.11247288184744406,
            0.0030426119459850535,
            -0.01848546527451031,
            0.01588504885107541,
            -0.07050969539366349,
            -0.0343917952481939,
            -0.05517497167839126,
            0.22317554881875332,
            0.013204496948813772,
            0.27912845622297255,
            0.050706216990019544,
            -0.043701611807710455,
            -0.0007244304314165822,
            0.037165111565707745,
            -0.027759506338975077,
            0.02732572301141154,
            -0.024235712315165584,
            -0.1954380043135665,
            0.04541190315690707
        ],
        [
            0.10341694501934438,
            0.05651936501893727,
            0.009749145525081859,
            -0.0580396907668176,
            0.026060954074680776,
            -0.06531269808592949,
            0.010805394622823218,
            -0.007734801704333436,
            0.013204496948813772,
            0.030677899113703343,
            0.05717632580342836,
            0.01042216909207978,
            -0.017035475527271703,
            0.038118695473545974,
            0.01233522352126508,
            0.0025920417137837264,
            0.004431929391710366,
            -0.006137083083850628,
            -0.040528149329267585,
            0.010394100369862871
        ],
        [
            0.024042901223890127,
            0.02331110819655997,
            0.005564273702870073,
            -0.028730611465543718,
            0.021901756506750247,
            0.04148946740745383,
            0.09448230955845635,
            -0.0772255655003808,
            0.27912845622297255,
            0.05717632580342836,
            0.5213245823491051,
            0.17113577886924144,
            -0.04754875520546827,
            -0.006884543575542003,
            0.038573395773157874,
            0.05872302983731932,
            0.10299363079998167,
            -0.03804091685475023,
            -0.308893835365548,
            0.07274311910343408
        ],
        [
            0.02837240987959605,
            0.028261345463538288,
            -0.005028647106177991,
            0.033750837463950405,
            -0.013966914891681505,
            0.11885594930263882,
            0.08195140088022838,
            -0.014305617775741904,
            0.050706216990019544,
            0.01042216909207978,
            0.17113577886924144,
            0.11943268843760349,
            0.012942984578348683,
            0.02576045594417576,
            -0.01859731660383457,
            0.17477015784076436,
            0.12757898302385892,
            -0.004996792204514575,
            -0.032824835743513706,
            0.009502726841328132
        ],
        [
            -0.011758270880543455,
            0.004828296061711271,
            -0.007579037994155878,
            0.046264696939259504,
            -0.022101947388293252,
            0.08744310509466002,
            0.025718228545287068,
            0.012663949919349252,
            -0.043701611807710455,
            -0.017035475527271703,
            -0.04754875520546827,
            0.012942984578348683,
            0.022356439886493402,
            -0.020700385538878263,
            -0.019059540246125863,
            0.04135188329285566,
            0.019288254253189474,
            0.007181232075247732,
            0.05318213611261212,
            -0.01258810881067161
        ],
        [
            0.05879980516577972,
            -0.029005173365201448,
            0.02121469347264521,
            -0.12903072813237182,
            0.05588350452143132,
            -0.2561554356703384,
            -0.07893488900606407,
            -0.001500603250584932,
            -0.0007244304314165822,
            0.038118695473545974,
            -0.006884543575542003,
            0.02576045594417576,
            -0.020700385538878263,
            0.24827687238879403,
            -0.006628100321097091,
            0.2438767261277373,
            0.14652635200135095,
            0.002095171084568865,
            0.08080211943848425,
            -0.012248222147122774
        ],
        [
            0.008923727255405616,
            0.0008074466685716219,
            0.005232590630802574,
            -0.03203655165504552,
            0.01571901171666146,
            -0.05907745391575105,
            -0.017287692091434586,
            -0.010831404204678218,
            0.037165111565707745,
            0.01233522352126508,
            0.038573395773157874,
            -0.01859731660383457,
            -0.019059540246125863,
            -0.006628100321097091,
            0.018983486415369726,
            -0.06922991659865357,
            -0.03749888037449021,
            -0.006683252377092998,
            -0.056213757719316894,
            0.012558811094372126
        ],
        [
            -0.0007445119591865052,
            -0.03617867844340592,
            -0.0017968310737646387,
            0.013757543409347612,
            -0.009389541552044274,
            0.03941352337148206,
            0.036744329983417215,
            0.009520312942570552,
            -0.027759506338975077,
            0.0025920417137837264,
            0.05872302983731932,
            0.17477015784076436,
            0.04135188329285566,
            0.2438767261277373,
            -0.06922991659865357,
            0.5344269565056927,
            0.3346001431901312,
            0.013484450497333182,
            0.17409026501835903,
            -0.03217186039262304
        ],
        [
            -0.025112683593236332,
            -0.037583210341515794,
            -0.0014592411447503903,
            0.010948646840781116,
            -0.005389514168951314,
            0.02911184970739298,
            0.026805841555376724,
            -0.005322267737307487,
            0.02732572301141154,
            0.004431929391710366,
            0.10299363079998167,
            0.12757898302385892,
            0.019288254253189474,
            0.14652635200135095,
            -0.03749888037449021,
            0.3346001431901312,
            0.21932624775659815,
            0.0033938588126677083,
            0.06677034362951534,
            -0.01039336848673216
        ],
        [
            -0.003715599211543667,
            -0.001687027032307103,
            -0.0015594420151225775,
            0.009249736011762636,
            -0.004967853141802443,
            0.011707051629097555,
            -0.0012039955439089058,
            0.0068471393017443686,
            -0.024235712315165584,
            -0.006137083083850628,
            -0.03804091685475023,
            -0.004996792204514575,
            0.007181232075247732,
            0.002095171084568865,
            -0.006683252377092998,
            0.013484450497333182,
            0.0033938588126677083,
            0.0037038929745170546,
            0.0305760302583277,
            -0.007034526150038925
        ],
        [
            -0.01829830707781717,
            -0.023175777710015943,
            -0.007415811493955045,
            0.04319011419260282,
            -0.02648178825848404,
            0.030637984162274177,
            -0.03012216527287516,
            0.05492557283258424,
            -0.1954380043135665,
            -0.040528149329267585,
            -0.308893835365548,
            -0.032824835743513706,
            0.05318213611261212,
            0.08080211943848425,
            -0.056213757719316894,
            0.17409026501835903,
            0.06677034362951534,
            0.0305760302583277,
            0.26876184969955597,
            -0.06019253353120021
        ],
        [
            0.0061637590689280815,
            0.005078989763363866,
            0.002173127573667078,
            -0.012739815790312147,
            0.007310853865170431,
            -0.01195085864090481,
            0.005974131506682991,
            -0.012813389420908025,
            0.04541190315690707,
            0.010394100369862871,
            0.07274311910343408,
            0.009502726841328132,
            -0.01258810881067161,
            -0.012248222147122774,
            0.012558811094372126,
            -0.03217186039262304,
            -0.01039336848673216,
            -0.007034526150038925,
            -0.06019253353120021,
            0.013647226024188445
        ]
    ]
}