{
    "opt_E": -2.196308550560346,
    "HF_E": -2.1664681331276974,
    "B3LYP_E": -2.1683295679237773,
    "sto-3G_E": -2.157149215530535,
    "proj": [
        [
            0.5486672817869211,
            0.33675367025601916,
            -0.01146212201700322,
            -0.1774160690362932,
            0.039829564845134655,
            0.03257613422901804,
            0.17821309115582404,
            -0.007876164346924256,
            -0.23919934117225075,
            0.06363138319246081,
            0.04946092062838072,
            0.027867779271686523,
            0.004436970357865146,
            0.039740835547867684,
            -0.004656481059170606,
            0.0003241364801898816,
            -0.030805113267402366,
            0.000836120241391361,
            -0.03279756539543891,
            0.004082199178557896
        ],
        [
            0.33675367025601916,
            0.22269635863721132,
            -0.004119349619267633,
            -0.05637791934055945,
            0.012017461430366291,
            0.10657825860600911,
            0.13598939784480368,
            -0.0067433262380496494,
            -0.14175595121112453,
            0.03438611672570923,
            0.03055871336021323,
            0.024006655487772064,
            -0.005381494231140124,
            -0.0336353356707191,
            0.002304678883827725,
            -0.02802821951011427,
            -0.03530512740460016,
            0.00012194889516956508,
            -0.02168477639242695,
            0.0026625790969939792
        ],
        [
            -0.01146212201700322,
            -0.004119349619267633,
            0.0008379384705602587,
            0.014831818902986373,
            -0.003478446332612051,
            0.01731772350501006,
            0.0016091011384902166,
            -0.0004493934927933801,
            0.004595649916164671,
            -0.002152379134388829,
            -0.002697892400237381,
            0.0021594372006488085,
            -0.0018427945542822948,
            -0.009916069935158636,
            0.0008778585896643991,
            0.0003302126296435336,
            0.0008262286434278055,
            -2.131060313920841e-05,
            0.003604663080871011,
            -0.00036695619807892586
        ],
        [
            -0.1774160690362932,
            -0.05637791934055945,
            0.014831818902986373,
            0.2660018520298777,
            -0.06259007803522916,
            0.32385522161338703,
            0.03856338745297881,
            -0.010797388193427281,
            0.05808087177206425,
            -0.0349006610136969,
            -0.06578719745266987,
            0.0432762694712719,
            -0.03469217221465547,
            -0.16983644309847915,
            0.014866959886280241,
            0.03053778211781447,
            0.025626404020226413,
            8.191629853266616e-05,
            0.08510693972434788,
            -0.0085334453157161
        ],
        [
            0.039829564845134655,
            0.012017461430366291,
            -0.003478446332612051,
            -0.06259007803522916,
            0.01474076891327917,
            -0.07708490714293485,
            -0.009674028723328645,
            0.0027372174041846577,
            -0.011983257128316556,
            0.007965771251254037,
            0.016894412548565427,
            -0.010140685732881207,
            0.008282463694565699,
            0.03984925358412161,
            -0.0034818926585879536,
            -0.00792799804339494,
            -0.006151518264219957,
            -4.401427783509779e-05,
            -0.021229436396141728,
            0.0021231574939652768
        ],
        [
            0.03257613422901804,
            0.10657825860600911,
            0.01731772350501006,
            0.32385522161338703,
            -0.07708490714293485,
            0.55004598404099,
            0.1824331359051315,
            -0.01492155060286522,
            -0.003928377507170973,
            -0.02239448605102967,
            0.004037029944877392,
            0.11198941720867421,
            -0.05094957874495506,
            -0.25759815335670694,
            0.02174363128014924,
            0.0464922103029333,
            0.03404445460976085,
            -0.00022053346766253898,
            0.06771157937716084,
            -0.00638700514010499
        ],
        [
            0.17821309115582404,
            0.13598939784480368,
            0.0016091011384902166,
            0.03856338745297881,
            -0.009674028723328645,
            0.1824331359051315,
            0.12847283431778636,
            0.0013321542141221392,
            -0.027600320260082422,
            0.009598875144270425,
            0.11231391561245585,
            0.07728648075621884,
            -0.010781411197756581,
            -0.063461782804247,
            0.004716343474678588,
            0.02749907694682096,
            0.02371964906912796,
            -0.0006276574006041577,
            -0.04357744502361513,
            0.004689060651791269
        ],
        [
            -0.007876164346924256,
            -0.0067433262380496494,
            -0.0004493934927933801,
            -0.010797388193427281,
            0.0027372174041846577,
            -0.01492155060286522,
            0.0013321542141221392,
            0.004920576851658565,
            0.028174693546292654,
            -0.001841739584955099,
            0.048482320354214195,
            0.011014784210713613,
            0.003250388610446076,
            0.004185013817899045,
            -0.00039017874573140494,
            -0.004579299141169572,
            0.004871301616841104,
            -0.0005201633120112904,
            -0.03297508419985823,
            0.0032448444404397985
        ],
        [
            -0.23919934117225075,
            -0.14175595121112453,
            0.004595649916164671,
            0.05808087177206425,
            -0.011983257128316556,
            -0.003928377507170973,
            -0.027600320260082422,
            0.028174693546292654,
            0.24656675896181227,
            -0.0376053390041814,
            0.25421849500864846,
            0.06412188074802137,
            0.008097490614928534,
            -0.043699881628864186,
            0.004102545106294707,
            -0.03845475397367071,
            0.031545500398358045,
            -0.003456415950756703,
            -0.16868458962034877,
            0.016314534283521427
        ],
        [
            0.06363138319246081,
            0.03438611672570923,
            -0.002152379134388829,
            -0.0349006610136969,
            0.007965771251254037,
            -0.02239448605102967,
            0.009598875144270425,
            -0.001841739584955099,
            -0.0376053390041814,
            0.009289882958376872,
            -0.01159951988807887,
            -0.005244779858531175,
            0.0022732749139774315,
            0.02069181152948628,
            -0.0019261099259150923,
            0.0051440570551120925,
            -0.003357335200942431,
            0.00035101925274643586,
            0.00613737986661106,
            -0.0005164988895791292
        ],
        [
            0.04946092062838072,
            0.03055871336021323,
            -0.002697892400237381,
            -0.06578719745266987,
            0.016894412548565427,
            0.004037029944877392,
            0.11231391561245585,
            0.048482320354214195,
            0.25421849500864846,
            -0.01159951988807887,
            0.5592317896632969,
            0.18311767171387752,
            0.022456961481021494,
            0.009878774315946701,
            -0.002008735194926166,
            0.026298266643490532,
            0.09753976029519523,
            -0.005106977690206264,
            -0.33653956320877176,
            0.033455897917784035
        ],
        [
            0.027867779271686523,
            0.024006655487772064,
            0.0021594372006488085,
            0.0432762694712719,
            -0.010140685732881207,
            0.11198941720867421,
            0.07728648075621884,
            0.011014784210713613,
            0.06412188074802137,
            -0.005244779858531175,
            0.18311767171387752,
            0.1299060716103361,
            -0.002806947287415151,
            0.028584932012319552,
            -0.003948784291476908,
            0.17867733149513698,
            0.13801901230249505,
            -0.00012228356615704626,
            -0.03945637435217529,
            0.0041990537404225
        ],
        [
            0.004436970357865146,
            -0.005381494231140124,
            -0.0018427945542822948,
            -0.03469217221465547,
            0.008282463694565699,
            -0.05094957874495506,
            -0.010781411197756581,
            0.003250388610446076,
            0.008097490614928534,
            0.0022732749139774315,
            0.022456961481021494,
            -0.002806947287415151,
            0.005706246142488546,
            0.024998221810718216,
            -0.0021717927058002573,
            -0.0030523197039998935,
            0.0005531911434731751,
            -0.00017261003955276763,
            -0.020018840621126938,
            0.0019664540369924988
        ],
        [
            0.039740835547867684,
            -0.0336353356707191,
            -0.009916069935158636,
            -0.16983644309847915,
            0.03984925358412161,
            -0.25759815335670694,
            -0.063461782804247,
            0.004185013817899045,
            -0.043699881628864186,
            0.02069181152948628,
            0.009878774315946701,
            0.028584932012319552,
            0.024998221810718216,
            0.24970349202747136,
            -0.023058948701736585,
            0.2371747596587303,
            0.14260721796495332,
            0.002659877436795376,
            0.05176469335098027,
            -0.004906066040610461
        ],
        [
            -0.004656481059170606,
            0.002304678883827725,
            0.0008778585896643991,
            0.014866959886280241,
            -0.0034818926585879536,
            0.02174363128014924,
            0.004716343474678588,
            -0.00039017874573140494,
            0.004102545106294707,
            -0.0019261099259150923,
            -0.002008735194926166,
            -0.003948784291476908,
            -0.0021717927058002573,
            -0.023058948701736585,
            0.002146133300986075,
            -0.023917529401441852,
            -0.014541393202454313,
            -0.00025439651257145896,
            -0.00500436074087611,
            0.0004706860027975933
        ],
        [
            0.0003241364801898816,
            -0.02802821951011427,
            0.0003302126296435336,
            0.03053778211781447,
            -0.00792799804339494,
            0.0464922103029333,
            0.02749907694682096,
            -0.004579299141169572,
            -0.03845475397367071,
            0.0051440570551120925,
            0.026298266643490532,
            0.17867733149513698,
            -0.0030523197039998935,
            0.2371747596587303,
            -0.023917529401441852,
            0.5480242774459505,
            0.34457245127479774,
            0.005048666270185988,
            0.18155263074454644,
            -0.01735223296407964
        ],
        [
            -0.030805113267402366,
            -0.03530512740460016,
            0.0008262286434278055,
            0.025626404020226413,
            -0.006151518264219957,
            0.03404445460976085,
            0.02371964906912796,
            0.004871301616841104,
            0.031545500398358045,
            -0.003357335200942431,
            0.09753976029519523,
            0.13801901230249505,
            0.0005531911434731751,
            0.14260721796495332,
            -0.014541393202454313,
            0.34457245127479774,
            0.23117611568301663,
            0.0022971744279248127,
            0.06486279849179992,
            -0.006070099054416453
        ],
        [
            0.000836120241391361,
            0.00012194889516956508,
            -2.131060313920841e-05,
            8.191629853266616e-05,
            -4.401427783509779e-05,
            -0.00022053346766253898,
            -0.0006276574006041577,
            -0.0005201633120112904,
            -0.003456415950756703,
            0.00035101925274643586,
            -0.005106977690206264,
            -0.00012228356615704626,
            -0.00017261003955276763,
            0.002659877436795376,
            -0.00025439651257145896,
            0.005048666270185988,
            0.0022971744279248127,
            0.00010185786177256943,
            0.004907108648428753,
            -0.0004794174674341856
        ],
        [
            -0.03279756539543891,
            -0.02168477639242695,
            0.003604663080871011,
            0.08510693972434788,
            -0.021229436396141728,
            0.06771157937716084,
            -0.04357744502361513,
            -0.03297508419985823,
            -0.16868458962034877,
            0.00613737986661106,
            -0.33653956320877176,
            -0.03945637435217529,
            -0.020018840621126938,
            0.05176469335098027,
            -0.00500436074087611,
            0.18155263074454644,
            0.06486279849179992,
            0.004907108648428753,
            0.2790576098048718,
            -0.027470462608611003
        ],
        [
            0.004082199178557896,
            0.0026625790969939792,
            -0.00036695619807892586,
            -0.0085334453157161,
            0.0021231574939652768,
            -0.00638700514010499,
            0.004689060651791269,
            0.0032448444404397985,
            0.016314534283521427,
            -0.0005164988895791292,
            0.033455897917784035,
            0.0041990537404225,
            0.0019664540369924988,
            -0.004906066040610461,
            0.0004706860027975933,
            -0.01735223296407964,
            -0.006070099054416453,
            -0.0004794174674341856,
            -0.027470462608611003,
            0.0027061694913356033
        ]
    ]
}