{
    "opt_E": -2.179741194239035,
    "HF_E": -2.149737915501733,
    "B3LYP_E": -2.151132222478177,
    "sto-3G_E": -2.135482796487463,
    "proj": [
        [
            0.5293134900312587,
            0.32741813750847193,
            0.04542803471451436,
            -0.1758217010609479,
            -0.01327121293407938,
            0.06217997675462497,
            0.1807404382998788,
            0.07878554757570636,
            -0.2445900329151491,
            -0.038644796229445486,
            0.03943750423256992,
            0.033784686737047376,
            0.006847600529309636,
            0.02065101245342103,
            -0.0010713508637904899,
            -0.004785232938255276,
            -0.02928794842011449,
            -0.009170956162075554,
            -0.022891315631740686,
            -0.008162923728064118
        ],
        [
            0.32741813750847193,
            0.21361044928193276,
            0.01505071831260412,
            -0.06254879163065351,
            -0.0031844436446663246,
            0.10973716480204064,
            0.1322896374247628,
            0.039901994625018165,
            -0.14305172917338363,
            -0.01808898593215906,
            0.029300548835118425,
            0.026864401355745863,
            -0.0008541294478116749,
            -0.033445772277942966,
            0.007766826440032752,
            -0.025196400935577463,
            -0.029518721318212406,
            -0.006258202326376798,
            -0.019429810807317694,
            -0.004540243253795777
        ],
        [
            0.04542803471451436,
            0.01505071831260412,
            0.02251996599995947,
            -0.07971846225480865,
            -0.00864123340802836,
            -0.09102609107562502,
            -0.00968085976674191,
            0.01933201279167077,
            -0.01702171800810579,
            -0.015596538561314566,
            0.021395397650202375,
            -0.008014594213861527,
            -0.0017823191589013611,
            0.049880682117371546,
            -0.018612186229218484,
            -0.005172478152390197,
            -0.005304891753893137,
            -0.010246089284743446,
            -0.0209941473647451,
            -0.0068113353495359566
        ],
        [
            -0.1758217010609479,
            -0.06254879163065351,
            -0.07971846225480865,
            0.284274160647272,
            0.030316918919949094,
            0.319709966590064,
            0.03367872310146532,
            -0.06913536476021528,
            0.08147767946614537,
            0.05154245065648177,
            -0.0468667122270487,
            0.03732594873612402,
            0.0033660746843145084,
            -0.17498126372155223,
            0.062358105850632534,
            0.021105416903004708,
            0.025409861401505918,
            0.02983876837686321,
            0.05854806634147081,
            0.020532603112408926
        ],
        [
            -0.01327121293407938,
            -0.0031844436446663246,
            -0.00864123340802836,
            0.030316918919949094,
            0.0033836689995675995,
            0.03674380612339434,
            0.005193838687724832,
            -0.0070483471990416885,
            0.003057034560571994,
            0.006296027948452463,
            -0.010700329399909933,
            0.0035593046659946827,
            0.0015856631942411214,
            -0.01847483233809863,
            0.008038287977215813,
            0.004862897667880429,
            0.003259465433142009,
            0.004953687424347458,
            0.010587051300039731,
            0.00314794433612036
        ],
        [
            0.06217997675462497,
            0.10973716480204064,
            -0.09102609107562502,
            0.319709966590064,
            0.03674380612339434,
            0.5284119053376267,
            0.17519041197576818,
            -0.05336790969842967,
            0.0042822294885177786,
            0.044102021639645,
            0.02031011589461407,
            0.09926521966215651,
            0.0022687166240307364,
            -0.2531911106313577,
            0.0864761293723224,
            0.030064783516512195,
            0.030393364619051715,
            0.02431514764827856,
            0.0367497039388846,
            0.01749866658892669
        ],
        [
            0.1807404382998788,
            0.1322896374247628,
            -0.00968085976674191,
            0.03367872310146532,
            0.005193838687724832,
            0.17519041197576818,
            0.12152062992169825,
            0.012806916866845817,
            -0.03434862432004865,
            -0.011994838153319235,
            0.1040861444223975,
            0.073965491264099,
            -0.0016462106051392167,
            -0.055454331964188266,
            0.017509176138158417,
            0.033445976696498035,
            0.028111079685517532,
            -0.01233443125678698,
            -0.036764364726073105,
            -0.007032261550028505
        ],
        [
            0.07878554757570636,
            0.039901994625018165,
            0.01933201279167077,
            -0.06913536476021528,
            -0.0070483471990416885,
            -0.05336790969842967,
            0.012806916866845817,
            0.020614882301468063,
            -0.028617126327382583,
            -0.015554481302533384,
            0.03001212955949198,
            0.004526177093622891,
            -0.00013082771667460413,
            0.03855410878418723,
            -0.012677360455513872,
            0.005407362741645564,
            0.001277837446886386,
            -0.00922444627174144,
            -0.019775462781663512,
            -0.00624836709695865
        ],
        [
            -0.2445900329151491,
            -0.14305172917338363,
            -0.01702171800810579,
            0.08147767946614537,
            0.003057034560571994,
            0.0042822294885177786,
            -0.03434862432004865,
            -0.028617126327382583,
            0.24505288203348036,
            -0.020823581456598263,
            0.2444847122273021,
            0.06167283789312238,
            -0.037358701215350856,
            -0.033396339471559136,
            -0.030313147304668976,
            -0.026989522407749742,
            0.032697468055889016,
            -0.05925599136794466,
            -0.14839061676636256,
            -0.031474867610107884
        ],
        [
            -0.038644796229445486,
            -0.01808898593215906,
            -0.015596538561314566,
            0.05154245065648177,
            0.006296027948452463,
            0.044102021639645,
            -0.011994838153319235,
            -0.015554481302533384,
            -0.020823581456598263,
            0.020891001424440725,
            -0.08693372469359201,
            -0.019160119535939792,
            0.009385663339704935,
            -0.026164377365072194,
            0.019126464601429853,
            0.00568054966557554,
            -0.005049725472407188,
            0.02331743128240448,
            0.05546849717275857,
            0.01373669960669207
        ],
        [
            0.03943750423256992,
            0.029300548835118425,
            0.021395397650202375,
            -0.0468667122270487,
            -0.010700329399909933,
            0.02031011589461407,
            0.1040861444223975,
            0.03001212955949198,
            0.2444847122273021,
            -0.08693372469359201,
            0.5489789556356786,
            0.18426160594890653,
            -0.0517882685718384,
            0.02127312720456489,
            -0.06136203208693852,
            0.03695877851101496,
            0.09724189807974594,
            -0.12254318945143941,
            -0.3023264424157984,
            -0.06963343147854381
        ],
        [
            0.033784686737047376,
            0.026864401355745863,
            -0.008014594213861527,
            0.03732594873612402,
            0.0035593046659946827,
            0.09926521966215651,
            0.073965491264099,
            0.004526177093622891,
            0.06167283789312238,
            -0.019160119535939792,
            0.18426160594890653,
            0.12652500625830418,
            0.013979306893968837,
            0.03259088869130827,
            0.013549526978208975,
            0.17839424672619547,
            0.13668623473984584,
            -0.015325661942206994,
            -0.0378660553576524,
            -0.00988543051763563
        ],
        [
            0.006847600529309636,
            -0.0008541294478116749,
            -0.0017823191589013611,
            0.0033660746843145084,
            0.0015856631942411214,
            0.0022687166240307364,
            -0.0016462106051392167,
            -0.00013082771667460413,
            -0.037358701215350856,
            0.009385663339704935,
            -0.0517882685718384,
            0.013979306893968837,
            0.024296847652568662,
            0.040421516734692006,
            0.018162094845734018,
            0.0981072425978778,
            0.053365075595970854,
            0.02483988555936305,
            0.06364668192134053,
            0.012970887800278533
        ],
        [
            0.02065101245342103,
            -0.033445772277942966,
            0.049880682117371546,
            -0.17498126372155223,
            -0.01847483233809863,
            -0.2531911106313577,
            -0.055454331964188266,
            0.03855410878418723,
            -0.033396339471559136,
            -0.026164377365072194,
            0.02127312720456489,
            0.03259088869130827,
            0.040421516734692006,
            0.22623380475175214,
            -0.018965402212141654,
            0.2169816204297784,
            0.13029009891873608,
            0.010783097973454238,
            0.04368600963891866,
            0.001528839945076961
        ],
        [
            -0.0010713508637904899,
            0.007766826440032752,
            -0.018612186229218484,
            0.062358105850632534,
            0.008038287977215813,
            0.0864761293723224,
            0.017509176138158417,
            -0.012677360455513872,
            -0.030313147304668976,
            0.019126464601429853,
            -0.06136203208693852,
            0.013549526978208975,
            0.018162094845734018,
            -0.018965402212141654,
            0.029138456346278888,
            0.06333800786550718,
            0.03297863375069249,
            0.026672528699450627,
            0.06340288293366075,
            0.015138642009015952
        ],
        [
            -0.004785232938255276,
            -0.025196400935577463,
            -0.005172478152390197,
            0.021105416903004708,
            0.004862897667880429,
            0.030064783516512195,
            0.033445976696498035,
            0.005407362741645564,
            -0.026989522407749742,
            0.00568054966557554,
            0.03695877851101496,
            0.17839424672619547,
            0.0981072425978778,
            0.2169816204297784,
            0.06333800786550718,
            0.5421318687219747,
            0.34289378600886966,
            0.06288184863619,
            0.16706930281126875,
            0.03013630291958809
        ],
        [
            -0.02928794842011449,
            -0.029518721318212406,
            -0.005304891753893137,
            0.025409861401505918,
            0.003259465433142009,
            0.030393364619051715,
            0.028111079685517532,
            0.001277837446886386,
            0.032697468055889016,
            -0.005049725472407188,
            0.09724189807974594,
            0.13668623473984584,
            0.053365075595970854,
            0.13029009891873608,
            0.03297863375069249,
            0.34289378600886966,
            0.2290683766705619,
            0.023197499812761157,
            0.0640960337016464,
            0.009981191995164816
        ],
        [
            -0.009170956162075554,
            -0.006258202326376798,
            -0.010246089284743446,
            0.02983876837686321,
            0.004953687424347458,
            0.02431514764827856,
            -0.01233443125678698,
            -0.00922444627174144,
            -0.05925599136794466,
            0.02331743128240448,
            -0.12254318945143941,
            -0.015325661942206994,
            0.02483988555936305,
            0.010783097973454238,
            0.026672528699450627,
            0.06288184863619,
            0.023197499812761157,
            0.03793454980058565,
            0.09401216826903126,
            0.02102326915101392
        ],
        [
            -0.022891315631740686,
            -0.019429810807317694,
            -0.0209941473647451,
            0.05854806634147081,
            0.010587051300039731,
            0.0367497039388846,
            -0.036764364726073105,
            -0.019775462781663512,
            -0.14839061676636256,
            0.05546849717275857,
            -0.3023264424157984,
            -0.0378660553576524,
            0.06364668192134053,
            0.04368600963891866,
            0.06340288293366075,
            0.16706930281126875,
            0.0640960337016464,
            0.09401216826903126,
            0.23434392284392222,
            0.05178508491963754
        ],
        [
            -0.008162923728064118,
            -0.004540243253795777,
            -0.0068113353495359566,
            0.020532603112408926,
            0.00314794433612036,
            0.01749866658892669,
            -0.007032261550028505,
            -0.00624836709695865,
            -0.031474867610107884,
            0.01373669960669207,
            -0.06963343147854381,
            -0.00988543051763563,
            0.012970887800278533,
            0.001528839945076961,
            0.015138642009015952,
            0.03013630291958809,
            0.009981191995164816,
            0.02102326915101392,
            0.05178508491963754,
            0.011755175339667965
        ]
    ]
}