{
    "opt_E": -2.1834411044491113,
    "HF_E": -2.1526942985060917,
    "B3LYP_E": -2.154461810984692,
    "sto-3G_E": -2.137649156976742,
    "proj": [
        [
            0.5570576591257472,
            0.3569051985340099,
            0.021985750187671606,
            -0.18094703356100925,
            -0.0003833172410459755,
            0.012172463531040893,
            0.17377365762506428,
            0.04643639607898973,
            -0.21716219761374006,
            -0.0143414092465947,
            0.04073458103915124,
            0.02856815929357134,
            0.007341625510094105,
            0.04594313597811673,
            -0.0035189257620348155,
            -0.0034025876581144495,
            -0.026861075797453435,
            -0.0028943117390570292,
            -0.027973947287997597,
            -0.009713503138679086
        ],
        [
            0.3569051985340099,
            0.24369194667589916,
            0.0074580788337016615,
            -0.06813286534845024,
            0.0006898709810139488,
            0.08967005753203833,
            0.13816584552339517,
            0.022982087697949655,
            -0.13703115703078791,
            -0.006775565641005275,
            0.032809278249990144,
            0.024777497834856888,
            -0.004488812737430981,
            -0.028543084885173375,
            0.0015442679091942845,
            -0.03406118628515972,
            -0.035800394825295706,
            -0.003072066345308873,
            -0.026765835969176147,
            -0.007016897143857435
        ],
        [
            0.021985750187671606,
            0.0074580788337016615,
            0.005054935298052051,
            -0.035609148611537904,
            -0.0006249589528852836,
            -0.04573630145102853,
            -0.006505654410249873,
            0.007285972201854353,
            0.00067691754571783,
            -0.003486727225370001,
            0.011744525883518934,
            -0.00520007350828525,
            0.0037485363937738822,
            0.023435847202867417,
            -0.007475661519536429,
            -0.005547595828073515,
            -0.0025105390635427154,
            -0.002030325618410867,
            -0.013406233493985507,
            -0.004131885904767832
        ],
        [
            -0.18094703356100925,
            -0.06813286534845024,
            -0.035609148611537904,
            0.25501296781641863,
            0.004325601010263812,
            0.32048346004605555,
            0.04296259604954081,
            -0.049351739367734036,
            0.027149471240962068,
            0.021617662260589917,
            -0.048352874504969286,
            0.04225728964465836,
            -0.027757225184985995,
            -0.1724317434720355,
            0.04632730764886033,
            0.02701855627851096,
            0.017242687119112355,
            0.010377217113210001,
            0.06853689914597393,
            0.022580907925089762
        ],
        [
            -0.0003833172410459755,
            0.0006898709810139488,
            -0.0006249589528852836,
            0.004325601010263812,
            9.440492501149313e-05,
            0.0070135029433287,
            0.002148934991361369,
            -0.0007203932440031774,
            -0.0006500752135570981,
            0.0003401224959459482,
            -0.00024702356879026903,
            0.001673105138822163,
            -0.00045708688627411366,
            -0.002754722178825775,
            0.0011240718986576877,
            0.0020073085621620753,
            0.0011582453233930459,
            0.00023728065626193795,
            0.0015001009652153595,
            0.00045681670423742025
        ],
        [
            0.012172463531040893,
            0.08967005753203833,
            -0.04573630145102853,
            0.32048346004605555,
            0.0070135029433287,
            0.5507868988674844,
            0.18663209566906308,
            -0.04757801224260232,
            -0.02996552164674187,
            0.02022560601014641,
            0.028327157762292932,
            0.114443423438065,
            -0.04331561110913766,
            -0.26501795364844755,
            0.06598847319720354,
            0.04642337870217334,
            0.02897612747197978,
            0.008038458609712456,
            0.04695185060496221,
            0.018712067072113304
        ],
        [
            0.17377365762506428,
            0.13816584552339517,
            -0.006505654410249873,
            0.04296259604954081,
            0.002148934991361369,
            0.18663209566906308,
            0.12917854621822833,
            0.0076907541746673545,
            -0.030178184989630475,
            -0.005610805301717915,
            0.10752711319479366,
            0.07710868765622868,
            -0.011496595552913866,
            -0.06552560690974323,
            0.01264547989099148,
            0.03217228909646146,
            0.025548280857958298,
            -0.0051438084309412746,
            -0.039802121430378826,
            -0.009316342113957838
        ],
        [
            0.04643639607898973,
            0.022982087697949655,
            0.007285972201854353,
            -0.049351739367734036,
            -0.0007203932440031774,
            -0.04757801224260232,
            0.0076907541746673545,
            0.014456262254299216,
            0.015963728780645645,
            -0.008432969405263299,
            0.05834921236064897,
            0.009901654470425725,
            0.004214976748771092,
            0.028432542176278636,
            -0.013023313756177723,
            -0.002088732983893511,
            0.005494639357616988,
            -0.006136438316005628,
            -0.041444446343657654,
            -0.011682765154649246
        ],
        [
            -0.21716219761374006,
            -0.13703115703078791,
            0.00067691754571783,
            0.027149471240962068,
            -0.0006500752135570981,
            -0.02996552164674187,
            -0.030178184989630475,
            0.015963728780645645,
            0.2512933199867375,
            -0.023094483974176305,
            0.27108374115166456,
            0.05772086434550476,
            -0.005467830436604567,
            -0.02333781773965126,
            -0.043497379328545846,
            -0.03822684599110001,
            0.031540406864865624,
            -0.028015183900913256,
            -0.18468468879636935,
            -0.047319803918632906
        ],
        [
            -0.0143414092465947,
            -0.006775565641005275,
            -0.003486727225370001,
            0.021617662260589917,
            0.0003401224959459482,
            0.02022560601014641,
            -0.005610805301717915,
            -0.008432969405263299,
            -0.023094483974176305,
            0.00583090405697603,
            -0.04932243305186219,
            -0.010591256017975646,
            -0.0013703734537937869,
            -0.010445400181358266,
            0.008985446429987375,
            0.003272103554885312,
            -0.005026792011861693,
            0.005019907996122143,
            0.03375377715028745,
            0.009143614532526148
        ],
        [
            0.04073458103915124,
            0.032809278249990144,
            0.011744525883518934,
            -0.048352874504969286,
            -0.00024702356879026903,
            0.028327157762292932,
            0.10752711319479366,
            0.05834921236064897,
            0.27108374115166456,
            -0.04932243305186219,
            0.5280258562105561,
            0.17422961662590422,
            -0.0022907735835003317,
            0.010400826496809724,
            -0.0568197389377572,
            0.04424367492356882,
            0.10669430535992785,
            -0.045897344183151896,
            -0.31054881956307145,
            -0.08202673679466568
        ],
        [
            0.02856815929357134,
            0.024777497834856888,
            -0.00520007350828525,
            0.04225728964465836,
            0.001673105138822163,
            0.114443423438065,
            0.07710868765622868,
            0.009901654470425725,
            0.05772086434550476,
            -0.010591256017975646,
            0.17422961662590422,
            0.12286506160309751,
            0.002023161246813535,
            0.02754965597290614,
            0.01724976621219272,
            0.17817005152785081,
            0.13248205276001856,
            -0.004399990000740083,
            -0.03326268889295748,
            -0.01001372044850712
        ],
        [
            0.007341625510094105,
            -0.004488812737430981,
            0.0037485363937738822,
            -0.027757225184985995,
            -0.00045708688627411366,
            -0.04331561110913766,
            -0.011496595552913866,
            0.004214976748771092,
            -0.005467830436604567,
            -0.0013703734537937869,
            -0.0022907735835003317,
            0.002023161246813535,
            0.0061476510625310555,
            0.03937959763868218,
            0.00031230637133035247,
            0.033705007894149396,
            0.019777082784512137,
            0.00148514256952565,
            0.010058257008963836,
            0.0015503966508514245
        ],
        [
            0.04594313597811673,
            -0.028543084885173375,
            0.023435847202867417,
            -0.1724317434720355,
            -0.002754722178825775,
            -0.26501795364844755,
            -0.06552560690974323,
            0.028432542176278636,
            -0.02333781773965126,
            -0.010445400181358266,
            0.010400826496809724,
            0.02754965597290614,
            0.03937959763868218,
            0.25409053031378553,
            0.0028650134225031783,
            0.2336891672171765,
            0.14132454666728733,
            0.00837188088339857,
            0.05642658457577375,
            0.007733385542394633
        ],
        [
            -0.0035189257620348155,
            0.0015442679091942845,
            -0.007475661519536429,
            0.04632730764886033,
            0.0011240718986576877,
            0.06598847319720354,
            0.01264547989099148,
            -0.013023313756177723,
            -0.043497379328545846,
            0.008985446429987375,
            -0.0568197389377572,
            0.01724976621219272,
            0.00031230637133035247,
            0.0028650134225031783,
            0.026354360607975275,
            0.07955808997028643,
            0.038976487274298505,
            0.010683243684988535,
            0.07040636291069786,
            0.01818602771537793
        ],
        [
            -0.0034025876581144495,
            -0.03406118628515972,
            -0.005547595828073515,
            0.02701855627851096,
            0.0020073085621620753,
            0.04642337870217334,
            0.03217228909646146,
            -0.002088732983893511,
            -0.03822684599110001,
            0.003272103554885312,
            0.04424367492356882,
            0.17817005152785081,
            0.033705007894149396,
            0.2336891672171765,
            0.07955808997028643,
            0.5440562037423993,
            0.33498088502044027,
            0.02713660909287687,
            0.17666093026157917,
            0.03898803153838424
        ],
        [
            -0.026861075797453435,
            -0.035800394825295706,
            -0.0025105390635427154,
            0.017242687119112355,
            0.0011582453233930459,
            0.02897612747197978,
            0.025548280857958298,
            0.005494639357616988,
            0.031540406864865624,
            -0.005026792011861693,
            0.10669430535992785,
            0.13248205276001856,
            0.019777082784512137,
            0.14132454666728733,
            0.038976487274298505,
            0.33498088502044027,
            0.22003520086811015,
            0.009322363746727085,
            0.05939113141060891,
            0.011157103769077935
        ],
        [
            -0.0028943117390570292,
            -0.003072066345308873,
            -0.002030325618410867,
            0.010377217113210001,
            0.00023728065626193795,
            0.008038458609712456,
            -0.0051438084309412746,
            -0.006136438316005628,
            -0.028015183900913256,
            0.005019907996122143,
            -0.045897344183151896,
            -0.004399990000740083,
            0.00148514256952565,
            0.00837188088339857,
            0.010683243684988535,
            0.02713660909287687,
            0.009322363746727085,
            0.005883935487003115,
            0.039299439183665984,
            0.010037616682333595
        ],
        [
            -0.027973947287997597,
            -0.026765835969176147,
            -0.013406233493985507,
            0.06853689914597393,
            0.0015001009652153595,
            0.04695185060496221,
            -0.039802121430378826,
            -0.041444446343657654,
            -0.18468468879636935,
            0.03375377715028745,
            -0.31054881956307145,
            -0.03326268889295748,
            0.010058257008963836,
            0.05642658457577375,
            0.07040636291069786,
            0.17666093026157917,
            0.05939113141060891,
            0.039299439183665984,
            0.26274230567641027,
            0.06713028673652345
        ],
        [
            -0.009713503138679086,
            -0.007016897143857435,
            -0.004131885904767832,
            0.022580907925089762,
            0.00045681670423742025,
            0.018712067072113304,
            -0.009316342113957838,
            -0.011682765154649246,
            -0.047319803918632906,
            0.009143614532526148,
            -0.08202673679466568,
            -0.01001372044850712,
            0.0015503966508514245,
            0.007733385542394633,
            0.01818602771537793,
            0.03898803153838424,
            0.011157103769077935,
            0.010037616682333595,
            0.06713028673652345,
            0.017341049203277652
        ]
    ]
}