{
    "opt_E": -2.2132037354599823,
    "HF_E": -2.1817998307544055,
    "B3LYP_E": -2.184021937086226,
    "sto-3G_E": -2.1711314123248044,
    "proj": [
        [
            0.5997539716989012,
            0.37302880033898894,
            0.01536043446903683,
            -0.15388814989621366,
            0.055704588280078016,
            -0.05042382128420125,
            0.1537094092458488,
            0.013230981738894419,
            -0.18592052967440476,
            0.09257677973025476,
            0.026721676249144954,
            0.017802958409912955,
            -0.008277326549809366,
            0.04629293639525424,
            0.00545441964889339,
            -0.0009807284772774087,
            -0.02102381123667396,
            -0.0074770810466399315,
            -0.02453477071761729,
            0.004891581052398217
        ],
        [
            0.37302880033898894,
            0.2601188115175424,
            0.004546941298431796,
            -0.041327027533728536,
            0.013753738905341609,
            0.09494617857095372,
            0.14779373516094998,
            0.010417762876366227,
            -0.12036269636821059,
            0.046095023960366265,
            0.013550675078624804,
            0.025218483738924435,
            0.005066055013341936,
            -0.03158953000301151,
            -0.0023137845133753433,
            -0.029308165892690988,
            -0.028538245613694557,
            -0.003041137024255233,
            -0.016563374799537317,
            0.0022445620356525116
        ],
        [
            0.01536043446903683,
            0.004546941298431796,
            0.0013490557534438202,
            -0.0144899880582583,
            0.005533467632105251,
            -0.025324392175847206,
            -0.005682774641372638,
            -0.0004531916160337893,
            -0.0021750034944530206,
            0.0047284142715892236,
            0.00413200650941542,
            -0.002863801541913563,
            -0.0031574795126201594,
            0.009576428628209833,
            0.0015766284843464,
            0.0005298917436157254,
            -7.780229762393294e-05,
            -0.0013213290202199396,
            -0.004160571585656194,
            0.0005874601223968113
        ],
        [
            -0.15388814989621366,
            -0.041327027533728536,
            -0.0144899880582583,
            0.15637659759958547,
            -0.0599055193781518,
            0.2786771928257912,
            0.06683594300645102,
            0.005915306184705286,
            0.01657163461062334,
            -0.04994528369881315,
            -0.04780544498478777,
            0.03573759231418253,
            0.037048501742842056,
            -0.09628710113622391,
            -0.01813368461250981,
            0.008858138987037861,
            0.008576599970764164,
            0.016014134184186186,
            0.053014979372233074,
            -0.006960526301073263
        ],
        [
            0.055704588280078016,
            0.013753738905341609,
            0.005533467632105251,
            -0.0599055193781518,
            0.02303254994767404,
            -0.1076470366893484,
            -0.026200559900759614,
            -0.002926515145784564,
            -0.002777464114556759,
            0.019083793788848367,
            0.023453716082518155,
            -0.013084820676515741,
            -0.015170259137868942,
            0.03504558458305582,
            0.007281799270812072,
            -0.005527473183133047,
            -0.00369979379945278,
            -0.007094525095582354,
            -0.024482739360973036,
            0.003024701001061588
        ],
        [
            -0.05042382128420125,
            0.09494617857095372,
            -0.025324392175847206,
            0.2786771928257912,
            -0.1076470366893484,
            0.6190820362791786,
            0.24441830801731268,
            0.012723171173663533,
            -0.02248722209440291,
            -0.06308506459800374,
            -0.019200625588714236,
            0.11573326292292001,
            0.07311201064695236,
            -0.21015456831729998,
            -0.03651130376174146,
            0.023178598918620646,
            0.022013263671219,
            0.021749599571977484,
            0.06163923969285374,
            -0.00915672775291963
        ],
        [
            0.1537094092458488,
            0.14779373516094998,
            -0.005682774641372638,
            0.06683594300645102,
            -0.026200559900759614,
            0.24441830801731268,
            0.15977114733390735,
            0.001264826501447817,
            -0.028883438841537414,
            0.006337224951066446,
            0.08306868003379554,
            0.08482422321647752,
            0.0217342467335662,
            -0.07636977238757844,
            -0.011761545125966388,
            0.031166842603798123,
            0.027677387837969622,
            -0.003921932976030906,
            -0.026036093481697557,
            0.0018304323238835542
        ],
        [
            0.013230981738894419,
            0.010417762876366227,
            -0.0004531916160337893,
            0.005915306184705286,
            -0.002926515145784564,
            0.012723171173663533,
            0.001264826501447817,
            0.0060962005376783935,
            -0.029169433634278305,
            -0.0028928887840112853,
            -0.054321895579230124,
            -0.012271978645403135,
            0.008017479815128856,
            0.006747220290079952,
            -0.002811055522213665,
            0.003264328631534298,
            -0.006098163628983226,
            0.008764767581337015,
            0.036794963988134796,
            -0.003357558135283899
        ],
        [
            -0.18592052967440476,
            -0.12036269636821059,
            -0.0021750034944530206,
            0.01657163461062334,
            -0.002777464114556759,
            -0.02248722209440291,
            -0.028883438841537414,
            -0.029169433634278305,
            0.16672702428673758,
            -0.009063371282695588,
            0.23245357686058013,
            0.053396455817458645,
            -0.0312998540524211,
            -0.04905885758679973,
            0.010044117205190033,
            -0.01687681088473928,
            0.029917922587896908,
            -0.036439365431337176,
            -0.155731807573595,
            0.013497896904066449
        ],
        [
            0.09257677973025476,
            0.046095023960366265,
            0.0047284142715892236,
            -0.04994528369881315,
            0.019083793788848367,
            -0.06308506459800374,
            0.006337224951066446,
            -0.0028928887840112853,
            -0.009063371282695588,
            0.021896484706677533,
            0.04393415413969945,
            0.005670118682240907,
            -0.011155069910685185,
            0.02327493383152413,
            0.005117115898970945,
            0.004880096113600211,
            0.004535586782080963,
            -0.008267760591596245,
            -0.030824127472938945,
            0.0035727858459037856
        ],
        [
            0.026721676249144954,
            0.013550675078624804,
            0.00413200650941542,
            -0.04780544498478777,
            0.023453716082518155,
            -0.019200625588714236,
            0.08306868003379554,
            -0.054321895579230124,
            0.23245357686058013,
            0.04393415413969945,
            0.5607338198910367,
            0.18381473876752566,
            -0.0562601768754667,
            -0.046175588194434056,
            0.018055554472147094,
            0.06856802333000467,
            0.11838237015884852,
            -0.07981146108353308,
            -0.3330321707575626,
            0.03112717604243881
        ],
        [
            0.017802958409912955,
            0.025218483738924435,
            -0.002863801541913563,
            0.03573759231418253,
            -0.013084820676515741,
            0.11573326292292001,
            0.08482422321647752,
            -0.012271978645403135,
            0.053396455817458645,
            0.005670118682240907,
            0.18381473876752566,
            0.1319633538039153,
            0.017185765963520047,
            0.027969278574855278,
            -0.00898775011495003,
            0.1838056590717365,
            0.13518474937555097,
            -0.010008817996199862,
            -0.037326184701086146,
            0.004138116891250642
        ],
        [
            -0.008277326549809366,
            0.005066055013341936,
            -0.0031574795126201594,
            0.037048501742842056,
            -0.015170259137868942,
            0.07311201064695236,
            0.0217342467335662,
            0.008017479815128856,
            -0.0312998540524211,
            -0.011155069910685185,
            -0.0562601768754667,
            0.017185765963520047,
            0.023739244736627897,
            0.018753789920594295,
            -0.009557561777937285,
            0.0677971289329602,
            0.03333386238863948,
            0.015917579672752254,
            0.06767824636109537,
            -0.0061445008322812975
        ],
        [
            0.04629293639525424,
            -0.03158953000301151,
            0.009576428628209833,
            -0.09628710113622391,
            0.03504558458305582,
            -0.21015456831729998,
            -0.07636977238757844,
            0.006747220290079952,
            -0.04905885758679973,
            0.02327493383152413,
            -0.046175588194434056,
            0.027969278574855278,
            0.018753789920594295,
            0.2275909382005345,
            -0.0031586882938959113,
            0.2643806107569676,
            0.1441338746667813,
            0.02218855735338471,
            0.12070363163606972,
            -0.007773720184925881
        ],
        [
            0.00545441964889339,
            -0.0023137845133753433,
            0.0015766284843464,
            -0.01813368461250981,
            0.007281799270812072,
            -0.03651130376174146,
            -0.011761545125966388,
            -0.002811055522213665,
            0.010044117205190033,
            0.005117115898970945,
            0.018055554472147094,
            -0.00898775011495003,
            -0.009557561777937285,
            -0.0031586882938959113,
            0.003989334778763014,
            -0.025472346106343444,
            -0.013185201195113783,
            -0.005768725975572879,
            -0.024051767346533474,
            0.002243148892174982
        ],
        [
            -0.0009807284772774087,
            -0.029308165892690988,
            0.0005298917436157254,
            0.008858138987037861,
            -0.005527473183133047,
            0.023178598918620646,
            0.031166842603798123,
            0.003264328631534298,
            -0.01687681088473928,
            0.004880096113600211,
            0.06856802333000467,
            0.1838056590717365,
            0.0677971289329602,
            0.2643806107569676,
            -0.025472346106343444,
            0.5292676885931035,
            0.32153592596240155,
            0.03248962684813498,
            0.16775061031325675,
            -0.011686179274722795
        ],
        [
            -0.02102381123667396,
            -0.028538245613694557,
            -7.780229762393294e-05,
            0.008576599970764164,
            -0.00369979379945278,
            0.022013263671219,
            0.027677387837969622,
            -0.006098163628983226,
            0.029917922587896908,
            0.004535586782080963,
            0.11838237015884852,
            0.13518474937555097,
            0.03333386238863948,
            0.1441338746667813,
            -0.013185201195113783,
            0.32153592596240155,
            0.2071126743493767,
            0.008435920991376607,
            0.053447652989722746,
            -0.002797702382115349
        ],
        [
            -0.0074770810466399315,
            -0.003041137024255233,
            -0.0013213290202199396,
            0.016014134184186186,
            -0.007094525095582354,
            0.021749599571977484,
            -0.003921932976030906,
            0.008764767581337015,
            -0.036439365431337176,
            -0.008267760591596245,
            -0.07981146108353308,
            -0.010008817996199862,
            0.015917579672752254,
            0.02218855735338471,
            -0.005768725975572879,
            0.03248962684813498,
            0.008435920991376607,
            0.015258611425942026,
            0.06542266234160245,
            -0.005897330561482116
        ],
        [
            -0.02453477071761729,
            -0.016563374799537317,
            -0.004160571585656194,
            0.053014979372233074,
            -0.024482739360973036,
            0.06163923969285374,
            -0.026036093481697557,
            0.036794963988134796,
            -0.155731807573595,
            -0.030824127472938945,
            -0.3330321707575626,
            -0.037326184701086146,
            0.06767824636109537,
            0.12070363163606972,
            -0.024051767346533474,
            0.16775061031325675,
            0.053447652989722746,
            0.06542266234160245,
            0.2838524257309603,
            -0.02518021147061348
        ],
        [
            0.004891581052398217,
            0.0022445620356525116,
            0.0005874601223968113,
            -0.006960526301073263,
            0.003024701001061588,
            -0.00915672775291963,
            0.0018304323238835542,
            -0.003357558135283899,
            0.013497896904066449,
            0.0035727858459037856,
            0.03112717604243881,
            0.004138116891250642,
            -0.0061445008322812975,
            -0.007773720184925881,
            0.002243148892174982,
            -0.011686179274722795,
            -0.002797702382115349,
            -0.005897330561482116,
            -0.02518021147061348,
            0.0022880288284141902
        ]
    ]
}