{
    "opt_E": -2.1997629449736493,
    "HF_E": -2.170080430156651,
    "B3LYP_E": -2.1719423868901613,
    "sto-3G_E": -2.1621994367573842,
    "proj": [
        [
            0.5803529847842297,
            0.36380113705623446,
            0.012986946054611934,
            -0.1757440846360878,
            -0.005456115765026638,
            -0.02933598018379212,
            0.16788320932097567,
            0.02631150054203618,
            -0.21258482118285485,
            -0.006467684291743759,
            0.035746105694271425,
            0.018887693524373486,
            0.0037459825578199054,
            0.042927302218658876,
            0.0017412169865156084,
            0.0032728275081384396,
            -0.020386535390159777,
            0.004416921812867873,
            -0.034483580940954994,
            0.0025725557622428346
        ],
        [
            0.36380113705623446,
            0.25168096817065416,
            0.0035468153731030225,
            -0.052884751599719344,
            -0.0016643985304224894,
            0.09341635503464123,
            0.14726383972768392,
            0.011753879483683935,
            -0.13351571657552036,
            -0.003865633304788644,
            0.021807179939583685,
            0.023284894384024823,
            -0.0031210626704015485,
            -0.03641314393329469,
            -0.0001929031889882337,
            -0.029661328360000162,
            -0.029441103908410288,
            0.002355126532022748,
            -0.025954698912448372,
            0.0014986875227414465
        ],
        [
            0.012986946054611934,
            0.0035468153731030225,
            0.001527013661941641,
            -0.01828763437851671,
            -0.0005513792215356407,
            -0.02724224569929402,
            -0.005227021589823179,
            0.0021777040783836363,
            -0.0003714415538364581,
            -4.229568210605638e-05,
            0.006903088603124725,
            -0.0040247766828184015,
            0.0021992278339113243,
            0.007530848930532144,
            0.0010131895116475345,
            -0.003720953728136938,
            -0.0021157186200013627,
            0.0007808634245327694,
            -0.009412274960705892,
            0.000636431316997274
        ],
        [
            -0.1757440846360878,
            -0.052884751599719344,
            -0.01828763437851671,
            0.22231044013440368,
            0.006732116289817536,
            0.3262366643629765,
            0.0597956489930059,
            -0.025447167623878,
            0.025154295572745185,
            0.001181996303538304,
            -0.06354161197073589,
            0.045259057940288255,
            -0.024237048735813446,
            -0.11210426925187099,
            -0.010420267925585423,
            0.018681485893767846,
            0.01418909962603485,
            -0.007824863045005081,
            0.08683166206680053,
            -0.006147953378045745
        ],
        [
            -0.005456115765026638,
            -0.0016643985304224894,
            -0.0005513792215356407,
            0.006732116289817536,
            0.0002042962348851237,
            0.009812675498152741,
            0.0017356315658198433,
            -0.0007745536854378372,
            0.0008380670953220647,
            3.81308859014913e-05,
            -0.001987434758027495,
            0.0012059221193627984,
            -0.0007113942495024574,
            -0.0036470451539645557,
            -0.0002975892701136281,
            0.0001160627709030929,
            0.00017105691801008282,
            -0.00022870816158936824,
            0.0024614542265264214,
            -0.00017716176521763045
        ],
        [
            -0.02933598018379212,
            0.09341635503464123,
            -0.02724224569929402,
            0.3262366643629765,
            0.009812675498152741,
            0.6120349538109794,
            0.219087306608801,
            -0.0291041491403554,
            -0.020488627834782263,
            0.0003257372633237878,
            -0.015155829366460807,
            0.12106751351216404,
            -0.040625418818891555,
            -0.21198292514476674,
            -0.016191707457375484,
            0.038643957239354605,
            0.029035160571308977,
            -0.008304091630744581,
            0.08450239490737327,
            -0.006600578389259389
        ],
        [
            0.16788320932097567,
            0.14726383972768392,
            -0.005227021589823179,
            0.0597956489930059,
            0.0017356315658198433,
            0.219087306608801,
            0.1480220985355946,
            0.0029942598460134754,
            -0.030949355883523585,
            -0.00044899724295776515,
            0.09298598773085753,
            0.07930690841439433,
            -0.010735020597480813,
            -0.0750806432423729,
            -0.003222662998729974,
            0.03183173282700182,
            0.025839700397799283,
            0.002255460298418182,
            -0.0357786465939075,
            0.0017770861434497698
        ],
        [
            0.02631150054203618,
            0.011753879483683935,
            0.0021777040783836363,
            -0.025447167623878,
            -0.0007745536854378372,
            -0.0291041491403554,
            0.0029942598460134754,
            0.004718156604655849,
            0.008614693701257989,
            0.0002746258113975828,
            0.036553857279153924,
            0.00565239009539181,
            0.003407786284661468,
            0.00620836219258063,
            0.0018105498866757995,
            0.0022134430377210813,
            0.004668364606810481,
            0.002196097554388006,
            -0.028737065440027777,
            0.0018267858836876485
        ],
        [
            -0.21258482118285485,
            -0.13351571657552036,
            -0.0003714415538364581,
            0.025154295572745185,
            0.0008380670953220647,
            -0.020488627834782263,
            -0.030949355883523585,
            0.008614693701257989,
            0.2074163491035093,
            0.006689592252706563,
            0.2398552014746177,
            0.05220807109277117,
            0.012707287769488835,
            -0.06674298359808643,
            0.00902875112173678,
            -0.011387177810117456,
            0.03585660990761171,
            0.011673331466916306,
            -0.18062526707030757,
            0.010720431893076199
        ],
        [
            -0.006467684291743759,
            -0.003865633304788644,
            -4.229568210605638e-05,
            0.001181996303538304,
            3.81308859014913e-05,
            0.0003257372633237878,
            -0.00044899724295776515,
            0.0002746258113975828,
            0.006689592252706563,
            0.00021797128954251227,
            0.008106482200927237,
            0.001976025728426128,
            0.0003660349854763673,
            -0.002596576631843962,
            0.0002811491237525801,
            -0.0003712724278283114,
            0.001199508069107572,
            0.00038641103035957225,
            -0.00601570620106084,
            0.00035486113778620653
        ],
        [
            0.035746105694271425,
            0.021807179939583685,
            0.006903088603124725,
            -0.06354161197073589,
            -0.001987434758027495,
            -0.015155829366460807,
            0.09298598773085753,
            0.036553857279153924,
            0.2398552014746177,
            0.008106482200927237,
            0.5271876513545867,
            0.16925828234220922,
            0.02044507701157568,
            -0.04642691878000345,
            0.013958071959612454,
            0.10084161328333141,
            0.12747127034320313,
            0.02426079651336576,
            -0.34169000576241254,
            0.020846805075774667
        ],
        [
            0.018887693524373486,
            0.023284894384024823,
            -0.0040247766828184015,
            0.045259057940288255,
            0.0012059221193627984,
            0.12106751351216404,
            0.07930690841439433,
            0.00565239009539181,
            0.05220807109277117,
            0.001976025728426128,
            0.16925828234220922,
            0.1225991948704453,
            -0.00849258138038663,
            0.03230299573350876,
            -0.004677593780858661,
            0.18404606363997908,
            0.12830961692216877,
            0.0026885587329183815,
            -0.027612771810864214,
            0.0018280689830477725
        ],
        [
            0.0037459825578199054,
            -0.0031210626704015485,
            0.0021992278339113243,
            -0.024237048735813446,
            -0.0007113942495024574,
            -0.040625418818891555,
            -0.010735020597480813,
            0.003407786284661468,
            0.012707287769488835,
            0.0003660349854763673,
            0.02044507701157568,
            -0.00849258138038663,
            0.004522559622348193,
            -0.002468478451400751,
            0.0025346634459734304,
            -0.02205746514483348,
            -0.010421068873485961,
            0.002023926503643244,
            -0.029009947379849563,
            0.0017947652894875466
        ],
        [
            0.042927302218658876,
            -0.03641314393329469,
            0.007530848930532144,
            -0.11210426925187099,
            -0.0036470451539645557,
            -0.21198292514476674,
            -0.0750806432423729,
            0.00620836219258063,
            -0.06674298359808643,
            -0.002596576631843962,
            -0.04642691878000345,
            0.03230299573350876,
            -0.002468478451400751,
            0.2748106604052889,
            -0.008415535125162474,
            0.2841465284604835,
            0.15030771532292608,
            -0.0070457370961887885,
            0.1472958876911274,
            -0.007529742510826117
        ],
        [
            0.0017412169865156084,
            -0.0001929031889882337,
            0.0010131895116475345,
            -0.010420267925585423,
            -0.0002975892701136281,
            -0.016191707457375484,
            -0.003222662998729974,
            0.0018105498866757995,
            0.00902875112173678,
            0.0002811491237525801,
            0.013958071959612454,
            -0.004677593780858661,
            0.0025346634459734304,
            -0.008415535125162474,
            0.0016081547243174895,
            -0.018532499308819814,
            -0.008901924350536092,
            0.0013437929420796802,
            -0.020381957780380065,
            0.0012201687971781791
        ],
        [
            0.0032728275081384396,
            -0.029661328360000162,
            -0.003720953728136938,
            0.018681485893767846,
            0.0001160627709030929,
            0.038643957239354605,
            0.03183173282700182,
            0.0022134430377210813,
            -0.011387177810117456,
            -0.0003712724278283114,
            0.10084161328333141,
            0.18404606363997908,
            -0.02205746514483348,
            0.2841465284604835,
            -0.018532499308819814,
            0.5097813480737963,
            0.3035785755758031,
            -0.008112159969229649,
            0.16761341103628274,
            -0.0088548978673076
        ],
        [
            -0.020386535390159777,
            -0.029441103908410288,
            -0.0021157186200013627,
            0.01418909962603485,
            0.00017105691801008282,
            0.029035160571308977,
            0.025839700397799283,
            0.004668364606810481,
            0.03585660990761171,
            0.001199508069107572,
            0.12747127034320313,
            0.12830961692216877,
            -0.010421068873485961,
            0.15030771532292608,
            -0.008901924350536092,
            0.3035785755758031,
            0.1911046449044431,
            -0.0015997887660540333,
            0.05113763783014491,
            -0.0023813571027731717
        ],
        [
            0.004416921812867873,
            0.002355126532022748,
            0.0007808634245327694,
            -0.007824863045005081,
            -0.00022870816158936824,
            -0.008304091630744581,
            0.002255460298418182,
            0.002196097554388006,
            0.011673331466916306,
            0.00038641103035957225,
            0.02426079651336576,
            0.0026885587329183815,
            0.002023926503643244,
            -0.0070457370961887885,
            0.0013437929420796802,
            -0.008112159969229649,
            -0.0015997887660540333,
            0.001527899430225608,
            -0.022400628577000873,
            0.0013494607103207688
        ],
        [
            -0.034483580940954994,
            -0.025954698912448372,
            -0.009412274960705892,
            0.08683166206680053,
            0.0024614542265264214,
            0.08450239490737327,
            -0.0357786465939075,
            -0.028737065440027777,
            -0.18062526707030757,
            -0.00601570620106084,
            -0.34169000576241254,
            -0.027612771810864214,
            -0.029009947379849563,
            0.1472958876911274,
            -0.020381957780380065,
            0.16761341103628274,
            0.05113763783014491,
            -0.022400628577000873,
            0.33717111996782445,
            -0.020065819251414183
        ],
        [
            0.0025725557622428346,
            0.0014986875227414465,
            0.000636431316997274,
            -0.006147953378045745,
            -0.00017716176521763045,
            -0.006600578389259389,
            0.0017770861434497698,
            0.0018267858836876485,
            0.010720431893076199,
            0.00035486113778620653,
            0.020846805075774667,
            0.0018280689830477725,
            0.0017947652894875466,
            -0.007529742510826117,
            0.0012201687971781791,
            -0.0088548978673076,
            -0.0023813571027731717,
            0.0013494607103207688,
            -0.020065819251414183,
            0.0012015343163268757
        ]
    ]
}