{
    "opt_E": -2.159518819723896,
    "HF_E": -2.129458949536222,
    "B3LYP_E": -2.130897698134801,
    "sto-3G_E": -2.1112899257998587,
    "proj": [
        [
            0.5448696390052847,
            0.35603074435222976,
            0.026443437445371927,
            -0.17801004397869163,
            0.029986238468983885,
            0.02950393575667776,
            0.1762759777827229,
            0.05248197389892389,
            -0.2092340491360719,
            0.05287508517380606,
            0.039601005331834985,
            0.03163631870326157,
            0.0025718282541841463,
            0.046641268936260236,
            -0.0001462533726715614,
            0.0005237055825870496,
            -0.03328324392584063,
            0.00294516515373497,
            -0.02813828299540774,
            0.0032359427675924513
        ],
        [
            0.35603074435222976,
            0.24457729211586304,
            0.010972012871827457,
            -0.07894325946263032,
            0.012607858085183938,
            0.08271858218992081,
            0.1360010050754657,
            0.030225635966189796,
            -0.12859058072143884,
            0.03083649577302056,
            0.041843026493132006,
            0.02444640271309773,
            -0.0013852712806954003,
            -0.02638932557256701,
            -1.3737845000478681e-05,
            -0.03690233674330414,
            -0.04231382947285492,
            0.0026891604894951184,
            -0.039151920599274276,
            0.003490925447932191
        ],
        [
            0.026443437445371927,
            0.010972012871827457,
            0.008100634910369572,
            -0.04556687510661852,
            0.00873284809553727,
            -0.05611067108445617,
            -0.0073369259649903535,
            0.008627758433665441,
            0.0036761612925898845,
            0.006700186176878873,
            0.01151547572423735,
            -0.008496668630558335,
            0.005943261894200959,
            0.03203075436240727,
            0.0028519493242911737,
            -0.007430873413270751,
            -0.0068192684204642804,
            0.001102408448981862,
            -0.018664488567359982,
            0.0014714504915641579
        ],
        [
            -0.17801004397869163,
            -0.07894325946263032,
            -0.04556687510661852,
            0.26032431213716556,
            -0.04938308120374818,
            0.31042762454639605,
            0.03483102040792929,
            -0.04827544518556462,
            0.011213129371496721,
            -0.03917292128826084,
            -0.03874666595832149,
            0.04756373486041908,
            -0.03109627090044696,
            -0.18881373243773855,
            -0.014117341699054356,
            0.02617515952647767,
            0.032806036864811455,
            -0.0049291900089575395,
            0.07839040065343864,
            -0.006355968902365525
        ],
        [
            0.029986238468983885,
            0.012607858085183938,
            0.00873284809553727,
            -0.04938308120374818,
            0.009432006757245205,
            -0.060443151534255356,
            -0.007741723487617646,
            0.0092438485642339,
            0.001894991290947318,
            0.007287142520058875,
            0.010449367650910932,
            -0.009203429684108734,
            0.006253616043815163,
            0.03533873264604637,
            0.0029389541839252853,
            -0.006758123208732293,
            -0.00684330785039696,
            0.0010918227928369793,
            -0.018118345052245192,
            0.0014407861433009181
        ],
        [
            0.02950393575667776,
            0.08271858218992081,
            -0.05611067108445617,
            0.31042762454639605,
            -0.060443151534255356,
            0.5244003844937061,
            0.17473476194018506,
            -0.03927953361019006,
            -0.04791958314875055,
            -0.02893384604129746,
            0.05005782588496002,
            0.12024725806889054,
            -0.04481410630000682,
            -0.27714226101658135,
            -0.02033109601624608,
            0.05036619009855903,
            0.04700673975092849,
            -0.0027661610589959063,
            0.048527530801152095,
            -0.003531488557433746
        ],
        [
            0.1762759777827229,
            0.1360010050754657,
            -0.0073369259649903535,
            0.03483102040792929,
            -0.007741723487617646,
            0.17473476194018506,
            0.12184440744024708,
            0.011223016252100057,
            -0.032030498958443405,
            0.010606302993337544,
            0.10611851565756193,
            0.0728578364505214,
            -0.010114684984730142,
            -0.06225109428548529,
            -0.004759704605896414,
            0.03693610214476604,
            0.025112284833287053,
            0.002876450468964633,
            -0.04145386659291942,
            0.0037531454441413334
        ],
        [
            0.05248197389892389,
            0.030225635966189796,
            0.008627758433665441,
            -0.04827544518556462,
            0.0092438485642339,
            -0.03927953361019006,
            0.011223016252100057,
            0.013049615228902205,
            0.012396812393036086,
            0.009767552007387895,
            0.04747859531171571,
            0.006875693750783822,
            0.006122424168322371,
            0.030350923121433185,
            0.002984911407803568,
            0.002291913696023017,
            0.0012588587698764311,
            0.002354911303728277,
            -0.03888019186081575,
            0.0031511375516858637
        ],
        [
            -0.2092340491360719,
            -0.12859058072143884,
            0.0036761612925898845,
            0.011213129371496721,
            0.001894991290947318,
            -0.04791958314875055,
            -0.032030498958443405,
            0.012396812393036086,
            0.28192291265306557,
            -0.0049739085027033095,
            0.286292647097664,
            0.0456904865772398,
            0.019398608556183933,
            -0.011554022971960475,
            0.013511661540204856,
            -0.02866161825934486,
            0.021891952437634067,
            0.011911482389274253,
            -0.22804128670958687,
            0.0171911355695363
        ],
        [
            0.05287508517380606,
            0.03083649577302056,
            0.006700186176878873,
            -0.03917292128826084,
            0.007287142520058875,
            -0.02893384604129746,
            0.010606302993337544,
            0.009767552007387895,
            -0.0049739085027033095,
            0.008063114425729103,
            0.02280530752089384,
            0.003143752010000344,
            0.003861381131896872,
            0.02504064429790038,
            0.0016601604553455281,
            0.003620385077305439,
            2.862309080516757e-05,
            0.0012479085625270987,
            -0.018900293330596236,
            0.0016018719894015279
        ],
        [
            0.039601005331834985,
            0.041843026493132006,
            0.01151547572423735,
            -0.03874666595832149,
            0.010449367650910932,
            0.05005782588496002,
            0.10611851565756193,
            0.04747859531171571,
            0.286292647097664,
            0.02280530752089384,
            0.49826942427793625,
            0.15350453252862195,
            0.01904231170090205,
            0.015845175997576143,
            0.011838657220707937,
            0.07674944922610569,
            0.09326377673210627,
            0.018795012214051176,
            -0.3263398680100184,
            0.02594371587597069
        ],
        [
            0.03163631870326157,
            0.02444640271309773,
            -0.008496668630558335,
            0.04756373486041908,
            -0.009203429684108734,
            0.12024725806889054,
            0.0728578364505214,
            0.006875693750783822,
            0.0456904865772398,
            0.003143752010000344,
            0.15350453252862195,
            0.11412064716107921,
            -0.009892688933045122,
            0.029694507680022294,
            -0.008288454530175399,
            0.18238629974901924,
            0.13032783515850452,
            0.0024480747618317745,
            -0.01711112085076372,
            0.00247599675854187
        ],
        [
            0.0025718282541841463,
            -0.0013852712806954003,
            0.005943261894200959,
            -0.03109627090044696,
            0.006253616043815163,
            -0.04481410630000682,
            -0.010114684984730142,
            0.006122424168322371,
            0.019398608556183933,
            0.003861381131896872,
            0.01904231170090205,
            -0.009892688933045122,
            0.005861591363869809,
            0.014785858192596275,
            0.0034638639776667056,
            -0.02224968063655333,
            -0.013561869822965679,
            0.001494152493822688,
            -0.02934272820464328,
            0.0021644133702129567
        ],
        [
            0.046641268936260236,
            -0.02638932557256701,
            0.03203075436240727,
            -0.18881373243773855,
            0.03533873264604637,
            -0.27714226101658135,
            -0.06225109428548529,
            0.030350923121433185,
            -0.011554022971960475,
            0.02504064429790038,
            0.015845175997576143,
            0.029694507680022294,
            0.014785858192596275,
            0.29611877657522406,
            -0.0014028023464946406,
            0.24260174120613995,
            0.14509211068882624,
            -0.001016489038051922,
            0.0632283900409993,
            -0.003297150769650255
        ],
        [
            -0.0001462533726715614,
            -1.3737845000478681e-05,
            0.0028519493242911737,
            -0.014117341699054356,
            0.0029389541839252853,
            -0.02033109601624608,
            -0.004759704605896414,
            0.002984911407803568,
            0.013511661540204856,
            0.0016601604553455281,
            0.011838657220707937,
            -0.008288454530175399,
            0.0034638639776667056,
            -0.0014028023464946406,
            0.002445293857104045,
            -0.025139428619250417,
            -0.015283847598431974,
            0.0010494741104763677,
            -0.022381583409385508,
            0.0015941460101982457
        ],
        [
            0.0005237055825870496,
            -0.03690233674330414,
            -0.007430873413270751,
            0.02617515952647767,
            -0.006758123208732293,
            0.05036619009855903,
            0.03693610214476604,
            0.002291913696023017,
            -0.02866161825934486,
            0.003620385077305439,
            0.07674944922610569,
            0.18238629974901924,
            -0.02224968063655333,
            0.24260174120613995,
            -0.025139428619250417,
            0.5144002484404216,
            0.3337784052688857,
            -0.005633430273030799,
            0.17946632937502893,
            -0.010856465450638562
        ],
        [
            -0.03328324392584063,
            -0.04231382947285492,
            -0.0068192684204642804,
            0.032806036864811455,
            -0.00684330785039696,
            0.04700673975092849,
            0.025112284833287053,
            0.0012588587698764311,
            0.021891952437634067,
            2.862309080516757e-05,
            0.09326377673210627,
            0.13032783515850452,
            -0.013561869822965679,
            0.14509211068882624,
            -0.015283847598431974,
            0.3337784052688857,
            0.22330165974009142,
            -0.0020909499181289027,
            0.08637852089639476,
            -0.004770616324653868
        ],
        [
            0.00294516515373497,
            0.0026891604894951184,
            0.001102408448981862,
            -0.0049291900089575395,
            0.0010918227928369793,
            -0.0027661610589959063,
            0.002876450468964633,
            0.002354911303728277,
            0.011911482389274253,
            0.0012479085625270987,
            0.018795012214051176,
            0.0024480747618317745,
            0.001494152493822688,
            -0.001016489038051922,
            0.0010494741104763677,
            -0.005633430273030799,
            -0.0020909499181289027,
            0.0008881107457789961,
            -0.016687221866448113,
            0.001271433851565626
        ],
        [
            -0.02813828299540774,
            -0.039151920599274276,
            -0.018664488567359982,
            0.07839040065343864,
            -0.018118345052245192,
            0.048527530801152095,
            -0.04145386659291942,
            -0.03888019186081575,
            -0.22804128670958687,
            -0.018900293330596236,
            -0.3263398680100184,
            -0.01711112085076372,
            -0.02934272820464328,
            0.0632283900409993,
            -0.022381583409385508,
            0.17946632937502893,
            0.08637852089639476,
            -0.016687221866448113,
            0.32617112475664584,
            -0.024372009165588522
        ],
        [
            0.0032359427675924513,
            0.003490925447932191,
            0.0014714504915641579,
            -0.006355968902365525,
            0.0014407861433009181,
            -0.003531488557433746,
            0.0037531454441413334,
            0.0031511375516858637,
            0.0171911355695363,
            0.0016018719894015279,
            0.02594371587597069,
            0.00247599675854187,
            0.0021644133702129567,
            -0.003297150769650255,
            0.0015941460101982457,
            -0.010856465450638562,
            -0.004770616324653868,
            0.001271433851565626,
            -0.024372009165588522,
            0.0018388039142699908
        ]
    ]
}