{
    "opt_E": -2.200966864972375,
    "HF_E": -2.1695516860450708,
    "B3LYP_E": -2.1719730809816777,
    "sto-3G_E": -2.1574105901684417,
    "proj": [
        [
            0.5885153908768486,
            0.36921674610262023,
            -0.030160593224489683,
            -0.1581170503853571,
            0.05707996435197628,
            -0.03036211061115077,
            0.1603622084267026,
            -0.04424616649600833,
            -0.18240700793339204,
            0.0921548063376759,
            0.03680964688521792,
            0.021612199162628482,
            0.0017835150691066545,
            0.054971558182295294,
            -0.0006822579824282194,
            -0.0026266420279830436,
            -0.022593557487043378,
            0.00907665407887425,
            -0.02944130023081062,
            0.0008313231987343732
        ],
        [
            0.36921674610262023,
            0.25458999224405393,
            -0.008919071366999778,
            -0.04830441562280266,
            0.01620490147196078,
            0.09071100799462649,
            0.14233748452022194,
            -0.023868343577244235,
            -0.12317634250591054,
            0.048576657198083364,
            0.020921694851134445,
            0.023731065274375223,
            -0.0008218910360000113,
            -0.030007593225810012,
            -0.000625966146806709,
            -0.029555736807908285,
            -0.03249547065861386,
            0.00448639275063568,
            -0.01829357168467259,
            0.0007256319842299643
        ],
        [
            -0.030160593224489683,
            -0.008919071366999778,
            0.006585794555644516,
            0.033580268815014885,
            -0.01292329358853946,
            0.054816985911319234,
            0.01085827983970859,
            0.00380060519532337,
            -0.0012089044370388333,
            -0.009170370402063676,
            -0.011702147148394394,
            0.005898322972831587,
            -0.004761705084784451,
            -0.02538103390687121,
            0.00032123393841791204,
            0.004211195721692337,
            0.0011969304687520343,
            -0.00412182171854959,
            0.012680432928443973,
            0.0003236859123976478
        ],
        [
            -0.1581170503853571,
            -0.04830441562280266,
            0.033580268815014885,
            0.17161383150029116,
            -0.06587627961012192,
            0.280222087932128,
            0.05658340507843964,
            0.02001412477059981,
            0.0022372768948491625,
            -0.047141140979910255,
            -0.04600429437019153,
            0.03525439903008069,
            -0.02318313948971206,
            -0.12942614116274676,
            0.0014206163402207775,
            0.023975740144313216,
            0.010158075773509533,
            -0.01892160739790373,
            0.05760898314782928,
            0.0014882041481189582
        ],
        [
            0.05707996435197628,
            0.01620490147196078,
            -0.01292329358853946,
            -0.06587627961012192,
            0.02538967212546716,
            -0.10849703336649984,
            -0.022238005709373117,
            -0.007292613087049904,
            0.0037244052705759103,
            0.01771673779250828,
            0.023352992445049025,
            -0.012611006264629038,
            0.00998679386182866,
            0.04845460956144771,
            -0.0006814746776189236,
            -0.011656326619881542,
            -0.004182396433016553,
            0.008478653483969947,
            -0.026313277345943933,
            -0.0006786255711486137
        ],
        [
            -0.03036211061115077,
            0.09071100799462649,
            0.054816985911319234,
            0.280222087932128,
            -0.10849703336649984,
            0.5880940343293242,
            0.21998310279261038,
            0.02178338506770543,
            -0.045728560869996264,
            -0.051191747422734094,
            0.006122976301947609,
            0.11426191711568005,
            -0.03893209805130144,
            -0.25555943172639545,
            0.001080028805123567,
            0.04587928495630331,
            0.022278208279027472,
            -0.02083678546542458,
            0.05698215823997456,
            0.002500443267970396
        ],
        [
            0.1603622084267026,
            0.14233748452022194,
            0.01085827983970859,
            0.05658340507843964,
            -0.022238005709373117,
            0.21998310279261038,
            0.14610723688065952,
            -0.0026214826616000973,
            -0.026904676079676934,
            0.009055504654108927,
            0.09915344824534658,
            0.08203883995574093,
            -0.006951130852124201,
            -0.08152719444882993,
            -0.0012079563165713742,
            0.028200858138777794,
            0.023598024741790003,
            0.008355203380356006,
            -0.03292804015515593,
            0.00020422872048118492
        ],
        [
            -0.04424616649600833,
            -0.023868343577244235,
            0.00380060519532337,
            0.02001412477059981,
            -0.007292613087049904,
            0.02178338506770543,
            -0.0026214826616000973,
            0.004285742446239258,
            0.018661016154507586,
            -0.00826266176705783,
            0.0095972538746427,
            0.004994387467746599,
            0.0005590541700502263,
            -0.015014104764023256,
            -0.00018761853876696324,
            -0.0024740784667277613,
            0.002015853074407475,
            0.001093545360666645,
            -0.004431328042016791,
            -0.00017069807431246644
        ],
        [
            -0.18240700793339204,
            -0.12317634250591054,
            -0.0012089044370388333,
            0.0022372768948491625,
            0.0037244052705759103,
            -0.045728560869996264,
            -0.026904676079676934,
            0.018661016154507586,
            0.21570149496520888,
            -0.018447780209336375,
            0.2733018712886333,
            0.06559835012681543,
            0.04012714822771111,
            -0.02210366755674432,
            -0.005556506683482713,
            -0.040055642687307304,
            0.03293026486251355,
            0.051454304208054906,
            -0.1752781805503331,
            -0.004499215457396858
        ],
        [
            0.0921548063376759,
            0.048576657198083364,
            -0.009170370402063676,
            -0.047141140979910255,
            0.01771673779250828,
            -0.051191747422734094,
            0.009055504654108927,
            -0.00826266176705783,
            -0.018447780209336375,
            0.018475492251466157,
            0.01745897116548173,
            0.00046130053312686334,
            0.0034840687550460204,
            0.03182176945219019,
            -0.0003163444611529847,
            0.0037412452906062225,
            0.0015450295649956358,
            0.004465358997459551,
            -0.013573924069021985,
            -0.00016218564531106098
        ],
        [
            0.03680964688521792,
            0.020921694851134445,
            -0.011702147148394394,
            -0.04600429437019153,
            0.023352992445049025,
            0.006122976301947609,
            0.09915344824534658,
            0.0095972538746427,
            0.2733018712886333,
            0.01745897116548173,
            0.5497887703505909,
            0.19082969632012342,
            0.05461424453155898,
            -0.006940242640405077,
            -0.009616853800665065,
            0.03196818011738833,
            0.11268525995936268,
            0.0916586229624048,
            -0.31026527151742955,
            -0.00669825394488511
        ],
        [
            0.021612199162628482,
            0.023731065274375223,
            0.005898322972831587,
            0.03525439903008069,
            -0.012611006264629038,
            0.11426191711568005,
            0.08203883995574093,
            0.004994387467746599,
            0.06559835012681543,
            0.00046130053312686334,
            0.19082969632012342,
            0.13115967391236955,
            -0.012892981548313236,
            0.02323050993110041,
            -0.0011654590638616204,
            0.1737997161565577,
            0.13379605455924148,
            0.014021172380257305,
            -0.04413239142301098,
            -0.000449478997706422
        ],
        [
            0.0017835150691066545,
            -0.0008218910360000113,
            -0.004761705084784451,
            -0.02318313948971206,
            0.00998679386182866,
            -0.03893209805130144,
            -0.006951130852124201,
            0.0005590541700502263,
            0.04012714822771111,
            0.0034840687550460204,
            0.05461424453155898,
            -0.012892981548313236,
            0.02168786884626854,
            -0.024902641550539974,
            -0.0021263796430608015,
            -0.08628131320039344,
            -0.041285322221706056,
            0.01822915728726666,
            -0.06410684782161676,
            -0.001604512169353775
        ],
        [
            0.054971558182295294,
            -0.030007593225810012,
            -0.02538103390687121,
            -0.12942614116274676,
            0.04845460956144771,
            -0.25555943172639545,
            -0.08152719444882993,
            -0.015014104764023256,
            -0.02210366755674432,
            0.03182176945219019,
            -0.006940242640405077,
            0.02323050993110041,
            -0.024902641550539974,
            0.23858317929222142,
            0.002910874810984685,
            0.24128050729789344,
            0.14256029013143434,
            -0.014743344808825472,
            0.06585173463495027,
            0.0013578845395124243
        ],
        [
            -0.0006822579824282194,
            -0.000625966146806709,
            0.00032123393841791204,
            0.0014206163402207775,
            -0.0006814746776189236,
            0.001080028805123567,
            -0.0012079563165713742,
            -0.00018761853876696324,
            -0.005556506683482713,
            -0.0003163444611529847,
            -0.009616853800665065,
            -0.0011654590638616204,
            -0.0021263796430608015,
            0.002910874810984685,
            0.0002582957158717029,
            0.006476787232566741,
            0.0021896043127411727,
            -0.002263422453691155,
            0.007900230183091305,
            0.00018320933604371652
        ],
        [
            -0.0026266420279830436,
            -0.029555736807908285,
            0.004211195721692337,
            0.023975740144313216,
            -0.011656326619881542,
            0.04587928495630331,
            0.028200858138777794,
            -0.0024740784667277613,
            -0.040055642687307304,
            0.0037412452906062225,
            0.03196818011738833,
            0.1737997161565577,
            -0.08628131320039344,
            0.24128050729789344,
            0.006476787232566741,
            0.5553570267700979,
            0.3345483448506301,
            -0.04516253968780191,
            0.1728796297158385,
            0.004618396189853592
        ],
        [
            -0.022593557487043378,
            -0.03249547065861386,
            0.0011969304687520343,
            0.010158075773509533,
            -0.004182396433016553,
            0.022278208279027472,
            0.023598024741790003,
            0.002015853074407475,
            0.03293026486251355,
            0.0015450295649956358,
            0.11268525995936268,
            0.13379605455924148,
            -0.041285322221706056,
            0.14256029013143434,
            0.0021896043127411727,
            0.3345483448506301,
            0.21882871798550507,
            -0.011029066850558045,
            0.04931100509329962,
            0.001504839585103974
        ],
        [
            0.00907665407887425,
            0.00448639275063568,
            -0.00412182171854959,
            -0.01892160739790373,
            0.008478653483969947,
            -0.02083678546542458,
            0.008355203380356006,
            0.001093545360666645,
            0.051454304208054906,
            0.004465358997459551,
            0.0916586229624048,
            0.014021172380257305,
            0.01822915728726666,
            -0.014743344808825472,
            -0.002263422453691155,
            -0.04516253968780191,
            -0.011029066850558045,
            0.020427828058627508,
            -0.07051096002223754,
            -0.001635199554140126
        ],
        [
            -0.02944130023081062,
            -0.01829357168467259,
            0.012680432928443973,
            0.05760898314782928,
            -0.026313277345943933,
            0.05698215823997456,
            -0.03292804015515593,
            -0.004431328042016791,
            -0.1752781805503331,
            -0.013573924069021985,
            -0.31026527151742955,
            -0.04413239142301098,
            -0.06410684782161676,
            0.06585173463495027,
            0.007900230183091305,
            0.1728796297158385,
            0.04931100509329962,
            -0.07051096002223754,
            0.24441150627254418,
            0.005661530872563101
        ],
        [
            0.0008313231987343732,
            0.0007256319842299643,
            0.0003236859123976478,
            0.0014882041481189582,
            -0.0006786255711486137,
            0.002500443267970396,
            0.00020422872048118492,
            -0.00017069807431246644,
            -0.004499215457396858,
            -0.00016218564531106098,
            -0.00669825394488511,
            -0.000449478997706422,
            -0.001604512169353775,
            0.0013578845395124243,
            0.00018320933604371652,
            0.004618396189853592,
            0.001504839585103974,
            -0.001635199554140126,
            0.005661530872563101,
            0.00013845062069945733
        ]
    ]
}