{
    "opt_E": -2.158299731995706,
    "HF_E": -2.1257774935223948,
    "B3LYP_E": -2.1287322210680113,
    "sto-3G_E": -2.0920444656570174,
    "proj": [
        [
            0.5406069105700081,
            0.3467094848458021,
            0.06576140196098211,
            -0.16329321924883586,
            -0.029749457211267177,
            0.04492366605392716,
            0.17263524232201996,
            0.10368331984582004,
            -0.20742510786556714,
            -0.0755005102310227,
            0.03647668053174771,
            0.034302768981650515,
            0.011953143220815813,
            0.03003121917108563,
            -0.003976417381223133,
            -0.003968030097839848,
            -0.03305405395553392,
            -0.009004972950999411,
            -0.013100688955409716,
            -0.006612353681261943
        ],
        [
            0.3467094848458021,
            0.2317104042362286,
            0.02502609165046636,
            -0.06697268986369072,
            -0.008927663122115178,
            0.09512118291868295,
            0.12776813812663745,
            0.05890151222761304,
            -0.1375401944188722,
            -0.03899232870717676,
            0.02065906709363911,
            0.023746668935558504,
            0.010339473360834954,
            -0.02548703049123413,
            0.008974252201261647,
            -0.01868237187533641,
            -0.0334772773720891,
            -0.002071715699938715,
            -0.006105446119539829,
            -0.0017277876500567545
        ],
        [
            0.06576140196098211,
            0.02502609165046636,
            0.04166368375719359,
            -0.09363453835447853,
            -0.023671433849973115,
            -0.12345306987460836,
            -0.01306340732655023,
            0.025900918927976586,
            -0.011084510981832874,
            -0.02916037287100509,
            0.016434830325489702,
            -0.0059497759592108245,
            -0.010002728147039026,
            0.08300753089546427,
            -0.027598241058899575,
            -0.006537634782713006,
            -0.004084537528135594,
            -0.01266746251548669,
            -0.015752136077486815,
            -0.00826658000348722
        ],
        [
            -0.16329321924883586,
            -0.06697268986369072,
            -0.09363453835447853,
            0.21282687607683254,
            0.05281660625930073,
            0.27543620007358793,
            0.02972979731920015,
            -0.06215047294190241,
            0.0476042562417965,
            0.06149053090686917,
            -0.005671075774431769,
            0.02582528835579823,
            0.018228154702385056,
            -0.17948909646616762,
            0.057781123175346914,
            0.012228632111023372,
            0.015046067272148298,
            0.02193600582163016,
            0.022647371933157155,
            0.014466684387348551
        ],
        [
            -0.029749457211267177,
            -0.008927663122115178,
            -0.023671433849973115,
            0.05281660625930073,
            0.013593195084955767,
            0.07392184113172873,
            0.010436432239133065,
            -0.01345871283378817,
            0.0019117623853116485,
            0.016387238335996708,
            -0.011114434028238262,
            0.0037045019326970114,
            0.006616018758851989,
            -0.048724789311356806,
            0.01672007006187907,
            0.005629696031614075,
            0.0026783823640765363,
            0.007904038439161492,
            0.010234973155815034,
            0.005126185067879557
        ],
        [
            0.04492366605392716,
            0.09512118291868295,
            -0.12345306987460836,
            0.27543620007358793,
            0.07392184113172873,
            0.5203355092029953,
            0.17023201048278835,
            -0.048339588456868275,
            -0.01512248679784053,
            0.05226887469156687,
            0.06863581762956031,
            0.09076347440576407,
            0.033216216317021666,
            -0.28935157558731667,
            0.09340633736003501,
            0.014082403821682722,
            0.014255376781528672,
            0.02183775561865458,
            0.009468810877320325,
            0.014295442239229909
        ],
        [
            0.17263524232201996,
            0.12776813812663745,
            -0.01306340732655023,
            0.02972979731920015,
            0.010436432239133065,
            0.17023201048278835,
            0.11954307718005923,
            0.014029552268539141,
            -0.019940380822254702,
            -0.023420706169232662,
            0.12292394140083299,
            0.08380862024499039,
            0.007244682927161372,
            -0.049499585457545035,
            0.01832653746772915,
            0.0270278633607302,
            0.02960528585165247,
            -0.012628122060970925,
            -0.03212040003633771,
            -0.008285820247246823
        ],
        [
            0.10368331984582004,
            0.05890151222761304,
            0.025900918927976586,
            -0.06215047294190241,
            -0.01345871283378817,
            -0.048339588456868275,
            0.014029552268539141,
            0.027454144877855774,
            -0.05033710084292244,
            -0.017340173147399707,
            -0.018104552220866012,
            -0.005212076299136085,
            0.003956388908528341,
            0.03898437161132592,
            -0.006598906067348457,
            0.019906732285096252,
            0.0031578067235881547,
            0.0011925376005981275,
            0.0075038749851370976,
            0.0004125061369090569
        ],
        [
            -0.20742510786556714,
            -0.1375401944188722,
            -0.011084510981832874,
            0.0476042562417965,
            0.0019117623853116485,
            -0.01512248679784053,
            -0.019940380822254702,
            -0.05033710084292244,
            0.22596815833048436,
            -0.024012257739341708,
            0.26564800868538674,
            0.09437354036925488,
            -0.0433606203667857,
            0.042663947815162646,
            -0.0384531490413665,
            -0.058235000898637375,
            0.02982889075853131,
            -0.057780078099265705,
            -0.11515990545070803,
            -0.03604181978212504
        ],
        [
            -0.0755005102310227,
            -0.03899232870717676,
            -0.02916037287100509,
            0.06149053090686917,
            0.016387238335996708,
            0.05226887469156687,
            -0.023420706169232662,
            -0.017340173147399707,
            -0.024012257739341708,
            0.0365741171478817,
            -0.09975718041211734,
            -0.03533789309470987,
            0.01543025359317974,
            -0.0588019312809018,
            0.025387140807264334,
            0.018843917457510212,
            -0.003216411430301402,
            0.025809318464163254,
            0.04597826923551748,
            0.01648769203564116
        ],
        [
            0.03647668053174771,
            0.02065906709363911,
            0.016434830325489702,
            -0.005671075774431769,
            -0.011114434028238262,
            0.06863581762956031,
            0.12292394140083299,
            -0.018104552220866012,
            0.26564800868538674,
            -0.09975718041211734,
            0.5500103524406511,
            0.23586597833343068,
            -0.06128495712189101,
            0.08684332182342,
            -0.060008200304604895,
            -0.053703414071072465,
            0.07358816506502974,
            -0.1112495635260348,
            -0.22019689510175308,
            -0.07037580340485311
        ],
        [
            0.034302768981650515,
            0.023746668935558504,
            -0.0059497759592108245,
            0.02582528835579823,
            0.0037045019326970114,
            0.09076347440576407,
            0.08380862024499039,
            -0.005212076299136085,
            0.09437354036925488,
            -0.03533789309470987,
            0.23586597833343068,
            0.14869399815635942,
            0.0018000060509552839,
            0.04095921771399507,
            0.002208677061695325,
            0.13380196915815612,
            0.1355828148259268,
            -0.03108177458666384,
            -0.06079346764656287,
            -0.020423635798460536
        ],
        [
            0.011953143220815813,
            0.010339473360834954,
            -0.010002728147039026,
            0.018228154702385056,
            0.006616018758851989,
            0.033216216317021666,
            0.007244682927161372,
            0.003956388908528341,
            -0.0433606203667857,
            0.01543025359317974,
            -0.06128495712189101,
            0.0018000060509552839,
            0.023507814269235414,
            -0.010440652470873337,
            0.02376367698653675,
            0.09616408378251644,
            0.051183160388449264,
            0.022290014837215672,
            0.044228140797646684,
            0.013660359653416665
        ],
        [
            0.03003121917108563,
            -0.02548703049123413,
            0.08300753089546427,
            -0.17948909646616762,
            -0.048724789311356806,
            -0.28935157558731667,
            -0.049499585457545035,
            0.03898437161132592,
            0.042663947815162646,
            -0.0588019312809018,
            0.08684332182342,
            0.04095921771399507,
            -0.010440652470873337,
            0.23120638986766462,
            -0.053871393111764844,
            0.12816864676406645,
            0.1059833756110189,
            -0.026889601872935914,
            -0.02833945318433796,
            -0.018144688705656463
        ],
        [
            -0.003976417381223133,
            0.008974252201261647,
            -0.027598241058899575,
            0.057781123175346914,
            0.01672007006187907,
            0.09340633736003501,
            0.01832653746772915,
            -0.006598906067348457,
            -0.0384531490413665,
            0.025387140807264334,
            -0.060008200304604895,
            0.002208677061695325,
            0.02376367698653675,
            -0.053871393111764844,
            0.03302848037268711,
            0.07221598177290303,
            0.035623021503246914,
            0.024268334343327008,
            0.043116363856082356,
            0.015140794551509063
        ],
        [
            -0.003968030097839848,
            -0.01868237187533641,
            -0.006537634782713006,
            0.012228632111023372,
            0.005629696031614075,
            0.014082403821682722,
            0.0270278633607302,
            0.019906732285096252,
            -0.058235000898637375,
            0.018843917457510212,
            -0.053703414071072465,
            0.13380196915815612,
            0.09616408378251644,
            0.12816864676406645,
            0.07221598177290303,
            0.6044482648233275,
            0.39779863708463026,
            0.06062078431481555,
            0.13634223641616258,
            0.035292475058993994
        ],
        [
            -0.03305405395553392,
            -0.0334772773720891,
            -0.004084537528135594,
            0.015046067272148298,
            0.0026783823640765363,
            0.014255376781528672,
            0.02960528585165247,
            0.0031578067235881547,
            0.02982889075853131,
            -0.003216411430301402,
            0.07358816506502974,
            0.1355828148259268,
            0.051183160388449264,
            0.1059833756110189,
            0.035623021503246914,
            0.39779863708463026,
            0.2862713653448374,
            0.018444117222368574,
            0.04764896797008298,
            0.00965856488621989
        ],
        [
            -0.009004972950999411,
            -0.002071715699938715,
            -0.01266746251548669,
            0.02193600582163016,
            0.007904038439161492,
            0.02183775561865458,
            -0.012628122060970925,
            0.0011925376005981275,
            -0.057780078099265705,
            0.025809318464163254,
            -0.1112495635260348,
            -0.03108177458666384,
            0.022290014837215672,
            -0.026889601872935914,
            0.024268334343327008,
            0.06062078431481555,
            0.018444117222368574,
            0.02892973495539541,
            0.05627628500832792,
            0.01809377610537943
        ],
        [
            -0.013100688955409716,
            -0.006105446119539829,
            -0.015752136077486815,
            0.022647371933157155,
            0.010234973155815034,
            0.009468810877320325,
            -0.03212040003633771,
            0.0075038749851370976,
            -0.11515990545070803,
            0.04597826923551748,
            -0.22019689510175308,
            -0.06079346764656287,
            0.044228140797646684,
            -0.02833945318433796,
            0.043116363856082356,
            0.13634223641616258,
            0.04764896797008298,
            0.05627628500832792,
            0.11229445949209611,
            0.0350540682204794
        ],
        [
            -0.006612353681261943,
            -0.0017277876500567545,
            -0.00826658000348722,
            0.014466684387348551,
            0.005126185067879557,
            0.014295442239229909,
            -0.008285820247246823,
            0.0004125061369090569,
            -0.03604181978212504,
            0.01648769203564116,
            -0.07037580340485311,
            -0.020423635798460536,
            0.013660359653416665,
            -0.018144688705656463,
            0.015140794551509063,
            0.035292475058993994,
            0.00965856488621989,
            0.01809377610537943,
            0.0350540682204794,
            0.011333063813251765
        ]
    ]
}