{
    "opt_E": -2.164628857442517,
    "HF_E": -2.1349100919728348,
    "B3LYP_E": -2.1363381016714187,
    "sto-3G_E": -2.1199261877960356,
    "proj": [
        [
            0.5224640143348054,
            0.33765681648335905,
            -0.02664977951934854,
            -0.17534366949290173,
            0.04497263303212557,
            0.06157561929493785,
            0.18192894452653163,
            -0.03120782985669076,
            -0.22931959403370133,
            0.07616532395090454,
            0.045577148492330584,
            0.030648024185003973,
            -0.004240725366352721,
            0.026587539691912312,
            0.004907356780873418,
            0.0001853755707488501,
            -0.029900638861883135,
            0.007839536335183143,
            -0.030390761221978764,
            -0.010399614499081545
        ],
        [
            0.33765681648335905,
            0.22651279758006182,
            -0.012246043219576728,
            -0.0778365405903466,
            0.019303470682574132,
            0.09476422143860327,
            0.13363531641897383,
            -0.01806899020829635,
            -0.13920589756767457,
            0.04277088181183073,
            0.0407173011271097,
            0.02305640908324729,
            -0.004206784735849802,
            -0.02715387104907193,
            -0.003039200402907527,
            -0.029465949935170533,
            -0.034645723394338704,
            0.006821242251585034,
            -0.0326461103755032,
            -0.010203153899505761
        ],
        [
            -0.02664977951934854,
            -0.012246043219576728,
            0.006011872645660586,
            0.04178992773024257,
            -0.011584006866004803,
            0.04431628887051133,
            0.0025590478259666133,
            0.0012845410782135788,
            0.006292013024674214,
            -0.009780924393635423,
            -0.010170648761405998,
            0.004883181656224944,
            -0.0064134486472633406,
            -0.02780205549951335,
            0.0013326521287751669,
            0.0019137461608513412,
            0.0033658058140659973,
            -0.0032872603815203186,
            0.011594986356124236,
            0.004918058294334154
        ],
        [
            -0.17534366949290173,
            -0.0778365405903466,
            0.04178992773024257,
            0.29170511885247874,
            -0.08066191737946686,
            0.31903620940470784,
            0.027410431483946826,
            0.01018477467213389,
            0.04960986607563571,
            -0.06674486175469531,
            -0.049669117299283486,
            0.04472567948944022,
            -0.044711609976310636,
            -0.1931769265130787,
            0.009000999432974515,
            0.023181677502310094,
            0.03163517054523843,
            -0.020803368744495197,
            0.07208732689264143,
            0.031128358399384784
        ],
        [
            0.04497263303212557,
            0.019303470682574132,
            -0.011584006866004803,
            -0.08066191737946686,
            0.022431844726051645,
            -0.0892249986512378,
            -0.007792709911208679,
            -0.0019334857347430027,
            -0.008097249224204385,
            0.01831867134304947,
            0.020696241792820282,
            -0.010485415559444142,
            0.01320825038083382,
            0.054124304615044846,
            -0.0032106655738137592,
            -0.005755315157757207,
            -0.007315734459055437,
            0.006723168030437854,
            -0.02406671570666798,
            -0.01013511764810582
        ],
        [
            0.06157561929493785,
            0.09476422143860327,
            0.04431628887051133,
            0.31903620940470784,
            -0.0892249986512378,
            0.5159847212561735,
            0.1671399187679299,
            0.00378537763591489,
            -0.0205241612210301,
            -0.04931654729494408,
            0.03710317058702303,
            0.10871147628873047,
            -0.06010319431294311,
            -0.26995010060207714,
            0.007310855575451106,
            0.034759018086609715,
            0.038414909063685096,
            -0.014290645375856779,
            0.037224644169519094,
            0.021273735534426953
        ],
        [
            0.18192894452653163,
            0.13363531641897383,
            0.0025590478259666133,
            0.027410431483946826,
            -0.007792709911208679,
            0.1671399187679299,
            0.11903073987885249,
            -0.0011638768199902555,
            -0.03287595236996656,
            0.013562481284941608,
            0.10874150901388083,
            0.070814730660991,
            -0.011850378135008183,
            -0.05551763488880733,
            -0.0013920825183682294,
            0.03326581323970608,
            0.025781386395369307,
            0.008867380990615115,
            -0.042360647033466835,
            -0.0133053789150162
        ],
        [
            -0.03120782985669076,
            -0.01806899020829635,
            0.0012845410782135788,
            0.01018477467213389,
            -0.0019334857347430027,
            0.00378537763591489,
            -0.0011638768199902555,
            0.006612779212548872,
            0.04173532075301998,
            -0.0034933925021405606,
            0.04601291015019619,
            0.011797397039879365,
            0.005317120765747226,
            -0.005549676487054864,
            -0.006186050172563079,
            -0.003094568364283766,
            0.005753790553600531,
            0.006511506142736254,
            -0.02901453934001579,
            -0.010448001749344201
        ],
        [
            -0.22931959403370133,
            -0.13920589756767457,
            0.006292013024674214,
            0.04960986607563571,
            -0.008097249224204385,
            -0.0205241612210301,
            -0.03287595236996656,
            0.04173532075301998,
            0.2691622712248923,
            -0.022837602738534822,
            0.26970920073153837,
            0.05777999608594998,
            0.037706759856679484,
            -0.01865062998878461,
            -0.039490896809707896,
            -0.029471373239255406,
            0.028585970848077978,
            0.040101090867802856,
            -0.17762787185242415,
            -0.06449955918576747
        ],
        [
            0.07616532395090454,
            0.04277088181183073,
            -0.009780924393635423,
            -0.06674486175469531,
            0.01831867134304947,
            -0.04931654729494408,
            0.013562481284941608,
            -0.0034933925021405606,
            -0.022837602738534822,
            0.018807540484852506,
            0.024835530952358065,
            0.0013630193854427793,
            0.007513407955871623,
            0.04030528515840881,
            -0.0007077013446454794,
            0.0057201184626056315,
            -0.000613146375971735,
            0.005374263777253666,
            -0.019070510858021625,
            -0.007847307394474371
        ],
        [
            0.045577148492330584,
            0.0407173011271097,
            -0.010170648761405998,
            -0.049669117299283486,
            0.020696241792820282,
            0.03710317058702303,
            0.10874150901388083,
            0.04601291015019619,
            0.26970920073153837,
            0.024835530952358065,
            0.5240755506582896,
            0.1673856564361615,
            0.04832963191121179,
            0.027654613797234984,
            -0.04662270185896739,
            0.0560939784128313,
            0.09357937277585149,
            0.07075526115579564,
            -0.30268789770843696,
            -0.11038985653310666
        ],
        [
            0.030648024185003973,
            0.02305640908324729,
            0.004883181656224944,
            0.04472567948944022,
            -0.010485415559444142,
            0.10871147628873047,
            0.070814730660991,
            0.011797397039879365,
            0.05777999608594998,
            0.0013630193854427793,
            0.1673856564361615,
            0.12110388348428518,
            -0.016206198973906714,
            0.03074791052319196,
            0.01640987352036889,
            0.18408763175703952,
            0.1353816459885246,
            0.00807373897964551,
            -0.025398575659608163,
            -0.009906878086969273
        ],
        [
            -0.004240725366352721,
            -0.004206784735849802,
            -0.0064134486472633406,
            -0.044711609976310636,
            0.01320825038083382,
            -0.06010319431294311,
            -0.011850378135008183,
            0.005317120765747226,
            0.037706759856679484,
            0.007513407955871623,
            0.04832963191121179,
            -0.016206198973906714,
            0.020145590617367665,
            0.007117627681888672,
            -0.017271116258949757,
            -0.06252762228333085,
            -0.03500144048813808,
            0.013254516826562868,
            -0.05917236962200185,
            -0.0216978405447958
        ],
        [
            0.026587539691912312,
            -0.02715387104907193,
            -0.02780205549951335,
            -0.1931769265130787,
            0.054124304615044846,
            -0.26995010060207714,
            -0.05551763488880733,
            -0.005549676487054864,
            -0.01865062998878461,
            0.04030528515840881,
            0.027654613797234984,
            0.03074791052319196,
            0.007117627681888672,
            0.25849860324121143,
            0.03581503531018429,
            0.22220249369860454,
            0.13084337001207538,
            -0.0017209287998726363,
            0.04068929072566144,
            0.007654775407300447
        ],
        [
            0.004907356780873418,
            -0.003039200402907527,
            0.0013326521287751669,
            0.009000999432974515,
            -0.0032106655738137592,
            0.007310855575451106,
            -0.0013920825183682294,
            -0.006186050172563079,
            -0.039490896809707896,
            -0.0007077013446454794,
            -0.04662270185896739,
            0.01640987352036889,
            -0.017271116258949757,
            0.03581503531018429,
            0.021799438648654832,
            0.0905913282750057,
            0.05090069998640153,
            -0.013106341649378912,
            0.06371775517293532,
            0.022152864234716126
        ],
        [
            0.0001853755707488501,
            -0.029465949935170533,
            0.0019137461608513412,
            0.023181677502310094,
            -0.005755315157757207,
            0.034759018086609715,
            0.03326581323970608,
            -0.003094568364283766,
            -0.029471373239255406,
            0.0057201184626056315,
            0.0560939784128313,
            0.18408763175703952,
            -0.06252762228333085,
            0.22220249369860454,
            0.0905913282750057,
            0.5299683696247712,
            0.33763081810795115,
            -0.029179638051250092,
            0.16752700585866623,
            0.054746990670991126
        ],
        [
            -0.029900638861883135,
            -0.034645723394338704,
            0.0033658058140659973,
            0.03163517054523843,
            -0.007315734459055437,
            0.038414909063685096,
            0.025781386395369307,
            0.005753790553600531,
            0.028585970848077978,
            -0.000613146375971735,
            0.09357937277585149,
            0.1353816459885246,
            -0.03500144048813808,
            0.13084337001207538,
            0.05090069998640153,
            0.33763081810795115,
            0.2244710344345895,
            -0.011003343118451248,
            0.07265331780273553,
            0.02274535346850678
        ],
        [
            0.007839536335183143,
            0.006821242251585034,
            -0.0032872603815203186,
            -0.020803368744495197,
            0.006723168030437854,
            -0.014290645375856779,
            0.008867380990615115,
            0.006511506142736254,
            0.040101090867802856,
            0.005374263777253666,
            0.07075526115579564,
            0.00807373897964551,
            0.013254516826562868,
            -0.0017209287998726363,
            -0.013106341649378912,
            -0.029179638051250092,
            -0.011003343118451248,
            0.01272650526657306,
            -0.05651064745116162,
            -0.020436319951327307
        ],
        [
            -0.030390761221978764,
            -0.0326461103755032,
            0.011594986356124236,
            0.07208732689264143,
            -0.02406671570666798,
            0.037224644169519094,
            -0.042360647033466835,
            -0.02901453934001579,
            -0.17762787185242415,
            -0.019070510858021625,
            -0.30268789770843696,
            -0.025398575659608163,
            -0.05917236962200185,
            0.04068929072566144,
            0.06371775517293532,
            0.16752700585866623,
            0.07265331780273553,
            -0.05651064745116162,
            0.25552138484039877,
            0.09150995951194293
        ],
        [
            -0.010399614499081545,
            -0.010203153899505761,
            0.004918058294334154,
            0.031128358399384784,
            -0.01013511764810582,
            0.021273735534426953,
            -0.0133053789150162,
            -0.010448001749344201,
            -0.06449955918576747,
            -0.007847307394474371,
            -0.11038985653310666,
            -0.009906878086969273,
            -0.0216978405447958,
            0.007654775407300447,
            0.022152864234716126,
            0.054746990670991126,
            0.02274535346850678,
            -0.020436319951327307,
            0.09150995951194293,
            0.0329659389874803
        ]
    ]
}