{
    "opt_E": -2.1605151998272665,
    "HF_E": -2.1304416824573904,
    "B3LYP_E": -2.1318665918200663,
    "sto-3G_E": -2.1105837096525937,
    "proj": [
        [
            0.5351317159844985,
            0.3506566808372974,
            0.06576680293003107,
            -0.1615142083571813,
            -0.028944284288408798,
            0.042286452475630947,
            0.18164043188198928,
            0.11441045593105564,
            -0.20066169134036452,
            -0.04509716279496881,
            0.026310480537966374,
            0.03797208856547971,
            0.004325399809468112,
            0.0330317767857924,
            -0.0049130904394161104,
            -0.0005423997362986356,
            -0.029897534850174427,
            0.0024568509300708576,
            -0.014628219336965105,
            0.0018749365181126047
        ],
        [
            0.3506566808372974,
            0.2394251825769329,
            0.03033023759954329,
            -0.07778582160120359,
            -0.013522655561677942,
            0.08032984422994682,
            0.1371089221185603,
            0.06888529215305221,
            -0.11809553578098146,
            -0.026442537708089676,
            0.041129540408512424,
            0.028878919098510546,
            0.0013626114479578552,
            -0.026386286648637323,
            0.0002657554451989199,
            -0.0361275964349782,
            -0.03878321395175364,
            0.0036484227432891734,
            -0.03574331545000502,
            0.004529776735345618
        ],
        [
            0.06576680293003107,
            0.03033023759954329,
            0.05170525046245076,
            -0.10667293579722413,
            -0.021512336068659273,
            -0.14232738023763042,
            -0.013892890496132737,
            0.03765725706560995,
            0.006940323982861793,
            -0.0120245790520407,
            0.02461129592163913,
            -0.016085409202385024,
            0.015593934591427031,
            0.08076177456353657,
            0.0059678911137955905,
            -0.0175679662432869,
            -0.013321952134585507,
            0.002809344301456543,
            -0.04091781520861985,
            0.007058891662001676
        ],
        [
            -0.1615142083571813,
            -0.07778582160120359,
            -0.10667293579722413,
            0.2233551502691363,
            0.04455049397964717,
            0.2880960696634496,
            0.024119243353108027,
            -0.07997676134152125,
            0.014827618627387261,
            0.02710451856775682,
            -0.02261177603131507,
            0.03687018392705723,
            -0.030210292331387095,
            -0.16951764503636174,
            -0.009332537019861085,
            0.028777501681167533,
            0.027692310463628876,
            -0.003990508617565439,
            0.060784891993569165,
            -0.011044647354320482
        ],
        [
            -0.028944284288408798,
            -0.013522655561677942,
            -0.021512336068659273,
            0.04455049397964717,
            0.008962057234799502,
            0.05870403150271974,
            0.00528355751217379,
            -0.015886922847242954,
            -0.001505057484531657,
            0.005145612261402691,
            -0.009413752824268488,
            0.0063338059116601,
            -0.006336873173760015,
            -0.034227879995029464,
            -0.002264069577635228,
            0.005789037637169569,
            0.004779826937954392,
            -0.001081554559637189,
            0.015738577637912435,
            -0.0027502428840810358
        ],
        [
            0.042286452475630947,
            0.08032984422994682,
            -0.14232738023763042,
            0.2880960696634496,
            0.05870403150271974,
            0.5320156862767836,
            0.16589844594840172,
            -0.06383712139893154,
            -0.05227346886388108,
            0.02053773139310062,
            0.048069231492890156,
            0.10858576576200017,
            -0.04706362658304219,
            -0.2755234429252114,
            -0.014714027727403,
            0.05248692267048408,
            0.04038252483123246,
            -0.001409478670680737,
            0.04824862483943917,
            -0.010856941107473433
        ],
        [
            0.18164043188198928,
            0.1371089221185603,
            -0.013892890496132737,
            0.024119243353108027,
            0.00528355751217379,
            0.16589844594840172,
            0.12114294936262766,
            0.026824822719252173,
            -0.025721721913640784,
            -0.00810815009344906,
            0.1110994989863601,
            0.0726428727720827,
            -0.0086715779796989,
            -0.05902971389016717,
            -0.0011449910108536749,
            0.031020094697447466,
            0.022815952092915908,
            0.0051135632530359635,
            -0.04667472538382445,
            0.005895661522443299
        ],
        [
            0.11441045593105564,
            0.06888529215305221,
            0.03765725706560995,
            -0.07997676134152125,
            -0.015886922847242954,
            -0.06383712139893154,
            0.026824822719252173,
            0.039484503578723684,
            -0.009557562925712698,
            -0.012886956718913276,
            0.04818902042378165,
            0.011417792391707095,
            0.009036091311074145,
            0.05347718334777545,
            0.002969590999809587,
            0.007199585241949477,
            0.002665821924668923,
            0.0032015401426543,
            -0.038223031032773774,
            0.006213638594033787
        ],
        [
            -0.20066169134036452,
            -0.11809553578098146,
            0.006940323982861793,
            0.014827618627387261,
            -0.001505057484531657,
            -0.05227346886388108,
            -0.025721721913640784,
            -0.009557562925712698,
            0.26488441796587237,
            0.01742085062238545,
            0.2848455048155176,
            0.053268604621986626,
            0.017819343089297904,
            -0.003000487677242065,
            0.025565250993712995,
            -0.03184773046560702,
            0.025811655382893647,
            0.0172217303918384,
            -0.22006824508389097,
            0.03298463575143569
        ],
        [
            -0.04509716279496881,
            -0.026442537708089676,
            -0.0120245790520407,
            0.02710451856775682,
            0.005145612261402691,
            0.02053773139310062,
            -0.00810815009344906,
            -0.012886956718913276,
            0.01742085062238545,
            0.005015924372739658,
            0.0019446047011367625,
            0.000101237626626426,
            -0.002020597059006428,
            -0.019054913576027056,
            0.0005329610066009142,
            -0.004756011302057231,
            0.00019547140644264214,
            2.8818458219626706e-05,
            -0.0010355115493472906,
            -2.7119541551187635e-05
        ],
        [
            0.026310480537966374,
            0.041129540408512424,
            0.02461129592163913,
            -0.02261177603131507,
            -0.009413752824268488,
            0.048069231492890156,
            0.1110994989863601,
            0.04818902042378165,
            0.2848455048155176,
            0.0019446047011367625,
            0.500570933557412,
            0.16622535155810791,
            0.01701726375931369,
            0.014692854000921936,
            0.02698502871437015,
            0.06356214456328553,
            0.0981549006312845,
            0.02717006127684374,
            -0.3205253297950819,
            0.04774657599163275
        ],
        [
            0.03797208856547971,
            0.028878919098510546,
            -0.016085409202385024,
            0.03687018392705723,
            0.0063338059116601,
            0.10858576576200017,
            0.0726428727720827,
            0.011417792391707095,
            0.053268604621986626,
            0.000101237626626426,
            0.16622535155810791,
            0.11552807199802437,
            -0.010948602818804868,
            0.03331480805002778,
            -0.007337884938212081,
            0.17760467109708644,
            0.1297975584499704,
            0.004465557817957199,
            -0.029414767431412414,
            0.004578828421640238
        ],
        [
            0.004325399809468112,
            0.0013626114479578552,
            0.015593934591427031,
            -0.030210292331387095,
            -0.006336873173760015,
            -0.04706362658304219,
            -0.0086715779796989,
            0.009036091311074145,
            0.017819343089297904,
            -0.002020597059006428,
            0.01701726375931369,
            -0.010948602818804868,
            0.00678469079091529,
            0.012300384050911417,
            0.004972756116150301,
            -0.03098421507317945,
            -0.0180805283524371,
            0.0020684710670956733,
            -0.030491198090520397,
            0.0047174935958017505
        ],
        [
            0.0330317767857924,
            -0.026386286648637323,
            0.08076177456353657,
            -0.16951764503636174,
            -0.034227879995029464,
            -0.2755234429252114,
            -0.05902971389016717,
            0.05347718334777545,
            -0.003000487677242065,
            -0.019054913576027056,
            0.014692854000921936,
            0.03331480805002778,
            0.012300384050911417,
            0.2810459847864535,
            -0.013268259755276094,
            0.23474606461712774,
            0.14484704309246707,
            -0.0037388095739807675,
            0.05856646919064207,
            -0.005337696867692822
        ],
        [
            -0.0049130904394161104,
            0.0002657554451989199,
            0.0059678911137955905,
            -0.009332537019861085,
            -0.002264069577635228,
            -0.014714027727403,
            -0.0011449910108536749,
            0.002969590999809587,
            0.025565250993712995,
            0.0005329610066009142,
            0.02698502871437015,
            -0.007337884938212081,
            0.004972756116150301,
            -0.013268259755276094,
            0.006018103121279972,
            -0.043002889919408954,
            -0.0236084686069555,
            0.0027659847039348535,
            -0.03898821688857281,
            0.005673525150937576
        ],
        [
            -0.0005423997362986356,
            -0.0361275964349782,
            -0.0175679662432869,
            0.028777501681167533,
            0.005789037637169569,
            0.05248692267048408,
            0.031020094697447466,
            0.007199585241949477,
            -0.03184773046560702,
            -0.004756011302057231,
            0.06356214456328553,
            0.17760467109708644,
            -0.03098421507317945,
            0.23474606461712774,
            -0.043002889919408954,
            0.5246635049112299,
            0.33741353607293323,
            -0.01038844721423319,
            0.1844877141208205,
            -0.024899537246632207
        ],
        [
            -0.029897534850174427,
            -0.03878321395175364,
            -0.013321952134585507,
            0.027692310463628876,
            0.004779826937954392,
            0.04038252483123246,
            0.022815952092915908,
            0.002665821924668923,
            0.025811655382893647,
            0.00019547140644264214,
            0.0981549006312845,
            0.1297975584499704,
            -0.0180805283524371,
            0.14484704309246707,
            -0.0236084686069555,
            0.33741353607293323,
            0.22567597514393134,
            -0.0034567492013024086,
            0.07903535028147815,
            -0.010163150510827508
        ],
        [
            0.0024568509300708576,
            0.0036484227432891734,
            0.002809344301456543,
            -0.003990508617565439,
            -0.001081554559637189,
            -0.001409478670680737,
            0.0051135632530359635,
            0.0032015401426543,
            0.0172217303918384,
            2.8818458219626706e-05,
            0.02717006127684374,
            0.004465557817957199,
            0.0020684710670956733,
            -0.0037388095739807675,
            0.0027659847039348535,
            -0.01038844721423319,
            -0.0034567492013024086,
            0.0018626131783699422,
            -0.023743150349839315,
            0.0034884162009875866
        ],
        [
            -0.014628219336965105,
            -0.03574331545000502,
            -0.04091781520861985,
            0.060784891993569165,
            0.015738577637912435,
            0.04824862483943917,
            -0.04667472538382445,
            -0.038223031032773774,
            -0.22006824508389097,
            -0.0010355115493472906,
            -0.3205253297950819,
            -0.029414767431412414,
            -0.030491198090520397,
            0.05856646919064207,
            -0.03898821688857281,
            0.1844877141208205,
            0.07903535028147815,
            -0.023743150349839315,
            0.3100108282111815,
            -0.045493136340119374
        ],
        [
            0.0018749365181126047,
            0.004529776735345618,
            0.007058891662001676,
            -0.011044647354320482,
            -0.0027502428840810358,
            -0.010856941107473433,
            0.005895661522443299,
            0.006213638594033787,
            0.03298463575143569,
            -2.7119541551187635e-05,
            0.04774657599163275,
            0.004578828421640238,
            0.0047174935958017505,
            -0.005337696867692822,
            0.005673525150937576,
            -0.024899537246632207,
            -0.010163150510827508,
            0.0034884162009875866,
            -0.045493136340119374,
            0.006716456216637579
        ]
    ]
}