{
    "opt_E": -2.2061195321427607,
    "HF_E": -2.1739893766413307,
    "B3LYP_E": -2.1768148018591913,
    "sto-3G_E": -2.1548860474328637,
    "proj": [
        [
            0.611967460373228,
            0.38260607424643767,
            -0.04953111262937393,
            -0.14118421143928775,
            0.026411203506977437,
            -0.06178196107100815,
            0.14076972922658693,
            -0.09478413992938384,
            -0.16954297688159298,
            0.04724271954569725,
            0.015164840953073255,
            0.02669476808133885,
            -0.02330452129661329,
            0.04752545868145443,
            0.005384248985242821,
            -0.003468495414341607,
            -0.02174739339669721,
            -0.0027787913793978075,
            -0.011423733421086947,
            0.0012701308762698973
        ],
        [
            0.38260607424643767,
            0.2685127428770446,
            -0.010741255775288729,
            -0.03798372661043387,
            0.0058351120953707356,
            0.09030759843893962,
            0.1434119482680118,
            -0.04313354232963388,
            -0.11606850469675362,
            0.02297705719978608,
            0.007982882673848694,
            0.03114953483120952,
            0.0051569788704390876,
            -0.03078860587102254,
            -0.0030060672060619694,
            -0.028186598305977095,
            -0.031376757429862664,
            -0.00043735435907551204,
            -0.007373706450691704,
            0.00035124414929105056
        ],
        [
            -0.04953111262937393,
            -0.010741255775288729,
            0.020118533419203433,
            0.049676564049480315,
            -0.010556018286484585,
            0.10098016381035207,
            0.027273289715887054,
            0.02372927178872588,
            -0.005361596354532392,
            -0.010178257615537164,
            -0.024529906640766035,
            0.008780309631097702,
            0.019758379119083548,
            -0.03459592168689937,
            -0.00818212141756056,
            0.007569243741326941,
            0.0007179595463378581,
            0.0028126679753442295,
            0.022807883215597364,
            -0.0032689198361317996
        ],
        [
            -0.14118421143928775,
            -0.03798372661043387,
            0.049676564049480315,
            0.12541325091204023,
            -0.02617472998835288,
            0.2505657418345531,
            0.06740408821456412,
            0.055517132733808906,
            0.007363376894186283,
            -0.02430994630650955,
            -0.027158677703179045,
            0.02977291570757437,
            0.04630084327666191,
            -0.09306392574414721,
            -0.0180809285101334,
            0.010815434411660935,
            0.003564593472683759,
            0.005163224688286517,
            0.034130969082110114,
            -0.005043155684422988
        ],
        [
            0.026411203506977437,
            0.0058351120953707356,
            -0.010556018286484585,
            -0.02617472998835288,
            0.00554334894125007,
            -0.053209330430112174,
            -0.014498640308858198,
            -0.01227733351707128,
            0.002031787723864054,
            0.005283160567705368,
            0.011386249327607116,
            -0.0050002563644719646,
            -0.010272915772334315,
            0.01856829807999071,
            0.004204632283335699,
            -0.003556099963566661,
            -0.00039857906010913976,
            -0.0013968983295400057,
            -0.010970940137237518,
            0.0015803481333685069
        ],
        [
            -0.06178196107100815,
            0.09030759843893962,
            0.10098016381035207,
            0.2505657418345531,
            -0.053209330430112174,
            0.6138410827955354,
            0.2513028741292356,
            0.08592087787968901,
            -0.03925091589067994,
            -0.03532575174438904,
            -0.0031351416084941007,
            0.11133546076528064,
            0.10328050091716139,
            -0.21745710613314093,
            -0.041384153087704496,
            0.032715966841850276,
            0.0128055108673973,
            0.009045295166842025,
            0.04982888532323911,
            -0.00778940692724116
        ],
        [
            0.14076972922658693,
            0.1434119482680118,
            0.027273289715887054,
            0.06740408821456412,
            -0.014498640308858198,
            0.2513028741292356,
            0.1607773887221944,
            -0.0026270655379480316,
            -0.02875333847173612,
            0.0030153822398637873,
            0.08579544140409326,
            0.08840102871058429,
            0.03312158067006342,
            -0.08072033536023446,
            -0.013695241807045047,
            0.02999520325365031,
            0.024187186703930573,
            -0.0006820504862872587,
            -0.024109830204323914,
            0.003037619186505824
        ],
        [
            -0.09478413992938384,
            -0.04313354232963388,
            0.02372927178872588,
            0.055517132733808906,
            -0.01227733351707128,
            0.08592087787968901,
            -0.0026270655379480316,
            0.04126125010787885,
            -0.02362975333922192,
            -0.017677833657077816,
            -0.10093780093050685,
            -0.022521894178482358,
            0.024045342002144744,
            -0.026131261234955665,
            -0.010857683230575123,
            0.004996098879111943,
            -0.012265454406198353,
            0.006500668055922393,
            0.06543608669710235,
            -0.009163088108429552
        ],
        [
            -0.16954297688159298,
            -0.11606850469675362,
            -0.005361596354532392,
            0.007363376894186283,
            0.002031787723864054,
            -0.03925091589067994,
            -0.02875333847173612,
            -0.02362975333922192,
            0.16156171659608703,
            0.006088068528440017,
            0.24249125426789941,
            0.055827034592403395,
            -0.02389295763516004,
            -0.026897510241387236,
            0.016612009057631848,
            -0.03179415917673547,
            0.030209801063711215,
            -0.013035475651920201,
            -0.1553926534576272,
            0.021531862870463797
        ],
        [
            0.04724271954569725,
            0.02297705719978608,
            -0.010178257615537164,
            -0.02430994630650955,
            0.005283160567705368,
            -0.03532575174438904,
            0.0030153822398637873,
            -0.017677833657077816,
            0.006088068528440017,
            0.0076926959632000564,
            0.03910765310514111,
            0.00941665380776253,
            -0.009762242449203994,
            0.012134262484273928,
            0.004225405005133935,
            -0.00027996338022027295,
            0.005380895854463717,
            -0.002533956310165268,
            -0.0248697343352396,
            0.0034943013714238335
        ],
        [
            0.015164840953073255,
            0.007982882673848694,
            -0.024529906640766035,
            -0.027158677703179045,
            0.011386249327607116,
            -0.0031351416084941007,
            0.08579544140409326,
            -0.10093780093050685,
            0.24249125426789941,
            0.03910765310514111,
            0.5715686468286549,
            0.1979760838817744,
            -0.04439257371470478,
            -0.03172631026487017,
            0.02670886347423799,
            0.024563897008502804,
            0.11422120370465592,
            -0.028431097127940726,
            -0.3252906689530365,
            0.04546825483618136
        ],
        [
            0.02669476808133885,
            0.03114953483120952,
            0.008780309631097702,
            0.02977291570757437,
            -0.0050002563644719646,
            0.11133546076528064,
            0.08840102871058429,
            -0.022521894178482358,
            0.055827034592403395,
            0.00941665380776253,
            0.1979760838817744,
            0.13581128645676904,
            0.011404447759288247,
            0.02481027987749677,
            -0.009556715313429776,
            0.17230193517980677,
            0.13591660989507484,
            -0.005313552471329321,
            -0.04983961707511422,
            0.008202760521006146
        ],
        [
            -0.02330452129661329,
            0.0051569788704390876,
            0.019758379119083548,
            0.04630084327666191,
            -0.010272915772334315,
            0.10328050091716139,
            0.03312158067006342,
            0.024045342002144744,
            -0.02389295763516004,
            -0.009762242449203994,
            -0.04439257371470478,
            0.011404447759288247,
            0.022600143119368865,
            -0.020447284052633935,
            -0.011155837901530267,
            0.03367772434725489,
            0.011961130709391875,
            0.004287438152033386,
            0.0435588977563132,
            -0.005950561788612086
        ],
        [
            0.04752545868145443,
            -0.03078860587102254,
            -0.03459592168689937,
            -0.09306392574414721,
            0.01856829807999071,
            -0.21745710613314093,
            -0.08072033536023446,
            -0.026131261234955665,
            -0.026897510241387236,
            0.012134262484273928,
            -0.03172631026487017,
            0.02481027987749677,
            -0.020447284052633935,
            0.20284921506283482,
            -0.005502066348510811,
            0.24798724570529584,
            0.14526613053278428,
            0.0032848093232470464,
            0.09029849318659129,
            -0.010016065055467677
        ],
        [
            0.005384248985242821,
            -0.0030060672060619694,
            -0.00818212141756056,
            -0.0180809285101334,
            0.004204632283335699,
            -0.041384153087704496,
            -0.013695241807045047,
            -0.010857683230575123,
            0.016612009057631848,
            0.004225405005133935,
            0.02670886347423799,
            -0.009556715313429776,
            -0.011155837901530267,
            -0.005502066348510811,
            0.006856246839186239,
            -0.04074301307347479,
            -0.019512981551381047,
            -0.0026728613963345367,
            -0.031985029344191854,
            0.004171410663442899
        ],
        [
            -0.003468495414341607,
            -0.028186598305977095,
            0.007569243741326941,
            0.010815434411660935,
            -0.003556099963566661,
            0.032715966841850276,
            0.02999520325365031,
            0.004996098879111943,
            -0.03179415917673547,
            -0.00027996338022027295,
            0.024563897008502804,
            0.17230193517980677,
            0.03367772434725489,
            0.24798724570529584,
            -0.04074301307347479,
            0.5578353175075587,
            0.34031641164546284,
            0.009690738973387627,
            0.17822287031067924,
            -0.019998339263496267
        ],
        [
            -0.02174739339669721,
            -0.031376757429862664,
            0.0007179595463378581,
            0.003564593472683759,
            -0.00039857906010913976,
            0.0128055108673973,
            0.024187186703930573,
            -0.012265454406198353,
            0.030209801063711215,
            0.005380895854463717,
            0.11422120370465592,
            0.13591660989507484,
            0.011961130709391875,
            0.14526613053278428,
            -0.019512981551381047,
            0.34031641164546284,
            0.22581236102442134,
            0.0008487971941015604,
            0.05030954248357405,
            -0.0040455892688615
        ],
        [
            -0.0027787913793978075,
            -0.00043735435907551204,
            0.0028126679753442295,
            0.005163224688286517,
            -0.0013968983295400057,
            0.009045295166842025,
            -0.0006820504862872587,
            0.006500668055922393,
            -0.013035475651920201,
            -0.002533956310165268,
            -0.028431097127940726,
            -0.005313552471329321,
            0.004287438152033386,
            0.0032848093232470464,
            -0.0026728613963345367,
            0.009690738973387627,
            0.0008487971941015604,
            0.0017412757405591889,
            0.020438102310421896,
            -0.0027747624029115913
        ],
        [
            -0.011423733421086947,
            -0.007373706450691704,
            0.022807883215597364,
            0.034130969082110114,
            -0.010970940137237518,
            0.04982888532323911,
            -0.024109830204323914,
            0.06543608669710235,
            -0.1553926534576272,
            -0.0248697343352396,
            -0.3252906689530365,
            -0.04983961707511422,
            0.0435588977563132,
            0.09029849318659129,
            -0.031985029344191854,
            0.17822287031067924,
            0.05030954248357405,
            0.020438102310421896,
            0.2536889092433629,
            -0.0338322884703616
        ],
        [
            0.0012701308762698973,
            0.00035124414929105056,
            -0.0032689198361317996,
            -0.005043155684422988,
            0.0015803481333685069,
            -0.00778940692724116,
            0.003037619186505824,
            -0.009163088108429552,
            0.021531862870463797,
            0.0034943013714238335,
            0.04546825483618136,
            0.008202760521006146,
            -0.005950561788612086,
            -0.010016065055467677,
            0.004171410663442899,
            -0.019998339263496267,
            -0.0040455892688615,
            -0.0027747624029115913,
            -0.0338322884703616,
            0.004547127469621331
        ]
    ]
}