{
    "opt_E": -2.20028484438055,
    "HF_E": -2.171856153377881,
    "B3LYP_E": -2.1729030640739246,
    "sto-3G_E": -2.1701680906935366,
    "proj": [
        [
            0.504647890510652,
            0.3126809545038215,
            0.014320098182683405,
            -0.16690730531786,
            0.025927506424916768,
            0.09406577130984523,
            0.19029953947327133,
            0.019064454775458314,
            -0.27112770580556084,
            0.044980218121784286,
            0.024965963165277823,
            0.03139985618972375,
            0.0035414420113420823,
            0.005590625832493992,
            -0.0011104729656346954,
            0.003683888239902864,
            -0.023985875344239006,
            -0.004212992380903907,
            -0.015826121493863095,
            0.0017575681377792886
        ],
        [
            0.3126809545038215,
            0.202975616714016,
            0.005636775034045757,
            -0.06273549074116326,
            0.009561427258791656,
            0.1175254386282935,
            0.13638028318919918,
            0.010018492315289866,
            -0.1471402490863361,
            0.024215005955725222,
            0.03253594982022985,
            0.026769355117899504,
            0.007854056165692973,
            -0.037505863140425,
            0.00030577032137389995,
            -0.023645839349578125,
            -0.025339195161410585,
            -0.003164081931029626,
            -0.027225913356443115,
            0.0018117286946854163
        ],
        [
            0.014320098182683405,
            0.005636775034045757,
            0.0018155273417193407,
            -0.024435461783884276,
            0.0039553219731700345,
            -0.02449936202823648,
            -0.0015883443452647855,
            -1.6263128251997006e-06,
            -0.012956946257992017,
            0.0029708956579008305,
            0.002079080996681533,
            -0.002821577623994927,
            -0.0038147694403165284,
            0.011897865670682968,
            -0.00015737884417360324,
            0.002383021871721832,
            -0.0004067001912720358,
            -0.0006539943412944077,
            -0.0029114609575582127,
            0.0001931425168732526
        ],
        [
            -0.16690730531786,
            -0.06273549074116326,
            -0.024435461783884276,
            0.34209551934571664,
            -0.05583735602336045,
            0.3563476923625116,
            0.02803033539271137,
            0.00924884544914453,
            0.14025239349093016,
            -0.03918060425965055,
            -0.08112947276889124,
            0.04295072921465528,
            0.06201033876555761,
            -0.1314444557324791,
            0.0003886219669402474,
            0.016626722321768254,
            0.027083819429839274,
            0.013436295034833215,
            0.09863321097552942,
            -0.005277319235551591
        ],
        [
            0.025927506424916768,
            0.009561427258791656,
            0.0039553219731700345,
            -0.05583735602336045,
            0.009130975133256189,
            -0.05866780277121453,
            -0.004721616764938618,
            -0.0018934195649022612,
            -0.021236587178137104,
            0.006307705938212319,
            0.015596745368594121,
            -0.006741847334370494,
            -0.010426322260010069,
            0.0205741288433846,
            -1.490293028677131e-05,
            -0.003685430635568581,
            -0.004628429857995363,
            -0.002350949870842308,
            -0.018159384402463022,
            0.0009541153719542605
        ],
        [
            0.09406577130984523,
            0.1175254386282935,
            -0.02449936202823648,
            0.3563476923625116,
            -0.05866780277121453,
            0.5501856617184646,
            0.17350244584157387,
            0.015596758475873518,
            0.04664572621560031,
            -0.02445802511182812,
            -0.023465086682728047,
            0.09936605319302177,
            0.08134843812200361,
            -0.19078453795435701,
            0.0005136083260506887,
            0.02334091050897709,
            0.03011967645389026,
            0.011633691363399496,
            0.07504878814802389,
            -0.0037637695531917334
        ],
        [
            0.19029953947327133,
            0.13638028318919918,
            -0.0015883443452647855,
            0.02803033539271137,
            -0.004721616764938618,
            0.17350244584157387,
            0.1264568496010247,
            -0.0024918797311821272,
            -0.039868896115773475,
            0.009410356103308566,
            0.10460316992898361,
            0.0729183651836282,
            0.014946106048026889,
            -0.05234050672111175,
            8.145961638965634e-05,
            0.030555270681798606,
            0.02714511485397934,
            -0.0035318165676853763,
            -0.04629409695662217,
            0.0024857368426097377
        ],
        [
            0.019064454775458314,
            0.010018492315289866,
            -1.6263128251997006e-06,
            0.00924884544914453,
            -0.0018934195649022612,
            0.015596758475873518,
            -0.0024918797311821272,
            0.01014268132024333,
            -0.0350763786116466,
            0.00038464676873980645,
            -0.07059313443020081,
            -0.017228082874122863,
            0.007907983204350327,
            0.008123239489692185,
            -0.0006511873026904747,
            0.00038177841447600516,
            -0.009516373536214581,
            0.004132939879836906,
            0.04984580483397355,
            -0.0023133519379754915
        ],
        [
            -0.27112770580556084,
            -0.1471402490863361,
            -0.012956946257992017,
            0.14025239349093016,
            -0.021236587178137104,
            0.04664572621560031,
            -0.039868896115773475,
            -0.0350763786116466,
            0.24364383131593137,
            -0.028567084153779333,
            0.1888712592551513,
            0.05579191538170176,
            -0.005394518515750606,
            -0.08188841772691857,
            0.0029248042953308254,
            -0.011281505362184245,
            0.038197217636934185,
            -0.0076006152336575115,
            -0.12577524021283,
            0.005262879537637718
        ],
        [
            0.044980218121784286,
            0.024215005955725222,
            0.0029708956579008305,
            -0.03918060425965055,
            0.006307705938212319,
            -0.02445802511182812,
            0.009410356103308566,
            0.00038464676873980645,
            -0.028567084153779333,
            0.0060947971805889204,
            0.008904649668402867,
            -0.00041281176216007384,
            -0.004870968641264197,
            0.013499882422931722,
            -0.00019217619549937473,
            0.0025338527285886808,
            -0.0014798779979486474,
            -0.0013214989236183567,
            -0.008079137890918723,
            0.0005023478728195716
        ],
        [
            0.024965963165277823,
            0.03253594982022985,
            0.002079080996681533,
            -0.08112947276889124,
            0.015596745368594121,
            -0.023465086682728047,
            0.10460316992898361,
            -0.07059313443020081,
            0.1888712592551513,
            0.008904649668402867,
            0.562681650398921,
            0.1819039838605321,
            -0.04687710695818583,
            -0.04449180178807502,
            0.0029410250923250694,
            0.07504776569427485,
            0.11522784051605948,
            -0.03049088151348812,
            -0.3576715904246282,
            0.01700312167846424
        ],
        [
            0.03139985618972375,
            0.026769355117899504,
            -0.002821577623994927,
            0.04295072921465528,
            -0.006741847334370494,
            0.09936605319302177,
            0.0729183651836282,
            -0.017228082874122863,
            0.05579191538170176,
            -0.00041281176216007384,
            0.1819039838605321,
            0.1293702043592905,
            0.009235458202451554,
            0.0383077783837554,
            -0.0030295014584602255,
            0.18802735566242404,
            0.1382572854908359,
            -0.003477719506318397,
            -0.03599968003774186,
            0.001989711354493617
        ],
        [
            0.0035414420113420823,
            0.007854056165692973,
            -0.0038147694403165284,
            0.06201033876555761,
            -0.010426322260010069,
            0.08134843812200361,
            0.014946106048026889,
            0.007907983204350327,
            -0.005394518515750606,
            -0.004870968641264197,
            -0.04687710695818583,
            0.009235458202451554,
            0.01715156166337412,
            -0.008542393153108136,
            -0.0008722065723399347,
            0.026410312033065847,
            0.01317882884831168,
            0.004914933871331439,
            0.050996418471983974,
            -0.0024144403647887685
        ],
        [
            0.005590625832493992,
            -0.037505863140425,
            0.011897865670682968,
            -0.1314444557324791,
            0.0205741288433846,
            -0.19078453795435701,
            -0.05234050672111175,
            0.008123239489692185,
            -0.08188841772691857,
            0.013499882422931722,
            -0.04449180178807502,
            0.0383077783837554,
            -0.008542393153108136,
            0.23682268033173132,
            -0.007962508095714641,
            0.2711541156429753,
            0.14656661124721546,
            0.006350629930864824,
            0.12924962802118184,
            -0.00543471379528955
        ],
        [
            -0.0011104729656346954,
            0.00030577032137389995,
            -0.00015737884417360324,
            0.0003886219669402474,
            -1.490293028677131e-05,
            0.0005136083260506887,
            8.145961638965634e-05,
            -0.0006511873026904747,
            0.0029248042953308254,
            -0.00019217619549937473,
            0.0029410250923250694,
            -0.0030295014584602255,
            -0.0008722065723399347,
            -0.007962508095714641,
            0.0003566517567137748,
            -0.012627038675383078,
            -0.007044130490779581,
            -0.0004973111005808944,
            -0.0073711113504335585,
            0.00032208579233325836
        ],
        [
            0.003683888239902864,
            -0.023645839349578125,
            0.002383021871721832,
            0.016626722321768254,
            -0.003685430635568581,
            0.02334091050897709,
            0.030555270681798606,
            0.00038177841447600516,
            -0.011281505362184245,
            0.0025338527285886808,
            0.07504776569427485,
            0.18802735566242404,
            0.026410312033065847,
            0.2711541156429753,
            -0.012627038675383078,
            0.5178862244997946,
            0.3192533640236791,
            0.010545625153677041,
            0.17246776925296708,
            -0.007239414696601987
        ],
        [
            -0.023985875344239006,
            -0.025339195161410585,
            -0.0004067001912720358,
            0.027083819429839274,
            -0.004628429857995363,
            0.03011967645389026,
            0.02714511485397934,
            -0.009516373536214581,
            0.038197217636934185,
            -0.0014798779979486474,
            0.11522784051605948,
            0.1382572854908359,
            0.01317882884831168,
            0.14656661124721546,
            -0.007044130490779581,
            0.3192533640236791,
            0.20827450594359984,
            0.0031375533337568446,
            0.060761830130533476,
            -0.002393177293201197
        ],
        [
            -0.004212992380903907,
            -0.003164081931029626,
            -0.0006539943412944077,
            0.013436295034833215,
            -0.002350949870842308,
            0.011633691363399496,
            -0.0035318165676853763,
            0.004132939879836906,
            -0.0076006152336575115,
            -0.0013214989236183567,
            -0.03049088151348812,
            -0.003477719506318397,
            0.004914933871331439,
            0.006350629930864824,
            -0.0004973111005808944,
            0.010545625153677041,
            0.0031375533337568446,
            0.002283181120220706,
            0.02664877818612329,
            -0.0012533030422314931
        ],
        [
            -0.015826121493863095,
            -0.027225913356443115,
            -0.0029114609575582127,
            0.09863321097552942,
            -0.018159384402463022,
            0.07504878814802389,
            -0.04629409695662217,
            0.04984580483397355,
            -0.12577524021283,
            -0.008079137890918723,
            -0.3576715904246282,
            -0.03599968003774186,
            0.050996418471983974,
            0.12924962802118184,
            -0.0073711113504335585,
            0.17246776925296708,
            0.060761830130533476,
            0.02664877818612329,
            0.3272759228312978,
            -0.015182491369906025
        ],
        [
            0.0017575681377792886,
            0.0018117286946854163,
            0.0001931425168732526,
            -0.005277319235551591,
            0.0009541153719542605,
            -0.0037637695531917334,
            0.0024857368426097377,
            -0.0023133519379754915,
            0.005262879537637718,
            0.0005023478728195716,
            0.01700312167846424,
            0.001989711354493617,
            -0.0024144403647887685,
            -0.00543471379528955,
            0.00032208579233325836,
            -0.007239414696601987,
            -0.002393177293201197,
            -0.0012533030422314931,
            -0.015182491369906025,
            0.0007080669134422535
        ]
    ]
}