{
    "opt_E": -2.2020671138150614,
    "HF_E": -2.1717261295360686,
    "B3LYP_E": -2.1738635669314412,
    "sto-3G_E": -2.162294464854555,
    "proj": [
        [
            0.584029921959399,
            0.36660017458283245,
            0.03090127560770989,
            -0.16763759833743752,
            -0.028452980625277374,
            -0.030210404065415922,
            0.16378358752183747,
            0.052585819894826705,
            -0.20153226936639793,
            -0.044220049584417234,
            0.03562100211944974,
            0.019095058607580876,
            0.0022914194222434,
            0.048181875036434146,
            0.00033459324963934094,
            0.0023446152429687866,
            -0.022389130323110157,
            0.0007276396049536037,
            -0.03178079525114266,
            0.01118653330947609
        ],
        [
            0.36660017458283245,
            0.2534067045315124,
            0.008817961229171889,
            -0.050812533406962346,
            -0.008396634318431994,
            0.09198969768972552,
            0.1453478244136898,
            0.02607416174887656,
            -0.12973828789943415,
            -0.022459561820921497,
            0.0216336009322411,
            0.02310224492336559,
            -0.0027290045679051723,
            -0.03310823472020022,
            0.0023088432563345995,
            -0.029082578511752832,
            -0.03065926680549978,
            9.07267717073441e-05,
            -0.022826406707757926,
            0.006631253334952587
        ],
        [
            0.03090127560770989,
            0.008817961229171889,
            0.007642138934366726,
            -0.03889256166681097,
            -0.0067817395167484645,
            -0.06014601968383214,
            -0.0120769922001243,
            0.006981197044282675,
            -0.0006267329500899607,
            -0.005062050391179114,
            0.014213262579919006,
            -0.0077696566597408555,
            0.0016658271842633129,
            0.022678591307881177,
            0.004677723331622647,
            -0.005375142271700489,
            -0.0035035549980212714,
            -0.0005104721247387384,
            -0.016562909630894476,
            0.006099160358618816
        ],
        [
            -0.16763759833743752,
            -0.050812533406962346,
            -0.03889256166681097,
            0.19884436939243177,
            0.03458263257182191,
            0.30547295770443234,
            0.06060831990530894,
            -0.03561092115204701,
            0.01605450089596926,
            0.026462423707507007,
            -0.0565542046209036,
            0.041214999155304494,
            -0.008844270698841444,
            -0.12255662285264193,
            -0.019998953676309533,
            0.018819484629039797,
            0.015454190495309538,
            0.0019667542006608064,
            0.07072213725497345,
            -0.026557943732900765
        ],
        [
            -0.028452980625277374,
            -0.008396634318431994,
            -0.0067817395167484645,
            0.03458263257182191,
            0.00602761130714112,
            0.05307718725229129,
            0.010328194709811833,
            -0.006254404808516436,
            0.0012914070216592044,
            0.004564206913402639,
            -0.01235701327550877,
            0.006332547022468996,
            -0.0015224460168192107,
            -0.021131264093102977,
            -0.0037280066798498156,
            0.002871509870279871,
            0.0020742049924737612,
            0.00040623872773776345,
            0.013761195259885029,
            -0.005113698507371471
        ],
        [
            -0.030210404065415922,
            0.09198969768972552,
            -0.06014601968383214,
            0.30547295770443234,
            0.05307718725229129,
            0.6006415565532447,
            0.22259084897805587,
            -0.039842316001373945,
            -0.028725292230856132,
            0.029640293245226167,
            -0.006808557719718976,
            0.11800434121575418,
            -0.01749250839761442,
            -0.23498869063156927,
            -0.028320049759441038,
            0.036770198883968916,
            0.02998531313224152,
            0.0018542806399607318,
            0.06758471494521369,
            -0.028087038868091378
        ],
        [
            0.16378358752183747,
            0.1453478244136898,
            -0.0120769922001243,
            0.06060831990530894,
            0.010328194709811833,
            0.22259084897805587,
            0.14843845582221013,
            0.004570089365915889,
            -0.03023049686477236,
            -0.0023855642865461854,
            0.09285878058644173,
            0.08025553202326394,
            -0.00641298974925621,
            -0.07882502453065966,
            -0.0030010424297950123,
            0.030650982424717345,
            0.02563879178679623,
            -0.0011149573928058007,
            -0.0321429354124971,
            0.00905124896729761
        ],
        [
            0.052585819894826705,
            0.02607416174887656,
            0.006981197044282675,
            -0.03561092115204701,
            -0.006254404808516436,
            -0.039842316001373945,
            0.004570089365915889,
            0.00831615792857709,
            -0.0028834430129785105,
            -0.005840250715819007,
            0.029754107717829877,
            0.0032435843420534106,
            0.001166376350690083,
            0.01777480190776137,
            0.004257114724585081,
            0.002534921253972564,
            0.0024765794643453365,
            -0.000690869589573484,
            -0.022115603213895062,
            0.007859183480564703
        ],
        [
            -0.20153226936639793,
            -0.12973828789943415,
            -0.0006267329500899607,
            0.01605450089596926,
            0.0012914070216592044,
            -0.028725292230856132,
            -0.03023049686477236,
            -0.0028834430129785105,
            0.2084850592713639,
            0.012208193800780693,
            0.2533190601751762,
            0.0570932187052356,
            -0.0024308208848677062,
            -0.04539656182222967,
            0.03906780359098686,
            -0.01961906690425631,
            0.032296534758037274,
            -0.008035065087935037,
            -0.17191519919875453,
            0.057835711083902314
        ],
        [
            -0.044220049584417234,
            -0.022459561820921497,
            -0.005062050391179114,
            0.026462423707507007,
            0.004564206913402639,
            0.029640293245226167,
            -0.0023855642865461854,
            -0.005840250715819007,
            0.012208193800780693,
            0.0046363283802948775,
            -0.006162919651763786,
            0.0019886222124234397,
            -0.0010301014765676107,
            -0.015805632560040066,
            -0.0010229998342271107,
            -0.0021279363376779615,
            0.00043468854998630896,
            5.188303900798562e-05,
            0.006062387622842855,
            -0.0023561295989400336
        ],
        [
            0.03562100211944974,
            0.0216336009322411,
            0.014213262579919006,
            -0.0565542046209036,
            -0.01235701327550877,
            -0.006808557719718976,
            0.09285878058644173,
            0.029754107717829877,
            0.2533190601751762,
            -0.006162919651763786,
            0.5403724157408937,
            0.177028843172225,
            -0.002593087493255103,
            -0.02544360808731825,
            0.05473770052150978,
            0.07517886495906767,
            0.11588618492749259,
            -0.013445440610903109,
            -0.32126503704221965,
            0.108876823021929
        ],
        [
            0.019095058607580876,
            0.02310224492336559,
            -0.0077696566597408555,
            0.041214999155304494,
            0.006332547022468996,
            0.11800434121575418,
            0.08025553202326394,
            0.0032435843420534106,
            0.0570932187052356,
            0.0019886222124234397,
            0.177028843172225,
            0.12642651401961488,
            -0.000517873490841455,
            0.026761873826276164,
            -0.017062705913160347,
            0.1821871240465086,
            0.1317669074003552,
            -0.0011750688261785624,
            -0.03265140249106368,
            0.01167520508845596
        ],
        [
            0.0022914194222434,
            -0.0027290045679051723,
            0.0016658271842633129,
            -0.008844270698841444,
            -0.0015224460168192107,
            -0.01749250839761442,
            -0.00641298974925621,
            0.001166376350690083,
            -0.0024308208848677062,
            -0.0010301014765676107,
            -0.002593087493255103,
            -0.000517873490841455,
            0.0008566474167534975,
            0.014115829164872735,
            -0.002003872335374693,
            0.011490292177029569,
            0.006060461941151056,
            0.00026637897899208385,
            0.00485190329173278,
            -0.0013507281676236852
        ],
        [
            0.048181875036434146,
            -0.03310823472020022,
            0.022678591307881177,
            -0.12255662285264193,
            -0.021131264093102977,
            -0.23498869063156927,
            -0.07882502453065966,
            0.01777480190776137,
            -0.04539656182222967,
            -0.015805632560040066,
            -0.02544360808731825,
            0.026761873826276164,
            0.014115829164872735,
            0.2460575532398354,
            -0.046254691303029644,
            0.25860913140451525,
            0.14311613856230068,
            0.005352378179018422,
            0.10060291241110414,
            -0.029018926309639592
        ],
        [
            0.00033459324963934094,
            0.0023088432563345995,
            0.004677723331622647,
            -0.019998953676309533,
            -0.0037280066798498156,
            -0.028320049759441038,
            -0.0030010424297950123,
            0.004257114724585081,
            0.03906780359098686,
            -0.0010229998342271107,
            0.05473770052150978,
            -0.017062705913160347,
            -0.002003872335374693,
            -0.046254691303029644,
            0.026416711932154013,
            -0.09409331685119278,
            -0.048233941705387,
            -0.0033545429276337275,
            -0.07542394259393065,
            0.02470307112683489
        ],
        [
            0.0023446152429687866,
            -0.029082578511752832,
            -0.005375142271700489,
            0.018819484629039797,
            0.002871509870279871,
            0.036770198883968916,
            0.030650982424717345,
            0.002534921253972564,
            -0.01961906690425631,
            -0.0021279363376779615,
            0.07517886495906767,
            0.1821871240465086,
            0.011490292177029569,
            0.25860913140451525,
            -0.09409331685119278,
            0.5237701872740184,
            0.31839376141561654,
            0.00795046336463296,
            0.16381217955675606,
            -0.05024423066874433
        ],
        [
            -0.022389130323110157,
            -0.03065926680549978,
            -0.0035035549980212714,
            0.015454190495309538,
            0.0020742049924737612,
            0.02998531313224152,
            0.02563879178679623,
            0.0024765794643453365,
            0.032296534758037274,
            0.00043468854998630896,
            0.11588618492749259,
            0.1317669074003552,
            0.006060461941151056,
            0.14311613856230068,
            -0.048233941705387,
            0.31839376141561654,
            0.20434679761754537,
            0.0028320038703937393,
            0.054976580564319574,
            -0.015621348664090819
        ],
        [
            0.0007276396049536037,
            9.07267717073441e-05,
            -0.0005104721247387384,
            0.0019667542006608064,
            0.00040623872773776345,
            0.0018542806399607318,
            -0.0011149573928058007,
            -0.000690869589573484,
            -0.008035065087935037,
            5.188303900798562e-05,
            -0.013445440610903109,
            -0.0011750688261785624,
            0.00026637897899208385,
            0.005352378179018422,
            -0.0033545429276337275,
            0.00795046336463296,
            0.0028320038703937393,
            0.0005290515200043905,
            0.012039560919550453,
            -0.003987829078966533
        ],
        [
            -0.03178079525114266,
            -0.022826406707757926,
            -0.016562909630894476,
            0.07072213725497345,
            0.013761195259885029,
            0.06758471494521369,
            -0.0321429354124971,
            -0.022115603213895062,
            -0.17191519919875453,
            0.006062387622842855,
            -0.32126503704221965,
            -0.03265140249106368,
            0.00485190329173278,
            0.10060291241110414,
            -0.07542394259393065,
            0.16381217955675606,
            0.054976580564319574,
            0.012039560919550453,
            0.27967377593335907,
            -0.09309145013137314
        ],
        [
            0.01118653330947609,
            0.006631253334952587,
            0.006099160358618816,
            -0.026557943732900765,
            -0.005113698507371471,
            -0.028087038868091378,
            0.00905124896729761,
            0.007859183480564703,
            0.057835711083902314,
            -0.0023561295989400336,
            0.108876823021929,
            0.01167520508845596,
            -0.0013507281676236852,
            -0.029018926309639592,
            0.02470307112683489,
            -0.05024423066874433,
            -0.015621348664090819,
            -0.003987829078966533,
            -0.09309145013137314,
            0.03108204122527977
        ]
    ]
}