{
    "opt_E": -2.1780853300570944,
    "HF_E": -2.1478633353094048,
    "B3LYP_E": -2.149781627022834,
    "sto-3G_E": -2.1339587035322096,
    "proj": [
        [
            0.5164828499079314,
            0.3335457382338434,
            -0.03927368036519311,
            -0.1698083689512196,
            0.011712256238558752,
            0.07200619926631367,
            0.18524416029571958,
            -0.07230010515537377,
            -0.24067205372083894,
            0.016010401911156928,
            0.042207016201508,
            0.03254453855912759,
            -0.0042349399129355605,
            0.023731151140780678,
            0.006027493278873004,
            0.0014332600676641965,
            -0.03204382724683188,
            0.005566405188500115,
            -0.02172510667996533,
            -0.008016823031718167
        ],
        [
            0.3335457382338434,
            0.22215278998642327,
            -0.01747009845251941,
            -0.07902785740686855,
            0.0055810343531891285,
            0.09416785215278624,
            0.1337826563586011,
            -0.04185563861810922,
            -0.1430104319618729,
            0.008781931023281368,
            0.042420616613785884,
            0.02470477122976923,
            0.002159254429998979,
            -0.02258911640613756,
            0.0003201097966643712,
            -0.029149716497604512,
            -0.03647372104843575,
            0.0064855819396888725,
            -0.026511761388703755,
            -0.008377819858746631
        ],
        [
            -0.03927368036519311,
            -0.01747009845251941,
            0.01974313042119428,
            0.07643824355150884,
            -0.004978796799680378,
            0.08507513473706738,
            0.006340208504773303,
            0.016028847699335953,
            0.01219862549098308,
            -0.003186770822294044,
            -0.01871212844164651,
            0.008007599652170358,
            -0.0009916575549737796,
            -0.05367800575261123,
            0.005803086718064261,
            0.0076257788427625635,
            0.0066291680844432965,
            -0.006379806271467879,
            0.020409768635197428,
            0.00739221428655884
        ],
        [
            -0.1698083689512196,
            -0.07902785740686855,
            0.07643824355150884,
            0.2973312719842046,
            -0.01931888084918179,
            0.3234112691318157,
            0.020986441076835824,
            0.06325900258791307,
            0.06593898074310442,
            -0.013141912776650817,
            -0.0537804903833354,
            0.03663912992103612,
            -0.002549372417217117,
            -0.2040546535030802,
            0.02047789684093369,
            0.03060893264108541,
            0.03062835442492394,
            -0.021877195517804163,
            0.06907669904306396,
            0.025442500212869194
        ],
        [
            0.011712256238558752,
            0.0055810343531891285,
            -0.004978796799680378,
            -0.01931888084918179,
            0.0012679042240507942,
            -0.02032488641000182,
            -0.0005728350090612783,
            -0.004241921386861373,
            -0.0037036792704771494,
            0.0008323912695036213,
            0.005499858479628307,
            -0.001108142479330273,
            9.819487517225739e-05,
            0.013759035434173986,
            -0.0012458459185781445,
            -0.0003757997609903732,
            -0.0006856785091120833,
            0.0015763029841099486,
            -0.005030519947086249,
            -0.0018383475106180985
        ],
        [
            0.07200619926631367,
            0.09416785215278624,
            0.08507513473706738,
            0.3234112691318157,
            -0.02032488641000182,
            0.5213253893912191,
            0.16135713010051164,
            0.044504212376653036,
            -0.008135425666932225,
            -0.010828336926150796,
            0.03007937918595652,
            0.10024017217854206,
            9.341915195303647e-05,
            -0.2807048171915689,
            0.0252122960252988,
            0.036644818816713984,
            0.032425842575113537,
            -0.015756077852180042,
            0.04134529520955412,
            0.017639334164750897
        ],
        [
            0.18524416029571958,
            0.1337826563586011,
            0.006340208504773303,
            0.020986441076835824,
            -0.0005728350090612783,
            0.16135713010051164,
            0.12091335747795989,
            -0.016015908556379927,
            -0.028161206948678394,
            0.0006227484632944368,
            0.12125721558297159,
            0.07569516118409685,
            0.0033919832504323783,
            -0.050843935426033646,
            0.0017589128218098698,
            0.02467486334963444,
            0.02340184634447576,
            0.011297914751978952,
            -0.04484265746900444,
            -0.013612905517420764
        ],
        [
            -0.07230010515537377,
            -0.04185563861810922,
            0.016028847699335953,
            0.06325900258791307,
            -0.004241921386861373,
            0.044504212376653036,
            -0.016015908556379927,
            0.017072756734319933,
            0.024099431719108715,
            -0.0032397764375863523,
            -0.027544155670484464,
            -0.004288783938834044,
            -0.00025190851593928946,
            -0.038251888955838635,
            0.0031537638515877126,
            -0.0017686736237511923,
            0.001092656574231561,
            -0.005722221245924206,
            0.01907114042944644,
            0.006780896778679393
        ],
        [
            -0.24067205372083894,
            -0.1430104319618729,
            0.01219862549098308,
            0.06593898074310442,
            -0.0037036792704771494,
            -0.008135425666932225,
            -0.028161206948678394,
            0.024099431719108715,
            0.27163672990408877,
            -0.013253561449381227,
            0.27071927307377375,
            0.07426994959618453,
            0.027027212326759874,
            -0.01514299507030129,
            -0.034782880228524486,
            -0.05151702830169955,
            0.029402476886480348,
            0.04340112419646243,
            -0.1568434806958348,
            -0.0487074974290728
        ],
        [
            0.016010401911156928,
            0.008781931023281368,
            -0.003186770822294044,
            -0.013141912776650817,
            0.0008323912695036213,
            -0.010828336926150796,
            0.0006227484632944368,
            -0.0032397764375863523,
            -0.013253561449381227,
            0.0009972493814435703,
            -0.008666812753294773,
            -0.004103103552288068,
            -0.000988231674214202,
            0.007761607522756876,
            0.000673227659529281,
            0.0010681522828340107,
            -0.002185235899453548,
            -0.000938871197883955,
            0.0037400267027255106,
            0.0010201101988803985
        ],
        [
            0.042207016201508,
            0.042420616613785884,
            -0.01871212844164651,
            -0.0537804903833354,
            0.005499858479628307,
            0.03007937918595652,
            0.12125721558297159,
            -0.027544155670484464,
            0.27071927307377375,
            -0.008666812753294773,
            0.5509823109436246,
            0.1966800845797392,
            0.03480510453773375,
            0.046354696019470724,
            -0.046775635784933746,
            0.004199111562609479,
            0.08774807257893144,
            0.08046288145431917,
            -0.2896373448176602,
            -0.09221570823990374
        ],
        [
            0.03254453855912759,
            0.02470477122976923,
            0.008007599652170358,
            0.03663912992103612,
            -0.001108142479330273,
            0.10024017217854206,
            0.07569516118409685,
            -0.004288783938834044,
            0.07426994959618453,
            -0.004103103552288068,
            0.1966800845797392,
            0.13284675766287318,
            -0.007390424343901217,
            0.030582444917023093,
            0.010979170482314988,
            0.17057131260649766,
            0.13913245182955086,
            0.01301892238867294,
            -0.046179829597112455,
            -0.015625663822979002
        ],
        [
            -0.0042349399129355605,
            0.002159254429998979,
            -0.0009916575549737796,
            -0.002549372417217117,
            9.819487517225739e-05,
            9.341915195303647e-05,
            0.0033919832504323783,
            -0.00025190851593928946,
            0.027027212326759874,
            -0.000988231674214202,
            0.03480510453773375,
            -0.007390424343901217,
            0.010298077593522694,
            -0.022474416823181104,
            -0.012534736425619262,
            -0.0668988861077844,
            -0.03663644197470754,
            0.010174242779707639,
            -0.037945677811964805,
            -0.01138424345867773
        ],
        [
            0.023731151140780678,
            -0.02258911640613756,
            -0.05367800575261123,
            -0.2040546535030802,
            0.013759035434173986,
            -0.2807048171915689,
            -0.050843935426033646,
            -0.038251888955838635,
            -0.01514299507030129,
            0.007761607522756876,
            0.046354696019470724,
            0.030582444917023093,
            -0.022474416823181104,
            0.24696823371828583,
            0.011711786822302063,
            0.19476694008514078,
            0.12389091520568556,
            0.0018349896507209769,
            0.0062013768356634046,
            -0.0028697239405842357
        ],
        [
            0.006027493278873004,
            0.0003201097966643712,
            0.005803086718064261,
            0.02047789684093369,
            -0.0012458459185781445,
            0.0252122960252988,
            0.0017589128218098698,
            0.0031537638515877126,
            -0.034782880228524486,
            0.000673227659529281,
            -0.046775635784933746,
            0.010979170482314988,
            -0.012534736425619262,
            0.011711786822302063,
            0.016574360093926575,
            0.08036889928652459,
            0.04363592710412113,
            -0.01381538446295597,
            0.050523866379175636,
            0.015494372570400657
        ],
        [
            0.0014332600676641965,
            -0.029149716497604512,
            0.0076257788427625635,
            0.03060893264108541,
            -0.0003757997609903732,
            0.036644818816713984,
            0.02467486334963444,
            -0.0017686736237511923,
            -0.05151702830169955,
            0.0010681522828340107,
            0.004199111562609479,
            0.17057131260649766,
            -0.0668988861077844,
            0.19476694008514078,
            0.08036889928652459,
            0.5648368080898836,
            0.3603055149862113,
            -0.043129484893352485,
            0.1656567888912963,
            0.04728516920390839
        ],
        [
            -0.03204382724683188,
            -0.03647372104843575,
            0.0066291680844432965,
            0.03062835442492394,
            -0.0006856785091120833,
            0.032425842575113537,
            0.02340184634447576,
            0.001092656574231561,
            0.029402476886480348,
            -0.002185235899453548,
            0.08774807257893144,
            0.13913245182955086,
            -0.03663644197470754,
            0.12389091520568556,
            0.04363592710412113,
            0.3603055149862113,
            0.2461966335869852,
            -0.015332456215839752,
            0.06164364882398936,
            0.016331268897957742
        ],
        [
            0.005566405188500115,
            0.0064855819396888725,
            -0.006379806271467879,
            -0.021877195517804163,
            0.0015763029841099486,
            -0.015756077852180042,
            0.011297914751978952,
            -0.005722221245924206,
            0.04340112419646243,
            -0.000938871197883955,
            0.08046288145431917,
            0.01301892238867294,
            0.010174242779707639,
            0.0018349896507209769,
            -0.01381538446295597,
            -0.043129484893352485,
            -0.015332456215839752,
            0.015725192082792393,
            -0.05687199371980603,
            -0.017852435599597358
        ],
        [
            -0.02172510667996533,
            -0.026511761388703755,
            0.020409768635197428,
            0.06907669904306396,
            -0.005030519947086249,
            0.04134529520955412,
            -0.04484265746900444,
            0.01907114042944644,
            -0.1568434806958348,
            0.0037400267027255106,
            -0.2896373448176602,
            -0.046179829597112455,
            -0.037945677811964805,
            0.0062013768356634046,
            0.050523866379175636,
            0.1656567888912963,
            0.06164364882398936,
            -0.05687199371980603,
            0.2063692406532567,
            0.06453604941166505
        ],
        [
            -0.008016823031718167,
            -0.008377819858746631,
            0.00739221428655884,
            0.025442500212869194,
            -0.0018383475106180985,
            0.017639334164750897,
            -0.013612905517420764,
            0.006780896778679393,
            -0.0487074974290728,
            0.0010201101988803985,
            -0.09221570823990374,
            -0.015625663822979002,
            -0.01138424345867773,
            -0.0028697239405842357,
            0.015494372570400657,
            0.04728516920390839,
            0.016331268897957742,
            -0.017852435599597358,
            0.06453604941166505,
            0.02027895616201462
        ]
    ]
}