{
    "opt_E": -2.2105156117579075,
    "HF_E": -2.177805031640215,
    "B3LYP_E": -2.18086663758074,
    "sto-3G_E": -2.1638895304693166,
    "proj": [
        [
            0.5979989746573711,
            0.3668114614482812,
            0.010977196060474412,
            -0.15428940829517213,
            -0.038216777737760096,
            -0.034205153408911025,
            0.15662004359510118,
            0.035377501101890314,
            -0.20257404915937405,
            -0.07765658149213721,
            0.03358842352640668,
            0.021094269728363417,
            0.01218310601379093,
            0.0596440136769222,
            -0.007790451584207495,
            -0.0028742603535210844,
            -0.025015868022473117,
            -0.0015091877459724003,
            -0.021430917333190035,
            0.0024139577211541897
        ],
        [
            0.3668114614482812,
            0.2504514800002508,
            0.0012944445323423103,
            -0.04081169733282191,
            -0.00799192419090022,
            0.0973819764550658,
            0.14101256439243195,
            0.012701116264450172,
            -0.1315131546073768,
            -0.036691779163748654,
            0.012745964860761636,
            0.023428066910205027,
            -0.0055588548864595935,
            -0.027170127198932463,
            0.002618142329087241,
            -0.023712497884604142,
            -0.03438497643087218,
            -0.00016364869075775776,
            -0.006375917486202466,
            0.00021396910238757623
        ],
        [
            0.010977196060474412,
            0.0012944445323423103,
            0.001552365893040379,
            -0.01561017192563481,
            -0.0044332049769381585,
            -0.02792482539808113,
            -0.006614083818526057,
            0.0033970202683303486,
            0.001157993560723915,
            -0.00433331649528523,
            0.008149179481630386,
            -0.002382472102067773,
            0.0029423429426247427,
            0.012452419128647078,
            -0.0013030012605734242,
            -0.004449213437834723,
            -0.000893900901709585,
            -0.0008284756978060485,
            -0.007029143118760466,
            0.0010283644171927737
        ],
        [
            -0.15428940829517213,
            -0.04081169733282191,
            -0.01561017192563481,
            0.16329401890084674,
            0.04559787599245429,
            0.27744703989509634,
            0.059360071645266174,
            -0.031890811876133095,
            0.022601162177366633,
            0.045886077741164176,
            -0.04441151074254489,
            0.032416801591716,
            -0.029819869985292444,
            -0.1316313938772545,
            0.014640905024330814,
            0.027613883963834983,
            0.008222840670894276,
            0.005550903385758807,
            0.048314302898732425,
            -0.007260425643220061
        ],
        [
            -0.038216777737760096,
            -0.00799192419090022,
            -0.0044332049769381585,
            0.04559787599245429,
            0.012825067627201068,
            0.0793210547753737,
            0.017839404218171834,
            -0.00932582826048353,
            0.0021887983932896123,
            0.012731566646278475,
            -0.01718050560275403,
            0.00804950230038086,
            -0.00847252467329547,
            -0.0368511699989954,
            0.004003240652055073,
            0.009370241864780868,
            0.002058614661921579,
            0.0018986714858303987,
            0.01631449126959949,
            -0.0024195935920546443
        ],
        [
            -0.034205153408911025,
            0.0973819764550658,
            -0.02792482539808113,
            0.27744703989509634,
            0.0793210547753737,
            0.5957481174768644,
            0.22436861677216777,
            -0.04406272309829362,
            -0.019533851380475656,
            0.0560683006806713,
            -0.005615863889626724,
            0.1094496620563364,
            -0.058562258631379975,
            -0.26060881356109283,
            0.029589155969410873,
            0.04976991168703184,
            0.014613265465877047,
            0.006861672014251443,
            0.057097312696848826,
            -0.009591214713382036
        ],
        [
            0.15662004359510118,
            0.14101256439243195,
            -0.006614083818526057,
            0.059360071645266174,
            0.017839404218171834,
            0.22436861677216777,
            0.1500201737040166,
            0.0037987733927498505,
            -0.019906846525082095,
            -0.007511848707158783,
            0.10849793179367873,
            0.08887038446422926,
            -0.01750195337551535,
            -0.08070823863801475,
            0.010364884696658706,
            0.018833320977201754,
            0.019489384945462204,
            -0.0035413722891733074,
            -0.03239185708967132,
            0.0034777466848973536
        ],
        [
            0.035377501101890314,
            0.012701116264450172,
            0.0033970202683303486,
            -0.031890811876133095,
            -0.00932582826048353,
            -0.04406272309829362,
            0.0037987733927498505,
            0.01220846373927841,
            0.019863035615359362,
            -0.013015644713246094,
            0.0672661307284405,
            0.01708714619355565,
            0.005830877080337071,
            0.022076605688935765,
            -0.0015431781317742455,
            -0.01070416585043102,
            0.006501225850661392,
            -0.004524348001534789,
            -0.03828262954252505,
            0.005268829860584463
        ],
        [
            -0.20257404915937405,
            -0.1315131546073768,
            0.001157993560723915,
            0.022601162177366633,
            0.0021887983932896123,
            -0.019533851380475656,
            -0.019906846525082095,
            0.019863035615359362,
            0.19462688549525703,
            0.004010056831663183,
            0.25753612015895144,
            0.07732200295866472,
            0.00192388868397443,
            -0.01583187542804248,
            0.006596731494607439,
            -0.05817073397138288,
            0.02716236486693803,
            -0.017054011144361742,
            -0.13904613914056663,
            0.019030987340843453
        ],
        [
            -0.07765658149213721,
            -0.036691779163748654,
            -0.00433331649528523,
            0.045886077741164176,
            0.012731566646278475,
            0.0560683006806713,
            -0.007511848707158783,
            -0.013015644713246094,
            0.004010056831663183,
            0.017786858333536652,
            -0.048286702732865464,
            -0.010180625965213968,
            -0.007475886764809653,
            -0.03197906456456179,
            0.0031115012743809876,
            0.005088375729968479,
            -0.00431697883490406,
            0.003302761257302189,
            0.028756535804053008,
            -0.0039782173686534585
        ],
        [
            0.03358842352640668,
            0.012745964860761636,
            0.008149179481630386,
            -0.04441151074254489,
            -0.01718050560275403,
            -0.005615863889626724,
            0.10849793179367873,
            0.0672661307284405,
            0.25753612015895144,
            -0.048286702732865464,
            0.5952393557632523,
            0.2238975252662597,
            0.01142965636187926,
            0.018259702132917353,
            0.006942805195718301,
            -0.037799390112401667,
            0.09684037199480129,
            -0.035384317879577215,
            -0.2966857101064645,
            0.03995824804583462
        ],
        [
            0.021094269728363417,
            0.023428066910205027,
            -0.002382472102067773,
            0.032416801591716,
            0.00804950230038086,
            0.1094496620563364,
            0.08887038446422926,
            0.01708714619355565,
            0.07732200295866472,
            -0.010180625965213968,
            0.2238975252662597,
            0.15009298674514523,
            0.0004469850443727997,
            0.021063930820689754,
            -0.00042049775465463624,
            0.1571465089796252,
            0.1414369040581339,
            -0.006987949155075203,
            -0.06176711006618466,
            0.0078000124677297085
        ],
        [
            0.01218310601379093,
            -0.0055588548864595935,
            0.0029423429426247427,
            -0.029819869985292444,
            -0.00847252467329547,
            -0.058562258631379975,
            -0.01750195337551535,
            0.005830877080337071,
            0.00192388868397443,
            -0.007475886764809653,
            0.01142965636187926,
            0.0004469850443727997,
            0.007133256955654752,
            0.03606947095820528,
            -0.00416750853548834,
            0.019484348907181943,
            0.01581072439222713,
            -0.0005238533055596253,
            -0.004915242815162896,
            0.0008176170092595148
        ],
        [
            0.0596440136769222,
            -0.027170127198932463,
            0.012452419128647078,
            -0.1316313938772545,
            -0.0368511699989954,
            -0.26060881356109283,
            -0.08070823863801475,
            0.022076605688935765,
            -0.01583187542804248,
            -0.03197906456456179,
            0.018259702132917353,
            0.021063930820689754,
            0.03606947095820528,
            0.20347910215421056,
            -0.024915000612541614,
            0.2021714937753572,
            0.13664415916445494,
            0.003167023569570065,
            0.022108898548776817,
            -0.0023950614645956965
        ],
        [
            -0.007790451584207495,
            0.002618142329087241,
            -0.0013030012605734242,
            0.014640905024330814,
            0.004003240652055073,
            0.029589155969410873,
            0.010364884696658706,
            -0.0015431781317742455,
            0.006596731494607439,
            0.0031115012743809876,
            0.006942805195718301,
            -0.00042049775465463624,
            -0.00416750853548834,
            -0.024915000612541614,
            0.0032188781833415517,
            -0.028604376495634094,
            -0.01719277383587504,
            -0.0010559592262994611,
            -0.008236538847165156,
            0.0010490320312944524
        ],
        [
            -0.0028742603535210844,
            -0.023712497884604142,
            -0.004449213437834723,
            0.027613883963834983,
            0.009370241864780868,
            0.04976991168703184,
            0.018833320977201754,
            -0.01070416585043102,
            -0.05817073397138288,
            0.005088375729968479,
            -0.037799390112401667,
            0.1571465089796252,
            0.019484348907181943,
            0.2021714937753572,
            -0.028604376495634094,
            0.5952036714356586,
            0.3686143500672699,
            0.021237234078360232,
            0.16755808285905874,
            -0.02326580720816046
        ],
        [
            -0.025015868022473117,
            -0.03438497643087218,
            -0.000893900901709585,
            0.008222840670894276,
            0.002058614661921579,
            0.014613265465877047,
            0.019489384945462204,
            0.006501225850661392,
            0.02716236486693803,
            -0.00431697883490406,
            0.09684037199480129,
            0.1414369040581339,
            0.01581072439222713,
            0.13664415916445494,
            -0.01719277383587504,
            0.3686143500672699,
            0.2547022512778484,
            0.006076058694288238,
            0.04474629016140879,
            -0.006389206010919164
        ],
        [
            -0.0015091877459724003,
            -0.00016364869075775776,
            -0.0008284756978060485,
            0.005550903385758807,
            0.0018986714858303987,
            0.006861672014251443,
            -0.0035413722891733074,
            -0.004524348001534789,
            -0.017054011144361742,
            0.003302761257302189,
            -0.035384317879577215,
            -0.006987949155075203,
            -0.0005238533055596253,
            0.003167023569570065,
            -0.0010559592262994611,
            0.021237234078360232,
            0.006076058694288238,
            0.0027541789558146565,
            0.022748188415423372,
            -0.0031023355655785604
        ],
        [
            -0.021430917333190035,
            -0.006375917486202466,
            -0.007029143118760466,
            0.048314302898732425,
            0.01631449126959949,
            0.057097312696848826,
            -0.03239185708967132,
            -0.03828262954252505,
            -0.13904613914056663,
            0.028756535804053008,
            -0.2966857101064645,
            -0.06176711006618466,
            -0.004915242815162896,
            0.022108898548776817,
            -0.008236538847165156,
            0.16755808285905874,
            0.04474629016140879,
            0.022748188415423372,
            0.18816183929235297,
            -0.025645808541888335
        ],
        [
            0.0024139577211541897,
            0.00021396910238757623,
            0.0010283644171927737,
            -0.007260425643220061,
            -0.0024195935920546443,
            -0.009591214713382036,
            0.0034777466848973536,
            0.005268829860584463,
            0.019030987340843453,
            -0.0039782173686534585,
            0.03995824804583462,
            0.0078000124677297085,
            0.0008176170092595148,
            -0.0023950614645956965,
            0.0010490320312944524,
            -0.02326580720816046,
            -0.006389206010919164,
            -0.0031023355655785604,
            -0.025645808541888335,
            0.0035020734090574004
        ]
    ]
}