{
    "opt_E": -2.215678897662334,
    "HF_E": -2.183749128337648,
    "B3LYP_E": -2.1860990307968162,
    "sto-3G_E": -2.172102771531163,
    "proj": [
        [
            0.5795165394196239,
            0.3616255761250687,
            -0.01125276747537111,
            -0.1749341021436228,
            0.021172706651893882,
            -0.02191266963646611,
            0.1652484168394666,
            -0.023603038195249927,
            -0.21747827926645985,
            0.01818825313821567,
            0.04180965295018012,
            0.01963099216202367,
            -0.0022058975925731738,
            0.04609930015712042,
            -0.0076259866441141235,
            -0.0009823579589611656,
            -0.024428501703399972,
            -0.0004158996603557359,
            -0.025115076299854423,
            -0.014319398819771461
        ],
        [
            0.3616255761250687,
            0.24918982632999218,
            -0.0027291499775695047,
            -0.049641028842747334,
            0.0066280753426753046,
            0.10025880144466832,
            0.1441064279562627,
            -0.010970656511259865,
            -0.13794988395868482,
            0.013929125843743817,
            0.017317566270528845,
            0.021499904596619577,
            0.0013925086665733488,
            -0.028991528098453085,
            0.007613344821518766,
            -0.0278062275821815,
            -0.03157573965304413,
            -4.0129850987082005e-05,
            -0.013646638138499551,
            -0.00485295146208936
        ],
        [
            -0.01125276747537111,
            -0.0027291499775695047,
            0.001041754580156898,
            0.014980181939924382,
            -0.0016788903587092194,
            0.02246086467917949,
            0.004759967533460896,
            0.0012042784546264583,
            0.0031209570021138553,
            0.00035547941201734495,
            -0.0032352632340402047,
            0.002554214077276658,
            0.0005039921735000191,
            -0.010050358195683316,
            0.0035725805110721816,
            -0.00035275799364143317,
            0.00016544794659189386,
            -4.496702796655348e-06,
            0.002619676783504369,
            0.001695433664619778
        ],
        [
            -0.1749341021436228,
            -0.049641028842747334,
            0.014980181939924382,
            0.21677622188022844,
            -0.02430767867535505,
            0.316092275970398,
            0.05995873013272754,
            0.018059195989966727,
            0.04180982212468475,
            0.006960811145931273,
            -0.06303074815583344,
            0.03447261805993092,
            0.006871071857373386,
            -0.13505727471521628,
            0.05606293046871517,
            0.012272709514086846,
            0.010717411503258239,
            -0.00046855732185494876,
            0.05053208774946023,
            0.029320027993595225
        ],
        [
            0.021172706651893882,
            0.0066280753426753046,
            -0.0016788903587092194,
            -0.02430767867535505,
            0.0027372366012675974,
            -0.03451438345295442,
            -0.005745161421817917,
            -0.0020765910056536425,
            -0.005122156453886014,
            -0.000753411959165689,
            0.007819993427743803,
            -0.002916921960024757,
            -0.0007815508128530206,
            0.015551791991826025,
            -0.005933404206335772,
            0.00034978807684564147,
            -9.239644556268626e-05,
            4.755994942734745e-05,
            -0.005518980945232547,
            -0.0032487023310103728
        ],
        [
            -0.02191266963646611,
            0.10025880144466832,
            0.02246086467917949,
            0.316092275970398,
            -0.03451438345295442,
            0.5968831915754956,
            0.2187907804105897,
            0.01956745537147332,
            -0.0007453202647789319,
            0.01246420714175407,
            -0.014196781291660823,
            0.1059964304129295,
            0.012136625701808727,
            -0.23831683455420113,
            0.09086593402399842,
            0.02033230387019343,
            0.02002374160926002,
            0.0002653587083016327,
            0.040802896624994714,
            0.030797259536674428
        ],
        [
            0.1652484168394666,
            0.1441064279562627,
            0.004759967533460896,
            0.05995873013272754,
            -0.005745161421817917,
            0.2187907804105897,
            0.14791015097484334,
            -0.0023545305530029044,
            -0.025699730278701923,
            -0.0014201101523346918,
            0.1016899619901931,
            0.0848103271842939,
            0.003691355251955489,
            -0.07050180475245538,
            0.021824264845996717,
            0.027070793132668688,
            0.028277182729344832,
            0.0013339399169118693,
            -0.03366321181913573,
            -0.010459130557099896
        ],
        [
            -0.023603038195249927,
            -0.010970656511259865,
            0.0012042784546264583,
            0.018059195989966727,
            -0.0020765910056536425,
            0.01956745537147332,
            -0.0023545305530029044,
            0.0020143838114260928,
            0.001397411620609718,
            0.0017729808841259725,
            -0.01866629814617586,
            -0.003395719671614004,
            0.0004614925647872748,
            -0.009030248089993517,
            0.005516149198262055,
            0.0002920810871880181,
            -0.0014539236401657047,
            -0.00024042477901170547,
            0.01041835216654827,
            0.0049495458679558275
        ],
        [
            -0.21747827926645985,
            -0.13794988395868482,
            0.0031209570021138553,
            0.04180982212468475,
            -0.005122156453886014,
            -0.0007453202647789319,
            -0.025699730278701923,
            0.001397411620609718,
            0.19521870794937465,
            -0.040366228633836085,
            0.23911632781409944,
            0.06982267966411636,
            0.0013968098186163613,
            -0.03552592333973421,
            -0.04312644989519139,
            -0.03759327934713673,
            0.029214197866386855,
            0.004612815631690623,
            -0.12865417530377585,
            -0.05185826810832395
        ],
        [
            0.01818825313821567,
            0.013929125843743817,
            0.00035547941201734495,
            0.006960811145931273,
            -0.000753411959165689,
            0.01246420714175407,
            -0.0014201101523346918,
            0.0017729808841259725,
            -0.040366228633836085,
            0.010663260179676164,
            -0.0735208138001877,
            -0.019633207131741225,
            -4.763397551364942e-05,
            0.003272252367831234,
            0.015134537514169173,
            0.013073785025558267,
            -0.0053074100165167275,
            -0.001328048365160098,
            0.040806466230002926,
            0.017001916336453923
        ],
        [
            0.04180965295018012,
            0.017317566270528845,
            -0.0032352632340402047,
            -0.06303074815583344,
            0.007819993427743803,
            -0.014196781291660823,
            0.1016899619901931,
            -0.01866629814617586,
            0.23911632781409944,
            -0.0735208138001877,
            0.5899448541011897,
            0.20787854436240066,
            -0.00011670663132412822,
            -0.0031626648710444648,
            -0.08737338666966575,
            0.0074360135465024214,
            0.10229552108028843,
            0.00940463210932906,
            -0.2927192116106779,
            -0.12326581765081289
        ],
        [
            0.01963099216202367,
            0.021499904596619577,
            0.002554214077276658,
            0.03447261805993092,
            -0.002916921960024757,
            0.1059964304129295,
            0.0848103271842939,
            -0.003395719671614004,
            0.06982267966411636,
            -0.019633207131741225,
            0.20787854436240066,
            0.14095400461562813,
            -0.00028214078349794063,
            0.02193765226932668,
            0.016691329417889714,
            0.16996049627469975,
            0.13924357900131526,
            0.001942896165254999,
            -0.05080062535127452,
            -0.022393516427692026
        ],
        [
            -0.0022058975925731738,
            0.0013925086665733488,
            0.0005039921735000191,
            0.006871071857373386,
            -0.0007815508128530206,
            0.012136625701808727,
            0.003691355251955489,
            0.0004614925647872748,
            0.0013968098186163613,
            -4.763397551364942e-05,
            -0.00011670663132412822,
            -0.00028214078349794063,
            0.00038250252865131186,
            -0.008486094953712409,
            0.00018770954354251445,
            -0.008197494489194032,
            -0.004709046882480763,
            8.761208214356724e-05,
            -0.0016749596822602756,
            -0.00023477225645499034
        ],
        [
            0.04609930015712042,
            -0.028991528098453085,
            -0.010050358195683316,
            -0.13505727471521628,
            0.015551791991826025,
            -0.23831683455420113,
            -0.07050180475245538,
            -0.009030248089993517,
            -0.03552592333973421,
            0.003272252367831234,
            -0.0031626648710444648,
            0.02193765226932668,
            -0.008486094953712409,
            0.19298622671878896,
            0.009175939613928812,
            0.22466257072657952,
            0.1301426196102679,
            -0.0023772590461322058,
            0.053553045083455014,
            0.011931649792875152
        ],
        [
            -0.0076259866441141235,
            0.007613344821518766,
            0.0035725805110721816,
            0.05606293046871517,
            -0.005933404206335772,
            0.09086593402399842,
            0.021824264845996717,
            0.005516149198262055,
            -0.04312644989519139,
            0.015134537514169173,
            -0.08737338666966575,
            0.016691329417889714,
            0.00018770954354251445,
            0.009175939613928812,
            0.046553360505713993,
            0.10978623337809806,
            0.053707442906216214,
            -0.0022764790900537684,
            0.0787736697344072,
            0.03289063996999394
        ],
        [
            -0.0009823579589611656,
            -0.0278062275821815,
            -0.00035275799364143317,
            0.012272709514086846,
            0.00034978807684564147,
            0.02033230387019343,
            0.027070793132668688,
            0.0002920810871880181,
            -0.03759327934713673,
            0.013073785025558267,
            0.0074360135465024214,
            0.16996049627469975,
            -0.008197494489194032,
            0.22466257072657952,
            0.10978623337809806,
            0.5708372683694825,
            0.34888131341244655,
            -0.004904246765440422,
            0.15820758913881958,
            0.05494865497818172
        ],
        [
            -0.024428501703399972,
            -0.03157573965304413,
            0.00016544794659189386,
            0.010717411503258239,
            -9.239644556268626e-05,
            0.02002374160926002,
            0.028277182729344832,
            -0.0014539236401657047,
            0.029214197866386855,
            -0.0053074100165167275,
            0.10229552108028843,
            0.13924357900131526,
            -0.004709046882480763,
            0.1301426196102679,
            0.053707442906216214,
            0.34888131341244655,
            0.23120046250240026,
            -0.001360313109510658,
            0.04846610509727595,
            0.013708796213889703
        ],
        [
            -0.0004158996603557359,
            -4.0129850987082005e-05,
            -4.496702796655348e-06,
            -0.00046855732185494876,
            4.755994942734745e-05,
            0.0002653587083016327,
            0.0013339399169118693,
            -0.00024042477901170547,
            0.004612815631690623,
            -0.001328048365160098,
            0.00940463210932906,
            0.001942896165254999,
            8.761208214356724e-05,
            -0.0023772590461322058,
            -0.0022764790900537684,
            -0.004904246765440422,
            -0.001360313109510658,
            0.00019688177261819356,
            -0.006054119998677451,
            -0.002424747908470727
        ],
        [
            -0.025115076299854423,
            -0.013646638138499551,
            0.002619676783504369,
            0.05053208774946023,
            -0.005518980945232547,
            0.040802896624994714,
            -0.03366321181913573,
            0.01041835216654827,
            -0.12865417530377585,
            0.040806466230002926,
            -0.2927192116106779,
            -0.05080062535127452,
            -0.0016749596822602756,
            0.053553045083455014,
            0.0787736697344072,
            0.15820758913881958,
            0.04846610509727595,
            -0.006054119998677451,
            0.19249092382626903,
            0.07842282340420258
        ],
        [
            -0.014319398819771461,
            -0.00485295146208936,
            0.001695433664619778,
            0.029320027993595225,
            -0.0032487023310103728,
            0.030797259536674428,
            -0.010459130557099896,
            0.0049495458679558275,
            -0.05185826810832395,
            0.017001916336453923,
            -0.12326581765081289,
            -0.022393516427692026,
            -0.00023477225645499034,
            0.011931649792875152,
            0.03289063996999394,
            0.05494865497818172,
            0.013708796213889703,
            -0.002424747908470727,
            0.07842282340420258,
            0.03250224175717228
        ]
    ]
}