{
    "opt_E": -2.201603821913454,
    "HF_E": -2.170199162226188,
    "B3LYP_E": -2.1723663843058145,
    "sto-3G_E": -2.156574408623969,
    "proj": [
        [
            0.5891061723660221,
            0.36909239528468846,
            -0.0022905480277607753,
            -0.1580178753873468,
            0.050421660364585404,
            -0.029195008830751757,
            0.15820409274824007,
            -0.022932501092174127,
            -0.19831665520849204,
            0.09114306814659837,
            0.019588734139507027,
            0.02858895873449339,
            -0.01686919457122755,
            0.04122567372700028,
            0.015199449062712714,
            -0.00532630662263312,
            -0.023720004231046803,
            -0.0003992995987321995,
            -0.016168486546253087,
            -0.0012381159364066754
        ],
        [
            0.36909239528468846,
            0.2534669315579368,
            0.0006569972058348977,
            -0.04886549233625256,
            0.013881920934739512,
            0.09069543005050235,
            0.14216885406137345,
            -0.006092195478669867,
            -0.12480003253271693,
            0.04438260900158653,
            0.018400169474216715,
            0.03026408452499168,
            0.008799287309477198,
            -0.03067428968305263,
            -0.003704058506363104,
            -0.02999683855101669,
            -0.030735782838101248,
            0.0007227106469036875,
            -0.01605563776153331,
            -0.001518571684862159
        ],
        [
            -0.0022905480277607753,
            0.0006569972058348977,
            0.0004987835376407055,
            0.007387555320005001,
            -0.0028903959135433807,
            0.013519986761585676,
            0.0032020501487024715,
            0.0031934693096036205,
            -0.004553650543347778,
            -0.003257747906525537,
            -0.009474007266043959,
            0.0002771281283861782,
            0.0029789995635486517,
            -0.0022429238929894883,
            -0.000920362242849708,
            0.003894001978839279,
            0.0008223650272311305,
            -0.00035686689824277444,
            0.008534216090740945,
            0.0013966053599214108
        ],
        [
            -0.1580178753873468,
            -0.04886549233625256,
            0.007387555320005001,
            0.17308535491622115,
            -0.06151626805735773,
            0.2855834031414141,
            0.061287535688165154,
            0.037875727383603466,
            0.02283528465223577,
            -0.06304891282962277,
            -0.035735187351485356,
            0.03422569213505559,
            0.055719170850662844,
            -0.1047120908007573,
            -0.02990277771753621,
            0.020228146220881926,
            0.010570947743893656,
            -0.0010125827861880983,
            0.05173626596092456,
            0.00865209396256557
        ],
        [
            0.050421660364585404,
            0.013881920934739512,
            -0.0028903959135433807,
            -0.06151626805735773,
            0.022249634741518483,
            -0.10295734821555151,
            -0.02210426962202531,
            -0.015859647111457948,
            -0.00010322880410730388,
            0.023380276518904425,
            0.02504877479019961,
            -0.009787966397612815,
            -0.02066291102010339,
            0.03428039272806592,
            0.010147014385745758,
            -0.010576000894499777,
            -0.003595395235226882,
            0.0008107386062014584,
            -0.027663535827117135,
            -0.00457437778102699
        ],
        [
            -0.029195008830751757,
            0.09069543005050235,
            0.013519986761585676,
            0.2855834031414141,
            -0.10295734821555151,
            0.5998983570444154,
            0.226113285150675,
            0.056724407857483006,
            -0.02540801220699508,
            -0.07890776988312384,
            0.0006671434723151682,
            0.1106555636161894,
            0.1070896902797721,
            -0.21013047992495915,
            -0.057422834985043955,
            0.04325929198928302,
            0.022334886808010296,
            -0.0005363776647922689,
            0.06098892057396804,
            0.011353093062295656
        ],
        [
            0.15820409274824007,
            0.14216885406137345,
            0.0032020501487024715,
            0.061287535688165154,
            -0.02210426962202531,
            0.226113285150675,
            0.14739722511794148,
            -0.0003871342865774951,
            -0.029815194441102318,
            0.006522014987628436,
            0.09137795123540644,
            0.08255350373701298,
            0.03173887908124623,
            -0.07214998441566436,
            -0.01841789857700868,
            0.030307817942020875,
            0.02430136042032752,
            0.0017228836081635858,
            -0.02957576747644103,
            -0.0035888996676603046
        ],
        [
            -0.022932501092174127,
            -0.006092195478669867,
            0.0031934693096036205,
            0.037875727383603466,
            -0.015859647111457948,
            0.056724407857483006,
            -0.0003871342865774951,
            0.025733045569673527,
            -0.042314017553325076,
            -0.023917920388778314,
            -0.10371499084094692,
            -0.02246340296534222,
            0.016669935958717814,
            -0.008306492726136264,
            -0.0038210355033875196,
            0.0061123471980354515,
            -0.012205591261437412,
            -0.0030301922684526326,
            0.07264714421330067,
            0.011626573803041237
        ],
        [
            -0.19831665520849204,
            -0.12480003253271693,
            -0.004553650543347778,
            0.02283528465223577,
            -0.00010322880410730388,
            -0.02540801220699508,
            -0.029815194441102318,
            -0.042314017553325076,
            0.18095345146066938,
            0.005390567418978673,
            0.23574097268024982,
            0.05183352831860338,
            -0.014777671046133374,
            -0.04334249266465538,
            -0.008440034771644477,
            -0.028341201210253786,
            0.028397901712255605,
            0.007815393126130991,
            -0.1631179489725471,
            -0.026487653035320566
        ],
        [
            0.09114306814659837,
            0.04438260900158653,
            -0.003257747906525537,
            -0.06304891282962277,
            0.023380276518904425,
            -0.07890776988312384,
            0.006522014987628436,
            -0.023917920388778314,
            0.005390567418978673,
            0.03264273527145938,
            0.07412252488071017,
            0.014414824067968287,
            -0.020138855623533014,
            0.027074508150321176,
            0.008544675823150263,
            -0.000647757496857775,
            0.008233511882672774,
            0.001897631838336184,
            -0.053303326344868215,
            -0.00843758781131976
        ],
        [
            0.019588734139507027,
            0.018400169474216715,
            -0.009474007266043959,
            -0.035735187351485356,
            0.02504877479019961,
            0.0006671434723151682,
            0.09137795123540644,
            -0.10371499084094692,
            0.23574097268024982,
            0.07412252488071017,
            0.5476622766653754,
            0.18702922330836758,
            -0.03350518437780526,
            -0.034823725769446076,
            -0.005550138985832948,
            0.05006552033538776,
            0.11542556031365324,
            0.014283701879403804,
            -0.3297756643436514,
            -0.05200998863622127
        ],
        [
            0.02858895873449339,
            0.03026408452499168,
            0.0002771281283861782,
            0.03422569213505559,
            -0.009787966397612815,
            0.1106555636161894,
            0.08255350373701298,
            -0.02246340296534222,
            0.05183352831860338,
            0.014414824067968287,
            0.18702922330836758,
            0.12909228683635687,
            0.006175088853265391,
            0.030158112685739296,
            0.00048093226440793266,
            0.1770428150746177,
            0.13338415055291006,
            0.0007259847110532406,
            -0.043244563099777214,
            -0.005847255900668198
        ],
        [
            -0.01686919457122755,
            0.008799287309477198,
            0.0029789995635486517,
            0.055719170850662844,
            -0.02066291102010339,
            0.1070896902797721,
            0.03173887908124623,
            0.016669935958717814,
            -0.014777671046133374,
            -0.020138855623533014,
            -0.03350518437780526,
            0.006175088853265391,
            0.02142740606002822,
            -0.038898473746472435,
            -0.010596494745119199,
            -0.000902606203175733,
            -0.005999582708898311,
            -0.0008075330712017496,
            0.029007712728798346,
            0.0048379244875032205
        ],
        [
            0.04122567372700028,
            -0.03067428968305263,
            -0.0022429238929894883,
            -0.1047120908007573,
            0.03428039272806592,
            -0.21013047992495915,
            -0.07214998441566436,
            -0.008306492726136264,
            -0.04334249266465538,
            0.027074508150321176,
            -0.034823725769446076,
            0.030158112685739296,
            -0.038898473746472435,
            0.22143174534005908,
            0.0435978124476336,
            0.2578561326482335,
            0.1488995744414313,
            -0.008041548724533514,
            0.10497429799808008,
            0.01709449169572773
        ],
        [
            0.015199449062712714,
            -0.003704058506363104,
            -0.000920362242849708,
            -0.02990277771753621,
            0.010147014385745758,
            -0.057422834985043955,
            -0.01841789857700868,
            -0.0038210355033875196,
            -0.008440034771644477,
            0.008544675823150263,
            -0.005550138985832948,
            0.00048093226440793266,
            -0.010596494745119199,
            0.0435978124476336,
            0.009323710576570299,
            0.03837793138454603,
            0.021947910019441103,
            -0.0012469516061863566,
            0.013908077259090644,
            0.0022242978803015965
        ],
        [
            -0.00532630662263312,
            -0.02999683855101669,
            0.003894001978839279,
            0.020228146220881926,
            -0.010576000894499777,
            0.04325929198928302,
            0.030307817942020875,
            0.0061123471980354515,
            -0.028341201210253786,
            -0.000647757496857775,
            0.05006552033538776,
            0.1770428150746177,
            -0.000902606203175733,
            0.2578561326482335,
            0.03837793138454603,
            0.5389008291598198,
            0.3303427284752694,
            -0.012706091084655096,
            0.17715260871488536,
            0.030106951130453464
        ],
        [
            -0.023720004231046803,
            -0.030735782838101248,
            0.0008223650272311305,
            0.010570947743893656,
            -0.003595395235226882,
            0.022334886808010296,
            0.02430136042032752,
            -0.012205591261437412,
            0.028397901712255605,
            0.008233511882672774,
            0.11542556031365324,
            0.13338415055291006,
            -0.005999582708898311,
            0.1488995744414313,
            0.021947910019441103,
            0.3303427284752694,
            0.2167054727088595,
            -0.005335874993999589,
            0.05426897996558712,
            0.009789375588047523
        ],
        [
            -0.0003992995987321995,
            0.0007227106469036875,
            -0.00035686689824277444,
            -0.0010125827861880983,
            0.0008107386062014584,
            -0.0005363776647922689,
            0.0017228836081635858,
            -0.0030301922684526326,
            0.007815393126130991,
            0.001897631838336184,
            0.014283701879403804,
            0.0007259847110532406,
            -0.0008075330712017496,
            -0.008041548724533514,
            -0.0012469516061863566,
            -0.012706091084655096,
            -0.005335874993999589,
            0.0007424861101340518,
            -0.013994717624719594,
            -0.002265060095104677
        ],
        [
            -0.016168486546253087,
            -0.01605563776153331,
            0.008534216090740945,
            0.05173626596092456,
            -0.027663535827117135,
            0.06098892057396804,
            -0.02957576747644103,
            0.07264714421330067,
            -0.1631179489725471,
            -0.053303326344868215,
            -0.3297756643436514,
            -0.043244563099777214,
            0.029007712728798346,
            0.10497429799808008,
            0.013908077259090644,
            0.17715260871488536,
            0.05426897996558712,
            -0.013994717624719594,
            0.2823405528394824,
            0.0454877683402676
        ],
        [
            -0.0012381159364066754,
            -0.001518571684862159,
            0.0013966053599214108,
            0.00865209396256557,
            -0.00457437778102699,
            0.011353093062295656,
            -0.0035888996676603046,
            0.011626573803041237,
            -0.026487653035320566,
            -0.00843758781131976,
            -0.05200998863622127,
            -0.005847255900668198,
            0.0048379244875032205,
            0.01709449169572773,
            0.0022242978803015965,
            0.030106951130453464,
            0.009789375588047523,
            -0.002265060095104677,
            0.0454877683402676,
            0.007341542119817408
        ]
    ]
}