{
    "opt_E": -2.1701903003450242,
    "HF_E": -2.1405394555173305,
    "B3LYP_E": -2.1421728434060205,
    "sto-3G_E": -2.126943124536379,
    "proj": [
        [
            0.5509453340297745,
            0.3469216709115756,
            -0.08309005476915729,
            -0.15854594434016692,
            -0.027840188704853296,
            0.027121902726877523,
            0.17563032279174967,
            -0.1340698770315747,
            -0.1945363161739583,
            -0.03885352726302606,
            0.035999935771254654,
            0.031419875936769565,
            -0.0011567224931253637,
            0.03845376580023405,
            0.0012800045707488724,
            -0.0018422429425197743,
            -0.025955401568506873,
            0.0022914301541698085,
            -0.029307939864595144,
            0.004196127254838528
        ],
        [
            0.3469216709115756,
            0.2322195072055313,
            -0.029551831083340106,
            -0.05962550653334193,
            -0.010250702550948577,
            0.09444236449729064,
            0.13637722386754653,
            -0.07280807710805541,
            -0.12050735209657391,
            -0.02192527682694872,
            0.03187921506704161,
            0.0261742533934398,
            3.938932685302474e-05,
            -0.03300294802587957,
            -0.0017701724828769916,
            -0.02986320003678414,
            -0.03209651885776487,
            0.0022117721240322978,
            -0.029219058456667217,
            0.003026883590947144
        ],
        [
            -0.08309005476915729,
            -0.029551831083340106,
            0.06556286370460546,
            0.11428376393788625,
            0.020718394778648112,
            0.16124253763389346,
            0.022496369824489364,
            0.04396748280570024,
            -0.0026169598153631575,
            0.007938588003043588,
            -0.03180323666001087,
            0.019323234473719374,
            -0.009598291420344069,
            -0.08274618562771247,
            -0.015371624598437184,
            0.018009795325519672,
            0.012379610241538733,
            -0.008452033074790703,
            0.048239104813452074,
            -0.007251910093064146
        ],
        [
            -0.15854594434016692,
            -0.05962550653334193,
            0.11428376393788625,
            0.20062092471394755,
            0.036245584474256964,
            0.278968150552048,
            0.03775052952467632,
            0.07949538657318254,
            0.013825087974210478,
            0.01590737361144259,
            -0.034197657682417344,
            0.03762650041409534,
            -0.014350117975326947,
            -0.14777282328743965,
            -0.024667051012559192,
            0.027488007673317535,
            0.022607153357859226,
            -0.012159254992377657,
            0.06729700270061105,
            -0.010666170288524828
        ],
        [
            -0.027840188704853296,
            -0.010250702550948577,
            0.020718394778648112,
            0.036245584474256964,
            0.006562122217459482,
            0.0505225388355756,
            0.006710562164311079,
            0.014237055124392476,
            0.000835824540074446,
            0.0027081105787121794,
            -0.00861389039318379,
            0.005955791658932939,
            -0.0027457447932278706,
            -0.026949243947702615,
            -0.00460221697694361,
            0.004228782717321432,
            0.0032885722008444097,
            -0.0024147621271706676,
            0.013566072909780595,
            -0.002100037309505115
        ],
        [
            0.027121902726877523,
            0.09444236449729064,
            0.16124253763389346,
            0.278968150552048,
            0.0505225388355756,
            0.5426042797474898,
            0.18664359484947932,
            0.06939093692703913,
            -0.0460241817279306,
            0.010596019816833271,
            0.030451569010419687,
            0.1099845936639497,
            -0.021348332050247717,
            -0.26005074509294096,
            -0.03995746832111758,
            0.05090539866408462,
            0.03663583142658423,
            -0.013772191219008984,
            0.057595108520907774,
            -0.011424012202797387
        ],
        [
            0.17563032279174967,
            0.13637722386754653,
            0.022496369824489364,
            0.03775052952467632,
            0.006710562164311079,
            0.18664359484947932,
            0.12691026315147416,
            -0.019467680022698292,
            -0.029733580470278624,
            -0.00466183316336853,
            0.09994196531319684,
            0.07249694754029981,
            -0.0020756136029181516,
            -0.06884234768628907,
            -0.007783133999050082,
            0.03336312771490262,
            0.024553937210920834,
            0.0035063827693701806,
            -0.03839360273311562,
            0.0034225511082064666
        ],
        [
            -0.1340698770315747,
            -0.07280807710805541,
            0.04396748280570024,
            0.07949538657318254,
            0.014237055124392476,
            0.06939093692703913,
            -0.019467680022698292,
            0.04376927216342096,
            0.03784857085127072,
            0.01090314970935538,
            -0.014835789652285136,
            0.0009385479199020722,
            -0.002357249956834641,
            -0.05273055031007014,
            -0.005729396849354893,
            -0.005576227199700983,
            0.0023766037604598675,
            -0.0027705696825626523,
            0.016856487701308747,
            -0.002916271453235999
        ],
        [
            -0.1945363161739583,
            -0.12050735209657391,
            -0.0026169598153631575,
            0.013825087974210478,
            0.000835824540074446,
            -0.0460241817279306,
            -0.029733580470278624,
            0.03784857085127072,
            0.24251514150750714,
            0.027218721297731625,
            0.2742211387910694,
            0.055668392388301666,
            0.028858986374518,
            -0.02194067079857823,
            0.02664383562679534,
            -0.02198160206998142,
            0.031330677473068495,
            0.031995633757231884,
            -0.20627111028294196,
            0.024579633797724137
        ],
        [
            -0.03885352726302606,
            -0.02192527682694872,
            0.007938588003043588,
            0.01590737361144259,
            0.0027081105787121794,
            0.010596019816833271,
            -0.00466183316336853,
            0.01090314970935538,
            0.027218721297731625,
            0.004238693001585509,
            0.021862006276912302,
            0.005728244162990712,
            0.002017085894971488,
            -0.012104013409496848,
            0.0011588260774248625,
            -0.0024876592401971436,
            0.0033933082781259817,
            0.002272732141718738,
            -0.015004025304031464,
            0.0016121240371340404
        ],
        [
            0.035999935771254654,
            0.03187921506704161,
            -0.03180323666001087,
            -0.034197657682417344,
            -0.00861389039318379,
            0.030451569010419687,
            0.09994196531319684,
            -0.014835789652285136,
            0.2742211387910694,
            0.021862006276912302,
            0.5112603132931228,
            0.16827834662295243,
            0.03653237168710071,
            -0.0007091139814241091,
            0.032914298074361026,
            0.07282482311297148,
            0.10674556327824711,
            0.04900827521331932,
            -0.32727204414352845,
            0.03939395124005304
        ],
        [
            0.031419875936769565,
            0.0261742533934398,
            0.019323234473719374,
            0.03762650041409534,
            0.005955791658932939,
            0.1099845936639497,
            0.07249694754029981,
            0.0009385479199020722,
            0.055668392388301666,
            0.005728244162990712,
            0.16827834662295243,
            0.11753996983520977,
            -0.006234983661904242,
            0.03329303273906073,
            -0.008151865462139843,
            0.18036459460536486,
            0.12950461677015518,
            0.003943416684777312,
            -0.029629145259147376,
            0.0038347821569871634
        ],
        [
            -0.0011567224931253637,
            3.938932685302474e-05,
            -0.009598291420344069,
            -0.014350117975326947,
            -0.0027457447932278706,
            -0.021348332050247717,
            -0.0020756136029181516,
            -0.002357249956834641,
            0.028858986374518,
            0.002017085894971488,
            0.03653237168710071,
            -0.006234983661904242,
            0.008072921433041464,
            -0.014638821008297628,
            0.0077730914532212,
            -0.044127868855279424,
            -0.022220382563712875,
            0.007137801135917729,
            -0.04719702314462205,
            0.005528576816983026
        ],
        [
            0.03845376580023405,
            -0.03300294802587957,
            -0.08274618562771247,
            -0.14777282328743965,
            -0.026949243947702615,
            -0.26005074509294096,
            -0.06884234768628907,
            -0.05273055031007014,
            -0.02194067079857823,
            -0.012104013409496848,
            -0.0007091139814241091,
            0.03329303273906073,
            -0.014638821008297628,
            0.2783617801654422,
            -0.0006858522207898086,
            0.2510973631328296,
            0.14841034049149215,
            -0.008932635001655725,
            0.08133052519644954,
            -0.00555760640984994
        ],
        [
            0.0012800045707488724,
            -0.0017701724828769916,
            -0.015371624598437184,
            -0.024667051012559192,
            -0.00460221697694361,
            -0.03995746832111758,
            -0.007783133999050082,
            -0.005729396849354893,
            0.02664383562679534,
            0.0011588260774248625,
            0.032914298074361026,
            -0.008151865462139843,
            0.0077730914532212,
            -0.0006858522207898086,
            0.008300902099789145,
            -0.037468303299807236,
            -0.01888668105632931,
            0.006814638106426912,
            -0.043747791109065355,
            0.005335821824020756
        ],
        [
            -0.0018422429425197743,
            -0.02986320003678414,
            0.018009795325519672,
            0.027488007673317535,
            0.004228782717321432,
            0.05090539866408462,
            0.03336312771490262,
            -0.005576227199700983,
            -0.02198160206998142,
            -0.0024876592401971436,
            0.07282482311297148,
            0.18036459460536486,
            -0.044127868855279424,
            0.2510973631328296,
            -0.037468303299807236,
            0.5210434886607466,
            0.32539269711197516,
            -0.025556674009131995,
            0.17953715147507174,
            -0.018335750818163903
        ],
        [
            -0.025955401568506873,
            -0.03209651885776487,
            0.012379610241538733,
            0.022607153357859226,
            0.0032885722008444097,
            0.03663583142658423,
            0.024553937210920834,
            0.0023766037604598675,
            0.031330677473068495,
            0.0033933082781259817,
            0.10674556327824711,
            0.12950461677015518,
            -0.022220382563712875,
            0.14841034049149215,
            -0.01888668105632931,
            0.32539269711197516,
            0.21227943626995557,
            -0.009531408366028333,
            0.06956272840704006,
            -0.0064521519621469434
        ],
        [
            0.0022914301541698085,
            0.0022117721240322978,
            -0.008452033074790703,
            -0.012159254992377657,
            -0.0024147621271706676,
            -0.013772191219008984,
            0.0035063827693701806,
            -0.0027705696825626523,
            0.031995633757231884,
            0.002272732141718738,
            0.04900827521331932,
            0.003943416684777312,
            0.007137801135917729,
            -0.008932635001655725,
            0.006814638106426912,
            -0.025556674009131995,
            -0.009531408366028333,
            0.007123650519885015,
            -0.04721518716724643,
            0.005595527162550607
        ],
        [
            -0.029307939864595144,
            -0.029219058456667217,
            0.048239104813452074,
            0.06729700270061105,
            0.013566072909780595,
            0.057595108520907774,
            -0.03839360273311562,
            0.016856487701308747,
            -0.20627111028294196,
            -0.015004025304031464,
            -0.32727204414352845,
            -0.029629145259147376,
            -0.04719702314462205,
            0.08133052519644954,
            -0.043747791109065355,
            0.17953715147507174,
            0.06956272840704006,
            -0.04721518716724643,
            0.31565558553092665,
            -0.03705938926656535
        ],
        [
            0.004196127254838528,
            0.003026883590947144,
            -0.007251910093064146,
            -0.010666170288524828,
            -0.002100037309505115,
            -0.011424012202797387,
            0.0034225511082064666,
            -0.002916271453235999,
            0.024579633797724137,
            0.0016121240371340404,
            0.03939395124005304,
            0.0038347821569871634,
            0.005528576816983026,
            -0.00555760640984994,
            0.005335821824020756,
            -0.018335750818163903,
            -0.0064521519621469434,
            0.005595527162550607,
            -0.03705938926656535,
            0.004413550749085042
        ]
    ]
}