{
    "opt_E": -2.1849315486237466,
    "HF_E": -2.1545709521545087,
    "B3LYP_E": -2.1561868021412005,
    "sto-3G_E": -2.1364605338759475,
    "proj": [
        [
            0.542460046018635,
            0.33938180064463813,
            -0.06494123374075654,
            -0.1632980244654124,
            -0.0009453258555709699,
            0.043424699419333176,
            0.179236035608765,
            -0.12111016087523459,
            -0.22298964835673385,
            0.006673912294989256,
            0.022354295682901284,
            0.039624472169213554,
            -0.012240082793287954,
            0.022728385950212027,
            0.0014045784103921299,
            -0.003352101873412314,
            -0.02926641658743845,
            -0.0005793872241253685,
            -0.008815723606284017,
            0.0008840003233269641
        ],
        [
            0.33938180064463813,
            0.2233857992085432,
            -0.02280510894478879,
            -0.06411622073454347,
            -0.0010542615104353612,
            0.09624033308747204,
            0.1343117623152957,
            -0.06544129445855665,
            -0.1296346050380083,
            0.00317546499276478,
            0.030531965198530017,
            0.03204511493751348,
            0.002205867986687299,
            -0.03223721929248455,
            -0.0036381566705421652,
            -0.028789226444825095,
            -0.03272483847454864,
            -0.00010155844328535117,
            -0.018860304091803073,
            0.0009938942961218973
        ],
        [
            -0.06494123374075654,
            -0.02280510894478879,
            0.05214025926307836,
            0.10661906126590376,
            -0.0017520748197715345,
            0.14629714091586857,
            0.01704331407959084,
            0.047750843209269034,
            0.008204815786339735,
            -0.009349836998258337,
            -0.032685195755306685,
            0.010587097347956485,
            0.026124803193644984,
            -0.07086561117963702,
            -0.017142848110512098,
            0.018454331054307327,
            0.007866558927414337,
            -0.0017717036003566304,
            0.039911722949878464,
            -0.0028384144042890936
        ],
        [
            -0.1632980244654124,
            -0.06411622073454347,
            0.10661906126590376,
            0.22391540215559222,
            -0.0030499641399602895,
            0.29508888597591415,
            0.032277873417032574,
            0.0965457943137379,
            0.05324583970217448,
            -0.015373022368573309,
            -0.02179769344599693,
            0.03227248820507923,
            0.05169761895452657,
            -0.14873173533752582,
            -0.031790321393406,
            0.028968295699228392,
            0.02024662295179854,
            -0.002629335195122125,
            0.05018484740489518,
            -0.003976404155878416
        ],
        [
            -0.0009453258555709699,
            -0.0010542615104353612,
            -0.0017520748197715345,
            -0.0030499641399602895,
            0.00010803589954895608,
            -0.005540616914570806,
            -0.0010676514984042198,
            -0.0016008812063847615,
            0.0030413137367181244,
            0.0006299056387780973,
            0.004788192886960195,
            0.000276127875162776,
            -0.0010424932872282813,
            0.0018933837530795458,
            0.000889703675275454,
            -0.001928630074359934,
            -0.0002509666559911451,
            0.000153488099617097,
            -0.004154656580395769,
            0.00025677378466301633
        ],
        [
            0.043424699419333176,
            0.09624033308747204,
            0.14629714091586857,
            0.29508888597591415,
            -0.005540616914570806,
            0.5511930920409148,
            0.17608691150199962,
            0.08913272740386928,
            -0.01825333483324813,
            -0.019045103027217583,
            0.023332159836369028,
            0.09748645333474575,
            0.08209165401478195,
            -0.2505081816378386,
            -0.052602244138145564,
            0.04749904477180981,
            0.025195356425026842,
            -0.004160622599700943,
            0.05323979316619304,
            -0.004698961181818661
        ],
        [
            0.179236035608765,
            0.1343117623152957,
            0.01704331407959084,
            0.032277873417032574,
            -0.0010676514984042198,
            0.17608691150199962,
            0.1240455002507318,
            -0.026635041322506867,
            -0.027584931841813574,
            0.0045021214415677906,
            0.10905989442595183,
            0.07709188276319386,
            0.015998410830836324,
            -0.059168529377921,
            -0.009812782303351699,
            0.027053290463477864,
            0.023760227491729072,
            1.2922024105388276e-05,
            -0.04087410537824922,
            0.0021940729920353085
        ],
        [
            -0.12111016087523459,
            -0.06544129445855665,
            0.047750843209269034,
            0.0965457943137379,
            -0.0016008812063847615,
            0.08913272740386928,
            -0.026635041322506867,
            0.059615463397121954,
            0.005763377288170647,
            -0.012645865001247307,
            -0.09025132914969852,
            -0.02341427266586828,
            0.02191081056606398,
            -0.05437896122675694,
            -0.015079605538472249,
            0.0040455325712801605,
            -0.007305723229326094,
            -0.0020696718306700097,
            0.06488295023105453,
            -0.00428086711419599
        ],
        [
            -0.22298964835673385,
            -0.1296346050380083,
            0.008204815786339735,
            0.05324583970217448,
            0.0030413137367181244,
            -0.01825333483324813,
            -0.027584931841813574,
            0.005763377288170647,
            0.22890781285521217,
            0.020633957428875693,
            0.25814717544970506,
            0.061668712465405735,
            -0.00752677680505364,
            -0.02447870991204703,
            0.01752243187452755,
            -0.04140896600475513,
            0.03199897391180291,
            0.00557910141276583,
            -0.17673120789350014,
            0.010254852052890779
        ],
        [
            0.006673912294989256,
            0.00317546499276478,
            -0.009349836998258337,
            -0.015373022368573309,
            0.0006299056387780973,
            -0.019045103027217583,
            0.0045021214415677906,
            -0.012645865001247307,
            0.020633957428875693,
            0.004789011165632315,
            0.04576263915411938,
            0.01179158417829675,
            -0.00528706976651843,
            0.008524145819975407,
            0.004864522529363147,
            -0.005013238690576422,
            0.004677348411404117,
            0.000995286350302659,
            -0.03176942930462267,
            0.001951134440700013
        ],
        [
            0.022354295682901284,
            0.030531965198530017,
            -0.032685195755306685,
            -0.02179769344599693,
            0.004788192886960195,
            0.023332159836369028,
            0.10905989442595183,
            -0.09025132914969852,
            0.25814717544970506,
            0.04576263915411938,
            0.5412022366188592,
            0.1921182440083527,
            -0.022567733392599675,
            0.006920505075016258,
            0.030378743832417267,
            0.018654563538584117,
            0.10420535289749946,
            0.008881065755700458,
            -0.3254642219993006,
            0.019597725003827695
        ],
        [
            0.039624472169213554,
            0.03204511493751348,
            0.010587097347956485,
            0.03227248820507923,
            0.000276127875162776,
            0.09748645333474575,
            0.07709188276319386,
            -0.02341427266586828,
            0.061668712465405735,
            0.01179158417829675,
            0.1921182440083527,
            0.1284343453329975,
            0.004464764314175846,
            0.034933848051622717,
            -0.003914308270253137,
            0.17076208882762528,
            0.1360659964834683,
            -0.00020241613535519298,
            -0.0489891683987391,
            0.0035436846013400664
        ],
        [
            -0.012240082793287954,
            0.002205867986687299,
            0.026124803193644984,
            0.05169761895452657,
            -0.0010424932872282813,
            0.08209165401478195,
            0.015998410830836324,
            0.02191081056606398,
            -0.00752677680505364,
            -0.00528706976651843,
            -0.022567733392599675,
            0.004464764314175846,
            0.014065690349382516,
            -0.039809462844184816,
            -0.00952387158510552,
            0.005910540361133866,
            -0.0004438828676957703,
            -0.0010265192627113352,
            0.023528063447803983,
            -0.0016607761162928097
        ],
        [
            0.022728385950212027,
            -0.03223721929248455,
            -0.07086561117963702,
            -0.14873173533752582,
            0.0018933837530795458,
            -0.2505081816378386,
            -0.059168529377921,
            -0.05437896122675694,
            -0.02447870991204703,
            0.008524145819975407,
            0.006920505075016258,
            0.034933848051622717,
            -0.039809462844184816,
            0.23130440522125323,
            0.015476193952274574,
            0.22875836370985095,
            0.14448762791217032,
            -0.001995889169755514,
            0.05395246314012374,
            -0.0012322834380723254
        ],
        [
            0.0014045784103921299,
            -0.0036381566705421652,
            -0.017142848110512098,
            -0.031790321393406,
            0.000889703675275454,
            -0.052602244138145564,
            -0.009812782303351699,
            -0.015079605538472249,
            0.01752243187452755,
            0.004864522529363147,
            0.030378743832417267,
            -0.003914308270253137,
            -0.00952387158510552,
            0.015476193952274574,
            0.007871605962215323,
            -0.025235892603874797,
            -0.009887511778664032,
            0.0012963371524076625,
            -0.03254337656246652,
            0.0019973268750048327
        ],
        [
            -0.003352101873412314,
            -0.028789226444825095,
            0.018454331054307327,
            0.028968295699228392,
            -0.001928630074359934,
            0.04749904477180981,
            0.027053290463477864,
            0.0040455325712801605,
            -0.04140896600475513,
            -0.005013238690576422,
            0.018654563538584117,
            0.17076208882762528,
            0.005910540361133866,
            0.22875836370985095,
            -0.025235892603874797,
            0.5564957559966772,
            0.34811520928707773,
            -0.009181224019615963,
            0.19022623127767552,
            -0.008724553502737964
        ],
        [
            -0.02926641658743845,
            -0.03272483847454864,
            0.007866558927414337,
            0.02024662295179854,
            -0.0002509666559911451,
            0.025195356425026842,
            0.023760227491729072,
            -0.007305723229326094,
            0.03199897391180291,
            0.004677348411404117,
            0.10420535289749946,
            0.1360659964834683,
            -0.0004438828676957703,
            0.14448762791217032,
            -0.009887511778664032,
            0.34811520928707773,
            0.23544148137963913,
            -0.004073049508426727,
            0.061309026945473785,
            -0.0020024194815761232
        ],
        [
            -0.0005793872241253685,
            -0.00010155844328535117,
            -0.0017717036003566304,
            -0.002629335195122125,
            0.000153488099617097,
            -0.004160622599700943,
            1.2922024105388276e-05,
            -0.0020696718306700097,
            0.00557910141276583,
            0.000995286350302659,
            0.008881065755700458,
            -0.00020241613535519298,
            -0.0010265192627113352,
            -0.001995889169755514,
            0.0012963371524076625,
            -0.009181224019615963,
            -0.004073049508426727,
            0.0003343345003017356,
            -0.009127338870745573,
            0.0005141367410269441
        ],
        [
            -0.008815723606284017,
            -0.018860304091803073,
            0.039911722949878464,
            0.05018484740489518,
            -0.004154656580395769,
            0.05323979316619304,
            -0.04087410537824922,
            0.06488295023105453,
            -0.17673120789350014,
            -0.03176942930462267,
            -0.3254642219993006,
            -0.0489891683987391,
            0.023528063447803983,
            0.05395246314012374,
            -0.03254337656246652,
            0.19022623127767552,
            0.061309026945473785,
            -0.009127338870745573,
            0.2733794541878843,
            -0.01562884127403206
        ],
        [
            0.0008840003233269641,
            0.0009938942961218973,
            -0.0028384144042890936,
            -0.003976404155878416,
            0.00025677378466301633,
            -0.004698961181818661,
            0.0021940729920353085,
            -0.00428086711419599,
            0.010254852052890779,
            0.001951134440700013,
            0.019597725003827695,
            0.0035436846013400664,
            -0.0016607761162928097,
            -0.0012322834380723254,
            0.0019973268750048327,
            -0.008724553502737964,
            -0.0020024194815761232,
            0.0005141367410269441,
            -0.01562884127403206,
            0.0009102681957789274
        ]
    ]
}