{
    "opt_E": -2.2249576551584527,
    "HF_E": -2.193804212159576,
    "B3LYP_E": -2.1958372345878345,
    "sto-3G_E": -2.1887356734092513,
    "proj": [
        [
            0.551975255967032,
            0.32871478985131747,
            0.03036813867498654,
            -0.17640685821199062,
            -0.02556316445869368,
            0.030400083035848704,
            0.1763868712322443,
            0.041219082076251475,
            -0.2596484608226402,
            -0.0335592295971358,
            0.041504915844199616,
            0.02403472600112233,
            -0.0036925415926239414,
            0.024561784413282942,
            0.004348966458657306,
            -0.003918130613615726,
            -0.024140828610564893,
            -0.012059189543560049,
            -0.024209198827793994,
            0.0022876191420865585
        ],
        [
            0.32871478985131747,
            0.216561754944297,
            0.007663493236276402,
            -0.04100383655940591,
            -0.006384530561171173,
            0.1253320067266978,
            0.13971856809420846,
            0.023066873379810303,
            -0.14344911180234213,
            -0.02015253472664911,
            0.012842576971926048,
            0.023013639792461897,
            0.009935741833977125,
            -0.03269074254837842,
            -0.008847876423409517,
            -0.02043571271468461,
            -0.025655730813665165,
            -0.0026959995668992638,
            -0.0077372124392634314,
            0.0002887238628486094
        ],
        [
            0.03036813867498654,
            0.007663493236276402,
            0.007075179682209289,
            -0.04314333853475159,
            -0.005999981645024739,
            -0.053725113039079425,
            -0.007866749394531835,
            0.0024588522013917354,
            -0.018016928821208637,
            -0.0012397658952180163,
            0.012600504957955807,
            -0.004366151581270813,
            -0.008404986374691076,
            0.021591173873354495,
            0.006451158145758077,
            -0.0005492653358377955,
            -0.0005772708600406328,
            -0.004417207328170549,
            -0.00945696450229488,
            0.0007057062453553493
        ],
        [
            -0.17640685821199062,
            -0.04100383655940591,
            -0.04314333853475159,
            0.26357846043237687,
            0.03661015533820545,
            0.3334924331237608,
            0.05306205204850407,
            -0.014169405362905115,
            0.10548148451582322,
            0.006831758405755031,
            -0.07669957833256939,
            0.03162108176067581,
            0.053917484250068065,
            -0.12770101064704084,
            -0.040009426608732364,
            0.01681005001378035,
            0.01132327450650459,
            0.028092948263409065,
            0.061475398101680616,
            -0.004311516881718236
        ],
        [
            -0.02556316445869368,
            -0.006384530561171173,
            -0.005999981645024739,
            0.03661015533820545,
            0.005089869341164131,
            0.04576593187698574,
            0.006913829369262778,
            -0.002110246000104261,
            0.015347003916486494,
            0.0010775569547485295,
            -0.01016520371379401,
            0.004168151734687996,
            0.007207424960828236,
            -0.018068270104412906,
            -0.005475795225288685,
            0.0012695345094620779,
            0.0010677211076781184,
            0.003730720016551928,
            0.007989528223649268,
            -0.0005951716358285985
        ],
        [
            0.030400083035848704,
            0.1253320067266978,
            -0.053725113039079425,
            0.3334924331237608,
            0.04576593187698574,
            0.5785872279728699,
            0.20544489594342083,
            -0.006477418917300477,
            0.0492528806061867,
            -0.0015974912911467009,
            -0.03245867920621729,
            0.09292166879486219,
            0.07877866797346861,
            -0.20629477466049306,
            -0.061334487624941904,
            0.019688141238847667,
            0.014512387861234741,
            0.027993740995341333,
            0.05188014191337418,
            -0.005360376910473434
        ],
        [
            0.1763868712322443,
            0.13971856809420846,
            -0.007866749394531835,
            0.05306205204850407,
            0.006913829369262778,
            0.20544489594342083,
            0.14042762727208147,
            0.0007344110396804137,
            -0.0268257611635799,
            -0.0014457485928661595,
            0.10280116603326997,
            0.08301615745535833,
            0.016220780894508676,
            -0.05944449085117083,
            -0.015122332682547519,
            0.025470496581767484,
            0.028866763016829253,
            -0.008903695887285429,
            -0.03423924642563494,
            -0.00036251954714495695
        ],
        [
            0.041219082076251475,
            0.023066873379810303,
            0.0024588522013917354,
            -0.014169405362905115,
            -0.002110246000104261,
            -0.006477418917300477,
            0.0007344110396804137,
            0.009120368987257715,
            -0.04182585755708056,
            -0.008168838910856813,
            -0.05543477032602813,
            -0.01894487228529964,
            0.0073006620863391115,
            0.012399530486685873,
            -0.0015540866359672065,
            0.010200047600496025,
            -0.0066475703493828935,
            0.009040241104987258,
            0.02940782525773398,
            -0.0001796462083556113
        ],
        [
            -0.2596484608226402,
            -0.14344911180234213,
            -0.018016928821208637,
            0.10548148451582322,
            0.015347003916486494,
            0.0492528806061867,
            -0.0268257611635799,
            -0.04182585755708056,
            0.20717350774260943,
            0.03638470373664276,
            0.19172349235809252,
            0.07004000519586297,
            -0.021110345678557997,
            -0.06030595384799223,
            0.0013812219817678105,
            -0.03253059327585458,
            0.03152970857202628,
            -0.028737112008113713,
            -0.09862260417422757,
            -9.955905112925454e-05
        ],
        [
            -0.0335592295971358,
            -0.02015253472664911,
            -0.0012397658952180163,
            0.006831758405755031,
            0.0010775569547485295,
            -0.0015974912911467009,
            -0.0014457485928661595,
            -0.008168838910856813,
            0.03638470373664276,
            0.007465709072219116,
            0.05435469403031366,
            0.017777542058839576,
            -0.007907488600762869,
            -0.007926447739232206,
            0.0023955098896052294,
            -0.008208100607733236,
            0.0070869672699155764,
            -0.009096014281492043,
            -0.02882801076793115,
            0.0002774811476656201
        ],
        [
            0.041504915844199616,
            0.012842576971926048,
            0.012600504957955807,
            -0.07669957833256939,
            -0.01016520371379401,
            -0.03245867920621729,
            0.10280116603326997,
            -0.05543477032602813,
            0.19172349235809252,
            0.05435469403031366,
            0.613481016436163,
            0.22537991543344035,
            -0.08015783473642338,
            -0.019254820741943054,
            0.03179714647344889,
            -0.008981377433010848,
            0.1074384687055444,
            -0.10133309645998702,
            -0.3068581794115505,
            0.005032915034386974
        ],
        [
            0.02403472600112233,
            0.023013639792461897,
            -0.004366151581270813,
            0.03162108176067581,
            0.004168151734687996,
            0.09292166879486219,
            0.08301615745535833,
            -0.01894487228529964,
            0.07004000519586297,
            0.017777542058839576,
            0.22537991543344035,
            0.1496920498138199,
            0.008545122968086776,
            0.02410245645114431,
            -0.0010631275906583498,
            0.16657912841963202,
            0.14373933230791652,
            -0.02006026323497056,
            -0.06139843086392167,
            0.0010378508823049913
        ],
        [
            -0.0036925415926239414,
            0.009935741833977125,
            -0.008404986374691076,
            0.053917484250068065,
            0.007207424960828236,
            0.07877866797346861,
            0.016220780894508676,
            0.0073006620863391115,
            -0.021110345678557997,
            -0.007907488600762869,
            -0.08015783473642338,
            0.008545122968086776,
            0.0326258442861716,
            0.010675362517195924,
            -0.012875739319672773,
            0.08878928749254959,
            0.040258968479324926,
            0.022887983225531983,
            0.06768192657365331,
            -0.0012732492998694623
        ],
        [
            0.024561784413282942,
            -0.03269074254837842,
            0.021591173873354495,
            -0.12770101064704084,
            -0.018068270104412906,
            -0.20629477466049306,
            -0.05944449085117083,
            0.012399530486685873,
            -0.06030595384799223,
            -0.007926447739232206,
            -0.019254820741943054,
            0.02410245645114431,
            0.010675362517195924,
            0.17626449332558583,
            0.0180479896706275,
            0.23199617088864036,
            0.13181144129677086,
            0.013392575105697508,
            0.06088918318468921,
            0.0019741054988586253
        ],
        [
            0.004348966458657306,
            -0.008847876423409517,
            0.006451158145758077,
            -0.040009426608732364,
            -0.005475795225288685,
            -0.061334487624941904,
            -0.015122332682547519,
            -0.0015540866359672065,
            0.0013812219817678105,
            0.0023955098896052294,
            0.03179714647344889,
            -0.0010631275906583498,
            -0.012875739319672773,
            0.0180479896706275,
            0.007951199327785237,
            -0.009220158820745034,
            -0.0009222121388216887,
            -0.008187210390741466,
            -0.02145954479354685,
            0.0008061974049236787
        ],
        [
            -0.003918130613615726,
            -0.02043571271468461,
            -0.0005492653358377955,
            0.01681005001378035,
            0.0012695345094620779,
            0.019688141238847667,
            0.025470496581767484,
            0.010200047600496025,
            -0.03253059327585458,
            -0.008208100607733236,
            -0.008981377433010848,
            0.16657912841963202,
            0.08878928749254959,
            0.23199617088864036,
            -0.009220158820745034,
            0.5798817748028675,
            0.3500157902060144,
            0.047832625152349054,
            0.16191464425235938,
            9.722775823001428e-05
        ],
        [
            -0.024140828610564893,
            -0.025655730813665165,
            -0.0005772708600406328,
            0.01132327450650459,
            0.0010677211076781184,
            0.014512387861234741,
            0.028866763016829253,
            -0.0066475703493828935,
            0.03152970857202628,
            0.0070869672699155764,
            0.1074384687055444,
            0.14373933230791652,
            0.040258968479324926,
            0.13181144129677086,
            -0.0009222121388216887,
            0.3500157902060144,
            0.23379485903591804,
            0.011009894461731388,
            0.042413412329269234,
            0.0007872428211946648
        ],
        [
            -0.012059189543560049,
            -0.0026959995668992638,
            -0.004417207328170549,
            0.028092948263409065,
            0.003730720016551928,
            0.027993740995341333,
            -0.008903695887285429,
            0.009040241104987258,
            -0.028737112008113713,
            -0.009096014281492043,
            -0.10133309645998702,
            -0.02006026323497056,
            0.022887983225531983,
            0.013392575105697508,
            -0.008187210390741466,
            0.047832625152349054,
            0.011009894461731388,
            0.021284526750968803,
            0.06443329620713015,
            -0.0010294522186999884
        ],
        [
            -0.024209198827793994,
            -0.0077372124392634314,
            -0.00945696450229488,
            0.061475398101680616,
            0.007989528223649268,
            0.05188014191337418,
            -0.03423924642563494,
            0.02940782525773398,
            -0.09862260417422757,
            -0.02882801076793115,
            -0.3068581794115505,
            -0.06139843086392167,
            0.06768192657365331,
            0.06088918318468921,
            -0.02145954479354685,
            0.16191464425235938,
            0.042413412329269234,
            0.06443329620713015,
            0.1978736534720415,
            -0.0027577895487085344
        ],
        [
            0.0022876191420865585,
            0.0002887238628486094,
            0.0007057062453553493,
            -0.004311516881718236,
            -0.0005951716358285985,
            -0.005360376910473434,
            -0.00036251954714495695,
            -0.0001796462083556113,
            -9.955905112925454e-05,
            0.0002774811476656201,
            0.005032915034386974,
            0.0010378508823049913,
            -0.0012732492998694623,
            0.0019741054988586253,
            0.0008061974049236787,
            9.722775823001428e-05,
            0.0007872428211946648,
            -0.0010294522186999884,
            -0.0027577895487085344,
            9.562133456181186e-05
        ]
    ]
}