{
    "opt_E": -2.1497486197755307,
    "HF_E": -2.119982110654652,
    "B3LYP_E": -2.121939704855535,
    "sto-3G_E": -2.099829780616207,
    "proj": [
        [
            0.5338588233672784,
            0.3490831777234634,
            0.00975097303368568,
            -0.1793236975926284,
            0.023575714870855573,
            0.054086465522855,
            0.17608300935239232,
            0.028766568031995846,
            -0.22296244946141305,
            0.03158731995034289,
            0.05178612684582117,
            0.03374225081280109,
            0.005797692793671896,
            0.047788907138424624,
            -0.0019819096626210327,
            0.002649399665671301,
            -0.039391049880361566,
            -0.003082736006101322,
            -0.0315991710843086,
            -0.0031910001474906935
        ],
        [
            0.3490831777234634,
            0.2368095436500776,
            0.004099183944526496,
            -0.0862418025120783,
            0.01109024924458144,
            0.08393933541084582,
            0.12991695971791015,
            0.016675482940285858,
            -0.1357951278929888,
            0.0187981559205343,
            0.0489493706109316,
            0.023045190339681314,
            -0.0020034904200556605,
            -0.016483325317324448,
            -0.00037588146276578733,
            -0.03662465847525151,
            -0.047754610339693526,
            -0.004154583853916075,
            -0.038052589619345815,
            -0.002860096939963938
        ],
        [
            0.00975097303368568,
            0.004099183944526496,
            0.0016199863793281272,
            -0.021200548207285744,
            0.0028933199794237193,
            -0.024224806000392108,
            -0.0030966344415162103,
            0.002880739613996485,
            0.001855123401666758,
            0.0003850257562961915,
            0.0054422181523341995,
            -0.0030796228153459598,
            0.001921231675095291,
            0.01738055071736401,
            -0.0024395026401208553,
            -0.0032067894754282643,
            -0.003116047087358489,
            -0.0010678945877290711,
            -0.008169404203590596,
            -0.0007895953609405137
        ],
        [
            -0.1793236975926284,
            -0.0862418025120783,
            -0.021200548207285744,
            0.28613854474374595,
            -0.03894255478322735,
            0.3068362587440933,
            0.028140975940667615,
            -0.036399009634108234,
            0.02523510578232146,
            -0.010670950400471701,
            -0.036507442940879396,
            0.044610257175087466,
            -0.025615052131269602,
            -0.22737557248245124,
            0.02854588092798144,
            0.03127265577275828,
            0.041955436395842,
            0.010339482510220493,
            0.07924007180982096,
            0.008308678113236887
        ],
        [
            0.023575714870855573,
            0.01109024924458144,
            0.0028933199794237193,
            -0.03894255478322735,
            0.005303905132074877,
            -0.04217005627304024,
            -0.004089993724291299,
            0.004974284555501078,
            -0.002864618545610784,
            0.0013926777607404827,
            0.005377689939406838,
            -0.005745973066257023,
            0.00356111977670841,
            0.03160131865206703,
            -0.003893500104409118,
            -0.003262263861786314,
            -0.004951942791528994,
            -0.0014033316954245156,
            -0.010737805532834314,
            -0.0011345364267855036
        ],
        [
            0.054086465522855,
            0.08393933541084582,
            -0.024224806000392108,
            0.3068362587440933,
            -0.04217005627304024,
            0.4908913524888642,
            0.163226684312069,
            -0.028271963859901033,
            -0.034345953814349975,
            -0.0026900293379254355,
            0.0715885996779,
            0.11374340949741904,
            -0.0341786093108361,
            -0.29745415869925296,
            0.03491941201407271,
            0.046736027231495204,
            0.04824919492558022,
            0.005502632450757783,
            0.03605462411330978,
            0.005623971189711088
        ],
        [
            0.17608300935239232,
            0.12991695971791015,
            -0.0030966344415162103,
            0.028140975940667615,
            -0.004089993724291299,
            0.163226684312069,
            0.11455073980127833,
            0.0072778115335493275,
            -0.028109551491773625,
            0.004212165814947511,
            0.11536334948791953,
            0.07210282824273048,
            -0.0069135550485026126,
            -0.05504972007504402,
            0.005417174253537013,
            0.033508789122144673,
            0.02347076950225987,
            -0.0050187889753301575,
            -0.043600650006593474,
            -0.002851562587954661
        ],
        [
            0.028766568031995846,
            0.016675482940285858,
            0.002880739613996485,
            -0.036399009634108234,
            0.004974284555501078,
            -0.028271963859901033,
            0.0072778115335493275,
            0.007686887263063978,
            0.018143030855292255,
            -0.0006465658504825611,
            0.04342161295002455,
            0.007673890372891323,
            0.0028748655552096815,
            0.02872059034587843,
            -0.005402986347577343,
            -0.0026243982814436605,
            -0.00043155325519033533,
            -0.004318204553878254,
            -0.03379382008767485,
            -0.0028330784278367055
        ],
        [
            -0.22296244946141305,
            -0.1357951278929888,
            0.001855123401666758,
            0.02523510578232146,
            -0.002864618545610784,
            -0.034345953814349975,
            -0.028109551491773625,
            0.018143030855292255,
            0.30756557966478143,
            -0.03319109974922767,
            0.2933947042613399,
            0.059478647724927884,
            -0.0021236235474269235,
            0.012205087530726319,
            -0.023898091020551317,
            -0.05254157957010915,
            0.016849333700635235,
            -0.027923268684971147,
            -0.21527616207803255,
            -0.01601711008237441
        ],
        [
            0.03158731995034289,
            0.0187981559205343,
            0.0003850257562961915,
            -0.010670950400471701,
            0.0013926777607404827,
            -0.0026900293379254355,
            0.004212165814947511,
            -0.0006465658504825611,
            -0.03319109974922767,
            0.0038497456390744625,
            -0.026957657182316623,
            -0.005535934502377838,
            0.0009752814313063493,
            0.005466358045299269,
            0.001795843441522573,
            0.0071348706911455164,
            -0.0012202294496450742,
            0.0025648057478030333,
            0.019709595918493937,
            0.0013899761782378852
        ],
        [
            0.05178612684582117,
            0.0489493706109316,
            0.0054422181523341995,
            -0.036507442940879396,
            0.005377689939406838,
            0.0715885996779,
            0.11536334948791953,
            0.04342161295002455,
            0.2933947042613399,
            -0.026957657182316623,
            0.5031919473639048,
            0.16755492543293998,
            0.000950995775257861,
            0.04885626270156406,
            -0.027185551865301968,
            0.03718559932251197,
            0.07676401612036891,
            -0.03935350972062408,
            -0.309526224281283,
            -0.02371057675049609
        ],
        [
            0.03374225081280109,
            0.023045190339681314,
            -0.0030796228153459598,
            0.044610257175087466,
            -0.005745973066257023,
            0.11374340949741904,
            0.07210282824273048,
            0.007673890372891323,
            0.059478647724927884,
            -0.005535934502377838,
            0.16755492543293998,
            0.11779360148452639,
            0.002609490080758871,
            0.028038287098926563,
            0.005452949296403568,
            0.1753467324856704,
            0.13342482707976425,
            -0.003780025097970622,
            -0.0313696138903257,
            -0.0028464993859310334
        ],
        [
            0.005797692793671896,
            -0.0020034904200556605,
            0.001921231675095291,
            -0.025615052131269602,
            0.00356111977670841,
            -0.0341786093108361,
            -0.0069135550485026126,
            0.0028748655552096815,
            -0.0021236235474269235,
            0.0009752814313063493,
            0.000950995775257861,
            0.002609490080758871,
            0.004239067161365765,
            0.03593852858287008,
            -0.0014828628034711999,
            0.026572787428631735,
            0.01594333569476998,
            0.0005107817636338393,
            0.0043825729251281255,
            -6.996670842566321e-05
        ],
        [
            0.047788907138424624,
            -0.016483325317324448,
            0.01738055071736401,
            -0.22737557248245124,
            0.03160131865206703,
            -0.29745415869925296,
            -0.05504972007504402,
            0.02872059034587843,
            0.012205087530726319,
            0.005466358045299269,
            0.04885626270156406,
            0.028038287098926563,
            0.03593852858287008,
            0.3089778450311211,
            -0.0166628741599536,
            0.20966654524269293,
            0.12929533039216473,
            1.187463988891548e-05,
            0.003467030356948153,
            -0.003137005049008708
        ],
        [
            -0.0019819096626210327,
            -0.00037588146276578733,
            -0.0024395026401208553,
            0.02854588092798144,
            -0.003893500104409118,
            0.03491941201407271,
            0.005417174253537013,
            -0.005402986347577343,
            -0.023898091020551317,
            0.001795843441522573,
            -0.027185551865301968,
            0.005452949296403568,
            -0.0014828628034711999,
            -0.0166628741599536,
            0.005795696569818113,
            0.02649853735789476,
            0.015601741239365835,
            0.0041958351857875826,
            0.03242534426140904,
            0.002564812564051267
        ],
        [
            0.002649399665671301,
            -0.03662465847525151,
            -0.0032067894754282643,
            0.03127265577275828,
            -0.003262263861786314,
            0.046736027231495204,
            0.033508789122144673,
            -0.0026243982814436605,
            -0.05254157957010915,
            0.0071348706911455164,
            0.03718559932251197,
            0.1753467324856704,
            0.026572787428631735,
            0.20966654524269293,
            0.02649853735789476,
            0.541421960463855,
            0.359583066283336,
            0.023027867987681225,
            0.17991289103275795,
            0.0107201241394835
        ],
        [
            -0.039391049880361566,
            -0.047754610339693526,
            -0.003116047087358489,
            0.041955436395842,
            -0.004951942791528994,
            0.04824919492558022,
            0.02347076950225987,
            -0.00043155325519033533,
            0.016849333700635235,
            -0.0012202294496450742,
            0.07676401612036891,
            0.13342482707976425,
            0.01594333569476998,
            0.12929533039216473,
            0.015601741239365835,
            0.359583066283336,
            0.24875188680685295,
            0.011217174634379871,
            0.08788545484836954,
            0.004884225282899621
        ],
        [
            -0.003082736006101322,
            -0.004154583853916075,
            -0.0010678945877290711,
            0.010339482510220493,
            -0.0014033316954245156,
            0.005502632450757783,
            -0.0050187889753301575,
            -0.004318204553878254,
            -0.027923268684971147,
            0.0025648057478030333,
            -0.03935350972062408,
            -0.003780025097970622,
            0.0005107817636338393,
            1.187463988891548e-05,
            0.0041958351857875826,
            0.023027867987681225,
            0.011217174634379871,
            0.004500194313637031,
            0.03519945064544887,
            0.002607760309181458
        ],
        [
            -0.0315991710843086,
            -0.038052589619345815,
            -0.008169404203590596,
            0.07924007180982096,
            -0.010737805532834314,
            0.03605462411330978,
            -0.043600650006593474,
            -0.03379382008767485,
            -0.21527616207803255,
            0.019709595918493937,
            -0.309526224281283,
            -0.0313696138903257,
            0.0043825729251281255,
            0.003467030356948153,
            0.03242534426140904,
            0.17991289103275795,
            0.08788545484836954,
            0.03519945064544887,
            0.2755070107001449,
            0.020381945355399486
        ],
        [
            -0.0031910001474906935,
            -0.002860096939963938,
            -0.0007895953609405137,
            0.008308678113236887,
            -0.0011345364267855036,
            0.005623971189711088,
            -0.002851562587954661,
            -0.0028330784278367055,
            -0.01601711008237441,
            0.0013899761782378852,
            -0.02371057675049609,
            -0.0028464993859310334,
            -6.996670842566321e-05,
            -0.003137005049008708,
            0.002564812564051267,
            0.0107201241394835,
            0.004884225282899621,
            0.002607760309181458,
            0.020381945355399486,
            0.0015456819752062898
        ]
    ]
}