{
    "opt_E": -2.2137322666258505,
    "HF_E": -2.1833456293281475,
    "B3LYP_E": -2.1850133807693237,
    "sto-3G_E": -2.174818015200373,
    "proj": [
        [
            0.5617593398201537,
            0.3482228848057978,
            -0.01782812183240961,
            -0.1741611208085983,
            -0.03856144312179016,
            0.007334048776702535,
            0.1738683655298726,
            -0.03682869550863596,
            -0.23070197444477983,
            -0.06615087510216264,
            0.027766607311682436,
            0.02718638960768408,
            -0.0030191347782445375,
            0.030861228674334752,
            -0.0032029315132467875,
            -0.00391029666274618,
            -0.02440917770698701,
            -0.008211911643589951,
            -0.01943989243434078,
            -0.0034172770934366983
        ],
        [
            0.3482228848057978,
            0.2347121038777273,
            -0.004464265789330732,
            -0.05306516888750814,
            -0.010815128838680051,
            0.10496340794764389,
            0.14285608404334504,
            -0.017323284538015956,
            -0.1355982663046524,
            -0.03272960370002242,
            0.020584234694079134,
            0.02737458715650712,
            0.004595968260676411,
            -0.03342245793410173,
            0.0030709664652047684,
            -0.028100188563348116,
            -0.02789287271041647,
            -0.0049434737431047655,
            -0.0176284459356485,
            -0.0018517382199501908
        ],
        [
            -0.01782812183240961,
            -0.004464265789330732,
            0.0034395223222047563,
            0.028322553335807132,
            0.0068196696031421825,
            0.040110824323842414,
            0.007276222761375222,
            0.004662133071865564,
            0.004585556743102068,
            0.0062180540451529575,
            -0.010167841638212077,
            0.00410812041039352,
            0.006506041604312586,
            -0.013791618448426263,
            0.0032605145217489374,
            0.003945491722661091,
            0.0020228147155951057,
            0.0037565564966731747,
            0.009974186477685176,
            0.0011454726811360005
        ],
        [
            -0.1741611208085983,
            -0.05306516888750814,
            0.028322553335807132,
            0.23686494085070908,
            0.05652083128678795,
            0.3246827863065861,
            0.05364333907318327,
            0.03664503456845998,
            0.06252770310644876,
            0.05184791616430307,
            -0.05651393017494108,
            0.03520575460780519,
            0.04616604809727457,
            -0.12576303340430928,
            0.02456161541997772,
            0.01383306369438863,
            0.011678497394055652,
            0.023860146663880314,
            0.05864991401090165,
            0.0075376373965972965
        ],
        [
            -0.03856144312179016,
            -0.010815128838680051,
            0.0068196696031421825,
            0.05652083128678795,
            0.013562073516583025,
            0.07856139112405577,
            0.013308022787664778,
            0.009181815966409847,
            0.011352510379449305,
            0.012497933302038659,
            -0.018569004367495635,
            0.007582700056695493,
            0.012110731711957553,
            -0.028743475672648233,
            0.00621715969193448,
            0.0050806769139879705,
            0.0028343262485784723,
            0.0068544875491179545,
            0.017764449213081377,
            0.00211622216991523
        ],
        [
            0.007334048776702535,
            0.10496340794764389,
            0.040110824323842414,
            0.3246827863065861,
            0.07856139112405577,
            0.5928282666328774,
            0.20831031422775176,
            0.03814624205780197,
            0.009344379982500296,
            0.05086693785279807,
            -0.018272609735743878,
            0.10242584404006431,
            0.0737566855967069,
            -0.21611264073536618,
            0.04002708667675001,
            0.02708320978395041,
            0.02102379054790908,
            0.026084697587425636,
            0.0556260884851806,
            0.008187496546871703
        ],
        [
            0.1738683655298726,
            0.14285608404334504,
            0.007276222761375222,
            0.05364333907318327,
            0.013308022787664778,
            0.20831031422775176,
            0.14085561153475046,
            -0.0073220215070538205,
            -0.030060600486738916,
            -0.009331640263578146,
            0.09389756858937467,
            0.08010817017440057,
            0.016791858042858914,
            -0.06454259494767664,
            0.010235107366341577,
            0.03211008457952874,
            0.029036613100133116,
            -0.008351956014521841,
            -0.033099381559960096,
            -0.002452866850329375
        ],
        [
            -0.03682869550863596,
            -0.017323284538015956,
            0.004662133071865564,
            0.03664503456845998,
            0.009181815966409847,
            0.03814624205780197,
            -0.0073220215070538205,
            0.011074462612527385,
            -0.009018268899562677,
            0.01206379944341754,
            -0.0614765202475866,
            -0.013453851888433153,
            0.01282573958056012,
            -0.008793664683848377,
            0.005321705034638108,
            0.00301285636865878,
            -0.006235151719073088,
            0.013378434909227204,
            0.040475651988837444,
            0.0038891121495846243
        ],
        [
            -0.23070197444477983,
            -0.1355982663046524,
            0.004585556743102068,
            0.06252770310644876,
            0.011352510379449305,
            0.009344379982500296,
            -0.030060600486738916,
            -0.009018268899562677,
            0.19705231150019836,
            0.010717918569999133,
            0.2233581540187637,
            0.05887496168204142,
            -0.03208501362336164,
            -0.056645178213224213,
            -0.008868441483274443,
            -0.0216961291520615,
            0.0361120687955117,
            -0.04288683090905622,
            -0.14123305021404292,
            -0.011526868885398143
        ],
        [
            -0.06615087510216264,
            -0.03272960370002242,
            0.0062180540451529575,
            0.05184791616430307,
            0.012497933302038659,
            0.05086693785279807,
            -0.009331640263578146,
            0.01206379944341754,
            0.010717918569999133,
            0.015430042813403764,
            -0.04683428170569856,
            -0.008752762900126535,
            0.011639576765582813,
            -0.019501169129504562,
            0.005452644463439008,
            -0.0009460847619212859,
            -0.004471693538011642,
            0.01078928104063483,
            0.031037996904286384,
            0.0032502411011516045
        ],
        [
            0.027766607311682436,
            0.020584234694079134,
            -0.010167841638212077,
            -0.05651393017494108,
            -0.018569004367495635,
            -0.018272609735743878,
            0.09389756858937467,
            -0.0614765202475866,
            0.2233581540187637,
            -0.04683428170569856,
            0.5646763197557322,
            0.19224104174541062,
            -0.06740567562429393,
            -0.03215925929229071,
            -0.02258279797819147,
            0.04991110567621596,
            0.12186148337799997,
            -0.10231967832033619,
            -0.3229124451314408,
            -0.028991287900334735
        ],
        [
            0.02718638960768408,
            0.02737458715650712,
            0.00410812041039352,
            0.03520575460780519,
            0.007582700056695493,
            0.10242584404006431,
            0.08010817017440057,
            -0.013453851888433153,
            0.05887496168204142,
            -0.008752762900126535,
            0.19224104174541062,
            0.13188477019145417,
            0.017109837157919524,
            0.02883129233629831,
            0.007028069984892982,
            0.1795485334405431,
            0.13607197184081815,
            -0.01485096848501059,
            -0.04395744640106468,
            -0.004535690387155606
        ],
        [
            -0.0030191347782445375,
            0.004595968260676411,
            0.006506041604312586,
            0.04616604809727457,
            0.012110731711957553,
            0.0737566855967069,
            0.016791858042858914,
            0.01282573958056012,
            -0.03208501362336164,
            0.011639576765582813,
            -0.06740567562429393,
            0.017109837157919524,
            0.03247115459886046,
            0.023553082187788715,
            0.011887351967844606,
            0.08970458821980902,
            0.04171469356930975,
            0.024281622664666394,
            0.07785048575780061,
            0.006718855736111546
        ],
        [
            0.030861228674334752,
            -0.03342245793410173,
            -0.013791618448426263,
            -0.12576303340430928,
            -0.028743475672648233,
            -0.21611264073536618,
            -0.06454259494767664,
            -0.008793664683848377,
            -0.056645178213224213,
            -0.019501169129504562,
            -0.03215925929229071,
            0.02883129233629831,
            0.023553082187788715,
            0.21786242333900177,
            -0.0003431081532176511,
            0.2550593256684527,
            0.1371289546553601,
            0.024410328702942297,
            0.10024976067760964,
            0.005799943501188618
        ],
        [
            -0.0032029315132467875,
            0.0030709664652047684,
            0.0032605145217489374,
            0.02456161541997772,
            0.00621715969193448,
            0.04002708667675001,
            0.010235107366341577,
            0.005321705034638108,
            -0.008868441483274443,
            0.005452644463439008,
            -0.02258279797819147,
            0.007028069984892982,
            0.011887351967844606,
            -0.0003431081532176511,
            0.00477226333181092,
            0.025883480041012465,
            0.011901348376538563,
            0.008239927617706623,
            0.02545461697373162,
            0.002319928791128179
        ],
        [
            -0.00391029666274618,
            -0.028100188563348116,
            0.003945491722661091,
            0.01383306369438863,
            0.0050806769139879705,
            0.02708320978395041,
            0.03211008457952874,
            0.00301285636865878,
            -0.0216961291520615,
            -0.0009460847619212859,
            0.04991110567621596,
            0.1795485334405431,
            0.08970458821980902,
            0.2550593256684527,
            0.025883480041012465,
            0.5446415648838101,
            0.3232994856754795,
            0.04651762397265986,
            0.17146284767369174,
            0.01171994502390326
        ],
        [
            -0.02440917770698701,
            -0.02789287271041647,
            0.0020228147155951057,
            0.011678497394055652,
            0.0028343262485784723,
            0.02102379054790908,
            0.029036613100133116,
            -0.006235151719073088,
            0.0361120687955117,
            -0.004471693538011642,
            0.12186148337799997,
            0.13607197184081815,
            0.04171469356930975,
            0.1371289546553601,
            0.011901348376538563,
            0.3232994856754795,
            0.20850377920215468,
            0.010477026406280723,
            0.04658873077313486,
            0.0021897861350505927
        ],
        [
            -0.008211911643589951,
            -0.0049434737431047655,
            0.0037565564966731747,
            0.023860146663880314,
            0.0068544875491179545,
            0.026084697587425636,
            -0.008351956014521841,
            0.013378434909227204,
            -0.04288683090905622,
            0.01078928104063483,
            -0.10231967832033619,
            -0.01485096848501059,
            0.024281622664666394,
            0.024410328702942297,
            0.008239927617706623,
            0.04651762397265986,
            0.010477026406280723,
            0.024934065240685786,
            0.08025000969580716,
            0.006949592284710785
        ],
        [
            -0.01943989243434078,
            -0.0176284459356485,
            0.009974186477685176,
            0.05864991401090165,
            0.017764449213081377,
            0.0556260884851806,
            -0.033099381559960096,
            0.040475651988837444,
            -0.14123305021404292,
            0.031037996904286384,
            -0.3229124451314408,
            -0.04395744640106468,
            0.07785048575780061,
            0.10024976067760964,
            0.02545461697373162,
            0.17146284767369174,
            0.04658873077313486,
            0.08025000969580716,
            0.26073105224696586,
            0.022251948931503087
        ],
        [
            -0.0034172770934366983,
            -0.0018517382199501908,
            0.0011454726811360005,
            0.0075376373965972965,
            0.00211622216991523,
            0.008187496546871703,
            -0.002452866850329375,
            0.0038891121495846243,
            -0.011526868885398143,
            0.0032502411011516045,
            -0.028991287900334735,
            -0.004535690387155606,
            0.006718855736111546,
            0.005799943501188618,
            0.002319928791128179,
            0.01171994502390326,
            0.0021897861350505927,
            0.006949592284710785,
            0.022251948931503087,
            0.0019439317283890464
        ]
    ]
}