{
    "opt_E": -2.2030114190347017,
    "HF_E": -2.170824071242474,
    "B3LYP_E": -2.173591126261436,
    "sto-3G_E": -2.1566018023659517,
    "proj": [
        [
            0.5846715647055561,
            0.3665061693807519,
            -0.003969056033672231,
            -0.1687050024454544,
            -0.016720456247373373,
            -0.02218037240041748,
            0.1642574152046807,
            0.0134615385795765,
            -0.20780013237411993,
            -0.03411348321394489,
            0.04066398757910892,
            0.0258753206725513,
            0.012749623099841286,
            0.06110218547482495,
            -0.0038874261282509683,
            -0.002685561886757316,
            -0.028421142604822477,
            0.0024803385167125615,
            -0.02600268024344087,
            0.004176683578398659
        ],
        [
            0.3665061693807519,
            0.2515321299481867,
            -0.0023031527965784444,
            -0.05128420641473497,
            -0.004336248100361443,
            0.09225767673445397,
            0.14019406217641175,
            0.0011460525320742135,
            -0.13697451994088394,
            -0.01569771571124462,
            0.020738417013810566,
            0.023729423866119273,
            -0.006943533781455757,
            -0.025322342264959264,
            0.002725843128835305,
            -0.028705815464720834,
            -0.03776222960749495,
            0.0008500724313428183,
            -0.012792798388377283,
            0.0016563871770216446
        ],
        [
            -0.003969056033672231,
            -0.0023031527965784444,
            4.5695805012337656e-05,
            0.0011775856619095353,
            0.00010326553577308172,
            0.0006014177555512754,
            -0.0005493233570615711,
            0.00024905578309786437,
            0.002786115387406224,
            0.00012856106029015329,
            0.0021641899216992356,
            0.00023464083325098502,
            8.16679153364458e-05,
            -0.0013848308107444775,
            0.0002454478210317318,
            -0.0021710174972740075,
            -0.0007214130555309335,
            9.669160042481331e-06,
            -0.001646552215526318,
            0.0002560174557144846
        ],
        [
            -0.1687050024454544,
            -0.05128420641473497,
            0.0011775856619095353,
            0.20223862074832744,
            0.022389118401256666,
            0.3013252121002631,
            0.05310625789067962,
            -0.02874463867310177,
            0.020550142475541624,
            0.026819793661125545,
            -0.048860921025014416,
            0.03200228594787884,
            -0.04941448930017504,
            -0.15429809308579012,
            0.007928184380966779,
            0.028897163182117942,
            0.01296917212965274,
            -0.00291539738518267,
            0.05761607073443051,
            -0.010177921640349094
        ],
        [
            -0.016720456247373373,
            -0.004336248100361443,
            0.00010326553577308172,
            0.022389118401256666,
            0.0024998255517388744,
            0.0339752943325455,
            0.006217409681056568,
            -0.003570600813079422,
            0.0001245043594011892,
            0.0030297381474439435,
            -0.007953396650212255,
            0.002956640319317432,
            -0.005746410732114219,
            -0.017007050506647508,
            0.0007652415249990623,
            0.004077582851417861,
            0.0013695077474980663,
            -0.00035143965509908473,
            0.007976192041248362,
            -0.001380361924464924
        ],
        [
            -0.02218037240041748,
            0.09225767673445397,
            0.0006014177555512754,
            0.3013252121002631,
            0.0339752943325455,
            0.5802245196386909,
            0.2063406352309296,
            -0.03709958153696815,
            -0.025903413986610762,
            0.030135555929850056,
            0.011869034928595014,
            0.10751479857299417,
            -0.08378095838120062,
            -0.26896091993538496,
            0.015979843770039394,
            0.048402076781669044,
            0.02266959654976028,
            -0.0033444273927485937,
            0.05277688104271161,
            -0.010435266701673015
        ],
        [
            0.1642574152046807,
            0.14019406217641175,
            -0.0005493233570615711,
            0.05310625789067962,
            0.006217409681056568,
            0.2063406352309296,
            0.14167897900681908,
            0.004287497524030722,
            -0.02167753533300226,
            -0.004191217387840992,
            0.11555626913789756,
            0.08589794897611698,
            -0.019743041604129437,
            -0.07369496738362326,
            0.006724863192060347,
            0.021091672284219636,
            0.021581111104272983,
            0.0007414053275164375,
            -0.0386302884113201,
            0.005338265098634708
        ],
        [
            0.0134615385795765,
            0.0011460525320742135,
            0.00024905578309786437,
            -0.02874463867310177,
            -0.003570600813079422,
            -0.03709958153696815,
            0.004287497524030722,
            0.0139633231199841,
            0.03788703196441947,
            -0.006766320634113735,
            0.079786621520767,
            0.021489746416869945,
            0.011674133978536108,
            0.018706243257437746,
            0.0013912064552458305,
            -0.01261330256129557,
            0.007324704570859861,
            0.0012492008267379194,
            -0.04776980254380074,
            0.0076593158974626
        ],
        [
            -0.20780013237411993,
            -0.13697451994088394,
            0.002786115387406224,
            0.020550142475541624,
            0.0001245043594011892,
            -0.025903413986610762,
            -0.02167753533300226,
            0.03788703196441947,
            0.22178675376299561,
            -0.004295357817263319,
            0.26748404856006164,
            0.07613583937562615,
            0.022641297219373534,
            -0.014637521759185673,
            0.010963725007651887,
            -0.060770456353396264,
            0.02616344519977713,
            0.0027950192059884387,
            -0.15634095230779585,
            0.02470341795737209
        ],
        [
            -0.03411348321394489,
            -0.01569771571124462,
            0.00012856106029015329,
            0.026819793661125545,
            0.0030297381474439435,
            0.030135555929850056,
            -0.004191217387840992,
            -0.006766320634113735,
            -0.004295357817263319,
            0.004966517691630875,
            -0.031179823880248692,
            -0.007167941859527444,
            -0.0070826224872197014,
            -0.01820012369846444,
            0.00029868792560305813,
            0.003103171793351983,
            -0.0025875707236752564,
            -0.0006730938886222882,
            0.01952588600728164,
            -0.0031872297536508975
        ],
        [
            0.04066398757910892,
            0.020738417013810566,
            0.0021641899216992356,
            -0.048860921025014416,
            -0.007953396650212255,
            0.011869034928595014,
            0.11555626913789756,
            0.079786621520767,
            0.26748404856006164,
            -0.031179823880248692,
            0.5672278663298771,
            0.21387285999841235,
            0.04109981080084407,
            0.021020009745505355,
            0.01433008645086861,
            -0.01721908312429328,
            0.09546895058492773,
            0.007108561077345034,
            -0.2980275626124258,
            0.04692281348007461
        ],
        [
            0.0258753206725513,
            0.023729423866119273,
            0.00023464083325098502,
            0.03200228594787884,
            0.002956640319317432,
            0.10751479857299417,
            0.08589794897611698,
            0.021489746416869945,
            0.07613583937562615,
            -0.007167941859527444,
            0.21387285999841235,
            0.1412472761028546,
            -0.003123340819272919,
            0.023913486290844558,
            -0.002491049306928708,
            0.1583803994186366,
            0.13684898036420431,
            0.002190506620506865,
            -0.05961742656801195,
            0.00909572340135723
        ],
        [
            0.012749623099841286,
            -0.006943533781455757,
            8.16679153364458e-05,
            -0.04941448930017504,
            -0.005746410732114219,
            -0.08378095838120062,
            -0.019743041604129437,
            0.011674133978536108,
            0.022641297219373534,
            -0.0070826224872197014,
            0.04109981080084407,
            -0.003123340819272919,
            0.01573626558968647,
            0.03578905070916691,
            -0.0003534535194430786,
            -0.022308287189237948,
            -0.005237892444508764,
            0.0010376129036409499,
            -0.03401215457459384,
            0.005657480152629726
        ],
        [
            0.06110218547482495,
            -0.025322342264959264,
            -0.0013848308107444775,
            -0.15429809308579012,
            -0.017007050506647508,
            -0.26896091993538496,
            -0.07369496738362326,
            0.018706243257437746,
            -0.014637521759185673,
            -0.01820012369846444,
            0.021020009745505355,
            0.023913486290844558,
            0.03578905070916691,
            0.2235425766087489,
            -0.022900911729291602,
            0.21000746790758112,
            0.13745406634230253,
            0.0021666840388377662,
            0.024559545791172036,
            -0.0027495223306822475
        ],
        [
            -0.0038874261282509683,
            0.002725843128835305,
            0.0002454478210317318,
            0.007928184380966779,
            0.0007652415249990623,
            0.015979843770039394,
            0.006724863192060347,
            0.0013912064552458305,
            0.010963725007651887,
            0.00029868792560305813,
            0.01433008645086861,
            -0.002491049306928708,
            -0.0003534535194430786,
            -0.022900911729291602,
            0.003483009893126575,
            -0.03850062343758816,
            -0.021494431750374188,
            5.026118558440531e-05,
            -0.01658824681929302,
            0.002532332149011359
        ],
        [
            -0.002685561886757316,
            -0.028705815464720834,
            -0.0021710174972740075,
            0.028897163182117942,
            0.004077582851417861,
            0.048402076781669044,
            0.021091672284219636,
            -0.01261330256129557,
            -0.060770456353396264,
            0.003103171793351983,
            -0.01721908312429328,
            0.1583803994186366,
            -0.022308287189237948,
            0.21000746790758112,
            -0.03850062343758816,
            0.5864644829432544,
            0.3640428214816353,
            -0.00019254559647225477,
            0.17167691083195133,
            -0.026884220015274272
        ],
        [
            -0.028421142604822477,
            -0.03776222960749495,
            -0.0007214130555309335,
            0.01296917212965274,
            0.0013695077474980663,
            0.02266959654976028,
            0.021581111104272983,
            0.007324704570859861,
            0.02616344519977713,
            -0.0025875707236752564,
            0.09546895058492773,
            0.13684898036420431,
            -0.005237892444508764,
            0.13745406634230253,
            -0.021494431750374188,
            0.3640428214816353,
            0.24810957976455061,
            0.001161268672521847,
            0.05105118625693098,
            -0.007909952207133596
        ],
        [
            0.0024803385167125615,
            0.0008500724313428183,
            9.669160042481331e-06,
            -0.00291539738518267,
            -0.00035143965509908473,
            -0.0033444273927485937,
            0.0007414053275164375,
            0.0012492008267379194,
            0.0027950192059884387,
            -0.0006730938886222882,
            0.007108561077345034,
            0.002190506620506865,
            0.0010376129036409499,
            0.0021666840388377662,
            5.026118558440531e-05,
            -0.00019254559647225477,
            0.001161268672521847,
            0.00011607377014871864,
            -0.004012110703832436,
            0.0006446590339459234
        ],
        [
            -0.02600268024344087,
            -0.012792798388377283,
            -0.001646552215526318,
            0.05761607073443051,
            0.007976192041248362,
            0.05277688104271161,
            -0.0386302884113201,
            -0.04776980254380074,
            -0.15634095230779585,
            0.01952588600728164,
            -0.2980275626124258,
            -0.05961742656801195,
            -0.03401215457459384,
            0.024559545791172036,
            -0.01658824681929302,
            0.17167691083195133,
            0.05105118625693098,
            -0.004012110703832436,
            0.20532671295541122,
            -0.032456040987729785
        ],
        [
            0.004176683578398659,
            0.0016563871770216446,
            0.0002560174557144846,
            -0.010177921640349094,
            -0.001380361924464924,
            -0.010435266701673015,
            0.005338265098634708,
            0.0076593158974626,
            0.02470341795737209,
            -0.0031872297536508975,
            0.04692281348007461,
            0.00909572340135723,
            0.005657480152629726,
            -0.0027495223306822475,
            0.002532332149011359,
            -0.026884220015274272,
            -0.007909952207133596,
            0.0006446590339459234,
            -0.032456040987729785,
            0.005138226063397883
        ]
    ]
}