{
    "opt_E": -2.2161124295924006,
    "HF_E": -2.1856325830617997,
    "B3LYP_E": -2.1879901677573192,
    "sto-3G_E": -2.1780857058976713,
    "proj": [
        [
            0.5608750300315872,
            0.34840216910748195,
            -0.005042133754320943,
            -0.17304179286018787,
            -0.023871925969649713,
            0.008833490156484491,
            0.1745780370359237,
            -0.014326363173251718,
            -0.2383711194311891,
            -0.04348304979013416,
            0.038182727742762476,
            0.02437192282965172,
            -0.0029342440760419626,
            0.039592813788989004,
            -0.0025042699754968993,
            0.00262593003370425,
            -0.025174114221623477,
            0.0006318394063869423,
            -0.02474737368512249,
            0.0033505457414630337
        ],
        [
            0.34840216910748195,
            0.23390983881735813,
            -0.001150520024697449,
            -0.055234985478697235,
            -0.007116059328258371,
            0.0996432627688996,
            0.1408568559404348,
            -0.006009888701264173,
            -0.1413075691463173,
            -0.0216752314286512,
            0.02669429406896201,
            0.02379650058967389,
            0.0032458830141840226,
            -0.031060930564320664,
            0.0020506959884545287,
            -0.027553429977302472,
            -0.03330654860781023,
            0.0006661733604679814,
            -0.01824579573999138,
            0.0023748768441308643
        ],
        [
            -0.005042133754320943,
            -0.001150520024697449,
            0.0003612892044568519,
            0.00926336897363243,
            0.0013799592199516093,
            0.01303025541387955,
            0.0022028328625090556,
            0.0007784551031335547,
            0.0006341006663481254,
            0.001288762646339567,
            -0.004273462965800103,
            0.0012142883598921692,
            0.0005780475287295573,
            -0.005160104457953373,
            -0.0001271514882393232,
            0.0022665434670838137,
            0.0008420724281519987,
            -0.0002330732511554552,
            0.004042161857468288,
            -0.0006594634424329456
        ],
        [
            -0.17304179286018787,
            -0.055234985478697235,
            0.00926336897363243,
            0.24510471959715033,
            0.0361440755768997,
            0.32956973611825724,
            0.049047088067126134,
            0.018657573266194695,
            0.05571438633706574,
            0.03470110137691346,
            -0.07036470079811998,
            0.03663221089768084,
            0.01540871327544503,
            -0.1461424470265904,
            0.0004288639692336612,
            0.03231143275567164,
            0.015785295513594352,
            -0.004123689470346269,
            0.07493141313819278,
            -0.012262588462885781
        ],
        [
            -0.023871925969649713,
            -0.007116059328258371,
            0.0013799592199516093,
            0.0361440755768997,
            0.0053486547363640734,
            0.04911682706971346,
            0.007418677715839352,
            0.002871313050149535,
            0.006246258778287585,
            0.0051162998140102936,
            -0.012998153356211227,
            0.004766935038892307,
            0.002276574011442772,
            -0.021268332275824666,
            -9.461374714916534e-05,
            0.0054890100005501275,
            0.002179967675920442,
            -0.0007124000529381787,
            0.012704086787181748,
            -0.002076684076671075
        ],
        [
            0.008833490156484491,
            0.0996432627688996,
            0.01303025541387955,
            0.32956973611825724,
            0.04911682706971346,
            0.5882591217450003,
            0.20016293606144264,
            0.020518043119202512,
            0.0035571251923344257,
            0.03395817727377613,
            -0.018927501783916164,
            0.1055433220768419,
            0.02566017551626274,
            -0.24409187485731657,
            0.0034470291986199927,
            0.046173166086774325,
            0.021865153662281842,
            -0.00392073622418682,
            0.06954940415384395,
            -0.011903893616209058
        ],
        [
            0.1745780370359237,
            0.1408568559404348,
            0.0022028328625090556,
            0.049047088067126134,
            0.007418677715839352,
            0.20016293606144264,
            0.14010336074825333,
            -0.003069851835267567,
            -0.024158520769437468,
            -0.005743773347854407,
            0.1117876262590979,
            0.08283571994858649,
            0.007221103635803741,
            -0.07046698356249606,
            0.004003434704096812,
            0.020821236169602148,
            0.0222743469403793,
            0.0023113610856343,
            -0.04043664781558324,
            0.006113533060662167
        ],
        [
            -0.014326363173251718,
            -0.006009888701264173,
            0.0007784551031335547,
            0.018657573266194695,
            0.002871313050149535,
            0.020518043119202512,
            -0.003069851835267567,
            0.0027077017386172497,
            -0.007559789746526357,
            0.0034339691434179674,
            -0.03223725200152187,
            -0.007504889347852689,
            0.0010409592207246405,
            -0.008071941392828887,
            -0.0010898737139876829,
            0.003364723058207843,
            -0.0031749902223136687,
            -0.0012004839371599564,
            0.020155491384494607,
            -0.0032582461165175875
        ],
        [
            -0.2383711194311891,
            -0.1413075691463173,
            0.0006341006663481254,
            0.05571438633706574,
            0.006246258778287585,
            0.0035571251923344257,
            -0.024158520769437468,
            -0.007559789746526357,
            0.22301580976539884,
            0.009466767195232088,
            0.24588986926356926,
            0.07350103103419893,
            0.001839245056406513,
            -0.046442005860476546,
            0.014327217204546796,
            -0.045361769604087866,
            0.032533045317574394,
            0.009218603696834398,
            -0.14362182735150775,
            0.02337794388041611
        ],
        [
            -0.04348304979013416,
            -0.0216752314286512,
            0.001288762646339567,
            0.03470110137691346,
            0.0051162998140102936,
            0.03395817727377613,
            -0.005743773347854407,
            0.0034339691434179674,
            0.009466767195232088,
            0.006168250728292357,
            -0.025100806458454108,
            -0.0033445767100234317,
            0.0018178527930074256,
            -0.016999291421088764,
            -0.00037455441279547795,
            0.002423633229582616,
            -0.0007105193028424225,
            -0.0009729743252415111,
            0.017357138809415626,
            -0.0027918550321058486
        ],
        [
            0.038182727742762476,
            0.02669429406896201,
            -0.004273462965800103,
            -0.07036470079811998,
            -0.012998153356211227,
            -0.018927501783916164,
            0.1117876262590979,
            -0.03223725200152187,
            0.24588986926356926,
            -0.025100806458454108,
            0.5856839018526356,
            0.20930950988488975,
            -0.0030616555092449625,
            -0.004390025190310209,
            0.021495167705439737,
            -0.0027728537765112165,
            0.10540451594093903,
            0.01946287048125457,
            -0.3192353560622872,
            0.05152221960935042
        ],
        [
            0.02437192282965172,
            0.02379650058967389,
            0.0012142883598921692,
            0.03663221089768084,
            0.004766935038892307,
            0.1055433220768419,
            0.08283571994858649,
            -0.007504889347852689,
            0.07350103103419893,
            -0.0033445767100234317,
            0.20930950988488975,
            0.1422953392070986,
            -0.0005611959684441985,
            0.024515875147923593,
            -0.004043401498850905,
            0.16929467686115188,
            0.14075347244735195,
            0.0032219062712111816,
            -0.055290356277713594,
            0.009063067483204797
        ],
        [
            -0.0029342440760419626,
            0.0032458830141840226,
            0.0005780475287295573,
            0.01540871327544503,
            0.002276574011442772,
            0.02566017551626274,
            0.007221103635803741,
            0.0010409592207246405,
            0.001839245056406513,
            0.0018178527930074256,
            -0.0030616555092449625,
            -0.0005611959684441985,
            0.0015491961019997364,
            -0.01760704589706665,
            0.0012579190562690646,
            -0.013127547553075368,
            -0.008526233193137616,
            4.855888868021551e-05,
            -0.00018468412060544426,
            -2.2332973198859464e-05
        ],
        [
            0.039592813788989004,
            -0.031060930564320664,
            -0.005160104457953373,
            -0.1461424470265904,
            -0.021268332275824666,
            -0.24409187485731657,
            -0.07046698356249606,
            -0.008071941392828887,
            -0.046442005860476546,
            -0.016999291421088764,
            -0.004390025190310209,
            0.024515875147923593,
            -0.01760704589706665,
            0.2181900807030022,
            -0.021754132580494898,
            0.23456125659530672,
            0.14124545568809507,
            -0.003684614802844698,
            0.05206357767074389,
            -0.007731575379300507
        ],
        [
            -0.0025042699754968993,
            0.0020506959884545287,
            -0.0001271514882393232,
            0.0004288639692336612,
            -9.461374714916534e-05,
            0.0034470291986199927,
            0.004003434704096812,
            -0.0010898737139876829,
            0.014327217204546796,
            -0.00037455441279547795,
            0.021495167705439737,
            -0.004043401498850905,
            0.0012579190562690646,
            -0.021754132580494898,
            0.004226272986139413,
            -0.04360562916632881,
            -0.02252596161506155,
            0.0015352908461938367,
            -0.024169162276507974,
            0.003824621412201901
        ],
        [
            0.00262593003370425,
            -0.027553429977302472,
            0.0022665434670838137,
            0.03231143275567164,
            0.0054890100005501275,
            0.046173166086774325,
            0.020821236169602148,
            0.003364723058207843,
            -0.045361769604087866,
            0.002423633229582616,
            -0.0027728537765112165,
            0.16929467686115188,
            -0.013127547553075368,
            0.23456125659530672,
            -0.04360562916632881,
            0.5716137335475311,
            0.34883332862231703,
            -0.011242216296723225,
            0.17343879394226663,
            -0.027064436433714423
        ],
        [
            -0.025174114221623477,
            -0.03330654860781023,
            0.0008420724281519987,
            0.015785295513594352,
            0.002179967675920442,
            0.021865153662281842,
            0.0222743469403793,
            -0.0031749902223136687,
            0.032533045317574394,
            -0.0007105193028424225,
            0.10540451594093903,
            0.14075347244735195,
            -0.008526233193137616,
            0.14124545568809507,
            -0.02252596161506155,
            0.34883332862231703,
            0.23451346155581226,
            -0.0032670588824563135,
            0.04773089663075608,
            -0.007094590956513317
        ],
        [
            0.0006318394063869423,
            0.0006661733604679814,
            -0.0002330732511554552,
            -0.004123689470346269,
            -0.0007124000529381787,
            -0.00392073622418682,
            0.0023113610856343,
            -0.0012004839371599564,
            0.009218603696834398,
            -0.0009729743252415111,
            0.01946287048125457,
            0.0032219062712111816,
            4.855888868021551e-05,
            -0.003684614802844698,
            0.0015352908461938367,
            -0.011242216296723225,
            -0.0032670588824563135,
            0.0008746039561378368,
            -0.014142799722346592,
            0.002268160538893759
        ],
        [
            -0.02474737368512249,
            -0.01824579573999138,
            0.004042161857468288,
            0.07493141313819278,
            0.012704086787181748,
            0.06954940415384395,
            -0.04043664781558324,
            0.020155491384494607,
            -0.14362182735150775,
            0.017357138809415626,
            -0.3192353560622872,
            -0.055290356277713594,
            -0.00018468412060544426,
            0.05206357767074389,
            -0.024169162276507974,
            0.17343879394226663,
            0.04773089663075608,
            -0.014142799722346592,
            0.22929696275958286,
            -0.03678018195519747
        ],
        [
            0.0033505457414630337,
            0.0023748768441308643,
            -0.0006594634424329456,
            -0.012262588462885781,
            -0.002076684076671075,
            -0.011903893616209058,
            0.006113533060662167,
            -0.0032582461165175875,
            0.02337794388041611,
            -0.0027918550321058486,
            0.05152221960935042,
            0.009063067483204797,
            -2.2332973198859464e-05,
            -0.007731575379300507,
            0.003824621412201901,
            -0.027064436433714423,
            -0.007094590956513317,
            0.002268160538893759,
            -0.03678018195519747,
            0.0059026702175819365
        ]
    ]
}