{
    "opt_E": -2.205122239715775,
    "HF_E": -2.173955638078477,
    "B3LYP_E": -2.176570428601089,
    "sto-3G_E": -2.162349436385456,
    "proj": [
        [
            0.5910308330490635,
            0.3688874026682208,
            -0.012898894628569649,
            -0.16764826731303012,
            0.013320435102996025,
            -0.0300297721347728,
            0.15960745299457774,
            -0.02841856932525166,
            -0.20319429456174246,
            0.036285936698105085,
            0.0404736145889377,
            0.019229953592957025,
            -0.00457226042798116,
            0.05982692515280641,
            0.009862312736860973,
            1.6314139668176303e-05,
            -0.026875089225196935,
            0.001276276496762712,
            -0.030552400204904566,
            -0.005873467112537212
        ],
        [
            0.3688874026682208,
            0.25345882447303325,
            -0.0032709460028598337,
            -0.050348431067789225,
            0.003007761889903016,
            0.09058880960066644,
            0.14144277434302435,
            -0.012772705156969573,
            -0.13250893653427487,
            0.014372955240640216,
            0.023221513160655072,
            0.022534984118089244,
            0.0025434512517938613,
            -0.02812051054375995,
            -0.005766302661624054,
            -0.02993690264652508,
            -0.03641620913416182,
            0.0007804097426881212,
            -0.018241068495754013,
            -0.00329226654975729
        ],
        [
            -0.012898894628569649,
            -0.0032709460028598337,
            0.0014984646378077677,
            0.01704158585774334,
            -0.001660506031213578,
            0.026546181193940047,
            0.00568593097328868,
            0.0021066407455926075,
            -0.0005958504191321563,
            -0.003405814846303814,
            -0.006690228801212461,
            0.003325865187514829,
            0.001007433613804421,
            -0.011945618968376384,
            -0.0017847378216874026,
            0.003376122759198657,
            0.0015512466183402538,
            -0.0005074762556119963,
            0.007278917361547351,
            0.001667435679923081
        ],
        [
            -0.16764826731303012,
            -0.050348431067789225,
            0.01704158585774334,
            0.19577962957689715,
            -0.018791597057793315,
            0.29896878352936646,
            0.06102058299405802,
            0.023517920878399025,
            0.01352162630777078,
            -0.037129853581956355,
            -0.054298864353495006,
            0.04088840877990719,
            0.011902853014843022,
            -0.14143025191753025,
            -0.022088859566223626,
            0.027398401236588217,
            0.015591678566783276,
            -0.004554400863452871,
            0.06667000943698967,
            0.015276660050511608
        ],
        [
            0.013320435102996025,
            0.003007761889903016,
            -0.001660506031213578,
            -0.018791597057793315,
            0.0018444853662732813,
            -0.029537457395468994,
            -0.006447795065050406,
            -0.002358892790987426,
            0.00163808222922021,
            0.003856570852289931,
            0.00851973786199901,
            -0.003473570518921124,
            -0.0010989985400371653,
            0.01302709245000494,
            0.001904301816743809,
            -0.004126545737716894,
            -0.0017213234592370118,
            0.0006196977948219838,
            -0.008826730072957261,
            -0.002021754016822834
        ],
        [
            -0.0300297721347728,
            0.09058880960066644,
            0.026546181193940047,
            0.29896878352936646,
            -0.029537457395468994,
            0.5852675822799684,
            0.2198703500994621,
            0.02763252653669463,
            -0.03144393709317027,
            -0.045918364280516065,
            0.0029029989396668746,
            0.11995281395126596,
            0.022075583138119508,
            -0.2577295474607705,
            -0.042345752076407735,
            0.04784901454583346,
            0.02771723466483822,
            -0.004503499785737693,
            0.0635863044952571,
            0.015319555040944255
        ],
        [
            0.15960745299457774,
            0.14144277434302435,
            0.00568593097328868,
            0.06102058299405802,
            -0.006447795065050406,
            0.2198703500994621,
            0.1463312050614731,
            -0.0021737128172287477,
            -0.026802266037296577,
            0.002106218333485104,
            0.1018380044659289,
            0.0840480281347131,
            0.007285620646244433,
            -0.08063941748000546,
            -0.015018661330600662,
            0.027201680363203497,
            0.02278165555474305,
            0.0021327222895344633,
            -0.0323392315027905,
            -0.006645386508860698
        ],
        [
            -0.02841856932525166,
            -0.012772705156969573,
            0.0021066407455926075,
            0.023517920878399025,
            -0.002358892790987426,
            0.02763252653669463,
            -0.0021737128172287477,
            0.004135926848110382,
            -0.007306800691237165,
            -0.006942142505576704,
            -0.03157571477838275,
            -0.005157630090013952,
            0.0010908453244951604,
            -0.013677510238140641,
            -0.0015462904785600588,
            0.002618462157828204,
            -0.0020906458909724568,
            -0.0015224322479052434,
            0.02153186586424855,
            0.004863783285752394
        ],
        [
            -0.20319429456174246,
            -0.13250893653427487,
            -0.0005958504191321563,
            0.01352162630777078,
            0.00163808222922021,
            -0.03144393709317027,
            -0.026802266037296577,
            -0.007306800691237165,
            0.22046530590229624,
            0.021479076105726462,
            0.2685220292660135,
            0.0652251418190848,
            0.0023402529290974324,
            -0.025848287190312375,
            -0.01213243483251083,
            -0.046333158338281284,
            0.02680323803694267,
            0.01276109786379172,
            -0.16996674556551797,
            -0.03886127105216495
        ],
        [
            0.036285936698105085,
            0.014372955240640216,
            -0.003405814846303814,
            -0.037129853581956355,
            0.003856570852289931,
            -0.045918364280516065,
            0.002106218333485104,
            -0.006942142505576704,
            0.021479076105726462,
            0.01206183977039348,
            0.06232568107642012,
            0.011122626833131814,
            -0.0016618514640501015,
            0.020987787931975567,
            0.0019879265686547887,
            -0.005994207099203156,
            0.004683700106860344,
            0.002993469435877045,
            -0.041873810104178996,
            -0.00948034961192757
        ],
        [
            0.0404736145889377,
            0.023221513160655072,
            -0.006690228801212461,
            -0.054298864353495006,
            0.00851973786199901,
            0.0029029989396668746,
            0.1018380044659289,
            -0.03157571477838275,
            0.2685220292660135,
            0.06232568107642012,
            0.5629332895317881,
            0.1911098957106977,
            0.0010263345330539866,
            0.0022519414059235356,
            -0.011971784984688255,
            0.01788842321020502,
            0.10035498255833095,
            0.023091306113024884,
            -0.31732760829180967,
            -0.07167814186519103
        ],
        [
            0.019229953592957025,
            0.022534984118089244,
            0.003325865187514829,
            0.04088840877990719,
            -0.003473570518921124,
            0.11995281395126596,
            0.0840480281347131,
            -0.005157630090013952,
            0.0652251418190848,
            0.011122626833131814,
            0.1911098957106977,
            0.13459801774131605,
            -0.0005825637574015511,
            0.021661419824979447,
            0.004421698857717136,
            0.1740004746195764,
            0.13691426205817625,
            0.003067334051812609,
            -0.04376013972916448,
            -0.009657388104957278
        ],
        [
            -0.00457226042798116,
            0.0025434512517938613,
            0.001007433613804421,
            0.011902853014843022,
            -0.0010989985400371653,
            0.022075583138119508,
            0.007285620646244433,
            0.0010908453244951604,
            0.0023402529290974324,
            -0.0016618514640501015,
            0.0010263345330539866,
            -0.0005825637574015511,
            0.001486370978651797,
            -0.018535145842228144,
            -0.0036637235022806487,
            -0.01684729214364831,
            -0.010159798695203283,
            0.0003224090239889251,
            -0.004089085934835269,
            -0.0008953466208624249
        ],
        [
            0.05982692515280641,
            -0.02812051054375995,
            -0.011945618968376384,
            -0.14143025191753025,
            0.01302709245000494,
            -0.2577295474607705,
            -0.08063941748000546,
            -0.013677510238140641,
            -0.025848287190312375,
            0.020987787931975567,
            0.0022519414059235356,
            0.021661419824979447,
            -0.018535145842228144,
            0.23278336040301845,
            0.04626369183624478,
            0.23183924358213848,
            0.142329751974451,
            -0.004023067948426208,
            0.0508068902218089,
            0.011158228756888499
        ],
        [
            0.009862312736860973,
            -0.005766302661624054,
            -0.0017847378216874026,
            -0.022088859566223626,
            0.001904301816743809,
            -0.042345752076407735,
            -0.015018661330600662,
            -0.0015462904785600588,
            -0.01213243483251083,
            0.0019879265686547887,
            -0.011971784984688255,
            0.004421698857717136,
            -0.0036637235022806487,
            0.04626369183624478,
            0.009747010934163202,
            0.05524048776734011,
            0.03199442713692737,
            -0.0015921213277748823,
            0.020935235484691506,
            0.004679661621786202
        ],
        [
            1.6314139668176303e-05,
            -0.02993690264652508,
            0.003376122759198657,
            0.027398401236588217,
            -0.004126545737716894,
            0.04784901454583346,
            0.027201680363203497,
            0.002618462157828204,
            -0.046333158338281284,
            -0.005994207099203156,
            0.01788842321020502,
            0.1740004746195764,
            -0.01684729214364831,
            0.23183924358213848,
            0.05524048776734011,
            0.5568653328281302,
            0.3474184799976253,
            -0.012983268612759176,
            0.17260770884788357,
            0.039108610162829335
        ],
        [
            -0.026875089225196935,
            -0.03641620913416182,
            0.0015512466183402538,
            0.015591678566783276,
            -0.0017213234592370118,
            0.02771723466483822,
            0.02278165555474305,
            -0.0020906458909724568,
            0.02680323803694267,
            0.004683700106860344,
            0.10035498255833095,
            0.13691426205817625,
            -0.010159798695203283,
            0.142329751974451,
            0.03199442713692737,
            0.3474184799976253,
            0.2328097116878518,
            -0.0043236292475151246,
            0.056547046031603584,
            0.012781851832619534
        ],
        [
            0.001276276496762712,
            0.0007804097426881212,
            -0.0005074762556119963,
            -0.004554400863452871,
            0.0006196977948219838,
            -0.004503499785737693,
            0.0021327222895344633,
            -0.0015224322479052434,
            0.01276109786379172,
            0.002993469435877045,
            0.023091306113024884,
            0.003067334051812609,
            0.0003224090239889251,
            -0.004023067948426208,
            -0.0015921213277748823,
            -0.012983268612759176,
            -0.0043236292475151246,
            0.0013064511002200702,
            -0.01781027260746546,
            -0.004032650921995074
        ],
        [
            -0.030552400204904566,
            -0.018241068495754013,
            0.007278917361547351,
            0.06667000943698967,
            -0.008826730072957261,
            0.0635863044952571,
            -0.0323392315027905,
            0.02153186586424855,
            -0.16996674556551797,
            -0.041873810104178996,
            -0.31732760829180967,
            -0.04376013972916448,
            -0.004089085934835269,
            0.0508068902218089,
            0.020935235484691506,
            0.17260770884788357,
            0.056547046031603584,
            -0.01781027260746546,
            0.24313717293877357,
            0.05503127791628427
        ],
        [
            -0.005873467112537212,
            -0.00329226654975729,
            0.001667435679923081,
            0.015276660050511608,
            -0.002021754016822834,
            0.015319555040944255,
            -0.006645386508860698,
            0.004863783285752394,
            -0.03886127105216495,
            -0.00948034961192757,
            -0.07167814186519103,
            -0.009657388104957278,
            -0.0008953466208624249,
            0.011158228756888499,
            0.004679661621786202,
            0.039108610162829335,
            0.012781851832619534,
            -0.004032650921995074,
            0.05503127791628427,
            0.012459184890769203
        ]
    ]
}