{
    "opt_E": -2.2008880947826595,
    "HF_E": -2.1690144358989234,
    "B3LYP_E": -2.1713866785708276,
    "sto-3G_E": -2.151656136300366,
    "proj": [
        [
            0.574568620658541,
            0.36456336739474854,
            -0.03212682954483245,
            -0.16764305935318186,
            0.014987236521254657,
            -0.009922532404476755,
            0.16706636418506954,
            -0.06922848143533722,
            -0.20859393574194918,
            0.031474040907533536,
            0.02583709266328042,
            0.02746122217910557,
            -0.009886811988521269,
            0.04651441958032734,
            0.010253648235865019,
            -0.0018705303881787693,
            -0.028392261236078988,
            -0.004020378834353634,
            -0.015187346096760986,
            -0.004825100748794551
        ],
        [
            0.36456336739474854,
            0.24967744325184862,
            -0.008579789670872202,
            -0.05699933320007917,
            0.004280086836353931,
            0.0905036274346916,
            0.14027275479902684,
            -0.03441509149907321,
            -0.1318262009571109,
            0.014328573171272127,
            0.02255396101774514,
            0.027180732571229455,
            0.0064646582514436175,
            -0.026942167553496366,
            -0.002381833631360062,
            -0.030422845936898816,
            -0.03560507355522782,
            -0.0024000922748014806,
            -0.014878942043773947,
            -0.0038566593019774414
        ],
        [
            -0.03212682954483245,
            -0.008579789670872202,
            0.011274751394201185,
            0.04762706610742469,
            -0.005080203054982897,
            0.07281943301222196,
            0.013686607471827927,
            0.014199969796143278,
            0.000676569537477283,
            -0.0072857976998650376,
            -0.01594292622714657,
            0.007329552360569091,
            0.01451216265632239,
            -0.03384538844601753,
            -0.002562463902690588,
            0.006704809471583999,
            0.003068229816442964,
            0.0031702985165800264,
            0.015493566700019848,
            0.0052457781062035455
        ],
        [
            -0.16764305935318186,
            -0.05699933320007917,
            0.04762706610742469,
            0.20465329367897772,
            -0.02141300807266558,
            0.30069951403529016,
            0.05054729453164806,
            0.058322697920050945,
            0.02909649677732815,
            -0.030062590310978174,
            -0.040231225537437576,
            0.03538323731435978,
            0.0569339920556585,
            -0.1449713036856369,
            -0.013592592065831112,
            0.019319750651842358,
            0.013676570281533297,
            0.010508366380322012,
            0.047929049805908515,
            0.016788606192133557
        ],
        [
            0.014987236521254657,
            0.004280086836353931,
            -0.005080203054982897,
            -0.02141300807266558,
            0.002296041681300019,
            -0.03219993547771131,
            -0.0054856853502008515,
            -0.0066809447102652054,
            0.00028698046828634546,
            0.00339821109953361,
            0.008993738865253157,
            -0.002428117110034326,
            -0.006583881080215679,
            0.015243539814118927,
            0.001109525259416252,
            -0.00255012004168475,
            -0.0008103137050891019,
            -0.0015664077510042017,
            -0.007759897350694707,
            -0.0025995754316810557
        ],
        [
            -0.009922532404476755,
            0.0905036274346916,
            0.07281943301222196,
            0.30069951403529016,
            -0.03219993547771131,
            0.5798496450328279,
            0.20337059978045485,
            0.06290029940461539,
            -0.021709614410742043,
            -0.03579723030862957,
            0.012611031665429116,
            0.10966806630858839,
            0.09745137984007458,
            -0.2553101871910626,
            -0.02477082087233613,
            0.034446911883281604,
            0.022633539651004585,
            0.011121291906209536,
            0.04360857077227159,
            0.01738197254800319
        ],
        [
            0.16706636418506954,
            0.14027275479902684,
            0.013686607471827927,
            0.05054729453164806,
            -0.0054856853502008515,
            0.20337059978045485,
            0.1386769772715387,
            -0.01380196821157615,
            -0.025199237978069687,
            0.00338957095008467,
            0.10844867930157624,
            0.08425928295242921,
            0.023293589846296155,
            -0.06861926446542913,
            -0.008512612018406782,
            0.026004279858724336,
            0.02490314690507032,
            -0.005530035186299208,
            -0.035842016332360706,
            -0.009643841142200836
        ],
        [
            -0.06922848143533722,
            -0.03441509149907321,
            0.014199969796143278,
            0.058322697920050945,
            -0.0066809447102652054,
            0.06290029940461539,
            -0.01380196821157615,
            0.02993949706340659,
            -0.021406230682446764,
            -0.014023942321805736,
            -0.09393479897626185,
            -0.022674271392433155,
            0.021007716402442967,
            -0.03452861717391126,
            0.0008044429921412986,
            0.005668447239445597,
            -0.008714963945806096,
            0.010191132685400901,
            0.05589621846621891,
            0.01755270513217338
        ],
        [
            -0.20859393574194918,
            -0.1318262009571109,
            0.000676569537477283,
            0.02909649677732815,
            0.00028698046828634546,
            -0.021709614410742043,
            -0.025199237978069687,
            -0.021406230682446764,
            0.20749327925943337,
            0.008903776510858231,
            0.2580392180042283,
            0.06429190600391557,
            -0.03165929120135372,
            -0.0163187689959396,
            -0.02136456721183035,
            -0.04547024332879228,
            0.02667957294915274,
            -0.025314233077190922,
            -0.1517998787674096,
            -0.046402379193365435
        ],
        [
            0.031474040907533536,
            0.014328573171272127,
            -0.0072857976998650376,
            -0.030062590310978174,
            0.00339821109953361,
            -0.03579723030862957,
            0.00338957095008467,
            -0.014023942321805736,
            0.008903776510858231,
            0.0066654023108393586,
            0.040411255396716445,
            0.008669572568798476,
            -0.010401228120938072,
            0.01944741482515146,
            0.0002532282888543867,
            -0.0013953810122905028,
            0.004336246315961984,
            -0.004513657771124198,
            -0.024342338792043682,
            -0.0077088913625414325
        ],
        [
            0.02583709266328042,
            0.02255396101774514,
            -0.01594292622714657,
            -0.040231225537437576,
            0.008993738865253157,
            0.012611031665429116,
            0.10844867930157624,
            -0.09393479897626185,
            0.2580392180042283,
            0.040411255396716445,
            0.5675549428940346,
            0.1986950504047916,
            -0.05505950358103643,
            0.01339906863447046,
            -0.02679890406866804,
            0.004160811613015892,
            0.09723360029671499,
            -0.051753320629350466,
            -0.29903322858316417,
            -0.09146210995768249
        ],
        [
            0.02746122217910557,
            0.027180732571229455,
            0.007329552360569091,
            0.03538323731435978,
            -0.002428117110034326,
            0.10966806630858839,
            0.08425928295242921,
            -0.022674271392433155,
            0.06429190600391557,
            0.008669572568798476,
            0.1986950504047916,
            0.1355426001158415,
            0.012776400721326237,
            0.024645432169951714,
            0.007800501865167326,
            0.16908318562998437,
            0.13795639985461844,
            -0.009805808375424987,
            -0.047733689730968636,
            -0.014487953789305768
        ],
        [
            -0.009886811988521269,
            0.0064646582514436175,
            0.01451216265632239,
            0.0569339920556585,
            -0.006583881080215679,
            0.09745137984007458,
            0.023293589846296155,
            0.021007716402442967,
            -0.03165929120135372,
            -0.010401228120938072,
            -0.05505950358103643,
            0.012776400721326237,
            0.026646190953232764,
            -0.02506344592793451,
            0.004953990304201915,
            0.0555933268596434,
            0.025842661321717912,
            0.00902921912741218,
            0.0524322760474368,
            0.016534280304775665
        ],
        [
            0.04651441958032734,
            -0.026942167553496366,
            -0.03384538844601753,
            -0.1449713036856369,
            0.015243539814118927,
            -0.2553101871910626,
            -0.06861926446542913,
            -0.03452861717391126,
            -0.0163187689959396,
            0.01944741482515146,
            0.01339906863447046,
            0.024645432169951714,
            -0.02506344592793451,
            0.207325218661644,
            0.04061878406678773,
            0.211927621321854,
            0.13348938030496038,
            0.0018921452504819258,
            0.03803942121185795,
            0.008973176721003022
        ],
        [
            0.010253648235865019,
            -0.002381833631360062,
            -0.002562463902690588,
            -0.013592592065831112,
            0.001109525259416252,
            -0.02477082087233613,
            -0.008512612018406782,
            0.0008044429921412986,
            -0.02136456721183035,
            0.0002532282888543867,
            -0.02679890406866804,
            0.007800501865167326,
            0.004953990304201915,
            0.04061878406678773,
            0.012208837193659627,
            0.07244452247897155,
            0.04044986267532463,
            0.004720124999798778,
            0.0339753191049815,
            0.00993691445719267
        ],
        [
            -0.0018705303881787693,
            -0.030422845936898816,
            0.006704809471583999,
            0.019319750651842358,
            -0.00255012004168475,
            0.034446911883281604,
            0.026004279858724336,
            0.005668447239445597,
            -0.04547024332879228,
            -0.0013953810122905028,
            0.004160811613015892,
            0.16908318562998437,
            0.0555933268596434,
            0.211927621321854,
            0.07244452247897155,
            0.566845872049604,
            0.3565639671207411,
            0.02181454741039427,
            0.1681933692011011,
            0.04951879228229192
        ],
        [
            -0.028392261236078988,
            -0.03560507355522782,
            0.003068229816442964,
            0.013676570281533297,
            -0.0008103137050891019,
            0.022633539651004585,
            0.02490314690507032,
            -0.008714963945806096,
            0.02667957294915274,
            0.004336246315961984,
            0.09723360029671499,
            0.13795639985461844,
            0.025842661321717912,
            0.13348938030496038,
            0.04044986267532463,
            0.3565639671207411,
            0.24180232214159605,
            0.0051227949328749856,
            0.05567640197822345,
            0.015819076952772324
        ],
        [
            -0.004020378834353634,
            -0.0024000922748014806,
            0.0031702985165800264,
            0.010508366380322012,
            -0.0015664077510042017,
            0.011121291906209536,
            -0.005530035186299208,
            0.010191132685400901,
            -0.025314233077190922,
            -0.004513657771124198,
            -0.051753320629350466,
            -0.009805808375424987,
            0.00902921912741218,
            0.0018921452504819258,
            0.004720124999798778,
            0.02181454741039427,
            0.0051227949328749856,
            0.0057982982232343185,
            0.03469529677269651,
            0.010615506609616597
        ],
        [
            -0.015187346096760986,
            -0.014878942043773947,
            0.015493566700019848,
            0.047929049805908515,
            -0.007759897350694707,
            0.04360857077227159,
            -0.035842016332360706,
            0.05589621846621891,
            -0.1517998787674096,
            -0.024342338792043682,
            -0.29903322858316417,
            -0.047733689730968636,
            0.0524322760474368,
            0.03803942121185795,
            0.0339753191049815,
            0.1681933692011011,
            0.05567640197822345,
            0.03469529677269651,
            0.21153324615323035,
            0.06440854329375797
        ],
        [
            -0.004825100748794551,
            -0.0038566593019774414,
            0.0052457781062035455,
            0.016788606192133557,
            -0.0025995754316810557,
            0.01738197254800319,
            -0.009643841142200836,
            0.01755270513217338,
            -0.046402379193365435,
            -0.0077088913625414325,
            -0.09146210995768249,
            -0.014487953789305768,
            0.016534280304775665,
            0.008973176721003022,
            0.00993691445719267,
            0.04951879228229192,
            0.015819076952772324,
            0.010615506609616597,
            0.06440854329375797,
            0.019647520011008793
        ]
    ]
}