{
    "opt_E": -2.1725438273691093,
    "HF_E": -2.14014120148875,
    "B3LYP_E": -2.1428330834874396,
    "sto-3G_E": -2.1156853211295674,
    "proj": [
        [
            0.5537009132843114,
            0.35077956124085785,
            0.04567083104130654,
            -0.16975145597555233,
            -0.01789483593045502,
            0.030189430204872695,
            0.17152102308725176,
            0.08245431767380257,
            -0.2153692901619724,
            -0.052926491771075036,
            0.03992811495913923,
            0.031420920513526046,
            0.01110942180455076,
            0.04626071187758558,
            -0.0038097638168042157,
            -0.0023339160763663977,
            -0.03499084213673129,
            -0.007744543531048925,
            -0.01878123770554076,
            -0.005616730058065763
        ],
        [
            0.35077956124085785,
            0.2346575638522655,
            0.015366854590366689,
            -0.06387531406609619,
            -0.0043752732020993,
            0.09485484105940925,
            0.1305805315911718,
            0.04344022883515767,
            -0.1398647236316206,
            -0.0259619151975279,
            0.025269812052147,
            0.02408013579800121,
            0.0026163967272405117,
            -0.024072054551681044,
            0.007496238127386224,
            -0.024519075526838942,
            -0.038128757763510844,
            -0.0031250582745503,
            -0.010414778361134728,
            -0.0023833527665460155
        ],
        [
            0.04567083104130654,
            0.015366854590366689,
            0.020767080073993315,
            -0.06789672678002824,
            -0.010260802402819541,
            -0.08899704644185306,
            -0.01138776154518452,
            0.017700155209239888,
            -0.0037345724778586986,
            -0.015631773473830678,
            0.01625887048868548,
            -0.0071663802606544815,
            0.0010423296218064451,
            0.06009993292924376,
            -0.016447318887123506,
            -0.007977696849279941,
            -0.004889930036838043,
            -0.007747239674638453,
            -0.01767110555410306,
            -0.0042059816054466365
        ],
        [
            -0.16975145597555233,
            -0.06387531406609619,
            -0.06789672678002824,
            0.22462267277367634,
            0.033356752500944775,
            0.28792047437847157,
            0.035648818745804375,
            -0.05902637685332325,
            0.03776369165265547,
            0.04810737607942864,
            -0.023001639702239604,
            0.03323530939964983,
            -0.005986587276491447,
            -0.19162328532050624,
            0.050121507314945815,
            0.022329289790273082,
            0.020647381374806,
            0.019818409663627048,
            0.0426184879910425,
            0.010970130477910206
        ],
        [
            -0.01789483593045502,
            -0.0043752732020993,
            -0.010260802402819541,
            0.033356752500944775,
            0.005120502677212063,
            0.04638463492727982,
            0.0077896697647833356,
            -0.008270441277619825,
            -0.00016462707247320575,
            0.0074854204820932755,
            -0.007579978100674053,
            0.004509662044534722,
            -0.00030375887927235637,
            -0.030197937631179034,
            0.008523178743384385,
            0.005238340642020269,
            0.0030007892644073066,
            0.003945168509899649,
            0.009018977208059673,
            0.0021187658696244474
        ],
        [
            0.030189430204872695,
            0.09485484105940925,
            -0.08899704644185306,
            0.28792047437847157,
            0.04638463492727982,
            0.5236314591298695,
            0.17701414182056643,
            -0.05081123437235847,
            -0.01988401749936892,
            0.04180796425895327,
            0.05846836179865177,
            0.10382077063627819,
            -0.009125219682288695,
            -0.2962114344509773,
            0.0775080657881576,
            0.02909881833428897,
            0.023746232759100983,
            0.016683867923340524,
            0.026548435830582213,
            0.008964048527841844
        ],
        [
            0.17152102308725176,
            0.1305805315911718,
            -0.01138776154518452,
            0.035648818745804375,
            0.0077896697647833356,
            0.17701414182056643,
            0.12346874631333599,
            0.012955551136141436,
            -0.02050507754840849,
            -0.015769451341669672,
            0.12266026239578787,
            0.08242409075817032,
            -0.002808123640684299,
            -0.05791251933528571,
            0.01569976675427566,
            0.02361013140093366,
            0.024569113544111294,
            -0.01152506516915119,
            -0.03657911886598825,
            -0.006469621404999853
        ],
        [
            0.08245431767380257,
            0.04344022883515767,
            0.017700155209239888,
            -0.05902637685332325,
            -0.008270441277619825,
            -0.05081123437235847,
            0.012955551136141436,
            0.01976567698715573,
            -0.01594420583350734,
            -0.01691645658634631,
            0.02887020869298402,
            0.006465524043897015,
            0.0017562878620260777,
            0.04608917648673206,
            -0.011302428008497024,
            0.0016295422942377276,
            0.0008431390807716162,
            -0.007516055133276084,
            -0.018038944638184225,
            -0.004220384483816692
        ],
        [
            -0.2153692901619724,
            -0.1398647236316206,
            -0.0037345724778586986,
            0.03776369165265547,
            -0.00016462707247320575,
            -0.01988401749936892,
            -0.02050507754840849,
            -0.01594420583350734,
            0.2503026914451689,
            -0.024883915245970188,
            0.2802179318799494,
            0.0828699170547095,
            -0.028881696343194686,
            0.02755704408091571,
            -0.03502223406828063,
            -0.0672308964586737,
            0.023575509603151305,
            -0.053204363024272845,
            -0.14749242046770394,
            -0.026565453702333777
        ],
        [
            -0.052926491771075036,
            -0.0259619151975279,
            -0.015631773473830678,
            0.04810737607942864,
            0.0074854204820932755,
            0.04180796425895327,
            -0.015769451341669672,
            -0.01691645658634631,
            -0.024883915245970188,
            0.021095629227752696,
            -0.080230732785268,
            -0.023442762560784716,
            0.0036196501272239964,
            -0.044222076663474684,
            0.015889422213262224,
            0.011369518535832682,
            -0.003879557910306065,
            0.016765305730384067,
            0.04413038428911353,
            0.008838772047004605
        ],
        [
            0.03992811495913923,
            0.025269812052147,
            0.01625887048868548,
            -0.023001639702239604,
            -0.007579978100674053,
            0.05846836179865177,
            0.12266026239578787,
            0.02887020869298402,
            0.2802179318799494,
            -0.080230732785268,
            0.5501277804390796,
            0.2132824919856406,
            -0.03439482186366945,
            0.07212158989296878,
            -0.04934950907131528,
            -0.03413542594884196,
            0.07662373327634799,
            -0.09413761917779843,
            -0.2599281441831018,
            -0.0487502737618148
        ],
        [
            0.031420920513526046,
            0.02408013579800121,
            -0.0071663802606544815,
            0.03323530939964983,
            0.004509662044534722,
            0.10382077063627819,
            0.08242409075817032,
            0.006465524043897015,
            0.0828699170547095,
            -0.023442762560784716,
            0.2132824919856406,
            0.13951300152976828,
            0.0064195663065614835,
            0.030529772599384993,
            0.006623812148162503,
            0.15222481530160156,
            0.13796738077082168,
            -0.02000552420149707,
            -0.055035495142594704,
            -0.01146084988562902
        ],
        [
            0.01110942180455076,
            0.0026163967272405117,
            0.0010423296218064451,
            -0.005986587276491447,
            -0.00030375887927235637,
            -0.009125219682288695,
            -0.002808123640684299,
            0.0017562878620260777,
            -0.028881696343194686,
            0.0036196501272239964,
            -0.03439482186366945,
            0.0064195663065614835,
            0.011970217036697714,
            0.022834003709532914,
            0.008063999163746838,
            0.07604983595197455,
            0.04344104595815017,
            0.011270648931722398,
            0.032893246475479705,
            0.005274902293257187
        ],
        [
            0.04626071187758558,
            -0.024072054551681044,
            0.06009993292924376,
            -0.19162328532050624,
            -0.030197937631179034,
            -0.2962114344509773,
            -0.05791251933528571,
            0.04608917648673206,
            0.02755704408091571,
            -0.044222076663474684,
            0.07212158989296878,
            0.030529772599384993,
            0.022834003709532914,
            0.24847958408112675,
            -0.04112732608603752,
            0.1554356450179201,
            0.11595009457056767,
            -0.014434119057314931,
            -0.024462336877074616,
            -0.009079659188294563
        ],
        [
            -0.0038097638168042157,
            0.007496238127386224,
            -0.016447318887123506,
            0.050121507314945815,
            0.008523178743384385,
            0.0775080657881576,
            0.01569976675427566,
            -0.011302428008497024,
            -0.03502223406828063,
            0.015889422213262224,
            -0.04934950907131528,
            0.006623812148162503,
            0.008063999163746838,
            -0.04112732608603752,
            0.021476222399746676,
            0.055391536628660525,
            0.02728153354350274,
            0.016358363473914117,
            0.042953380878462726,
            0.008208302302044522
        ],
        [
            -0.0023339160763663977,
            -0.024519075526838942,
            -0.007977696849279941,
            0.022329289790273082,
            0.005238340642020269,
            0.02909881833428897,
            0.02361013140093366,
            0.0016295422942377276,
            -0.0672308964586737,
            0.011369518535832682,
            -0.03413542594884196,
            0.15222481530160156,
            0.07604983595197455,
            0.1554356450179201,
            0.055391536628660525,
            0.590759167650164,
            0.3866614053855002,
            0.052724343671139214,
            0.15599195158192602,
            0.023244715036870867
        ],
        [
            -0.03499084213673129,
            -0.038128757763510844,
            -0.004889930036838043,
            0.020647381374806,
            0.0030007892644073066,
            0.023746232759100983,
            0.024569113544111294,
            0.0008431390807716162,
            0.023575509603151305,
            -0.003879557910306065,
            0.07662373327634799,
            0.13796738077082168,
            0.04344104595815017,
            0.11595009457056767,
            0.02728153354350274,
            0.3866614053855002,
            0.273978500198513,
            0.017932075905676397,
            0.05641165520135904,
            0.006700467168203393
        ],
        [
            -0.007744543531048925,
            -0.0031250582745503,
            -0.007747239674638453,
            0.019818409663627048,
            0.003945168509899649,
            0.016683867923340524,
            -0.01152506516915119,
            -0.007516055133276084,
            -0.053204363024272845,
            0.016765305730384067,
            -0.09413761917779843,
            -0.02000552420149707,
            0.011270648931722398,
            -0.014434119057314931,
            0.016358363473914117,
            0.052724343671139214,
            0.017932075905676397,
            0.020975982128026666,
            0.05779441102527682,
            0.010571381696977581
        ],
        [
            -0.01878123770554076,
            -0.010414778361134728,
            -0.01767110555410306,
            0.0426184879910425,
            0.009018977208059673,
            0.026548435830582213,
            -0.03657911886598825,
            -0.018038944638184225,
            -0.14749242046770394,
            0.04413038428911353,
            -0.2599281441831018,
            -0.055035495142594704,
            0.032893246475479705,
            -0.024462336877074616,
            0.042953380878462726,
            0.15599195158192602,
            0.05641165520135904,
            0.05779441102527682,
            0.16022950598476524,
            0.029021294097858988
        ],
        [
            -0.005616730058065763,
            -0.0023833527665460155,
            -0.0042059816054466365,
            0.010970130477910206,
            0.0021187658696244474,
            0.008964048527841844,
            -0.006469621404999853,
            -0.004220384483816692,
            -0.026565453702333777,
            0.008838772047004605,
            -0.0487502737618148,
            -0.01146084988562902,
            0.005274902293257187,
            -0.009079659188294563,
            0.008208302302044522,
            0.023244715036870867,
            0.006700467168203393,
            0.010571381696977581,
            0.029021294097858988,
            0.00535710278737065
        ]
    ]
}