{
    "opt_E": -2.23291089541694,
    "HF_E": -2.2005452616803547,
    "B3LYP_E": -2.2031067143811045,
    "sto-3G_E": -2.1927203824245947,
    "proj": [
        [
            0.5881101388906772,
            0.35656766168191706,
            -0.0111977741346638,
            -0.16046370103845442,
            -0.03059461931634124,
            -0.0237908536393242,
            0.1629250802829803,
            -0.030834287519664536,
            -0.2314718965857677,
            -0.05870758449154508,
            0.020276323851465966,
            0.02269151696832024,
            -0.011216523560138494,
            0.036900302487997354,
            -0.008237315208245579,
            -0.002138425695136965,
            -0.02283943210137562,
            -0.0016180299910642992,
            -0.013735352126484713,
            -0.00032539989303791394
        ],
        [
            0.35656766168191706,
            0.24106693899063175,
            -0.0014773022925887035,
            -0.03966550089355752,
            -0.006398400116384812,
            0.10680874407007397,
            0.14567401870445926,
            -0.010511640307081325,
            -0.13330133180299056,
            -0.026083211332224458,
            0.009352363758520414,
            0.02674513186238836,
            0.008841342033544444,
            -0.027326761408928656,
            0.004843920746136184,
            -0.022604504975774327,
            -0.028479120076104,
            -0.0004581432947948314,
            -0.005845356343788967,
            -0.00020488190843380942
        ],
        [
            -0.0111977741346638,
            -0.0014773022925887035,
            0.0016785325655708637,
            0.017193518088720133,
            0.0037164193939882785,
            0.029037483976701865,
            0.0062044492725715685,
            0.0039738280064381135,
            0.001915645777605118,
            0.004302897988768748,
            -0.011583290148850641,
            0.0012565795186684728,
            0.004498162348783472,
            -0.007281786946826361,
            0.0022548729201221957,
            0.005107027268506611,
            0.0008457288392447322,
            0.00015007438282977633,
            0.008821052387097556,
            -0.0005853810821305592
        ],
        [
            -0.16046370103845442,
            -0.03966550089355752,
            0.017193518088720133,
            0.18833990222221483,
            0.0395725899943307,
            0.3056733376132779,
            0.06470028938370011,
            0.034717486160589436,
            0.06200584583912723,
            0.04332414225258246,
            -0.05494053318649527,
            0.029473313981772394,
            0.044398215658113034,
            -0.09810714174803409,
            0.024707490997153744,
            0.021003213290980823,
            0.005207157700286512,
            0.0015907438444735947,
            0.05061100169804236,
            -0.0030055929387550868
        ],
        [
            -0.03059461931634124,
            -0.006398400116384812,
            0.0037164193939882785,
            0.0395725899943307,
            0.008414276786101295,
            0.06518742888826085,
            0.013719777950045604,
            0.0080996101303214,
            0.009436618728030767,
            0.009468782691520936,
            -0.018124201947409758,
            0.004547336364933155,
            0.009749834200043632,
            -0.019154422623478565,
            0.005198366053791739,
            0.00700736703393355,
            0.0011193282522656241,
            0.00034164025599949156,
            0.014672616864458633,
            -0.0009288116554270298
        ],
        [
            -0.0237908536393242,
            0.10680874407007397,
            0.029037483976701865,
            0.3056733376132779,
            0.06518742888826085,
            0.6264198378169215,
            0.23263388067701352,
            0.048076220086620776,
            0.028416273520481716,
            0.05399200583305604,
            -0.042246728579474944,
            0.0963922598312347,
            0.08390986996096302,
            -0.19333738055019972,
            0.04709897463505702,
            0.035580847017078455,
            0.0075186441819619435,
            0.0022909708390035227,
            0.06559836246911223,
            -0.004121054659055584
        ],
        [
            0.1629250802829803,
            0.14567401870445926,
            0.0062044492725715685,
            0.06470028938370011,
            0.013719777950045604,
            0.23263388067701352,
            0.15640135821665468,
            -0.004934641312593183,
            -0.019866331362438424,
            -0.006169495471547853,
            0.09925573611294498,
            0.08868243035355879,
            0.023753689117358454,
            -0.06941636764511196,
            0.014771575471560957,
            0.017756065782009302,
            0.02220417723443132,
            2.2279764805688017e-05,
            -0.03249677977516021,
            0.002078833488291053
        ],
        [
            -0.030834287519664536,
            -0.010511640307081325,
            0.0039738280064381135,
            0.034717486160589436,
            0.0080996101303214,
            0.048076220086620776,
            -0.004934641312593183,
            0.015666127597614866,
            -0.014078488768466508,
            0.014013506149049854,
            -0.08420728660638867,
            -0.023937070416406202,
            0.010647795962363994,
            -0.007128571705206264,
            0.004237449269927818,
            0.009952554570474347,
            -0.01089312776728312,
            0.0004887663919560466,
            0.047622196851124794,
            -0.0032669381724017956
        ],
        [
            -0.2314718965857677,
            -0.13330133180299056,
            0.001915645777605118,
            0.06200584583912723,
            0.009436618728030767,
            0.028416273520481716,
            -0.019866331362438424,
            -0.014078488768466508,
            0.16491734530750626,
            0.00622231054427782,
            0.19929948147769153,
            0.06631486703618997,
            -0.003196871021479222,
            -0.05340319563321834,
            0.004481938328379283,
            -0.03804758222960467,
            0.029168939288315477,
            0.00016803932178487382,
            -0.10783548424037863,
            0.008215232785890843
        ],
        [
            -0.05870758449154508,
            -0.026083211332224458,
            0.004302897988768748,
            0.04332414225258246,
            0.009468782691520936,
            0.05399200583305604,
            -0.006169495471547853,
            0.014013506149049854,
            0.00622231054427782,
            0.014870757638470244,
            -0.05925976893244588,
            -0.015054322233910237,
            0.01054602340277706,
            -0.014311634787841768,
            0.004950083408473503,
            0.005738331635392417,
            -0.006983006217299323,
            0.0005133220785161353,
            0.03439906673275846,
            -0.002259887280459273
        ],
        [
            0.020276323851465966,
            0.009352363758520414,
            -0.011583290148850641,
            -0.05494053318649527,
            -0.018124201947409758,
            -0.042246728579474944,
            0.09925573611294498,
            -0.08420728660638867,
            0.19929948147769153,
            -0.05925976893244588,
            0.6133094741720595,
            0.23327201933450836,
            -0.03457390910278362,
            -0.040400521691039276,
            -0.006728120294780575,
            -0.0211547390160725,
            0.11635109841155064,
            -0.0021496365967943578,
            -0.3153621457483964,
            0.022140974073578238
        ],
        [
            0.02269151696832024,
            0.02674513186238836,
            0.0012565795186684728,
            0.029473313981772394,
            0.004547336364933155,
            0.0963922598312347,
            0.08868243035355879,
            -0.023937070416406202,
            0.06631486703618997,
            -0.015054322233910237,
            0.23327201933450836,
            0.15579149637503895,
            0.0030564488411005813,
            0.021033986386156042,
            0.000944515834907614,
            0.16257840225675324,
            0.14531748440700654,
            -0.0011108471313075272,
            -0.0678871251454394,
            0.004329582382232236
        ],
        [
            -0.011216523560138494,
            0.008841342033544444,
            0.004498162348783472,
            0.044398215658113034,
            0.009749834200043632,
            0.08390986996096302,
            0.023753689117358454,
            0.010647795962363994,
            -0.003196871021479222,
            0.01054602340277706,
            -0.03457390910278362,
            0.0030564488411005813,
            0.012761529480180238,
            -0.02108986448451552,
            0.0063778809857490655,
            0.011832103601915634,
            -0.0004887955532434935,
            0.0003955537494576239,
            0.025195472042541738,
            -0.0017082047298172184
        ],
        [
            0.036900302487997354,
            -0.027326761408928656,
            -0.007281786946826361,
            -0.09810714174803409,
            -0.019154422623478565,
            -0.19333738055019972,
            -0.06941636764511196,
            -0.007128571705206264,
            -0.05340319563321834,
            -0.014311634787841768,
            -0.040400521691039276,
            0.021033986386156042,
            -0.02108986448451552,
            0.17447300839416183,
            -0.021770628802351432,
            0.24275845331753354,
            0.13797418551446103,
            -0.0015794496074027105,
            0.07463577444365317,
            -0.006200078899232201
        ],
        [
            -0.008237315208245579,
            0.004843920746136184,
            0.0022548729201221957,
            0.024707490997153744,
            0.005198366053791739,
            0.04709897463505702,
            0.014771575471560957,
            0.004237449269927818,
            0.004481938328379283,
            0.004950083408473503,
            -0.006728120294780575,
            0.000944515834907614,
            0.0063778809857490655,
            -0.021770628802351432,
            0.004109426030826373,
            -0.013966899370300642,
            -0.009927401233110951,
            0.0002641309269914473,
            0.0022574329390536354,
            -5.9327077756084614e-05
        ],
        [
            -0.002138425695136965,
            -0.022604504975774327,
            0.005107027268506611,
            0.021003213290980823,
            0.00700736703393355,
            0.035580847017078455,
            0.017756065782009302,
            0.009952554570474347,
            -0.03804758222960467,
            0.005738331635392417,
            -0.0211547390160725,
            0.16257840225675324,
            0.011832103601915634,
            0.24275845331753354,
            -0.013966899370300642,
            0.5885857733555077,
            0.34994549565082833,
            -0.002059999179592896,
            0.17076456546799199,
            -0.013682093834449799
        ],
        [
            -0.02283943210137562,
            -0.028479120076104,
            0.0008457288392447322,
            0.005207157700286512,
            0.0011193282522656241,
            0.0075186441819619435,
            0.02220417723443132,
            -0.01089312776728312,
            0.029168939288315477,
            -0.006983006217299323,
            0.11635109841155064,
            0.14531748440700654,
            -0.0004887955532434935,
            0.13797418551446103,
            -0.009927401233110951,
            0.34994549565082833,
            0.23639069164785473,
            -0.001645913316940796,
            0.03623858081858908,
            -0.0035119346249605295
        ],
        [
            -0.0016180299910642992,
            -0.0004581432947948314,
            0.00015007438282977633,
            0.0015907438444735947,
            0.00034164025599949156,
            0.0022909708390035227,
            2.2279764805688017e-05,
            0.0004887663919560466,
            0.00016803932178487382,
            0.0005133220785161353,
            -0.0021496365967943578,
            -0.0011108471313075272,
            0.0003955537494576239,
            -0.0015794496074027105,
            0.0002641309269914473,
            -0.002059999179592896,
            -0.001645913316940796,
            2.723702748860305e-05,
            0.0006552569248427634,
            -3.454099603695295e-05
        ],
        [
            -0.013735352126484713,
            -0.005845356343788967,
            0.008821052387097556,
            0.05061100169804236,
            0.014672616864458633,
            0.06559836246911223,
            -0.03249677977516021,
            0.047622196851124794,
            -0.10783548424037863,
            0.03439906673275846,
            -0.3153621457483964,
            -0.0678871251454394,
            0.025195472042541738,
            0.07463577444365317,
            0.0022574329390536354,
            0.17076456546799199,
            0.03623858081858908,
            0.0006552569248427634,
            0.20757519489145715,
            -0.014997862840468584
        ],
        [
            -0.00032539989303791394,
            -0.00020488190843380942,
            -0.0005853810821305592,
            -0.0030055929387550868,
            -0.0009288116554270298,
            -0.004121054659055584,
            0.002078833488291053,
            -0.0032669381724017956,
            0.008215232785890843,
            -0.002259887280459273,
            0.022140974073578238,
            0.004329582382232236,
            -0.0017082047298172184,
            -0.006200078899232201,
            -5.9327077756084614e-05,
            -0.013682093834449799,
            -0.0035119346249605295,
            -3.454099603695295e-05,
            -0.014997862840468584,
            0.0010909525930630191
        ]
    ]
}