{
    "opt_E": -2.199148265409038,
    "HF_E": -2.1669630811787153,
    "B3LYP_E": -2.1694858300670194,
    "sto-3G_E": -2.149991556256447,
    "proj": [
        [
            0.5794293830039349,
            0.3683484171018686,
            0.04081990645189737,
            -0.17287391179193304,
            0.010056897695703134,
            -0.019295511155870474,
            0.1625420155818174,
            0.04799396806631053,
            -0.1986049944046708,
            -0.000696070651023256,
            0.04731987059017471,
            0.020474575264101486,
            -0.010454932351461686,
            0.05721465948903578,
            -0.00499877607339031,
            -0.0010135244494878229,
            -0.027673779101718147,
            -1.385815583050963e-05,
            -0.026871941287240825,
            -0.016198543574185622
        ],
        [
            0.3683484171018686,
            0.2554363005278455,
            0.013092787633129183,
            -0.055194805133645324,
            0.0039189819569089394,
            0.09202555310397215,
            0.13985091271463426,
            0.031032194714469736,
            -0.13440123983805619,
            0.0028945939329534,
            0.023223630139756077,
            0.020788208151790666,
            0.005622765879251547,
            -0.025149697530477955,
            0.00534660942296634,
            -0.03036945995274669,
            -0.03642172446512692,
            0.0008613709063389691,
            -0.015971992575507823,
            -0.006622462291491179
        ],
        [
            0.04081990645189737,
            0.013092787633129183,
            0.01152805738489625,
            -0.048887644971700894,
            0.002352507206246164,
            -0.07045417006616118,
            -0.012644396615493988,
            0.0019517834118885343,
            -0.003850927198986292,
            -0.00340093119860314,
            0.01375142481982231,
            -0.008212791856826402,
            -0.008997816622830992,
            0.036637195855092806,
            -0.011234095555306314,
            -0.002977182430721358,
            -0.0026892877264295726,
            -0.0001324312942496401,
            -0.011606453429587783,
            -0.007158106180912041
        ],
        [
            -0.17287391179193304,
            -0.055194805133645324,
            -0.048887644971700894,
            0.20740907346408607,
            -0.009954950550841486,
            0.3001683587556179,
            0.05524912309500226,
            -0.009013032618883164,
            0.019688331354678863,
            0.013655967580593205,
            -0.05134633127379854,
            0.03723003203639301,
            0.03797406510168563,
            -0.15592443884036086,
            0.04667964105411522,
            0.011885566275704354,
            0.012076879434047574,
            0.0006930322071387924,
            0.045697837755539865,
            0.028790113167890832
        ],
        [
            0.010056897695703134,
            0.0039189819569089394,
            0.002352507206246164,
            -0.009954950550841486,
            0.0004940926851865569,
            -0.013148239479646998,
            -0.0013360493720946207,
            0.00039518930822482983,
            -0.0007486254126850988,
            -0.0008180188729723024,
            0.004547070528779314,
            -0.0005453939739732697,
            -0.0018083547770481763,
            0.007502024131580174,
            -0.002170784188183339,
            0.0004233911188338078,
            0.00028985620545938134,
            -1.0613382940962418e-05,
            -0.0028772906118228457,
            -0.0016995013137413209
        ],
        [
            -0.019295511155870474,
            0.09202555310397215,
            -0.07045417006616118,
            0.3001683587556179,
            -0.013148239479646998,
            0.5707166449070141,
            0.20931584850521637,
            -0.0009416745257595981,
            -0.02518724148084769,
            0.015829187674945087,
            0.01611073171727504,
            0.11383651970281214,
            0.06342392029102854,
            -0.2657821886709231,
            0.07494203879884025,
            0.023056577151140862,
            0.02334643239696345,
            0.0027845654954679207,
            0.030245282253098197,
            0.026923585646126083
        ],
        [
            0.1625420155818174,
            0.13985091271463426,
            -0.012644396615493988,
            0.05524912309500226,
            -0.0013360493720946207,
            0.20931584850521637,
            0.14067500716363818,
            0.004735122054920689,
            -0.025606023307264726,
            -0.0038028780391607484,
            0.10741603680449757,
            0.08438125656775136,
            0.01638809746225184,
            -0.07107883149819023,
            0.018208603630421004,
            0.028733428566164825,
            0.027724361665547433,
            0.002152192280276177,
            -0.033633006039373935,
            -0.012114929408450482
        ],
        [
            0.04799396806631053,
            0.031032194714469736,
            0.0019517834118885343,
            -0.009013032618883164,
            0.00039518930822482983,
            -0.0009416745257595981,
            0.004735122054920689,
            0.010740840652099345,
            -0.047846086310250106,
            0.007152692728544229,
            -0.05698240988595583,
            -0.0155292611794316,
            0.00212056868117444,
            0.005491401999309827,
            0.010612546679278283,
            0.01139931372856303,
            -0.00502637079956029,
            -0.0011655235963707752,
            0.030612009469245947,
            0.01345531994245378
        ],
        [
            -0.1986049944046708,
            -0.13440123983805619,
            -0.003850927198986292,
            0.019688331354678863,
            -0.0007486254126850988,
            -0.02518724148084769,
            -0.025606023307264726,
            -0.047846086310250106,
            0.21531730357953366,
            -0.03398731669729755,
            0.26659696175236086,
            0.06966012641615829,
            -0.013562283558136858,
            -0.006932869085164315,
            -0.051929138414708906,
            -0.046622480454939864,
            0.025911508715349422,
            0.005169686782684637,
            -0.14316335892384421,
            -0.06393754576936667
        ],
        [
            -0.000696070651023256,
            0.0028945939329534,
            -0.00340093119860314,
            0.013655967580593205,
            -0.0008180188729723024,
            0.015829187674945087,
            -0.0038028780391607484,
            0.007152692728544229,
            -0.03398731669729755,
            0.008085761172489,
            -0.06439197352453764,
            -0.015404904180543931,
            0.004864075891407736,
            -0.0063736401491972265,
            0.01366225991810536,
            0.012529933581851078,
            -0.002470209475207126,
            -0.0011605324748955276,
            0.03567052446302506,
            0.01643356993232715
        ],
        [
            0.04731987059017471,
            0.023223630139756077,
            0.01375142481982231,
            -0.05134633127379854,
            0.004547070528779314,
            0.01611073171727504,
            0.10741603680449757,
            -0.05698240988595583,
            0.26659696175236086,
            -0.06439197352453764,
            0.5723817290145298,
            0.19777391519950818,
            -0.026799291714380502,
            0.026675334406579605,
            -0.07929913774034428,
            0.0007176424768590277,
            0.091207444494032,
            0.00931699125686827,
            -0.2781941156024245,
            -0.12743781791090017
        ],
        [
            0.020474575264101486,
            0.020788208151790666,
            -0.008212791856826402,
            0.03723003203639301,
            -0.0005453939739732697,
            0.11383651970281214,
            0.08438125656775136,
            -0.0155292611794316,
            0.06966012641615829,
            -0.015404904180543931,
            0.19777391519950818,
            0.13624455049510772,
            0.0017099429331784949,
            0.020790661294187236,
            0.019263458731016175,
            0.16893334042433955,
            0.13802989381893244,
            0.001146887724006894,
            -0.04448098394038571,
            -0.02180514304519899
        ],
        [
            -0.010454932351461686,
            0.005622765879251547,
            -0.008997816622830992,
            0.03797406510168563,
            -0.0018083547770481763,
            0.06342392029102854,
            0.01638809746225184,
            0.00212056868117444,
            -0.013562283558136858,
            0.004864075891407736,
            -0.026799291714380502,
            0.0017099429331784949,
            0.008565539230882937,
            -0.03318709582513446,
            0.011587578166341983,
            -0.0013767691847755643,
            -0.004046914857874939,
            -8.43131448330186e-05,
            0.0162706933465284,
            0.009051927074794833
        ],
        [
            0.05721465948903578,
            -0.025149697530477955,
            0.036637195855092806,
            -0.15592443884036086,
            0.007502024131580174,
            -0.2657821886709231,
            -0.07107883149819023,
            0.005491401999309827,
            -0.006932869085164315,
            -0.0063736401491972265,
            0.026675334406579605,
            0.020790661294187236,
            -0.03318709582513446,
            0.20957452286911976,
            0.00220188588594318,
            0.20331367264013223,
            0.1260725386473992,
            -0.004110502289099108,
            0.02694891767417228,
            0.000935651119018163
        ],
        [
            -0.00499877607339031,
            0.00534660942296634,
            -0.011234095555306314,
            0.04667964105411522,
            -0.002170784188183339,
            0.07494203879884025,
            0.018208603630421004,
            0.010612546679278283,
            -0.051929138414708906,
            0.01366225991810536,
            -0.07929913774034428,
            0.019263458731016175,
            0.011587578166341983,
            0.00220188588594318,
            0.04307289342945965,
            0.11415068305441904,
            0.059614487393981404,
            -0.0026736942566297473,
            0.07373849639204999,
            0.03290932174211743
        ],
        [
            -0.0010135244494878229,
            -0.03036945995274669,
            -0.002977182430721358,
            0.011885566275704354,
            0.0004233911188338078,
            0.023056577151140862,
            0.028733428566164825,
            0.01139931372856303,
            -0.046622480454939864,
            0.012529933581851078,
            0.0007176424768590277,
            0.16893334042433955,
            -0.0013767691847755643,
            0.20331367264013223,
            0.11415068305441904,
            0.5724739620717366,
            0.359417703212289,
            -0.008726623681360157,
            0.15579799781724255,
            0.05846453274198695
        ],
        [
            -0.027673779101718147,
            -0.03642172446512692,
            -0.0026892877264295726,
            0.012076879434047574,
            0.00028985620545938134,
            0.02334643239696345,
            0.027724361665547433,
            -0.00502637079956029,
            0.025911508715349422,
            -0.002470209475207126,
            0.091207444494032,
            0.13802989381893244,
            -0.004046914857874939,
            0.1260725386473992,
            0.059614487393981404,
            0.359417703212289,
            0.24216303366799752,
            -0.003926326724805936,
            0.05417160303732041,
            0.017071014143105752
        ],
        [
            -1.385815583050963e-05,
            0.0008613709063389691,
            -0.0001324312942496401,
            0.0006930322071387924,
            -1.0613382940962418e-05,
            0.0027845654954679207,
            0.002152192280276177,
            -0.0011655235963707752,
            0.005169686782684637,
            -0.0011605324748955276,
            0.00931699125686827,
            0.001146887724006894,
            -8.43131448330186e-05,
            -0.004110502289099108,
            -0.0026736942566297473,
            -0.008726623681360157,
            -0.003926326724805936,
            0.00030039238243869423,
            -0.0067483432623108375,
            -0.0028216265202647556
        ],
        [
            -0.026871941287240825,
            -0.015971992575507823,
            -0.011606453429587783,
            0.045697837755539865,
            -0.0028772906118228457,
            0.030245282253098197,
            -0.033633006039373935,
            0.030612009469245947,
            -0.14316335892384421,
            0.03567052446302506,
            -0.2781941156024245,
            -0.04448098394038571,
            0.0162706933465284,
            0.02694891767417228,
            0.07373849639204999,
            0.15579799781724255,
            0.05417160303732041,
            -0.0067483432623108375,
            0.17958632840897779,
            0.07951992940416142
        ],
        [
            -0.016198543574185622,
            -0.006622462291491179,
            -0.007158106180912041,
            0.028790113167890832,
            -0.0016995013137413209,
            0.026923585646126083,
            -0.012114929408450482,
            0.01345531994245378,
            -0.06393754576936667,
            0.01643356993232715,
            -0.12743781791090017,
            -0.02180514304519899,
            0.009051927074794833,
            0.000935651119018163,
            0.03290932174211743,
            0.05846453274198695,
            0.017071014143105752,
            -0.0028216265202647556,
            0.07951992940416142,
            0.03580458388902533
        ]
    ]
}