{
    "opt_E": -2.1511011646923004,
    "HF_E": -2.1206537680750537,
    "B3LYP_E": -2.12282215135547,
    "sto-3G_E": -2.0990178858681943,
    "proj": [
        [
            0.5862375588299393,
            0.38467136877790875,
            0.04583912133283624,
            -0.15795486151528612,
            0.04012192984862349,
            -0.029499588333730904,
            0.15698439440894132,
            0.06909602134425706,
            -0.1528836906754587,
            0.07067567945733844,
            0.027272267561671462,
            0.024724427925158908,
            0.0017298957365931144,
            0.06648372553331795,
            0.00793046436088374,
            -0.0019069181573200657,
            -0.02372361647535692,
            -0.001611517555542622,
            -0.029263846845681556,
            -0.002601517140902286
        ],
        [
            0.38467136877790875,
            0.27253208807447077,
            0.01689978220169195,
            -0.06114891518589427,
            0.014384196807814942,
            0.07230706377748689,
            0.1399452944244621,
            0.039387056906251126,
            -0.10797517758015393,
            0.038304586154098486,
            0.030087084396311293,
            0.024664556495120296,
            -0.0007922303690922106,
            -0.028459597075966864,
            -0.0032457519571405026,
            -0.03869312483994775,
            -0.03777372555224976,
            -0.0022666175491073393,
            -0.03589174610248913,
            -0.0035100729877049937
        ],
        [
            0.04583912133283624,
            0.01689978220169195,
            0.016982292818855254,
            -0.05353680278135667,
            0.015514774470309004,
            -0.08463877816192732,
            -0.017899721672834754,
            0.010335441282122592,
            0.01797443665564701,
            0.014853343480504953,
            0.014624674611964344,
            -0.01241992170752917,
            -0.0026615767262597933,
            0.04293533789825115,
            0.0039316851528880415,
            -0.010124152079929562,
            -0.0059545266164057154,
            -0.002989219851537001,
            -0.025879747088060467,
            -0.0038406407643162862
        ],
        [
            -0.15795486151528612,
            -0.06114891518589427,
            -0.05353680278135667,
            0.17005816084150407,
            -0.048774890954497364,
            0.2669996058012462,
            0.0551638649927788,
            -0.034032091213713166,
            -0.03878106438243111,
            -0.046629153592426704,
            -0.027533059402644913,
            0.041405322481771006,
            0.006792785898768743,
            -0.14134844705443855,
            -0.013668365142028367,
            0.026124658385375536,
            0.017760345082424345,
            0.0076060579304823425,
            0.06480283662327037,
            0.00979768708490835
        ],
        [
            0.04012192984862349,
            0.014384196807814942,
            0.015514774470309004,
            -0.048774890954497364,
            0.014189449916189097,
            -0.07755714852532201,
            -0.01673847334262605,
            0.009253371112274695,
            0.018244990757284626,
            0.013535397828410886,
            0.014874565629284877,
            -0.011426480465266299,
            -0.0026195295939244892,
            0.03841266238750946,
            0.0034389823308884457,
            -0.010403092009677031,
            -0.005905355055094875,
            -0.002916197531176775,
            -0.02535849103721828,
            -0.003747580761666646
        ],
        [
            -0.029499588333730904,
            0.07230706377748689,
            -0.08463877816192732,
            0.2669996058012462,
            -0.07755714852532201,
            0.5496712558641813,
            0.21197571117734929,
            -0.034962457902116315,
            -0.09116549426867813,
            -0.052385895662773976,
            0.05869355958629869,
            0.1269298595700265,
            0.009756605431603557,
            -0.2675287587548053,
            -0.027722217868499516,
            0.06155471637095044,
            0.040272548005516176,
            0.0071629633778244415,
            0.0470719551089081,
            0.009256873530213068
        ],
        [
            0.15698439440894132,
            0.1399452944244621,
            -0.017899721672834754,
            0.0551638649927788,
            -0.01673847334262605,
            0.21197571117734929,
            0.13855906145939334,
            0.006697976107664747,
            -0.03908006619924486,
            0.005178545007933645,
            0.09403456279099211,
            0.0766802896169111,
            0.0016936696365515745,
            -0.08478352733651359,
            -0.009903602188763676,
            0.03748996419676392,
            0.023892892381497464,
            -0.0021097679594531175,
            -0.03092130790170881,
            -0.0026252017455977777
        ],
        [
            0.06909602134425706,
            0.039387056906251126,
            0.010335441282122592,
            -0.034032091213713166,
            0.009253371112274695,
            -0.034962457902116315,
            0.006697976107664747,
            0.01013716601244372,
            -0.009413738049601035,
            0.011715830701560563,
            0.005833310880239684,
            -0.0006386726140641119,
            -0.00011363084016549073,
            0.027453088803648894,
            0.0029651911178542145,
            0.0046150137660162455,
            0.0006661225225248287,
            -0.0007057064499550195,
            -0.0067137851557992345,
            -0.0009114423822441475
        ],
        [
            -0.1528836906754587,
            -0.10797517758015393,
            0.01797443665564701,
            -0.03878106438243111,
            0.018244990757284626,
            -0.09116549426867813,
            -0.03908006619924486,
            -0.009413738049601035,
            0.2779808233385107,
            0.01942345831585221,
            0.2956383946607579,
            0.04098211706012259,
            -0.021657872442760285,
            0.00029016280077330834,
            -0.008922657337381555,
            -0.024402532124912207,
            0.023136050911814185,
            -0.02722551125709054,
            -0.2460474089022873,
            -0.034198422983542885
        ],
        [
            0.07067567945733844,
            0.038304586154098486,
            0.014853343480504953,
            -0.046629153592426704,
            0.013535397828410886,
            -0.052385895662773976,
            0.005178545007933645,
            0.011715830701560563,
            0.01942345831585221,
            0.01696155152358216,
            0.04183165763129003,
            0.004704913359449716,
            -0.002554191961724089,
            0.03406230633442241,
            0.002661949832137336,
            0.003907416864782879,
            0.00402574347687866,
            -0.003979631389903548,
            -0.036460631168675116,
            -0.00502620486499629
        ],
        [
            0.027272267561671462,
            0.030087084396311293,
            0.014624674611964344,
            -0.027533059402644913,
            0.014874565629284877,
            0.05869355958629869,
            0.09403456279099211,
            0.005833310880239684,
            0.2956383946607579,
            0.04183165763129003,
            0.4790139213061355,
            0.15301934929809874,
            -0.019910411138084377,
            -0.005506078407724003,
            -0.011350700143502736,
            0.09838735076899388,
            0.10751757851031811,
            -0.03369121702434571,
            -0.3117006322319311,
            -0.04172505161987944
        ],
        [
            0.024724427925158908,
            0.024664556495120296,
            -0.01241992170752917,
            0.041405322481771006,
            -0.011426480465266299,
            0.1269298595700265,
            0.0766802896169111,
            -0.0006386726140641119,
            0.04098211706012259,
            0.004704913359449716,
            0.15301934929809874,
            0.11009175604557561,
            0.00610818049054821,
            0.026685256866033378,
            0.002325370104184494,
            0.17813141147455722,
            0.1218149976495044,
            -0.0021068788061215983,
            -0.01770301731600827,
            -0.0015163441301073253
        ],
        [
            0.0017298957365931144,
            -0.0007922303690922106,
            -0.0026615767262597933,
            0.006792785898768743,
            -0.0026195295939244892,
            0.009756605431603557,
            0.0016936696365515745,
            -0.00011363084016549073,
            -0.021657872442760285,
            -0.002554191961724089,
            -0.019910411138084377,
            0.00610818049054821,
            0.0036508635280757848,
            0.01489066366974914,
            0.0027140407199665547,
            0.03197493016349577,
            0.017197055098612905,
            0.0032856062174963837,
            0.03145750690445986,
            0.004339301950402487
        ],
        [
            0.06648372553331795,
            -0.028459597075966864,
            0.04293533789825115,
            -0.14134844705443855,
            0.03841266238750946,
            -0.2675287587548053,
            -0.08478352733651359,
            0.027453088803648894,
            0.00029016280077330834,
            0.03406230633442241,
            -0.005506078407724003,
            0.026685256866033378,
            0.01489066366974914,
            0.2995976686655357,
            0.03616651463245927,
            0.2558149050962198,
            0.153956019682277,
            0.008007025805899499,
            0.09495854575273208,
            0.011811161397975601
        ],
        [
            0.00793046436088374,
            -0.0032457519571405026,
            0.0039316851528880415,
            -0.013668365142028367,
            0.0034389823308884457,
            -0.027722217868499516,
            -0.009903602188763676,
            0.0029651911178542145,
            -0.008922657337381555,
            0.002661949832137336,
            -0.011350700143502736,
            0.002325370104184494,
            0.0027140407199665547,
            0.03616651463245927,
            0.004713713862835163,
            0.033849604467938034,
            0.019250530356530657,
            0.0020573672835381782,
            0.02153366887469693,
            0.002815129978428814
        ],
        [
            -0.0019069181573200657,
            -0.03869312483994775,
            -0.010124152079929562,
            0.026124658385375536,
            -0.010403092009677031,
            0.06155471637095044,
            0.03748996419676392,
            0.0046150137660162455,
            -0.024402532124912207,
            0.003907416864782879,
            0.09838735076899388,
            0.17813141147455722,
            0.03197493016349577,
            0.2558149050962198,
            0.033849604467938034,
            0.5089913239781861,
            0.31868423255500267,
            0.016601332500266693,
            0.1739367454527037,
            0.024270292568194674
        ],
        [
            -0.02372361647535692,
            -0.03777372555224976,
            -0.0059545266164057154,
            0.017760345082424345,
            -0.005905355055094875,
            0.040272548005516176,
            0.023892892381497464,
            0.0006661225225248287,
            0.023136050911814185,
            0.00402574347687866,
            0.10751757851031811,
            0.1218149976495044,
            0.017197055098612905,
            0.153956019682277,
            0.019250530356530657,
            0.31868423255500267,
            0.20524344907633948,
            0.006609760856778511,
            0.07428329951895628,
            0.010461248841790161
        ],
        [
            -0.001611517555542622,
            -0.0022666175491073393,
            -0.002989219851537001,
            0.0076060579304823425,
            -0.002916197531176775,
            0.0071629633778244415,
            -0.0021097679594531175,
            -0.0007057064499550195,
            -0.02722551125709054,
            -0.003979631389903548,
            -0.03369121702434571,
            -0.0021068788061215983,
            0.0032856062174963837,
            0.008007025805899499,
            0.0020573672835381782,
            0.016601332500266693,
            0.006609760856778511,
            0.003651707103606713,
            0.03437966679634575,
            0.004700061318298992
        ],
        [
            -0.029263846845681556,
            -0.03589174610248913,
            -0.025879747088060467,
            0.06480283662327037,
            -0.02535849103721828,
            0.0470719551089081,
            -0.03092130790170881,
            -0.0067137851557992345,
            -0.2460474089022873,
            -0.036460631168675116,
            -0.3117006322319311,
            -0.01770301731600827,
            0.03145750690445986,
            0.09495854575273208,
            0.02153366887469693,
            0.1739367454527037,
            0.07428329951895628,
            0.03437966679634575,
            0.32566676040217957,
            0.04438909423569067
        ],
        [
            -0.002601517140902286,
            -0.0035100729877049937,
            -0.0038406407643162862,
            0.00979768708490835,
            -0.003747580761666646,
            0.009256873530213068,
            -0.0026252017455977777,
            -0.0009114423822441475,
            -0.034198422983542885,
            -0.00502620486499629,
            -0.04172505161987944,
            -0.0015163441301073253,
            0.004339301950402487,
            0.011811161397975601,
            0.002815129978428814,
            0.024270292568194674,
            0.010461248841790161,
            0.004700061318298992,
            0.04438909423569067,
            0.0060694273524617625
        ]
    ]
}