{
    "opt_E": -2.177549452946844,
    "HF_E": -2.146410593613348,
    "B3LYP_E": -2.148875512208983,
    "sto-3G_E": -2.128749947384004,
    "proj": [
        [
            0.5776520929817321,
            0.3754564750215511,
            -0.030053924273572348,
            -0.17157410952530405,
            0.022239479512266486,
            -0.014006307532294562,
            0.16448352935761423,
            -0.0440078712567428,
            -0.18213751623777993,
            0.017798999885240193,
            0.04454590181435723,
            0.024148249023325262,
            0.004554986122241068,
            0.06916902305754859,
            -0.009310924767065945,
            -0.0007578189393881256,
            -0.030905325344966775,
            -0.003975730580437939,
            -0.032376736417396,
            -0.0030751794066230234
        ],
        [
            0.3754564750215511,
            0.26182637588141466,
            -0.010947084360845634,
            -0.06520406937069231,
            0.008753318862327556,
            0.07835805126447638,
            0.1380953658998532,
            -0.02613018754344478,
            -0.12461862908962013,
            0.013179808886720256,
            0.0347404744569733,
            0.022185739600693175,
            -0.0010845788906710852,
            -0.021669778709838564,
            0.002503356360140641,
            -0.03743216379234975,
            -0.04304179039984878,
            -0.00320746120479114,
            -0.02860488303141425,
            -0.0016429850828806167
        ],
        [
            -0.030053924273572348,
            -0.010947084360845634,
            0.0072018208535680715,
            0.03884820782738922,
            -0.0048016028820062175,
            0.054762565955636194,
            0.009407432944180366,
            0.00318024742813687,
            -0.004503417600047722,
            0.0017743159366994956,
            -0.009177262160198535,
            0.007763482161554026,
            -0.00122762753743706,
            -0.031965281385344095,
            0.007865302022974379,
            0.006344036459975937,
            0.0039196557138994875,
            0.001390256532398166,
            0.013612533825231095,
            0.001081738119821459
        ],
        [
            -0.17157410952530405,
            -0.06520406937069231,
            0.03884820782738922,
            0.20993364221795566,
            -0.025969264902925192,
            0.29287990445559786,
            0.04836120987512778,
            0.018096036472014364,
            -0.014838151548410086,
            0.008121759463725625,
            -0.04174237392668445,
            0.0420214653107512,
            -0.006963314122838307,
            -0.17404150300275692,
            0.04132474247972122,
            0.028702443615178784,
            0.01953571718969561,
            0.006839108535585347,
            0.066486263465522,
            0.00548304211063519
        ],
        [
            0.022239479512266486,
            0.008753318862327556,
            -0.0048016028820062175,
            -0.025969264902925192,
            0.0032169204367089935,
            -0.035605399303605255,
            -0.0053728007879062225,
            -0.0023029138306778466,
            0.0016093663672274029,
            -0.0009924939304170473,
            0.005754077194980277,
            -0.004610694582634541,
            0.000898071459913646,
            0.02176689391278666,
            -0.005047825445688268,
            -0.002558237955170007,
            -0.0017829640527464372,
            -0.0008459328083807529,
            -0.008188324857803398,
            -0.0006843122628742463
        ],
        [
            -0.014006307532294562,
            0.07835805126447638,
            0.054762565955636194,
            0.29287990445559786,
            -0.035605399303605255,
            0.544822421193888,
            0.19560014505211973,
            0.013058028645617146,
            -0.06051610196444983,
            0.013072425477067834,
            0.04828674831025693,
            0.12293968081844908,
            -0.011533955588381967,
            -0.2858000858581153,
            0.06459637101335654,
            0.05236400834960391,
            0.03512011607364545,
            0.004404282941198546,
            0.043525436867744925,
            0.004898122122623437
        ],
        [
            0.16448352935761423,
            0.1380953658998532,
            0.009407432944180366,
            0.04836120987512778,
            -0.0053728007879062225,
            0.19560014505211973,
            0.1328917016882284,
            -0.006317164422773119,
            -0.026034629026354894,
            0.0009798213433547627,
            0.11171645518992943,
            0.07957939564968149,
            -0.0029756214235499095,
            -0.07485331522328771,
            0.014901655956516192,
            0.029648729475071862,
            0.022734207807197152,
            -0.004171546002849076,
            -0.04009461896223687,
            -0.001956131374230606
        ],
        [
            -0.0440078712567428,
            -0.02613018754344478,
            0.00318024742813687,
            0.018096036472014364,
            -0.0023029138306778466,
            0.013058028645617146,
            -0.006317164422773119,
            0.003995400284150726,
            0.020822557807853775,
            -0.002546613198636108,
            0.009717254850362116,
            0.0026547276121565142,
            -0.0010142541614270627,
            -0.013877240076585171,
            0.0008749362371229505,
            -0.005412257642898194,
            0.0008288317419954165,
            -0.0005502447860304894,
            -0.0063587837020288585,
            -0.0001727497384129581
        ],
        [
            -0.18213751623777993,
            -0.12461862908962013,
            -0.004503417600047722,
            -0.014838151548410086,
            0.0016093663672274029,
            -0.06051610196444983,
            -0.026034629026354894,
            0.020822557807853775,
            0.2717324091913956,
            -0.04441773018908234,
            0.29847323046620133,
            0.05961426541220698,
            -0.004951804306119715,
            0.007270136945729113,
            -0.03250800881086758,
            -0.05653489914476692,
            0.022698657432856168,
            -0.02038181951269087,
            -0.2101415347158252,
            -0.011827544701535058
        ],
        [
            0.017798999885240193,
            0.013179808886720256,
            0.0017743159366994956,
            0.008121759463725625,
            -0.0009924939304170473,
            0.013072425477067834,
            0.0009798213433547627,
            -0.002546613198636108,
            -0.04441773018908234,
            0.0075917260949445306,
            -0.055202964670018645,
            -0.011761008019181606,
            0.0006214808233832375,
            -0.005177646045980124,
            0.006243766771525807,
            0.00798254552266918,
            -0.0047257125470374604,
            0.0037398864204393626,
            0.03828047951472276,
            0.0022164629629672465
        ],
        [
            0.04454590181435723,
            0.0347404744569733,
            -0.009177262160198535,
            -0.04174237392668445,
            0.005754077194980277,
            0.04828674831025693,
            0.11171645518992943,
            0.009717254850362116,
            0.29847323046620133,
            -0.055202964670018645,
            0.5190003731262259,
            0.17476092731783216,
            -0.0032324644200292544,
            0.021360965554774725,
            -0.03480938286115048,
            0.03116159594182569,
            0.09488765081625304,
            -0.030387362025132057,
            -0.3067527203149424,
            -0.018237418263123348
        ],
        [
            0.024148249023325262,
            0.022185739600693175,
            0.007763482161554026,
            0.0420214653107512,
            -0.004610694582634541,
            0.12293968081844908,
            0.07957939564968149,
            0.0026547276121565142,
            0.05961426541220698,
            -0.011761008019181606,
            0.17476092731783216,
            0.12322488282824669,
            0.004333336630155081,
            0.022321556311403524,
            0.00821058366156198,
            0.17381554426551843,
            0.13163785367830275,
            -0.003929586699381936,
            -0.035774232861505814,
            -0.003182313463255993
        ],
        [
            0.004554986122241068,
            -0.0010845788906710852,
            -0.00122762753743706,
            -0.006963314122838307,
            0.000898071459913646,
            -0.011533955588381967,
            -0.0029756214235499095,
            -0.0010142541614270627,
            -0.004951804306119715,
            0.0006214808233832375,
            -0.0032324644200292544,
            0.004333336630155081,
            0.0016096408301088754,
            0.01868114137734535,
            -6.336006940944059e-05,
            0.025678361503151444,
            0.015272798555717688,
            0.0008887818488259042,
            0.009736107343915034,
            0.00026177521672509583
        ],
        [
            0.06916902305754859,
            -0.021669778709838564,
            -0.031965281385344095,
            -0.17404150300275692,
            0.02176689391278666,
            -0.2858000858581153,
            -0.07485331522328771,
            -0.013877240076585171,
            0.007270136945729113,
            -0.005177646045980124,
            0.021360965554774725,
            0.022321556311403524,
            0.01868114137734535,
            0.2760078126675366,
            -0.027084182870535004,
            0.2269881619795123,
            0.14263174510637047,
            0.002830966682559563,
            0.0362687139359903,
            -0.001625305850655355
        ],
        [
            -0.009310924767065945,
            0.002503356360140641,
            0.007865302022974379,
            0.04132474247972122,
            -0.005047825445688268,
            0.06459637101335654,
            0.014901655956516192,
            0.0008749362371229505,
            -0.03250800881086758,
            0.006243766771525807,
            -0.03480938286115048,
            0.00821058366156198,
            -6.336006940944059e-05,
            -0.027084182870535004,
            0.011900492499441811,
            0.027791677654401804,
            0.011892236646018533,
            0.0037086335554269313,
            0.037867659274802394,
            0.002319809749256035
        ],
        [
            -0.0007578189393881256,
            -0.03743216379234975,
            0.006344036459975937,
            0.028702443615178784,
            -0.002558237955170007,
            0.05236400834960391,
            0.029648729475071862,
            -0.005412257642898194,
            -0.05653489914476692,
            0.00798254552266918,
            0.03116159594182569,
            0.17381554426551843,
            0.025678361503151444,
            0.2269881619795123,
            0.027791677654401804,
            0.5546270441033264,
            0.3485269338073404,
            0.016329820313647093,
            0.17868062420150183,
            0.005527789743673697
        ],
        [
            -0.030905325344966775,
            -0.04304179039984878,
            0.0039196557138994875,
            0.01953571718969561,
            -0.0017829640527464372,
            0.03512011607364545,
            0.022734207807197152,
            0.0008288317419954165,
            0.022698657432856168,
            -0.0047257125470374604,
            0.09488765081625304,
            0.13163785367830275,
            0.015272798555717688,
            0.14263174510637047,
            0.011892236646018533,
            0.3485269338073404,
            0.2324103892343641,
            0.005727175995095219,
            0.06591054590036434,
            0.0008061918440830772
        ],
        [
            -0.003975730580437939,
            -0.00320746120479114,
            0.001390256532398166,
            0.006839108535585347,
            -0.0008459328083807529,
            0.004404282941198546,
            -0.004171546002849076,
            -0.0005502447860304894,
            -0.02038181951269087,
            0.0037398864204393626,
            -0.030387362025132057,
            -0.003929586699381936,
            0.0008887818488259042,
            0.002830966682559563,
            0.0037086335554269313,
            0.016329820313647093,
            0.005727175995095219,
            0.0024360735573073495,
            0.02500872653388594,
            0.001350474009904733
        ],
        [
            -0.032376736417396,
            -0.02860488303141425,
            0.013612533825231095,
            0.066486263465522,
            -0.008188324857803398,
            0.043525436867744925,
            -0.04009461896223687,
            -0.0063587837020288585,
            -0.2101415347158252,
            0.03828047951472276,
            -0.3067527203149424,
            -0.035774232861505814,
            0.009736107343915034,
            0.0362687139359903,
            0.037867659274802394,
            0.17868062420150183,
            0.06591054590036434,
            0.02500872653388594,
            0.2571285408439795,
            0.01375692121957334
        ],
        [
            -0.0030751794066230234,
            -0.0016429850828806167,
            0.001081738119821459,
            0.00548304211063519,
            -0.0006843122628742463,
            0.004898122122623437,
            -0.001956131374230606,
            -0.0001727497384129581,
            -0.011827544701535058,
            0.0022164629629672465,
            -0.018237418263123348,
            -0.003182313463255993,
            0.00026177521672509583,
            -0.001625305850655355,
            0.002319809749256035,
            0.005527789743673697,
            0.0008061918440830772,
            0.001350474009904733,
            0.01375692121957334,
            0.0007902394854766467
        ]
    ]
}