{
    "opt_E": -2.221409425109001,
    "HF_E": -2.189403381229536,
    "B3LYP_E": -2.191829382200997,
    "sto-3G_E": -2.1798814594443052,
    "proj": [
        [
            0.5710381612207347,
            0.3479328186384201,
            -0.021399550114491066,
            -0.16403986048521102,
            0.03286804784117892,
            0.0042099143493107595,
            0.17133195843269516,
            -0.047782961787001914,
            -0.23557700583703964,
            0.06742417461013417,
            0.024531718018534522,
            0.024652849036205796,
            -0.004102217686405059,
            0.03883407108254802,
            0.009424077572217658,
            -0.0006015254055993384,
            -0.02656286982539953,
            -0.0009242444623050626,
            -0.014730945454298662,
            -0.0019470228426715698
        ],
        [
            0.3479328186384201,
            0.2314345922161739,
            -0.004442838345068797,
            -0.04689494037110106,
            0.0076308688724455,
            0.10563118561467949,
            0.14111664657486891,
            -0.022216475998186033,
            -0.13594260583224108,
            0.031157637868587648,
            0.017703046576396184,
            0.026460255021913397,
            0.005716486792245318,
            -0.028835855124958943,
            -0.0050970727934868615,
            -0.023636228592374485,
            -0.03112572182702631,
            -0.000619801581408565,
            -0.009427680646398174,
            -0.001094718285456309
        ],
        [
            -0.021399550114491066,
            -0.004442838345068797,
            0.00533895852846674,
            0.0333070684046203,
            -0.007779815704561519,
            0.05087139405752113,
            0.009544485854889708,
            0.006369512935705837,
            0.006206335826946733,
            -0.008855505949127648,
            -0.012959678657738805,
            0.00461669197656398,
            0.005031036701341474,
            -0.020391222192831498,
            -0.004142230713694148,
            0.0059914377630681985,
            0.001948816136247889,
            0.0002725141165654693,
            0.01155310834711407,
            0.0023665744973011306
        ],
        [
            -0.16403986048521102,
            -0.04689494037110106,
            0.0333070684046203,
            0.2108940147714118,
            -0.04861045773685427,
            0.30940298384394666,
            0.05257635868399947,
            0.03931877738196064,
            0.06250653041706429,
            -0.05516713973182035,
            -0.05441140771733806,
            0.03390929185631207,
            0.029771550293916153,
            -0.13033419481818873,
            -0.02685560021548833,
            0.027012192545974794,
            0.012575874906800377,
            0.001278050075165139,
            0.055859287728581,
            0.01146900351526631
        ],
        [
            0.03286804784117892,
            0.0076308688724455,
            -0.007779815704561519,
            -0.04861045773685427,
            0.011344073167881026,
            -0.07326045892071806,
            -0.012966612626124354,
            -0.009424588326253104,
            -0.009461674871405602,
            0.013089715989306168,
            0.01964216242435353,
            -0.006094884585860815,
            -0.007284279392562923,
            0.02967867999313048,
            0.006024158450335563,
            -0.008201825750545127,
            -0.002456842176183518,
            -0.000408289960915515,
            -0.017020848410059866,
            -0.0034799688661095503
        ],
        [
            0.0042099143493107595,
            0.10563118561467949,
            0.05087139405752113,
            0.30940298384394666,
            -0.07326045892071806,
            0.5965212271692784,
            0.2088035020777088,
            0.04291441069546502,
            0.015250552709230557,
            -0.061244939727581466,
            -0.024064047244748425,
            0.10150943782496027,
            0.052323761525427316,
            -0.2332423108930835,
            -0.04800054784677259,
            0.040652326679501555,
            0.015605087285453798,
            0.000861135133543376,
            0.06312043015975208,
            0.013805854851990656
        ],
        [
            0.17133195843269516,
            0.14111664657486891,
            0.009544485854889708,
            0.05257635868399947,
            -0.012966612626124354,
            0.2088035020777088,
            0.14384533756300147,
            -0.009033476476546657,
            -0.02160409670587488,
            0.010322299840040669,
            0.10927518598178844,
            0.08614854987316352,
            0.01316655588045775,
            -0.06887124933041831,
            -0.014997505750506537,
            0.017070974662956588,
            0.021223343692941918,
            -0.0016875578012823251,
            -0.0362987907849381,
            -0.006445299176761274
        ],
        [
            -0.047782961787001914,
            -0.022216475998186033,
            0.006369512935705837,
            0.03931877738196064,
            -0.009424588326253104,
            0.04291441069546502,
            -0.009033476476546657,
            0.011853390817658752,
            -0.00014905504383424221,
            -0.015725205941122082,
            -0.05723030892243233,
            -0.014874556969818568,
            0.0060491483742308675,
            -0.01930385229426889,
            -0.003492739252931594,
            0.004592535534939482,
            -0.006155684631916443,
            0.0009792058148900202,
            0.03271186835352004,
            0.00649541157500438
        ],
        [
            -0.23557700583703964,
            -0.13594260583224108,
            0.006206335826946733,
            0.06250653041706429,
            -0.009461674871405602,
            0.015250552709230557,
            -0.02160409670587488,
            -0.00014905504383424221,
            0.19475689408288877,
            -0.004431870596121914,
            0.228612284796838,
            0.0715343621922004,
            -0.006143197101134828,
            -0.042620630900600046,
            -0.01199472903283213,
            -0.04570546962331435,
            0.028976002261251316,
            -0.003483590578919811,
            -0.12312546765008742,
            -0.024822431133560408
        ],
        [
            0.06742417461013417,
            0.031157637868587648,
            -0.008855505949127648,
            -0.05516713973182035,
            0.013089715989306168,
            -0.061244939727581466,
            0.010322299840040669,
            -0.015725205941122082,
            -0.004431870596121914,
            0.02101418187130016,
            0.06889860135795262,
            0.016067409491051433,
            -0.008193042155272522,
            0.02726476202659818,
            0.005069042679068795,
            -0.007276101533933015,
            0.005855410128455522,
            -0.0011996551251484777,
            -0.040537288856711935,
            -0.008054347917314693
        ],
        [
            0.024531718018534522,
            0.017703046576396184,
            -0.012959678657738805,
            -0.05441140771733806,
            0.01964216242435353,
            -0.024064047244748425,
            0.10927518598178844,
            -0.05723030892243233,
            0.228612284796838,
            0.06889860135795262,
            0.607139054992338,
            0.22311714567696506,
            -0.024068552790379436,
            -0.0019103549065888684,
            -0.007122458933362493,
            -0.02734765246343073,
            0.10131410223558253,
            -0.009602407306094454,
            -0.3098269106377018,
            -0.06142724818253183
        ],
        [
            0.024652849036205796,
            0.026460255021913397,
            0.00461669197656398,
            0.03390929185631207,
            -0.006094884585860815,
            0.10150943782496027,
            0.08614854987316352,
            -0.014874556969818568,
            0.0715343621922004,
            0.016067409491051433,
            0.22311714567696506,
            0.1512154729694685,
            0.0038228259350503056,
            0.024126915007904443,
            0.002238678785217217,
            0.1648500224151187,
            0.14538474319885863,
            -0.002910310870736681,
            -0.060615667158752704,
            -0.01152603844835565
        ],
        [
            -0.004102217686405059,
            0.005716486792245318,
            0.005031036701341474,
            0.029771550293916153,
            -0.007284279392562923,
            0.052323761525427316,
            0.01316655588045775,
            0.0060491483742308675,
            -0.006143197101134828,
            -0.008193042155272522,
            -0.024068552790379436,
            0.0038228259350503056,
            0.00562452314657495,
            -0.015817721839830365,
            -0.0030388031683533673,
            0.01571920000058137,
            0.004922992658408369,
            0.0004618962479390187,
            0.01962386781194964,
            0.004011292692734854
        ],
        [
            0.03883407108254802,
            -0.028835855124958943,
            -0.020391222192831498,
            -0.13033419481818873,
            0.02967867999313048,
            -0.2332423108930835,
            -0.06887124933041831,
            -0.01930385229426889,
            -0.042620630900600046,
            0.02726476202659818,
            -0.0019103549065888684,
            0.024126915007904443,
            -0.015817721839830365,
            0.18712153206831028,
            0.038413716205296114,
            0.21659054164377192,
            0.13558472991986067,
            0.0005554105224356785,
            0.04163397926784547,
            0.008133007822473389
        ],
        [
            0.009424077572217658,
            -0.0050970727934868615,
            -0.004142230713694148,
            -0.02685560021548833,
            0.006024158450335563,
            -0.04800054784677259,
            -0.014997505750506537,
            -0.003492739252931594,
            -0.01199472903283213,
            0.005069042679068795,
            -0.007122458933362493,
            0.002238678785217217,
            -0.0030388031683533673,
            0.038413716205296114,
            0.007966893343094668,
            0.0440004260965494,
            0.026138984167907012,
            0.00021611261940076288,
            0.011746412547783315,
            0.002305016119015851
        ],
        [
            -0.0006015254055993384,
            -0.023636228592374485,
            0.0059914377630681985,
            0.027012192545974794,
            -0.008201825750545127,
            0.040652326679501555,
            0.017070974662956588,
            0.004592535534939482,
            -0.04570546962331435,
            -0.007276101533933015,
            -0.02734765246343073,
            0.1648500224151187,
            0.01571920000058137,
            0.21659054164377192,
            0.0440004260965494,
            0.5840150828327357,
            0.3613481352968572,
            0.0023455245503988904,
            0.16929409338465454,
            0.03443936976983721
        ],
        [
            -0.02656286982539953,
            -0.03112572182702631,
            0.001948816136247889,
            0.012575874906800377,
            -0.002456842176183518,
            0.015605087285453798,
            0.021223343692941918,
            -0.006155684631916443,
            0.028976002261251316,
            0.005855410128455522,
            0.10131410223558253,
            0.14538474319885863,
            0.004922992658408369,
            0.13558472991986067,
            0.026138984167907012,
            0.3613481352968572,
            0.24837517476249865,
            -0.00037499149661707,
            0.04562230570415924,
            0.009531295090969902
        ],
        [
            -0.0009242444623050626,
            -0.000619801581408565,
            0.0002725141165654693,
            0.001278050075165139,
            -0.000408289960915515,
            0.000861135133543376,
            -0.0016875578012823251,
            0.0009792058148900202,
            -0.003483590578919811,
            -0.0011996551251484777,
            -0.009602407306094454,
            -0.002910310870736681,
            0.0004618962479390187,
            0.0005554105224356785,
            0.00021611261940076288,
            0.0023455245503988904,
            -0.00037499149661707,
            0.00015887026916265536,
            0.005436461567678869,
            0.0010805362625579834
        ],
        [
            -0.014730945454298662,
            -0.009427680646398174,
            0.01155310834711407,
            0.055859287728581,
            -0.017020848410059866,
            0.06312043015975208,
            -0.0362987907849381,
            0.03271186835352004,
            -0.12312546765008742,
            -0.040537288856711935,
            -0.3098269106377018,
            -0.060615667158752704,
            0.01962386781194964,
            0.04163397926784547,
            0.011746412547783315,
            0.16929409338465454,
            0.04562230570415924,
            0.005436461567678869,
            0.20226263959637591,
            0.04041352042365089
        ],
        [
            -0.0019470228426715698,
            -0.001094718285456309,
            0.0023665744973011306,
            0.01146900351526631,
            -0.0034799688661095503,
            0.013805854851990656,
            -0.006445299176761274,
            0.00649541157500438,
            -0.024822431133560408,
            -0.008054347917314693,
            -0.06142724818253183,
            -0.01152603844835565,
            0.004011292692734854,
            0.008133007822473389,
            0.002305016119015851,
            0.03443936976983721,
            0.009531295090969902,
            0.0010805362625579834,
            0.04041352042365089,
            0.008079924610645798
        ]
    ]
}