{
    "opt_E": -2.124224195636398,
    "HF_E": -2.095810465123527,
    "B3LYP_E": -2.0974146835556344,
    "sto-3G_E": -2.073192722974673,
    "proj": [
        [
            0.5316058349895002,
            0.35046898103683455,
            0.02779239664175213,
            -0.1767553916759457,
            0.046392919329142496,
            0.052213605993467235,
            0.177230387030943,
            0.041655975712648015,
            -0.2070106049716912,
            0.07117088565805328,
            0.04830145265673595,
            0.032987164915909334,
            0.0009651433969194423,
            0.04543822884547569,
            0.00045184722929083514,
            0.004596733479788935,
            -0.0357479417337079,
            -0.004983162515819024,
            -0.03703681771392389,
            -0.005660779037998648
        ],
        [
            0.35046898103683455,
            0.24029395347455446,
            0.013369763939793968,
            -0.08694491647133754,
            0.02225954870579697,
            0.08246998887318538,
            0.13179937932242092,
            0.024558440929487266,
            -0.12616580878059497,
            0.0421249644766199,
            0.047985382901273396,
            0.021528903149753535,
            -0.0015316512443845816,
            -0.02176888076846982,
            -0.0020755935039495125,
            -0.03556371619440309,
            -0.045352144239863924,
            -0.005679062379712664,
            -0.04878004304142323,
            -0.006543822850913575
        ],
        [
            0.02779239664175213,
            0.013369763939793968,
            0.0077690176491504075,
            -0.0459464240922111,
            0.013069920511222981,
            -0.050666383906716926,
            -0.00499280864946356,
            0.004084750340407484,
            0.0018535451211287848,
            0.007099233508269852,
            0.00793828519068944,
            -0.007823854585664296,
            -0.003256770929840041,
            0.03640219469360916,
            -0.004450453450055499,
            -0.003789261361041003,
            -0.006998141765429828,
            -0.0025802719898051557,
            -0.01591352815434774,
            -0.0031736828733524053
        ],
        [
            -0.1767553916759457,
            -0.08694491647133754,
            -0.0459464240922111,
            0.2727543279349981,
            -0.07729768303948772,
            0.297437643100006,
            0.027758508689224352,
            -0.025463982145156973,
            0.006564235423531262,
            -0.04404484701815661,
            -0.029926028635292836,
            0.05002859128040732,
            0.018072784511562495,
            -0.21304987167444017,
            0.02475114003803092,
            0.025407220262132893,
            0.045012371330961004,
            0.013625900968215065,
            0.08205643714685275,
            0.01678956501269657
        ],
        [
            0.046392919329142496,
            0.02225954870579697,
            0.013069920511222981,
            -0.07729768303948772,
            0.021988497021938426,
            -0.08550519761469091,
            -0.008636995064632651,
            0.006852282737543097,
            0.003149657408388074,
            0.011907821820934203,
            0.013022445827180366,
            -0.013425553815462067,
            -0.005505312197683432,
            0.061114642474155746,
            -0.007518180724527177,
            -0.006822217935759866,
            -0.012062436288007315,
            -0.004337084472686948,
            -0.02675950048997101,
            -0.005335191165079312
        ],
        [
            0.052213605993467235,
            0.08246998887318538,
            -0.050666383906716926,
            0.297437643100006,
            -0.08550519761469091,
            0.4867649676823576,
            0.16343158288286172,
            -0.015733700421141306,
            -0.049853215885863854,
            -0.026810981263552018,
            0.07678186127768058,
            0.11823857666168135,
            0.0218211092033846,
            -0.28907935679904734,
            0.029656267340900176,
            0.04963675127956643,
            0.056610581530793645,
            0.00854282334876961,
            0.03355626255094135,
            0.011062800987793204
        ],
        [
            0.177230387030943,
            0.13179937932242092,
            -0.00499280864946356,
            0.027758508689224352,
            -0.008636995064632651,
            0.16343158288286172,
            0.11326061881097026,
            0.006687598506084532,
            -0.033695015868689754,
            0.012058175955228937,
            0.10449649816558011,
            0.06659187933526532,
            0.003750460002556763,
            -0.058294997039311465,
            0.004794988615348475,
            0.0390420967170431,
            0.024003218340225004,
            -0.004627970227023283,
            -0.04250676876906532,
            -0.005244006137905704
        ],
        [
            0.041655975712648015,
            0.024558440929487266,
            0.004084750340407484,
            -0.025463982145156973,
            0.006852282737543097,
            -0.015733700421141306,
            0.006687598506084532,
            0.004397365336068391,
            -0.02260533572098772,
            0.007410086669552672,
            -0.008429367314562447,
            -0.0021578558794268193,
            0.00039574076395027945,
            0.01834729634122893,
            0.0003596539117602379,
            0.004425222816202496,
            -0.0017528517809410561,
            0.0005317746965777953,
            0.005786969800282247,
            0.000638145402425096
        ],
        [
            -0.2070106049716912,
            -0.12616580878059497,
            0.0018535451211287848,
            0.006564235423531262,
            0.003149657408388074,
            -0.049853215885863854,
            -0.033695015868689754,
            -0.02260533572098772,
            0.31021055118791413,
            -0.03554627267963013,
            0.2907478916380941,
            0.04031113303023939,
            -0.026757649329508443,
            0.00999050249506244,
            -0.034749910654662555,
            -0.019007104901012237,
            0.015410145765603359,
            -0.03208756030736609,
            -0.24173420626207065,
            -0.03886694422347742
        ],
        [
            0.07117088565805328,
            0.0421249644766199,
            0.007099233508269852,
            -0.04404484701815661,
            0.011907821820934203,
            -0.026810981263552018,
            0.012058175955228937,
            0.007410086669552672,
            -0.03554627267963013,
            0.01252624386247067,
            -0.010094219087439207,
            -0.0027716444805518234,
            0.0003565418297328436,
            0.03156252075762727,
            0.00019481649653239845,
            0.007612255987950109,
            -0.002760441038903404,
            0.00046470625791161937,
            0.006533497043738347,
            0.0005552554580367875
        ],
        [
            0.04830145265673595,
            0.047985382901273396,
            0.00793828519068944,
            -0.029926028635292836,
            0.013022445827180366,
            0.07678186127768058,
            0.10449649816558011,
            -0.008429367314562447,
            0.2907478916380941,
            -0.010094219087439207,
            0.47150613838497674,
            0.1416536398026401,
            -0.023903252475370125,
            0.03183719683287902,
            -0.032019167658346746,
            0.09625886437615366,
            0.08398998364649946,
            -0.04182966631604107,
            -0.3140486745707685,
            -0.05029630107950652
        ],
        [
            0.032987164915909334,
            0.021528903149753535,
            -0.007823854585664296,
            0.05002859128040732,
            -0.013425553815462067,
            0.11823857666168135,
            0.06659187933526532,
            -0.0021578558794268193,
            0.04031113303023939,
            -0.0027716444805518234,
            0.1416536398026401,
            0.10818368720509891,
            0.010515167753514935,
            0.030331541061875328,
            0.012574624328620183,
            0.184569989952866,
            0.12952181532769255,
            -0.0014345510811369364,
            -0.005566654599558691,
            -0.0015406366010326856
        ],
        [
            0.0009651433969194423,
            -0.0015316512443845816,
            -0.003256770929840041,
            0.018072784511562495,
            -0.005505312197683432,
            0.0218211092033846,
            0.003750460002556763,
            0.00039574076395027945,
            -0.026757649329508443,
            0.0003565418297328436,
            -0.023903252475370125,
            0.010515167753514935,
            0.005988380188864661,
            0.0037761964761174028,
            0.00761630399288836,
            0.037180632950683044,
            0.024052763529997193,
            0.005133720831231296,
            0.0399376514644464,
            0.006221833747370338
        ],
        [
            0.04543822884547569,
            -0.02176888076846982,
            0.03640219469360916,
            -0.21304987167444017,
            0.061114642474155746,
            -0.28907935679904734,
            -0.058294997039311465,
            0.01834729634122893,
            0.00999050249506244,
            0.03156252075762727,
            0.03183719683287902,
            0.030331541061875328,
            0.0037761964761174028,
            0.32710335330197177,
            0.001999014128700626,
            0.23674874542177152,
            0.1361903233759688,
            0.00107172199369795,
            0.046567361212606614,
            0.0008675934396141339
        ],
        [
            0.00045184722929083514,
            -0.0020755935039495125,
            -0.004450453450055499,
            0.02475114003803092,
            -0.007518180724527177,
            0.029656267340900176,
            0.004794988615348475,
            0.0003596539117602379,
            -0.034749910654662555,
            0.00019481649653239845,
            -0.032019167658346746,
            0.012574624328620183,
            0.00761630399288836,
            0.001999014128700626,
            0.009715074859797043,
            0.04477036904164853,
            0.02904788353704783,
            0.006618389459189606,
            0.051140284764554345,
            0.008023216726968105
        ],
        [
            0.004596733479788935,
            -0.03556371619440309,
            -0.003789261361041003,
            0.025407220262132893,
            -0.006822217935759866,
            0.04963675127956643,
            0.0390420967170431,
            0.004425222816202496,
            -0.019007104901012237,
            0.007612255987950109,
            0.09625886437615366,
            0.184569989952866,
            0.037180632950683044,
            0.23674874542177152,
            0.04477036904164853,
            0.5011123183884996,
            0.3313693303055009,
            0.01859806650570342,
            0.1736489846713384,
            0.02248200071959697
        ],
        [
            -0.0357479417337079,
            -0.045352144239863924,
            -0.006998141765429828,
            0.045012371330961004,
            -0.012062436288007315,
            0.056610581530793645,
            0.024003218340225004,
            -0.0017528517809410561,
            0.015410145765603359,
            -0.002760441038903404,
            0.08398998364649946,
            0.12952181532769255,
            0.024052763529997193,
            0.1361903233759688,
            0.02904788353704783,
            0.3313693303055009,
            0.22447159861900773,
            0.010989149280899047,
            0.10293664851498617,
            0.013304698433519427
        ],
        [
            -0.004983162515819024,
            -0.005679062379712664,
            -0.0025802719898051557,
            0.013625900968215065,
            -0.004337084472686948,
            0.00854282334876961,
            -0.004627970227023283,
            0.0005317746965777953,
            -0.03208756030736609,
            0.00046470625791161937,
            -0.04182966631604107,
            -0.0014345510811369364,
            0.005133720831231296,
            0.00107172199369795,
            0.006618389459189606,
            0.01859806650570342,
            0.010989149280899047,
            0.005628735344931154,
            0.04322503501003181,
            0.006796229246543126
        ],
        [
            -0.03703681771392389,
            -0.04878004304142323,
            -0.01591352815434774,
            0.08205643714685275,
            -0.02675950048997101,
            0.03355626255094135,
            -0.04250676876906532,
            0.005786969800282247,
            -0.24173420626207065,
            0.006533497043738347,
            -0.3140486745707685,
            -0.005566654599558691,
            0.0399376514644464,
            0.046567361212606614,
            0.051140284764554345,
            0.1736489846713384,
            0.10293664851498617,
            0.04322503501003181,
            0.33651214145730723,
            0.05214146769694063
        ],
        [
            -0.005660779037998648,
            -0.006543822850913575,
            -0.0031736828733524053,
            0.01678956501269657,
            -0.005335191165079312,
            0.011062800987793204,
            -0.005244006137905704,
            0.000638145402425096,
            -0.03886694422347742,
            0.0005552554580367875,
            -0.05029630107950652,
            -0.0015406366010326856,
            0.006221833747370338,
            0.0008675934396141339,
            0.008023216726968105,
            0.02248200071959697,
            0.013304698433519427,
            0.006796229246543126,
            0.05214146769694063,
            0.008207194299622798
        ]
    ]
}