{
    "opt_E": -2.1668897963134106,
    "HF_E": -2.135620224723769,
    "B3LYP_E": -2.1377777413384766,
    "sto-3G_E": -2.114058282150296,
    "proj": [
        [
            0.5180526910857539,
            0.3260315888827913,
            -0.03718669355142479,
            -0.16751168123501917,
            -0.03392964903620841,
            0.08059201155968868,
            0.1843393010982327,
            -0.04878368949445193,
            -0.2418338284262539,
            -0.07718556315012408,
            0.04385284032437891,
            0.0347891446794443,
            -0.006881846320856865,
            0.02484057309559091,
            -0.005022742891567324,
            -0.0015929035685146211,
            -0.034883477095738635,
            0.004729967705006471,
            -0.02031892024129224,
            0.0029214700909104426
        ],
        [
            0.3260315888827913,
            0.21189497370789656,
            -0.01628887793362023,
            -0.07090968082702666,
            -0.012246093704505672,
            0.10266640832374933,
            0.12883512837067235,
            -0.02809806365410181,
            -0.1446026632947512,
            -0.04213802795018444,
            0.03483270755424287,
            0.024907028453696283,
            -0.009239241461371422,
            -0.022777839207162462,
            0.0033256404916019496,
            -0.024596579415179044,
            -0.035979845464350874,
            0.0032131673921228774,
            -0.016651800671122506,
            0.0023268552324693537
        ],
        [
            -0.03718669355142479,
            -0.01628887793362023,
            0.012387349363815012,
            0.059073469225764015,
            0.015057179169530572,
            0.062256664495749306,
            0.001494471839903301,
            0.004309206060550411,
            0.015707162076136632,
            0.015697607848237764,
            -0.010790276774880501,
            0.004693135246414332,
            -0.011617902632829651,
            -0.04367586691222847,
            0.006643654058166008,
            0.005115530621992426,
            0.0045136849664273926,
            -0.003572565355937516,
            0.013660885967925224,
            -0.0029036563899054457
        ],
        [
            -0.16751168123501917,
            -0.07090968082702666,
            0.059073469225764015,
            0.2824516497784672,
            0.0720218877307033,
            0.3060565407218055,
            0.015454249415607194,
            0.021429718513933174,
            0.07756963878270517,
            0.07271925565598876,
            -0.03587645431758634,
            0.03150551726481383,
            -0.055510010369091305,
            -0.2078299575647888,
            0.0318475016708736,
            0.030300701786441876,
            0.027626414664241795,
            -0.015793249400446848,
            0.05974102576894068,
            -0.012858016898728154
        ],
        [
            -0.03392964903620841,
            -0.012246093704505672,
            0.015057179169530572,
            0.0720218877307033,
            0.018631793116114296,
            0.08264381896549296,
            0.006504829236637465,
            0.003899925232245054,
            0.012216070209785422,
            0.018472616925836245,
            -0.015408760016643744,
            0.0064508465155193465,
            -0.01570209164752982,
            -0.055692427308149224,
            0.008351148845650433,
            0.008320992056490735,
            0.005527152562309969,
            -0.0048661570390396095,
            0.01884320342788724,
            -0.00400952744038983
        ],
        [
            0.08059201155968868,
            0.10266640832374933,
            0.062256664495749306,
            0.3060565407218055,
            0.08264381896549296,
            0.5055253987729104,
            0.15382204340304645,
            0.009551293917175917,
            -0.00033905329468597676,
            0.05055669136895824,
            0.04829382384036036,
            0.09452499197896597,
            -0.0764821177866113,
            -0.2828317129506477,
            0.04441850940364322,
            0.03162897493800301,
            0.024845663030035197,
            -0.011581149534994018,
            0.03634859219033802,
            -0.009610352788596834
        ],
        [
            0.1843393010982327,
            0.12883512837067235,
            0.001494471839903301,
            0.015454249415607194,
            0.006504829236637465,
            0.15382204340304645,
            0.11769652165876444,
            -0.0012212483112215232,
            -0.025292010696046294,
            -0.023500043587437406,
            0.1298071948833391,
            0.07946866773012852,
            -0.01010932911740547,
            -0.04028187655163188,
            0.00821709781108516,
            0.02023865849684626,
            0.023547353455721114,
            0.009666340190162744,
            -0.04528721750360314,
            0.007782971501906356
        ],
        [
            -0.04878368949445193,
            -0.02809806365410181,
            0.004309206060550411,
            0.021429718513933174,
            0.003899925232245054,
            0.009551293917175917,
            -0.0012212483112215232,
            0.012847848900974337,
            0.057557286447725016,
            0.002235025893221748,
            0.06127254851129057,
            0.021021277473801638,
            0.0073403487014987384,
            -0.004971627203621258,
            0.002584297390322029,
            -0.013280865662484313,
            0.007028048961679963,
            0.006986442363892824,
            -0.031870215780595436,
            0.006170397802894816
        ],
        [
            -0.2418338284262539,
            -0.1446026632947512,
            0.015707162076136632,
            0.07756963878270517,
            0.012216070209785422,
            -0.00033905329468597676,
            -0.025292010696046294,
            0.057557286447725016,
            0.26217940079299623,
            0.00933187420898702,
            0.261773231441813,
            0.08187745023419998,
            0.03855881405541081,
            -0.0025815824538440862,
            0.008380449761796816,
            -0.06434564982056902,
            0.027642501666617934,
            0.03134246413010267,
            -0.14194023855618218,
            0.02772070747576385
        ],
        [
            -0.07718556315012408,
            -0.04213802795018444,
            0.015697607848237764,
            0.07271925565598876,
            0.018472616925836245,
            0.05055669136895824,
            -0.023500043587437406,
            0.002235025893221748,
            0.00933187420898702,
            0.02653354881164919,
            -0.06343845544345869,
            -0.01826573406283833,
            -0.01624367599308761,
            -0.051623887919648594,
            0.006838426208372122,
            0.004820433861002752,
            -0.0025364632273991087,
            -0.009296646698296074,
            0.038878350978448606,
            -0.007674406948798006
        ],
        [
            0.04385284032437891,
            0.03483270755424287,
            -0.010790276774880501,
            -0.03587645431758634,
            -0.015408760016643744,
            0.04829382384036036,
            0.1298071948833391,
            0.06127254851129057,
            0.261773231441813,
            -0.06343845544345869,
            0.5538850692105498,
            0.2157435107305232,
            0.06406061047518458,
            0.06875342515977892,
            0.0023976462414502984,
            -0.035172620491841056,
            0.07964033318953374,
            0.06265614369187832,
            -0.2776603600080915,
            0.05338793205309436
        ],
        [
            0.0347891446794443,
            0.024907028453696283,
            0.004693135246414332,
            0.03150551726481383,
            0.0064508465155193465,
            0.09452499197896597,
            0.07946866773012852,
            0.021021277473801638,
            0.08187745023419998,
            -0.01826573406283833,
            0.2157435107305232,
            0.14101992883377856,
            -0.0037028571374611127,
            0.03687923747620378,
            -0.003085181086235231,
            0.15474829919285357,
            0.14080023392771132,
            0.014521553602679548,
            -0.059043665050748366,
            0.010926759774343035
        ],
        [
            -0.006881846320856865,
            -0.009239241461371422,
            -0.011617902632829651,
            -0.055510010369091305,
            -0.01570209164752982,
            -0.0764821177866113,
            -0.01010932911740547,
            0.0073403487014987384,
            0.03855881405541081,
            -0.01624367599308761,
            0.06406061047518458,
            -0.0037028571374611127,
            0.02666397622470765,
            0.0363714273624349,
            -0.003200531544781542,
            -0.06815363285295625,
            -0.032267512238827914,
            0.012664805913549605,
            -0.0563644054439815,
            0.011274273397428258
        ],
        [
            0.02484057309559091,
            -0.022777839207162462,
            -0.04367586691222847,
            -0.2078299575647888,
            -0.055692427308149224,
            -0.2828317129506477,
            -0.04028187655163188,
            -0.004971627203621258,
            -0.0025815824538440862,
            -0.051623887919648594,
            0.06875342515977892,
            0.03687923747620378,
            0.0363714273624349,
            0.2446349939017098,
            -0.03897303481958023,
            0.1652020964696893,
            0.11930156418819444,
            0.009354453327600543,
            -0.023684194081384207,
            0.005963483777007457
        ],
        [
            -0.005022742891567324,
            0.0033256404916019496,
            0.006643654058166008,
            0.0318475016708736,
            0.008351148845650433,
            0.04441850940364322,
            0.00821709781108516,
            0.002584297390322029,
            0.008380449761796816,
            0.006838426208372122,
            0.0023976462414502984,
            -0.003085181086235231,
            -0.003200531544781542,
            -0.03897303481958023,
            0.0066423008270308104,
            -0.0348699274864121,
            -0.02199496566360284,
            0.0004139245120285229,
            -0.004972617521525935,
            0.0007442161246604315
        ],
        [
            -0.0015929035685146211,
            -0.024596579415179044,
            0.005115530621992426,
            0.030300701786441876,
            0.008320992056490735,
            0.03162897493800301,
            0.02023865849684626,
            -0.013280865662484313,
            -0.06434564982056902,
            0.004820433861002752,
            -0.035172620491841056,
            0.15474829919285357,
            -0.06815363285295625,
            0.1652020964696893,
            -0.0348699274864121,
            0.5907608835352046,
            0.38285815129668804,
            -0.03152228465139537,
            0.16567823755924801,
            -0.03211554945117128
        ],
        [
            -0.034883477095738635,
            -0.035979845464350874,
            0.0045136849664273926,
            0.027626414664241795,
            0.005527152562309969,
            0.024845663030035197,
            0.023547353455721114,
            0.007028048961679963,
            0.027642501666617934,
            -0.0025364632273991087,
            0.07964033318953374,
            0.14080023392771132,
            -0.032267512238827914,
            0.11930156418819444,
            -0.02199496566360284,
            0.38285815129668804,
            0.27056467626622926,
            -0.00917212870599283,
            0.05768337546559823,
            -0.011188305712702072
        ],
        [
            0.004729967705006471,
            0.0032131673921228774,
            -0.003572565355937516,
            -0.015793249400446848,
            -0.0048661570390396095,
            -0.011581149534994018,
            0.009666340190162744,
            0.006986442363892824,
            0.03134246413010267,
            -0.009296646698296074,
            0.06265614369187832,
            0.014521553602679548,
            0.012664805913549605,
            0.009354453327600543,
            0.0004139245120285229,
            -0.03152228465139537,
            -0.00917212870599283,
            0.008862643267899395,
            -0.039967568857880935,
            0.007774952175344338
        ],
        [
            -0.02031892024129224,
            -0.016651800671122506,
            0.013660885967925224,
            0.05974102576894068,
            0.01884320342788724,
            0.03634859219033802,
            -0.04528721750360314,
            -0.031870215780595436,
            -0.14194023855618218,
            0.038878350978448606,
            -0.2776603600080915,
            -0.059043665050748366,
            -0.0563644054439815,
            -0.023684194081384207,
            -0.004972617521525935,
            0.16567823755924801,
            0.05768337546559823,
            -0.039967568857880935,
            0.1818988450086945,
            -0.03530321103627716
        ],
        [
            0.0029214700909104426,
            0.0023268552324693537,
            -0.0029036563899054457,
            -0.012858016898728154,
            -0.00400952744038983,
            -0.009610352788596834,
            0.007782971501906356,
            0.006170397802894816,
            0.02772070747576385,
            -0.007674406948798006,
            0.05338793205309436,
            0.010926759774343035,
            0.011274273397428258,
            0.005963483777007457,
            0.0007442161246604315,
            -0.03211554945117128,
            -0.011188305712702072,
            0.007774952175344338,
            -0.03530321103627716,
            0.006865506934853854
        ]
    ]
}