{
    "opt_E": -2.1618690177225033,
    "HF_E": -2.1300651137772904,
    "B3LYP_E": -2.132454808985797,
    "sto-3G_E": -2.105632408082801,
    "proj": [
        [
            0.5433903779494944,
            0.34648812756856906,
            -0.02473453230750352,
            -0.17016752904545862,
            0.03563657464283779,
            0.04643426592601527,
            0.17458520867387983,
            -0.06184515575546601,
            -0.22110584510585804,
            0.07184432883332255,
            0.04098290246325488,
            0.03552919955502482,
            -0.006986377103667718,
            0.04279866929790919,
            0.010603577534983734,
            -0.00040387341793906905,
            -0.03741791594966087,
            -0.001536419620645975,
            -0.018928945290495814,
            -0.0042798930074402775
        ],
        [
            0.34648812756856906,
            0.23022776725990982,
            -0.008575300683438015,
            -0.07197656002240833,
            0.013410652857774605,
            0.09042144030048632,
            0.12869541605110585,
            -0.03327253028133602,
            -0.13862964217893192,
            0.03922882503457561,
            0.03410582518112256,
            0.0256324065919764,
            0.0027498930404586085,
            -0.0209928883095529,
            0.0002762061439911506,
            -0.0285560916983565,
            -0.04191226042829148,
            -0.0008414024184408408,
            -0.016739570278546542,
            -0.003263494935488299
        ],
        [
            -0.02473453230750352,
            -0.008575300683438015,
            0.009214085574617704,
            0.04618900519759578,
            -0.011884869999952542,
            0.05886718605069425,
            0.007454709910564756,
            0.011618719399658773,
            -0.0018793483459510329,
            -0.011351891699781461,
            -0.01193931034355158,
            0.004843873437468268,
            0.009496384296001383,
            -0.04147082700193036,
            -0.003467902933144886,
            0.009676889534955118,
            0.005647106872848152,
            0.000176525175547004,
            0.015826464851185405,
            0.00409647520480098
        ],
        [
            -0.17016752904545862,
            -0.07197656002240833,
            0.04618900519759578,
            0.2399493884799533,
            -0.06011801468333027,
            0.2880219309922992,
            0.02909589858252439,
            0.056758223269173,
            0.03806670000337166,
            -0.05860466840449147,
            -0.017812768369030535,
            0.03330116980360627,
            0.04429001566622203,
            -0.2053425459514263,
            -0.02029026740289442,
            0.030866412632571855,
            0.027989997798942557,
            0.0008702022652038507,
            0.05174593505044129,
            0.014159341933337191
        ],
        [
            0.03563657464283779,
            0.013410652857774605,
            -0.011884869999952542,
            -0.06011801468333027,
            0.015370945838799532,
            -0.07486232950601708,
            -0.008446082248937867,
            -0.015071309219221594,
            -0.0004054216433696274,
            0.014898537401865327,
            0.013933773836113604,
            -0.0059515579065373015,
            -0.01203170228393967,
            0.05367466442279199,
            0.0047188375581420266,
            -0.010199336912607306,
            -0.006344255495966109,
            -0.00023627329989100746,
            -0.01892522178020967,
            -0.004939359009798726
        ],
        [
            0.04643426592601527,
            0.09042144030048632,
            0.05886718605069425,
            0.2880219309922992,
            -0.07486232950601708,
            0.5054064401472189,
            0.1667601654422102,
            0.04611278997925711,
            -0.02497139966648114,
            -0.04687494699057783,
            0.07133174419815994,
            0.10284977831540257,
            0.06372626680521322,
            -0.30082151252428097,
            -0.029210237577757425,
            0.041309995206404715,
            0.031141348436797264,
            0.00022208195538980988,
            0.03139337641827901,
            0.010955700331086804
        ],
        [
            0.17458520867387983,
            0.12869541605110585,
            0.007454709910564756,
            0.02909589858252439,
            -0.008446082248937867,
            0.1667601654422102,
            0.11808387555548336,
            -0.01666267979655827,
            -0.02156911820949632,
            0.015147766041253929,
            0.12318484527351573,
            0.0788595886574354,
            0.011256898041654638,
            -0.05438797897437076,
            -0.006038341987643039,
            0.024795392014655724,
            0.022816941970539656,
            -0.0007964872809670242,
            -0.040302590722271235,
            -0.008238876570791757
        ],
        [
            -0.06184515575546601,
            -0.03327253028133602,
            0.011618719399658773,
            0.056758223269173,
            -0.015071309219221594,
            0.04611278997925711,
            -0.01666267979655827,
            0.022256235526861057,
            -0.01809666932170003,
            -0.02005333251916671,
            -0.0693958492622023,
            -0.0193619121549998,
            0.01246622229527446,
            -0.050015162991989555,
            -0.002692253226652407,
            0.010090347169912056,
            -0.0013225118864684392,
            0.0004948363768122475,
            0.045124605098274755,
            0.010809170514551497
        ],
        [
            -0.22110584510585804,
            -0.13862964217893192,
            -0.0018793483459510329,
            0.03806670000337166,
            -0.0004054216433696274,
            -0.02497139966648114,
            -0.02156911820949632,
            -0.01809666932170003,
            0.2768363023891614,
            -0.001269657903313707,
            0.2886036793053454,
            0.08027888187178205,
            -0.02051415754213782,
            0.0293222425072104,
            -0.01491921572421398,
            -0.07364533878628401,
            0.021382363018548935,
            -0.00045334104414146615,
            -0.1745649924366884,
            -0.040340412944836
        ],
        [
            0.07184432883332255,
            0.03922882503457561,
            -0.011351891699781461,
            -0.05860466840449147,
            0.014898537401865327,
            -0.04687494699057783,
            0.015147766041253929,
            -0.02005333251916671,
            -0.001269657903313707,
            0.01929615023378353,
            0.044744841990779355,
            0.011653221182689449,
            -0.010954394795591215,
            0.048059515943702835,
            0.0038411602488814716,
            -0.004738228266893661,
            -0.000376388204812803,
            -0.0004343318854068555,
            -0.030757599836281672,
            -0.007504531065572086
        ],
        [
            0.04098290246325488,
            0.03410582518112256,
            -0.01193931034355158,
            -0.017812768369030535,
            0.013933773836113604,
            0.07133174419815994,
            0.12318484527351573,
            -0.0693958492622023,
            0.2886036793053454,
            0.044744841990779355,
            0.5290564989317887,
            0.2039713939722673,
            -0.028189482634410425,
            0.06700460130077543,
            -0.013689615640175361,
            -0.023025006731800277,
            0.07626865458431017,
            -0.0021513140835385186,
            -0.27884385996614225,
            -0.06406751420671013
        ],
        [
            0.03552919955502482,
            0.0256324065919764,
            0.004843873437468268,
            0.03330116980360627,
            -0.0059515579065373015,
            0.10284977831540257,
            0.0788595886574354,
            -0.0193619121549998,
            0.08027888187178205,
            0.011653221182689449,
            0.2039713939722673,
            0.13301370966165213,
            0.0020271534462276593,
            0.033611937114021134,
            0.00428742885784669,
            0.1548771651521067,
            0.13597580692305097,
            -0.0012320396415267736,
            -0.05557160699595282,
            -0.012606093652130215
        ],
        [
            -0.006986377103667718,
            0.0027498930404586085,
            0.009496384296001383,
            0.04429001566622203,
            -0.01203170228393967,
            0.06372626680521322,
            0.011256898041654638,
            0.01246622229527446,
            -0.02051415754213782,
            -0.010954394795591215,
            -0.028189482634410425,
            0.0020271534462276593,
            0.011096401212751008,
            -0.04337302677913473,
            -0.002357879045111409,
            0.01799355225112756,
            0.006751438818714502,
            0.00018143412100895263,
            0.027134163880577405,
            0.0067215438435535525
        ],
        [
            0.04279866929790919,
            -0.0209928883095529,
            -0.04147082700193036,
            -0.2053425459514263,
            0.05367466442279199,
            -0.30082151252428097,
            -0.05438797897437076,
            -0.050015162991989555,
            0.0293222425072104,
            0.048059515943702835,
            0.06700460130077543,
            0.033611937114021134,
            -0.04337302677913473,
            0.276235919234498,
            0.03373965691784283,
            0.16557082522834324,
            0.12211552739734939,
            -0.0013153833639272944,
            -0.02683254458959086,
            -0.009033691346134201
        ],
        [
            0.010603577534983734,
            0.0002762061439911506,
            -0.003467902933144886,
            -0.02029026740289442,
            0.0047188375581420266,
            -0.029210237577757425,
            -0.006038341987643039,
            -0.002692253226652407,
            -0.01491921572421398,
            0.0038411602488814716,
            -0.013689615640175361,
            0.00428742885784669,
            -0.002357879045111409,
            0.03373965691784283,
            0.006425713892190416,
            0.04741144326227074,
            0.028537042147086213,
            -0.0001489493871825255,
            0.01637015912288132,
            0.0034226070139721514
        ],
        [
            -0.00040387341793906905,
            -0.0285560916983565,
            0.009676889534955118,
            0.030866412632571855,
            -0.010199336912607306,
            0.041309995206404715,
            0.024795392014655724,
            0.010090347169912056,
            -0.07364533878628401,
            -0.004738228266893661,
            -0.023025006731800277,
            0.1548771651521067,
            0.01799355225112756,
            0.16557082522834324,
            0.04741144326227074,
            0.5842832235435611,
            0.3842992715059049,
            -0.0014954915083091411,
            0.1714840615821684,
            0.03825889998499314
        ],
        [
            -0.03741791594966087,
            -0.04191226042829148,
            0.005647106872848152,
            0.027989997798942557,
            -0.006344255495966109,
            0.031141348436797264,
            0.022816941970539656,
            -0.0013225118864684392,
            0.021382363018548935,
            -0.000376388204812803,
            0.07626865458431017,
            0.13597580692305097,
            0.006751438818714502,
            0.12211552739734939,
            0.028537042147086213,
            0.3842992715059049,
            0.27226735028743054,
            -0.0012623027881757893,
            0.06489308305777187,
            0.014103904033898614
        ],
        [
            -0.001536419620645975,
            -0.0008414024184408408,
            0.000176525175547004,
            0.0008702022652038507,
            -0.00023627329989100746,
            0.00022208195538980988,
            -0.0007964872809670242,
            0.0004948363768122475,
            -0.00045334104414146615,
            -0.0004343318854068555,
            -0.0021513140835385186,
            -0.0012320396415267736,
            0.00018143412100895263,
            -0.0013153833639272944,
            -0.0001489493871825255,
            -0.0014954915083091411,
            -0.0012623027881757893,
            1.763957375148606e-05,
            0.000779224306649746,
            0.00018771812015136192
        ],
        [
            -0.018928945290495814,
            -0.016739570278546542,
            0.015826464851185405,
            0.05174593505044129,
            -0.01892522178020967,
            0.03139337641827901,
            -0.040302590722271235,
            0.045124605098274755,
            -0.1745649924366884,
            -0.030757599836281672,
            -0.27884385996614225,
            -0.05557160699595282,
            0.027134163880577405,
            -0.02683254458959086,
            0.01637015912288132,
            0.1714840615821684,
            0.06489308305777187,
            0.000779224306649746,
            0.1970757664665527,
            0.04541181986411999
        ],
        [
            -0.0042798930074402775,
            -0.003263494935488299,
            0.00409647520480098,
            0.014159341933337191,
            -0.004939359009798726,
            0.010955700331086804,
            -0.008238876570791757,
            0.010809170514551497,
            -0.040340412944836,
            -0.007504531065572086,
            -0.06406751420671013,
            -0.012606093652130215,
            0.0067215438435535525,
            -0.009033691346134201,
            0.0034226070139721514,
            0.03825889998499314,
            0.014103904033898614,
            0.00018771812015136192,
            0.04541181986411999,
            0.01049620824054073
        ]
    ]
}