{
    "opt_E": -2.1820415073635315,
    "HF_E": -2.153218924898501,
    "B3LYP_E": -2.155011301455485,
    "sto-3G_E": -2.1423781040610783,
    "proj": [
        [
            0.5142386707465206,
            0.3260869461086335,
            -0.01355238241916247,
            -0.17114387806545653,
            -0.03965401085540456,
            0.07746579783213467,
            0.18513955445752087,
            -0.02125157913285932,
            -0.24941113811458593,
            -0.06452546805108096,
            0.04542899274755157,
            0.03377855462512812,
            0.0005235588030194272,
            0.021967175531643367,
            -0.0007984700805431408,
            0.0037804140175733136,
            -0.031161390941075198,
            -0.0004085219189102897,
            -0.025213736357779973,
            0.0031729260884093232
        ],
        [
            0.3260869461086335,
            0.21486739418538928,
            -0.005826893379945701,
            -0.07439353081527299,
            -0.016940439819464043,
            0.10079471709119485,
            0.13280469290147817,
            -0.012100897117666135,
            -0.14379326769263845,
            -0.036417963925010885,
            0.04360940062149451,
            0.02505985831865074,
            -0.0013121773741282033,
            -0.02939103320268241,
            -0.0013355089208099752,
            -0.029919186723302172,
            -0.036430443235402274,
            -0.0005667059393390516,
            -0.030590891062481335,
            0.0031517812003085278
        ],
        [
            -0.01355238241916247,
            -0.005826893379945701,
            0.002062248992870327,
            0.025487447560486258,
            0.006104066588592716,
            0.02708113299242449,
            0.0017172967442808506,
            0.000892671893354871,
            0.005824881509871367,
            0.0034108231430827404,
            -0.0060033574112115465,
            0.002956177505901035,
            -0.0009968343922566948,
            -0.01566895540220365,
            -0.002711019339990419,
            0.002780601467646189,
            0.0024297858921302953,
            0.00010504695860550243,
            0.007585146332734362,
            -0.0009950991096725511
        ],
        [
            -0.17114387806545653,
            -0.07439353081527299,
            0.025487447560486258,
            0.3150872634781475,
            0.07542674670786612,
            0.3333422313133474,
            0.020736632087726085,
            0.011290043014110709,
            0.07628657234445202,
            0.042750713220353516,
            -0.06911573608959375,
            0.038500230193251085,
            -0.012216598078875054,
            -0.19234043060503478,
            -0.03316449006405802,
            0.03623781808500927,
            0.03226970737118656,
            0.0012593863205519714,
            0.09120608856408557,
            -0.012008240930558611
        ],
        [
            -0.03965401085540456,
            -0.016940439819464043,
            0.006104066588592716,
            0.07542674670786612,
            0.01806974948098967,
            0.08029543121390154,
            0.005091867796017425,
            0.0026054418041481123,
            0.01661040254793132,
            0.01001301362132321,
            -0.01862633051078446,
            0.008355354206495016,
            -0.002966670622481565,
            -0.04664297035338639,
            -0.008065546268061215,
            0.007751789949518688,
            0.006724127872656935,
            0.00031635888974304593,
            0.02281704290147091,
            -0.002988062249877931
        ],
        [
            0.07746579783213467,
            0.10079471709119485,
            0.02708113299242449,
            0.3333422313133474,
            0.08029543121390154,
            0.5244431304110491,
            0.16112166135164482,
            0.0049329025539599,
            -0.0025999103235058575,
            0.02422389261697404,
            0.01498232971515356,
            0.10171852359808871,
            -0.01604637984694226,
            -0.26247807772362475,
            -0.041132724596851813,
            0.045585587061895236,
            0.03479933268020271,
            0.0006441584711603513,
            0.059805245154431697,
            -0.00920668669941732
        ],
        [
            0.18513955445752087,
            0.13280469290147817,
            0.0017172967442808506,
            0.020736632087726085,
            0.005091867796017425,
            0.16112166135164482,
            0.12033160282104442,
            -0.0031474469189084007,
            -0.02972639816498004,
            -0.010467327533888252,
            0.12027460946555617,
            0.0744110286737795,
            -0.002600035109709692,
            -0.0526840596614725,
            -0.004318816421200414,
            0.025465412064596488,
            0.022881532763710632,
            -0.0008892923402512106,
            -0.05013986229647219,
            0.005010921854332773
        ],
        [
            -0.02125157913285932,
            -0.012100897117666135,
            0.000892671893354871,
            0.011290043014110709,
            0.0026054418041481123,
            0.0049329025539599,
            -0.0031474469189084007,
            0.001342274770204534,
            0.01789158080799403,
            0.003776369888962598,
            0.011410130186921283,
            0.0036530873406988114,
            -0.00012060661233997826,
            -0.006060355763926567,
            0.0005132776627052062,
            -0.0022614625976471216,
            0.002251010779901314,
            -0.00012042321863494726,
            -0.006895515669387748,
            0.0006826176943411231
        ],
        [
            -0.24941113811458593,
            -0.14379326769263845,
            0.005824881509871367,
            0.07628657234445202,
            0.01661040254793132,
            -0.0025999103235058575,
            -0.02972639816498004,
            0.01789158080799403,
            0.27120333909214894,
            0.04554466888316152,
            0.2579012003870397,
            0.06895086848537758,
            0.002053392707489723,
            -0.042198071872339156,
            0.020726858497153878,
            -0.04454649454588087,
            0.03369124054517815,
            -0.002814819620981165,
            -0.1686007784217788,
            0.017887574496234335
        ],
        [
            -0.06452546805108096,
            -0.036417963925010885,
            0.0034108231430827404,
            0.042750713220353516,
            0.01001301362132321,
            0.02422389261697404,
            -0.010467327533888252,
            0.003776369888962598,
            0.04554466888316152,
            0.011326573891273894,
            0.01675682534157333,
            0.007359096771992567,
            -0.0008843045668055475,
            -0.02294724446956225,
            -0.0005907496312582654,
            -0.004449484063829589,
            0.005683728814466358,
            -0.0001641287980528472,
            -0.008295860363975855,
            0.0006447274987601878
        ],
        [
            0.04542899274755157,
            0.04360940062149451,
            -0.0060033574112115465,
            -0.06911573608959375,
            -0.01862633051078446,
            0.01498232971515356,
            0.12027460946555617,
            0.011410130186921283,
            0.2579012003870397,
            0.01675682534157333,
            0.5522707299468198,
            0.1902328688284364,
            0.007065043136689353,
            0.020751762087626333,
            0.03799686932593556,
            0.018732208911699143,
            0.09574602710813387,
            -0.005328907973866745,
            -0.32797317019068234,
            0.03608208559471003
        ],
        [
            0.03377855462512812,
            0.02505985831865074,
            0.002956177505901035,
            0.038500230193251085,
            0.008355354206495016,
            0.10171852359808871,
            0.0744110286737795,
            0.0036530873406988114,
            0.06895086848537758,
            0.007359096771992567,
            0.1902328688284364,
            0.12980887660442036,
            0.00033859506939017575,
            0.03258858824853695,
            -0.00459345542405497,
            0.17467824281027738,
            0.13780789879838706,
            -0.000646957425459474,
            -0.04602387742091732,
            0.005426520927448134
        ],
        [
            0.0005235588030194272,
            -0.0013121773741282033,
            -0.0009968343922566948,
            -0.012216598078875054,
            -0.002966670622481565,
            -0.01604637984694226,
            -0.002600035109709692,
            -0.00012060661233997826,
            0.002053392707489723,
            -0.0008843045668055475,
            0.007065043136689353,
            0.00033859506939017575,
            0.0006207742914629728,
            0.01007422776721769,
            0.0016150649527933323,
            0.001846415572828423,
            0.0019013377317637766,
            -7.326934659909367e-05,
            -0.005335040876381332,
            0.0006878432346693056
        ],
        [
            0.021967175531643367,
            -0.02939103320268241,
            -0.01566895540220365,
            -0.19234043060503478,
            -0.04664297035338639,
            -0.26247807772362475,
            -0.0526840596614725,
            -0.006060355763926567,
            -0.042198071872339156,
            -0.02294724446956225,
            0.020751762087626333,
            0.03258858824853695,
            0.01007422776721769,
            0.2557331078544607,
            0.00715428599394562,
            0.23039339665612804,
            0.13918549993949958,
            0.00104400983583557,
            0.038141586025797904,
            -0.001456809283894727
        ],
        [
            -0.0007984700805431408,
            -0.0013355089208099752,
            -0.002711019339990419,
            -0.03316449006405802,
            -0.008065546268061215,
            -0.041132724596851813,
            -0.004318816421200414,
            0.0005132776627052062,
            0.020726858497153878,
            -0.0005907496312582654,
            0.03799686932593556,
            -0.00459345542405497,
            0.0016150649527933323,
            0.00715428599394562,
            0.00813928422309789,
            -0.03654969025327033,
            -0.01741326653935252,
            -0.0006536353379069481,
            -0.039748545232222376,
            0.004408039510095588
        ],
        [
            0.0037804140175733136,
            -0.029919186723302172,
            0.002780601467646189,
            0.03623781808500927,
            0.007751789949518688,
            0.045585587061895236,
            0.025465412064596488,
            -0.0022614625976471216,
            -0.04454649454588087,
            -0.004449484063829589,
            0.018732208911699143,
            0.17467824281027738,
            0.001846415572828423,
            0.23039339665612804,
            -0.03654969025327033,
            0.5552875779069923,
            0.3481261901364669,
            0.003482334406969429,
            0.18201048106960574,
            -0.017361484160060458
        ],
        [
            -0.031161390941075198,
            -0.036430443235402274,
            0.0024297858921302953,
            0.03226970737118656,
            0.006724127872656935,
            0.03479933268020271,
            0.022881532763710632,
            0.002251010779901314,
            0.03369124054517815,
            0.005683728814466358,
            0.09574602710813387,
            0.13780789879838706,
            0.0019013377317637766,
            0.13918549993949958,
            -0.01741326653935252,
            0.3481261901364669,
            0.2344484392122584,
            0.0013624156910716674,
            0.06421055683714076,
            -0.005497513304935465
        ],
        [
            -0.0004085219189102897,
            -0.0005667059393390516,
            0.00010504695860550243,
            0.0012593863205519714,
            0.00031635888974304593,
            0.0006441584711603513,
            -0.0008892923402512106,
            -0.00012042321863494726,
            -0.002814819620981165,
            -0.0001641287980528472,
            -0.005328907973866745,
            -0.000646957425459474,
            -7.326934659909367e-05,
            0.00104400983583557,
            -0.0006536353379069481,
            0.003482334406969429,
            0.0013624156910716674,
            7.608091662020696e-05,
            0.0044909441153489745,
            -0.000479263629166097
        ],
        [
            -0.025213736357779973,
            -0.030590891062481335,
            0.007585146332734362,
            0.09120608856408557,
            0.02281704290147091,
            0.059805245154431697,
            -0.05013986229647219,
            -0.006895515669387748,
            -0.1686007784217788,
            -0.008295860363975855,
            -0.32797317019068234,
            -0.04602387742091732,
            -0.005335040876381332,
            0.038141586025797904,
            -0.039748545232222376,
            0.18201048106960574,
            0.06421055683714076,
            0.0044909441153489745,
            0.2675133147359379,
            -0.028804016331098945
        ],
        [
            0.0031729260884093232,
            0.0031517812003085278,
            -0.0009950991096725511,
            -0.012008240930558611,
            -0.002988062249877931,
            -0.00920668669941732,
            0.005010921854332773,
            0.0006826176943411231,
            0.017887574496234335,
            0.0006447274987601878,
            0.03608208559471003,
            0.005426520927448134,
            0.0006878432346693056,
            -0.001456809283894727,
            0.004408039510095588,
            -0.017361484160060458,
            -0.005497513304935465,
            -0.000479263629166097,
            -0.028804016331098945,
            0.003129566438290566
        ]
    ]
}