{
    "opt_E": -2.1706572308128744,
    "HF_E": -2.139060322947949,
    "B3LYP_E": -2.1414270261199473,
    "sto-3G_E": -2.118440675286738,
    "proj": [
        [
            0.5878417947533171,
            0.3827756143260749,
            -0.008289489788337339,
            -0.1634539544933976,
            0.041527481199896465,
            -0.02950945588947476,
            0.15685083936857386,
            -0.007751053828643652,
            -0.16628067860343065,
            0.07581372111903235,
            0.033459435014266466,
            0.021963624631362973,
            -0.001020819060819962,
            0.07039905928577952,
            0.007636351405874766,
            -0.0005236442801008863,
            -0.028082706076032266,
            0.00985679380704435,
            -0.02862899411583699,
            -0.001772631829041867
        ],
        [
            0.3827756143260749,
            0.26993950171379827,
            -0.00312675235538226,
            -0.05955253188784509,
            0.013571365271544723,
            0.07712512573355249,
            0.1394107191824995,
            -0.004245621635168337,
            -0.11853623626232024,
            0.04022747879588058,
            0.028591599519809,
            0.023344019954291365,
            0.0008814102497545364,
            -0.02455238879554736,
            -0.003312807496052822,
            -0.03645969835168984,
            -0.040190214998762915,
            0.007624722997207659,
            -0.02758509568601464,
            -0.001776011988228561
        ],
        [
            -0.008289489788337339,
            -0.00312675235538226,
            0.000441629352984187,
            0.008842642815208848,
            -0.002526486325479422,
            0.012981829576672778,
            0.002184360457211589,
            5.785266247721735e-05,
            -0.002087849621395799,
            -0.002582156928121269,
            -0.003463052528420442,
            0.001280859594595234,
            -0.0010699222300909771,
            -0.007962137920076358,
            -0.0009221341417100483,
            0.00020866692629590243,
            0.00017288932173060696,
            -0.0012708038317495007,
            0.003627598726872811,
            0.00040671387231542726
        ],
        [
            -0.1634539544933976,
            -0.05955253188784509,
            0.008842642815208848,
            0.18014726559750105,
            -0.05121904902405841,
            0.27457656385256085,
            0.055322559007797006,
            0.0021541818323884796,
            -0.024280821606273383,
            -0.04930911715447118,
            -0.03283089459247983,
            0.04295916451395602,
            -0.020937371673528514,
            -0.15830852817535582,
            -0.018923054481036632,
            0.020976504833594343,
            0.018094119405467856,
            -0.020445226267448668,
            0.05691734748596015,
            0.006639065932523867
        ],
        [
            0.041527481199896465,
            0.013571365271544723,
            -0.002526486325479422,
            -0.05121904902405841,
            0.014674688472971058,
            -0.07952999052103901,
            -0.01702321496043082,
            -0.0003828352673680287,
            0.012142231579703806,
            0.014010945430739002,
            0.014166083144476161,
            -0.011902760366784771,
            0.0069602011853111215,
            0.044648049468129336,
            0.005302054572109711,
            -0.0077957775807648635,
            -0.0054680406334373525,
            0.0070170150799597295,
            -0.02011323181484586,
            -0.002312079366292987
        ],
        [
            -0.02950945588947476,
            0.07712512573355249,
            0.012981829576672778,
            0.27457656385256085,
            -0.07952999052103901,
            0.5486525463178777,
            0.20964707859955067,
            0.003502051298449267,
            -0.07103810769907312,
            -0.052169798149053336,
            0.053059252856102454,
            0.12796349808090327,
            -0.03231368773759899,
            -0.2837157635697594,
            -0.03555375971328814,
            0.04659680665231476,
            0.03684819641282511,
            -0.01655851644389756,
            0.03692000009136872,
            0.006049361011528944
        ],
        [
            0.15685083936857386,
            0.1394107191824995,
            0.002184360457211589,
            0.055322559007797006,
            -0.01702321496043082,
            0.20964707859955067,
            0.13825064675025192,
            0.0011994701227226485,
            -0.03280898719490041,
            0.007668356655603158,
            0.10100961786208147,
            0.08008650845558102,
            -0.007600758684770892,
            -0.0834433096310631,
            -0.011801896900023166,
            0.03337500212886084,
            0.024154938325006727,
            0.00880689926824649,
            -0.03316731986122103,
            -0.002129833659656006
        ],
        [
            -0.007751053828643652,
            -0.004245621635168337,
            5.785266247721735e-05,
            0.0021541818323884796,
            -0.0003828352673680287,
            0.003502051298449267,
            0.0011994701227226485,
            0.0005941095147407127,
            0.011599640133221935,
            9.653754029431588e-05,
            0.014814691041986525,
            0.003687567079698071,
            0.0019587881842268876,
            -0.0032160964158505544,
            -0.000536804534502082,
            -0.0021161195577027044,
            0.0008040573526194279,
            0.003027684334717877,
            -0.009984966335589467,
            -0.0010322475278998096
        ],
        [
            -0.16628067860343065,
            -0.11853623626232024,
            -0.002087849621395799,
            -0.024280821606273383,
            0.012142231579703806,
            -0.07103810769907312,
            -0.03280898719490041,
            0.011599640133221935,
            0.26419158942836796,
            0.014668256202209505,
            0.29796916608673313,
            0.04914166551562024,
            0.04661899136949305,
            0.015248183660324939,
            -0.0011149775459470045,
            -0.03766350186544326,
            0.019838882145686673,
            0.06609860304188618,
            -0.21256379333203468,
            -0.02254477985966023
        ],
        [
            0.07581372111903235,
            0.04022747879588058,
            -0.002582156928121269,
            -0.04930911715447118,
            0.014010945430739002,
            -0.052169798149053336,
            0.007668356655603158,
            9.653754029431588e-05,
            0.014668256202209505,
            0.018529972994404113,
            0.0467766753295241,
            0.006617946859261096,
            0.006583654828695096,
            0.039643027365200235,
            0.004152868287302437,
            0.005147253998182682,
            0.004580695540074026,
            0.011219988280228884,
            -0.0337790224258634,
            -0.003495493311051891
        ],
        [
            0.033459435014266466,
            0.028591599519809,
            -0.003463052528420442,
            -0.03283089459247983,
            0.014166083144476161,
            0.053059252856102454,
            0.10100961786208147,
            0.014814691041986525,
            0.29796916608673313,
            0.0467766753295241,
            0.5109191873150207,
            0.1627513111928699,
            0.045438181914022165,
            0.016374820543479277,
            -0.004603936380325509,
            0.05889678744912704,
            0.09432822539950426,
            0.0944318179728603,
            -0.3022940317553301,
            -0.030564553378849817
        ],
        [
            0.021963624631362973,
            0.023344019954291365,
            0.001280859594595234,
            0.04295916451395602,
            -0.011902760366784771,
            0.12796349808090327,
            0.08008650845558102,
            0.003687567079698071,
            0.04914166551562024,
            0.006617946859261096,
            0.1627513111928699,
            0.11953285518453306,
            -0.01929090021820606,
            0.020504892880659514,
            -0.0011929166243742424,
            0.1791724760619548,
            0.1300916157672061,
            0.008944057933111075,
            -0.02402318779165077,
            -0.001442559400772829
        ],
        [
            -0.001020819060819962,
            0.0008814102497545364,
            -0.0010699222300909771,
            -0.020937371673528514,
            0.0069602011853111215,
            -0.03231368773759899,
            -0.007600758684770892,
            0.0019587881842268876,
            0.04661899136949305,
            0.006583654828695096,
            0.045438181914022165,
            -0.01929090021820606,
            0.02185025071174268,
            -0.021806324014087417,
            -0.0023330241584587717,
            -0.08657990581120344,
            -0.04901460370677941,
            0.019427084763085547,
            -0.06570112188524188,
            -0.007091648985704606
        ],
        [
            0.07039905928577952,
            -0.02455238879554736,
            -0.007962137920076358,
            -0.15830852817535582,
            0.044648049468129336,
            -0.2837157635697594,
            -0.0834433096310631,
            -0.0032160964158505544,
            0.015248183660324939,
            0.039643027365200235,
            0.016374820543479277,
            0.020504892880659514,
            -0.021806324014087417,
            0.27198035329379117,
            0.0305863631287862,
            0.227273818542671,
            0.14081916555120041,
            -0.008574686202936272,
            0.04878744824625322,
            0.004596282176512182
        ],
        [
            0.007636351405874766,
            -0.003312807496052822,
            -0.0009221341417100483,
            -0.018923054481036632,
            0.005302054572109711,
            -0.03555375971328814,
            -0.011801896900023166,
            -0.000536804534502082,
            -0.0011149775459470045,
            0.004152868287302437,
            -0.004603936380325509,
            -0.0011929166243742424,
            -0.0023330241584587717,
            0.0305863631287862,
            0.0035530396216613427,
            0.021731443413551804,
            0.012703550443548534,
            -0.0017137964415933874,
            0.007826512389539644,
            0.0007317841529200053
        ],
        [
            -0.0005236442801008863,
            -0.03645969835168984,
            0.00020866692629590243,
            0.020976504833594343,
            -0.0077957775807648635,
            0.04659680665231476,
            0.03337500212886084,
            -0.0021161195577027044,
            -0.03766350186544326,
            0.005147253998182682,
            0.05889678744912704,
            0.1791724760619548,
            -0.08657990581120344,
            0.227273818542671,
            0.021731443413551804,
            0.5312502500367087,
            0.34026666830049507,
            -0.045252635727786136,
            0.17050984848080025,
            0.019031416420831605
        ],
        [
            -0.028082706076032266,
            -0.040190214998762915,
            0.00017288932173060696,
            0.018094119405467856,
            -0.0054680406334373525,
            0.03684819641282511,
            0.024154938325006727,
            0.0008040573526194279,
            0.019838882145686673,
            0.004580695540074026,
            0.09432822539950426,
            0.1300916157672061,
            -0.04901460370677941,
            0.14081916555120041,
            0.012703550443548534,
            0.34026666830049507,
            0.22598914068295484,
            -0.017990988659834565,
            0.0735361924908953,
            0.008498538507305057
        ],
        [
            0.00985679380704435,
            0.007624722997207659,
            -0.0012708038317495007,
            -0.020445226267448668,
            0.0070170150799597295,
            -0.01655851644389756,
            0.00880689926824649,
            0.003027684334717877,
            0.06609860304188618,
            0.011219988280228884,
            0.0944318179728603,
            0.008944057933111075,
            0.019427084763085547,
            -0.008574686202936272,
            -0.0017137964415933874,
            -0.045252635727786136,
            -0.017990988659834565,
            0.024367540909134993,
            -0.08000675127438232,
            -0.008365926977470187
        ],
        [
            -0.02862899411583699,
            -0.02758509568601464,
            0.003627598726872811,
            0.05691734748596015,
            -0.02011323181484586,
            0.03692000009136872,
            -0.03316731986122103,
            -0.009984966335589467,
            -0.21256379333203468,
            -0.0337790224258634,
            -0.3022940317553301,
            -0.02402318779165077,
            -0.06570112188524188,
            0.04878744824625322,
            0.007826512389539644,
            0.17050984848080025,
            0.0735361924908953,
            -0.08000675127438232,
            0.2643902237370965,
            0.027636616313583707
        ],
        [
            -0.001772631829041867,
            -0.001776011988228561,
            0.00040671387231542726,
            0.006639065932523867,
            -0.002312079366292987,
            0.006049361011528944,
            -0.002129833659656006,
            -0.0010322475278998096,
            -0.02254477985966023,
            -0.003495493311051891,
            -0.030564553378849817,
            -0.001442559400772829,
            -0.007091648985704606,
            0.004596282176512182,
            0.0007317841529200053,
            0.019031416420831605,
            0.008498538507305057,
            -0.008365926977470187,
            0.027636616313583707,
            0.002903413611142217
        ]
    ]
}