{
    "opt_E": -2.177274272908035,
    "HF_E": -2.1450174545507052,
    "B3LYP_E": -2.1476881153186063,
    "sto-3G_E": -2.120875706417728,
    "proj": [
        [
            0.5727988233324665,
            0.36656130939997117,
            0.02933399283695509,
            -0.17552498278958575,
            -0.004831125947745331,
            -0.0006770021171976775,
            0.16348934853997413,
            0.060010549431105606,
            -0.1977653706391361,
            -0.027013022817136762,
            0.043121084892559516,
            0.026297682441535006,
            0.006244083434281838,
            0.0632048227644393,
            -0.0006798342203864915,
            -0.0009679163762359094,
            -0.034503663238421745,
            0.0012508712410173781,
            -0.023783787053134508,
            -0.011179861672992206
        ],
        [
            0.36656130939997117,
            0.252150113774667,
            0.008772660143820868,
            -0.06198129754269825,
            -0.0003252590660820086,
            0.0896313237399477,
            0.13363636655424532,
            0.030414848234554794,
            -0.13673186851002725,
            -0.012471085763825971,
            0.025040163627289887,
            0.023152011072851482,
            -0.002597113958810265,
            -0.02348017916264427,
            0.0064642139859400925,
            -0.029973690441320092,
            -0.041632763210961675,
            0.0005528966842395454,
            -0.014064906301128452,
            -0.004809842045099501
        ],
        [
            0.02933399283695509,
            0.008772660143820868,
            0.008043951820001097,
            -0.04165113795872638,
            -0.00202027479934806,
            -0.0575992017597718,
            -0.010191268260943088,
            0.00858675687610579,
            0.0014358559586449527,
            -0.005296484381839571,
            0.00915641607118986,
            -0.00732975287738303,
            0.0050062580393008425,
            0.03708386897142416,
            -0.008522530609562982,
            -0.0038756258238462865,
            -0.0032627329478758303,
            0.00024150501915942745,
            -0.01084269691228681,
            -0.004874968527993066
        ],
        [
            -0.17552498278958575,
            -0.06198129754269825,
            -0.04165113795872638,
            0.2173205967288591,
            0.0104184466606573,
            0.29102660932476915,
            0.04601954580281636,
            -0.0448661826208009,
            0.011524351292269662,
            0.026240478447667262,
            -0.03258225721000709,
            0.040039458565576086,
            -0.025020500967677443,
            -0.18899104675024134,
            0.040702573043614396,
            0.016226905004135653,
            0.018381849287604543,
            -0.001167541679891589,
            0.04690198170456647,
            0.021958890852580137
        ],
        [
            -0.004831125947745331,
            -0.0003252590660820086,
            -0.00202027479934806,
            0.0104184466606573,
            0.0005378759060088953,
            0.01626584271971291,
            0.00433441696333273,
            -0.0017941567129427284,
            0.00018479502853058018,
            0.00098566014624406,
            0.0007375808154503871,
            0.00317481654280795,
            -0.0012709135131493147,
            -0.009684086870823748,
            0.002000766767001147,
            0.0008344691696066374,
            0.0010301923170038627,
            -3.846146324454129e-05,
            0.0012756321566202385,
            0.000718564718525979
        ],
        [
            -0.0006770021171976775,
            0.0896313237399477,
            -0.0575992017597718,
            0.29102660932476915,
            0.01626584271971291,
            0.5326646634985757,
            0.19029643609058305,
            -0.04040678575636945,
            -0.03634002652296408,
            0.02249787958562308,
            0.05707659558069899,
            0.11849279315489801,
            -0.03922567881228848,
            -0.296105756255177,
            0.0629978794112472,
            0.027990599078658803,
            0.028183658517374352,
            -0.0007608842278262628,
            0.02467938736928963,
            0.016617203653722094
        ],
        [
            0.16348934853997413,
            0.13363636655424532,
            -0.010191268260943088,
            0.04601954580281636,
            0.00433441696333273,
            0.19029643609058305,
            0.1286210931364767,
            0.010132077654498159,
            -0.023209905210482776,
            -0.00888482662369207,
            0.11640740747140887,
            0.083305910980107,
            -0.009710948752665675,
            -0.06730222218033156,
            0.01542927457335152,
            0.029554372652023805,
            0.026441651039066188,
            0.0007153788068766459,
            -0.03556295096582759,
            -0.011243276675271648
        ],
        [
            0.060010549431105606,
            0.030414848234554794,
            0.00858675687610579,
            -0.0448661826208009,
            -0.0017941567129427284,
            -0.04040678575636945,
            0.010132077654498159,
            0.013517391747369593,
            0.009213215556387338,
            -0.009855434869488219,
            0.04754948776461935,
            0.009671142655707305,
            0.00519646898131794,
            0.036937206912827106,
            -0.010377321947812842,
            -0.0016633581246936222,
            0.0020972848910770048,
            0.0005357926399948633,
            -0.028540059953814048,
            -0.011203357724078888
        ],
        [
            -0.1977653706391361,
            -0.13673186851002725,
            0.0014358559586449527,
            0.011524351292269662,
            0.00018479502853058018,
            -0.03634002652296408,
            -0.023209905210482776,
            0.009213215556387338,
            0.25396386195767573,
            -0.027696508467953337,
            0.2911071656770093,
            0.06952389513249879,
            0.01162357434134964,
            0.028961634521552267,
            -0.04960877470372692,
            -0.05882192126833947,
            0.02133085968664561,
            0.0018394869458249836,
            -0.16832019695321057,
            -0.0595929931831823
        ],
        [
            -0.027013022817136762,
            -0.012471085763825971,
            -0.005296484381839571,
            0.026240478447667262,
            0.00098566014624406,
            0.02249787958562308,
            -0.00888482662369207,
            -0.009855434869488219,
            -0.027696508467953337,
            0.009120610744782199,
            -0.06024855301998971,
            -0.014326735823457932,
            -0.0040657113543700095,
            -0.022799540531624127,
            0.010991186234835928,
            0.008478369714747087,
            -0.0019956420910911456,
            -0.0005285751476350053,
            0.035287798898967764,
            0.013100141878833146
        ],
        [
            0.043121084892559516,
            0.025040163627289887,
            0.00915641607118986,
            -0.03258225721000709,
            0.0007375808154503871,
            0.05707659558069899,
            0.11640740747140887,
            0.04754948776461935,
            0.2911071656770093,
            -0.06024855301998971,
            0.5469905030989344,
            0.19013057101345937,
            0.01434420456048823,
            0.05656951435168651,
            -0.05880903931164528,
            -0.008250072758677852,
            0.07796292276542735,
            0.003939351500142897,
            -0.27843313085002086,
            -0.10008001855340808
        ],
        [
            0.026297682441535006,
            0.023152011072851482,
            -0.00732975287738303,
            0.040039458565576086,
            0.00317481654280795,
            0.11849279315489801,
            0.083305910980107,
            0.009671142655707305,
            0.06952389513249879,
            -0.014326735823457932,
            0.19013057101345937,
            0.13071260757435108,
            -0.004656349301037405,
            0.020760694730578216,
            0.017316629148176874,
            0.164441642750123,
            0.13629358308638276,
            0.0013111729643987525,
            -0.04262604719702479,
            -0.016781491619422637
        ],
        [
            0.006244083434281838,
            -0.002597113958810265,
            0.0050062580393008425,
            -0.025020500967677443,
            -0.0012709135131493147,
            -0.03922567881228848,
            -0.009710948752665675,
            0.00519646898131794,
            0.01162357434134964,
            -0.0040657113543700095,
            0.01434420456048823,
            -0.004656349301037405,
            0.0036612674984318407,
            0.022690331752610843,
            -0.007988818088107922,
            -0.00991620912098782,
            -0.004744703771880313,
            0.0001950813671893452,
            -0.013502047678538028,
            -0.005341499708533166
        ],
        [
            0.0632048227644393,
            -0.02348017916264427,
            0.03708386897142416,
            -0.18899104675024134,
            -0.009684086870823748,
            -0.296105756255177,
            -0.06730222218033156,
            0.036937206912827106,
            0.028961634521552267,
            -0.022799540531624127,
            0.05656951435168651,
            0.020760694730578216,
            0.022690331752610843,
            0.253963013330857,
            -0.014861788963171424,
            0.18183932447862475,
            0.12342938435473065,
            0.0013443229981280585,
            -0.005440443015022638,
            -0.0101618282779602
        ],
        [
            -0.0006798342203864915,
            0.0064642139859400925,
            -0.008522530609562982,
            0.040702573043614396,
            0.002000766767001147,
            0.0629978794112472,
            0.01542927457335152,
            -0.010377321947812842,
            -0.04960877470372692,
            0.010991186234835928,
            -0.05880903931164528,
            0.017316629148176874,
            -0.007988818088107922,
            -0.014861788963171424,
            0.028742024137392484,
            0.09186743612109619,
            0.05117355032521008,
            -0.000493672686762596,
            0.06073797097803759,
            0.021289655336683252
        ],
        [
            -0.0009679163762359094,
            -0.029973690441320092,
            -0.0038756258238462865,
            0.016226905004135653,
            0.0008344691696066374,
            0.027990599078658803,
            0.029554372652023805,
            -0.0016633581246936222,
            -0.05882192126833947,
            0.008478369714747087,
            -0.008250072758677852,
            0.164441642750123,
            -0.00991620912098782,
            0.18183932447862475,
            0.09186743612109619,
            0.5730352562021168,
            0.37507395731694687,
            0.0003751403671619607,
            0.16283081888802176,
            0.04887490468341378
        ],
        [
            -0.034503663238421745,
            -0.041632763210961675,
            -0.0032627329478758303,
            0.018381849287604543,
            0.0010301923170038627,
            0.028183658517374352,
            0.026441651039066188,
            0.0020972848910770048,
            0.02133085968664561,
            -0.0019956420910911456,
            0.07796292276542735,
            0.13629358308638276,
            -0.004744703771880313,
            0.12342938435473065,
            0.05117355032521008,
            0.37507395731694687,
            0.26108139764577765,
            0.0007784064757804222,
            0.0646812047236667,
            0.017108278301293488
        ],
        [
            0.0012508712410173781,
            0.0005528966842395454,
            0.00024150501915942745,
            -0.001167541679891589,
            -3.846146324454129e-05,
            -0.0007608842278262628,
            0.0007153788068766459,
            0.0005357926399948633,
            0.0018394869458249836,
            -0.0005285751476350053,
            0.003939351500142897,
            0.0013111729643987525,
            0.0001950813671893452,
            0.0013443229981280585,
            -0.000493672686762596,
            0.0003751403671619607,
            0.0007784064757804222,
            3.292895993394262e-05,
            -0.001991000085846485,
            -0.0007458473859878352
        ],
        [
            -0.023783787053134508,
            -0.014064906301128452,
            -0.01084269691228681,
            0.04690198170456647,
            0.0012756321566202385,
            0.02467938736928963,
            -0.03556295096582759,
            -0.028540059953814048,
            -0.16832019695321057,
            0.035287798898967764,
            -0.27843313085002086,
            -0.04262604719702479,
            -0.013502047678538028,
            -0.005440443015022638,
            0.06073797097803759,
            0.16283081888802176,
            0.0646812047236667,
            -0.001991000085846485,
            0.1896397695896718,
            0.06621412956343065
        ],
        [
            -0.011179861672992206,
            -0.004809842045099501,
            -0.004874968527993066,
            0.021958890852580137,
            0.000718564718525979,
            0.016617203653722094,
            -0.011243276675271648,
            -0.011203357724078888,
            -0.0595929931831823,
            0.013100141878833146,
            -0.10008001855340808,
            -0.016781491619422637,
            -0.005341499708533166,
            -0.0101618282779602,
            0.021289655336683252,
            0.04887490468341378,
            0.017108278301293488,
            -0.0007458473859878352,
            0.06621412956343065,
            0.023402249315651432
        ]
    ]
}