{
    "opt_E": -2.193748008010715,
    "HF_E": -2.1632660413199196,
    "B3LYP_E": -2.16503020803245,
    "sto-3G_E": -2.14558988648338,
    "proj": [
        [
            0.5586426345599306,
            0.3453540925897159,
            -0.06297690715000702,
            -0.16872127391392638,
            0.004599309140216071,
            0.021842709859974455,
            0.17045077220330246,
            -0.1131637059041815,
            -0.21917452454351524,
            0.007229582483057527,
            0.02836319583754747,
            0.03552301654905555,
            -0.00916818314064884,
            0.03240339605019645,
            -0.0030748090101780146,
            -0.0031041296166673233,
            -0.030679894356176636,
            -0.006521154960921578,
            -0.013958028475737514,
            0.0036134496993685556
        ],
        [
            0.3453540925897159,
            0.22966661094783838,
            -0.01839970388110647,
            -0.055884360021930986,
            0.001390749689493712,
            0.10262677423719567,
            0.1349357417759459,
            -0.05669805789114134,
            -0.13161296764865385,
            0.004595891717550227,
            0.02426012061698377,
            0.030184407462204216,
            0.004006215815105355,
            -0.03431067996535323,
            0.00033291817343807876,
            -0.028569516775011586,
            -0.03352498336185514,
            -0.004070438234020894,
            -0.015222113372449882,
            0.002780612203626708
        ],
        [
            -0.06297690715000702,
            -0.01839970388110647,
            0.03949377947546839,
            0.09201660150776336,
            -0.002716790388845299,
            0.12834288258810003,
            0.02065648500323891,
            0.03818095469363183,
            0.009001609662051772,
            -0.0006731332131277724,
            -0.02903435806754481,
            0.010974393316352238,
            0.025969295081827572,
            -0.06259860743456866,
            -0.003039977363228589,
            0.010088865168485082,
            0.007274104018816364,
            0.009785724573699858,
            0.0291718321210403,
            -0.0070693072212848805
        ],
        [
            -0.16872127391392638,
            -0.055884360021930986,
            0.09201660150776336,
            0.21797636944195065,
            -0.006436995743423007,
            0.2964304945737224,
            0.04618489182753317,
            0.0870607951930477,
            0.04849278615605275,
            -0.0018930286763472006,
            -0.031309977568906855,
            0.03342788985953378,
            0.054993251694449685,
            -0.14958697028219944,
            -0.004138645026347706,
            0.015263906372437719,
            0.01853446597515407,
            0.01667035200726157,
            0.04384748814755899,
            -0.011534785322650853
        ],
        [
            0.004599309140216071,
            0.001390749689493712,
            -0.002716790388845299,
            -0.006436995743423007,
            0.0001908918350079605,
            -0.009018024638326499,
            -0.0016310558254002167,
            -0.0024786664043701025,
            -0.001416785158644213,
            5.1957217907059676e-05,
            0.0005531859404988899,
            -0.0012718944470134373,
            -0.0016636318909808185,
            0.004351629511731275,
            0.00014383544576732188,
            -0.0008199804223127491,
            -0.000814511315975691,
            -0.0004705529467272156,
            -0.0012250671084769603,
            0.00032565029184713275
        ],
        [
            0.021842709859974455,
            0.10262677423719567,
            0.12834288258810003,
            0.2964304945737224,
            -0.009018024638326499,
            0.556589225239143,
            0.1946771617511825,
            0.08328083516486477,
            -0.013423278045172047,
            0.0007219470070271346,
            0.017108591141030104,
            0.1021324691957106,
            0.08907533948390864,
            -0.2527133641289129,
            -0.0067747022764706654,
            0.030588998344393353,
            0.02724928873061607,
            0.018258344697344303,
            0.04019517445253163,
            -0.012373762562010476
        ],
        [
            0.17045077220330246,
            0.1349357417759459,
            0.02065648500323891,
            0.04618489182753317,
            -0.0016310558254002167,
            0.1946771617511825,
            0.12941871479212622,
            -0.018428084711280206,
            -0.02943419586560205,
            0.0021808704053089293,
            0.09896541424597048,
            0.0793866415555266,
            0.020555304877026625,
            -0.06455563885909218,
            -0.001100165558473271,
            0.034347997835305684,
            0.028602787254070765,
            -0.006770755290248411,
            -0.031228348545186288,
            0.005437414467316674
        ],
        [
            -0.1131637059041815,
            -0.05669805789114134,
            0.03818095469363183,
            0.0870607951930477,
            -0.0024786664043701025,
            0.08328083516486477,
            -0.018428084711280206,
            0.05114463667365166,
            0.00047344514662134773,
            -0.0012609236972022982,
            -0.09251394269155351,
            -0.020346065190664106,
            0.026473425173838726,
            -0.04811656337101592,
            -0.005018436058529529,
            0.003823381565208835,
            -0.003753377427975027,
            0.017704879746418108,
            0.06044858435209643,
            -0.013316489528665883
        ],
        [
            -0.21917452454351524,
            -0.13161296764865385,
            0.009001609662051772,
            0.04849278615605275,
            -0.001416785158644213,
            -0.013423278045172047,
            -0.02943419586560205,
            0.00047344514662134773,
            0.21831435708566072,
            -0.003165201246387815,
            0.2557048610260783,
            0.060658687431512474,
            -0.03370373298131537,
            -0.02286219315333617,
            0.0187735565181224,
            -0.03289381262670655,
            0.030761437192372454,
            -0.04076995336996104,
            -0.16109514434806746,
            0.03293544945926571
        ],
        [
            0.007229582483057527,
            0.004595891717550227,
            -0.0006731332131277724,
            -0.0018930286763472006,
            5.1957217907059676e-05,
            0.0007219470070271346,
            0.0021808704053089293,
            -0.0012609236972022982,
            -0.003165201246387815,
            9.737258224707869e-05,
            -0.00048313570331326065,
            -6.416556220869868e-05,
            -9.176631512046392e-05,
            -0.00027118901948968685,
            1.790338084295512e-05,
            -0.0011322350583149612,
            -0.0012023989616953487,
            -2.244295270196431e-05,
            -2.7205464607448574e-05,
            5.95021211501441e-06
        ],
        [
            0.02836319583754747,
            0.02426012061698377,
            -0.02903435806754481,
            -0.031309977568906855,
            0.0005531859404988899,
            0.017108591141030104,
            0.09896541424597048,
            -0.09251394269155351,
            0.2557048610260783,
            -0.00048313570331326065,
            0.5567762651806488,
            0.1894871871042816,
            -0.061229157203210816,
            0.009754217242812828,
            0.026762716358001953,
            0.025541762660538404,
            0.09820247737009988,
            -0.08235840137674692,
            -0.31270521277042806,
            0.06480404747200108
        ],
        [
            0.03552301654905555,
            0.030184407462204216,
            0.010974393316352238,
            0.03342788985953378,
            -0.0012718944470134373,
            0.1021324691957106,
            0.0793866415555266,
            -0.020346065190664106,
            0.060658687431512474,
            -6.416556220869868e-05,
            0.1894871871042816,
            0.12914016494000521,
            0.015727545166018684,
            0.030518437902480423,
            -0.008026396237020455,
            0.17412635070363394,
            0.13652268605925388,
            -0.012480595215555512,
            -0.043326495379104525,
            0.00915803737438487
        ],
        [
            -0.00916818314064884,
            0.004006215815105355,
            0.025969295081827572,
            0.054993251694449685,
            -0.0016636318909808185,
            0.08907533948390864,
            0.020555304877026625,
            0.026473425173838726,
            -0.03370373298131537,
            -9.176631512046392e-05,
            -0.061229157203210816,
            0.015727545166018684,
            0.03131047515507444,
            -0.01194567372016189,
            -0.011160034910375994,
            0.07439469122868342,
            0.03896079792763034,
            0.017943862756756985,
            0.06704757100982785,
            -0.0141908987204131
        ],
        [
            0.03240339605019645,
            -0.03431067996535323,
            -0.06259860743456866,
            -0.14958697028219944,
            0.004351629511731275,
            -0.2527133641289129,
            -0.06455563885909218,
            -0.04811656337101592,
            -0.02286219315333617,
            -0.00027118901948968685,
            0.009754217242812828,
            0.030518437902480423,
            -0.01194567372016189,
            0.22057124637183811,
            -0.019444032220573535,
            0.2229189450047033,
            0.13583383201360158,
            0.006651305201600004,
            0.052109703792953585,
            -0.007649602929891201
        ],
        [
            -0.0030748090101780146,
            0.00033291817343807876,
            -0.003039977363228589,
            -0.004138645026347706,
            0.00014383544576732188,
            -0.0067747022764706654,
            -0.001100165558473271,
            -0.005018436058529529,
            0.0187735565181224,
            1.790338084295512e-05,
            0.026762716358001953,
            -0.008026396237020455,
            -0.011160034910375994,
            -0.019444032220573535,
            0.006625018935858851,
            -0.052494689935693305,
            -0.028705194148542397,
            -0.008232954228949312,
            -0.033819620604925466,
            0.00677658715363222
        ],
        [
            -0.0031041296166673233,
            -0.028569516775011586,
            0.010088865168485082,
            0.015263906372437719,
            -0.0008199804223127491,
            0.030588998344393353,
            0.034347997835305684,
            0.003823381565208835,
            -0.03289381262670655,
            -0.0011322350583149612,
            0.025541762660538404,
            0.17412635070363394,
            0.07439469122868342,
            0.2229189450047033,
            -0.052494689935693305,
            0.5499037734027785,
            0.3482944712426566,
            0.038517479473700086,
            0.17398591338798455,
            -0.033402424634380645
        ],
        [
            -0.030679894356176636,
            -0.03352498336185514,
            0.007274104018816364,
            0.01853446597515407,
            -0.000814511315975691,
            0.02724928873061607,
            0.028602787254070765,
            -0.003753377427975027,
            0.030761437192372454,
            -0.0012023989616953487,
            0.09820247737009988,
            0.13652268605925388,
            0.03896079792763034,
            0.13583383201360158,
            -0.028705194148542397,
            0.3482944712426566,
            0.23473952002892676,
            0.012318590448774529,
            0.06311794528421495,
            -0.011513403968314455
        ],
        [
            -0.006521154960921578,
            -0.004070438234020894,
            0.009785724573699858,
            0.01667035200726157,
            -0.0004705529467272156,
            0.018258344697344303,
            -0.006770755290248411,
            0.017704879746418108,
            -0.04076995336996104,
            -2.244295270196431e-05,
            -0.08235840137674692,
            -0.012480595215555512,
            0.017943862756756985,
            0.006651305201600004,
            -0.008232954228949312,
            0.038517479473700086,
            0.012318590448774529,
            0.016072335799331736,
            0.06208208268417869,
            -0.0128051847512496
        ],
        [
            -0.013958028475737514,
            -0.015222113372449882,
            0.0291718321210403,
            0.04384748814755899,
            -0.0012250671084769603,
            0.04019517445253163,
            -0.031228348545186288,
            0.06044858435209643,
            -0.16109514434806746,
            -2.7205464607448574e-05,
            -0.31270521277042806,
            -0.043326495379104525,
            0.06704757100982785,
            0.052109703792953585,
            -0.033819620604925466,
            0.17398591338798455,
            0.06311794528421495,
            0.06208208268417869,
            0.2430953745548136,
            -0.04976321737913162
        ],
        [
            0.0036134496993685556,
            0.002780612203626708,
            -0.0070693072212848805,
            -0.011534785322650853,
            0.00032565029184713275,
            -0.012373762562010476,
            0.005437414467316674,
            -0.013316489528665883,
            0.03293544945926571,
            5.95021211501441e-06,
            0.06480404747200108,
            0.00915803737438487,
            -0.0141908987204131,
            -0.007649602929891201,
            0.00677658715363222,
            -0.033402424634380645,
            -0.011513403968314455,
            -0.0128051847512496,
            -0.04976321737913162,
            0.010231232997699725
        ]
    ]
}