{
    "opt_E": -2.1786350133168177,
    "HF_E": -2.146868280819412,
    "B3LYP_E": -2.149286123687262,
    "sto-3G_E": -2.122121592063476,
    "proj": [
        [
            0.5531487868779205,
            0.35554362913482346,
            0.025719184610517393,
            -0.17448211105071604,
            -0.024196733274269185,
            0.024763269165437835,
            0.1719281689955409,
            0.042420589371608176,
            -0.21708550424353706,
            -0.06475252920788373,
            0.03477506932415109,
            0.03137808037167995,
            0.006192275014832381,
            0.04427702791066114,
            -0.0055632843797808135,
            0.000558527684936306,
            -0.035200482128524585,
            -0.003565302444997506,
            -0.016809221436253498,
            -0.0048636644802993395
        ],
        [
            0.35554362913482346,
            0.24086700129943336,
            0.009517838999740024,
            -0.06888238115459519,
            -0.007047962488904298,
            0.09029507076330998,
            0.13287174253359896,
            0.02315007791269422,
            -0.13876150295249076,
            -0.03361149646810721,
            0.028723281204385897,
            0.025707169606540084,
            0.001731957075394404,
            -0.023201558261808804,
            0.007368955052968038,
            -0.029107410498211802,
            -0.040631072667658356,
            -0.00237359041180396,
            -0.015212312008745602,
            -0.0029300706627887834
        ],
        [
            0.025719184610517393,
            0.009517838999740024,
            0.0062709669709162435,
            -0.03853628283817518,
            -0.007271280484938144,
            -0.04921953708483902,
            -0.005883348175904024,
            0.004759848011058748,
            -0.0020405570392962587,
            -0.011040976937951905,
            0.009808001814047928,
            -0.004607506462741149,
            -0.0003538070171271908,
            0.03059738030480369,
            -0.011424990667661825,
            -0.003772445950000793,
            -0.002996892111493002,
            -0.002348368278486115,
            -0.010774198077094635,
            -0.0025821738810722105
        ],
        [
            -0.17448211105071604,
            -0.06888238115459519,
            -0.03853628283817518,
            0.23920558597955802,
            0.04452499329186586,
            0.30168446631360213,
            0.03641315671557468,
            -0.030030872001013148,
            0.03631672233866888,
            0.06356490303840376,
            -0.029278462250102517,
            0.03732829696943556,
            0.0004497038780027879,
            -0.1861060678492894,
            0.06605462292853749,
            0.01852721615232806,
            0.021770264632597,
            0.011305096208182422,
            0.048763182510986,
            0.01252616953416869
        ],
        [
            -0.024196733274269185,
            -0.007047962488904298,
            -0.007271280484938144,
            0.04452499329186586,
            0.00850339391889169,
            0.06012572431837304,
            0.009508787401440826,
            -0.005226091970067908,
            0.00016589522372790846,
            0.012419224967646135,
            -0.01057290106536815,
            0.006389974433117036,
            0.0004934031518684925,
            -0.03638831461948767,
            0.01372779497466597,
            0.004851767206476332,
            0.003515334464591976,
            0.002734599659257321,
            0.012479231167396819,
            0.002992957909105321
        ],
        [
            0.024763269165437835,
            0.09029507076330998,
            -0.04921953708483902,
            0.30168446631360213,
            0.06012572431837304,
            0.5328962475453595,
            0.17725900932051894,
            -0.02544817231426272,
            -0.021935044746207864,
            0.055668636628447614,
            0.050735715015030554,
            0.10959995095614757,
            0.0010284386764990191,
            -0.28323929958663374,
            0.10004302830745401,
            0.027518760110272093,
            0.027199456374641346,
            0.009511002189803516,
            0.030664353879434066,
            0.0101707063573903
        ],
        [
            0.1719281689955409,
            0.13287174253359896,
            -0.005883348175904024,
            0.03641315671557468,
            0.009508787401440826,
            0.17725900932051894,
            0.12448186361242877,
            0.006136558468756459,
            -0.02328000634968721,
            -0.019347330241313618,
            0.12029546613788171,
            0.0824972139056167,
            -5.678431415842635e-05,
            -0.05648402996430983,
            0.02065856455445449,
            0.02752364031269999,
            0.026188032511259986,
            -0.006056406310851886,
            -0.03900275058669085,
            -0.00714286343510546
        ],
        [
            0.042420589371608176,
            0.02315007791269422,
            0.004759848011058748,
            -0.030030872001013148,
            -0.005226091970067908,
            -0.02544817231426272,
            0.006136558468756459,
            0.004837762457151301,
            -0.011833285523600108,
            -0.009599848559542783,
            0.008767920114272658,
            0.0011743974241019126,
            0.0004368658287753851,
            0.020977336583387476,
            -0.006194937478567473,
            0.003216298114733022,
            0.0002882079371813672,
            -0.0013815887686909687,
            -0.006150668507725835,
            -0.0016169238515582492
        ],
        [
            -0.21708550424353706,
            -0.13876150295249076,
            -0.0020405570392962587,
            0.03631672233866888,
            0.00016589522372790846,
            -0.021935044746207864,
            -0.02328000634968721,
            -0.011833285523600108,
            0.24351857949862266,
            -0.0321830105744228,
            0.275015625102,
            0.07089208541949857,
            -0.017487610094283942,
            0.012807963193462179,
            -0.04058725608239372,
            -0.058282414707033,
            0.02385546734217234,
            -0.028745905540725775,
            -0.1606771792686353,
            -0.030472329236792668
        ],
        [
            -0.06475252920788373,
            -0.03361149646810721,
            -0.011040976937951905,
            0.06356490303840376,
            0.012419224967646135,
            0.055668636628447614,
            -0.019347330241313618,
            -0.009599848559542783,
            -0.0321830105744228,
            0.03430984403701327,
            -0.10366785464320954,
            -0.026302807153292886,
            0.0039278983802134675,
            -0.04949673403850514,
            0.025194485226780985,
            0.011416476497667322,
            -0.004729438168752738,
            0.011775760049182451,
            0.0624185336306169,
            0.012875358027838459
        ],
        [
            0.03477506932415109,
            0.028723281204385897,
            0.009808001814047928,
            -0.029278462250102517,
            -0.01057290106536815,
            0.050735715015030554,
            0.12029546613788171,
            0.008767920114272658,
            0.275015625102,
            -0.10366785464320954,
            0.5516130061161884,
            0.19830839522856247,
            -0.02146853345917129,
            0.05214469059682353,
            -0.05874469435853513,
            -0.01622149570407592,
            0.07932413656919375,
            -0.05162311627609508,
            -0.28703572090120394,
            -0.056275350538660895
        ],
        [
            0.03137808037167995,
            0.025707169606540084,
            -0.004607506462741149,
            0.03732829696943556,
            0.006389974433117036,
            0.10959995095614757,
            0.0824972139056167,
            0.0011743974241019126,
            0.07089208541949857,
            -0.026302807153292886,
            0.19830839522856247,
            0.1334160787873955,
            0.004572094429732834,
            0.02738463941928311,
            0.012275633482572658,
            0.1616018499973918,
            0.13782000730029115,
            -0.008889984919570179,
            -0.049149625361588914,
            -0.011247942404397252
        ],
        [
            0.006192275014832381,
            0.001731957075394404,
            -0.0003538070171271908,
            0.0004497038780027879,
            0.0004934031518684925,
            0.0010284386764990191,
            -5.678431415842635e-05,
            0.0004368658287753851,
            -0.017487610094283942,
            0.0039278983802134675,
            -0.02146853345917129,
            0.004572094429732834,
            0.0038671162524405536,
            0.011407660567790886,
            0.006664470791830902,
            0.041722053159105786,
            0.023430030632600695,
            0.0038991786667235263,
            0.02261865222456225,
            0.003859437753894039
        ],
        [
            0.04427702791066114,
            -0.023201558261808804,
            0.03059738030480369,
            -0.1861060678492894,
            -0.03638831461948767,
            -0.28323929958663374,
            -0.05648402996430983,
            0.020977336583387476,
            0.012807963193462179,
            -0.04949673403850514,
            0.05214469059682353,
            0.02738463941928311,
            0.011407660567790886,
            0.23783357337998387,
            -0.04460989890191153,
            0.18435549932510634,
            0.12556898692904161,
            -0.0037663264527727494,
            -0.0034635760388075647,
            -0.005948671630047866
        ],
        [
            -0.0055632843797808135,
            0.007368955052968038,
            -0.011424990667661825,
            0.06605462292853749,
            0.01372779497466597,
            0.10004302830745401,
            0.02065856455445449,
            -0.006194937478567473,
            -0.04058725608239372,
            0.025194485226780985,
            -0.05874469435853513,
            0.012275633482572658,
            0.006664470791830902,
            -0.04460989890191153,
            0.03249202797553199,
            0.061739292060562924,
            0.03170750496736786,
            0.01076719788942198,
            0.05672935845088571,
            0.011209492873801507
        ],
        [
            0.000558527684936306,
            -0.029107410498211802,
            -0.003772445950000793,
            0.01852721615232806,
            0.004851767206476332,
            0.027518760110272093,
            0.02752364031269999,
            0.003216298114733022,
            -0.058282414707033,
            0.011416476497667322,
            -0.01622149570407592,
            0.1616018499973918,
            0.041722053159105786,
            0.18435549932510634,
            0.061739292060562924,
            0.5766399815572738,
            0.3772462092456209,
            0.027869702417326687,
            0.167950513400102,
            0.025077187909638258
        ],
        [
            -0.035200482128524585,
            -0.040631072667658356,
            -0.002996892111493002,
            0.021770264632597,
            0.003515334464591976,
            0.027199456374641346,
            0.026188032511259986,
            0.0002882079371813672,
            0.02385546734217234,
            -0.004729438168752738,
            0.07932413656919375,
            0.13782000730029115,
            0.023430030632600695,
            0.12556898692904161,
            0.03170750496736786,
            0.3772462092456209,
            0.26457384308474674,
            0.010024703022400674,
            0.06396881011926701,
            0.007506287835105863
        ],
        [
            -0.003565302444997506,
            -0.00237359041180396,
            -0.002348368278486115,
            0.011305096208182422,
            0.002734599659257321,
            0.009511002189803516,
            -0.006056406310851886,
            -0.0013815887686909687,
            -0.028745905540725775,
            0.011775760049182451,
            -0.05162311627609508,
            -0.008889984919570179,
            0.0038991786667235263,
            -0.0037663264527727494,
            0.01076719788942198,
            0.027869702417326687,
            0.010024703022400674,
            0.00635541281126531,
            0.03536352899883549,
            0.0066888748806732705
        ],
        [
            -0.016809221436253498,
            -0.015212312008745602,
            -0.010774198077094635,
            0.048763182510986,
            0.012479231167396819,
            0.030664353879434066,
            -0.03900275058669085,
            -0.006150668507725835,
            -0.1606771792686353,
            0.0624185336306169,
            -0.28703572090120394,
            -0.049149625361588914,
            0.02261865222456225,
            -0.0034635760388075647,
            0.05672935845088571,
            0.167950513400102,
            0.06396881011926701,
            0.03536352899883549,
            0.19808757098386995,
            0.037090534100953934
        ],
        [
            -0.0048636644802993395,
            -0.0029300706627887834,
            -0.0025821738810722105,
            0.01252616953416869,
            0.002992957909105321,
            0.0101707063573903,
            -0.00714286343510546,
            -0.0016169238515582492,
            -0.030472329236792668,
            0.012875358027838459,
            -0.056275350538660895,
            -0.011247942404397252,
            0.003859437753894039,
            -0.005948671630047866,
            0.011209492873801507,
            0.025077187909638258,
            0.007506287835105863,
            0.0066888748806732705,
            0.037090534100953934,
            0.007081356854009285
        ]
    ]
}