{
    "opt_E": -2.1872795723020055,
    "HF_E": -2.157411186745596,
    "B3LYP_E": -2.1588401019666645,
    "sto-3G_E": -2.1421369932060954,
    "proj": [
        [
            0.5258647904624248,
            0.3196019658747265,
            -0.036604248411096725,
            -0.17295143038019578,
            -0.0024368127725398264,
            0.07475023334123608,
            0.1839120088185115,
            -0.08049245481779121,
            -0.2564874821411645,
            -0.01821468962865552,
            0.03187731080386013,
            0.036622875002644883,
            -0.0034510092942814734,
            0.016787599978010864,
            -0.0023127903887790245,
            -0.0017501340345512854,
            -0.032541143419497244,
            -0.0018998186429656618,
            -0.01401363548703633,
            -0.0011253695516892709
        ],
        [
            0.3196019658747265,
            0.20458843869483004,
            -0.010363834439842401,
            -0.06142559256995539,
            0.0005336219957972466,
            0.11239465153971721,
            0.13098603234817538,
            -0.04114479186707789,
            -0.14190312680957443,
            -0.008205999057581917,
            0.031199161004060227,
            0.02921619836998882,
            0.006082018302317148,
            -0.03361511194448559,
            0.007286297277500283,
            -0.025271555986521577,
            -0.032068922074239094,
            -0.0011734329817155993,
            -0.017425022443834925,
            -0.0002473012224831088
        ],
        [
            -0.036604248411096725,
            -0.010363834439842401,
            0.02123586026503755,
            0.07786204878919184,
            0.0037630078209215045,
            0.09135830871638931,
            0.009825432974890967,
            0.021926720333490194,
            0.018089486477260653,
            0.01074709553527022,
            -0.021829408739792475,
            0.008588644402262284,
            0.01526537387818823,
            -0.046159717432053916,
            0.0153059169682182,
            0.00870303873527988,
            0.006562599224723584,
            0.0009043429763759497,
            0.025031443409371024,
            0.00023975512584208385
        ],
        [
            -0.17295143038019578,
            -0.06142559256995539,
            0.07786204878919184,
            0.2909810388430466,
            0.013161033411225773,
            0.32256188017549586,
            0.027018663726059836,
            0.08007833870467582,
            0.10157935946292891,
            0.035202944011620274,
            -0.0449397941667318,
            0.0384543211167238,
            0.05288715487898783,
            -0.16842742091683952,
            0.052938112731259965,
            0.026959962907109048,
            0.028928921269589243,
            0.0027491798180727454,
            0.06786447336655259,
            0.001120430078051959
        ],
        [
            -0.0024368127725398264,
            0.0005336219957972466,
            0.0037630078209215045,
            0.013161033411225773,
            0.0007420497378416509,
            0.017296893838220556,
            0.0025027812954633443,
            0.004012517507707143,
            -0.000938233479296899,
            0.00245253100502119,
            -0.008397797239283394,
            0.0006901532935313151,
            0.003068632069936411,
            -0.007889203253240487,
            0.003076414713367752,
            0.0027472632027865586,
            0.0009548307781285508,
            0.00023629967706028678,
            0.00766984973509085,
            8.203095910748225e-06
        ],
        [
            0.07475023334123608,
            0.11239465153971721,
            0.09135830871638931,
            0.32256188017549586,
            0.017296893838220556,
            0.5315350299995595,
            0.1676096556390708,
            0.060692180512039326,
            0.015857127518689562,
            0.033330233788579966,
            0.011708402352377738,
            0.09905654259031604,
            0.07354532739016989,
            -0.24251784957125072,
            0.07428390261974163,
            0.03533834603483549,
            0.029359102585289114,
            0.0018651085044366403,
            0.05610598390065463,
            0.0012186168862596007
        ],
        [
            0.1839120088185115,
            0.13098603234817538,
            0.009825432974890967,
            0.027018663726059836,
            0.0025027812954633443,
            0.1676096556390708,
            0.12056086359516593,
            -0.022526397966753865,
            -0.033217404042892036,
            -0.009632947145516782,
            0.11187203702380705,
            0.07627149146376212,
            0.013430185913891866,
            -0.050310709266270605,
            0.013474632231367032,
            0.027727852335102676,
            0.025178397093854964,
            -0.0017611643109725753,
            -0.04223517066158823,
            0.00021220379036298968
        ],
        [
            -0.08049245481779121,
            -0.04114479186707789,
            0.021926720333490194,
            0.08007833870467582,
            0.004012517507707143,
            0.060692180512039326,
            -0.022526397966753865,
            0.03354044490454208,
            0.011379895749789433,
            0.01837848684221698,
            -0.08344747029706613,
            -0.019352880319514675,
            0.01548973081079438,
            -0.03922948164035216,
            0.015601793498718328,
            0.002910052348586598,
            -0.004188399467449173,
            0.0019817108688162635,
            0.0573203584873882,
            8.003715564003162e-05
        ],
        [
            -0.2564874821411645,
            -0.14190312680957443,
            0.018089486477260653,
            0.10157935946292891,
            -0.000938233479296899,
            0.015857127518689562,
            -0.033217404042892036,
            0.011379895749789433,
            0.2445102419771902,
            -0.021276530131923817,
            0.23449681495073946,
            0.060693716479897776,
            -0.006797558654023591,
            -0.04544522336085356,
            -0.007160902731340455,
            -0.0370884964512481,
            0.031711541926593,
            -0.0034019924975623394,
            -0.15161588720856772,
            0.001943714574643
        ],
        [
            -0.01821468962865552,
            -0.008205999057581917,
            0.01074709553527022,
            0.035202944011620274,
            0.00245253100502119,
            0.033330233788579966,
            -0.009632947145516782,
            0.01837848684221698,
            -0.021276530131923817,
            0.013217592210078939,
            -0.07588342889863602,
            -0.01817174742694594,
            0.009832346514182872,
            -0.01727410294549451,
            0.009925448052693664,
            0.006745119844236191,
            -0.005578550012970664,
            0.0015555124875685047,
            0.05126102934909071,
            -0.00018230432734034734
        ],
        [
            0.03187731080386013,
            0.031199161004060227,
            -0.021829408739792475,
            -0.0449397941667318,
            -0.008397797239283394,
            0.011708402352377738,
            0.11187203702380705,
            -0.08344747029706613,
            0.23449681495073946,
            -0.07588342889863602,
            0.5657247488944552,
            0.19130416296273275,
            -0.03268686121320774,
            0.014659940361069997,
            -0.03398276322950598,
            0.010992707746074535,
            0.0932388653543761,
            -0.009990572171950334,
            -0.3358683013963266,
            0.001999047009651555
        ],
        [
            0.036622875002644883,
            0.02921619836998882,
            0.008588644402262284,
            0.0384543211167238,
            0.0006901532935313151,
            0.09905654259031604,
            0.07627149146376212,
            -0.019352880319514675,
            0.060693716479897776,
            -0.01817174742694594,
            0.19130416296273275,
            0.1320495093321072,
            0.005890088606283714,
            0.03521584594387604,
            0.0029543067308564356,
            0.17577742586867864,
            0.14129006040484576,
            -0.002465145469758047,
            -0.04581419545910361,
            -0.0004060935500109435
        ],
        [
            -0.0034510092942814734,
            0.006082018302317148,
            0.01526537387818823,
            0.05288715487898783,
            0.003068632069936411,
            0.07354532739016989,
            0.013430185913891866,
            0.01548973081079438,
            -0.006797558654023591,
            0.009832346514182872,
            -0.03268686121320774,
            0.005890088606283714,
            0.01284790032313367,
            -0.030203136244842964,
            0.012793780515044654,
            0.0175456874769414,
            0.007775007109056392,
            0.0009505147471245941,
            0.032773364493268425,
            -1.7789483601625086e-05
        ],
        [
            0.016787599978010864,
            -0.03361511194448559,
            -0.046159717432053916,
            -0.16842742091683952,
            -0.007889203253240487,
            -0.24251784957125072,
            -0.050310709266270605,
            -0.03922948164035216,
            -0.04544522336085356,
            -0.01727410294549451,
            0.014659940361069997,
            0.03521584594387604,
            -0.030203136244842964,
            0.22125923226282504,
            -0.0343366091038877,
            0.2240321506458462,
            0.13927003584420106,
            -0.0005197580460947869,
            0.04408217005886474,
            -0.002445990529187682
        ],
        [
            -0.0023127903887790245,
            0.007286297277500283,
            0.0153059169682182,
            0.052938112731259965,
            0.003076414713367752,
            0.07428390261974163,
            0.013474632231367032,
            0.015601793498718328,
            -0.007160902731340455,
            0.009925448052693664,
            -0.03398276322950598,
            0.0029543067308564356,
            0.012793780515044654,
            -0.0343366091038877,
            0.01288770871564768,
            0.008726461757686087,
            0.0018789850432458517,
            0.0009419149533969407,
            0.030615583885595613,
            4.3265057204147825e-05
        ],
        [
            -0.0017501340345512854,
            -0.025271555986521577,
            0.00870303873527988,
            0.026959962907109048,
            0.0027472632027865586,
            0.03533834603483549,
            0.027727852335102676,
            0.002910052348586598,
            -0.0370884964512481,
            0.006745119844236191,
            0.010992707746074535,
            0.17577742586867864,
            0.0175456874769414,
            0.2240321506458462,
            0.008726461757686087,
            0.5531318058242022,
            0.3554021435119065,
            0.001897073571191993,
            0.18534960039638362,
            -0.004038057194965375
        ],
        [
            -0.032541143419497244,
            -0.032068922074239094,
            0.006562599224723584,
            0.028928921269589243,
            0.0009548307781285508,
            0.029359102585289114,
            0.025178397093854964,
            -0.004188399467449173,
            0.031711541926593,
            -0.005578550012970664,
            0.0932388653543761,
            0.14129006040484576,
            0.007775007109056392,
            0.13927003584420106,
            0.0018789850432458517,
            0.3554021435119065,
            0.24419645050458577,
            -0.00017583085419879072,
            0.06792848076608063,
            -0.0021593031378993543
        ],
        [
            -0.0018998186429656618,
            -0.0011734329817155993,
            0.0009043429763759497,
            0.0027491798180727454,
            0.00023629967706028678,
            0.0018651085044366403,
            -0.0017611643109725753,
            0.0019817108688162635,
            -0.0034019924975623394,
            0.0015555124875685047,
            -0.009990572171950334,
            -0.002465145469758047,
            0.0009505147471245941,
            -0.0005197580460947869,
            0.0009419149533969407,
            0.001897073571191993,
            -0.00017583085419879072,
            0.00019643153328222993,
            0.006847887640002598,
            -4.091979825931806e-05
        ],
        [
            -0.01401363548703633,
            -0.017425022443834925,
            0.025031443409371024,
            0.06786447336655259,
            0.00766984973509085,
            0.05610598390065463,
            -0.04223517066158823,
            0.0573203584873882,
            -0.15161588720856772,
            0.05126102934909071,
            -0.3358683013963266,
            -0.04581419545910361,
            0.032773364493268425,
            0.04408217005886474,
            0.030615583885595613,
            0.18534960039638362,
            0.06792848076608063,
            0.006847887640002598,
            0.27088470601035947,
            -0.0024595301805219807
        ],
        [
            -0.0011253695516892709,
            -0.0002473012224831088,
            0.00023975512584208385,
            0.001120430078051959,
            8.203095910748225e-06,
            0.0012186168862596007,
            0.00021220379036298968,
            8.003715564003162e-05,
            0.001943714574643,
            -0.00018230432734034734,
            0.001999047009651555,
            -0.0004060935500109435,
            -1.7789483601625086e-05,
            -0.002445990529187682,
            4.3265057204147825e-05,
            -0.004038057194965375,
            -0.0021593031378993543,
            -4.091979825931806e-05,
            -0.0024595301805219807,
            4.515590968337147e-05
        ]
    ]
}