{
    "opt_E": -2.211687400276296,
    "HF_E": -2.1809233183676713,
    "B3LYP_E": -2.1829676244120564,
    "sto-3G_E": -2.1730390146213945,
    "proj": [
        [
            0.5771474857236658,
            0.3629451506948451,
            -0.04555666569254726,
            -0.16787317832728657,
            0.006213788546285154,
            -0.022113852734546843,
            0.16899374867391215,
            -0.06995896328641352,
            -0.20737487195837367,
            0.0008060258375086648,
            0.03498262680898126,
            0.020495165613234737,
            0.002776596748975199,
            0.04476347152783286,
            -0.003907766899971412,
            0.001483983382444489,
            -0.023397135999142997,
            -0.002840974311762068,
            -0.028608697411440686,
            -0.005455581595297361
        ],
        [
            0.3629451506948451,
            0.24990607004497653,
            -0.013688331110303344,
            -0.05233574914105946,
            0.002438061778485042,
            0.09294520375582142,
            0.14573009295460682,
            -0.03769335395541037,
            -0.1299032433215506,
            0.002425939167206956,
            0.023310137194146048,
            0.023581084037069395,
            -0.0003897660207593995,
            -0.03246410797780913,
            0.0035356179473558466,
            -0.03018626593506264,
            -0.0320393512016799,
            -0.0019446343402703093,
            -0.0222569837645433,
            -0.003318812704068165
        ],
        [
            -0.04555666569254726,
            -0.013688331110303344,
            0.016511011302471425,
            0.05836896244945035,
            -0.001617705887036513,
            0.0886525282101039,
            0.015770866767703295,
            0.010211366222175888,
            0.00464143000166093,
            0.003137349348889924,
            -0.020147685558408127,
            0.010948894549369875,
            -0.0010390082337877638,
            -0.032843162055596606,
            0.00963209722686802,
            0.007572263998503412,
            0.004316108219481632,
            0.0013078975070274456,
            0.023057443561185737,
            0.0038411072478250997
        ],
        [
            -0.16787317832728657,
            -0.05233574914105946,
            0.05836896244945035,
            0.20672827594174512,
            -0.005777433371080858,
            0.3123051866488267,
            0.055074028413875875,
            0.03694580677473747,
            0.024677996082095973,
            0.0101997617773922,
            -0.06086933654960268,
            0.03980642793117393,
            -0.0038724463115636857,
            -0.1206614696157793,
            0.03259007439290495,
            0.0207377671177291,
            0.01365990676764091,
            0.004183361665108945,
            0.07261928775004313,
            0.012312629681386014
        ],
        [
            0.006213788546285154,
            0.002438061778485042,
            -0.001617705887036513,
            -0.005777433371080858,
            0.00017178427614387008,
            -0.007995762376687605,
            -0.0008516829104594588,
            -0.001193867316719856,
            -0.0015912181524548009,
            -0.00022714772068509377,
            0.0014458708297715684,
            -0.0005415115391335909,
            0.00015073124219839427,
            0.004096974029018393,
            -0.0006771569230648277,
            0.0010824942686980977,
            0.0004848280524042428,
            -7.95330537000349e-05,
            -0.0011912350886805628,
            -0.00023413803494931016
        ],
        [
            -0.022113852734546843,
            0.09294520375582142,
            0.0886525282101039,
            0.3123051866488267,
            -0.007995762376687605,
            0.6065155971302189,
            0.21460696402207002,
            0.035761609540272715,
            -0.021250734302380985,
            0.014221227877496346,
            -0.016360073739426405,
            0.11542660547077033,
            -0.006436470680964404,
            -0.22724502294685228,
            0.05544880378781778,
            0.03895436933226426,
            0.026049114244485805,
            0.003854125259592839,
            0.07312849714659335,
            0.013194715407158338
        ],
        [
            0.16899374867391215,
            0.14573009295460682,
            0.015770866767703295,
            0.055074028413875875,
            -0.0008516829104594588,
            0.21460696402207002,
            0.14672425635127104,
            -0.008359115508401037,
            -0.02665758909812526,
            -0.0016075501413893767,
            0.10028332968636877,
            0.08170416110346741,
            -0.0013640880327249248,
            -0.07451039708821587,
            0.01268169770191439,
            0.02743934416632116,
            0.024722020291416808,
            -0.002422882966145857,
            -0.037855851114706275,
            -0.0053328437441235235
        ],
        [
            -0.06995896328641352,
            -0.03769335395541037,
            0.010211366222175888,
            0.03694580677473747,
            -0.001193867316719856,
            0.035761609540272715,
            -0.008359115508401037,
            0.010363799531943753,
            0.02441122701449714,
            0.0005928207680994751,
            -0.004549002132349095,
            0.002189690869931657,
            -0.0008511557211362112,
            -0.021182694480814224,
            0.0028809515516902843,
            -0.004357013515941867,
            0.0005747579633392421,
            0.0004178830990207973,
            0.004677094022600378,
            0.0010227312426166746
        ],
        [
            -0.20737487195837367,
            -0.1299032433215506,
            0.00464143000166093,
            0.024677996082095973,
            -0.0015912181524548009,
            -0.021250734302380985,
            -0.02665758909812526,
            0.02441122701449714,
            0.20383468691380557,
            -0.02066166422439584,
            0.24852645886135244,
            0.06005298608074169,
            -0.0019496373794765818,
            -0.052244310552469725,
            -0.024131764686298404,
            -0.028578829473373434,
            0.032328718578031386,
            -0.008324253183316014,
            -0.1684107270640004,
            -0.024659094747016864
        ],
        [
            0.0008060258375086648,
            0.002425939167206956,
            0.003137349348889924,
            0.0101997617773922,
            -0.00022714772068509377,
            0.014221227877496346,
            -0.0016075501413893767,
            0.0005928207680994751,
            -0.02066166422439584,
            0.003395416940193012,
            -0.041184982737742244,
            -0.009874323318999992,
            -5.511070692574753e-05,
            -2.024230993476322e-05,
            0.004519781809253409,
            0.0009890165446494457,
            -0.005765826983897327,
            0.0014500846838996356,
            0.02762864762751325,
            0.004187530879433165
        ],
        [
            0.03498262680898126,
            0.023310137194146048,
            -0.020147685558408127,
            -0.06086933654960268,
            0.0014458708297715684,
            -0.016360073739426405,
            0.10028332968636877,
            -0.004549002132349095,
            0.24852645886135244,
            -0.041184982737742244,
            0.5547476365164506,
            0.18542137533779196,
            0.0006061764758347802,
            -0.03217694881966432,
            -0.04005148574193464,
            0.054456793834674055,
            0.11653904397172136,
            -0.01770079874739862,
            -0.33298871925054696,
            -0.05052851168999653
        ],
        [
            0.020495165613234737,
            0.023581084037069395,
            0.010948894549369875,
            0.03980642793117393,
            -0.0005415115391335909,
            0.11542660547077033,
            0.08170416110346741,
            0.002189690869931657,
            0.06005298608074169,
            -0.009874323318999992,
            0.18542137533779196,
            0.13103471455572493,
            0.0030675565030219417,
            0.026825678588615377,
            0.011411669737607263,
            0.1800222278701243,
            0.13470239262490818,
            -0.002510484418157899,
            -0.04029286227716019,
            -0.007304263806709889
        ],
        [
            0.002776596748975199,
            -0.0003897660207593995,
            -0.0010390082337877638,
            -0.0038724463115636857,
            0.00015073124219839427,
            -0.006436470680964404,
            -0.0013640880327249248,
            -0.0008511557211362112,
            -0.0019496373794765818,
            -5.511070692574753e-05,
            0.0006061764758347802,
            0.0030675565030219417,
            0.0004540366773677781,
            0.010081002591229654,
            0.0006621702564588785,
            0.01370581310833708,
            0.007975814674537644,
            0.0001926725924894067,
            0.0042988689141673486,
            0.000480393107221815
        ],
        [
            0.04476347152783286,
            -0.03246410797780913,
            -0.032843162055596606,
            -0.1206614696157793,
            0.004096974029018393,
            -0.22724502294685228,
            -0.07451039708821587,
            -0.021182694480814224,
            -0.052244310552469725,
            -2.024230993476322e-05,
            -0.03217694881966432,
            0.026825678588615377,
            0.010081002591229654,
            0.24183805228989239,
            0.007635091372553508,
            0.26466119838225166,
            0.14686654124563983,
            0.004778466438418598,
            0.10284395122995713,
            0.01182630300248427
        ],
        [
            -0.003907766899971412,
            0.0035356179473558466,
            0.00963209722686802,
            0.03259007439290495,
            -0.0006771569230648277,
            0.05544880378781778,
            0.01268169770191439,
            0.0028809515516902843,
            -0.024131764686298404,
            0.004519781809253409,
            -0.04005148574193464,
            0.011411669737607263,
            0.0006621702564588785,
            0.007635091372553508,
            0.01211742403763581,
            0.04777625201618789,
            0.02251338037809816,
            0.002443512852406396,
            0.047998804417795915,
            0.0069747426228556515
        ],
        [
            0.001483983382444489,
            -0.03018626593506264,
            0.007572263998503412,
            0.0207377671177291,
            0.0010824942686980977,
            0.03895436933226426,
            0.02743934416632116,
            -0.004357013515941867,
            -0.028578829473373434,
            0.0009890165446494457,
            0.054456793834674055,
            0.1800222278701243,
            0.01370581310833708,
            0.26466119838225166,
            0.04777625201618789,
            0.5374651823535008,
            0.3252173206894694,
            0.008051685445131166,
            0.1729982897998929,
            0.02093445891508294
        ],
        [
            -0.023397135999142997,
            -0.0320393512016799,
            0.004316108219481632,
            0.01365990676764091,
            0.0004848280524042428,
            0.026049114244485805,
            0.024722020291416808,
            0.0005747579633392421,
            0.032328718578031386,
            -0.005765826983897327,
            0.11653904397172136,
            0.13470239262490818,
            0.007975814674537644,
            0.14686654124563983,
            0.02251338037809816,
            0.3252173206894694,
            0.21106552266123024,
            0.0021597484200801048,
            0.05204130960244226,
            0.004838472474767956
        ],
        [
            -0.002840974311762068,
            -0.0019446343402703093,
            0.0013078975070274456,
            0.004183361665108945,
            -7.95330537000349e-05,
            0.003854125259592839,
            -0.002422882966145857,
            0.0004178830990207973,
            -0.008324253183316014,
            0.0014500846838996356,
            -0.01770079874739862,
            -0.002510484418157899,
            0.0001926725924894067,
            0.004778466438418598,
            0.002443512852406396,
            0.008051685445131166,
            0.0021597484200801048,
            0.000760429541998473,
            0.014627680943357837,
            0.0021354810910597668
        ],
        [
            -0.028608697411440686,
            -0.0222569837645433,
            0.023057443561185737,
            0.07261928775004313,
            -0.0011912350886805628,
            0.07312849714659335,
            -0.037855851114706275,
            0.004677094022600378,
            -0.1684107270640004,
            0.02762864762751325,
            -0.33298871925054696,
            -0.04029286227716019,
            0.0042988689141673486,
            0.10284395122995713,
            0.047998804417795915,
            0.1729982897998929,
            0.05204130960244226,
            0.014627680943357837,
            0.28319326056816896,
            0.04112453388016879
        ],
        [
            -0.005455581595297361,
            -0.003318812704068165,
            0.0038411072478250997,
            0.012312629681386014,
            -0.00023413803494931016,
            0.013194715407158338,
            -0.0053328437441235235,
            0.0010227312426166746,
            -0.024659094747016864,
            0.004187530879433165,
            -0.05052851168999653,
            -0.007304263806709889,
            0.000480393107221815,
            0.01182630300248427,
            0.0069747426228556515,
            0.02093445891508294,
            0.004838472474767956,
            0.0021354810910597668,
            0.04112453388016879,
            0.006025356641595071
        ]
    ]
}