{
    "opt_E": -2.210624725178582,
    "HF_E": -2.1787908233567874,
    "B3LYP_E": -2.1812104007142032,
    "sto-3G_E": -2.1667625191528117,
    "proj": [
        [
            0.5895818453975197,
            0.3689638726390457,
            0.02987363275038296,
            -0.1659738710615376,
            4.848208180850567e-05,
            -0.03485887238479277,
            0.16256394581683664,
            0.05758981568438535,
            -0.20024441299865547,
            -0.005272165240781417,
            0.0362632140860103,
            0.021747648195097828,
            0.004509661934036948,
            0.05597433613967852,
            -0.004001020379062906,
            -0.0022699951850178256,
            -0.025011018344010132,
            0.006673760986923272,
            -0.026119848393964893,
            -0.0012901952981883515
        ],
        [
            0.3689638726390457,
            0.25532353709732103,
            0.007436909867021979,
            -0.04819748601772114,
            0.0002841697514652804,
            0.09292330829448822,
            0.14428770574304714,
            0.027811434963814195,
            -0.13117892465691292,
            -0.0010624913453107273,
            0.01883874612661851,
            0.024283535119687453,
            -0.004267852078490093,
            -0.029144204794648427,
            0.0019445283633593993,
            -0.030263328882366138,
            -0.03481052839797653,
            0.0032101228753286504,
            -0.015178029752785078,
            -0.0004653199413845665
        ],
        [
            0.02987363275038296,
            0.007436909867021979,
            0.007656097196803024,
            -0.03803878806061246,
            -0.00017543663517838873,
            -0.061299439253890566,
            -0.012438233202046256,
            0.007949307726484845,
            -0.0004939749173422573,
            -0.0019259473760267069,
            0.013418996518552015,
            -0.007305046799910288,
            0.0067826049347783565,
            0.025698795548427737,
            -0.0030620011097633212,
            -0.006944670617200899,
            -0.002804065862178172,
            0.0029527506987222034,
            -0.014457391855906818,
            -0.0004657882324907837
        ],
        [
            -0.1659738710615376,
            -0.04819748601772114,
            -0.03803878806061246,
            0.19024101855029973,
            0.0008133184794276169,
            0.3002394798103985,
            0.057351529795011714,
            -0.03961642893625758,
            0.01710632277761753,
            0.008943115462912878,
            -0.05281796304624809,
            0.036251356890717595,
            -0.031016353376054438,
            -0.13334410662887022,
            0.014564796755214767,
            0.022009745759815093,
            0.009773215338231923,
            -0.012556378854109297,
            0.05963034631698169,
            0.0020849228205637076
        ],
        [
            4.848208180850567e-05,
            0.0002841697514652804,
            -0.00017543663517838873,
            0.0008133184794276169,
            6.7814307319825554e-06,
            0.001554287893703665,
            0.00044053539223447746,
            -0.00018451829623319417,
            -0.0006687206407287374,
            7.521080187528596e-05,
            -0.0010031722180196842,
            0.00016450866574267827,
            -0.00028791784526763817,
            -0.0002676193687149096,
            0.00010090252688040715,
            0.0008250636331247334,
            0.000304600294463229,
            -0.00017510910989829598,
            0.0009520800596771301,
            2.2290393360304733e-05
        ],
        [
            -0.03485887238479277,
            0.09292330829448822,
            -0.061299439253890566,
            0.3002394798103985,
            0.001554287893703665,
            0.6018023310673134,
            0.21760804898395766,
            -0.044774233413002774,
            -0.028730971651265067,
            0.012241002069664789,
            -0.006921180562106667,
            0.11430894093133863,
            -0.055368954752890755,
            -0.24962592166800202,
            0.02597429429318011,
            0.04366701520031132,
            0.021466644507798605,
            -0.01356076192645813,
            0.06183240272407094,
            0.0025743198192003883
        ],
        [
            0.16256394581683664,
            0.14428770574304714,
            -0.012438233202046256,
            0.057351529795011714,
            0.00044053539223447746,
            0.21760804898395766,
            0.1477067586826588,
            0.008358017489473405,
            -0.02413225545784708,
            -0.0009482285914074131,
            0.1054190834250599,
            0.08539523629766967,
            -0.013219237415385231,
            -0.07740054032056418,
            0.006441045391397882,
            0.02506534206611881,
            0.02341959459418337,
            0.0067352380345983235,
            -0.03685008039854215,
            -0.0005987311760027062
        ],
        [
            0.05758981568438535,
            0.027811434963814195,
            0.007949307726484845,
            -0.03961642893625758,
            -0.00018451829623319417,
            -0.044774233413002774,
            0.008358017489473405,
            0.012442138007329816,
            0.006019574883844343,
            -0.003300082928311564,
            0.05118399195759604,
            0.01091849359855891,
            0.007558256852424051,
            0.02177845281781519,
            -0.0032691750621201272,
            -0.0007325488683205059,
            0.006046191396149345,
            0.006468841105290104,
            -0.032893955755100686,
            -0.000886338189609998
        ],
        [
            -0.20024441299865547,
            -0.13117892465691292,
            -0.0004939749173422573,
            0.01710632277761753,
            -0.0006687206407287374,
            -0.028730971651265067,
            -0.02413225545784708,
            0.006019574883844343,
            0.2073002172583811,
            -0.01059924024910418,
            0.2611836565619448,
            0.06588098487680027,
            0.026880009205981513,
            -0.032125116201384106,
            -0.007573867144352026,
            -0.04377412359853494,
            0.030285138401241373,
            0.029776546194143126,
            -0.1645319656467176,
            -0.0033865664965415424
        ],
        [
            -0.005272165240781417,
            -0.0010624913453107273,
            -0.0019259473760267069,
            0.008943115462912878,
            7.521080187528596e-05,
            0.012241002069664789,
            -0.0009482285914074131,
            -0.003300082928311564,
            -0.01059924024910418,
            0.0012724411666092312,
            -0.023910556379854276,
            -0.005367217462286572,
            -0.00308344219779137,
            -0.0036597552656197152,
            0.0011400377298829048,
            0.002686827930827707,
            -0.0024425291190151724,
            -0.0029112985390948904,
            0.015417816743854897,
            0.0003673229903973387
        ],
        [
            0.0362632140860103,
            0.01883874612661851,
            0.013418996518552015,
            -0.05281796304624809,
            -0.0010031722180196842,
            -0.006921180562106667,
            0.1054190834250599,
            0.05118399195759604,
            0.2611836565619448,
            -0.023910556379854276,
            0.5673418997285095,
            0.19724464513750545,
            0.0415405803505413,
            -0.008362177102041174,
            -0.013804730962045427,
            0.017040457245905402,
            0.10876589146021158,
            0.059757215323458214,
            -0.31877955775291056,
            -0.0071790219107758495
        ],
        [
            0.021747648195097828,
            0.024283535119687453,
            -0.007305046799910288,
            0.036251356890717595,
            0.00016450866574267827,
            0.11430894093133863,
            0.08539523629766967,
            0.01091849359855891,
            0.06588098487680027,
            -0.005367217462286572,
            0.19724464513750545,
            0.13579390801097405,
            -0.011765530466939489,
            0.022365896628650808,
            0.0024721255671532097,
            0.17158066083158552,
            0.13638434240861874,
            0.010456324774875703,
            -0.048730437730013114,
            -0.0013003008948601058
        ],
        [
            0.004509661934036948,
            -0.004267852078490093,
            0.0067826049347783565,
            -0.031016353376054438,
            -0.00028791784526763817,
            -0.055368954752890755,
            -0.013219237415385231,
            0.007558256852424051,
            0.026880009205981513,
            -0.00308344219779137,
            0.0415405803505413,
            -0.011765530466939489,
            0.013509983825735278,
            -0.0034642117816111534,
            -0.004172764899990438,
            -0.058037901735129155,
            -0.027457336181592747,
            0.008315264028537505,
            -0.04653223286137912,
            -0.001008310340722227
        ],
        [
            0.05597433613967852,
            -0.029144204794648427,
            0.025698795548427737,
            -0.13334410662887022,
            -0.0002676193687149096,
            -0.24962592166800202,
            -0.07740054032056418,
            0.02177845281781519,
            -0.032125116201384106,
            -0.0036597552656197152,
            -0.008362177102041174,
            0.022365896628650808,
            -0.0034642117816111534,
            0.22609693287111038,
            -0.0068276489526374945,
            0.23981200778661135,
            0.14283680293459192,
            -0.00836667990882345,
            0.06417791632048289,
            0.0002269732041771189
        ],
        [
            -0.004001020379062906,
            0.0019445283633593993,
            -0.0030620011097633212,
            0.014564796755214767,
            0.00010090252688040715,
            0.02597429429318011,
            0.006441045391397882,
            -0.0032691750621201272,
            -0.007573867144352026,
            0.0011400377298829048,
            -0.013804730962045427,
            0.0024721255671532097,
            -0.004172764899990438,
            -0.0068276489526374945,
            0.0015681428117187174,
            0.009693600374379082,
            0.0033869636362464416,
            -0.0024230244262688962,
            0.01291320042086095,
            0.00032156091588307075
        ],
        [
            -0.0022699951850178256,
            -0.030263328882366138,
            -0.006944670617200899,
            0.022009745759815093,
            0.0008250636331247334,
            0.04366701520031132,
            0.02506534206611881,
            -0.0007325488683205059,
            -0.04377412359853494,
            0.002686827930827707,
            0.017040457245905402,
            0.17158066083158552,
            -0.058037901735129155,
            0.23981200778661135,
            0.009693600374379082,
            0.5631855599759854,
            0.34306450433984625,
            -0.027220821829388175,
            0.17592870872707667,
            0.0025718899540283385
        ],
        [
            -0.025011018344010132,
            -0.03481052839797653,
            -0.002804065862178172,
            0.009773215338231923,
            0.000304600294463229,
            0.021466644507798605,
            0.02341959459418337,
            0.006046191396149345,
            0.030285138401241373,
            -0.0024425291190151724,
            0.10876589146021158,
            0.13638434240861874,
            -0.027457336181592747,
            0.14283680293459192,
            0.0033869636362464416,
            0.34306450433984625,
            0.22763043538591557,
            -0.0061079741175873075,
            0.05075344748958549,
            0.00032832047062936523
        ],
        [
            0.006673760986923272,
            0.0032101228753286504,
            0.0029527506987222034,
            -0.012556378854109297,
            -0.00017510910989829598,
            -0.01356076192645813,
            0.0067352380345983235,
            0.006468841105290104,
            0.029776546194143126,
            -0.0029112985390948904,
            0.059757215323458214,
            0.010456324774875703,
            0.008315264028537505,
            -0.00836667990882345,
            -0.0024230244262688962,
            -0.027220821829388175,
            -0.0061079741175873075,
            0.007984483379558163,
            -0.04391821105312272,
            -0.0009424220335027109
        ],
        [
            -0.026119848393964893,
            -0.015178029752785078,
            -0.014457391855906818,
            0.05963034631698169,
            0.0009520800596771301,
            0.06183240272407094,
            -0.03685008039854215,
            -0.032893955755100686,
            -0.1645319656467176,
            0.015417816743854897,
            -0.31877955775291056,
            -0.048730437730013114,
            -0.04653223286137912,
            0.06417791632048289,
            0.01291320042086095,
            0.17592870872707667,
            0.05075344748958549,
            -0.04391821105312272,
            0.24344142691811252,
            0.005120202033439787
        ],
        [
            -0.0012901952981883515,
            -0.0004653199413845665,
            -0.0004657882324907837,
            0.0020849228205637076,
            2.2290393360304733e-05,
            0.0025743198192003883,
            -0.0005987311760027062,
            -0.000886338189609998,
            -0.0033865664965415424,
            0.0003673229903973387,
            -0.0071790219107758495,
            -0.0013003008948601058,
            -0.001008310340722227,
            0.0002269732041771189,
            0.00032156091588307075,
            0.0025718899540283385,
            0.00032832047062936523,
            -0.0009424220335027109,
            0.005120202033439787,
            0.0001140612374152048
        ]
    ]
}