{
    "opt_E": -2.1723039248218385,
    "HF_E": -2.140837606192417,
    "B3LYP_E": -2.1434475966678224,
    "sto-3G_E": -2.1069162585421055,
    "proj": [
        [
            0.583093462108128,
            0.38739291568927714,
            -0.004931218791622869,
            -0.1655255098755205,
            -0.03639769199270945,
            -0.02863311448785986,
            0.151664090241961,
            -0.0016870442149519772,
            -0.16997608192927904,
            -0.07577096476160118,
            0.020001913818078178,
            0.02810544139376662,
            0.0020916070335596417,
            0.05929684728179292,
            -0.010455823501223847,
            0.007892961953481787,
            -0.027273361230682087,
            0.0018926437670650966,
            -0.011399710334719683,
            -0.007557699008036737
        ],
        [
            0.38739291568927714,
            0.2771297219807914,
            -0.0020930797779251035,
            -0.06369950407520945,
            -0.011589961979801791,
            0.07502162534639,
            0.1358652573398797,
            -0.0018387090132015096,
            -0.12154408386927586,
            -0.04154201117848901,
            0.024246935588320074,
            0.02731970071501376,
            -0.0011869155905661682,
            -0.024890654275257683,
            0.0028407334816574255,
            -0.035346772612209615,
            -0.04238247458325614,
            0.0012794826794767442,
            -0.020528750068700762,
            -0.006123598622705007
        ],
        [
            -0.004931218791622869,
            -0.0020930797779251035,
            0.00013297247297339114,
            0.004937219188630939,
            0.001289210546422139,
            0.007125098823242499,
            0.001213862927809508,
            -0.00014518855558742668,
            -0.0002827363845412808,
            0.0016806055851888316,
            -0.0009301965421022682,
            0.0008573524004559605,
            -0.0003972582892584196,
            -0.0041113997266934805,
            0.0016471794079471326,
            0.0001682259677195234,
            0.0003334681936819076,
            -0.0001563055291367558,
            0.0010363904100249392,
            0.0006631463903212237
        ],
        [
            -0.1655255098755205,
            -0.06369950407520945,
            0.004937219188630939,
            0.18422903938954466,
            0.04833234587055761,
            0.27684810949640676,
            0.055579889113936916,
            -0.0053147141542420175,
            -0.01391870887003253,
            0.06024568868185608,
            -0.0265772089277552,
            0.03712885939569942,
            -0.015020673341533487,
            -0.15718301408368318,
            0.06228105985785968,
            0.00624608200878046,
            0.012431128729063967,
            -0.005578045562486876,
            0.034858972083101826,
            0.02346716274981377
        ],
        [
            -0.03639769199270945,
            -0.011589961979801791,
            0.001289210546422139,
            0.04833234587055761,
            0.01283434618741507,
            0.07529721160465282,
            0.016908821857448245,
            -0.0017110190922208046,
            -0.009058090170283178,
            0.016317108213099518,
            -0.011632960289208676,
            0.009418463563259606,
            -0.004295905314675593,
            -0.042295310952526956,
            0.017747553422442157,
            0.0024763732017440165,
            0.0028115194343014947,
            -0.0017342855393360905,
            0.012140977798797753,
            0.007431065079779501
        ],
        [
            -0.02863311448785986,
            0.07502162534639,
            0.007125098823242499,
            0.27684810949640676,
            0.07529721160465282,
            0.5479052891505438,
            0.20773918580024703,
            -0.006636604547157616,
            -0.05897086590473311,
            0.06042331600142235,
            0.06245689492643331,
            0.12235665843921108,
            -0.025239484325888805,
            -0.2762705615017306,
            0.10497279786822665,
            0.021532531261653852,
            0.027358922829528,
            -0.005364652243629996,
            0.007998909734891358,
            0.020120529899695407
        ],
        [
            0.151664090241961,
            0.1358652573398797,
            0.001213862927809508,
            0.055579889113936916,
            0.016908821857448245,
            0.20773918580024703,
            0.13525811892203926,
            0.00017407154194730404,
            -0.03153115325568395,
            -0.012092745317531614,
            0.10319279899205645,
            0.08477421563153922,
            -0.007380114290573704,
            -0.07477939154089358,
            0.031593723719549965,
            0.037334912168861235,
            0.029698990854403664,
            0.0013584502359488698,
            -0.03172109410315443,
            -0.00808919361009372
        ],
        [
            -0.0016870442149519772,
            -0.0018387090132015096,
            -0.00014518855558742668,
            -0.0053147141542420175,
            -0.0017110190922208046,
            -0.006636604547157616,
            0.00017407154194730404,
            0.0013582410928268517,
            0.015884802204748475,
            -0.005897911595332885,
            0.02459450545721883,
            0.004475997576642216,
            0.0015334621534583105,
            0.0039026783535722207,
            -0.006171463063285175,
            -0.004793479058734432,
            7.453221315522231e-05,
            0.0013722516701489176,
            -0.015511797001609668,
            -0.006458467157139648
        ],
        [
            -0.16997608192927904,
            -0.12154408386927586,
            -0.0002827363845412808,
            -0.01391870887003253,
            -0.009058090170283178,
            -0.05897086590473311,
            -0.03153115325568395,
            0.015884802204748475,
            0.2260273438836973,
            -0.047568397652502925,
            0.28311545443183944,
            0.05510740551568114,
            0.015793368186617408,
            0.035081317190883574,
            -0.06227749957168954,
            -0.03084478493849153,
            0.025713740590606486,
            0.01485985222526416,
            -0.16936503088202753,
            -0.07031149601801344
        ],
        [
            -0.07577096476160118,
            -0.04154201117848901,
            0.0016806055851888316,
            0.06024568868185608,
            0.016317108213099518,
            0.06042331600142235,
            -0.012092745317531614,
            -0.005897911595332885,
            -0.047568397652502925,
            0.039089012215786,
            -0.10681636768609455,
            -0.020666171217680343,
            -0.007775289632676796,
            -0.04376686718451337,
            0.03144184553273524,
            0.009048555051406507,
            -0.002783314124965063,
            -0.006265919566449537,
            0.06579396363353607,
            0.029009956874004393
        ],
        [
            0.020001913818078178,
            0.024246935588320074,
            -0.0009301965421022682,
            -0.0265772089277552,
            -0.011632960289208676,
            0.06245689492643331,
            0.10319279899205645,
            0.02459450545721883,
            0.28311545443183944,
            -0.10681636768609455,
            0.5393505308244978,
            0.17463277650477166,
            0.018397404717765766,
            0.02923719559704597,
            -0.07007052585375405,
            0.022042792376502727,
            0.0820648673395465,
            0.024513222173479586,
            -0.28607300718003836,
            -0.1168051715948392
        ],
        [
            0.02810544139376662,
            0.02731970071501376,
            0.0008573524004559605,
            0.03712885939569942,
            0.009418463563259606,
            0.12235665843921108,
            0.08477421563153922,
            0.004475997576642216,
            0.05510740551568114,
            -0.020666171217680343,
            0.17463277650477166,
            0.12200093624557042,
            -0.005414372939347078,
            0.019771172107543596,
            0.02760869363043336,
            0.16834349582021121,
            0.13044063736574887,
            0.0031251663477213578,
            -0.034409482039723195,
            -0.01560536842315822
        ],
        [
            0.0020916070335596417,
            -0.0011869155905661682,
            -0.0003972582892584196,
            -0.015020673341533487,
            -0.004295905314675593,
            -0.025239484325888805,
            -0.007380114290573704,
            0.0015334621534583105,
            0.015793368186617408,
            -0.007775289632676796,
            0.018397404717765766,
            -0.005414372939347078,
            0.0028681070619466166,
            0.006702939175788773,
            -0.012117801708929824,
            -0.021917314257546217,
            -0.01216155970015552,
            0.0017049822162627912,
            -0.01879437104006433,
            -0.007884886111171958
        ],
        [
            0.05929684728179292,
            -0.024890654275257683,
            -0.0041113997266934805,
            -0.15718301408368318,
            -0.042295310952526956,
            -0.2762705615017306,
            -0.07477939154089358,
            0.0039026783535722207,
            0.035081317190883574,
            -0.04376686718451337,
            0.02923719559704597,
            0.019771172107543596,
            0.006702939175788773,
            0.23260831877277474,
            -0.022875081121108722,
            0.20623007922003592,
            0.13191584753610563,
            0.0011307938755347711,
            0.03197643814014182,
            -0.002136113515395574
        ],
        [
            -0.010455823501223847,
            0.0028407334816574255,
            0.0016471794079471326,
            0.06228105985785968,
            0.017747553422442157,
            0.10497279786822665,
            0.031593723719549965,
            -0.006171463063285175,
            -0.06227749957168954,
            0.03144184553273524,
            -0.07007052585375405,
            0.02760869363043336,
            -0.012117801708929824,
            -0.022875081121108722,
            0.05150471184374995,
            0.10272090847531623,
            0.05899845892987048,
            -0.007026049989141207,
            0.07832444685453543,
            0.032505867628333136
        ],
        [
            0.007892961953481787,
            -0.035346772612209615,
            0.0001682259677195234,
            0.00624608200878046,
            0.0024763732017440165,
            0.021532531261653852,
            0.037334912168861235,
            -0.004793479058734432,
            -0.03084478493849153,
            0.009048555051406507,
            0.022042792376502727,
            0.16834349582021121,
            -0.021917314257546217,
            0.20623007922003592,
            0.10272090847531623,
            0.5527408197687772,
            0.36063616407723925,
            -0.010797126364365564,
            0.1663172221475659,
            0.052183164400126714
        ],
        [
            -0.027273361230682087,
            -0.04238247458325614,
            0.0003334681936819076,
            0.012431128729063967,
            0.0028115194343014947,
            0.027358922829528,
            0.029698990854403664,
            7.453221315522231e-05,
            0.025713740590606486,
            -0.002783314124965063,
            0.0820648673395465,
            0.13044063736574887,
            -0.01216155970015552,
            0.13191584753610563,
            0.05899845892987048,
            0.36063616407723925,
            0.24592172549484845,
            -0.004030448731615776,
            0.07214573553841212,
            0.01955689926285645
        ],
        [
            0.0018926437670650966,
            0.0012794826794767442,
            -0.0001563055291367558,
            -0.005578045562486876,
            -0.0017342855393360905,
            -0.005364652243629996,
            0.0013584502359488698,
            0.0013722516701489176,
            0.01485985222526416,
            -0.006265919566449537,
            0.024513222173479586,
            0.0031251663477213578,
            0.0017049822162627912,
            0.0011307938755347711,
            -0.007026049989141207,
            -0.010797126364365564,
            -0.004030448731615776,
            0.0014797858827748473,
            -0.017314576421077844,
            -0.006986593131564619
        ],
        [
            -0.011399710334719683,
            -0.020528750068700762,
            0.0010363904100249392,
            0.034858972083101826,
            0.012140977798797753,
            0.007998909734891358,
            -0.03172109410315443,
            -0.015511797001609668,
            -0.16936503088202753,
            0.06579396363353607,
            -0.28607300718003836,
            -0.034409482039723195,
            -0.01879437104006433,
            0.03197643814014182,
            0.07832444685453543,
            0.1663172221475659,
            0.07214573553841212,
            -0.017314576421077844,
            0.21142560236485655,
            0.08238437461689999
        ],
        [
            -0.007557699008036737,
            -0.006123598622705007,
            0.0006631463903212237,
            0.02346716274981377,
            0.007431065079779501,
            0.020120529899695407,
            -0.00808919361009372,
            -0.006458467157139648,
            -0.07031149601801344,
            0.029009956874004393,
            -0.1168051715948392,
            -0.01560536842315822,
            -0.007884886111171958,
            -0.002136113515395574,
            0.032505867628333136,
            0.052183164400126714,
            0.01955689926285645,
            -0.006986593131564619,
            0.08238437461689999,
            0.033041914336457485
        ]
    ]
}