{
    "opt_E": -2.201733250735831,
    "HF_E": -2.17238544708376,
    "B3LYP_E": -2.1737535037744338,
    "sto-3G_E": -2.168135937388032,
    "proj": [
        [
            0.5178325849333857,
            0.31384581297891023,
            0.04187020146835709,
            -0.172567055001524,
            0.0027192650038731195,
            0.0792842817975752,
            0.18333394503989867,
            0.06562912799616925,
            -0.26783488542126677,
            -0.0021005121217262737,
            0.03795344243439389,
            0.02870573796288673,
            0.0018172152353686816,
            0.009151045396128626,
            -0.0009956312689543857,
            -0.001077815292493964,
            -0.024093339034883865,
            -0.013931674877596386,
            -0.02369833481225812,
            0.002929689580735005
        ],
        [
            0.31384581297891023,
            0.2023448067701777,
            0.01288384430823755,
            -0.05212558226073359,
            0.001279688177259306,
            0.1247320789088489,
            0.13361945442144332,
            0.03343975463716427,
            -0.14667575300674354,
            0.0016507892224349886,
            0.02465982219761615,
            0.025141700524716686,
            0.005147506885478393,
            -0.036412866041665375,
            0.008014169194903324,
            -0.020521799033724142,
            -0.02342277111704408,
            -0.007242993871324994,
            -0.01690570103733478,
            0.002376701098783851
        ],
        [
            0.04187020146835709,
            0.01288384430823755,
            0.017891342317766158,
            -0.07518437408302721,
            0.0004916356328231088,
            -0.08020058293517143,
            -0.00838011618026207,
            0.010773786068656784,
            -0.030146961439072514,
            -0.005658722797203855,
            0.020300272505853183,
            -0.0072452724440332066,
            -0.012853625219039716,
            0.03628874520843362,
            -0.0076746985806553075,
            -0.0008628408138616199,
            -0.003021391930925638,
            -0.010483398152693774,
            -0.01749357510364481,
            0.0029195138886296853
        ],
        [
            -0.172567055001524,
            -0.05212558226073359,
            -0.07518437408302721,
            0.3163591345326181,
            -0.0020723805559157223,
            0.3405023058565363,
            0.03893343379304055,
            -0.045269515677931145,
            0.12738003356723185,
            0.02328070920777985,
            -0.07772960159490154,
            0.03739901725999144,
            0.05597135852597105,
            -0.14835159419670865,
            0.031544153558657036,
            0.01653610244832884,
            0.021485885981150546,
            0.04406526648233254,
            0.07377152467543281,
            -0.012340412575019662
        ],
        [
            0.0027192650038731195,
            0.001279688177259306,
            0.0004916356328231088,
            -0.0020723805559157223,
            3.874201993687208e-05,
            -0.0016481558306963339,
            -7.118427216512353e-05,
            0.0006941097057975771,
            -0.002918631407038406,
            0.0001916379615909343,
            -0.002582748362584827,
            -0.0008658605108209169,
            0.00042650494477277333,
            0.0014810275541371131,
            -0.0002916276062892609,
            0.0007817236696320443,
            -0.0001490183802754232,
            0.0006178250681108571,
            0.0015596430292462162,
            -0.0002923163889381994
        ],
        [
            0.0792842817975752,
            0.1247320789088489,
            -0.08020058293517143,
            0.3405023058565363,
            -0.0016481558306963339,
            0.5415175854720267,
            0.18390661482469606,
            -0.02841969562442538,
            0.04286787075712001,
            0.024783104337222358,
            -0.01508286039601245,
            0.09459193757344656,
            0.06853350457218356,
            -0.21498507253831872,
            0.04608770148811515,
            0.019388584520659835,
            0.024423873641275216,
            0.03585994374136927,
            0.04931066737623859,
            -0.008354988609814496
        ],
        [
            0.18333394503989867,
            0.13361945442144332,
            -0.00838011618026207,
            0.03893343379304055,
            -7.118427216512353e-05,
            0.18390661482469606,
            0.12662984409773428,
            0.006531030788020941,
            -0.03550964353311191,
            -0.0025855288997670353,
            0.10062402024785307,
            0.07478037076114617,
            0.010551994078425268,
            -0.05496780716904262,
            0.012249418099693658,
            0.031685326322433933,
            0.029523349159981692,
            -0.013604552030451977,
            -0.036217305755400324,
            0.006225499316873789
        ],
        [
            0.06562912799616925,
            0.03343975463716427,
            0.010773786068656784,
            -0.045269515677931145,
            0.0006941097057975771,
            -0.02841969562442538,
            0.006531030788020941,
            0.013545572746749822,
            -0.05460421634498541,
            0.0016224552516383934,
            -0.029270519880441947,
            -0.011869816203933048,
            0.003255860809706363,
            0.023170544960418267,
            -0.004617346988713708,
            0.00689238379574066,
            -0.005382695068436625,
            0.005590943461130427,
            0.015887850471500407,
            -0.0030996216129700644
        ],
        [
            -0.26783488542126677,
            -0.14667575300674354,
            -0.030146961439072514,
            0.12738003356723185,
            -0.002918631407038406,
            0.04286787075712001,
            -0.03550964353311191,
            -0.05460421634498541,
            0.2404936243237711,
            -0.017789327716030978,
            0.1991174173874943,
            0.0642032294116936,
            -0.03337073263486231,
            -0.06481489126191985,
            0.012469007549123749,
            -0.019458938887491,
            0.03642604913122789,
            -0.04581160504366932,
            -0.11129484406429047,
            0.020900544022522845
        ],
        [
            -0.0021005121217262737,
            0.0016507892224349886,
            -0.005658722797203855,
            0.02328070920777985,
            0.0001916379615909343,
            0.024783104337222358,
            -0.0025855288997670353,
            0.0016224552516383934,
            -0.017789327716030978,
            0.007129859480063979,
            -0.05925394398974944,
            -0.014223674088803944,
            0.013486211517065076,
            -0.0057140767072548105,
            0.0013777622467165765,
            0.0022032125846135047,
            -0.006535712804189931,
            0.016649804758848037,
            0.03553579739253192,
            -0.006364755131065688
        ],
        [
            0.03795344243439389,
            0.02465982219761615,
            0.020300272505853183,
            -0.07772960159490154,
            -0.002582748362584827,
            -0.01508286039601245,
            0.10062402024785307,
            -0.029270519880441947,
            0.1991174173874943,
            -0.05925394398974944,
            0.5785804553442624,
            0.19712072141100437,
            -0.09176507707145828,
            -0.011051772187629262,
            0.0016656202562156139,
            0.0419296104652584,
            0.109109545727673,
            -0.14125911678293704,
            -0.31113843851917433,
            0.05586661086395394
        ],
        [
            0.02870573796288673,
            0.025141700524716686,
            -0.0072452724440332066,
            0.03739901725999144,
            -0.0008658605108209169,
            0.09459193757344656,
            0.07478037076114617,
            -0.011869816203933048,
            0.0642032294116936,
            -0.014223674088803944,
            0.19712072141100437,
            0.13440230482377985,
            0.01693396367643032,
            0.03023453912672796,
            -0.004260440899510072,
            0.1803590244074397,
            0.13934196957401962,
            -0.019874368744506838,
            -0.04415275132043026,
            0.007722512006973633
        ],
        [
            0.0018172152353686816,
            0.005147506885478393,
            -0.012853625219039716,
            0.05597135852597105,
            0.00042650494477277333,
            0.06853350457218356,
            0.010551994078425268,
            0.003255860809706363,
            -0.03337073263486231,
            0.013486211517065076,
            -0.09176507707145828,
            0.01693396367643032,
            0.049188040520660156,
            0.029516435466994864,
            -0.004407515907289736,
            0.11550804123514913,
            0.05781355742846038,
            0.042839537017732125,
            0.09442332997723542,
            -0.01710486862080254
        ],
        [
            0.009151045396128626,
            -0.036412866041665375,
            0.03628874520843362,
            -0.14835159419670865,
            0.0014810275541371131,
            -0.21498507253831872,
            -0.05496780716904262,
            0.023170544960418267,
            -0.06481489126191985,
            -0.0057140767072548105,
            -0.011051772187629262,
            0.03023453912672796,
            0.029516435466994864,
            0.20017013760512112,
            -0.03909810666595828,
            0.2349518189408229,
            0.1305547183661266,
            0.022761632785507347,
            0.07052203098262877,
            -0.013421087121071389
        ],
        [
            -0.0009956312689543857,
            0.008014169194903324,
            -0.0076746985806553075,
            0.031544153558657036,
            -0.0002916276062892609,
            0.04608770148811515,
            0.012249418099693658,
            -0.004617346988713708,
            0.012469007549123749,
            0.0013777622467165765,
            0.0016656202562156139,
            -0.004260440899510072,
            -0.004407515907289736,
            -0.03909810666595828,
            0.007691138501139462,
            -0.04225428013739598,
            -0.02329385062594091,
            -0.003602106610258185,
            -0.01202509261286994,
            0.002304085034123115
        ],
        [
            -0.001077815292493964,
            -0.020521799033724142,
            -0.0008628408138616199,
            0.01653610244832884,
            0.0007817236696320443,
            0.019388584520659835,
            0.031685326322433933,
            0.00689238379574066,
            -0.019458938887491,
            0.0022032125846135047,
            0.0419296104652584,
            0.1803590244074397,
            0.11550804123514913,
            0.2349518189408229,
            -0.04225428013739598,
            0.543092308595065,
            0.33234830511957625,
            0.06532149908777193,
            0.15943991195576773,
            -0.029568963893889917
        ],
        [
            -0.024093339034883865,
            -0.02342277111704408,
            -0.003021391930925638,
            0.021485885981150546,
            -0.0001490183802754232,
            0.024423873641275216,
            0.029523349159981692,
            -0.005382695068436625,
            0.03642604913122789,
            -0.006535712804189931,
            0.109109545727673,
            0.13934196957401962,
            0.05781355742846038,
            0.1305547183661266,
            -0.02329385062594091,
            0.33234830511957625,
            0.2178319822494653,
            0.02009122419936726,
            0.05204545632731369,
            -0.009807901433456955
        ],
        [
            -0.013931674877596386,
            -0.007242993871324994,
            -0.010483398152693774,
            0.04406526648233254,
            0.0006178250681108571,
            0.03585994374136927,
            -0.013604552030451977,
            0.005590943461130427,
            -0.04581160504366932,
            0.016649804758848037,
            -0.14125911678293704,
            -0.019874368744506838,
            0.042839537017732125,
            0.022761632785507347,
            -0.003602106610258185,
            0.06532149908777193,
            0.02009122419936726,
            0.04679277798592545,
            0.10340593273606367,
            -0.01864588515251256
        ],
        [
            -0.02369833481225812,
            -0.01690570103733478,
            -0.01749357510364481,
            0.07377152467543281,
            0.0015596430292462162,
            0.04931066737623859,
            -0.036217305755400324,
            0.015887850471500407,
            -0.11129484406429047,
            0.03553579739253192,
            -0.31113843851917433,
            -0.04415275132043026,
            0.09442332997723542,
            0.07052203098262877,
            -0.01202509261286994,
            0.15943991195576773,
            0.05204545632731369,
            0.10340593273606367,
            0.23092217031498988,
            -0.041726464114369234
        ],
        [
            0.002929689580735005,
            0.002376701098783851,
            0.0029195138886296853,
            -0.012340412575019662,
            -0.0002923163889381994,
            -0.008354988609814496,
            0.006225499316873789,
            -0.0030996216129700644,
            0.020900544022522845,
            -0.006364755131065688,
            0.05586661086395394,
            0.007722512006973633,
            -0.01710486862080254,
            -0.013421087121071389,
            0.002304085034123115,
            -0.029568963893889917,
            -0.009807901433456955,
            -0.01864588515251256,
            -0.041726464114369234,
            0.007545587365361618
        ]
    ]
}