{
    "opt_E": -2.197185858351281,
    "HF_E": -2.1672834491478383,
    "B3LYP_E": -2.168742519092719,
    "sto-3G_E": -2.1546880971467717,
    "proj": [
        [
            0.5482747828822231,
            0.3440901663558231,
            -0.0407623834168957,
            -0.17875077186669736,
            0.01331022667082884,
            0.026341663412074962,
            0.1762676603392245,
            -0.07255090035287862,
            -0.2321109747846175,
            0.008880782634041875,
            0.034665448380538644,
            0.03065227054568086,
            -0.0008923506747269387,
            0.030583505515896895,
            -0.005198801576918655,
            -0.00302974583603676,
            -0.027707710820868148,
            -0.01247067199345291,
            -0.021395944055612497,
            -0.0020304153894920678
        ],
        [
            0.3440901663558231,
            0.2313663925899045,
            -0.012784241673894947,
            -0.06088564029299967,
            0.005065516909484088,
            0.10310041364740764,
            0.13860782327464674,
            -0.03782197907691997,
            -0.13847289297637339,
            0.0074702029443634915,
            0.027199989235476663,
            0.02700831093883057,
            0.0015993124361869371,
            -0.0332449763217174,
            0.006337579278840507,
            -0.029913631089526306,
            -0.031152659832178724,
            -0.008789637651154416,
            -0.021885311200935825,
            -0.00036776961191065376
        ],
        [
            -0.0407623834168957,
            -0.012784241673894947,
            0.016382782414765252,
            0.0652895926386638,
            -0.004180877860014962,
            0.08310656882402136,
            0.012540122964255995,
            0.0154166845988002,
            0.011681457854242162,
            0.0043853536867689445,
            -0.01810499520017633,
            0.009006109999755877,
            0.012439217200063635,
            -0.036975703633636905,
            0.011820327887953038,
            0.005433830320541086,
            0.005276855158545362,
            0.009930648553249922,
            0.017970544207011736,
            0.0015366526977570048
        ],
        [
            -0.17875077186669736,
            -0.06088564029299967,
            0.0652895926386638,
            0.2616378277285836,
            -0.01689884890099943,
            0.326431879505354,
            0.045927555863731095,
            0.06114548045360792,
            0.06317900745634736,
            0.014531999592153852,
            -0.05400297655388748,
            0.036974713078760296,
            0.04411646525026135,
            -0.15239734256329998,
            0.04539210246037042,
            0.01178217310103227,
            0.0184268465557274,
            0.03342681710360871,
            0.05677887253307435,
            0.005740901572987521
        ],
        [
            0.01331022667082884,
            0.005065516909484088,
            -0.004180877860014962,
            -0.01689884890099943,
            0.0011061273071239176,
            -0.020260128238486337,
            -0.0023772811057449195,
            -0.003923493256390191,
            -0.005705341324970916,
            -0.000652583139366678,
            0.0018725027742740928,
            -0.002366907725618031,
            -0.0022911543563321896,
            0.010203858266536137,
            -0.0027309635395267404,
            0.0002543309000407098,
            -0.000884065220632707,
            -0.001574935004333979,
            -0.0022725944727797973,
            -0.00033220585345212974
        ],
        [
            0.026341663412074962,
            0.10310041364740764,
            0.08310656882402136,
            0.326431879505354,
            -0.020260128238486337,
            0.5625908740604604,
            0.19296258252531384,
            0.05198323606762047,
            0.0009358251428938287,
            0.02091321616350296,
            0.0026630107586496326,
            0.1040803939715839,
            0.06422848804513498,
            -0.23760376750942422,
            0.06877862120184204,
            0.02650725499430911,
            0.029577246154750183,
            0.031185488749168936,
            0.041924921389463306,
            0.007067841029152199
        ],
        [
            0.1762676603392245,
            0.13860782327464674,
            0.012540122964255995,
            0.045927555863731095,
            -0.0023772811057449195,
            0.19296258252531384,
            0.13125869621137198,
            -0.013521588732140084,
            -0.03368912803542463,
            -0.000248870634577472,
            0.09646918959409241,
            0.0773949554232767,
            0.0143000079650163,
            -0.06006345324890352,
            0.016549811647569107,
            0.03720392487487621,
            0.030646108959633458,
            -0.011241276447616877,
            -0.033026821668904735,
            0.00018667116896704607
        ],
        [
            -0.07255090035287862,
            -0.03782197907691997,
            0.0154166845988002,
            0.06114548045360792,
            -0.003923493256390191,
            0.05198323606762047,
            -0.013521588732140084,
            0.020792471874373577,
            0.00596991568369058,
            0.007667140965496431,
            -0.06030983369856522,
            -0.010547053995839223,
            0.014796525957056174,
            -0.024527448816241863,
            0.01086408460258004,
            0.0023595747616860243,
            -0.0014041189689305243,
            0.01901804434355627,
            0.04042568104970196,
            0.0020293773583231877
        ],
        [
            -0.2321109747846175,
            -0.13847289297637339,
            0.011681457854242162,
            0.06317900745634736,
            -0.005705341324970916,
            0.0009358251428938287,
            -0.03368912803542463,
            0.00596991568369058,
            0.2174924324417865,
            -0.03448165633291986,
            0.23660724958195323,
            0.05667491807424641,
            -0.041082732773232225,
            -0.04400662076192598,
            -0.011973855850816874,
            -0.019888520320664124,
            0.034105565165145714,
            -0.061552071756968335,
            -0.1493102450326409,
            -0.00380029321904099
        ],
        [
            0.008880782634041875,
            0.0074702029443634915,
            0.0043853536867689445,
            0.014531999592153852,
            -0.000652583139366678,
            0.02091321616350296,
            -0.000248870634577472,
            0.007667140965496431,
            -0.03448165633291986,
            0.009064396440524718,
            -0.0656564889414613,
            -0.014236717937279727,
            0.01312656999474812,
            -0.002498952557335165,
            0.006512297211458098,
            0.00433619389634978,
            -0.006437383801024179,
            0.018435376768464636,
            0.04236486420223783,
            0.0014909329519059641
        ],
        [
            0.034665448380538644,
            0.027199989235476663,
            -0.01810499520017633,
            -0.05400297655388748,
            0.0018725027742740928,
            0.0026630107586496326,
            0.09646918959409241,
            -0.06030983369856522,
            0.23660724958195323,
            -0.0656564889414613,
            0.5523481770252461,
            0.18070517965657942,
            -0.07139616864619461,
            -0.006197365876977239,
            -0.03216178957226594,
            0.055582763735522275,
            0.10780531874786048,
            -0.13406151293382548,
            -0.31178629614143893,
            -0.010339378513636402
        ],
        [
            0.03065227054568086,
            0.02700831093883057,
            0.009006109999755877,
            0.036974713078760296,
            -0.002366907725618031,
            0.1040803939715839,
            0.0773949554232767,
            -0.010547053995839223,
            0.05667491807424641,
            -0.014236717937279727,
            0.18070517965657942,
            0.12574052138526506,
            0.022710036455718424,
            0.03051818397521533,
            0.005527700682104684,
            0.18089897299173058,
            0.13445382375256412,
            -0.015980046419354008,
            -0.035580588355704726,
            -0.001637083178147311
        ],
        [
            -0.0008923506747269387,
            0.0015993124361869371,
            0.012439217200063635,
            0.04411646525026135,
            -0.0022911543563321896,
            0.06422848804513498,
            0.0143000079650163,
            0.014796525957056174,
            -0.041082732773232225,
            0.01312656999474812,
            -0.07139616864619461,
            0.022710036455718424,
            0.04137738969963735,
            0.02782280863217886,
            0.014646706310017034,
            0.11015589685890517,
            0.05792329901562324,
            0.037021196890373774,
            0.08762888759339306,
            0.002502573632032739
        ],
        [
            0.030583505515896895,
            -0.0332449763217174,
            -0.036975703633636905,
            -0.15239734256329998,
            0.010203858266536137,
            -0.23760376750942422,
            -0.06006345324890352,
            -0.024527448816241863,
            -0.04400662076192598,
            -0.002498952557335165,
            -0.006197365876977239,
            0.03051818397521533,
            0.02782280863217886,
            0.2225936605138154,
            -0.02357532326136368,
            0.23843204379473604,
            0.13410672903366905,
            0.022819700881904263,
            0.07772607955758717,
            -0.0022521772729633942
        ],
        [
            -0.005198801576918655,
            0.006337579278840507,
            0.011820327887953038,
            0.04539210246037042,
            -0.0027309635395267404,
            0.06877862120184204,
            0.016549811647569107,
            0.01086408460258004,
            -0.011973855850816874,
            0.006512297211458098,
            -0.03216178957226594,
            0.005527700682104684,
            0.014646706310017034,
            -0.02357532326136368,
            0.01066409802178795,
            0.012013819681897242,
            0.004865582535419181,
            0.013447523776191612,
            0.0279447903265217,
            0.0015309210506118487
        ],
        [
            -0.00302974583603676,
            -0.029913631089526306,
            0.005433830320541086,
            0.01178217310103227,
            0.0002543309000407098,
            0.02650725499430911,
            0.03720392487487621,
            0.0023595747616860243,
            -0.019888520320664124,
            0.00433619389634978,
            0.055582763735522275,
            0.18089897299173058,
            0.11015589685890517,
            0.23843204379473604,
            0.012013819681897242,
            0.535415982704908,
            0.3296169117514477,
            0.062234908497798135,
            0.16644174706394316,
            0.0009381515716498599
        ],
        [
            -0.027707710820868148,
            -0.031152659832178724,
            0.005276855158545362,
            0.0184268465557274,
            -0.000884065220632707,
            0.029577246154750183,
            0.030646108959633458,
            -0.0014041189689305243,
            0.034105565165145714,
            -0.006437383801024179,
            0.10780531874786048,
            0.13445382375256412,
            0.05792329901562324,
            0.13410672903366905,
            0.004865582535419181,
            0.3296169117514477,
            0.21492667362384366,
            0.020313395484282955,
            0.059014767065570774,
            -0.0005649626390254312
        ],
        [
            -0.01247067199345291,
            -0.008789637651154416,
            0.009930648553249922,
            0.03342681710360871,
            -0.001574935004333979,
            0.031185488749168936,
            -0.011241276447616877,
            0.01901804434355627,
            -0.061552071756968335,
            0.018435376768464636,
            -0.13406151293382548,
            -0.015980046419354008,
            0.037021196890373774,
            0.022819700881904263,
            0.013447523776191612,
            0.062234908497798135,
            0.020313395484282955,
            0.04480281527589097,
            0.10563810168667317,
            0.0031572868689176106
        ],
        [
            -0.021395944055612497,
            -0.021885311200935825,
            0.017970544207011736,
            0.05677887253307435,
            -0.0022725944727797973,
            0.041924921389463306,
            -0.033026821668904735,
            0.04042568104970196,
            -0.1493102450326409,
            0.04236486420223783,
            -0.31178629614143893,
            -0.035580588355704726,
            0.08762888759339306,
            0.07772607955758717,
            0.0279447903265217,
            0.16644174706394316,
            0.059014767065570774,
            0.10563810168667317,
            0.2518699398214031,
            0.006998710530867176
        ],
        [
            -0.0020304153894920678,
            -0.00036776961191065376,
            0.0015366526977570048,
            0.005740901572987521,
            -0.00033220585345212974,
            0.007067841029152199,
            0.00018667116896704607,
            0.0020293773583231877,
            -0.00380029321904099,
            0.0014909329519059641,
            -0.010339378513636402,
            -0.001637083178147311,
            0.002502573632032739,
            -0.0022521772729633942,
            0.0015309210506118487,
            0.0009381515716498599,
            -0.0005649626390254312,
            0.0031572868689176106,
            0.006998710530867176,
            0.00029395797708449677
        ]
    ]
}