{
    "opt_E": -2.1689030528464155,
    "HF_E": -2.1391583072216305,
    "B3LYP_E": -2.140618499475597,
    "sto-3G_E": -2.124648468316524,
    "proj": [
        [
            0.5467757579851819,
            0.35142632711873595,
            0.005478515234522312,
            -0.18513122124377665,
            0.0009373248721588737,
            0.027007119086132902,
            0.17689138630511328,
            0.024038286995335213,
            -0.2235907973275185,
            -0.0019806165506182807,
            0.04677209068417608,
            0.02788066940524846,
            0.00622422732577409,
            0.045292647957332136,
            0.0024652341146200766,
            0.0011387275185676372,
            -0.03238329059300336,
            -5.125384723114842e-05,
            -0.03477543817826269,
            -0.009593698353498851
        ],
        [
            0.35142632711873595,
            0.2392244671020617,
            0.0014688473041926688,
            -0.07396340592365233,
            0.0005958942043835335,
            0.09000501525994455,
            0.13681991757234882,
            0.011442075976575709,
            -0.13841805691590767,
            -0.0015905484443855752,
            0.03884929924826212,
            0.022861270956367186,
            -0.0043858000416227005,
            -0.029285105187400087,
            -0.0014949433109797418,
            -0.033601456282586366,
            -0.039204890070960084,
            -0.0011758392561849863,
            -0.035502614428311687,
            -0.008370498402927595
        ],
        [
            0.005478515234522312,
            0.0014688473041926688,
            0.0006273974223010044,
            -0.012878437198519561,
            3.264567085776021e-06,
            -0.016284120786773618,
            -0.0027647067726108156,
            0.0020243126107040367,
            0.0015421564092246206,
            -6.557113886866251e-05,
            0.004465520353537577,
            -0.0026288410307146234,
            0.0019501960317555949,
            0.00809031723902414,
            -0.0013404018826666207,
            -0.0026690275673249015,
            -0.002080773007493685,
            -0.00027986697372470566,
            -0.006136919226249081,
            -0.0016072141892826937
        ],
        [
            -0.18513122124377665,
            -0.07396340592365233,
            -0.012878437198519561,
            0.2809605182670679,
            -0.0001560964285120036,
            0.3266173227461609,
            0.03849748947168151,
            -0.03842454820111382,
            0.029771015812546934,
            0.000815754077972334,
            -0.05216888949680433,
            0.05113878766083891,
            -0.039556613411885086,
            -0.1871028121549686,
            0.018354924851007294,
            0.024052916592505136,
            0.032357820939939094,
            0.0030762141858570805,
            0.08460278479050201,
            0.023426265998153305
        ],
        [
            0.0009373248721588737,
            0.0005958942043835335,
            3.264567085776021e-06,
            -0.0001560964285120036,
            6.818098072586298e-06,
            0.0005054006163027367,
            0.0006599893397928188,
            0.000145174058660187,
            0.00017778776247416955,
            -2.1751494952528712e-05,
            0.0013261397561140351,
            0.0007985682780114997,
            2.6098480852060385e-05,
            0.00041472407377971324,
            7.315619878866544e-05,
            0.001190361775353006,
            0.0008197695554761783,
            -1.2184080532796491e-05,
            -0.00037661853361849667,
            -0.00010234238194459272
        ],
        [
            0.027007119086132902,
            0.09000501525994455,
            -0.016284120786773618,
            0.3266173227461609,
            0.0005054006163027367,
            0.5333179322617907,
            0.17863582689152432,
            -0.03583361817700003,
            -0.030993156151543137,
            -0.0012995964113862142,
            0.034365309860056405,
            0.12109205946514996,
            -0.055947382986391354,
            -0.2686934466260259,
            0.02304177059778504,
            0.0456044703976697,
            0.045349722000989544,
            0.0015774273718248363,
            0.053254912377301115,
            0.016788436541764384
        ],
        [
            0.17689138630511328,
            0.13681991757234882,
            -0.0027647067726108156,
            0.03849748947168151,
            0.0006599893397928188,
            0.17863582689152432,
            0.12422239094881163,
            0.005515190911344658,
            -0.03372239147149984,
            -0.0022671059157397234,
            0.105054435300585,
            0.07297325833586485,
            -0.01289947295382926,
            -0.06290890711855048,
            0.0036080797954606454,
            0.036002742478087664,
            0.025468897425894334,
            -0.001976464358448339,
            -0.040918439876352214,
            -0.009258587392367618
        ],
        [
            0.024038286995335213,
            0.011442075976575709,
            0.0020243126107040367,
            -0.03842454820111382,
            0.000145174058660187,
            -0.03583361817700003,
            0.005515190911344658,
            0.011166607946210591,
            0.027991760694265733,
            -0.000987978707913955,
            0.06122056196362285,
            0.00858973937248338,
            0.006260056805110912,
            0.020718879474792888,
            -0.006875521852785943,
            -0.0002749611261965992,
            0.003111069421945384,
            -0.0024036439687662955,
            -0.04753618056631081,
            -0.011870767633631266
        ],
        [
            -0.2235907973275185,
            -0.13841805691590767,
            0.0015421564092246206,
            0.029771015812546934,
            0.00017778776247416955,
            -0.030993156151543137,
            -0.03372239147149984,
            0.027991760694265733,
            0.2710204055748219,
            -0.003921224483402886,
            0.27288967124950814,
            0.04783265840837864,
            0.00869358870660873,
            -0.028138332684944225,
            -0.03282347248475947,
            -0.025122126823435724,
            0.026008382750673152,
            -0.012052364191364885,
            -0.20509965438842379,
            -0.04909565624717816
        ],
        [
            -0.0019806165506182807,
            -0.0015905484443855752,
            -6.557113886866251e-05,
            0.000815754077972334,
            -2.1751494952528712e-05,
            -0.0012995964113862142,
            -0.0022671059157397234,
            -0.000987978707913955,
            -0.003921224483402886,
            0.0001386390759513888,
            -0.008244649519072172,
            -0.0023542238812691864,
            -0.0001612096364290659,
            0.000572051669807747,
            0.0006710186782647879,
            -0.00027281043751292694,
            -0.0008781614169336828,
            0.0003013108466652984,
            0.005588829180317141,
            0.0013507818772186093
        ],
        [
            0.04677209068417608,
            0.03884929924826212,
            0.004465520353537577,
            -0.05216888949680433,
            0.0013261397561140351,
            0.034365309860056405,
            0.105054435300585,
            0.06122056196362285,
            0.27288967124950814,
            -0.008244649519072172,
            0.5114583213588106,
            0.15456445217933143,
            0.015271254548271905,
            0.013356586160683793,
            -0.03547163586962861,
            0.07742732241337415,
            0.09613794872421882,
            -0.017278020281988212,
            -0.324857959887651,
            -0.07935785286050803
        ],
        [
            0.02788066940524846,
            0.022861270956367186,
            -0.0026288410307146234,
            0.05113878766083891,
            0.0007985682780114997,
            0.12109205946514996,
            0.07297325833586485,
            0.00858973937248338,
            0.04783265840837864,
            -0.0023542238812691864,
            0.15456445217933143,
            0.11722423826669948,
            -0.003924819146264401,
            0.029443955926171488,
            0.016622944107753602,
            0.18547974466646017,
            0.13216382232337265,
            -0.00012252477954375536,
            -0.016142468159504163,
            -0.004990127779758234
        ],
        [
            0.00622422732577409,
            -0.0043858000416227005,
            0.0019501960317555949,
            -0.039556613411885086,
            2.6098480852060385e-05,
            -0.055947382986391354,
            -0.01289947295382926,
            0.006260056805110912,
            0.00869358870660873,
            -0.0001612096364290659,
            0.015271254548271905,
            -0.003924819146264401,
            0.006888679947442178,
            0.035583064630491275,
            -0.002229682212871943,
            0.008337131278123447,
            0.00462505352303934,
            -0.00048390042300419965,
            -0.013343969400366319,
            -0.0038059662306990346
        ],
        [
            0.045292647957332136,
            -0.029285105187400087,
            0.00809031723902414,
            -0.1871028121549686,
            0.00041472407377971324,
            -0.2686934466260259,
            -0.06290890711855048,
            0.020718879474792888,
            -0.028138332684944225,
            0.000572051669807747,
            0.013356586160683793,
            0.029443955926171488,
            0.035583064630491275,
            0.28076795284417916,
            0.024127260224203105,
            0.24313452920109085,
            0.14161929326544972,
            0.005992623654750108,
            0.0660266919810819,
            0.010983331143024798
        ],
        [
            0.0024652341146200766,
            -0.0014949433109797418,
            -0.0013404018826666207,
            0.018354924851007294,
            7.315619878866544e-05,
            0.02304177059778504,
            0.0036080797954606454,
            -0.006875521852785943,
            -0.03282347248475947,
            0.0006710186782647879,
            -0.03547163586962861,
            0.016622944107753602,
            -0.002229682212871943,
            0.024127260224203105,
            0.013920490720504877,
            0.06793450076135059,
            0.03928605765439101,
            0.003434056409851887,
            0.056951000121552325,
            0.013239826846028984
        ],
        [
            0.0011387275185676372,
            -0.033601456282586366,
            -0.0026690275673249015,
            0.024052916592505136,
            0.001190361775353006,
            0.0456044703976697,
            0.036002742478087664,
            -0.0002749611261965992,
            -0.025122126823435724,
            -0.00027281043751292694,
            0.07742732241337415,
            0.18547974466646017,
            0.008337131278123447,
            0.24313452920109085,
            0.06793450076135059,
            0.5149804827575726,
            0.3293190786057222,
            0.01222286046013108,
            0.17294556614997314,
            0.03665458433366585
        ],
        [
            -0.03238329059300336,
            -0.039204890070960084,
            -0.002080773007493685,
            0.032357820939939094,
            0.0008197695554761783,
            0.045349722000989544,
            0.025468897425894334,
            0.003111069421945384,
            0.026008382750673152,
            -0.0008781614169336828,
            0.09613794872421882,
            0.13216382232337265,
            0.00462505352303934,
            0.14161929326544972,
            0.03928605765439101,
            0.3293190786057222,
            0.21797323386766307,
            0.005958126400756087,
            0.07970077403036677,
            0.016176067751951965
        ],
        [
            -5.125384723114842e-05,
            -0.0011758392561849863,
            -0.00027986697372470566,
            0.0030762141858570805,
            -1.2184080532796491e-05,
            0.0015774273718248363,
            -0.001976464358448339,
            -0.0024036439687662955,
            -0.012052364191364885,
            0.0003013108466652984,
            -0.017278020281988212,
            -0.00012252477954375536,
            -0.00048390042300419965,
            0.005992623654750108,
            0.003434056409851887,
            0.01222286046013108,
            0.005958126400756087,
            0.0010306537129108342,
            0.01767608992720541,
            0.00416137332507153
        ],
        [
            -0.03477543817826269,
            -0.035502614428311687,
            -0.006136919226249081,
            0.08460278479050201,
            -0.00037661853361849667,
            0.053254912377301115,
            -0.040918439876352214,
            -0.04753618056631081,
            -0.20509965438842379,
            0.005588829180317141,
            -0.324857959887651,
            -0.016142468159504163,
            -0.013343969400366319,
            0.0660266919810819,
            0.056951000121552325,
            0.17294556614997314,
            0.07970077403036677,
            0.01767608992720541,
            0.3106342790700289,
            0.0738858871280322
        ],
        [
            -0.009593698353498851,
            -0.008370498402927595,
            -0.0016072141892826937,
            0.023426265998153305,
            -0.00010234238194459272,
            0.016788436541764384,
            -0.009258587392367618,
            -0.011870767633631266,
            -0.04909565624717816,
            0.0013507818772186093,
            -0.07935785286050803,
            -0.004990127779758234,
            -0.0038059662306990346,
            0.010983331143024798,
            0.013239826846028984,
            0.03665458433366585,
            0.016176067751951965,
            0.00416137332507153,
            0.0738858871280322,
            0.017660732771917813
        ]
    ]
}