{
    "opt_E": -2.1983819626572574,
    "HF_E": -2.1676445132253983,
    "B3LYP_E": -2.1694147485536925,
    "sto-3G_E": -2.1542744271504333,
    "proj": [
        [
            0.5415883090931579,
            0.3314406572079766,
            -0.02571831179981751,
            -0.17657273984272626,
            0.03556895506336624,
            0.04685552668719014,
            0.17657372789480902,
            -0.02729885912389299,
            -0.24828958111985006,
            0.06995540829301476,
            0.03856808281568159,
            0.03145494750038065,
            0.0008772801243636211,
            0.026343351931032117,
            0.004981275487947444,
            -0.0054430593602783316,
            -0.029325228547557366,
            0.011877744261543113,
            -0.02057124728375613,
            0.0014984658558013565
        ],
        [
            0.3314406572079766,
            0.21729125254331785,
            -0.008895733630833394,
            -0.0551613518174921,
            0.009544524482170523,
            0.1136599127100392,
            0.13397661309184314,
            -0.016777704487469448,
            -0.14364960155730444,
            0.03258541368117162,
            0.023763295674894533,
            0.02628335839272007,
            -0.009760957573506061,
            -0.03198345829541686,
            -0.006167253972578151,
            -0.02530128603008433,
            -0.029769796496665415,
            0.004904068824970109,
            -0.014168328666147484,
            0.00028557694575374355
        ],
        [
            -0.02571831179981751,
            -0.008895733630833394,
            0.004707665549437336,
            0.035609615593908614,
            -0.008080224355139819,
            0.04091961078076765,
            0.004479167417049975,
            0.0002361544518635851,
            0.013016605456991005,
            -0.009169040036869518,
            -0.007030319541460637,
            0.003439934927052116,
            -0.008011008937954596,
            -0.021374909810947296,
            -0.005048465297091137,
            8.244650146738967e-05,
            0.0013777048447326866,
            -0.003933439946100624,
            0.006191901707164426,
            -0.00020355161250029056
        ],
        [
            -0.17657273984272626,
            -0.0551613518174921,
            0.035609615593908614,
            0.27052931208881237,
            -0.06161934196864932,
            0.3223105630334901,
            0.04388554154790497,
            0.0003218262831457342,
            0.08985778850688264,
            -0.06847934959142778,
            -0.05251009156456198,
            0.032805451937226296,
            -0.06502650863039203,
            -0.16026950725282738,
            -0.039192096612362816,
            0.014796442770588756,
            0.018547597441433705,
            -0.03151650920481691,
            0.05139201201469562,
            -0.0013617540067315057
        ],
        [
            0.03556895506336624,
            0.009544524482170523,
            -0.008080224355139819,
            -0.06161934196864932,
            0.01419110025271131,
            -0.07535343162672203,
            -0.010855368708977022,
            0.0013023386203294858,
            -0.015033309418197015,
            0.016148422670324545,
            0.019505991402581812,
            -0.005678267561948134,
            0.01656396261289729,
            0.036538024604387265,
            0.009308265742030513,
            -0.004818288118625547,
            -0.003655733369213373,
            0.008915376991825217,
            -0.016183876458295197,
            0.0001998476923416359
        ],
        [
            0.04685552668719014,
            0.1136599127100392,
            0.04091961078076765,
            0.3223105630334901,
            -0.07535343162672203,
            0.5466256643801501,
            0.1885570217585947,
            -0.007058322238321122,
            0.020566918998950655,
            -0.05927731897287285,
            0.005117642275536042,
            0.0952061880539189,
            -0.09373813433230223,
            -0.23984566599378832,
            -0.057725674238322144,
            0.02153435972680827,
            0.023324089909777673,
            -0.03004883755616587,
            0.035846235861073196,
            -0.001984587345515103
        ],
        [
            0.17657372789480902,
            0.13397661309184314,
            0.004479167417049975,
            0.04388554154790497,
            -0.010855368708977022,
            0.1885570217585947,
            0.12800416390547908,
            0.0012130663909958033,
            -0.031772307225712414,
            0.012860376786458877,
            0.10251032985318688,
            0.0789738604660475,
            -0.020361825700054365,
            -0.055991585723751895,
            -0.013832096968204805,
            0.03293549433117804,
            0.030524443383888756,
            0.00943071883810358,
            -0.03323843264290884,
            -0.0008384507547068447
        ],
        [
            -0.02729885912389299,
            -0.016777704487469448,
            0.0002361544518635851,
            0.0003218262831457342,
            0.0013023386203294858,
            -0.007058322238321122,
            0.0012130663909958033,
            0.012818591649569997,
            0.04673855487911795,
            0.006809315044320203,
            0.07774696536012785,
            0.0211909301134344,
            0.015847704712073273,
            -0.0034758770947413736,
            0.0028755714776455767,
            -0.014216162522097906,
            0.005318550332283158,
            0.017355980530527625,
            -0.045228029721656876,
            -0.00110119046886856
        ],
        [
            -0.24828958111985006,
            -0.14364960155730444,
            0.013016605456991005,
            0.08985778850688264,
            -0.015033309418197015,
            0.020566918998950655,
            -0.031772307225712414,
            0.04673855487911795,
            0.22208907481085738,
            -0.007343038685494812,
            0.22554694766991815,
            0.06668239651279563,
            0.03710905733222266,
            -0.04099647272757935,
            0.0012378532219480722,
            -0.03245036462938871,
            0.03218601108392068,
            0.04539241075536694,
            -0.1256960628668262,
            -0.0039521049054819495
        ],
        [
            0.06995540829301476,
            0.03258541368117162,
            -0.009169040036869518,
            -0.06847934959142778,
            0.016148422670324545,
            -0.05927731897287285,
            0.012860376786458877,
            0.006809315044320203,
            -0.007343038685494812,
            0.02555929192462657,
            0.07548508446443108,
            0.017614846706846325,
            0.02254274499419398,
            0.033967517760126735,
            0.010025379834782622,
            -0.0031125877663179392,
            0.004768193800906829,
            0.019682029034356677,
            -0.044113908834906436,
            -0.0003247170808535081
        ],
        [
            0.03856808281568159,
            0.023763295674894533,
            -0.007030319541460637,
            -0.05251009156456198,
            0.019505991402581812,
            0.005117642275536042,
            0.10251032985318688,
            0.07774696536012785,
            0.22554694766991815,
            0.07548508446443108,
            0.5804484854197796,
            0.20535634337995726,
            0.09002707859782064,
            0.01417257478747302,
            0.019617710697480917,
            0.0055477722775016235,
            0.09576255225004726,
            0.11803894365908957,
            -0.3018373208956217,
            -0.006167265718046092
        ],
        [
            0.03145494750038065,
            0.02628335839272007,
            0.003439934927052116,
            0.032805451937226296,
            -0.005678267561948134,
            0.0952061880539189,
            0.0789738604660475,
            0.0211909301134344,
            0.06668239651279563,
            0.017614846706846325,
            0.20535634337995726,
            0.1367659405691533,
            -0.012827857321958853,
            0.030732989882994496,
            -0.0021314257104276847,
            0.17001185781152378,
            0.13965249465596577,
            0.020215259564515257,
            -0.051506559526412685,
            -0.0005213942373110199
        ],
        [
            0.0008772801243636211,
            -0.009760957573506061,
            -0.008011008937954596,
            -0.06502650863039203,
            0.01656396261289729,
            -0.09373813433230223,
            -0.020361825700054365,
            0.015847704712073273,
            0.03710905733222266,
            0.02254274499419398,
            0.09002707859782064,
            -0.012827857321958853,
            0.047355128780924134,
            0.004705886235303967,
            0.012708805543710283,
            -0.10090969964951575,
            -0.05038059864204934,
            0.03346578724625467,
            -0.08255041190601663,
            -0.0017743056004494795
        ],
        [
            0.026343351931032117,
            -0.03198345829541686,
            -0.021374909810947296,
            -0.16026950725282738,
            0.036538024604387265,
            -0.23984566599378832,
            -0.055991585723751895,
            -0.0034758770947413736,
            -0.04099647272757935,
            0.033967517760126735,
            0.01417257478747302,
            0.030732989882994496,
            0.004705886235303967,
            0.2000955232544045,
            0.027545857312550704,
            0.2159746080568573,
            0.13017841925806506,
            -0.005357772558398732,
            0.04237311731997911,
            0.0035551385350356094
        ],
        [
            0.004981275487947444,
            -0.006167253972578151,
            -0.005048465297091137,
            -0.039192096612362816,
            0.009308265742030513,
            -0.057725674238322144,
            -0.013832096968204805,
            0.0028755714776455767,
            0.0012378532219480722,
            0.010025379834782622,
            0.019617710697480917,
            -0.0021314257104276847,
            0.012708805543710283,
            0.027545857312550704,
            0.006943709868685176,
            6.149307725946825e-05,
            0.001668301613560397,
            0.0071641776296447034,
            -0.013667641056967375,
            5.632617660876454e-05
        ],
        [
            -0.0054430593602783316,
            -0.02530128603008433,
            8.244650146738967e-05,
            0.014796442770588756,
            -0.004818288118625547,
            0.02153435972680827,
            0.03293549433117804,
            -0.014216162522097906,
            -0.03245036462938871,
            -0.0031125877663179392,
            0.0055477722775016235,
            0.17001185781152378,
            -0.10090969964951575,
            0.2159746080568573,
            6.149307725946825e-05,
            0.5652119086471309,
            0.35427969963556644,
            -0.0562824465775023,
            0.1659370422844921,
            0.006530311772113791
        ],
        [
            -0.029325228547557366,
            -0.029769796496665415,
            0.0013777048447326866,
            0.018547597441433705,
            -0.003655733369213373,
            0.023324089909777673,
            0.030524443383888756,
            0.005318550332283158,
            0.03218601108392068,
            0.004768193800906829,
            0.09576255225004726,
            0.13965249465596577,
            -0.05038059864204934,
            0.13017841925806506,
            0.001668301613560397,
            0.35427969963556644,
            0.23890387437567445,
            -0.017264188858199685,
            0.05638397512329389,
            0.0029335747829997024
        ],
        [
            0.011877744261543113,
            0.004904068824970109,
            -0.003933439946100624,
            -0.03151650920481691,
            0.008915376991825217,
            -0.03004883755616587,
            0.00943071883810358,
            0.017355980530527625,
            0.04539241075536694,
            0.019682029034356677,
            0.11803894365908957,
            0.020215259564515257,
            0.03346578724625467,
            -0.005357772558398732,
            0.0071641776296447034,
            -0.0562824465775023,
            -0.017264188858199685,
            0.03143273420679266,
            -0.08024710653362982,
            -0.0017840853536240284
        ],
        [
            -0.02057124728375613,
            -0.014168328666147484,
            0.006191901707164426,
            0.05139201201469562,
            -0.016183876458295197,
            0.035846235861073196,
            -0.03323843264290884,
            -0.045228029721656876,
            -0.1256960628668262,
            -0.044113908834906436,
            -0.3018373208956217,
            -0.051506559526412685,
            -0.08255041190601663,
            0.04237311731997911,
            -0.013667641056967375,
            0.1659370422844921,
            0.05638397512329389,
            -0.08024710653362982,
            0.20927845940737283,
            0.005040942005798364
        ],
        [
            0.0014984658558013565,
            0.00028557694575374355,
            -0.00020355161250029056,
            -0.0013617540067315057,
            0.0001998476923416359,
            -0.001984587345515103,
            -0.0008384507547068447,
            -0.00110119046886856,
            -0.0039521049054819495,
            -0.0003247170808535081,
            -0.006167265718046092,
            -0.0005213942373110199,
            -0.0017743056004494795,
            0.0035551385350356094,
            5.632617660876454e-05,
            0.006530311772113791,
            0.0029335747829997024,
            -0.0017840853536240284,
            0.005040942005798364,
            0.00015980927196183374
        ]
    ]
}