{
    "opt_E": -2.1341799048786254,
    "HF_E": -2.1034273098973504,
    "B3LYP_E": -2.105123545873605,
    "sto-3G_E": -2.0760887186558836,
    "proj": [
        [
            0.5420473038336449,
            0.3598883968717474,
            0.04458640003611123,
            -0.16370842421348936,
            0.05782094677763982,
            0.033559352855931375,
            0.1754022299016183,
            0.05803811243964245,
            -0.18678570765069605,
            0.10652471404263865,
            0.029013052433814947,
            0.03364656925341367,
            0.009083085644972452,
            0.038644830698887384,
            0.012698537274548678,
            -0.001542141042829339,
            -0.02907092707735919,
            -0.006351754190765013,
            -0.021573475719342424,
            -0.004406248102921988
        ],
        [
            0.3598883968717474,
            0.24807384781258462,
            0.021506133220622,
            -0.07970150171743152,
            0.025999380287725877,
            0.07686507028748372,
            0.13443263236464972,
            0.03430764372125452,
            -0.11779028831848817,
            0.06342794024465727,
            0.037700837944613756,
            0.025590810604337225,
            0.0034958009134314965,
            -0.021383360622189096,
            -0.00269244918589344,
            -0.03403660225200069,
            -0.03825550738796247,
            -0.00899690175471695,
            -0.03405009794400242,
            -0.00723979754759936
        ],
        [
            0.04458640003611123,
            0.021506133220622,
            0.017370697100200932,
            -0.06019075136152778,
            0.026293808619467233,
            -0.07739233753519771,
            -0.007739406079439232,
            0.006356062999315037,
            0.00600758005875515,
            0.02397254006923816,
            0.010591662037859014,
            -0.009425958593598363,
            -0.011216558263806369,
            0.05154570022819296,
            0.00928621050969988,
            -0.006720944982483242,
            -0.006869487724546519,
            -0.00768071932030522,
            -0.01855224213762583,
            -0.0061629928809252285
        ],
        [
            -0.16370842421348936,
            -0.07970150171743152,
            -0.06019075136152778,
            0.21037623866017968,
            -0.09073182996388574,
            0.27059724303972343,
            0.029032910110525327,
            -0.025444962861380465,
            0.00024239601596664755,
            -0.08100259267862357,
            -0.008973886458332235,
            0.04074093754987107,
            0.03520638262776603,
            -0.17665278366213436,
            -0.033322675538231164,
            0.026662355607933664,
            0.02910625443397023,
            0.02087199744843347,
            0.0475385997947361,
            0.016892021860253036
        ],
        [
            0.05782094677763982,
            0.025999380287725877,
            0.026293808619467233,
            -0.09073182996388574,
            0.04004852114295527,
            -0.12156485615392897,
            -0.01549194949494564,
            0.008344307382826918,
            0.015696569925209614,
            0.03553416940577062,
            0.01888333340086153,
            -0.015311605045265242,
            -0.01856450667422504,
            0.07902978031762217,
            0.013858138508904758,
            -0.012545579058153048,
            -0.01116484721264833,
            -0.012762853024295112,
            -0.03132200399690101,
            -0.010278717800578086
        ],
        [
            0.033559352855931375,
            0.07686507028748372,
            -0.07739233753519771,
            0.27059724303972343,
            -0.12156485615392897,
            0.5053762053641707,
            0.16994743228550996,
            -0.01758482021877403,
            -0.058386921082393003,
            -0.068638934185865,
            0.08161565058763477,
            0.11317055310688051,
            0.05551111375530763,
            -0.2857413905392428,
            -0.0551650372883502,
            0.044814080118245045,
            0.04073022236170516,
            0.015178419601679196,
            0.01798280721636762,
            0.013113550326480303
        ],
        [
            0.1754022299016183,
            0.13443263236464972,
            -0.007739406079439232,
            0.029032910110525327,
            -0.01549194949494564,
            0.16994743228550996,
            0.11832903186014275,
            0.006402531896823727,
            -0.029389419750597376,
            0.02213262751302149,
            0.10682962552606898,
            0.0701614844497702,
            0.012402818341500818,
            -0.06228286823884529,
            -0.013723982156181723,
            0.03300688530820454,
            0.02318833896148917,
            -0.0113335703313042,
            -0.04114986257939684,
            -0.008014016001339453
        ],
        [
            0.05803811243964245,
            0.03430764372125452,
            0.006356062999315037,
            -0.025444962861380465,
            0.008344307382826918,
            -0.01758482021877403,
            0.006402531896823727,
            0.010743650970512478,
            -0.045268928766057974,
            0.008744015072329896,
            -0.039180259083070546,
            -0.008121198771827124,
            0.006597077044895777,
            0.016392065493283474,
            0.0062864953603846046,
            0.007585169302515332,
            -0.002275386129106908,
            0.00856995815246814,
            0.02669157017300235,
            0.006926669269098107
        ],
        [
            -0.18678570765069605,
            -0.11779028831848817,
            0.00600758005875515,
            0.00024239601596664755,
            0.015696569925209614,
            -0.058386921082393003,
            -0.029389419750597376,
            -0.045268928766057974,
            0.277186886038367,
            0.017129839172442186,
            0.2896594180318257,
            0.04888090655193233,
            -0.06150047603384889,
            0.03513334570529866,
            -0.013121188946511883,
            -0.028682354122933483,
            0.018288812275234462,
            -0.07167293084395389,
            -0.20893939230389214,
            -0.05711627907604957
        ],
        [
            0.10652471404263865,
            0.06342794024465727,
            0.02397254006923816,
            -0.08100259267862357,
            0.03553416940577062,
            -0.068638934185865,
            0.02213262751302149,
            0.008744015072329896,
            0.017129839172442186,
            0.04378980814579134,
            0.06720700718811269,
            0.01408653891215753,
            -0.014769799563860495,
            0.0664990639429737,
            0.010504691688112251,
            0.010976515493972867,
            0.006343721839657593,
            -0.018201910838559484,
            -0.04875130957134565,
            -0.01404482485009356
        ],
        [
            0.029013052433814947,
            0.037700837944613756,
            0.010591662037859014,
            -0.008973886458332235,
            0.01888333340086153,
            0.08161565058763477,
            0.10682962552606898,
            -0.039180259083070546,
            0.2896594180318257,
            0.06720700718811269,
            0.4847346931029829,
            0.1571552200212942,
            -0.054419289944887726,
            0.03314364520306581,
            -0.017369577004508637,
            0.06679650389826976,
            0.08730494582312905,
            -0.09781298306353221,
            -0.2872214099270236,
            -0.07562776812305123
        ],
        [
            0.03364656925341367,
            0.025590810604337225,
            -0.009425958593598363,
            0.04074093754987107,
            -0.015311605045265242,
            0.11317055310688051,
            0.0701614844497702,
            -0.008121198771827124,
            0.04888090655193233,
            0.01408653891215753,
            0.1571552200212942,
            0.11215866715434825,
            0.021889660876909342,
            0.028732062611459525,
            0.004624959547562386,
            0.17909068089581942,
            0.12966561141524446,
            -0.009179912779983864,
            -0.020375459294529535,
            -0.0038924172586678168
        ],
        [
            0.009083085644972452,
            0.0034958009134314965,
            -0.011216558263806369,
            0.03520638262776603,
            -0.01856450667422504,
            0.05551111375530763,
            0.012402818341500818,
            0.006597077044895777,
            -0.06150047603384889,
            -0.014769799563860495,
            -0.054419289944887726,
            0.021889660876909342,
            0.03186589583981574,
            0.0003012167077220056,
            0.006952930239453616,
            0.09015619492297804,
            0.053359385106527914,
            0.025584167792991126,
            0.07856894337737338,
            0.02178217319486424
        ],
        [
            0.038644830698887384,
            -0.021383360622189096,
            0.05154570022819296,
            -0.17665278366213436,
            0.07902978031762217,
            -0.2857413905392428,
            -0.06228286823884529,
            0.016392065493283474,
            0.03513334570529866,
            0.0664990639429737,
            0.03314364520306581,
            0.028732062611459525,
            0.0003012167077220056,
            0.28083811658392205,
            0.059585308388410176,
            0.21029196198246952,
            0.13319895175529006,
            -0.00027070561841371796,
            0.031703844376089176,
            0.0034120084980346073
        ],
        [
            0.012698537274548678,
            -0.00269244918589344,
            0.00928621050969988,
            -0.033322675538231164,
            0.013858138508904758,
            -0.0551650372883502,
            -0.013723982156181723,
            0.0062864953603846046,
            -0.013121188946511883,
            0.010504691688112251,
            -0.017369577004508637,
            0.004624959547562386,
            0.006952930239453616,
            0.059585308388410176,
            0.014570720853840202,
            0.05713512556752863,
            0.033897795707361185,
            0.007176239719632579,
            0.02857767374011268,
            0.0066451151523880805
        ],
        [
            -0.001542141042829339,
            -0.03403660225200069,
            -0.006720944982483242,
            0.026662355607933664,
            -0.012545579058153048,
            0.044814080118245045,
            0.03300688530820454,
            0.007585169302515332,
            -0.028682354122933483,
            0.010976515493972867,
            0.06679650389826976,
            0.17909068089581942,
            0.09015619492297804,
            0.21029196198246952,
            0.05713512556752863,
            0.5209297353389246,
            0.3433137470624504,
            0.04587425745301553,
            0.1708929633532102,
            0.04544759461319211
        ],
        [
            -0.02907092707735919,
            -0.03825550738796247,
            -0.006869487724546519,
            0.02910625443397023,
            -0.01116484721264833,
            0.04073022236170516,
            0.02318833896148917,
            -0.002275386129106908,
            0.018288812275234462,
            0.006343721839657593,
            0.08730494582312905,
            0.12966561141524446,
            0.053359385106527914,
            0.13319895175529006,
            0.033897795707361185,
            0.3433137470624504,
            0.23201027277237643,
            0.021137331529110272,
            0.08528706584653027,
            0.022776432420315428
        ],
        [
            -0.006351754190765013,
            -0.00899690175471695,
            -0.00768071932030522,
            0.02087199744843347,
            -0.012762853024295112,
            0.015178419601679196,
            -0.0113335703313042,
            0.00856995815246814,
            -0.07167293084395389,
            -0.018201910838559484,
            -0.09781298306353221,
            -0.009179912779983864,
            0.025584167792991126,
            -0.00027070561841371796,
            0.007176239719632579,
            0.04587425745301553,
            0.021137331529110272,
            0.028199471326357122,
            0.0853629562719698,
            0.023000230505445952
        ],
        [
            -0.021573475719342424,
            -0.03405009794400242,
            -0.01855224213762583,
            0.0475385997947361,
            -0.03132200399690101,
            0.01798280721636762,
            -0.04114986257939684,
            0.02669157017300235,
            -0.20893939230389214,
            -0.04875130957134565,
            -0.2872214099270236,
            -0.020375459294529535,
            0.07856894337737338,
            0.031703844376089176,
            0.02857767374011268,
            0.1708929633532102,
            0.08528706584653027,
            0.0853629562719698,
            0.26244519390045207,
            0.0701776968714652
        ],
        [
            -0.004406248102921988,
            -0.00723979754759936,
            -0.0061629928809252285,
            0.016892021860253036,
            -0.010278717800578086,
            0.013113550326480303,
            -0.008014016001339453,
            0.006926669269098107,
            -0.05711627907604957,
            -0.01404482485009356,
            -0.07562776812305123,
            -0.0038924172586678168,
            0.02178217319486424,
            0.0034120084980346073,
            0.0066451151523880805,
            0.04544759461319211,
            0.022776432420315428,
            0.023000230505445952,
            0.0701776968714652,
            0.018905042198430963
        ]
    ]
}