{
    "opt_E": -2.1815352759394644,
    "HF_E": -2.15274120374012,
    "B3LYP_E": -2.153769380024466,
    "sto-3G_E": -2.144264648824995,
    "proj": [
        [
            0.5043288402120234,
            0.31720718348393,
            0.011329188039478152,
            -0.17137981374425793,
            -0.010512861421335843,
            0.09353798975107999,
            0.18968700803493077,
            0.0295594200024258,
            -0.26546821882345295,
            -0.00830571597897795,
            0.03279560442837362,
            0.03615589824573366,
            -0.0019655695139547875,
            0.009850586095462884,
            -0.0006900113217589215,
            0.0014887900418472525,
            -0.028584827325124098,
            0.0025844678656436024,
            -0.01714932190930879,
            -0.00023400052399807117
        ],
        [
            0.31720718348393,
            0.20703695376322787,
            0.004424973202153242,
            -0.0747260721773213,
            -0.005052095579701967,
            0.10649076279995948,
            0.133953931897339,
            0.017355638088826637,
            -0.14809697129294652,
            -0.004059993215313299,
            0.04070359761727174,
            0.02730316494854927,
            -0.0058235593958809615,
            -0.03342499438378585,
            -0.006879634693271834,
            -0.02805445961826853,
            -0.031501195376015714,
            0.0015874404024040201,
            -0.0316466712284852,
            -0.0021643438870165193
        ],
        [
            0.011329188039478152,
            0.004424973202153242,
            0.0030573625310345892,
            -0.031993819685968164,
            -0.0013316512961510565,
            -0.03415525076693604,
            -0.0025281235439466214,
            0.005442602947319659,
            -0.005616452173679766,
            0.0024756664236157537,
            0.011981653822185884,
            -0.003612119019634499,
            0.005489817504539243,
            0.013927713027648048,
            0.004453676416085915,
            -0.005136273233353999,
            -0.0037071788499392867,
            0.00044368986659574486,
            -0.013868746413325982,
            -0.0011013697137191877
        ],
        [
            -0.17137981374425793,
            -0.0747260721773213,
            -0.031993819685968164,
            0.34909979612273684,
            0.015266933238794377,
            0.3512702359453207,
            0.018045396074042826,
            -0.05200982351253295,
            0.11689360072710804,
            -0.01761011575587436,
            -0.0685708770128475,
            0.043628542902578483,
            -0.05377743807222157,
            -0.16695369409005606,
            -0.04653664895062627,
            0.02768915532162609,
            0.0337092339005931,
            -0.0041372095287197505,
            0.09547559297077104,
            0.007030002765931326
        ],
        [
            -0.010512861421335843,
            -0.005052095579701967,
            -0.0013316512961510565,
            0.015266933238794377,
            0.0007057092549906954,
            0.013810469044298477,
            -0.00011250029216164062,
            -0.0019853499444588934,
            0.007914602141774888,
            -0.0003440034436651072,
            -0.00048300268966323294,
            0.001881893398349712,
            -0.0020281400535887457,
            -0.007802807058087879,
            -0.0018974230418878437,
            -0.00012884994157064534,
            0.0011378800162160387,
            -0.00015386620260546862,
            0.0017766824897060389,
            9.132372195175617e-05
        ],
        [
            0.09353798975107999,
            0.10649076279995948,
            -0.03415525076693604,
            0.3512702359453207,
            0.013810469044298477,
            0.5314382963115707,
            0.15923955759061437,
            -0.04106635852289111,
            0.019348413082104124,
            -0.02030002485526356,
            0.001593084279110232,
            0.10219657595798919,
            -0.0692769201362896,
            -0.22372686153425647,
            -0.06114479218930631,
            0.037752400393663316,
            0.035989698125273,
            -0.0029388793897225404,
            0.0674600622696571,
            0.005040728209187067
        ],
        [
            0.18968700803493077,
            0.133953931897339,
            -0.0025281235439466214,
            0.018045396074042826,
            -0.00011250029216164062,
            0.15923955759061437,
            0.12028011726535467,
            0.013302914769417456,
            -0.03972667769009005,
            0.004130410616827495,
            0.11247896021972756,
            0.07176281632408445,
            -0.011982272226074257,
            -0.04790269018480333,
            -0.011695928472653066,
            0.030323907861227996,
            0.024950483787516825,
            0.0014739838750439513,
            -0.04990301769460773,
            -0.003933761472409323
        ],
        [
            0.0295594200024258,
            0.017355638088826637,
            0.005442602947319659,
            -0.05200982351253295,
            -0.0019853499444588934,
            -0.04106635852289111,
            0.013302914769417456,
            0.015708437522000743,
            0.010761047985527725,
            0.009848486545776811,
            0.07506051862556708,
            0.01492662830315345,
            0.010230542640186623,
            0.016633990431323933,
            0.007364378651574052,
            -0.0005750394695930721,
            0.005597081992475498,
            0.0014176606604814446,
            -0.055897951347563035,
            -0.004603415532682875
        ],
        [
            -0.26546821882345295,
            -0.14809697129294652,
            -0.005616452173679766,
            0.11689360072710804,
            0.007914602141774888,
            0.019348413082104124,
            -0.03972667769009005,
            0.010761047985527725,
            0.2596835014583302,
            0.03084149802397397,
            0.2219411986026979,
            0.05352235855113979,
            0.006059701307065835,
            -0.06814365886189548,
            -0.0029720931900085357,
            -0.021896966960923844,
            0.03524887224325534,
            0.0013475557167574822,
            -0.15596979079745604,
            -0.014213484219418891
        ],
        [
            -0.00830571597897795,
            -0.004059993215313299,
            0.0024756664236157537,
            -0.01761011575587436,
            -0.0003440034436651072,
            -0.02030002485526356,
            0.004130410616827495,
            0.009848486545776811,
            0.03084149802397397,
            0.008478125568635808,
            0.06377197157179958,
            0.013975728963984635,
            0.00622247346043403,
            0.0027523003983454873,
            0.003785511488065587,
            -0.001768743746126187,
            0.006961597976464479,
            0.0009267155934254175,
            -0.046220449741162524,
            -0.0039347425216900685
        ],
        [
            0.03279560442837362,
            0.04070359761727174,
            0.011981653822185884,
            -0.0685708770128475,
            -0.00048300268966323294,
            0.001593084279110232,
            0.11247896021972756,
            0.07506051862556708,
            0.2219411986026979,
            0.06377197157179958,
            0.5469206219163754,
            0.17406359448321032,
            0.03048784072373656,
            -0.010030412205969461,
            0.01608243126560875,
            0.05836760336924014,
            0.10372620742453907,
            0.00735265673555342,
            -0.34918805613740816,
            -0.029467030626312743
        ],
        [
            0.03615589824573366,
            0.02730316494854927,
            -0.003612119019634499,
            0.043628542902578483,
            0.001881893398349712,
            0.10219657595798919,
            0.07176281632408445,
            0.01492662830315345,
            0.05352235855113979,
            0.013975728963984635,
            0.17406359448321032,
            0.12477090823058405,
            -0.006538446896662239,
            0.03902047489068391,
            -9.023068429084344e-05,
            0.18573765858476637,
            0.13770945362739231,
            0.0017721296362966496,
            -0.03194604532925004,
            -0.002003663286602837
        ],
        [
            -0.0019655695139547875,
            -0.0058235593958809615,
            0.005489817504539243,
            -0.05377743807222157,
            -0.0020281400535887457,
            -0.0692769201362896,
            -0.011982272226074257,
            0.010230542640186623,
            0.006059701307065835,
            0.00622247346043403,
            0.03048784072373656,
            -0.006538446896662239,
            0.011092356035873685,
            0.024249844021132862,
            0.00864493553211994,
            -0.011782584834785066,
            -0.0057291056888728415,
            0.0008451048628396516,
            -0.032674226438077235,
            -0.0026988152837075516
        ],
        [
            0.009850586095462884,
            -0.03342499438378585,
            0.013927713027648048,
            -0.16695369409005606,
            -0.007802807058087879,
            -0.22372686153425647,
            -0.04790269018480333,
            0.016633990431323933,
            -0.06814365886189548,
            0.0027523003983454873,
            -0.010030412205969461,
            0.03902047489068391,
            0.024249844021132862,
            0.2418890175600396,
            0.03714193061293166,
            0.25304129545217746,
            0.14552624648758306,
            0.0013089856507059845,
            0.08873621302420871,
            0.009244296168672958
        ],
        [
            -0.0006900113217589215,
            -0.006879634693271834,
            0.004453676416085915,
            -0.04653664895062627,
            -0.0018974230418878437,
            -0.06114479218930631,
            -0.011695928472653066,
            0.007364378651574052,
            -0.0029720931900085357,
            0.003785511488065587,
            0.01608243126560875,
            -9.023068429084344e-05,
            0.00864493553211994,
            0.03714193061293166,
            0.008500153127390591,
            0.01765883121372654,
            0.010744670597054546,
            0.0006013140670874456,
            -0.00985749253393611,
            -0.0006303714482989103
        ],
        [
            0.0014887900418472525,
            -0.02805445961826853,
            -0.005136273233353999,
            0.02768915532162609,
            -0.00012884994157064534,
            0.037752400393663316,
            0.030323907861227996,
            -0.0005750394695930721,
            -0.021896966960923844,
            -0.001768743746126187,
            0.05836760336924014,
            0.18573765858476637,
            -0.011782584834785066,
            0.25304129545217746,
            0.01765883121372654,
            0.5239160771505315,
            0.3311772926038917,
            0.00038511317391954573,
            0.18066288886259588,
            0.017734226396715947
        ],
        [
            -0.028584827325124098,
            -0.031501195376015714,
            -0.0037071788499392867,
            0.0337092339005931,
            0.0011378800162160387,
            0.035989698125273,
            0.024950483787516825,
            0.005597081992475498,
            0.03524887224325534,
            0.006961597976464479,
            0.10372620742453907,
            0.13770945362739231,
            -0.0057291056888728415,
            0.14552624648758306,
            0.010744670597054546,
            0.3311772926038917,
            0.22053430217642336,
            0.0008824791736467568,
            0.07011374654922271,
            0.0073350118869370175
        ],
        [
            0.0025844678656436024,
            0.0015874404024040201,
            0.00044368986659574486,
            -0.0041372095287197505,
            -0.00015386620260546862,
            -0.0029388793897225404,
            0.0014739838750439513,
            0.0014176606604814446,
            0.0013475557167574822,
            0.0009267155934254175,
            0.00735265673555342,
            0.0017721296362966496,
            0.0008451048628396516,
            0.0013089856507059845,
            0.0006013140670874456,
            0.00038511317391954573,
            0.0008824791736467568,
            0.00012998252586539512,
            -0.00518019799508834,
            -0.0004269412744229674
        ],
        [
            -0.01714932190930879,
            -0.0316466712284852,
            -0.013868746413325982,
            0.09547559297077104,
            0.0017766824897060389,
            0.0674600622696571,
            -0.04990301769460773,
            -0.055897951347563035,
            -0.15596979079745604,
            -0.046220449741162524,
            -0.34918805613740816,
            -0.03194604532925004,
            -0.032674226438077235,
            0.08873621302420871,
            -0.00985749253393611,
            0.18066288886259588,
            0.07011374654922271,
            -0.00518019799508834,
            0.31997312327547295,
            0.027953119022550495
        ],
        [
            -0.00023400052399807117,
            -0.0021643438870165193,
            -0.0011013697137191877,
            0.007030002765931326,
            9.132372195175617e-05,
            0.005040728209187067,
            -0.003933761472409323,
            -0.004603415532682875,
            -0.014213484219418891,
            -0.0039347425216900685,
            -0.029467030626312743,
            -0.002003663286602837,
            -0.0026988152837075516,
            0.009244296168672958,
            -0.0006303714482989103,
            0.017734226396715947,
            0.0073350118869370175,
            -0.0004269412744229674,
            0.027953119022550495,
            0.0024563179915372993
        ]
    ]
}