{
    "opt_E": -2.2197527226444644,
    "HF_E": -2.18873449120597,
    "B3LYP_E": -2.191078513084283,
    "sto-3G_E": -2.181445430053284,
    "proj": [
        [
            0.5701743143106714,
            0.3510675490938506,
            0.0029168981830851107,
            -0.1745302894165408,
            0.024626087001366172,
            -0.005182288008152114,
            0.17150190398098109,
            0.005190734106153463,
            -0.2334164681463081,
            0.032056564895132846,
            0.043528191421861574,
            0.020640888397195314,
            -0.0014164077589181538,
            0.0432442467122814,
            -0.004510644021865363,
            0.0010147119914553687,
            -0.024956472080863972,
            0.005982851259138165,
            -0.0297013832675739,
            -0.004336452262622299
        ],
        [
            0.3510675490938506,
            0.2374510845996532,
            0.0006651291235052167,
            -0.049189866534349265,
            0.007485485790184098,
            0.10399891204258668,
            0.14256567438664555,
            0.0029957255422300468,
            -0.14145430276853466,
            0.018697261666488163,
            0.02050323885585564,
            0.022043988118342576,
            -0.00030017188238705373,
            -0.03107928155162359,
            0.005485204425267631,
            -0.025664752969382112,
            -0.032361665320761374,
            0.0026613676337636834,
            -0.014722057047470228,
            -0.0016431305506077055
        ],
        [
            0.0029168981830851107,
            0.0006651291235052167,
            9.408448478199778e-05,
            -0.004616429614911811,
            0.0006179299297946928,
            -0.006654860800833896,
            -0.0012554884982533651,
            4.021827380240888e-05,
            -0.0005940132608468735,
            0.00014007247662357474,
            0.0017189598956732616,
            -0.0010108810031395684,
            0.00028189848460419,
            0.0023075189324533478,
            -0.0007592101725176343,
            -0.0016232341514234288,
            -0.0008465623579448009,
            0.0003521703691953986,
            -0.0019278950383129483,
            -0.00021117281552139716
        ],
        [
            -0.1745302894165408,
            -0.049189866534349265,
            -0.004616429614911811,
            0.23360713270336664,
            -0.0313309605630445,
            0.3253660998999304,
            0.053615633611077324,
            -0.0022475974348898633,
            0.052770335780464514,
            -0.009872744982643282,
            -0.07159250778941074,
            0.038319833650306306,
            -0.008560876065906126,
            -0.13912734334327279,
            0.033866713743378615,
            0.026333824412296276,
            0.013396300322510565,
            -0.013638076270024694,
            0.0722612564889074,
            0.008677195327980282
        ],
        [
            0.024626087001366172,
            0.007485485790184098,
            0.0006179299297946928,
            -0.0313309605630445,
            0.0042105779314437234,
            -0.04274085912103098,
            -0.006216426941765538,
            0.00031752345564188805,
            -0.006894436365008871,
            0.0012820199572548929,
            0.011255469468447485,
            -0.004260869417934805,
            0.0011718764731882482,
            0.018481069741263078,
            -0.004547252878005943,
            -0.0031302870530675294,
            -0.0013175610834833514,
            0.0019558335228381414,
            -0.010408707040580856,
            -0.0012313624046884437
        ],
        [
            -0.005182288008152114,
            0.10399891204258668,
            -0.006654860800833896,
            0.3253660998999304,
            -0.04274085912103098,
            0.5939906236547443,
            0.20796313628477653,
            -0.0009441272025195057,
            0.00589770936815162,
            -0.005948001572290874,
            -0.022762907979693915,
            0.10890179262779373,
            -0.011724071172690646,
            -0.238980925016049,
            0.05409950629053292,
            0.03843828902508346,
            0.02011145865486123,
            -0.013256482754486052,
            0.06764020462457512,
            0.009082881344780922
        ],
        [
            0.17150190398098109,
            0.14256567438664555,
            -0.0012554884982533651,
            0.053615633611077324,
            -0.006216426941765538,
            0.20796313628477653,
            0.14409402126833912,
            0.0016471995268513302,
            -0.02361328541750243,
            0.0009169945528764872,
            0.1093447838440213,
            0.08416001790852264,
            -0.00043945435437409364,
            -0.07141052297108029,
            0.011908867267648417,
            0.021724386774429855,
            0.023562458198271744,
            0.006581296712487016,
            -0.03882576279569625,
            -0.003136359638673886
        ],
        [
            0.005190734106153463,
            0.0029957255422300468,
            4.021827380240888e-05,
            -0.0022475974348898633,
            0.00031752345564188805,
            -0.0009441272025195057,
            0.0016471995268513302,
            5.752597199166701e-05,
            -0.0011899345729927447,
            0.0001582294077760018,
            0.0026569021558182047,
            0.0009674866847497517,
            6.369354893378566e-05,
            0.0009034714337039962,
            -0.00022969355585604367,
            0.00046859005012560073,
            0.00046918190417568077,
            0.0002596907418540677,
            -0.0014163437211089972,
            -0.00015297452059619785
        ],
        [
            -0.2334164681463081,
            -0.14145430276853466,
            -0.0005940132608468735,
            0.052770335780464514,
            -0.006894436365008871,
            0.00589770936815162,
            -0.02361328541750243,
            -0.0011899345729927447,
            0.2126837501991393,
            -0.03015925026710225,
            0.24021975049162506,
            0.07199510992734504,
            0.016033911032701322,
            -0.04777117378060253,
            -0.015285694673330645,
            -0.043693841067439995,
            0.03174430105627821,
            0.023849911385172628,
            -0.13903246879189146,
            -0.011979065150814558
        ],
        [
            0.032056564895132846,
            0.018697261666488163,
            0.00014007247662357474,
            -0.009872744982643282,
            0.0012820199572548929,
            -0.005948001572290874,
            0.0009169945528764872,
            0.0001582294077760018,
            -0.03015925026710225,
            0.004346995199330032,
            -0.03544753295409734,
            -0.0127031629360794,
            -0.001951556428477895,
            0.007292352806605259,
            0.0016313706660357004,
            0.002447942188147092,
            -0.006976714144222121,
            -0.0032584461736827786,
            0.018985327706330955,
            0.0016294745683357854
        ],
        [
            0.043528191421861574,
            0.02050323885585564,
            0.0017189598956732616,
            -0.07159250778941074,
            0.011255469468447485,
            -0.022762907979693915,
            0.1093447838440213,
            0.0026569021558182047,
            0.24021975049162506,
            -0.03544753295409734,
            0.5905615504406345,
            0.20743836202915958,
            0.027162370877251964,
            -0.0080645621909252,
            -0.037154472410464746,
            0.00016311639849681664,
            0.10687475207561385,
            0.05612380870297581,
            -0.31954087808698456,
            -0.029872904681217085
        ],
        [
            0.020640888397195314,
            0.022043988118342576,
            -0.0010108810031395684,
            0.038319833650306306,
            -0.004260869417934805,
            0.10890179262779373,
            0.08416001790852264,
            0.0009674866847497517,
            0.07199510992734504,
            -0.0127031629360794,
            0.20743836202915958,
            0.14294530029597413,
            -0.006352753050410124,
            0.022949513241178814,
            0.005326381317054281,
            0.17119436982604405,
            0.141219908436986,
            0.009803073244008564,
            -0.05312383709844137,
            -0.005418559632439507
        ],
        [
            -0.0014164077589181538,
            -0.00030017188238705373,
            0.00028189848460419,
            -0.008560876065906126,
            0.0011718764731882482,
            -0.011724071172690646,
            -0.00043945435437409364,
            6.369354893378566e-05,
            0.016033911032701322,
            -0.001951556428477895,
            0.027162370877251964,
            -0.006352753050410124,
            0.005488740946736979,
            -0.01754527171976659,
            -0.004993585217340147,
            -0.04856901456645506,
            -0.02437503397647964,
            0.005036929196553639,
            -0.02978928473995559,
            -0.002538342660793388
        ],
        [
            0.0432442467122814,
            -0.03107928155162359,
            0.0023075189324533478,
            -0.13912734334327279,
            0.018481069741263078,
            -0.238980925016049,
            -0.07141052297108029,
            0.0009034714337039962,
            -0.04777117378060253,
            0.007292352806605259,
            -0.0080645621909252,
            0.022949513241178814,
            -0.01754527171976659,
            0.21169249345105107,
            -0.008486439466149992,
            0.2369537017432531,
            0.13947753190903175,
            -0.008106628352634187,
            0.05610237000709744,
            0.0025044400764360143
        ],
        [
            -0.004510644021865363,
            0.005485204425267631,
            -0.0007592101725176343,
            0.033866713743378615,
            -0.004547252878005943,
            0.05409950629053292,
            0.011908867267648417,
            -0.00022969355585604367,
            -0.015285694673330645,
            0.0016313706660357004,
            -0.037154472410464746,
            0.005326381317054281,
            -0.004993585217340147,
            -0.008486439466149992,
            0.008384649421976767,
            0.03129468459565787,
            0.012440304084971232,
            -0.005841304129589241,
            0.033264903951807485,
            0.0031917666221586752
        ],
        [
            0.0010147119914553687,
            -0.025664752969382112,
            -0.0016232341514234288,
            0.026333824412296276,
            -0.0031302870530675294,
            0.03843828902508346,
            0.021724386774429855,
            0.00046859005012560073,
            -0.043693841067439995,
            0.002447942188147092,
            0.00016311639849681664,
            0.17119436982604405,
            -0.04856901456645506,
            0.2369537017432531,
            0.03129468459565787,
            0.571865124627399,
            0.34706481696451896,
            -0.027657333210917266,
            0.17154954220689822,
            0.012802859472239945
        ],
        [
            -0.024956472080863972,
            -0.032361665320761374,
            -0.0008465623579448009,
            0.013396300322510565,
            -0.0013175610834833514,
            0.02011145865486123,
            0.023562458198271744,
            0.00046918190417568077,
            0.03174430105627821,
            -0.006976714144222121,
            0.10687475207561385,
            0.141219908436986,
            -0.02437503397647964,
            0.13947753190903175,
            0.012440304084971232,
            0.34706481696451896,
            0.2319124183519361,
            -0.006758941024218348,
            0.0467619178048381,
            0.0025037413559901404
        ],
        [
            0.005982851259138165,
            0.0026613676337636834,
            0.0003521703691953986,
            -0.013638076270024694,
            0.0019558335228381414,
            -0.013256482754486052,
            0.006581296712487016,
            0.0002596907418540677,
            0.023849911385172628,
            -0.0032584461736827786,
            0.05612380870297581,
            0.009803073244008564,
            0.005036929196553639,
            -0.008106628352634187,
            -0.005841304129589241,
            -0.027657333210917266,
            -0.006758941024218348,
            0.006823127782370387,
            -0.039377729520026265,
            -0.003576296531823278
        ],
        [
            -0.0297013832675739,
            -0.014722057047470228,
            -0.0019278950383129483,
            0.0722612564889074,
            -0.010408707040580856,
            0.06764020462457512,
            -0.03882576279569625,
            -0.0014163437211089972,
            -0.13903246879189146,
            0.018985327706330955,
            -0.31954087808698456,
            -0.05312383709844137,
            -0.02978928473995559,
            0.05610237000709744,
            0.033264903951807485,
            0.17154954220689822,
            0.0467619178048381,
            -0.039377729520026265,
            0.22772586362715938,
            0.020555999557807396
        ],
        [
            -0.004336452262622299,
            -0.0016431305506077055,
            -0.00021117281552139716,
            0.008677195327980282,
            -0.0012313624046884437,
            0.009082881344780922,
            -0.003136359638673886,
            -0.00015297452059619785,
            -0.011979065150814558,
            0.0016294745683357854,
            -0.029872904681217085,
            -0.005418559632439507,
            -0.002538342660793388,
            0.0025044400764360143,
            0.0031917666221586752,
            0.012802859472239945,
            0.0025037413559901404,
            -0.003576296531823278,
            0.020555999557807396,
            0.0018906207312998197
        ]
    ]
}