{
    "opt_E": -2.1742410681714572,
    "HF_E": -2.1428014045162422,
    "B3LYP_E": -2.145539627217686,
    "sto-3G_E": -2.106723628339739,
    "proj": [
        [
            0.5664103400364416,
            0.3694851684841167,
            0.049315100103038925,
            -0.1581382200466754,
            -0.04572777519127382,
            0.0016106954058191262,
            0.15986906843748036,
            0.0886423462110236,
            -0.18784391572285106,
            -0.08233582316740969,
            0.015843447901702272,
            0.03776914592100635,
            0.008867954176341198,
            0.03232853472375642,
            -0.011527028318014386,
            0.009779923893757436,
            -0.031764865635644436,
            0.002764145921035748,
            -0.0028213214535726745,
            -0.0015950349227149489
        ],
        [
            0.3694851684841167,
            0.25462342423139017,
            0.017614751870800166,
            -0.06493138424153874,
            -0.01634396572212104,
            0.0801461072164071,
            0.13034235678027353,
            0.05045032858441583,
            -0.12426148311032431,
            -0.046290621599076036,
            0.02274802822844615,
            0.03113071898673813,
            -0.0005305934606357602,
            -0.029892309003546648,
            -0.00020829750525809857,
            -0.027238238009953303,
            -0.041206708686824606,
            0.0028348144248093554,
            -0.010268875999822132,
            -0.0014781982942650607
        ],
        [
            0.049315100103038925,
            0.017614751870800166,
            0.025050127925184955,
            -0.06519859472114249,
            -0.023294121651941495,
            -0.10331306420007948,
            -0.017330068941542993,
            0.02257814191581161,
            0.005373242893162532,
            -0.021485003951638083,
            0.017035707115071953,
            -0.006884776859004844,
            0.019475769557821404,
            0.05884891488982069,
            -0.017221714744080477,
            -0.005259808833183911,
            -0.004031206474035777,
            0.0080518363572335,
            -0.017510481999960508,
            -0.004544100816518434
        ],
        [
            -0.1581382200466754,
            -0.06493138424153874,
            -0.06519859472114249,
            0.1748705513037196,
            0.06053914845254114,
            0.2666948265298898,
            0.042833830908893,
            -0.05657869871373418,
            0.019491789004988106,
            0.05394775944903416,
            -0.0014362936179672546,
            0.029777050972328276,
            -0.044777073974907135,
            -0.14892637680786583,
            0.040826421728773175,
            0.005438153112133737,
            0.014472861317841146,
            -0.012947271349955495,
            0.022312385986174025,
            0.007403487836701763
        ],
        [
            -0.04572777519127382,
            -0.01634396572212104,
            -0.023294121651941495,
            0.06053914845254114,
            0.02166323980748811,
            0.09586321385043979,
            0.015927170184436238,
            -0.021105345101788367,
            -0.0055645403341770495,
            0.02007802492511851,
            -0.016865305500408493,
            0.006065550535275883,
            -0.018226138564453574,
            -0.05469935520506536,
            0.016088639439099505,
            0.00513303548590129,
            0.003726159900565612,
            -0.007670963752753705,
            0.016826942255828432,
            0.004326658553353266
        ],
        [
            0.0016106954058191262,
            0.0801461072164071,
            -0.10331306420007948,
            0.2666948265298898,
            0.09586321385043979,
            0.551343428980858,
            0.1899282854143724,
            -0.05733204792585278,
            -0.040072524557292315,
            0.05617785991838851,
            0.060600563164270684,
            0.10354634320586771,
            -0.08108105524527809,
            -0.27954077921250486,
            0.07299975105938776,
            0.017051538084702677,
            0.02089592747692591,
            -0.01582118096594513,
            0.018004015264970284,
            0.009199811650120472
        ],
        [
            0.15986906843748036,
            0.13034235678027353,
            -0.017330068941542993,
            0.042833830908893,
            0.015927170184436238,
            0.1899282854143724,
            0.12592175173668108,
            0.018189429207033585,
            -0.021639728137372846,
            -0.015909938352242636,
            0.11366897965525029,
            0.08540229293623164,
            -0.018487706510427273,
            -0.06471496888338418,
            0.01625197211293817,
            0.032354204003173896,
            0.029265474238926958,
            0.008716967675342902,
            -0.031535652099633514,
            -0.004751431885364455
        ],
        [
            0.0886423462110236,
            0.05045032858441583,
            0.02257814191581161,
            -0.05657869871373418,
            -0.021105345101788367,
            -0.05733204792585278,
            0.018189429207033585,
            0.03211899718510551,
            0.017902174485632125,
            -0.03003045974023855,
            0.0776306428490062,
            0.022857787238073038,
            0.020418404247002354,
            0.04489302095528921,
            -0.017043188460101426,
            -0.009418080354370148,
            0.0006447021124707635,
            0.0167116168776719,
            -0.044288851821796746,
            -0.00930144956609512
        ],
        [
            -0.18784391572285106,
            -0.12426148311032431,
            0.005373242893162532,
            0.019491789004988106,
            -0.0055645403341770495,
            -0.040072524557292315,
            -0.021639728137372846,
            0.017902174485632125,
            0.21778941439888233,
            -0.01640077915065197,
            0.277131764964337,
            0.07413485446474152,
            0.041837778950560095,
            0.042505544222179475,
            -0.029250056805052334,
            -0.05001026307549029,
            0.027623199622920924,
            0.052670148412852176,
            -0.15142899787796776,
            -0.0291200309256667
        ],
        [
            -0.08233582316740969,
            -0.046290621599076036,
            -0.021485003951638083,
            0.05394775944903416,
            0.02007802492511851,
            0.05617785991838851,
            -0.015909938352242636,
            -0.03003045974023855,
            -0.01640077915065197,
            0.028102349257823737,
            -0.07120395640330747,
            -0.021112881608832363,
            -0.019004365032819926,
            -0.04384831825762643,
            0.015979482334559217,
            0.00644353702130494,
            -0.001990591887516833,
            -0.015329962197689782,
            0.04033918828658736,
            0.008539965011470502
        ],
        [
            0.015843447901702272,
            0.02274802822844615,
            0.017035707115071953,
            -0.0014362936179672546,
            -0.016865305500408493,
            0.060600563164270684,
            0.11366897965525029,
            0.0776306428490062,
            0.277131764964337,
            -0.07120395640330747,
            0.5519675171505356,
            0.20761362656070828,
            0.05712101901369281,
            0.05261191624157138,
            -0.04038522347812344,
            -0.02355403061520651,
            0.07747813214843624,
            0.0935162797507677,
            -0.2696594457241606,
            -0.05175131849615093
        ],
        [
            0.03776914592100635,
            0.03113071898673813,
            -0.006884776859004844,
            0.029777050972328276,
            0.006065550535275883,
            0.10354634320586771,
            0.08540229293623164,
            0.022857787238073038,
            0.07413485446474152,
            -0.021112881608832363,
            0.20761362656070828,
            0.13396773718656238,
            -0.012246977904020495,
            0.02893507767051769,
            0.00805089194937985,
            0.15074534596940733,
            0.13354399546397844,
            0.019775391836289947,
            -0.05426322804592709,
            -0.011184764132250093
        ],
        [
            0.008867954176341198,
            -0.0005305934606357602,
            0.019475769557821404,
            -0.044777073974907135,
            -0.018226138564453574,
            -0.08108105524527809,
            -0.018487706510427273,
            0.020418404247002354,
            0.041837778950560095,
            -0.019004365032819926,
            0.05712101901369281,
            -0.012246977904020495,
            0.030670514800984643,
            0.02658195071422715,
            -0.02293883846485911,
            -0.08398610781891595,
            -0.046961242116464366,
            0.0196657008382812,
            -0.05551552625174637,
            -0.010802347570273846
        ],
        [
            0.03232853472375642,
            -0.029892309003546648,
            0.05884891488982069,
            -0.14892637680786583,
            -0.05469935520506536,
            -0.27954077921250486,
            -0.06471496888338418,
            0.04489302095528921,
            0.042505544222179475,
            -0.04384831825762643,
            0.05261191624157138,
            0.02893507767051769,
            0.02658195071422715,
            0.21482726477678094,
            -0.03040171474895559,
            0.17231435902586173,
            0.12237980264221215,
            0.008965638964040568,
            -0.003356935957492495,
            -0.005556062191499014
        ],
        [
            -0.011527028318014386,
            -0.00020829750525809857,
            -0.017221714744080477,
            0.040826421728773175,
            0.016088639439099505,
            0.07299975105938776,
            0.01625197211293817,
            -0.017043188460101426,
            -0.029250056805052334,
            0.015979482334559217,
            -0.04038522347812344,
            0.00805089194937985,
            -0.02293883846485911,
            -0.03040171474895559,
            0.017769765566293318,
            0.05007574605012895,
            0.027334451310106797,
            -0.013933228256249293,
            0.03808131532747945,
            0.007686015319403829
        ],
        [
            0.009779923893757436,
            -0.027238238009953303,
            -0.005259808833183911,
            0.005438153112133737,
            0.00513303548590129,
            0.017051538084702677,
            0.032354204003173896,
            -0.009418080354370148,
            -0.05001026307549029,
            0.00644353702130494,
            -0.02355403061520651,
            0.15074534596940733,
            -0.08398610781891595,
            0.17231435902586173,
            0.05007574605012895,
            0.5805275869841648,
            0.38376562775493084,
            -0.04768810545152893,
            0.16094596791590557,
            0.025280487988218126
        ],
        [
            -0.031764865635644436,
            -0.041206708686824606,
            -0.004031206474035777,
            0.014472861317841146,
            0.003726159900565612,
            0.02089592747692591,
            0.029265474238926958,
            0.0006447021124707635,
            0.027623199622920924,
            -0.001990591887516833,
            0.07747813214843624,
            0.13354399546397844,
            -0.046961242116464366,
            0.12237980264221215,
            0.027334451310106797,
            0.38376562775493084,
            0.27237480642044265,
            -0.016088037896292817,
            0.06174059336243044,
            0.008164370165356288
        ],
        [
            0.002764145921035748,
            0.0028348144248093554,
            0.0080518363572335,
            -0.012947271349955495,
            -0.007670963752753705,
            -0.01582118096594513,
            0.008716967675342902,
            0.0167116168776719,
            0.052670148412852176,
            -0.015329962197689782,
            0.0935162797507677,
            0.019775391836289947,
            0.0196657008382812,
            0.008965638964040568,
            -0.013933228256249293,
            -0.04768810545152893,
            -0.016088037896292817,
            0.020253093869150415,
            -0.05887581513694426,
            -0.011146124549639097
        ],
        [
            -0.0028213214535726745,
            -0.010268875999822132,
            -0.017510481999960508,
            0.022312385986174025,
            0.016826942255828432,
            0.018004015264970284,
            -0.031535652099633514,
            -0.044288851821796746,
            -0.15142899787796776,
            0.04033918828658736,
            -0.2696594457241606,
            -0.05426322804592709,
            -0.05551552625174637,
            -0.003356935957492495,
            0.03808131532747945,
            0.16094596791590557,
            0.06174059336243044,
            -0.05887581513694426,
            0.17361154246430058,
            0.03233284486903365
        ],
        [
            -0.0015950349227149489,
            -0.0014781982942650607,
            -0.004544100816518434,
            0.007403487836701763,
            0.004326658553353266,
            0.009199811650120472,
            -0.004751431885364455,
            -0.00930144956609512,
            -0.0291200309256667,
            0.008539965011470502,
            -0.05175131849615093,
            -0.011184764132250093,
            -0.010802347570273846,
            -0.005556062191499014,
            0.007686015319403829,
            0.025280487988218126,
            0.008164370165356288,
            -0.011146124549639097,
            0.03233284486903365,
            0.006136545917210043
        ]
    ]
}