{
    "opt_E": -2.179241942631446,
    "HF_E": -2.148643389778816,
    "B3LYP_E": -2.1503792247017683,
    "sto-3G_E": -2.1337783369448955,
    "proj": [
        [
            0.5399275579421592,
            0.3434367706317254,
            0.02626136843549804,
            -0.18267609949251248,
            0.029830592007953353,
            0.03937846721721262,
            0.1771632434157316,
            0.03551696185507083,
            -0.22928629091710706,
            0.030938644059542646,
            0.05389707051843014,
            0.03101202669982282,
            -0.005111574241256871,
            0.03950677351912901,
            -0.0036420363907689003,
            -0.0026233237621359064,
            -0.03227883117619013,
            -0.0010108106368127165,
            -0.03295525018095491,
            -0.013261406194543366
        ],
        [
            0.3434367706317254,
            0.23070317771107401,
            0.009617041803878004,
            -0.06897224566063398,
            0.011623014523371904,
            0.09851411708411066,
            0.13378287208310274,
            0.02152362878944954,
            -0.1438712240665769,
            0.019383508108323292,
            0.034699617975321784,
            0.023698683640980826,
            0.0021407333459012635,
            -0.027563013154891083,
            0.004452428109877716,
            -0.029677947642052307,
            -0.03647167924295691,
            1.4035819397471978e-05,
            -0.02426906978093029,
            -0.007421568266100881
        ],
        [
            0.02626136843549804,
            0.009617041803878004,
            0.006146035909391779,
            -0.04165943294683189,
            0.006488136214702042,
            -0.04810605901611097,
            -0.0055845412106030855,
            0.0017300877617892755,
            -0.007507196767143435,
            0.0005048799050536034,
            0.007555248198015037,
            -0.00575174047656868,
            -0.004185034602260868,
            0.028838802177948247,
            -0.008997397335298418,
            -0.0023976339134359186,
            -0.003186185821796615,
            -0.000377574096688592,
            -0.009518400487233446,
            -0.004071041601260067
        ],
        [
            -0.18267609949251248,
            -0.06897224566063398,
            -0.04165943294683189,
            0.2825675375195686,
            -0.04401056870198688,
            0.32280441039470115,
            0.03493232818718111,
            -0.01159018897675279,
            0.04974421759026148,
            -0.0029603370562670092,
            -0.05624121529923686,
            0.038800356298956305,
            0.028395432160689876,
            -0.19146794573720888,
            0.06236493872139148,
            0.023141986827400592,
            0.025407083685730254,
            0.002501106843781643,
            0.06950818418340789,
            0.028974170703046993
        ],
        [
            0.029830592007953353,
            0.011623014523371904,
            0.006488136214702042,
            -0.04401056870198688,
            0.0068717234093595685,
            -0.049217065643202024,
            -0.0043844576901244,
            0.001825828343724008,
            -0.0077265797299946246,
            0.00040729587043538394,
            0.010447815336631302,
            -0.004692073716700528,
            -0.004421732570759534,
            0.030410122899680862,
            -0.009467020702130464,
            -0.0014468249008243053,
            -0.002449529435300177,
            -0.000391668281611363,
            -0.01101093354169367,
            -0.004600406984673838
        ],
        [
            0.03937846721721262,
            0.09851411708411066,
            -0.04810605901611097,
            0.32280441039470115,
            -0.049217065643202024,
            0.5283109509934488,
            0.17515127808368708,
            -0.002410430354550897,
            -0.013408058991685736,
            0.0031553530021261383,
            0.031082988630731372,
            0.10673964410568641,
            0.03779660496713643,
            -0.27064829329499523,
            0.08213509883876353,
            0.03534743300745868,
            0.03355682388859699,
            0.0035370253692090167,
            0.03854451075414402,
            0.021717067047615415
        ],
        [
            0.1771632434157316,
            0.13378287208310274,
            -0.0055845412106030855,
            0.03493232818718111,
            -0.0043844576901244,
            0.17515127808368708,
            0.12282335491669646,
            0.004804417675063777,
            -0.029414020938198053,
            0.00010642014028251626,
            0.11276699261910143,
            0.07590790395145432,
            0.006638378427860811,
            -0.057644330304529055,
            0.014371280697554112,
            0.031562822466509884,
            0.026625844568319703,
            0.0009177540379329299,
            -0.04162013791468833,
            -0.011228507956529457
        ],
        [
            0.03551696185507083,
            0.02152362878944954,
            0.0017300877617892755,
            -0.01159018897675279,
            0.001825828343724008,
            -0.002410430354550897,
            0.004804417675063777,
            0.004807753653805421,
            -0.03473851789248068,
            0.006587421041885306,
            -0.03138954196964718,
            -0.0074509248775290774,
            0.0007299823581996617,
            0.006956484448274606,
            0.005619238374198163,
            0.007761736705675112,
            -0.0024603301801992715,
            -0.0002372111792210332,
            0.020444373777773587,
            0.005878759933205339
        ],
        [
            -0.22928629091710706,
            -0.1438712240665769,
            -0.007507196767143435,
            0.04974421759026148,
            -0.0077265797299946246,
            -0.013408058991685736,
            -0.029414020938198053,
            -0.03473851789248068,
            0.2574104225643798,
            -0.05026813724806341,
            0.2646868814432602,
            0.06544207933776673,
            -0.009371881064101839,
            -0.02181611566272256,
            -0.04884526535668997,
            -0.041279501478631526,
            0.029992513461474645,
            0.0014551026099129643,
            -0.16773149668703266,
            -0.04978997979654438
        ],
        [
            0.030938644059542646,
            0.019383508108323292,
            0.0005048799050536034,
            -0.0029603370562670092,
            0.00040729587043538394,
            0.0031553530021261383,
            0.00010642014028251626,
            0.006587421041885306,
            -0.05026813724806341,
            0.010394820170355153,
            -0.0633407960592828,
            -0.01572173446148148,
            0.0025008730561072853,
            0.0030880571758845213,
            0.011902192175542597,
            0.010982872726990944,
            -0.004748594663756878,
            -0.00028970151712260825,
            0.04067964999676126,
            0.012232889222870327
        ],
        [
            0.05389707051843014,
            0.034699617975321784,
            0.007555248198015037,
            -0.05624121529923686,
            0.010447815336631302,
            0.031082988630731372,
            0.11276699261910143,
            -0.03138954196964718,
            0.2646868814432602,
            -0.0633407960592828,
            0.5418627003576394,
            0.1837663597638502,
            -0.0202174785714454,
            0.028569178108540837,
            -0.07429633252688309,
            0.026063661823459493,
            0.09295306391374004,
            0.0014447441256173294,
            -0.3053377194568931,
            -0.09488114008461088
        ],
        [
            0.03101202669982282,
            0.023698683640980826,
            -0.00575174047656868,
            0.038800356298956305,
            -0.004692073716700528,
            0.10673964410568641,
            0.07590790395145432,
            -0.0074509248775290774,
            0.06544207933776673,
            -0.01572173446148148,
            0.1837663597638502,
            0.12636464497340594,
            0.0005920459367135414,
            0.029736249048033285,
            0.01610729405295376,
            0.17476618628014062,
            0.13534614073418283,
            0.0003224554340741459,
            -0.04004813757580461,
            -0.013859868927721807
        ],
        [
            -0.005111574241256871,
            0.0021407333459012635,
            -0.004185034602260868,
            0.028395432160689876,
            -0.004421732570759534,
            0.03779660496713643,
            0.006638378427860811,
            0.0007299823581996617,
            -0.009371881064101839,
            0.0025008730561072853,
            -0.0202174785714454,
            0.0005920459367135414,
            0.0037029201915071957,
            -0.021221926203614946,
            0.009407185163121647,
            0.0029835603979906835,
            -5.767440883012355e-05,
            0.00021009503449379819,
            0.01606722779956883,
            0.005726506879767814
        ],
        [
            0.03950677351912901,
            -0.027563013154891083,
            0.028838802177948247,
            -0.19146794573720888,
            0.030410122899680862,
            -0.27064829329499523,
            -0.057644330304529055,
            0.006956484448274606,
            -0.02181611566272256,
            0.0030880571758845213,
            0.028569178108540837,
            0.029736249048033285,
            -0.021221926203614946,
            0.2511795800030861,
            -0.010749634338646953,
            0.22132264837174173,
            0.13359056581424603,
            -0.00302175024000202,
            0.033740825787430054,
            0.00036437183905435995
        ],
        [
            -0.0036420363907689003,
            0.004452428109877716,
            -0.008997397335298418,
            0.06236493872139148,
            -0.009467020702130464,
            0.08213509883876353,
            0.014371280697554112,
            0.005619238374198163,
            -0.04884526535668997,
            0.011902192175542597,
            -0.07429633252688309,
            0.01610729405295376,
            0.009407185163121647,
            -0.010749634338646953,
            0.0384366340766582,
            0.09000825552233067,
            0.046662700944785244,
            -5.641601240501039e-05,
            0.08045563498637195,
            0.024878816475930522
        ],
        [
            -0.0026233237621359064,
            -0.029677947642052307,
            -0.0023976339134359186,
            0.023141986827400592,
            -0.0014468249008243053,
            0.03534743300745868,
            0.031562822466509884,
            0.007761736705675112,
            -0.041279501478631526,
            0.010982872726990944,
            0.026063661823459493,
            0.17476618628014062,
            0.0029835603979906835,
            0.22132264837174173,
            0.09000825552233067,
            0.5541193438246339,
            0.3485057187567321,
            -0.002384663743180738,
            0.1727396989301045,
            0.043496663264406134
        ],
        [
            -0.03227883117619013,
            -0.03647167924295691,
            -0.003186185821796615,
            0.025407083685730254,
            -0.002449529435300177,
            0.03355682388859699,
            0.026625844568319703,
            -0.0024603301801992715,
            0.029992513461474645,
            -0.004748594663756878,
            0.09295306391374004,
            0.13534614073418283,
            -5.767440883012355e-05,
            0.13359056581424603,
            0.046662700944785244,
            0.3485057187567321,
            0.2329543620067961,
            -0.0011259324574085,
            0.06514709807691697,
            0.014330089846680235
        ],
        [
            -0.0010108106368127165,
            1.4035819397471978e-05,
            -0.000377574096688592,
            0.002501106843781643,
            -0.000391668281611363,
            0.0035370253692090167,
            0.0009177540379329299,
            -0.0002372111792210332,
            0.0014551026099129643,
            -0.00028970151712260825,
            0.0014447441256173294,
            0.0003224554340741459,
            0.00021009503449379819,
            -0.00302175024000202,
            -5.641601240501039e-05,
            -0.002384663743180738,
            -0.0011259324574085,
            4.3358100574748244e-05,
            -0.0013291274043663558,
            -0.00028628332152513076
        ],
        [
            -0.03295525018095491,
            -0.02426906978093029,
            -0.009518400487233446,
            0.06950818418340789,
            -0.01101093354169367,
            0.03854451075414402,
            -0.04162013791468833,
            0.020444373777773587,
            -0.16773149668703266,
            0.04067964999676126,
            -0.3053377194568931,
            -0.04004813757580461,
            0.01606722779956883,
            0.033740825787430054,
            0.08045563498637195,
            0.1727396989301045,
            0.06514709807691697,
            -0.0013291274043663558,
            0.23941500258780343,
            0.07185415046295329
        ],
        [
            -0.013261406194543366,
            -0.007421568266100881,
            -0.004071041601260067,
            0.028974170703046993,
            -0.004600406984673838,
            0.021717067047615415,
            -0.011228507956529457,
            0.005878759933205339,
            -0.04978997979654438,
            0.012232889222870327,
            -0.09488114008461088,
            -0.013859868927721807,
            0.005726506879767814,
            0.00036437183905435995,
            0.024878816475930522,
            0.043496663264406134,
            0.014330089846680235,
            -0.00028628332152513076,
            0.07185415046295329,
            0.021958119087655218
        ]
    ]
}