{
    "opt_E": -2.1794107646514607,
    "HF_E": -2.1484941036681784,
    "B3LYP_E": -2.150479554663944,
    "sto-3G_E": -2.132592713211615,
    "proj": [
        [
            0.5305347924551964,
            0.3304706550731343,
            0.03447647039443522,
            -0.17323471347817862,
            0.012994461519029454,
            0.0627431381244207,
            0.18027549389263614,
            0.07672852325457662,
            -0.24433608097818416,
            0.020455475504842936,
            0.04580717028528911,
            0.03253184662845091,
            0.003049338841157956,
            0.03217312785943498,
            0.006857168213459872,
            -0.0013623273934105745,
            -0.033605098797472865,
            -0.001168954806400958,
            -0.02340316518774188,
            -0.01090755757677875
        ],
        [
            0.3304706550731343,
            0.21576559185390803,
            0.011067557492385027,
            -0.06588090202742797,
            0.004875807119393891,
            0.10418157046084246,
            0.13050191394148164,
            0.04033892814853898,
            -0.14476596889831359,
            0.010195380802189428,
            0.034260423853981536,
            0.024722039410144628,
            -0.003434558860322059,
            -0.027443499256032938,
            0.0012646950055514897,
            -0.026549449061251913,
            -0.03591056086867319,
            -0.0009588731752901708,
            -0.018460326733384075,
            -0.007268978716218348
        ],
        [
            0.03447647039443522,
            0.011067557492385027,
            0.0160306715518958,
            -0.06657927925384596,
            0.005067935408518146,
            -0.0785252005674112,
            -0.009328970273184044,
            0.015866339767042426,
            -0.012210530289401063,
            0.004463761382500857,
            0.014286085510347216,
            -0.008378675979578814,
            0.005646541896077951,
            0.0506378818412248,
            -0.003965107137910323,
            -0.007293647969883315,
            -0.005744541359824543,
            -0.0019154333275858838,
            -0.017105828144210456,
            -0.007843263833216327
        ],
        [
            -0.17323471347817862,
            -0.06588090202742797,
            -0.06657927925384596,
            0.2787908811622698,
            -0.02114299697163205,
            0.3130626963254961,
            0.028383590644874654,
            -0.06783001243902345,
            0.0715653129332717,
            -0.019315611051681857,
            -0.047720647795095446,
            0.03654672201493513,
            -0.022911537896939057,
            -0.20452831152724904,
            0.014496586080794738,
            0.030235782511636042,
            0.027990321494150677,
            0.007155262621048016,
            0.06410997773732004,
            0.029797176539309016
        ],
        [
            0.012994461519029454,
            0.004875807119393891,
            0.005067935408518146,
            -0.02114299697163205,
            0.0016210227131447628,
            -0.023468315470564976,
            -0.0015989734049435972,
            0.0053427768723249445,
            -0.004064299409151967,
            0.00145672210363657,
            0.006351564317290681,
            -0.0013411087456160948,
            0.0017808789685304204,
            0.016221236400044636,
            -0.0011092109237075083,
            -0.0008427549204033625,
            -0.0007086056138558843,
            -0.0006398775900302659,
            -0.005846001201453508,
            -0.0026611914915216747
        ],
        [
            0.0627431381244207,
            0.10418157046084246,
            -0.0785252005674112,
            0.3130626963254961,
            -0.023468315470564976,
            0.518667756150023,
            0.16825437969451493,
            -0.04964359526573342,
            -0.0009546592454363339,
            -0.016864790821788888,
            0.032335920624281485,
            0.10115232004742158,
            -0.033176070962435064,
            -0.28613965196422936,
            0.017942607501384177,
            0.036863166354089406,
            0.029615661359578323,
            0.0059597161146316005,
            0.041627951012106215,
            0.022274646278427405
        ],
        [
            0.18027549389263614,
            0.13050191394148164,
            -0.009328970273184044,
            0.028383590644874654,
            -0.0015989734049435972,
            0.16825437969451493,
            0.12071252228434291,
            0.017891669867856834,
            -0.02667127236379682,
            0.0015923217671757613,
            0.11952617704761061,
            0.0775223056612534,
            -0.007637033890828819,
            -0.054030050403293756,
            0.0007807530095796771,
            0.024799583962172203,
            0.024002855953931486,
            -0.003248342549416667,
            -0.040808475554321565,
            -0.015192631237922171
        ],
        [
            0.07672852325457662,
            0.04033892814853898,
            0.015866339767042426,
            -0.06783001243902345,
            0.0053427768723249445,
            -0.04964359526573342,
            0.017891669867856834,
            0.022276538983792567,
            -0.013254004967686462,
            0.00525139175401222,
            0.05297406520476201,
            0.011803712964040099,
            0.004603622122781644,
            0.045516894971774906,
            -0.005159361357175403,
            -0.0021783626487806313,
            0.001136187179669278,
            -0.0033877078102478066,
            -0.03336019466743665,
            -0.014183229516438495
        ],
        [
            -0.24433608097818416,
            -0.14476596889831359,
            -0.012210530289401063,
            0.0715653129332717,
            -0.004064299409151967,
            -0.0009546592454363339,
            -0.02667127236379682,
            -0.013254004967686462,
            0.26692284711932857,
            -0.010239182590854455,
            0.2670329088517204,
            0.0760260703576731,
            -0.003922690841147051,
            -0.012002203851138165,
            -0.03800005052023517,
            -0.0546091318339837,
            0.02895845747851582,
            -0.01578324207398928,
            -0.15036324444288268,
            -0.05804136255014572
        ],
        [
            0.020455475504842936,
            0.010195380802189428,
            0.004463761382500857,
            -0.019315611051681857,
            0.00145672210363657,
            -0.016864790821788888,
            0.0015923217671757613,
            0.00525139175401222,
            -0.010239182590854455,
            0.0015225667668135275,
            0.0015069713160182244,
            -0.001643570399029229,
            0.0014478191033437053,
            0.012905368553924178,
            -0.0001655269531579801,
            0.00029868623976377334,
            -0.0013055385381377674,
            -0.0002636409835326132,
            -0.0024871377459592917,
            -0.0012915929992474038
        ],
        [
            0.04580717028528911,
            0.034260423853981536,
            0.014286085510347216,
            -0.047720647795095446,
            0.006351564317290681,
            0.032335920624281485,
            0.11952617704761061,
            0.05297406520476201,
            0.2670329088517204,
            0.0015069713160182244,
            0.5590437620128322,
            0.2014477623127162,
            0.000611797913241317,
            0.0583687499054325,
            -0.051685970949449156,
            -0.011430722133241776,
            0.0842282301113625,
            -0.029109709690036664,
            -0.288889735490924,
            -0.11438187662107004
        ],
        [
            0.03253184662845091,
            0.024722039410144628,
            -0.008378675979578814,
            0.03654672201493513,
            -0.0013411087456160948,
            0.10115232004742158,
            0.0775223056612534,
            0.011803712964040099,
            0.0760260703576731,
            -0.001643570399029229,
            0.2014477623127162,
            0.13536789717029632,
            0.00033940818678603664,
            0.030244825500249612,
            0.011941274017253114,
            0.1664218485112879,
            0.1401551024665935,
            -0.00437677208745866,
            -0.04902014467273576,
            -0.020057387931438003
        ],
        [
            0.003049338841157956,
            -0.003434558860322059,
            0.005646541896077951,
            -0.022911537896939057,
            0.0017808789685304204,
            -0.033176070962435064,
            -0.007637033890828819,
            0.004603622122781644,
            -0.003922690841147051,
            0.0014478191033437053,
            0.000611797913241317,
            0.00033940818678603664,
            0.0029371144637062555,
            0.026680259687267734,
            0.002008359746224155,
            0.017657305178308307,
            0.01094064872852084,
            6.873914693472516e-05,
            0.0013788501978524111,
            -5.657529775432317e-05
        ],
        [
            0.03217312785943498,
            -0.027443499256032938,
            0.0506378818412248,
            -0.20452831152724904,
            0.016221236400044636,
            -0.28613965196422936,
            -0.054030050403293756,
            0.045516894971774906,
            -0.012002203851138165,
            0.012905368553924178,
            0.0583687499054325,
            0.030244825500249612,
            0.026680259687267734,
            0.24840969118169487,
            0.0172656185997906,
            0.1811932785287655,
            0.12158047973727558,
            -0.0013343919315167271,
            -0.007615646132954973,
            -0.00855434269822367
        ],
        [
            0.006857168213459872,
            0.0012646950055514897,
            -0.003965107137910323,
            0.014496586080794738,
            -0.0011092109237075083,
            0.017942607501384177,
            0.0007807530095796771,
            -0.005159361357175403,
            -0.03800005052023517,
            -0.0001655269531579801,
            -0.051685970949449156,
            0.011941274017253114,
            0.002008359746224155,
            0.0172656185997906,
            0.021035881957498063,
            0.09579998938303938,
            0.05275642669117698,
            0.00572735267915019,
            0.05457679617378236,
            0.02088005063250407
        ],
        [
            -0.0013623273934105745,
            -0.026549449061251913,
            -0.007293647969883315,
            0.030235782511636042,
            -0.0008427549204033625,
            0.036863166354089406,
            0.024799583962172203,
            -0.0021783626487806313,
            -0.0546091318339837,
            0.00029868623976377334,
            -0.011430722133241776,
            0.1664218485112879,
            0.017657305178308307,
            0.1811932785287655,
            0.09579998938303938,
            0.5732824634750556,
            0.3688159384995924,
            0.017778224589408573,
            0.16675478348079,
            0.060812843287544625
        ],
        [
            -0.033605098797472865,
            -0.03591056086867319,
            -0.005744541359824543,
            0.027990321494150677,
            -0.0007086056138558843,
            0.029615661359578323,
            0.024002855953931486,
            0.001136187179669278,
            0.02895845747851582,
            -0.0013055385381377674,
            0.0842282301113625,
            0.1401551024665935,
            0.01094064872852084,
            0.12158047973727558,
            0.05275642669117698,
            0.3688159384995924,
            0.2554065608475557,
            0.006694757377264441,
            0.06092780917027413,
            0.020942619232504827
        ],
        [
            -0.001168954806400958,
            -0.0009588731752901708,
            -0.0019154333275858838,
            0.007155262621048016,
            -0.0006398775900302659,
            0.0059597161146316005,
            -0.003248342549416667,
            -0.0033877078102478066,
            -0.01578324207398928,
            -0.0002636409835326132,
            -0.029109709690036664,
            -0.00437677208745866,
            6.873914693472516e-05,
            -0.0013343919315167271,
            0.00572735267915019,
            0.017778224589408573,
            0.006694757377264441,
            0.0021140224598615153,
            0.020466876939731045,
            0.008022922941082743
        ],
        [
            -0.02340316518774188,
            -0.018460326733384075,
            -0.017105828144210456,
            0.06410997773732004,
            -0.005846001201453508,
            0.041627951012106215,
            -0.040808475554321565,
            -0.03336019466743665,
            -0.15036324444288268,
            -0.0024871377459592917,
            -0.288889735490924,
            -0.04902014467273576,
            0.0013788501978524111,
            -0.007615646132954973,
            0.05457679617378236,
            0.16675478348079,
            0.06092780917027413,
            0.020466876939731045,
            0.19892909497929118,
            0.07789418260575429
        ],
        [
            -0.01090755757677875,
            -0.007268978716218348,
            -0.007843263833216327,
            0.029797176539309016,
            -0.0026611914915216747,
            0.022274646278427405,
            -0.015192631237922171,
            -0.014183229516438495,
            -0.05804136255014572,
            -0.0012915929992474038,
            -0.11438187662107004,
            -0.020057387931438003,
            -5.657529775432317e-05,
            -0.00855434269822367,
            0.02088005063250407,
            0.060812843287544625,
            0.020942619232504827,
            0.008022922941082743,
            0.07789418260575429,
            0.03062832041149209
        ]
    ]
}