{
    "opt_E": -2.199602107695295,
    "HF_E": -2.168544583217262,
    "B3LYP_E": -2.170548606088879,
    "sto-3G_E": -2.1556702688444513,
    "proj": [
        [
            0.5885449065693868,
            0.3628576618939789,
            -0.002408735968168483,
            -0.17703328286176337,
            0.011732863519873012,
            -0.0273744090235869,
            0.16367748124877224,
            0.007367122853555637,
            -0.20766026994466083,
            0.0383177387446318,
            0.040167665866509834,
            0.02092257075712408,
            0.006726746103493937,
            0.05301428826287144,
            0.010710204974302522,
            -0.0034669218688872837,
            -0.026551831724323446,
            -0.00043576795738022836,
            -0.032691742283712646,
            0.004154154837707055
        ],
        [
            0.3628576618939789,
            0.24908516111195955,
            -0.0012653297142400826,
            -0.04903611494453444,
            0.0018318868055177274,
            0.09860724011157114,
            0.1429788990199364,
            0.0001882495805134763,
            -0.13458372079838474,
            0.013400708054541119,
            0.019281863886953746,
            0.0247344059818036,
            -0.00457345009499699,
            -0.0323236912675943,
            -0.008860913412764066,
            -0.03031125940979838,
            -0.03371828185484777,
            -0.0004756163069522009,
            -0.017942811859731574,
            0.0014552173068114902
        ],
        [
            -0.002408735968168483,
            -0.0012653297142400826,
            1.2511701796507673e-05,
            0.0011640071337833736,
            -8.373213604597318e-05,
            0.001044657883096959,
            -0.00024944363642551447,
            -1.943922166407394e-05,
            0.0011030809815366727,
            -0.00015198685523991085,
            0.0003444417062913871,
            8.665819861008232e-05,
            -8.99601528669873e-05,
            -0.0009288829560936898,
            -0.00011358584153905409,
            -0.0004799593893219912,
            -0.00011359048077339564,
            -1.5838888373025926e-05,
            -0.0003150478191644225,
            4.23123176053016e-06
        ],
        [
            -0.17703328286176337,
            -0.04903611494453444,
            0.0011640071337833736,
            0.2124918921994558,
            -0.018353945767180153,
            0.30934767130271407,
            0.057960533629341386,
            -0.016454144973878773,
            0.022410997941700813,
            -0.04331647228034598,
            -0.052866244309114935,
            0.044507975615265385,
            -0.024208065485453182,
            -0.13519080835517766,
            -0.05013027856471553,
            0.01947485288125379,
            0.014462725407050162,
            0.0016687483874290392,
            0.06900336834475018,
            -0.0068343780291268445
        ],
        [
            0.011732863519873012,
            0.0018318868055177274,
            -8.373213604597318e-05,
            -0.018353945767180153,
            0.0016327913468899096,
            -0.02821138426184306,
            -0.006266509680372145,
            0.0016529153516772423,
            0.0009020340639665966,
            0.004057668600451498,
            0.00684112379879085,
            -0.00419592063859094,
            0.0021950829786949685,
            0.010776834161687426,
            0.0047960092215308505,
            -0.0037509951027926945,
            -0.001998084206221068,
            -0.00023075513055104968,
            -0.008369618350467612,
            0.0007350208169277456
        ],
        [
            -0.0273744090235869,
            0.09860724011157114,
            0.001044657883096959,
            0.30934767130271407,
            -0.02821138426184306,
            0.5836956082953375,
            0.21293145901547397,
            -0.02122442445784904,
            -0.025512698285005356,
            -0.05037766611423889,
            0.004306528042053569,
            0.12267049759462606,
            -0.0414545901622774,
            -0.2380949328624475,
            -0.0850224837318424,
            0.04032436043097099,
            0.028607515226567348,
            0.0012969484213166081,
            0.0620556857842671,
            -0.0070795614113447515
        ],
        [
            0.16367748124877224,
            0.1429788990199364,
            -0.00024944363642551447,
            0.057960533629341386,
            -0.006266509680372145,
            0.21293145901547397,
            0.14243550321641005,
            0.0006700409104564935,
            -0.030242477415167328,
            0.004962595337110149,
            0.09837077589067078,
            0.08186937639982898,
            -0.01178891046923489,
            -0.0726179265250414,
            -0.02348798573008001,
            0.03183839618789793,
            0.0256984619334063,
            -0.0011139803118183841,
            -0.03481793456689306,
            0.00224654882032067
        ],
        [
            0.007367122853555637,
            0.0001882495805134763,
            -1.943922166407394e-05,
            -0.016454144973878773,
            0.0016529153516772423,
            -0.02122442445784904,
            0.0006700409104564935,
            0.004178230820288278,
            0.01999460280027376,
            0.008672646906837094,
            0.042625790163393094,
            0.007681355608248038,
            0.0024086071785723246,
            0.005261046036842025,
            0.0063857627882662905,
            -0.0018612114562789642,
            0.004492904778348186,
            -0.0009398358372656112,
            -0.030447839281442204,
            0.00229000034626221
        ],
        [
            -0.20766026994466083,
            -0.13458372079838474,
            0.0011030809815366727,
            0.022410997941700813,
            0.0009020340639665966,
            -0.025512698285005356,
            -0.030242477415167328,
            0.01999460280027376,
            0.21305268475111366,
            0.030521739002812097,
            0.25322806979429024,
            0.05226742548940072,
            0.0051712562635666025,
            -0.042531479649247035,
            0.023005040087511346,
            -0.029842688624373163,
            0.028584626372698967,
            -0.0059783911433670175,
            -0.17865295304783532,
            0.011958182209928649
        ],
        [
            0.0383177387446318,
            0.013400708054541119,
            -0.00015198685523991085,
            -0.04331647228034598,
            0.004057668600451498,
            -0.05037766611423889,
            0.004962595337110149,
            0.008672646906837094,
            0.030521739002812097,
            0.01903036598068426,
            0.0842324465109087,
            0.014806192209317975,
            0.00554866182483312,
            0.016991340166454746,
            0.013868852267493091,
            -0.0017266593338782362,
            0.008809847301171904,
            -0.0018155894843762833,
            -0.060219772525449855,
            0.0046660176232896635
        ],
        [
            0.040167665866509834,
            0.019281863886953746,
            0.0003444417062913871,
            -0.052866244309114935,
            0.00684112379879085,
            0.004306528042053569,
            0.09837077589067078,
            0.042625790163393094,
            0.25322806979429024,
            0.0842324465109087,
            0.5465844366251611,
            0.1725228653096527,
            0.011627017845023473,
            -0.017585401351153697,
            0.03826318554515062,
            0.05422544937241591,
            0.10860280462005022,
            -0.010450019900252227,
            -0.3363583741816962,
            0.024844586380002174
        ],
        [
            0.02092257075712408,
            0.0247344059818036,
            8.665819861008232e-05,
            0.044507975615265385,
            -0.00419592063859094,
            0.12267049759462606,
            0.08186937639982898,
            0.007681355608248038,
            0.05226742548940072,
            0.014806192209317975,
            0.1725228653096527,
            0.12690599335515262,
            -0.0030116989789948263,
            0.028057973138668795,
            -0.013404027453165055,
            0.182411403324853,
            0.13413050587760492,
            -0.0003938736272695947,
            -0.031172512954907517,
            0.0038816994740562836
        ],
        [
            0.006726746103493937,
            -0.00457345009499699,
            -8.99601528669873e-05,
            -0.024208065485453182,
            0.0021950829786949685,
            -0.0414545901622774,
            -0.01178891046923489,
            0.0024086071785723246,
            0.0051712562635666025,
            0.00554866182483312,
            0.011627017845023473,
            -0.0030116989789948263,
            0.0033044887633994985,
            0.020104797092805587,
            0.006602274217767036,
            0.00450826009655755,
            0.00387578840270795,
            -0.00021437568576208817,
            -0.009348185077070349,
            0.0009606386553501831
        ],
        [
            0.05301428826287144,
            -0.0323236912675943,
            -0.0009288829560936898,
            -0.13519080835517766,
            0.010776834161687426,
            -0.2380949328624475,
            -0.0726179265250414,
            0.005261046036842025,
            -0.042531479649247035,
            0.016991340166454746,
            -0.017585401351153697,
            0.028057973138668795,
            0.020104797092805587,
            0.2442356488549463,
            0.020126686852023006,
            0.25642757479370976,
            0.14869899758117364,
            0.0043654124429372285,
            0.09193632543482427,
            -0.0020522197667531415
        ],
        [
            0.010710204974302522,
            -0.008860913412764066,
            -0.00011358584153905409,
            -0.05013027856471553,
            0.0047960092215308505,
            -0.0850224837318424,
            -0.02348798573008001,
            0.0063857627882662905,
            0.023005040087511346,
            0.013868852267493091,
            0.03826318554515062,
            -0.013404027453165055,
            0.006602274217767036,
            0.020126686852023006,
            0.016487565730976175,
            -0.028337765237007023,
            -0.012531832304823382,
            -0.0013665320821855923,
            -0.04334479098445724,
            0.003232976782063724
        ],
        [
            -0.0034669218688872837,
            -0.03031125940979838,
            -0.0004799593893219912,
            0.01947485288125379,
            -0.0037509951027926945,
            0.04032436043097099,
            0.03183839618789793,
            -0.0018612114562789642,
            -0.029842688624373163,
            -0.0017266593338782362,
            0.05422544937241591,
            0.182411403324853,
            0.00450826009655755,
            0.25642757479370976,
            -0.028337765237007023,
            0.5346187804093151,
            0.33086348180734454,
            0.0077925918261975485,
            0.17769397218530164,
            -0.006412415372378067
        ],
        [
            -0.026551831724323446,
            -0.03371828185484777,
            -0.00011359048077339564,
            0.014462725407050162,
            -0.001998084206221068,
            0.028607515226567348,
            0.0256984619334063,
            0.004492904778348186,
            0.028584626372698967,
            0.008809847301171904,
            0.10860280462005022,
            0.13413050587760492,
            0.00387578840270795,
            0.14869899758117364,
            -0.012531832304823382,
            0.33086348180734454,
            0.21672031726804974,
            0.003243125378281079,
            0.061264449687737935,
            -0.00057059066000978
        ],
        [
            -0.00043576795738022836,
            -0.0004756163069522009,
            -1.5838888373025926e-05,
            0.0016687483874290392,
            -0.00023075513055104968,
            0.0012969484213166081,
            -0.0011139803118183841,
            -0.0009398358372656112,
            -0.0059783911433670175,
            -0.0018155894843762833,
            -0.010450019900252227,
            -0.0003938736272695947,
            -0.00021437568576208817,
            0.0043654124429372285,
            -0.0013665320821855923,
            0.0077925918261975485,
            0.003243125378281079,
            0.0003483791624895844,
            0.010009625382685215,
            -0.0006296271889125214
        ],
        [
            -0.032691742283712646,
            -0.017942811859731574,
            -0.0003150478191644225,
            0.06900336834475018,
            -0.008369618350467612,
            0.0620556857842671,
            -0.03481793456689306,
            -0.030447839281442204,
            -0.17865295304783532,
            -0.060219772525449855,
            -0.3363583741816962,
            -0.031172512954907517,
            -0.009348185077070349,
            0.09193632543482427,
            -0.04334479098445724,
            0.17769397218530164,
            0.061264449687737935,
            0.010009625382685215,
            0.2952752377716105,
            -0.019393152265173262
        ],
        [
            0.004154154837707055,
            0.0014552173068114902,
            4.23123176053016e-06,
            -0.0068343780291268445,
            0.0007350208169277456,
            -0.0070795614113447515,
            0.00224654882032067,
            0.00229000034626221,
            0.011958182209928649,
            0.0046660176232896635,
            0.024844586380002174,
            0.0038816994740562836,
            0.0009606386553501831,
            -0.0020522197667531415,
            0.003232976782063724,
            -0.006412415372378067,
            -0.00057059066000978,
            -0.0006296271889125214,
            -0.019393152265173262,
            0.0013594960655765895
        ]
    ]
}