{
    "opt_E": -2.1533019160286444,
    "HF_E": -2.1209185567315636,
    "B3LYP_E": -2.124202250846243,
    "sto-3G_E": -2.095302089801155,
    "proj": [
        [
            0.5891172939381745,
            0.3933046752595797,
            0.044307754686433304,
            -0.15153632938498646,
            -0.01656755991761623,
            -0.025572095878825436,
            0.15504144735386458,
            0.08092784695638572,
            -0.14563626095095678,
            -0.017570030804728055,
            0.026831946427651476,
            0.023444799404819982,
            0.007658618246488582,
            0.08194040100289456,
            0.005876974726787326,
            -0.00020269688344891877,
            -0.02918550513547945,
            -0.00381789791975091,
            -0.021570455634213944,
            -0.0004054851569763373
        ],
        [
            0.3933046752595797,
            0.28009684759213227,
            0.015852332665020123,
            -0.062196065407395654,
            -0.006726922827249659,
            0.06699378620404806,
            0.13591444254409338,
            0.04671866351843978,
            -0.10851834153089686,
            -0.012221909240303407,
            0.029850380501285842,
            0.022960151029917667,
            -0.0022455183699137704,
            -0.013831028837683387,
            -0.001222643108693461,
            -0.03830232682330994,
            -0.04529683341405676,
            -0.0033842494874078838,
            -0.023939337625015242,
            -0.0007284656521735254
        ],
        [
            0.044307754686433304,
            0.015852332665020123,
            0.0187081681218096,
            -0.05393551024970833,
            -0.0059998186565960905,
            -0.08758136746052021,
            -0.01871472384783915,
            0.014091094264345832,
            0.021837534304123187,
            0.001107646976463818,
            0.011097956421389919,
            -0.012449826802673113,
            0.003465019335775656,
            0.05952717745839917,
            0.006267551732143352,
            -0.011499170421935682,
            -0.00584055886953249,
            -0.004517029327454111,
            -0.021010831795670454,
            -0.00035137359776670266
        ],
        [
            -0.15153632938498646,
            -0.062196065407395654,
            -0.05393551024970833,
            0.1571226777017938,
            0.017446609442066163,
            0.24793987584423147,
            0.047865434926191296,
            -0.042398496382892774,
            -0.04385979042119976,
            -0.0013441267718756161,
            -0.017638028546791994,
            0.037502845932437544,
            -0.010908837425425802,
            -0.1705207175537232,
            -0.017419521427722774,
            0.02809339275845493,
            0.01709396535398638,
            0.011058460990537476,
            0.04980030041612005,
            0.0007638845317683465
        ],
        [
            -0.01656755991761623,
            -0.006726922827249659,
            -0.0059998186565960905,
            0.017446609442066163,
            0.0019381776421139617,
            0.027510594076303362,
            0.005285803288689117,
            -0.004717352512582945,
            -0.005371571876062447,
            -0.00019553671931601862,
            -0.0025766746131047533,
            0.003961000729770622,
            -0.0011925875995541374,
            -0.019028850169553708,
            -0.001953366456960192,
            0.0030609121129069315,
            0.0017562651030713014,
            0.001290753900168317,
            0.005881627201628522,
            9.261804745739423e-05
        ],
        [
            -0.025572095878825436,
            0.06699378620404806,
            -0.08758136746052021,
            0.24793987584423147,
            0.027510594076303362,
            0.5214602964207332,
            0.19972642714764285,
            -0.04185733476638115,
            -0.0848587942992265,
            -0.004451538437051706,
            0.09290341979470551,
            0.12743505780629022,
            -0.023813666040689636,
            -0.3077148977589505,
            -0.030461443254812582,
            0.05305377697065112,
            0.034005052671587405,
            0.008822113613699134,
            0.023004698551264708,
            -0.00022699409236760489
        ],
        [
            0.15504144735386458,
            0.13591444254409338,
            -0.01871472384783915,
            0.047865434926191296,
            0.005285803288689117,
            0.19972642714764285,
            0.13334653870627805,
            0.011281766740709626,
            -0.024764455764958802,
            -0.00231373636008506,
            0.11567452352951446,
            0.0812728761281891,
            -0.008948863472921603,
            -0.08346738122417367,
            -0.007913288539487674,
            0.028122335368797744,
            0.020275291503912288,
            -0.004873992000470915,
            -0.03776918657213167,
            -0.0011022272204213271
        ],
        [
            0.08092784695638572,
            0.04671866351843978,
            0.014091094264345832,
            -0.042398496382892774,
            -0.004717352512582945,
            -0.04185733476638115,
            0.011281766740709626,
            0.01659424217402594,
            0.009702331119913123,
            -1.3463321450868671e-05,
            0.031088857008133138,
            0.0074665995805004255,
            0.0026042553868431064,
            0.044364188551045756,
            0.004274713531101349,
            0.007344224110144346,
            0.0059295982400624225,
            -0.004245805432691691,
            -0.021731217676076012,
            -0.00039273195466691557
        ],
        [
            -0.14563626095095678,
            -0.10851834153089686,
            0.021837534304123187,
            -0.04385979042119976,
            -0.005371571876062447,
            -0.0848587942992265,
            -0.024764455764958802,
            0.009702331119913123,
            0.3008653632850526,
            0.027265775920007562,
            0.3168430657594434,
            0.06156789210893164,
            -0.013079962943520273,
            0.06946094558516731,
            0.01557216266326289,
            -0.07013635154547886,
            0.010662170548651215,
            -0.04065247056800448,
            -0.22393798812526516,
            -0.005080523576550158
        ],
        [
            -0.017570030804728055,
            -0.012221909240303407,
            0.001107646976463818,
            -0.0013441267718756161,
            -0.00019553671931601862,
            -0.004451538437051706,
            -0.00231373636008506,
            -1.3463321450868671e-05,
            0.027265775920007562,
            0.0025230042087594734,
            0.028224846928938032,
            0.005786570775385133,
            -0.0013859932601037,
            0.0035883956834080665,
            0.0011597678764298693,
            -0.006454809311703189,
            0.000983830464636391,
            -0.003536987700039402,
            -0.019628497606740965,
            -0.00045148125547887037
        ],
        [
            0.026831946427651476,
            0.029850380501285842,
            0.011097956421389919,
            -0.017638028546791994,
            -0.0025766746131047533,
            0.09290341979470551,
            0.11567452352951446,
            0.031088857008133138,
            0.3168430657594434,
            0.028224846928938032,
            0.4988798966946159,
            0.17710156071654,
            -0.017934864182008983,
            0.039214761475365296,
            0.011708699811809376,
            0.020316008300905533,
            0.08103237552561073,
            -0.04991794214243293,
            -0.2844434862077948,
            -0.006489801653279438
        ],
        [
            0.023444799404819982,
            0.022960151029917667,
            -0.012449826802673113,
            0.037502845932437544,
            0.003961000729770622,
            0.12743505780629022,
            0.0812728761281891,
            0.0074665995805004255,
            0.06156789210893164,
            0.005786570775385133,
            0.17710156071654,
            0.12053580208809207,
            0.0016411214375682361,
            0.01644788599422722,
            -0.0013692612325588106,
            0.16433881430355313,
            0.12811438366851627,
            -0.006147638595384242,
            -0.03910626765703371,
            -0.0006566902985187183
        ],
        [
            0.007658618246488582,
            -0.0022455183699137704,
            0.003465019335775656,
            -0.010908837425425802,
            -0.0011925875995541374,
            -0.023813666040689636,
            -0.008948863472921603,
            0.0026042553868431064,
            -0.013079962943520273,
            -0.0013859932601037,
            -0.017934864182008983,
            0.0016411214375682361,
            0.004989998993271512,
            0.02970286681597849,
            0.0010874347931896366,
            0.04090152405647461,
            0.024492572873245973,
            0.003471365961838169,
            0.021188486648485078,
            0.0006251149247816129
        ],
        [
            0.08194040100289456,
            -0.013831028837683387,
            0.05952717745839917,
            -0.1705207175537232,
            -0.019028850169553708,
            -0.3077148977589505,
            -0.08346738122417367,
            0.044364188551045756,
            0.06946094558516731,
            0.0035883956834080665,
            0.039214761475365296,
            0.01644788599422722,
            0.02970286681597849,
            0.29629901299701955,
            0.02238172624680476,
            0.19478934700006514,
            0.13786841202283964,
            -0.002865288134289698,
            0.0021950112372574266,
            0.0010918698049464711
        ],
        [
            0.005876974726787326,
            -0.001222643108693461,
            0.006267551732143352,
            -0.017419521427722774,
            -0.001953366456960192,
            -0.030461443254812582,
            -0.007913288539487674,
            0.004274713531101349,
            0.01557216266326289,
            0.0011597678764298693,
            0.011708699811809376,
            -0.0013692612325588106,
            0.0010874347931896366,
            0.02238172624680476,
            0.002412300080369905,
            -0.0008984090259312971,
            0.0016796488285906932,
            -0.00224493071974438,
            -0.0110217738601864,
            -0.00019798192998766746
        ],
        [
            -0.00020269688344891877,
            -0.03830232682330994,
            -0.011499170421935682,
            0.02809339275845493,
            0.0030609121129069315,
            0.05305377697065112,
            0.028122335368797744,
            0.007344224110144346,
            -0.07013635154547886,
            -0.006454809311703189,
            0.020316008300905533,
            0.16433881430355313,
            0.04090152405647461,
            0.19478934700006514,
            -0.0008984090259312971,
            0.5616473472482412,
            0.36944623564133966,
            0.03050101486717175,
            0.17520122898324555,
            0.005334441506697414
        ],
        [
            -0.02918550513547945,
            -0.04529683341405676,
            -0.00584055886953249,
            0.01709396535398638,
            0.0017562651030713014,
            0.034005052671587405,
            0.020275291503912288,
            0.0059295982400624225,
            0.010662170548651215,
            0.000983830464636391,
            0.08103237552561073,
            0.12811438366851627,
            0.024492572873245973,
            0.13786841202283964,
            0.0016796488285906932,
            0.36944623564133966,
            0.25447812216413446,
            0.012735208713719961,
            0.07429274968430162,
            0.0025889470230293617
        ],
        [
            -0.00381789791975091,
            -0.0033842494874078838,
            -0.004517029327454111,
            0.011058460990537476,
            0.001290753900168317,
            0.008822113613699134,
            -0.004873992000470915,
            -0.004245805432691691,
            -0.04065247056800448,
            -0.003536987700039402,
            -0.04991794214243293,
            -0.006147638595384242,
            0.003471365961838169,
            -0.002865288134289698,
            -0.00224493071974438,
            0.03050101486717175,
            0.012735208713719961,
            0.007348026142832307,
            0.041116028990411925,
            0.0009891118387726021
        ],
        [
            -0.021570455634213944,
            -0.023939337625015242,
            -0.021010831795670454,
            0.04980030041612005,
            0.005881627201628522,
            0.023004698551264708,
            -0.03776918657213167,
            -0.021731217676076012,
            -0.22393798812526516,
            -0.019628497606740965,
            -0.2844434862077948,
            -0.03910626765703371,
            0.021188486648485078,
            0.0021950112372574266,
            -0.0110217738601864,
            0.17520122898324555,
            0.07429274968430162,
            0.041116028990411925,
            0.2314960868425781,
            0.00562335309739115
        ],
        [
            -0.0004054851569763373,
            -0.0007284656521735254,
            -0.00035137359776670266,
            0.0007638845317683465,
            9.261804745739423e-05,
            -0.00022699409236760489,
            -0.0011022272204213271,
            -0.00039273195466691557,
            -0.005080523576550158,
            -0.00045148125547887037,
            -0.006489801653279438,
            -0.0006566902985187183,
            0.0006251149247816129,
            0.0010918698049464711,
            -0.00019798192998766746,
            0.005334441506697414,
            0.0025889470230293617,
            0.0009891118387726021,
            0.00562335309739115,
            0.00014079695797143568
        ]
    ]
}