{
    "opt_E": -2.1951333544025515,
    "HF_E": -2.1642283992401157,
    "B3LYP_E": -2.1660205095350133,
    "sto-3G_E": -2.150387800900512,
    "proj": [
        [
            0.5437752980250333,
            0.3373620821165944,
            0.02147114019541824,
            -0.16505756603978544,
            0.05505117265924216,
            0.042824162595857265,
            0.1792900890356862,
            0.025858490773463645,
            -0.23106152415308606,
            0.10782065266918896,
            0.027598186171456117,
            0.033302944738812866,
            0.0008935999508531364,
            0.02809048071871771,
            0.009501629940180835,
            -0.002630405141372899,
            -0.029807263082877983,
            -0.002958735065955189,
            -0.014749169664991063,
            -0.0003082264113214556
        ],
        [
            0.3373620821165944,
            0.22151941866574779,
            0.008234766007794096,
            -0.05992314426043343,
            0.01742530978335965,
            0.10181904281532418,
            0.13533164291971989,
            0.01489220857024877,
            -0.1339250267358711,
            0.05591745283529099,
            0.028928023977333406,
            0.028675796749892166,
            0.006185706701234901,
            -0.030104432693156217,
            -0.004397294665008456,
            -0.026960123787412006,
            -0.03225938129107845,
            -0.002403167551251435,
            -0.017587951703255666,
            -0.0011388454637444017
        ],
        [
            0.02147114019541824,
            0.008234766007794096,
            0.003376194139934317,
            -0.028101142737141604,
            0.010959340047156504,
            -0.035426736547450315,
            -0.003656716566354585,
            0.0005920830059830365,
            -0.008668975430176607,
            0.010825607483438481,
            0.003752935872074893,
            -0.0037989170519406347,
            -0.004678024826476715,
            0.01873161338192007,
            0.0047867487752889645,
            -0.0015897488281889506,
            -0.0017858660494797826,
            -0.0011581704904589374,
            -0.00575942920849613,
            -0.0008103264954959249
        ],
        [
            -0.16505756603978544,
            -0.05992314426043343,
            -0.028101142737141604,
            0.23479619335827095,
            -0.09214206355673372,
            0.3036445802773941,
            0.036177721518802754,
            -0.0032890420538379053,
            0.06162408988687191,
            -0.08977754130327623,
            -0.03861265337684294,
            0.03494354696813288,
            0.041762875439762766,
            -0.15311663532597933,
            -0.03985655889361545,
            0.027221651834656385,
            0.021657541530435302,
            0.011008401017529978,
            0.05735079243571532,
            0.008085197391026849
        ],
        [
            0.05505117265924216,
            0.01742530978335965,
            0.010959340047156504,
            -0.09214206355673372,
            0.036736519755642696,
            -0.12344185123036892,
            -0.01604292976526244,
            -0.0005895238530594819,
            -0.013255861264320448,
            0.03592219582882869,
            0.02896209623483472,
            -0.010757655695084769,
            -0.01839027253619131,
            0.060378488341392735,
            0.015875629486529937,
            -0.013499095410423238,
            -0.007395166864787376,
            -0.00570765036150271,
            -0.03164439951128306,
            -0.0044139462663374445
        ],
        [
            0.042824162595857265,
            0.10181904281532418,
            -0.035426736547450315,
            0.3036445802773941,
            -0.12344185123036892,
            0.5529867645346722,
            0.1819558355571277,
            0.003987780968641468,
            -0.0038401517889235727,
            -0.08174402207112674,
            0.011372515738511323,
            0.10033631404858273,
            0.06677966809059514,
            -0.24996065694424024,
            -0.06315687379302332,
            0.0398736856237368,
            0.026190778615184273,
            0.01168080426356167,
            0.05347268184501442,
            0.008986053754912373
        ],
        [
            0.1792900890356862,
            0.13533164291971989,
            -0.003656716566354585,
            0.036177721518802754,
            -0.01604292976526244,
            0.1819558355571277,
            0.12767805892268125,
            -2.7362407184178797e-05,
            -0.027524210648350658,
            0.022029034461988724,
            0.10973047533228274,
            0.0785237242097548,
            0.012640701323236535,
            -0.05970860986285791,
            -0.014720416795624325,
            0.025361614465551272,
            0.024041811230755515,
            -0.00531531368044932,
            -0.03965486718267127,
            -0.00401132304979937
        ],
        [
            0.025858490773463645,
            0.01489220857024877,
            0.0005920830059830365,
            -0.0032890420538379053,
            -0.0005895238530594819,
            0.003987780968641468,
            -2.7362407184178797e-05,
            0.006442402116410832,
            -0.0363988283157832,
            -0.0028218582375451632,
            -0.052246804258201884,
            -0.014497457384433208,
            0.005858389121486477,
            0.0022588058525296662,
            8.67565931103074e-05,
            0.006848506978704419,
            -0.005955382661800214,
            0.004872596670643025,
            0.0323429881667117,
            0.004322791648177044
        ],
        [
            -0.23106152415308606,
            -0.1339250267358711,
            -0.008668975430176607,
            0.06162408988687191,
            -0.013255861264320448,
            -0.0038401517889235727,
            -0.027524210648350658,
            -0.0363988283157832,
            0.2232761486209005,
            -0.011100405984327443,
            0.24923834776590537,
            0.06535871299912688,
            -0.026608625545015134,
            -0.031731966925430094,
            -0.005575875811080078,
            -0.04123501823371293,
            0.029570178818404527,
            -0.023036501353907772,
            -0.15538380438018956,
            -0.02103990383507232
        ],
        [
            0.10782065266918896,
            0.05591745283529099,
            0.010825607483438481,
            -0.08977754130327623,
            0.03592219582882869,
            -0.08174402207112674,
            0.022029034461988724,
            -0.0028218582375451632,
            -0.011100405984327443,
            0.047692024203738775,
            0.08434672867570954,
            0.01912941116990514,
            -0.018044988971502585,
            0.05002202337240465,
            0.013300315454877991,
            -0.0038848323200907846,
            0.00485428298919252,
            -0.009441320690402571,
            -0.05684954780137743,
            -0.007388954344986017
        ],
        [
            0.027598186171456117,
            0.028928023977333406,
            0.003752935872074893,
            -0.03861265337684294,
            0.02896209623483472,
            0.011372515738511323,
            0.10973047533228274,
            -0.052246804258201884,
            0.24923834776590537,
            0.08434672867570954,
            0.5639876473447267,
            0.19850637196669418,
            -0.05102011923596506,
            0.011624868484127944,
            0.005021083549743847,
            0.006911464494140255,
            0.0968876390941041,
            -0.04888719430653067,
            -0.319550632390553,
            -0.041515936257255186
        ],
        [
            0.033302944738812866,
            0.028675796749892166,
            -0.0037989170519406347,
            0.03494354696813288,
            -0.010757655695084769,
            0.10033631404858273,
            0.0785237242097548,
            -0.014497457384433208,
            0.06535871299912688,
            0.01912941116990514,
            0.19850637196669418,
            0.1345765813257942,
            0.007071112236309387,
            0.03167252427776674,
            -0.00017243174328306017,
            0.17177790325459122,
            0.13977908394221333,
            -0.008311796582691792,
            -0.04998645694694168,
            -0.0055111692294889
        ],
        [
            0.0008935999508531364,
            0.006185706701234901,
            -0.004678024826476715,
            0.041762875439762766,
            -0.01839027253619131,
            0.06677966809059514,
            0.012640701323236535,
            0.005858389121486477,
            -0.026608625545015134,
            -0.018044988971502585,
            -0.05102011923596506,
            0.007071112236309387,
            0.01664952457354152,
            -0.012383624744958206,
            -0.005839055591774857,
            0.049743557829938126,
            0.023009350134101887,
            0.007864648847142495,
            0.050855991242399604,
            0.007015817469413283
        ],
        [
            0.02809048071871771,
            -0.030104432693156217,
            0.01873161338192007,
            -0.15311663532597933,
            0.060378488341392735,
            -0.24996065694424024,
            -0.05970860986285791,
            0.0022588058525296662,
            -0.031731966925430094,
            0.05002202337240465,
            0.011624868484127944,
            0.03167252427776674,
            -0.012383624744958206,
            0.2201831217399791,
            0.04269713358171166,
            0.2208551575166925,
            0.138745897127077,
            0.0030327540614033996,
            0.04270330871764657,
            0.005610001076179944
        ],
        [
            0.009501629940180835,
            -0.004397294665008456,
            0.0047867487752889645,
            -0.03985655889361545,
            0.015875629486529937,
            -0.06315687379302332,
            -0.014720416795624325,
            8.67565931103074e-05,
            -0.005575875811080078,
            0.013300315454877991,
            0.005021083549743847,
            -0.00017243174328306017,
            -0.005839055591774857,
            0.04269713358171166,
            0.009233803111066616,
            0.02504756302707491,
            0.015862386254260778,
            -0.0006953941070793252,
            -0.000275120360462231,
            -0.00012448144229294174
        ],
        [
            -0.002630405141372899,
            -0.026960123787412006,
            -0.0015897488281889506,
            0.027221651834656385,
            -0.013499095410423238,
            0.0398736856237368,
            0.025361614465551272,
            0.006848506978704419,
            -0.04123501823371293,
            -0.0038848323200907846,
            0.006911464494140255,
            0.17177790325459122,
            0.049743557829938126,
            0.2208551575166925,
            0.02504756302707491,
            0.5604255115527031,
            0.35488563374096915,
            0.023412425351098342,
            0.17922488420689697,
            0.025417381537859312
        ],
        [
            -0.029807263082877983,
            -0.03225938129107845,
            -0.0017858660494797826,
            0.021657541530435302,
            -0.007395166864787376,
            0.026190778615184273,
            0.024041811230755515,
            -0.005955382661800214,
            0.029570178818404527,
            0.00485428298919252,
            0.0968876390941041,
            0.13977908394221333,
            0.023009350134101887,
            0.138745897127077,
            0.015862386254260778,
            0.35488563374096915,
            0.2418794792127543,
            0.006819168885575097,
            0.060741300662578726,
            0.00914556952893031
        ],
        [
            -0.002958735065955189,
            -0.002403167551251435,
            -0.0011581704904589374,
            0.011008401017529978,
            -0.00570765036150271,
            0.01168080426356167,
            -0.00531531368044932,
            0.004872596670643025,
            -0.023036501353907772,
            -0.009441320690402571,
            -0.04888719430653067,
            -0.008311796582691792,
            0.007864648847142495,
            0.0030327540614033996,
            -0.0006953941070793252,
            0.023412425351098342,
            0.006819168885575097,
            0.005488190339907819,
            0.036486785382673845,
            0.00486585488150023
        ],
        [
            -0.014749169664991063,
            -0.017587951703255666,
            -0.00575942920849613,
            0.05735079243571532,
            -0.03164439951128306,
            0.05347268184501442,
            -0.03965486718267127,
            0.0323429881667117,
            -0.15538380438018956,
            -0.05684954780137743,
            -0.319550632390553,
            -0.04998645694694168,
            0.050855991242399604,
            0.04270330871764657,
            -0.000275120360462231,
            0.17922488420689697,
            0.060741300662578726,
            0.036486785382673845,
            0.24492270335108807,
            0.03267354486104613
        ],
        [
            -0.0003082264113214556,
            -0.0011388454637444017,
            -0.0008103264954959249,
            0.008085197391026849,
            -0.0044139462663374445,
            0.008986053754912373,
            -0.00401132304979937,
            0.004322791648177044,
            -0.02103990383507232,
            -0.007388954344986017,
            -0.041515936257255186,
            -0.0055111692294889,
            0.007015817469413283,
            0.005610001076179944,
            -0.00012448144229294174,
            0.025417381537859312,
            0.00914556952893031,
            0.00486585488150023,
            0.03267354486104613,
            0.004374415105404664
        ]
    ]
}