{
    "opt_E": -2.185570316504068,
    "HF_E": -2.156108869394771,
    "B3LYP_E": -2.1575132073185834,
    "sto-3G_E": -2.1464121049815557,
    "proj": [
        [
            0.5430913559555164,
            0.34713629879572344,
            0.019549609095095795,
            -0.18263377249427726,
            0.005889568255760366,
            0.026630943792553034,
            0.18078333355393186,
            0.019719600685204636,
            -0.23260519914011832,
            0.016688225769284845,
            0.04216362768278082,
            0.02715297220394125,
            -0.004801527443332019,
            0.036216803552112715,
            0.000378811620180137,
            0.0021577571899398683,
            -0.027671159388669212,
            0.0011824982299677204,
            -0.03195807087119971,
            0.007760216673472363
        ],
        [
            0.34713629879572344,
            0.2358476712382027,
            0.007746913164072751,
            -0.06996832022577987,
            0.0017788480231881048,
            0.09384922435373672,
            0.14030764010598998,
            0.01269781794582074,
            -0.14012294814192386,
            0.008846976620161403,
            0.03590607212357883,
            0.023513863243142186,
            0.005259131848517738,
            -0.03334337796916018,
            -0.0006839865339888531,
            -0.03197034805561165,
            -0.034666506976698944,
            0.001977795503992604,
            -0.03379790636269253,
            0.006418922276878081
        ],
        [
            0.019549609095095795,
            0.007746913164072751,
            0.0029271035461827795,
            -0.02889422069974292,
            0.0012385915873755029,
            -0.03389315823472356,
            -0.003422272290245926,
            -0.0005277513618123173,
            -0.00556646790002522,
            0.0020378426106960295,
            0.006189716724715634,
            -0.004568902815648914,
            -0.0036394012868930336,
            0.016712298145880964,
            0.0031114974581686753,
            -0.0014062246602220415,
            -0.002166924267412756,
            0.0004309007874238353,
            -0.008503834737064848,
            0.001860021025952014
        ],
        [
            -0.18263377249427726,
            -0.06996832022577987,
            -0.02889422069974292,
            0.28569837393851516,
            -0.012336458198665837,
            0.3404972237465424,
            0.03826105556875729,
            0.0063138645442699535,
            0.0470293072040437,
            -0.020285829610977565,
            -0.06463066651563823,
            0.04834305547023189,
            0.036171659091575534,
            -0.16111879460657708,
            -0.03256606542639654,
            0.023409206036792543,
            0.02614221257644591,
            -0.004759397759063154,
            0.09106639799603378,
            -0.01954892405358037
        ],
        [
            0.005889568255760366,
            0.0017788480231881048,
            0.0012385915873755029,
            -0.012336458198665837,
            0.0005497840916386634,
            -0.015760165505742926,
            -0.002554626072549669,
            -0.00044792499368180436,
            -0.0006861879886323252,
            0.0008838473463240563,
            0.0030998516745093644,
            -0.0028345572611237655,
            -0.0015885825324338132,
            0.006137396513335452,
            0.0017383373405934393,
            -0.002982027917088889,
            -0.0021681273867550505,
            0.0002902580063138438,
            -0.005093592630365942,
            0.001033223918624403
        ],
        [
            0.026630943792553034,
            0.09384922435373672,
            -0.03389315823472356,
            0.3404972237465424,
            -0.015760165505742926,
            0.5598100228544565,
            0.18188206676173463,
            0.012847648844982101,
            -0.015589373905279246,
            -0.01741065431101773,
            0.007620958230896328,
            0.1169006462119754,
            0.05294607499804905,
            -0.24310696198505807,
            -0.04442578644091167,
            0.042802325054714215,
            0.03847700442902982,
            -0.003132479130427017,
            0.06779006862182922,
            -0.01607743203705619
        ],
        [
            0.18078333355393186,
            0.14030764010598998,
            -0.003422272290245926,
            0.03826105556875729,
            -0.002554626072549669,
            0.18188206676173463,
            0.12925422350415824,
            0.001340423902450432,
            -0.032993756584764417,
            0.00527348902564021,
            0.10548775206933315,
            0.07407675645012857,
            0.012286194802134352,
            -0.0625285016431354,
            -0.007638447790000512,
            0.03326198344757292,
            0.02556877395368973,
            0.002847780790351267,
            -0.04402914214532681,
            0.007507062054509622
        ],
        [
            0.019719600685204636,
            0.01269781794582074,
            -0.0005277513618123173,
            0.0063138645442699535,
            -0.00044792499368180436,
            0.012847648844982101,
            0.001340423902450432,
            0.006386827296481976,
            -0.03672334191195222,
            -0.002974931073325985,
            -0.05076846343232333,
            -0.009943025370311023,
            0.0020985823434237156,
            0.002178879568641736,
            -0.005818934590166086,
            0.0018949039239829456,
            -0.005975407017030625,
            -0.0024364698998842775,
            0.03769700714191413,
            -0.006758143631428429
        ],
        [
            -0.23260519914011832,
            -0.14012294814192386,
            -0.00556646790002522,
            0.0470293072040437,
            -0.0006861879886323252,
            -0.015589373905279246,
            -0.032993756584764417,
            -0.03672334191195222,
            0.24673033273947645,
            0.009518640016576924,
            0.25208178484921995,
            0.05205349064052829,
            -0.003777800306780594,
            -0.05321143881404526,
            0.0270274710864245,
            -0.02064228664722783,
            0.032742013466334735,
            0.012431006484077042,
            -0.18594221534910813,
            0.032289830934199314
        ],
        [
            0.016688225769284845,
            0.008846976620161403,
            0.0020378426106960295,
            -0.020285829610977565,
            0.0008838473463240563,
            -0.01741065431101773,
            0.00527348902564021,
            -0.002974931073325985,
            0.009518640016576924,
            0.003006052697319173,
            0.03250717067721761,
            0.0059623990929901114,
            -0.0026558791325043997,
            0.007098593163543634,
            0.004059297770828872,
            0.0010434213922861336,
            0.0030768015456859327,
            0.0014889781997917623,
            -0.02436076042733174,
            0.004582488324293637
        ],
        [
            0.04216362768278082,
            0.03590607212357883,
            0.006189716724715634,
            -0.06463066651563823,
            0.0030998516745093644,
            0.007620958230896328,
            0.10548775206933315,
            -0.05076846343232333,
            0.25208178484921995,
            0.03250717067721761,
            0.5257030196291411,
            0.16354865225990847,
            -0.013926694798334773,
            -0.010491373256338195,
            0.038242578359034794,
            0.08031965388207259,
            0.10931337227357416,
            0.02117583480232823,
            -0.3355507516818403,
            0.06102546299032237
        ],
        [
            0.02715297220394125,
            0.023513863243142186,
            -0.004568902815648914,
            0.04834305547023189,
            -0.0028345572611237655,
            0.1169006462119754,
            0.07407675645012857,
            -0.009943025370311023,
            0.05205349064052829,
            0.0059623990929901114,
            0.16354865225990847,
            0.12042271078064018,
            0.0018162014072227338,
            0.032719174061830975,
            -0.014502621680353094,
            0.1852341292045564,
            0.1317238822946279,
            0.0008902226185398824,
            -0.02334700055161417,
            0.005172921708251318
        ],
        [
            -0.004801527443332019,
            0.005259131848517738,
            -0.0036394012868930336,
            0.036171659091575534,
            -0.0015885825324338132,
            0.05294607499804905,
            0.012286194802134352,
            0.0020985823434237156,
            -0.003777800306780594,
            -0.0026558791325043997,
            -0.013926694798334773,
            0.0018162014072227338,
            0.005951909789739073,
            -0.031893355843957576,
            -0.0035474543322080673,
            -0.013386471140081053,
            -0.008095319003960932,
            -0.0003813876148761221,
            0.009209209836064576,
            -0.002222141877354857
        ],
        [
            0.036216803552112715,
            -0.03334337796916018,
            0.016712298145880964,
            -0.16111879460657708,
            0.006137396513335452,
            -0.24310696198505807,
            -0.0625285016431354,
            0.002178879568641736,
            -0.05321143881404526,
            0.007098593163543634,
            -0.010491373256338195,
            0.032719174061830975,
            -0.031893355843957576,
            0.26688711148548216,
            -0.013041667891229717,
            0.2602490505484588,
            0.14609279183807017,
            -0.008176607725483877,
            0.09691007093160599,
            -0.012740891488090015
        ],
        [
            0.000378811620180137,
            -0.0006839865339888531,
            0.0031114974581686753,
            -0.03256606542639654,
            0.0017383373405934393,
            -0.04442578644091167,
            -0.007638447790000512,
            -0.005818934590166086,
            0.0270274710864245,
            0.004059297770828872,
            0.038242578359034794,
            -0.014502621680353094,
            -0.0035474543322080673,
            -0.013041667891229717,
            0.012823351696655121,
            -0.05426398429956478,
            -0.028914343494491766,
            0.0036822960212253577,
            -0.055033818179094696,
            0.009687188274572241
        ],
        [
            0.0021577571899398683,
            -0.03197034805561165,
            -0.0014062246602220415,
            0.023409206036792543,
            -0.002982027917088889,
            0.042802325054714215,
            0.03326198344757292,
            0.0018949039239829456,
            -0.02064228664722783,
            0.0010434213922861336,
            0.08031965388207259,
            0.1852341292045564,
            -0.013386471140081053,
            0.2602490505484588,
            -0.05426398429956478,
            0.5169371217567397,
            0.31975383219956705,
            -0.013492552881788689,
            0.1732743461433838,
            -0.026334301474616698
        ],
        [
            -0.027671159388669212,
            -0.034666506976698944,
            -0.002166924267412756,
            0.02614221257644591,
            -0.0021681273867550505,
            0.03847700442902982,
            0.02556877395368973,
            -0.005975407017030625,
            0.032742013466334735,
            0.0030768015456859327,
            0.10931337227357416,
            0.1317238822946279,
            -0.008095319003960932,
            0.14609279183807017,
            -0.028914343494491766,
            0.31975383219956705,
            0.20716943613383115,
            -0.005650069056977874,
            0.06658564131981715,
            -0.009229293078251127
        ],
        [
            0.0011824982299677204,
            0.001977795503992604,
            0.0004309007874238353,
            -0.004759397759063154,
            0.0002902580063138438,
            -0.003132479130427017,
            0.002847780790351267,
            -0.0024364698998842775,
            0.012431006484077042,
            0.0014889781997917623,
            0.02117583480232823,
            0.0008902226185398824,
            -0.0003813876148761221,
            -0.008176607725483877,
            0.0036822960212253577,
            -0.013492552881788689,
            -0.005650069056977874,
            0.0014156621020094053,
            -0.021153534545882906,
            0.0036886516505858133
        ],
        [
            -0.03195807087119971,
            -0.03379790636269253,
            -0.008503834737064848,
            0.09106639799603378,
            -0.005093592630365942,
            0.06779006862182922,
            -0.04402914214532681,
            0.03769700714191413,
            -0.18594221534910813,
            -0.02436076042733174,
            -0.3355507516818403,
            -0.02334700055161417,
            0.009209209836064576,
            0.09691007093160599,
            -0.055033818179094696,
            0.1732743461433838,
            0.06658564131981715,
            -0.021153534545882906,
            0.31941167586623964,
            -0.05621577950222337
        ],
        [
            0.007760216673472363,
            0.006418922276878081,
            0.001860021025952014,
            -0.01954892405358037,
            0.001033223918624403,
            -0.01607743203705619,
            0.007507062054509622,
            -0.006758143631428429,
            0.032289830934199314,
            0.004582488324293637,
            0.06102546299032237,
            0.005172921708251318,
            -0.002222141877354857,
            -0.012740891488090015,
            0.009687188274572241,
            -0.026334301474616698,
            -0.009229293078251127,
            0.0036886516505858133,
            -0.05621577950222337,
            0.009976252897575283
        ]
    ]
}