{
    "opt_E": -2.2120586755746383,
    "HF_E": -2.180917195098273,
    "B3LYP_E": -2.1836465491664874,
    "sto-3G_E": -2.1706982130560823,
    "proj": [
        [
            0.5734762186276537,
            0.35151548521421977,
            -0.038912635026374987,
            -0.16908330731728813,
            -0.01657700249292459,
            -0.0033465535340652273,
            0.16784155565955344,
            -0.06720648973712447,
            -0.2262486284912288,
            -0.02532341873622689,
            0.04351339427723166,
            0.02361353842722794,
            -0.002091202499743828,
            0.04667205113611736,
            0.001716523343796595,
            -0.0002629967103490953,
            -0.025677571159698997,
            0.009375441988332837,
            -0.027286352023655428,
            0.0017526202089362926
        ],
        [
            0.35151548521421977,
            0.23602040160423443,
            -0.01043687908721313,
            -0.04822905586133003,
            -0.004614438458869237,
            0.10261727770579389,
            0.13931213154154465,
            -0.03263174233411275,
            -0.1393599843702585,
            -0.01347764564185158,
            0.020677229668853984,
            0.022548126830233585,
            0.0007136044493007467,
            -0.030506112676827662,
            -0.0009948218070904278,
            -0.02421580244573056,
            -0.03266878669190886,
            0.0035318024571491112,
            -0.012448159780531336,
            0.0005837993167561801
        ],
        [
            -0.038912635026374987,
            -0.01043687908721313,
            0.012584896327989047,
            0.05206957622405706,
            0.005222325463160745,
            0.07476220694692273,
            0.012881205043418597,
            0.0109530219523416,
            0.007428627791753382,
            0.002929691136045541,
            -0.019353159468328843,
            0.006392773312332854,
            -0.002949627752507629,
            -0.036056900706359966,
            -0.002595841340726065,
            0.007593817703859481,
            0.0027116750444457316,
            -0.0061507690507242975,
            0.017049669027021742,
            -0.0011570609060860132
        ],
        [
            -0.16908330731728813,
            -0.04822905586133003,
            0.05206957622405706,
            0.2162040916179394,
            0.021633433583585833,
            0.3091048774230114,
            0.054130302078265954,
            0.04565073472835596,
            0.043145044295570346,
            0.012721970810392572,
            -0.06118778257707353,
            0.03282582657230263,
            -0.01026385526064434,
            -0.15009521246247,
            -0.01016836283113031,
            0.02880136557559248,
            0.013722068879235884,
            -0.022183490827906643,
            0.06079318548882042,
            -0.004201719600278344
        ],
        [
            -0.01657700249292459,
            -0.004614438458869237,
            0.005222325463160745,
            0.021633433583585833,
            0.002168056873619222,
            0.030922406274927622,
            0.005283749016182379,
            0.0045689333972723884,
            0.00353682193419562,
            0.0012403775196028392,
            -0.007461335501007878,
            0.0028256545434299125,
            -0.0011619878608037895,
            -0.014961306758993483,
            -0.0010576136287880106,
            0.003066795343019688,
            0.001209079586590762,
            -0.0024513103779213036,
            0.0067747649965249415,
            -0.0004619758870620903
        ],
        [
            -0.0033465535340652273,
            0.10261727770579389,
            0.07476220694692273,
            0.3091048774230114,
            0.030922406274927622,
            0.5823488886513795,
            0.20881326900446237,
            0.04670994152743423,
            -0.0038947185676971975,
            0.011145487065645311,
            -0.00887081130824721,
            0.10308432595724407,
            -0.012119372952619412,
            -0.2604465101687473,
            -0.01570358036197837,
            0.04085904329349508,
            0.01942363032230879,
            -0.02218562126806779,
            0.05632647838311422,
            -0.004359826348943905
        ],
        [
            0.16784155565955344,
            0.13931213154154465,
            0.012881205043418597,
            0.054130302078265954,
            0.005283749016182379,
            0.20881326900446237,
            0.1419692798719756,
            -0.006093035265062035,
            -0.022147471114354198,
            -0.0022471241468153677,
            0.10983248910504304,
            0.08424469438559803,
            0.002014257155997256,
            -0.07445054506016222,
            -0.002675544541848454,
            0.020659961559591933,
            0.02254363106202352,
            0.010643274477312508,
            -0.034780618788173734,
            0.0018117630890129596
        ],
        [
            -0.06720648973712447,
            -0.03263174233411275,
            0.0109530219523416,
            0.04565073472835596,
            0.0045689333972723884,
            0.04670994152743423,
            -0.006093035265062035,
            0.01212035065022662,
            0.017840145236365953,
            0.003626603515024774,
            -0.023820361576160385,
            -0.0018246133676631372,
            -0.001957889612990243,
            -0.027232900395337892,
            -0.0018908480993759485,
            0.0020492743747522,
            0.0002894357995770463,
            -0.005704146215360191,
            0.01609258063452751,
            -0.0010651896958641482
        ],
        [
            -0.2262486284912288,
            -0.1393599843702585,
            0.007428627791753382,
            0.043145044295570346,
            0.00353682193419562,
            -0.0038947185676971975,
            -0.022147471114354198,
            0.017840145236365953,
            0.21967693578296293,
            0.013438517767197377,
            0.25612477885401014,
            0.07996333854639384,
            0.029946561696059804,
            -0.027551830931452307,
            0.008171081446511253,
            -0.052793421009269696,
            0.03009459264014725,
            0.04524091424938699,
            -0.13547658594405496,
            0.008088286003282923
        ],
        [
            -0.02532341873622689,
            -0.01347764564185158,
            0.002929691136045541,
            0.012721970810392572,
            0.0012403775196028392,
            0.011145487065645311,
            -0.0022471241468153677,
            0.003626603515024774,
            0.013438517767197377,
            0.00142451057136226,
            0.0051741773309879014,
            0.002989151047780639,
            0.0007959390695910515,
            -0.0077159661949626705,
            -0.00010895167184049167,
            -0.0017360318230144735,
            0.0013337268561163615,
            0.0005519890661455832,
            -0.0018914420399596293,
            8.778011946578758e-05
        ],
        [
            0.04351339427723166,
            0.020677229668853984,
            -0.019353159468328843,
            -0.06118778257707353,
            -0.007461335501007878,
            -0.00887081130824721,
            0.10983248910504304,
            -0.023820361576160385,
            0.25612477885401014,
            0.0051741773309879014,
            0.5902599781186004,
            0.21978450759946047,
            0.0490428834259132,
            0.01861419550877119,
            0.016447176397965408,
            -0.021207081868223735,
            0.09840976732122446,
            0.09841902441520113,
            -0.29250589417752787,
            0.01773143417240661
        ],
        [
            0.02361353842722794,
            0.022548126830233585,
            0.006392773312332854,
            0.03282582657230263,
            0.0028256545434299125,
            0.10308432595724407,
            0.08424469438559803,
            -0.0018246133676631372,
            0.07996333854639384,
            0.002989151047780639,
            0.21978450759946047,
            0.14683773944905157,
            -0.00734199931867994,
            0.023233510760237237,
            -0.0013117052502858398,
            0.16220799020133625,
            0.14121585598837752,
            0.019999005536127802,
            -0.058194592200051375,
            0.0036735567059645383
        ],
        [
            -0.002091202499743828,
            0.0007136044493007467,
            -0.002949627752507629,
            -0.01026385526064434,
            -0.0011619878608037895,
            -0.012119372952619412,
            0.002014257155997256,
            -0.001957889612990243,
            0.029946561696059804,
            0.0007959390695910515,
            0.0490428834259132,
            -0.00734199931867994,
            0.0164476319484895,
            -0.02642702100406927,
            0.004046053808505317,
            -0.08647755944420614,
            -0.04410351753652864,
            0.015211318659573685,
            -0.04656954089198952,
            0.002676872655523857
        ],
        [
            0.04667205113611736,
            -0.030506112676827662,
            -0.036056900706359966,
            -0.15009521246247,
            -0.014961306758993483,
            -0.2604465101687473,
            -0.07445054506016222,
            -0.027232900395337892,
            -0.027551830931452307,
            -0.0077159661949626705,
            0.01861419550877119,
            0.023233510760237237,
            -0.02642702100406927,
            0.20822110765812218,
            0.001035046112713195,
            0.20764473941920078,
            0.1320244864463631,
            -0.005422084733651651,
            0.024612843400714204,
            -0.000620861594500112
        ],
        [
            0.001716523343796595,
            -0.0009948218070904278,
            -0.002595841340726065,
            -0.01016836283113031,
            -0.0010576136287880106,
            -0.01570358036197837,
            -0.002675544541848454,
            -0.0018908480993759485,
            0.008171081446511253,
            -0.00010895167184049167,
            0.016447176397965408,
            -0.0013117052502858398,
            0.004046053808505317,
            0.001035046112713195,
            0.0013380552028744073,
            -0.01819282572810696,
            -0.008119789876400198,
            0.004603350128477797,
            -0.013729808813275624,
            0.0008252217597199659
        ],
        [
            -0.0002629967103490953,
            -0.02421580244573056,
            0.007593817703859481,
            0.02880136557559248,
            0.003066795343019688,
            0.04085904329349508,
            0.020659961559591933,
            0.0020492743747522,
            -0.052793421009269696,
            -0.0017360318230144735,
            -0.021207081868223735,
            0.16220799020133625,
            -0.08647755944420614,
            0.20764473941920078,
            -0.01819282572810696,
            0.5858308225951495,
            0.36007417926471463,
            -0.05111465555863903,
            0.1619563260919273,
            -0.008747574253802506
        ],
        [
            -0.025677571159698997,
            -0.03266878669190886,
            0.0027116750444457316,
            0.013722068879235884,
            0.001209079586590762,
            0.01942363032230879,
            0.02254363106202352,
            0.0002894357995770463,
            0.03009459264014725,
            0.0013337268561163615,
            0.09840976732122446,
            0.14121585598837752,
            -0.04410351753652864,
            0.1320244864463631,
            -0.008119789876400198,
            0.36007417926471463,
            0.24441478271863012,
            -0.013158422084975108,
            0.04539425838286605,
            -0.002084580636151062
        ],
        [
            0.009375441988332837,
            0.0035318024571491112,
            -0.0061507690507242975,
            -0.022183490827906643,
            -0.0024513103779213036,
            -0.02218562126806779,
            0.010643274477312508,
            -0.005704146215360191,
            0.04524091424938699,
            0.0005519890661455832,
            0.09841902441520113,
            0.019999005536127802,
            0.015211318659573685,
            -0.005422084733651651,
            0.004603350128477797,
            -0.05111465555863903,
            -0.013158422084975108,
            0.020810560093597753,
            -0.06235494195616966,
            0.0037238557532349855
        ],
        [
            -0.027286352023655428,
            -0.012448159780531336,
            0.017049669027021742,
            0.06079318548882042,
            0.0067747649965249415,
            0.05632647838311422,
            -0.034780618788173734,
            0.01609258063452751,
            -0.13547658594405496,
            -0.0018914420399596293,
            -0.29250589417752787,
            -0.058194592200051375,
            -0.04656954089198952,
            0.024612843400714204,
            -0.013729808813275624,
            0.1619563260919273,
            0.04539425838286605,
            -0.06235494195616966,
            0.1871787341805896,
            -0.01114345867406145
        ],
        [
            0.0017526202089362926,
            0.0005837993167561801,
            -0.0011570609060860132,
            -0.004201719600278344,
            -0.0004619758870620903,
            -0.004359826348943905,
            0.0018117630890129596,
            -0.0010651896958641482,
            0.008088286003282923,
            8.778011946578758e-05,
            0.01773143417240661,
            0.0036735567059645383,
            0.002676872655523857,
            -0.000620861594500112,
            0.0008252217597199659,
            -0.008747574253802506,
            -0.002084580636151062,
            0.0037238557532349855,
            -0.01114345867406145,
            0.0006669574555529022
        ]
    ]
}