{
    "opt_E": -2.1870917318079703,
    "HF_E": -2.157068513861792,
    "B3LYP_E": -2.1586564117943796,
    "sto-3G_E": -2.145835231828822,
    "proj": [
        [
            0.553589793411293,
            0.35326983863013206,
            0.03064230745851708,
            -0.17986821200602993,
            0.01263402010381145,
            0.013971476664037056,
            0.1769582736570241,
            0.050167994799482196,
            -0.21914251295960052,
            0.025854156799908656,
            0.04206486157216375,
            0.026786618432501477,
            -0.0017832634320025503,
            0.04326476225225394,
            0.0011497546038966705,
            -0.0001963770460036116,
            -0.02724153679685225,
            0.004166511001014852,
            -0.0309749507142793,
            0.008775460555712392
        ],
        [
            0.35326983863013206,
            0.24084907560884777,
            0.010836193578042438,
            -0.06700723995440207,
            0.004188505637365516,
            0.09132236154550569,
            0.14015921996730385,
            0.02775083191138844,
            -0.1353007103094968,
            0.01406371475063278,
            0.03431379560307036,
            0.023917116693633476,
            -2.251960150315304e-05,
            -0.032087754935251955,
            0.0008905479466127329,
            -0.03339969297157352,
            -0.0354398183488089,
            0.0034259386065334306,
            -0.030766075200242007,
            0.006930491812266133
        ],
        [
            0.03064230745851708,
            0.010836193578042438,
            0.008672797543515812,
            -0.04733858352833109,
            0.0038704779548389633,
            -0.06066907783649078,
            -0.008304590096107326,
            0.005908440705552916,
            -0.0031727288945517895,
            0.003954171521295442,
            0.012212276951073915,
            -0.008517293882275193,
            0.0011576251845329493,
            0.029526646187513664,
            0.005373933285887293,
            -0.006047021761221286,
            -0.004367022778307112,
            0.001673746336196138,
            -0.016607748548209653,
            0.004121549643842242
        ],
        [
            -0.17986821200602993,
            -0.06700723995440207,
            -0.04733858352833109,
            0.2590401757223041,
            -0.02108238538627227,
            0.3267819328068264,
            0.04158903709610167,
            -0.033110381876277094,
            0.02902047133450617,
            -0.02158865774743113,
            -0.05755919554528364,
            0.04567769101252621,
            -0.00555184468288821,
            -0.16477381769556484,
            -0.02719855734377722,
            0.02546986052883451,
            0.021287982706528832,
            -0.008301454102425086,
            0.08109366431970175,
            -0.020549436416544616
        ],
        [
            0.01263402010381145,
            0.004188505637365516,
            0.0038704779548389633,
            -0.02108238538627227,
            0.00173242966310534,
            -0.027609479108540745,
            -0.004243229248293331,
            0.00255406664128355,
            -0.000922864064652574,
            0.00172780286401355,
            0.005211796180955149,
            -0.004350336248193514,
            0.0005875194120218575,
            0.012709410255303474,
            0.0025688613085608275,
            -0.003930105498649289,
            -0.002660936203506744,
            0.0007757254802147516,
            -0.007799329359245374,
            0.0019107550869305646
        ],
        [
            0.013971476664037056,
            0.09132236154550569,
            -0.06066907783649078,
            0.3267819328068264,
            -0.027609479108540745,
            0.5616120436152218,
            0.18682497991070085,
            -0.025877607279561263,
            -0.029079668444747745,
            -0.017933132847257713,
            0.013209991918492087,
            0.11768759400296878,
            -0.008280061425571238,
            -0.2577855806744658,
            -0.03772561379371116,
            0.047136755515300076,
            0.03469421098210412,
            -0.006347163626194621,
            0.0628556459762279,
            -0.01767311136205447
        ],
        [
            0.1769582736570241,
            0.14015921996730385,
            -0.008304590096107326,
            0.04158903709610167,
            -0.004243229248293331,
            0.18682497991070085,
            0.13078154976013204,
            0.008696225080149859,
            -0.030396664501322907,
            0.006042500138901441,
            0.10565924435074035,
            0.0758824748206046,
            -0.0017611530514358195,
            -0.06693461419272868,
            -0.0057465547951836135,
            0.0326139271711499,
            0.025268477610036567,
            0.004216701800175959,
            -0.04165914197285917,
            0.008294024120857505
        ],
        [
            0.050167994799482196,
            0.02775083191138844,
            0.005908440705552916,
            -0.033110381876277094,
            0.00255406664128355,
            -0.025877607279561263,
            0.008696225080149859,
            0.006037024097175579,
            -0.014687873887652,
            0.003601694382590758,
            0.011655716722607469,
            0.000768718577233361,
            0.00015979468450954976,
            0.018909229985054843,
            0.0019974837175257133,
            0.003413709867870001,
            0.00039060762153539445,
            0.0010287307300611054,
            -0.009228880623854158,
            0.0024235073249348907
        ],
        [
            -0.21914251295960052,
            -0.1353007103094968,
            -0.0031727288945517895,
            0.02902047133450617,
            -0.000922864064652574,
            -0.029079668444747745,
            -0.030396664501322907,
            -0.014687873887652,
            0.250262895862819,
            0.002960273014211247,
            0.26774674681222,
            0.054761854838878146,
            0.010267835275336826,
            -0.038938757025566484,
            0.031517439119974386,
            -0.027877170326246606,
            0.032833427709604616,
            0.01746641196628665,
            -0.1933344639283086,
            0.040172407441313514
        ],
        [
            0.025854156799908656,
            0.01406371475063278,
            0.003954171521295442,
            -0.02158865774743113,
            0.00172780286401355,
            -0.017933132847257713,
            0.006042500138901441,
            0.003601694382590758,
            0.002960273014211247,
            0.0028057652262459486,
            0.02423246125914089,
            0.004246469962004173,
            0.0006900519108026435,
            0.010280031106914401,
            0.00316818793366338,
            0.0006762385677109868,
            0.002007454843572777,
            0.001762260632736205,
            -0.01792954404755432,
            0.0040784083661361105
        ],
        [
            0.04206486157216375,
            0.03431379560307036,
            0.012212276951073915,
            -0.05755919554528364,
            0.005211796180955149,
            0.013209991918492087,
            0.10565924435074035,
            0.011655716722607469,
            0.26774674681222,
            0.02423246125914089,
            0.5267306255985915,
            0.16723444469599977,
            0.010497593702049323,
            -0.0022275484198478065,
            0.0405300968564444,
            0.066654984961011,
            0.10968954281254513,
            0.030964698267506766,
            -0.3271277465671334,
            0.07020103432315385
        ],
        [
            0.026786618432501477,
            0.023917116693633476,
            -0.008517293882275193,
            0.04567769101252621,
            -0.004350336248193514,
            0.11768759400296878,
            0.0758824748206046,
            0.000768718577233361,
            0.054761854838878146,
            0.004246469962004173,
            0.16723444469599977,
            0.12147514574622277,
            -0.0066733357762730205,
            0.02903456096443104,
            -0.014575094426803723,
            0.18279426243633493,
            0.1317719858699064,
            0.0032811299714976196,
            -0.02697157132804185,
            0.006503542484640929
        ],
        [
            -0.0017832634320025503,
            -2.251960150315304e-05,
            0.0011576251845329493,
            -0.00555184468288821,
            0.0005875194120218575,
            -0.008280061425571238,
            -0.0017611530514358195,
            0.00015979468450954976,
            0.010267835275336826,
            0.0006900519108026435,
            0.010497593702049323,
            -0.0066733357762730205,
            0.0018482766764176776,
            -0.011062876043524107,
            0.004968009464481346,
            -0.027107088022867955,
            -0.014741381584936828,
            0.0016541226247574997,
            -0.018976784828494474,
            0.0038499702107530633
        ],
        [
            0.04326476225225394,
            -0.032087754935251955,
            0.029526646187513664,
            -0.16477381769556484,
            0.012709410255303474,
            -0.2577855806744658,
            -0.06693461419272868,
            0.018909229985054843,
            -0.038938757025566484,
            0.010280031106914401,
            -0.0022275484198478065,
            0.02903456096443104,
            -0.011062876043524107,
            0.2674729836894879,
            -0.01752423232375211,
            0.2511643631249653,
            0.1447259137705952,
            -0.005898432406352416,
            0.08023803709122275,
            -0.012382726168643146
        ],
        [
            0.0011497546038966705,
            0.0008905479466127329,
            0.005373933285887293,
            -0.02719855734377722,
            0.0025688613085608275,
            -0.03772561379371116,
            -0.0057465547951836135,
            0.0019974837175257133,
            0.031517439119974386,
            0.00316818793366338,
            0.0405300968564444,
            -0.014575094426803723,
            0.004968009464481346,
            -0.01752423232375211,
            0.014279019908955191,
            -0.06407972702885466,
            -0.03319230809669167,
            0.005099337891829387,
            -0.057198498112055546,
            0.011901238378186803
        ],
        [
            -0.0001963770460036116,
            -0.03339969297157352,
            -0.006047021761221286,
            0.02546986052883451,
            -0.003930105498649289,
            0.047136755515300076,
            0.0326139271711499,
            0.003413709867870001,
            -0.027877170326246606,
            0.0006762385677109868,
            0.066654984961011,
            0.18279426243633493,
            -0.027107088022867955,
            0.2511643631249653,
            -0.06407972702885466,
            0.5269741994564137,
            0.324657593919247,
            -0.014044284018356386,
            0.17582086910979244,
            -0.03297504584982221
        ],
        [
            -0.02724153679685225,
            -0.0354398183488089,
            -0.004367022778307112,
            0.021287982706528832,
            -0.002660936203506744,
            0.03469421098210412,
            0.025268477610036567,
            0.00039060762153539445,
            0.032833427709604616,
            0.002007454843572777,
            0.10968954281254513,
            0.1317719858699064,
            -0.014741381584936828,
            0.1447259137705952,
            -0.03319230809669167,
            0.324657593919247,
            0.21109772523996573,
            -0.004461685348739723,
            0.06272627391432305,
            -0.010786012100253605
        ],
        [
            0.004166511001014852,
            0.0034259386065334306,
            0.001673746336196138,
            -0.008301454102425086,
            0.0007757254802147516,
            -0.006347163626194621,
            0.004216701800175959,
            0.0010287307300611054,
            0.01746641196628665,
            0.001762260632736205,
            0.030964698267506766,
            0.0032811299714976196,
            0.0016541226247574997,
            -0.005898432406352416,
            0.005099337891829387,
            -0.014044284018356386,
            -0.004461685348739723,
            0.002502668634530315,
            -0.027284498063596736,
            0.00574308548543067
        ],
        [
            -0.0309749507142793,
            -0.030766075200242007,
            -0.016607748548209653,
            0.08109366431970175,
            -0.007799329359245374,
            0.0628556459762279,
            -0.04165914197285917,
            -0.009228880623854158,
            -0.1933344639283086,
            -0.01792954404755432,
            -0.3271277465671334,
            -0.02697157132804185,
            -0.018976784828494474,
            0.08023803709122275,
            -0.057198498112055546,
            0.17582086910979244,
            0.06272627391432305,
            -0.027284498063596736,
            0.2990372340818939,
            -0.0626258874465932
        ],
        [
            0.008775460555712392,
            0.006930491812266133,
            0.004121549643842242,
            -0.020549436416544616,
            0.0019107550869305646,
            -0.01767311136205447,
            0.008294024120857505,
            0.0024235073249348907,
            0.040172407441313514,
            0.0040784083661361105,
            0.07020103432315385,
            0.006503542484640929,
            0.0038499702107530633,
            -0.012382726168643146,
            0.011901238378186803,
            -0.03297504584982221,
            -0.010786012100253605,
            0.00574308548543067,
            -0.0626258874465932,
            0.013198570456861704
        ]
    ]
}