{
    "opt_E": -2.2165495895803407,
    "HF_E": -2.1836650234180817,
    "B3LYP_E": -2.1868053241394754,
    "sto-3G_E": -2.171473506866937,
    "proj": [
        [
            0.5922126352711135,
            0.36050795167278543,
            0.06820796818386379,
            -0.14533382393693303,
            -0.004391369955846547,
            -0.025108463809689764,
            0.15982332093299204,
            0.1213646523106814,
            -0.19969626702397034,
            -0.021796453889305945,
            0.026258486541876017,
            0.020924226963554608,
            0.004493000931971836,
            0.04842910357199008,
            -0.010420296933870869,
            -0.0016470487534482566,
            -0.0228240538484466,
            -0.005772310735357449,
            -0.01792170856963858,
            0.0008285875802323758
        ],
        [
            0.36050795167278543,
            0.24334672564082196,
            0.015602619828150529,
            -0.03819613568355879,
            0.00030696548514997404,
            0.1016372260230643,
            0.14201693639727303,
            0.06021947522789273,
            -0.12465493018190506,
            -0.006166294559382174,
            0.010361854559435061,
            0.023695707814462997,
            0.0012942653154755612,
            -0.02747881070064031,
            0.006291294981397468,
            -0.01974089342523502,
            -0.02955623114579547,
            -0.0008517413142783244,
            -0.005406836325264573,
            9.316136521267531e-05
        ],
        [
            0.06820796818386379,
            0.015602619828150529,
            0.03870430214355117,
            -0.07570169950471957,
            -0.004269745463653603,
            -0.13695482527868708,
            -0.029564980595267503,
            0.030181861824030865,
            -0.008416468328397373,
            -0.013200371112221283,
            0.03128261783280579,
            -0.010994530278208623,
            -0.003955387115146908,
            0.05860130925652627,
            -0.014927591948497522,
            -0.015080526720096701,
            -0.003115188484239021,
            -0.009251280653168012,
            -0.025954310726573268,
            0.002525101376968668
        ],
        [
            -0.14533382393693303,
            -0.03819613568355879,
            -0.07570169950471957,
            0.14896675365551768,
            0.008156965020656699,
            0.2659097261792704,
            0.05698494546235418,
            -0.060465833116260914,
            0.02888981264443158,
            0.024000741945660306,
            -0.04204309395795105,
            0.02763032210546259,
            0.005636066634619913,
            -0.11560687664849431,
            0.02885851416677488,
            0.024712791248194484,
            0.007707782964958216,
            0.015044917368473375,
            0.04127020796004745,
            -0.0038953852649427196
        ],
        [
            -0.004391369955846547,
            0.00030696548514997404,
            -0.004269745463653603,
            0.008156965020656699,
            0.0005152866669850519,
            0.015872766858285724,
            0.0038413282199488857,
            -0.002918766881930149,
            -0.0017735267118661104,
            0.0017968856096404182,
            -0.007019413565227917,
            0.0004211202911633358,
            0.0009613964874855608,
            -0.006048719754413243,
            0.0017051182901048367,
            0.003520056579272076,
            0.0006022066139834755,
            0.00166298029140977,
            0.004862506703187538,
            -0.0005009006486348918
        ],
        [
            -0.025108463809689764,
            0.1016372260230643,
            -0.13695482527868708,
            0.2659097261792704,
            0.015872766858285724,
            0.6041227148198524,
            0.22804123521443664,
            -0.07387466880997137,
            -0.009654758408663994,
            0.03699088041718012,
            -0.016480656852897544,
            0.09908485794058347,
            0.008697610096109424,
            -0.24629678759562423,
            0.06046267297502187,
            0.04066465336749198,
            0.010021775214756763,
            0.02132601529033249,
            0.05331369139770757,
            -0.005042459317175335
        ],
        [
            0.15982332093299204,
            0.14201693639727303,
            -0.029564980595267503,
            0.05698494546235418,
            0.0038413282199488857,
            0.22804123521443664,
            0.15266136447607526,
            0.010094911544538081,
            -0.017973057265048945,
            -0.00291483091458031,
            0.10554510978597657,
            0.08843229719626997,
            -0.002719360285491674,
            -0.0785662530191815,
            0.018075908944009365,
            0.015354789275897136,
            0.019405426886498003,
            -0.00807968578350458,
            -0.03027648919562118,
            0.0031753502848185333
        ],
        [
            0.1213646523106814,
            0.06021947522789273,
            0.030181861824030865,
            -0.060465833116260914,
            -0.002918766881930149,
            -0.07387466880997137,
            0.010094911544538081,
            0.033655014578675646,
            -0.029417304363276563,
            -0.011039158555920527,
            0.030556187321869183,
            0.0036811446196544743,
            -0.001314760602333735,
            0.039774787251526104,
            -0.00965417364490625,
            -0.0015084405387527217,
            0.0014241260599485261,
            -0.006655559299245764,
            -0.019197196221116535,
            0.001750920971247571
        ],
        [
            -0.19969626702397034,
            -0.12465493018190506,
            -0.008416468328397373,
            0.02888981264443158,
            -0.0017735267118661104,
            -0.009654758408663994,
            -0.017973057265048945,
            -0.029417304363276563,
            0.17451963369924856,
            -0.020787409028854655,
            0.24354240983266018,
            0.08135510390582915,
            -0.02620327962638694,
            -0.01934025855995493,
            -0.00244069278412804,
            -0.05299562262425599,
            0.027441926447714766,
            -0.037754570370223874,
            -0.11776060995687963,
            0.013038427531978624
        ],
        [
            -0.021796453889305945,
            -0.006166294559382174,
            -0.013200371112221283,
            0.024000741945660306,
            0.0017968856096404182,
            0.03699088041718012,
            -0.00291483091458031,
            -0.011039158555920527,
            -0.020787409028854655,
            0.009861273163653525,
            -0.06644966626095448,
            -0.01954801483674738,
            0.006015471384609147,
            -0.01546780194062911,
            0.005206854453841818,
            0.011062302645747544,
            -0.006813348883919417,
            0.011158350678561852,
            0.034062431933656157,
            -0.0035801267805390226
        ],
        [
            0.026258486541876017,
            0.010361854559435061,
            0.03128261783280579,
            -0.04204309395795105,
            -0.007019413565227917,
            -0.016480656852897544,
            0.10554510978597657,
            0.030556187321869183,
            0.24354240983266018,
            -0.06644966626095448,
            0.6076648419915803,
            0.2406417939613744,
            -0.04854741571038391,
            0.012535031498785336,
            -0.014832185490950578,
            -0.04575808690003883,
            0.09839576905046438,
            -0.08929241833895617,
            -0.27832697669946227,
            0.029755101449241164
        ],
        [
            0.020924226963554608,
            0.023695707814462997,
            -0.010994530278208623,
            0.02763032210546259,
            0.0004211202911633358,
            0.09908485794058347,
            0.08843229719626997,
            0.0036811446196544743,
            0.08135510390582915,
            -0.01954801483674738,
            0.2406417939613744,
            0.15908904278428143,
            0.0028305134825206877,
            0.02136930995254913,
            -0.0012948493286967144,
            0.1523272031981073,
            0.14411677805907008,
            -0.02103446464578884,
            -0.06638099594121917,
            0.006825836218884718
        ],
        [
            0.004493000931971836,
            0.0012942653154755612,
            -0.003955387115146908,
            0.005636066634619913,
            0.0009613964874855608,
            0.008697610096109424,
            -0.002719360285491674,
            -0.001314760602333735,
            -0.02620327962638694,
            0.006015471384609147,
            -0.04854741571038391,
            0.0028305134825206877,
            0.013483476569465594,
            0.023228864845565706,
            -0.0007982763220022696,
            0.07906985495866888,
            0.03944751106805708,
            0.012413085297503106,
            0.03921192148984274,
            -0.004360915395093115
        ],
        [
            0.04842910357199008,
            -0.02747881070064031,
            0.05860130925652627,
            -0.11560687664849431,
            -0.006048719754413243,
            -0.24629678759562423,
            -0.0785662530191815,
            0.039774787251526104,
            -0.01934025855995493,
            -0.01546780194062911,
            0.012535031498785336,
            0.02136930995254913,
            0.023228864845565706,
            0.17900943605778621,
            -0.03272380143853875,
            0.19587039627000669,
            0.1299533622831873,
            0.004757617149726236,
            0.022110922468292615,
            -0.003167079032629924
        ],
        [
            -0.010420296933870869,
            0.006291294981397468,
            -0.014927591948497522,
            0.02885851416677488,
            0.0017051182901048367,
            0.06046267297502187,
            0.018075908944009365,
            -0.00965417364490625,
            -0.00244069278412804,
            0.005206854453841818,
            -0.014832185490950578,
            -0.0012948493286967144,
            -0.0007982763220022696,
            -0.03272380143853875,
            0.007163258199751648,
            -0.015881325058239734,
            -0.014048401231157748,
            0.0026626506895174405,
            0.006804548039005099,
            -0.0006029578492690056
        ],
        [
            -0.0016470487534482566,
            -0.01974089342523502,
            -0.015080526720096701,
            0.024712791248194484,
            0.003520056579272076,
            0.04066465336749198,
            0.015354789275897136,
            -0.0015084405387527217,
            -0.05299562262425599,
            0.011062302645747544,
            -0.04575808690003883,
            0.1523272031981073,
            0.07906985495866888,
            0.19587039627000669,
            -0.015881325058239734,
            0.6008222647897803,
            0.37020096089298055,
            0.048144990084566415,
            0.1546574765020348,
            -0.017800958341744624
        ],
        [
            -0.0228240538484466,
            -0.02955623114579547,
            -0.003115188484239021,
            0.007707782964958216,
            0.0006022066139834755,
            0.010021775214756763,
            0.019405426886498003,
            0.0014241260599485261,
            0.027441926447714766,
            -0.006813348883919417,
            0.09839576905046438,
            0.14411677805907008,
            0.03944751106805708,
            0.1299533622831873,
            -0.014048401231157748,
            0.37020096089298055,
            0.2561823677207233,
            0.011455503227849018,
            0.03890384860558745,
            -0.00492530530669807
        ],
        [
            -0.005772310735357449,
            -0.0008517413142783244,
            -0.009251280653168012,
            0.015044917368473375,
            0.00166298029140977,
            0.02132601529033249,
            -0.00807968578350458,
            -0.006655559299245764,
            -0.037754570370223874,
            0.011158350678561852,
            -0.08929241833895617,
            -0.02103446464578884,
            0.012413085297503106,
            0.004757617149726236,
            0.0026626506895174405,
            0.048144990084566415,
            0.011455503227849018,
            0.016430835411066214,
            0.051172358784035234,
            -0.005536314179360772
        ],
        [
            -0.01792170856963858,
            -0.005406836325264573,
            -0.025954310726573268,
            0.04127020796004745,
            0.004862506703187538,
            0.05331369139770757,
            -0.03027648919562118,
            -0.019197196221116535,
            -0.11776060995687963,
            0.034062431933656157,
            -0.27832697669946227,
            -0.06638099594121917,
            0.03921192148984274,
            0.022110922468292615,
            0.006804548039005099,
            0.1546574765020348,
            0.03890384860558745,
            0.051172358784035234,
            0.15970876636550593,
            -0.01730402388962428
        ],
        [
            0.0008285875802323758,
            9.316136521267531e-05,
            0.002525101376968668,
            -0.0038953852649427196,
            -0.0005009006486348918,
            -0.005042459317175335,
            0.0031753502848185333,
            0.001750920971247571,
            0.013038427531978624,
            -0.0035801267805390226,
            0.029755101449241164,
            0.006825836218884718,
            -0.004360915395093115,
            -0.003167079032629924,
            -0.0006029578492690056,
            -0.017800958341744624,
            -0.00492530530669807,
            -0.005536314179360772,
            -0.01730402388962428,
            0.0018800059945651463
        ]
    ]
}