{
    "opt_E": -2.1489541177926594,
    "HF_E": -2.1183842674532904,
    "B3LYP_E": -2.120211236366984,
    "sto-3G_E": -2.0959681195058053,
    "proj": [
        [
            0.5739639589328044,
            0.3777138977770841,
            -0.014201014108500122,
            -0.17411944082696862,
            0.020723459140646123,
            -0.011489669262856045,
            0.163526963922544,
            -0.04702581888670821,
            -0.182076906204899,
            0.03558904580542222,
            0.030366527371067233,
            0.025641433308350794,
            -0.01681887869912418,
            0.06241808567334086,
            0.00340374462179178,
            -0.00039111002192969186,
            -0.027163289812520135,
            0.002662776531333399,
            -0.02944415061732768,
            -0.005254865920787097
        ],
        [
            0.3777138977770841,
            0.2661683690464954,
            -0.004501477070917759,
            -0.07089656834244426,
            0.00795535309246377,
            0.0749258667138349,
            0.1386491204889219,
            -0.023197847185570625,
            -0.12094455619549783,
            0.01946340617040996,
            0.03406599233981689,
            0.02373253742034457,
            0.0060937777093637655,
            -0.026105331753794217,
            -0.0032287741664870726,
            -0.03907405583419247,
            -0.0404996883811815,
            0.004939634495408465,
            -0.038448426936301454,
            -0.006374215637184916
        ],
        [
            -0.014201014108500122,
            -0.004501477070917759,
            0.002984108162127037,
            0.02477645885383011,
            -0.0032762313038684314,
            0.03503023635875694,
            0.007341603857018351,
            0.007897854651149014,
            -0.008677542215512039,
            -0.0028776305996011165,
            -0.00876399896227831,
            0.005824960939545584,
            0.006472072279548211,
            -0.017361627194589113,
            0.0014968609330115242,
            0.005638028657611451,
            0.0036594965901053937,
            -0.0020749712902716605,
            0.013693031482540434,
            0.0029008944236245155
        ],
        [
            -0.17411944082696862,
            -0.07089656834244426,
            0.02477645885383011,
            0.21734972567678276,
            -0.02823642822485692,
            0.2929424751471963,
            0.0512324151801409,
            0.06011294705747749,
            -0.021009317706994723,
            -0.026142101175494634,
            -0.03069948230097432,
            0.049468484875356246,
            0.05572323136428901,
            -0.16362100145959746,
            0.005823143905265627,
            0.02593411442567706,
            0.023859315751913517,
            -0.01067863588765498,
            0.07253755218712842,
            0.016041986463155865
        ],
        [
            0.020723459140646123,
            0.00795535309246377,
            -0.0032762313038684314,
            -0.02823642822485692,
            0.0036921633544814724,
            -0.0384291365691287,
            -0.006961697303323107,
            -0.008311654309162737,
            0.005251114954732184,
            0.0033851345448806724,
            0.006665359449779143,
            -0.0059424196755879025,
            -0.007351788272860758,
            0.021282107985143014,
            -0.0009758378195034279,
            -0.003206276649174585,
            -0.0026729766344566292,
            0.0016912670233339216,
            -0.011412696561373005,
            -0.002483550719944081
        ],
        [
            -0.011489669262856045,
            0.0749258667138349,
            0.03503023635875694,
            0.2929424751471963,
            -0.0384291365691287,
            0.5326858051118664,
            0.19677034909261615,
            0.06243053073329384,
            -0.06676260655157921,
            -0.02567102125434104,
            0.06576336363520821,
            0.12986361723714757,
            0.08973141933408436,
            -0.26633792301583287,
            0.0049008301804766485,
            0.05517674593206096,
            0.043140655889523344,
            -0.006695707632274484,
            0.04065260244783819,
            0.01140490456628906
        ],
        [
            0.163526963922544,
            0.1386491204889219,
            0.007341603857018351,
            0.0512324151801409,
            -0.006961697303323107,
            0.19677034909261615,
            0.13079270487385453,
            -0.004050952807662748,
            -0.03743014971618227,
            0.0028224709393509994,
            0.09851577010218927,
            0.07542898796031387,
            0.0255990096796766,
            -0.07423704180638782,
            -0.0002701478088684503,
            0.03793605427078502,
            0.024633686446831848,
            0.00431650135584986,
            -0.03454953918190771,
            -0.00552843484287169
        ],
        [
            -0.04702581888670821,
            -0.023197847185570625,
            0.007897854651149014,
            0.06011294705747749,
            -0.008311654309162737,
            0.06243053073329384,
            -0.004050952807662748,
            0.03247248640562594,
            -0.05879020720553749,
            -0.008894415631674668,
            -0.09477836003415831,
            -0.011389939289858509,
            0.015380086644492558,
            -0.03797951358227639,
            0.007222878979690285,
            -0.003126625993421806,
            -0.0073650492362111256,
            -0.011672151687560098,
            0.07858305035995491,
            0.01595826660227526
        ],
        [
            -0.182076906204899,
            -0.12094455619549783,
            -0.008677542215512039,
            -0.021009317706994723,
            0.005251114954732184,
            -0.06676260655157921,
            -0.03743014971618227,
            -0.05879020720553749,
            0.2709946447357509,
            0.001122927910756772,
            0.282039492244317,
            0.03447934507268783,
            -0.014317297063815279,
            -0.0024501149558368044,
            -0.02814229948492783,
            -0.02310612511784984,
            0.01878610579691515,
            0.035715652325205315,
            -0.23207844026572727,
            -0.04643260403416
        ],
        [
            0.03558904580542222,
            0.01946340617040996,
            -0.0028776305996011165,
            -0.026142101175494634,
            0.0033851345448806724,
            -0.02567102125434104,
            0.0028224709393509994,
            -0.008894415631674668,
            0.001122927910756772,
            0.0038477796912509466,
            0.013483679268199246,
            0.00011756272370797648,
            -0.0060301822044939776,
            0.018566741684014728,
            -0.0005993428777754544,
            0.0023244950478134062,
            0.0006582378377637663,
            0.001767443734538727,
            -0.012564353743885823,
            -0.002643534132828879
        ],
        [
            0.030366527371067233,
            0.03406599233981689,
            -0.00876399896227831,
            -0.03069948230097432,
            0.006665359449779143,
            0.06576336363520821,
            0.09851577010218927,
            -0.09477836003415831,
            0.282039492244317,
            0.013483679268199246,
            0.4784153864799019,
            0.14530853266154778,
            -0.010277700623933777,
            0.005764199831166612,
            -0.02598561223368502,
            0.09696922346287283,
            0.1002372587260359,
            0.04577956042888534,
            -0.31044457981784357,
            -0.06160983679453595
        ],
        [
            0.025641433308350794,
            0.02373253742034457,
            0.005824960939545584,
            0.049468484875356246,
            -0.0059424196755879025,
            0.12986361723714757,
            0.07542898796031387,
            -0.011389939289858509,
            0.03447934507268783,
            0.00011756272370797648,
            0.14530853266154778,
            0.11098736688219188,
            0.005106174760860129,
            0.026740635483194445,
            0.012126959922599876,
            0.18229299366411397,
            0.12546948978691824,
            -0.00035796683579115355,
            -0.008876567625362214,
            -0.002098288373998073
        ],
        [
            -0.01681887869912418,
            0.0060937777093637655,
            0.006472072279548211,
            0.05572323136428901,
            -0.007351788272860758,
            0.08973141933408436,
            0.0255990096796766,
            0.015380086644492558,
            -0.014317297063815279,
            -0.0060301822044939776,
            -0.010277700623933777,
            0.005106174760860129,
            0.018927196123154043,
            -0.06705823412961376,
            -0.002463006154615068,
            -0.029589739492008472,
            -0.018057503955336958,
            -0.00044206128844102963,
            0.004840160084986791,
            0.0017819802392489716
        ],
        [
            0.06241808567334086,
            -0.026105331753794217,
            -0.017361627194589113,
            -0.16362100145959746,
            0.021282107985143014,
            -0.26633792301583287,
            -0.07423704180638782,
            -0.03797951358227639,
            -0.0024501149558368044,
            0.018566741684014728,
            0.005764199831166612,
            0.026740635483194445,
            -0.06705823412961376,
            0.2868920542051884,
            0.029034282053985914,
            0.2442450175683572,
            0.14842104386067298,
            -0.014031676484668078,
            0.07828714243492087,
            0.011951148217532643
        ],
        [
            0.00340374462179178,
            -0.0032287741664870726,
            0.0014968609330115242,
            0.005823143905265627,
            -0.0009758378195034279,
            0.0049008301804766485,
            -0.0002701478088684503,
            0.007222878979690285,
            -0.02814229948492783,
            -0.0005993428777754544,
            -0.02598561223368502,
            0.012126959922599876,
            -0.002463006154615068,
            0.029034282053985914,
            0.009161909109760516,
            0.055778839302515364,
            0.032420606715739646,
            -0.0075258565090221986,
            0.04670048218898993,
            0.008884117537104294
        ],
        [
            -0.00039111002192969186,
            -0.03907405583419247,
            0.005638028657611451,
            0.02593411442567706,
            -0.003206276649174585,
            0.05517674593206096,
            0.03793605427078502,
            -0.003126625993421806,
            -0.02310612511784984,
            0.0023244950478134062,
            0.09696922346287283,
            0.18229299366411397,
            -0.029589739492008472,
            0.2442450175683572,
            0.055778839302515364,
            0.5056316427023336,
            0.3240371053876435,
            -0.030278705866956662,
            0.1719030214880736,
            0.030826835704263512
        ],
        [
            -0.027163289812520135,
            -0.0404996883811815,
            0.0036594965901053937,
            0.023859315751913517,
            -0.0026729766344566292,
            0.043140655889523344,
            0.024633686446831848,
            -0.0073650492362111256,
            0.01878610579691515,
            0.0006582378377637663,
            0.1002372587260359,
            0.12546948978691824,
            -0.018057503955336958,
            0.14842104386067298,
            0.032420606715739646,
            0.3240371053876435,
            0.21234325089084424,
            -0.015135599709796515,
            0.0823478674429581,
            0.014276294416566616
        ],
        [
            0.002662776531333399,
            0.004939634495408465,
            -0.0020749712902716605,
            -0.01067863588765498,
            0.0016912670233339216,
            -0.006695707632274484,
            0.00431650135584986,
            -0.011672151687560098,
            0.035715652325205315,
            0.001767443734538727,
            0.04577956042888534,
            -0.00035796683579115355,
            -0.00044206128844102963,
            -0.014031676484668078,
            -0.0075258565090221986,
            -0.030278705866956662,
            -0.015135599709796515,
            0.007779080060279754,
            -0.049974943801316486,
            -0.00971809524901845
        ],
        [
            -0.02944415061732768,
            -0.038448426936301454,
            0.013693031482540434,
            0.07253755218712842,
            -0.011412696561373005,
            0.04065260244783819,
            -0.03454953918190771,
            0.07858305035995491,
            -0.23207844026572727,
            -0.012564353743885823,
            -0.31044457981784357,
            -0.008876567625362214,
            0.004840160084986791,
            0.07828714243492087,
            0.04670048218898993,
            0.1719030214880736,
            0.0823478674429581,
            -0.049974943801316486,
            0.32261444367832304,
            0.06286993831776344
        ],
        [
            -0.005254865920787097,
            -0.006374215637184916,
            0.0029008944236245155,
            0.016041986463155865,
            -0.002483550719944081,
            0.01140490456628906,
            -0.00552843484287169,
            0.01595826660227526,
            -0.04643260403416,
            -0.002643534132828879,
            -0.06160983679453595,
            -0.002098288373998073,
            0.0017819802392489716,
            0.011951148217532643,
            0.008884117537104294,
            0.030826835704263512,
            0.014276294416566616,
            -0.00971809524901845,
            0.06286993831776344,
            0.012295923876982745
        ]
    ]
}