{
    "opt_E": -2.1992510928571476,
    "HF_E": -2.168855624445391,
    "B3LYP_E": -2.1705842743936987,
    "sto-3G_E": -2.153071789582226,
    "proj": [
        [
            0.5470520258548603,
            0.33878673832143225,
            0.051742389564650354,
            -0.16262837646163003,
            0.04935966262460495,
            0.03794191355796553,
            0.17511655523549138,
            0.086912316794532,
            -0.22350633283302584,
            0.09062891582020322,
            0.02442483162326543,
            0.03685288414326772,
            0.0030780823959337222,
            0.02423134897073911,
            0.004637108080111182,
            -0.0025202925330850296,
            -0.03034824166972535,
            0.0026159115707736283,
            -0.009519901003306474,
            0.004743606801288577
        ],
        [
            0.33878673832143225,
            0.22331788535817898,
            0.016841745111968988,
            -0.05672869079580759,
            0.015396325122278712,
            0.10398327638760972,
            0.13461741328245497,
            0.04590273722435482,
            -0.12985411784310238,
            0.04673796345302349,
            0.026214479998039088,
            0.03091411873063398,
            0.0010652553730758957,
            -0.033612768544340726,
            -0.003525133612161261,
            -0.027682702569908194,
            -0.032315539011601536,
            0.002600070480446982,
            -0.014951495497832647,
            0.004069734437047614
        ],
        [
            0.051742389564650354,
            0.016841745111968988,
            0.02685572222407573,
            -0.07635387111672141,
            0.02692958452095978,
            -0.10503276221172624,
            -0.014814298088874895,
            0.020377281416198822,
            -0.013513089216634452,
            0.026287283034716603,
            0.021898798368449175,
            -0.00808273160020535,
            0.006197027366681842,
            0.050045190082385525,
            0.018764916995039734,
            -0.007899229433280858,
            -0.005666420038416073,
            0.004017850702375747,
            -0.021711623800044856,
            0.007501726402645065
        ],
        [
            -0.16262837646163003,
            -0.05672869079580759,
            -0.07635387111672141,
            0.21937962084528986,
            -0.07626294937920007,
            0.29610970843101436,
            0.041519737100176785,
            -0.058736741888584534,
            0.05972658126078422,
            -0.07270672811172053,
            -0.03143413279863156,
            0.030551199987210436,
            -0.01572770581691772,
            -0.14493964023551129,
            -0.04875410562890093,
            0.01580146960488287,
            0.01796887600487485,
            -0.008339826890558176,
            0.04216127193811045,
            -0.016085302967937386
        ],
        [
            0.04935966262460495,
            0.015396325122278712,
            0.02692958452095978,
            -0.07626294937920007,
            0.027044162888883935,
            -0.10598211799365957,
            -0.015257944777796835,
            0.02026099403815497,
            -0.010696290776426592,
            0.026537983214773554,
            0.025617098587163063,
            -0.007431328335134507,
            0.006485758553984797,
            0.04977845831896808,
            0.019468690532900117,
            -0.009198632479761592,
            -0.0057281645479691735,
            0.004421941074158024,
            -0.02427737255095733,
            0.008191117763501204
        ],
        [
            0.03794191355796553,
            0.10398327638760972,
            -0.10503276221172624,
            0.29610970843101436,
            -0.10598211799365957,
            0.5594754856351437,
            0.1898297898514086,
            -0.05109048704820601,
            -0.0049212768961766065,
            -0.06970975036941794,
            0.0079301371692665,
            0.09569131005400756,
            -0.024588616061787912,
            -0.24632148711940852,
            -0.08011186047718549,
            0.02994706558192686,
            0.02414956916204798,
            -0.00917131606844666,
            0.04359874276973269,
            -0.018835071367365692
        ],
        [
            0.17511655523549138,
            0.13461741328245497,
            -0.014814298088874895,
            0.041519737100176785,
            -0.015257944777796835,
            0.1898297898514086,
            0.12839290594713076,
            0.014237797318735099,
            -0.027863469255380618,
            0.017311836345978146,
            0.10148494528712945,
            0.07960114765410793,
            -0.004549109867847808,
            -0.06107142665389466,
            -0.0166873425812149,
            0.0319348588309936,
            0.028233174066101048,
            0.0049840432024150574,
            -0.03264803294222721,
            0.0076235464901062144
        ],
        [
            0.086912316794532,
            0.04590273722435482,
            0.020377281416198822,
            -0.058736741888584534,
            0.02026099403815497,
            -0.05109048704820601,
            0.014237797318735099,
            0.021064512536502322,
            -0.024039543914598206,
            0.026042464822483482,
            0.031203756235046787,
            0.006938008480217662,
            0.004012098595860094,
            0.03101159717885913,
            0.011721807701676867,
            0.0001911920543475566,
            -0.0005983619979541398,
            0.0037072292828079388,
            -0.020470356856941464,
            0.006706501113330805
        ],
        [
            -0.22350633283302584,
            -0.12985411784310238,
            -0.013513089216634452,
            0.05972658126078422,
            -0.010696290776426592,
            -0.0049212768961766065,
            -0.027863469255380618,
            -0.024039543914598206,
            0.21336157251184795,
            -0.0023780677696659913,
            0.2492181991637647,
            0.06450807129816119,
            0.012699982071969693,
            -0.02872820427334662,
            0.03141424052089715,
            -0.03570619695107247,
            0.03245481224138092,
            0.02368920874760365,
            -0.15174969738784388,
            0.040136781439872156
        ],
        [
            0.09062891582020322,
            0.04673796345302349,
            0.026287283034716603,
            -0.07270672811172053,
            0.026537983214773554,
            -0.06970975036941794,
            0.017311836345978146,
            0.026042464822483482,
            -0.0023780677696659913,
            0.03623931624096838,
            0.0815225585127785,
            0.019708705644603343,
            0.0075355742187165125,
            0.03764301888281467,
            0.020998425871415982,
            -0.006191706770405732,
            0.003296692633321523,
            0.008800607515815852,
            -0.05184305557846108,
            0.015491531123976074
        ],
        [
            0.02442483162326543,
            0.026214479998039088,
            0.021898798368449175,
            -0.03143413279863156,
            0.025617098587163063,
            0.0079301371692665,
            0.10148494528712945,
            0.031203756235046787,
            0.2492181991637647,
            0.0815225585127785,
            0.5675127568658086,
            0.20009829179049768,
            0.024339933812606525,
            0.00708609507992522,
            0.06294051311923768,
            0.012782489639383764,
            0.10036377710026999,
            0.050137562862921335,
            -0.31182535376549747,
            0.08552414043970333
        ],
        [
            0.03685288414326772,
            0.03091411873063398,
            -0.00808273160020535,
            0.030551199987210436,
            -0.007431328335134507,
            0.09569131005400756,
            0.07960114765410793,
            0.006938008480217662,
            0.06450807129816119,
            0.019708705644603343,
            0.20009829179049768,
            0.1339024054519538,
            -0.007552378620012628,
            0.03138506695589793,
            -0.012492640356723423,
            0.1711030726996439,
            0.1386059001115972,
            0.00854342319131434,
            -0.05006237759070778,
            0.014464804309851878
        ],
        [
            0.0030780823959337222,
            0.0010652553730758957,
            0.006197027366681842,
            -0.01572770581691772,
            0.006485758553984797,
            -0.024588616061787912,
            -0.004549109867847808,
            0.004012098595860094,
            0.012699982071969693,
            0.0075355742187165125,
            0.024339933812606525,
            -0.007552378620012628,
            0.005315994043129931,
            -0.006040688065312734,
            0.011919197183530707,
            -0.04260671873896992,
            -0.023011367107481157,
            0.004544976456329678,
            -0.028905573234862866,
            0.0077947226533760785
        ],
        [
            0.02423134897073911,
            -0.033612768544340726,
            0.050045190082385525,
            -0.14493964023551129,
            0.04977845831896808,
            -0.24632148711940852,
            -0.06107142665389466,
            0.03101159717885913,
            -0.02872820427334662,
            0.03764301888281467,
            0.00708609507992522,
            0.03138506695589793,
            -0.006040688065312734,
            0.21047403497477657,
            0.005804159779856982,
            0.22127331561700866,
            0.1347945349702898,
            -0.005870993373759858,
            0.050245687601282,
            -0.00799036896228299
        ],
        [
            0.004637108080111182,
            -0.003525133612161261,
            0.018764916995039734,
            -0.04875410562890093,
            0.019468690532900117,
            -0.08011186047718549,
            -0.0166873425812149,
            0.011721807701676867,
            0.03141424052089715,
            0.020998425871415982,
            0.06294051311923768,
            -0.012492640356723423,
            0.011919197183530707,
            0.005804159779856982,
            0.028665562173513407,
            -0.07706392838016587,
            -0.038851107235964126,
            0.010457340292080165,
            -0.0652751898340336,
            0.01812299721984119
        ],
        [
            -0.0025202925330850296,
            -0.027682702569908194,
            -0.007899229433280858,
            0.01580146960488287,
            -0.009198632479761592,
            0.02994706558192686,
            0.0319348588309936,
            0.0001911920543475566,
            -0.03570619695107247,
            -0.006191706770405732,
            0.012782489639383764,
            0.1711030726996439,
            -0.04260671873896992,
            0.22127331561700866,
            -0.07706392838016587,
            0.5589369334421246,
            0.3510677312195481,
            -0.025356215907038238,
            0.17410355440950528,
            -0.04204561952899757
        ],
        [
            -0.03034824166972535,
            -0.032315539011601536,
            -0.005666420038416073,
            0.01796887600487485,
            -0.0057281645479691735,
            0.02414956916204798,
            0.028233174066101048,
            -0.0005983619979541398,
            0.03245481224138092,
            0.003296692633321523,
            0.10036377710026999,
            0.1386059001115972,
            -0.023011367107481157,
            0.1347945349702898,
            -0.038851107235964126,
            0.3510677312195481,
            0.23757499131448795,
            -0.007787085125678608,
            0.05809129868932725,
            -0.01258484556499003
        ],
        [
            0.0026159115707736283,
            0.002600070480446982,
            0.004017850702375747,
            -0.008339826890558176,
            0.004421941074158024,
            -0.00917131606844666,
            0.0049840432024150574,
            0.0037072292828079388,
            0.02368920874760365,
            0.008800607515815852,
            0.050137562862921335,
            0.00854342319131434,
            0.004544976456329678,
            -0.005870993373759858,
            0.010457340292080165,
            -0.025356215907038238,
            -0.007787085125678608,
            0.005814911208419228,
            -0.03671304687260124,
            0.009912005769610353
        ],
        [
            -0.009519901003306474,
            -0.014951495497832647,
            -0.021711623800044856,
            0.04216127193811045,
            -0.02427737255095733,
            0.04359874276973269,
            -0.03264803294222721,
            -0.020470356856941464,
            -0.15174969738784388,
            -0.05184305557846108,
            -0.31182535376549747,
            -0.05006237759070778,
            -0.028905573234862866,
            0.050245687601282,
            -0.0652751898340336,
            0.17410355440950528,
            0.05809129868932725,
            -0.03671304687260124,
            0.2327012826009089,
            -0.06245486061231059
        ],
        [
            0.004743606801288577,
            0.004069734437047614,
            0.007501726402645065,
            -0.016085302967937386,
            0.008191117763501204,
            -0.018835071367365692,
            0.0076235464901062144,
            0.006706501113330805,
            0.040136781439872156,
            0.015491531123976074,
            0.08552414043970333,
            0.014464804309851878,
            0.0077947226533760785,
            -0.00799036896228299,
            0.01812299721984119,
            -0.04204561952899757,
            -0.01258484556499003,
            0.009912005769610353,
            -0.06245486061231059,
            0.016917917881993125
        ]
    ]
}