{
    "opt_E": -2.1899464883332054,
    "HF_E": -2.1586586788389694,
    "B3LYP_E": -2.1607491088856716,
    "sto-3G_E": -2.1406933731108233,
    "proj": [
        [
            0.5452396526254488,
            0.3434207730494928,
            -0.03456219454484519,
            -0.18179273610339303,
            -0.004383000520816925,
            0.03661905115047894,
            0.17544615295040525,
            -0.052716518402994156,
            -0.23231458060211213,
            -0.027392850643467154,
            0.04600933572916626,
            0.02730733790510796,
            -0.00032302534152146855,
            0.038152880105229346,
            0.001635285254139429,
            -0.0028692765545829707,
            -0.03336708533831725,
            0.003375175004339741,
            -0.023384465016365683,
            -0.011429329291036166
        ],
        [
            0.3434207730494928,
            0.2296906687876537,
            -0.011710678204645697,
            -0.0642400842757153,
            6.865985643225097e-05,
            0.10307585736861452,
            0.13381793732636296,
            -0.028945242115099273,
            -0.1443978375513064,
            -0.011879623480773056,
            0.02742478865709591,
            0.023080696009048496,
            -0.002214028072098853,
            -0.02708217876660419,
            0.009865190874526196,
            -0.026890006725735077,
            -0.03550291801133545,
            0.0013710195085676993,
            -0.01536406009377232,
            -0.005251161700847339
        ],
        [
            -0.03456219454484519,
            -0.011710678204645697,
            0.010743597030106841,
            0.054085043776621634,
            0.0027112110294715505,
            0.06420235198940423,
            0.00788130967003785,
            0.00634191449683552,
            0.010161430266837771,
            0.007988646490652281,
            -0.013220127057977423,
            0.0068761865202596525,
            -0.003252528152282154,
            -0.03729602433306489,
            0.01223345327244836,
            0.0026071777689190565,
            0.0035550947895474473,
            -0.0020400632381918247,
            0.011797972295386747,
            0.006043232426615298
        ],
        [
            -0.18179273610339303,
            -0.0642400842757153,
            0.054085043776621634,
            0.27276635109034,
            0.013593695299232008,
            0.32135248462387234,
            0.03916521638078641,
            0.032912176810215396,
            0.06146476841908933,
            0.038288983180892765,
            -0.052620336258184915,
            0.03925011029475966,
            -0.01566879239522851,
            -0.18594595010809858,
            0.059503586967877414,
            0.01406996408771979,
            0.021266245309523063,
            -0.009436756856398368,
            0.05260559580783787,
            0.02779961598409255
        ],
        [
            -0.004383000520816925,
            6.865985643225097e-05,
            0.0027112110294715505,
            0.013593695299232008,
            0.000730539358074846,
            0.018787149237353775,
            0.004225657513823261,
            0.0012880164171543082,
            0.0008997175178522746,
            0.0018980265113686943,
            -0.002464084176447645,
            0.002829738699975275,
            -0.0009446779536272538,
            -0.009877407482863034,
            0.00356602024237031,
            0.0016976189885496372,
            0.001447419876700932,
            -0.0005261679775378041,
            0.002984226362758302,
            0.0015350190333834949
        ],
        [
            0.03661905115047894,
            0.10307585736861452,
            0.06420235198940423,
            0.32135248462387234,
            0.018787149237353775,
            0.5378891399602318,
            0.1815001871988002,
            0.02278373791006311,
            -0.0025047536538456176,
            0.03266706963846515,
            0.02318613335885947,
            0.10663303709311583,
            -0.021523864970840103,
            -0.26839551809119605,
            0.0854908439216012,
            0.020328773896484045,
            0.02653497464858958,
            -0.00825533787923574,
            0.030335735882362852,
            0.022351543001090116
        ],
        [
            0.17544615295040525,
            0.13381793732636296,
            0.00788130967003785,
            0.03916521638078641,
            0.004225657513823261,
            0.1815001871988002,
            0.12638128252555436,
            -0.007037572918616807,
            -0.027911819539498877,
            -0.01160383434391818,
            0.11331847548697756,
            0.08088738920107595,
            -0.003817216966054267,
            -0.05604908865306853,
            0.01907601189597815,
            0.030829035465894758,
            0.029374291715352007,
            0.0032742783279178715,
            -0.03649132033467763,
            -0.01189888482229368
        ],
        [
            -0.052716518402994156,
            -0.028945242115099273,
            0.00634191449683552,
            0.032912176810215396,
            0.0012880164171543082,
            0.02278373791006311,
            -0.007037572918616807,
            0.006782297478815402,
            0.029712836678915677,
            0.0023135072528989377,
            0.008783768078500946,
            0.004148596217226449,
            -4.340203256375794e-06,
            -0.01905996771381075,
            0.0009560129850124746,
            -0.007446678570241188,
            0.0010056897075366355,
            0.00024343868012128577,
            -0.00465990593520875,
            -0.0008473443755691758
        ],
        [
            -0.23231458060211213,
            -0.1443978375513064,
            0.010161430266837771,
            0.06146476841908933,
            0.0008997175178522746,
            -0.0025047536538456176,
            -0.027911819539498877,
            0.029712836678915677,
            0.23713480719727523,
            -0.03084818358965933,
            0.2576862007539152,
            0.07151476004029562,
            0.01518171372283643,
            -0.01509510205242321,
            -0.04421034676523951,
            -0.04643346347901321,
            0.02848031384607966,
            0.016479205949891555,
            -0.14046809165577154,
            -0.05176695880073597
        ],
        [
            -0.027392850643467154,
            -0.011879623480773056,
            0.007988646490652281,
            0.038288983180892765,
            0.0018980265113686943,
            0.03266706963846515,
            -0.01160383434391818,
            0.0023135072528989377,
            -0.03084818358965933,
            0.01727321074729368,
            -0.08875448611196202,
            -0.021389005396397598,
            -0.006093018584557158,
            -0.023371908179750864,
            0.019196458820640177,
            0.01252939189709134,
            -0.0034623696118419867,
            -0.006343551466796838,
            0.05001561552254201,
            0.01984029708993207
        ],
        [
            0.04600933572916626,
            0.02742478865709591,
            -0.013220127057977423,
            -0.052620336258184915,
            -0.002464084176447645,
            0.02318613335885947,
            0.11331847548697756,
            0.008783768078500946,
            0.2576862007539152,
            -0.08875448611196202,
            0.5746493596985348,
            0.19876384948190212,
            0.026642497182935973,
            0.04208379553110692,
            -0.07587036550206076,
            -0.007651540144360532,
            0.08454945777086718,
            0.03474101451143179,
            -0.28735381050875325,
            -0.11019451263552836
        ],
        [
            0.02730733790510796,
            0.023080696009048496,
            0.0068761865202596525,
            0.03925011029475966,
            0.002829738699975275,
            0.10663303709311583,
            0.08088738920107595,
            0.004148596217226449,
            0.07151476004029562,
            -0.021389005396397598,
            0.19876384948190212,
            0.13564049359006167,
            -0.003355752592264135,
            0.025943593430603873,
            0.016988998449315472,
            0.1679769096933549,
            0.14013191646304343,
            0.005578006872815183,
            -0.046214223023482624,
            -0.019114258613603236
        ],
        [
            -0.00032302534152146855,
            -0.002214028072098853,
            -0.003252528152282154,
            -0.01566879239522851,
            -0.0009446779536272538,
            -0.021523864970840103,
            -0.003817216966054267,
            -4.340203256375794e-06,
            0.01518171372283643,
            -0.006093018584557158,
            0.026642497182935973,
            -0.003355752592264135,
            0.0036400119808392296,
            0.002779012218780693,
            -0.01189980182733743,
            -0.030018178145728287,
            -0.015449661352018676,
            0.0028220192949708293,
            -0.022936016427052865,
            -0.008665838730995983
        ],
        [
            0.038152880105229346,
            -0.02708217876660419,
            -0.03729602433306489,
            -0.18594595010809858,
            -0.009877407482863034,
            -0.26839551809119605,
            -0.05604908865306853,
            -0.01905996771381075,
            -0.01509510205242321,
            -0.023371908179750864,
            0.04208379553110692,
            0.025943593430603873,
            0.002779012218780693,
            0.2191288736567414,
            -0.016446920817760734,
            0.19588522494724384,
            0.12340597569411768,
            0.0017141523508622518,
            0.014063288329399588,
            -0.004440171689298563
        ],
        [
            0.001635285254139429,
            0.009865190874526196,
            0.01223345327244836,
            0.059503586967877414,
            0.00356602024237031,
            0.0854908439216012,
            0.01907601189597815,
            0.0009560129850124746,
            -0.04421034676523951,
            0.019196458820640177,
            -0.07587036550206076,
            0.016988998449315472,
            -0.01189980182733743,
            -0.016446920817760734,
            0.039531918820755435,
            0.09668034267345242,
            0.05168558445458877,
            -0.008760984329030922,
            0.0700080766909752,
            0.026760588213066473
        ],
        [
            -0.0028692765545829707,
            -0.026890006725735077,
            0.0026071777689190565,
            0.01406996408771979,
            0.0016976189885496372,
            0.020328773896484045,
            0.030829035465894758,
            -0.007446678570241188,
            -0.04643346347901321,
            0.01252939189709134,
            -0.007651540144360532,
            0.1679769096933549,
            -0.030018178145728287,
            0.19588522494724384,
            0.09668034267345242,
            0.5722820051551495,
            0.3665091564019307,
            -0.016853602707040616,
            0.16127369505357178,
            0.05087209452190909
        ],
        [
            -0.03336708533831725,
            -0.03550291801133545,
            0.0035550947895474473,
            0.021266245309523063,
            0.001447419876700932,
            0.02653497464858958,
            0.029374291715352007,
            0.0010056897075366355,
            0.02848031384607966,
            -0.0034623696118419867,
            0.08454945777086718,
            0.14013191646304343,
            -0.015449661352018676,
            0.12340597569411768,
            0.05168558445458877,
            0.3665091564019307,
            0.2517007573617603,
            -0.0056682777581517265,
            0.05970443821669989,
            0.016284829125376845
        ],
        [
            0.003375175004339741,
            0.0013710195085676993,
            -0.0020400632381918247,
            -0.009436756856398368,
            -0.0005261679775378041,
            -0.00825533787923574,
            0.0032742783279178715,
            0.00024343868012128577,
            0.016479205949891555,
            -0.006343551466796838,
            0.03474101451143179,
            0.005578006872815183,
            0.0028220192949708293,
            0.0017141523508622518,
            -0.008760984329030922,
            -0.016853602707040616,
            -0.0056682777581517265,
            0.002725449153959236,
            -0.022499896881444915,
            -0.00850852435809251
        ],
        [
            -0.023384465016365683,
            -0.01536406009377232,
            0.011797972295386747,
            0.05260559580783787,
            0.002984226362758302,
            0.030335735882362852,
            -0.03649132033467763,
            -0.00465990593520875,
            -0.14046809165577154,
            0.05001561552254201,
            -0.28735381050875325,
            -0.046214223023482624,
            -0.022936016427052865,
            0.014063288329399588,
            0.0700080766909752,
            0.16127369505357178,
            0.05970443821669989,
            -0.022499896881444915,
            0.18947559024498423,
            0.07040467126225107
        ],
        [
            -0.011429329291036166,
            -0.005251161700847339,
            0.006043232426615298,
            0.02779961598409255,
            0.0015350190333834949,
            0.022351543001090116,
            -0.01189888482229368,
            -0.0008473443755691758,
            -0.05176695880073597,
            0.01984029708993207,
            -0.11019451263552836,
            -0.019114258613603236,
            -0.008665838730995983,
            -0.004440171689298563,
            0.026760588213066473,
            0.05087209452190909,
            0.016284829125376845,
            -0.00850852435809251,
            0.07040467126225107,
            0.026593993536420345
        ]
    ]
}