{
    "opt_E": -2.212183774842811,
    "HF_E": -2.1791562979809846,
    "B3LYP_E": -2.1827441804745096,
    "sto-3G_E": -2.1645503595911535,
    "proj": [
        [
            0.6051513305892854,
            0.37090280164782125,
            -0.02132013642505088,
            -0.15010105379814304,
            -0.03694309999785525,
            -0.047639699128175374,
            0.15348065556330254,
            -0.045517025907829224,
            -0.19444081183746156,
            -0.06744992376042137,
            0.03801614320937804,
            0.01750501122985898,
            -0.005888238592661995,
            0.06237435003938652,
            -0.002218144229646267,
            -0.0018787885012959099,
            -0.02174679958183754,
            7.670884332616765e-05,
            -0.023036374270446754,
            0.009018385558372007
        ],
        [
            0.37090280164782125,
            0.25573477418020557,
            -0.003996437967926944,
            -0.03671510722376935,
            -0.0077967246938210775,
            0.09769675898416658,
            0.14292560190517223,
            -0.01993762889869076,
            -0.1311244501281467,
            -0.033119694003789495,
            0.007808956839536007,
            0.019631967351599024,
            0.0030649387748325407,
            -0.02693462774703586,
            -0.0013764717524436365,
            -0.02043743229000928,
            -0.032592758610889117,
            -0.00032338657353643167,
            -0.004041716231011469,
            0.0009216361940114562
        ],
        [
            -0.02132013642505088,
            -0.003996437967926944,
            0.0038930577879581828,
            0.024154858305417568,
            0.006381604247843752,
            0.04426888228108017,
            0.010382613976547207,
            0.004532624418117537,
            0.00020918354064377784,
            0.005146131978102522,
            -0.010822025498852339,
            0.003766977377614702,
            0.002324824316881588,
            -0.020389543836570965,
            -0.00183142328654771,
            0.005549184679973042,
            0.001022211670901267,
            -0.0003425137539635889,
            0.008359704930169014,
            -0.0033101743273962468
        ],
        [
            -0.15010105379814304,
            -0.03671510722376935,
            0.024154858305417568,
            0.15122612694591775,
            0.03977090414452348,
            0.2717965166372433,
            0.0616540937643384,
            0.02798669955787796,
            0.017008326926321093,
            0.03330714580370424,
            -0.04760050033117474,
            0.02834059050957592,
            0.014297631771897211,
            -0.12821599219137608,
            -0.008506994081085417,
            0.024707311692894727,
            0.005309935664082675,
            -0.0016040367089852872,
            0.04176763793559859,
            -0.016909051940215913
        ],
        [
            -0.03694309999785525,
            -0.0077967246938210775,
            0.006381604247843752,
            0.03977090414452348,
            0.010486951421003733,
            0.07234320044738016,
            0.016762023572175887,
            0.00740992143367483,
            0.0022629756044109843,
            0.008601743489736961,
            -0.015381824099431177,
            0.006417535620227418,
            0.0038208640922470375,
            -0.03414314628577475,
            -0.0024711759431545596,
            0.006516536430685814,
            0.0006401761619371496,
            -0.00048362755214058747,
            0.012210040422348092,
            -0.004897190534943963
        ],
        [
            -0.047639699128175374,
            0.09769675898416658,
            0.04426888228108017,
            0.2717965166372433,
            0.07234320044738016,
            0.6072199582614414,
            0.23322896201154028,
            0.037534782111211036,
            -0.020641961967112724,
            0.042309063267927584,
            -0.011477812801888147,
            0.10454626902103072,
            0.029588605815984458,
            -0.2661259375213197,
            -0.013273536524949336,
            0.04111793081357709,
            0.009023093086684416,
            -0.0019403648267923767,
            0.04920989781030596,
            -0.02164437100791582
        ],
        [
            0.15348065556330254,
            0.14292560190517223,
            0.010382613976547207,
            0.0616540937643384,
            0.016762023572175887,
            0.23322896201154028,
            0.1569731296882434,
            -0.004036126715460962,
            -0.017168430368528175,
            -0.004113375211696647,
            0.1111343795319074,
            0.09164058481085896,
            0.009213167489199094,
            -0.08384116692667062,
            0.0015137032086376032,
            0.013821773417895736,
            0.01859742873588775,
            0.0013245550704524488,
            -0.030579182292360094,
            0.009783297791099268
        ],
        [
            -0.045517025907829224,
            -0.01993762889869076,
            0.004532624418117537,
            0.02798669955787796,
            0.00740992143367483,
            0.037534782111211036,
            -0.004036126715460962,
            0.007504907177661643,
            -0.0036795686489691708,
            0.007845736848139504,
            -0.039539926595882395,
            -0.0099178040617911,
            0.002437015379628525,
            -0.020814052936003725,
            -0.003525364604659028,
            0.005736627444661816,
            -0.0036618376094385546,
            -0.0008632799798102906,
            0.020074692131801856,
            -0.007543589586835602
        ],
        [
            -0.19444081183746156,
            -0.1311244501281467,
            0.00020918354064377784,
            0.017008326926321093,
            0.0022629756044109843,
            -0.020641961967112724,
            -0.017168430368528175,
            -0.0036795686489691708,
            0.18892982114150214,
            0.01451234083560437,
            0.25976330881011783,
            0.08741796940805789,
            -0.001989884071219313,
            -0.0059170579293006745,
            0.028434217407194727,
            -0.06297668960026158,
            0.02603923652655155,
            0.006104793304402892,
            -0.12025211098903636,
            0.04343678573031624
        ],
        [
            -0.06744992376042137,
            -0.033119694003789495,
            0.005146131978102522,
            0.03330714580370424,
            0.008601743489736961,
            0.042309063267927584,
            -0.004113375211696647,
            0.007845736848139504,
            0.01451234083560437,
            0.010029080616622197,
            -0.01627911291397945,
            -0.0010910898109645645,
            0.002607960789981666,
            -0.024656080426750136,
            -0.0010121434949821886,
            5.7505909676162426e-05,
            -0.0013179154539909028,
            -0.0003246951597829369,
            0.009720733565535315,
            -0.0038505046040734256
        ],
        [
            0.03801614320937804,
            0.007808956839536007,
            -0.010822025498852339,
            -0.04760050033117474,
            -0.015381824099431177,
            -0.011477812801888147,
            0.1111343795319074,
            -0.039539926595882395,
            0.25976330881011783,
            -0.01627911291397945,
            0.6061759321305493,
            0.24250034368618542,
            -0.006713110825903365,
            0.03150016427524391,
            0.0489489281252324,
            -0.055183280119129,
            0.09396339569841705,
            0.012511817356915277,
            -0.2634184911188335,
            0.0956716052740996
        ],
        [
            0.01750501122985898,
            0.019631967351599024,
            0.003766977377614702,
            0.02834059050957592,
            0.006417535620227418,
            0.10454626902103072,
            0.09164058481085896,
            -0.0099178040617911,
            0.08741796940805789,
            -0.0010910898109645645,
            0.24250034368618542,
            0.16056983895033022,
            0.00024432427874256476,
            0.01955635251875623,
            -0.004585495843704176,
            0.14747228210215807,
            0.14281956893420453,
            0.00290365270016295,
            -0.0650631587831192,
            0.023880645919931075
        ],
        [
            -0.005888238592661995,
            0.0030649387748325407,
            0.002324824316881588,
            0.014297631771897211,
            0.0038208640922470375,
            0.029588605815984458,
            0.009213167489199094,
            0.002437015379628525,
            -0.001989884071219313,
            0.002607960789981666,
            -0.006713110825903365,
            0.00024432427874256476,
            0.0016432688996610458,
            -0.016299726080410547,
            4.50504344792914e-05,
            -0.0060378323845008755,
            -0.005853621647018456,
            -0.00012274829771102038,
            0.0033678823400140135,
            -0.001456856666389754
        ],
        [
            0.06237435003938652,
            -0.02693462774703586,
            -0.020389543836570965,
            -0.12821599219137608,
            -0.03414314628577475,
            -0.2661259375213197,
            -0.08384116692667062,
            -0.020814052936003725,
            -0.0059170579293006745,
            -0.024656080426750136,
            0.03150016427524391,
            0.01955635251875623,
            -0.016299726080410547,
            0.18706341542797322,
            -0.01941798523085324,
            0.18015610995700446,
            0.12643151498862296,
            -0.0008576651249279124,
            0.006771640894078832,
            0.0003521669537204546
        ],
        [
            -0.002218144229646267,
            -0.0013764717524436365,
            -0.00183142328654771,
            -0.008506994081085417,
            -0.0024711759431545596,
            -0.013273536524949336,
            0.0015137032086376032,
            -0.003525364604659028,
            0.028434217407194727,
            -0.0010121434949821886,
            0.0489489281252324,
            -0.004585495843704176,
            4.50504344792914e-05,
            -0.01941798523085324,
            0.015168937548215067,
            -0.08631769888327408,
            -0.04415224197485968,
            0.001942469920718461,
            -0.03832284518268236,
            0.013531336728929966
        ],
        [
            -0.0018787885012959099,
            -0.02043743229000928,
            0.005549184679973042,
            0.024707311692894727,
            0.006516536430685814,
            0.04111793081357709,
            0.013821773417895736,
            0.005736627444661816,
            -0.06297668960026158,
            5.7505909676162426e-05,
            -0.055183280119129,
            0.14747228210215807,
            -0.0060378323845008755,
            0.18015610995700446,
            -0.08631769888327408,
            0.6095926091632977,
            0.37686613319648476,
            -0.007862168013096386,
            0.1471409853890387,
            -0.050267004764921755
        ],
        [
            -0.02174679958183754,
            -0.032592758610889117,
            0.001022211670901267,
            0.005309935664082675,
            0.0006401761619371496,
            0.009023093086684416,
            0.01859742873588775,
            -0.0036618376094385546,
            0.02603923652655155,
            -0.0013179154539909028,
            0.09396339569841705,
            0.14281956893420453,
            -0.005853621647018456,
            0.12643151498862296,
            -0.04415224197485968,
            0.37686613319648476,
            0.2621168636951773,
            -0.0022767437897387166,
            0.03700469876202983,
            -0.011336125999513197
        ],
        [
            7.670884332616765e-05,
            -0.00032338657353643167,
            -0.0003425137539635889,
            -0.0016040367089852872,
            -0.00048362755214058747,
            -0.0019403648267923767,
            0.0013245550704524488,
            -0.0008632799798102906,
            0.006104793304402892,
            -0.0003246951597829369,
            0.012511817356915277,
            0.00290365270016295,
            -0.00012274829771102038,
            -0.0008576651249279124,
            0.001942469920718461,
            -0.007862168013096386,
            -0.0022767437897387166,
            0.00033667136610295766,
            -0.006876467737852093,
            0.0024700390060706733
        ],
        [
            -0.023036374270446754,
            -0.004041716231011469,
            0.008359704930169014,
            0.04176763793559859,
            0.012210040422348092,
            0.04920989781030596,
            -0.030579182292360094,
            0.020074692131801856,
            -0.12025211098903636,
            0.009720733565535315,
            -0.2634184911188335,
            -0.0650631587831192,
            0.0033678823400140135,
            0.006771640894078832,
            -0.03832284518268236,
            0.1471409853890387,
            0.03700469876202983,
            -0.006876467737852093,
            0.14173901502186315,
            -0.05107188381689375
        ],
        [
            0.009018385558372007,
            0.0009216361940114562,
            -0.0033101743273962468,
            -0.016909051940215913,
            -0.004897190534943963,
            -0.02164437100791582,
            0.009783297791099268,
            -0.007543589586835602,
            0.04343678573031624,
            -0.0038505046040734256,
            0.0956716052740996,
            0.023880645919931075,
            -0.001456856666389754,
            0.0003521669537204546,
            0.013531336728929966,
            -0.050267004764921755,
            -0.011336125999513197,
            0.0024700390060706733,
            -0.05107188381689375,
            0.018444309986988483
        ]
    ]
}