{
    "opt_E": -2.214490273018644,
    "HF_E": -2.1830872426875407,
    "B3LYP_E": -2.185211163123368,
    "sto-3G_E": -2.174846358094494,
    "proj": [
        [
            0.5500804715611004,
            0.32992070585232064,
            0.011402692567998524,
            -0.17380764627849746,
            -0.03425064579088046,
            0.03805345982178606,
            0.17557347067159337,
            0.036530787358522124,
            -0.2575895740546301,
            -0.056023709472506227,
            0.037076969037477155,
            0.02570246068107745,
            0.004893693642672218,
            0.027834130604087074,
            -0.0026878265508374316,
            -0.003280744380839313,
            -0.02551263710617296,
            0.0015348069648136909,
            -0.020533515907686477,
            0.010272644411272652
        ],
        [
            0.32992070585232064,
            0.2151971584914629,
            0.0012341052568121758,
            -0.0469248780448379,
            -0.009091347632437966,
            0.1186059945040959,
            0.13627363078558238,
            0.013763098048060472,
            -0.143965498859616,
            -0.027203751846115506,
            0.0190361394714723,
            0.02438011390780362,
            -0.00973798474678928,
            -0.032440872681035425,
            -0.0034596495641848225,
            -0.021674409432958786,
            -0.027629088184497278,
            0.0004055110601829625,
            -0.009853469834781012,
            0.0037093327913058026
        ],
        [
            0.011402692567998524,
            0.0012341052568121758,
            0.002325631218188025,
            -0.02422751056667143,
            -0.0048382328766114506,
            -0.032630826685738384,
            -0.006153625967739002,
            0.004716336747979876,
            -0.005265375294105452,
            -0.0031756506869191972,
            0.009765690623572828,
            -0.00261217752081298,
            0.004645812135645749,
            0.01387526188041948,
            0.0033030738052766276,
            -0.0037739073750799835,
            -0.0012987349080996913,
            -0.00019642983860827643,
            -0.007666553712228503,
            0.0036951434836221286
        ],
        [
            -0.17380764627849746,
            -0.0469248780448379,
            -0.02422751056667143,
            0.2610014012227828,
            0.05194078090971487,
            0.3262694051592577,
            0.04952006035299821,
            -0.04657459360761143,
            0.09607379311157095,
            0.03878481921828317,
            -0.06559522912579349,
            0.03373989089706457,
            -0.04637912712240074,
            -0.1483934663272865,
            -0.026495778758053635,
            0.023805271881565747,
            0.013813361768030918,
            0.0005659406320273598,
            0.058548359114542335,
            -0.029592320323092624
        ],
        [
            -0.03425064579088046,
            -0.009091347632437966,
            -0.0048382328766114506,
            0.05194078090971487,
            0.01035364423064671,
            0.06482954422239261,
            0.00940711395338935,
            -0.009593680075200898,
            0.017967297056151795,
            0.007649022469452265,
            -0.015789882203276137,
            0.00522717510535493,
            -0.00934067823330568,
            -0.030053075972015578,
            -0.005311570369223878,
            0.003255181492897598,
            0.0012830698108339477,
            0.00015859425500119658,
            0.01255664032916063,
            -0.006282604047558351
        ],
        [
            0.03805345982178606,
            0.1186059945040959,
            -0.032630826685738384,
            0.3262694051592577,
            0.06482954422239261,
            0.5660174842552335,
            0.19856831485146514,
            -0.04646648540768112,
            0.0344295385365375,
            0.03236225314124197,
            -0.017373159572488743,
            0.09554453264342912,
            -0.07182813679576157,
            -0.23309021697290924,
            -0.036429992131809856,
            0.02827173614564389,
            0.015334550092044813,
            -0.00016194992864558677,
            0.05003745121118743,
            -0.028273463040318737
        ],
        [
            0.17557347067159337,
            0.13627363078558238,
            -0.006153625967739002,
            0.04952006035299821,
            0.00940711395338935,
            0.19856831485146514,
            0.13543610504721934,
            0.008876041926018076,
            -0.026273740606753436,
            -0.004520046560818458,
            0.10684939829728267,
            0.08237959816742116,
            -0.018208455657622385,
            -0.061976616950942864,
            -0.004269697107175159,
            0.022987951824339777,
            0.0260774060145776,
            -0.0020015277176175135,
            -0.033687600242878445,
            0.012558432472686953
        ],
        [
            0.036530787358522124,
            0.013763098048060472,
            0.004716336747979876,
            -0.04657459360761143,
            -0.009593680075200898,
            -0.04646648540768112,
            0.008876041926018076,
            0.017399183313538617,
            0.010000099644965193,
            -0.005620283849364862,
            0.08439300301439566,
            0.022482645611755173,
            0.009545287496986027,
            0.021060669959424332,
            0.012867729181090174,
            -0.009019241034139956,
            0.00825905408160709,
            -0.0021087314881237315,
            -0.04519832509925122,
            0.019868619721169833
        ],
        [
            -0.2575895740546301,
            -0.143965498859616,
            -0.005265375294105452,
            0.09607379311157095,
            0.017967297056151795,
            0.0344295385365375,
            -0.026273740606753436,
            0.010000099644965193,
            0.22016280068014188,
            0.033523396333229795,
            0.21646982313497534,
            0.07414340299529808,
            -0.0007705899688744299,
            -0.04824665851381705,
            0.031564750558395485,
            -0.04064922677535438,
            0.030828882255812085,
            -0.007805274362067695,
            -0.10790795729604272,
            0.044085360058430695
        ],
        [
            -0.056023709472506227,
            -0.027203751846115506,
            -0.0031756506869191972,
            0.03878481921828317,
            0.007649022469452265,
            0.03236225314124197,
            -0.004520046560818458,
            -0.005620283849364862,
            0.033523396333229795,
            0.008227731931366427,
            0.004065685599292843,
            0.005238298174459247,
            -0.004890788743202575,
            -0.020001268956824563,
            -3.843158678952297e-05,
            -0.003660604580776069,
            0.0018225365605803907,
            -0.0005243686641782854,
            -0.0003665731931389003,
            -0.0005071028749723988
        ],
        [
            0.037076969037477155,
            0.0190361394714723,
            0.009765690623572828,
            -0.06559522912579349,
            -0.015789882203276137,
            -0.017373159572488743,
            0.10684939829728267,
            0.08439300301439566,
            0.21646982313497534,
            0.004065685599292843,
            0.6049232561823931,
            0.22351045618532414,
            0.02544464733079299,
            0.011463933118215404,
            0.07044501659741469,
            -0.020687989209302992,
            0.10091759722960918,
            -0.016119228613219388,
            -0.29145790516043746,
            0.12398357412483993
        ],
        [
            0.02570246068107745,
            0.02438011390780362,
            -0.00261217752081298,
            0.03373989089706457,
            0.00522717510535493,
            0.09554453264342912,
            0.08237959816742116,
            0.022482645611755173,
            0.07414340299529808,
            0.005238298174459247,
            0.22351045618532414,
            0.14891140481756063,
            -0.0005501209745432011,
            0.025051621145899237,
            -0.00939302551857716,
            0.16413974707551898,
            0.14403917200709584,
            -0.0028891450975366134,
            -0.05811234341150078,
            0.024827102469684104
        ],
        [
            0.004893693642672218,
            -0.00973798474678928,
            0.004645812135645749,
            -0.04637912712240074,
            -0.00934067823330568,
            -0.07182813679576157,
            -0.018208455657622385,
            0.009545287496986027,
            -0.0007705899688744299,
            -0.004890788743202575,
            0.02544464733079299,
            -0.0005501209745432011,
            0.010296403628730057,
            0.0340368772136886,
            0.005517789408958409,
            0.005316763797489051,
            0.007503009499488332,
            -0.0003766134723463197,
            -0.01512662978552487,
            0.007422465724847049
        ],
        [
            0.027834130604087074,
            -0.032440872681035425,
            0.01387526188041948,
            -0.1483934663272865,
            -0.030053075972015578,
            -0.23309021697290924,
            -0.061976616950942864,
            0.021060669959424332,
            -0.04824665851381705,
            -0.020001268956824563,
            0.011463933118215404,
            0.025051621145899237,
            0.0340368772136886,
            0.18071475066158513,
            -0.022873583592346976,
            0.20520896643351152,
            0.12695184744840834,
            0.0042661588748265505,
            0.031743809452669934,
            -0.008710919075703875
        ],
        [
            -0.0026878265508374316,
            -0.0034596495641848225,
            0.0033030738052766276,
            -0.026495778758053635,
            -0.005311570369223878,
            -0.036429992131809856,
            -0.004269697107175159,
            0.012867729181090174,
            0.031564750558395485,
            -3.843158678952297e-05,
            0.07044501659741469,
            -0.00939302551857716,
            0.005517789408958409,
            -0.022873583592346976,
            0.02810771172046187,
            -0.10567864071472366,
            -0.052281863539609674,
            -0.003783294167442399,
            -0.062082121462277096,
            0.0259959547135885
        ],
        [
            -0.003280744380839313,
            -0.021674409432958786,
            -0.0037739073750799835,
            0.023805271881565747,
            0.003255181492897598,
            0.02827173614564389,
            0.022987951824339777,
            -0.009019241034139956,
            -0.04064922677535438,
            -0.003660604580776069,
            -0.020687989209302992,
            0.16413974707551898,
            0.005316763797489051,
            0.20520896643351152,
            -0.10567864071472366,
            0.5831522830824613,
            0.35908437851498437,
            0.011494633031178893,
            0.15873253096354473,
            -0.06318413780811871
        ],
        [
            -0.02551263710617296,
            -0.027629088184497278,
            -0.0012987349080996913,
            0.013813361768030918,
            0.0012830698108339477,
            0.015334550092044813,
            0.0260774060145776,
            0.00825905408160709,
            0.030828882255812085,
            0.0018225365605803907,
            0.10091759722960918,
            0.14403917200709584,
            0.007503009499488332,
            0.12695184744840834,
            -0.052281863539609674,
            0.35908437851498437,
            0.24420187820514516,
            0.00397259522668006,
            0.04429073664903161,
            -0.01626771068096831
        ],
        [
            0.0015348069648136909,
            0.0004055110601829625,
            -0.00019642983860827643,
            0.0005659406320273598,
            0.00015859425500119658,
            -0.00016194992864558677,
            -0.0020015277176175135,
            -0.0021087314881237315,
            -0.007805274362067695,
            -0.0005243686641782854,
            -0.016119228613219388,
            -0.0028891450975366134,
            -0.0003766134723463197,
            0.0042661588748265505,
            -0.003783294167442399,
            0.011494633031178893,
            0.00397259522668006,
            0.0006502476706799787,
            0.01046920075989595,
            -0.004347432708610513
        ],
        [
            -0.020533515907686477,
            -0.009853469834781012,
            -0.007666553712228503,
            0.058548359114542335,
            0.01255664032916063,
            0.05003745121118743,
            -0.033687600242878445,
            -0.04519832509925122,
            -0.10790795729604272,
            -0.0003665731931389003,
            -0.29145790516043746,
            -0.05811234341150078,
            -0.01512662978552487,
            0.031743809452669934,
            -0.062082121462277096,
            0.15873253096354473,
            0.04429073664903161,
            0.01046920075989595,
            0.18058367602400674,
            -0.0761686947144447
        ],
        [
            0.010272644411272652,
            0.0037093327913058026,
            0.0036951434836221286,
            -0.029592320323092624,
            -0.006282604047558351,
            -0.028273463040318737,
            0.012558432472686953,
            0.019868619721169833,
            0.044085360058430695,
            -0.0005071028749723988,
            0.12398357412483993,
            0.024827102469684104,
            0.007422465724847049,
            -0.008710919075703875,
            0.0259959547135885,
            -0.06318413780811871,
            -0.01626771068096831,
            -0.004347432708610513,
            -0.0761686947144447,
            0.032256776055295096
        ]
    ]
}