{
    "opt_E": -2.167049221619511,
    "HF_E": -2.1361069612470414,
    "B3LYP_E": -2.137936782596919,
    "sto-3G_E": -2.1150682469227697,
    "proj": [
        [
            0.5421848519209991,
            0.3535897105716197,
            -0.018784388273426923,
            -0.1857100349046589,
            0.017920575969061374,
            0.03535392391512443,
            0.17400758826745377,
            -0.006961062407054153,
            -0.21880007017378492,
            0.02040164871494842,
            0.05222841956898259,
            0.02858648393833241,
            -0.00025582293901067353,
            0.04680603605895149,
            -0.006921781841453002,
            -0.0008528611073255341,
            -0.03478871608784023,
            0.01365860244058861,
            -0.0305196904723196,
            0.00728525602912635
        ],
        [
            0.3535897105716197,
            0.2416217893003429,
            -0.008698624273547695,
            -0.07791837247627939,
            0.00753354024910505,
            0.08976492863452623,
            0.13275726158120418,
            -0.005728112507363825,
            -0.1418007549304515,
            0.01388250103946113,
            0.03825551076558481,
            0.022053256737942315,
            -0.005024358097128266,
            -0.021264166610941562,
            0.00252056492344418,
            -0.032537195372596424,
            -0.040760564578568984,
            0.009119308532208487,
            -0.02693434846367953,
            0.005813395407623085
        ],
        [
            -0.018784388273426923,
            -0.008698624273547695,
            0.002193573640457966,
            0.024653866038048707,
            -0.00236204926129989,
            0.02553393353340907,
            0.0010399995960596019,
            -0.0017504524066488654,
            0.0020009145929491706,
            0.00013983755887329565,
            -0.007821610523512152,
            0.0022252448027982163,
            -0.005479469165575636,
            -0.017946005230795425,
            0.0016913990030179781,
            0.000738000978029377,
            0.0016328401323241544,
            -0.003224908823819567,
            0.007004707019775369,
            -0.001717245044441423
        ],
        [
            -0.1857100349046589,
            -0.07791837247627939,
            0.024653866038048707,
            0.2825686834141216,
            -0.027146984752656953,
            0.3173087657809148,
            0.034864346024316505,
            -0.015281379421422547,
            0.03267636743792786,
            0.0004880556528239728,
            -0.045525799754585754,
            0.04525060575192573,
            -0.06148435193210752,
            -0.20883097213161772,
            0.020230106699869205,
            0.01616846438537938,
            0.02764656904712619,
            -0.02956951243461027,
            0.05973088744132398,
            -0.015146656293110565
        ],
        [
            0.017920575969061374,
            0.00753354024910505,
            -0.00236204926129989,
            -0.027146984752656953,
            0.002609915151312168,
            -0.03060892157840888,
            -0.003520309819913958,
            0.0013295520621085164,
            -0.00371148016454227,
            1.5360685317888327e-05,
            0.00340908309216167,
            -0.004701474649419484,
            0.005809270001483548,
            0.019960509953479304,
            -0.001948545897931101,
            -0.0017415132650052385,
            -0.0029084807908522524,
            0.002664883382502498,
            -0.005264636237847137,
            0.0013491583761399838
        ],
        [
            0.03535392391512443,
            0.08976492863452623,
            0.02553393353340907,
            0.3173087657809148,
            -0.03060892157840888,
            0.5140520293644861,
            0.17265666849066416,
            -0.013864406066998833,
            -0.02575548914303762,
            0.006934922124813152,
            0.05364840369121013,
            0.11532327545996454,
            -0.08183913256618366,
            -0.2841320351243359,
            0.02823498079886904,
            0.02863903208056074,
            0.03658525434709484,
            -0.018781940937292362,
            0.023097782082761066,
            -0.007664729665166989
        ],
        [
            0.17400758826745377,
            0.13275726158120418,
            0.0010399995960596019,
            0.034864346024316505,
            -0.003520309819913958,
            0.17265666849066416,
            0.12026176641901704,
            0.005253814350795187,
            -0.028755304316260825,
            0.00324504082037541,
            0.11406855691111845,
            0.07585426085175301,
            -0.017518494731095624,
            -0.056206015512238104,
            0.005631043267803552,
            0.03390649273205263,
            0.02750404317282041,
            0.012815791711912543,
            -0.039845812104869344,
            0.008374805618775308
        ],
        [
            -0.006961062407054153,
            -0.005728112507363825,
            -0.0017504524066488654,
            -0.015281379421422547,
            0.0013295520621085164,
            -0.013864406066998833,
            0.005253814350795187,
            0.012594143974625736,
            0.05011515232337917,
            -0.00558008921241248,
            0.07638031392248606,
            0.01607677405441927,
            0.0161398262282561,
            0.011907694377600381,
            0.0014023613284860125,
            -0.011009491591354637,
            0.00282092414170305,
            0.01756542117160391,
            -0.047999149582835875,
            0.010729565661499506
        ],
        [
            -0.21880007017378492,
            -0.1418007549304515,
            0.0020009145929491706,
            0.03267636743792786,
            -0.00371148016454227,
            -0.02575548914303762,
            -0.028755304316260825,
            0.05011515232337917,
            0.27037590269617456,
            -0.028351432401192322,
            0.2803137138730078,
            0.05982176875364198,
            0.05655979247629747,
            0.005412521861088105,
            0.010448057939642883,
            -0.04344220139313899,
            0.024022790498268404,
            0.061743811106568756,
            -0.1736516405458274,
            0.03843671427612831
        ],
        [
            0.02040164871494842,
            0.01388250103946113,
            0.00013983755887329565,
            0.0004880556528239728,
            1.5360685317888327e-05,
            0.006934922124813152,
            0.00324504082037541,
            -0.00558008921241248,
            -0.028351432401192322,
            0.0030325978327375783,
            -0.031050066212993437,
            -0.006396486343699421,
            -0.0066690407735894314,
            -0.004042113089489007,
            -0.0007070031719308287,
            0.0033512198369927606,
            -0.003186270446100437,
            -0.006957752817453645,
            0.019138227906669608,
            -0.004269211628789117
        ],
        [
            0.05222841956898259,
            0.03825551076558481,
            -0.007821610523512152,
            -0.045525799754585754,
            0.00340908309216167,
            0.05364840369121013,
            0.11406855691111845,
            0.07638031392248606,
            0.2803137138730078,
            -0.031050066212993437,
            0.5307329940663101,
            0.17086821419898987,
            0.06880133797381482,
            0.04619027935515608,
            0.007183367446211937,
            0.027759617692923757,
            0.0826329901596944,
            0.10532413031153862,
            -0.28730036361808997,
            0.06408570066111621
        ],
        [
            0.02858648393833241,
            0.022053256737942315,
            0.0022252448027982163,
            0.04525060575192573,
            -0.004701474649419484,
            0.11532327545996454,
            0.07585426085175301,
            0.01607677405441927,
            0.05982176875364198,
            -0.006396486343699421,
            0.17086821419898987,
            0.1230639203874635,
            -0.023306616952221783,
            0.02443600548928154,
            -0.007751747733738446,
            0.17767193380131138,
            0.1362808316007417,
            0.013316564975191672,
            -0.029148277254459263,
            0.006822774598579958
        ],
        [
            -0.00025582293901067353,
            -0.005024358097128266,
            -0.005479469165575636,
            -0.06148435193210752,
            0.005809270001483548,
            -0.08183913256618366,
            -0.017518494731095624,
            0.0161398262282561,
            0.05655979247629747,
            -0.0066690407735894314,
            0.06880133797381482,
            -0.023306616952221783,
            0.04076556079814736,
            0.01895015891875329,
            0.004966380968878794,
            -0.09540714110678894,
            -0.05449507791217605,
            0.027414608602610017,
            -0.07711267045273744,
            0.017176851791250888
        ],
        [
            0.04680603605895149,
            -0.021264166610941562,
            -0.017946005230795425,
            -0.20883097213161772,
            0.019960509953479304,
            -0.2841320351243359,
            -0.056206015512238104,
            0.011907694377600381,
            0.005412521861088105,
            -0.004042113089489007,
            0.04619027935515608,
            0.02443600548928154,
            0.01895015891875329,
            0.2595381980528719,
            -0.0361022190527922,
            0.20269497118694724,
            0.12400607531598767,
            0.006732227849770186,
            0.014996037358808653,
            -0.0007988149798197018
        ],
        [
            -0.006921781841453002,
            0.00252056492344418,
            0.0016913990030179781,
            0.020230106699869205,
            -0.001948545897931101,
            0.02823498079886904,
            0.005631043267803552,
            0.0014023613284860125,
            0.010448057939642883,
            -0.0007070031719308287,
            0.007183367446211937,
            -0.007751747733738446,
            0.004966380968878794,
            -0.0361022190527922,
            0.006491837090550456,
            -0.04908023795425811,
            -0.029152904704193374,
            0.0044038580928094755,
            -0.017568815664492896,
            0.003523974392013431
        ],
        [
            -0.0008528611073255341,
            -0.032537195372596424,
            0.000738000978029377,
            0.01616846438537938,
            -0.0017415132650052385,
            0.02863903208056074,
            0.03390649273205263,
            -0.011009491591354637,
            -0.04344220139313899,
            0.0033512198369927606,
            0.027759617692923757,
            0.17767193380131138,
            -0.09540714110678894,
            0.20269497118694724,
            -0.04908023795425811,
            0.5495068846857901,
            0.3557085279685688,
            -0.04601157260075486,
            0.1657375372058039,
            -0.03443918229160337
        ],
        [
            -0.03478871608784023,
            -0.040760564578568984,
            0.0016328401323241544,
            0.02764656904712619,
            -0.0029084807908522524,
            0.03658525434709484,
            0.02750404317282041,
            0.00282092414170305,
            0.024022790498268404,
            -0.003186270446100437,
            0.0826329901596944,
            0.1362808316007417,
            -0.05449507791217605,
            0.12400607531598767,
            -0.029152904704193374,
            0.3557085279685688,
            0.24161574125173602,
            -0.0176073593852861,
            0.0724520887242079,
            -0.014649616578670192
        ],
        [
            0.01365860244058861,
            0.009119308532208487,
            -0.003224908823819567,
            -0.02956951243461027,
            0.002664883382502498,
            -0.018781940937292362,
            0.012815791711912543,
            0.01756542117160391,
            0.061743811106568756,
            -0.006957752817453645,
            0.10532413031153862,
            0.013316564975191672,
            0.027414608602610017,
            0.006732227849770186,
            0.0044038580928094755,
            -0.04601157260075486,
            -0.0176073593852861,
            0.027220506013735865,
            -0.07636008110116213,
            0.016940717775743262
        ],
        [
            -0.0305196904723196,
            -0.02693434846367953,
            0.007004707019775369,
            0.05973088744132398,
            -0.005264636237847137,
            0.023097782082761066,
            -0.039845812104869344,
            -0.047999149582835875,
            -0.1736516405458274,
            0.019138227906669608,
            -0.28730036361808997,
            -0.029148277254459263,
            -0.07711267045273744,
            0.014996037358808653,
            -0.017568815664492896,
            0.1657375372058039,
            0.0724520887242079,
            -0.07636008110116213,
            0.21891972979427243,
            -0.048228657600488174
        ],
        [
            0.00728525602912635,
            0.005813395407623085,
            -0.001717245044441423,
            -0.015146656293110565,
            0.0013491583761399838,
            -0.007664729665166989,
            0.008374805618775308,
            0.010729565661499506,
            0.03843671427612831,
            -0.004269211628789117,
            0.06408570066111621,
            0.006822774598579958,
            0.017176851791250888,
            -0.0007988149798197018,
            0.003523974392013431,
            -0.03443918229160337,
            -0.014649616578670192,
            0.016940717775743262,
            -0.048228657600488174,
            0.010649374144847554
        ]
    ]
}