{
    "opt_E": -2.157913510234477,
    "HF_E": -2.12708848363893,
    "B3LYP_E": -2.128954860816441,
    "sto-3G_E": -2.1065460179773923,
    "proj": [
        [
            0.5309928065057423,
            0.3448209220776282,
            -0.042719697069668425,
            -0.16932169505367342,
            0.03556393602812531,
            0.05687508828999831,
            0.1785768871847335,
            -0.07198038492982357,
            -0.21523528204723189,
            0.06885244185730771,
            0.045543461352074766,
            0.035732574196194224,
            -0.002573717596750312,
            0.04078583196056095,
            8.640930687393172e-05,
            0.0007020629554988045,
            -0.03708002573404064,
            0.0034809975921202465,
            -0.023429994721901527,
            0.006941984604546211
        ],
        [
            0.3448209220776282,
            0.23197030857812595,
            -0.019215106128932916,
            -0.07934270806904438,
            0.01574270252428467,
            0.08723445728298687,
            0.13073282245839762,
            -0.042171066738461604,
            -0.13145634449709923,
            0.040764407227921115,
            0.04379398797013673,
            0.02524723610872159,
            -0.00026345395989702225,
            -0.018867596428524796,
            0.0018068337279757063,
            -0.034178233108347784,
            -0.04396643432620581,
            0.003550101793065361,
            -0.029198012199446767,
            0.006594509373642232
        ],
        [
            -0.042719697069668425,
            -0.019215106128932916,
            0.01992164908304355,
            0.07118752833103961,
            -0.017430706544836867,
            0.08335225964210854,
            0.007377125444297833,
            0.012578735467349507,
            0.0023364357931728373,
            -0.01377321705681264,
            -0.013322691899929327,
            0.009229777497288113,
            -0.004000751947463254,
            -0.06049239684181628,
            -0.005976962558392941,
            0.008815979423704101,
            0.00865230856039985,
            -0.0036768163148802355,
            0.021013276104669062,
            -0.00472021955862262
        ],
        [
            -0.16932169505367342,
            -0.07934270806904438,
            0.07118752833103961,
            0.2557069093860194,
            -0.06219651210995847,
            0.2930681979668615,
            0.023269887711382182,
            0.04703703569567349,
            0.02775657278502362,
            -0.05012794613810024,
            -0.029563681830434854,
            0.037221082631424776,
            -0.012819503924250568,
            -0.21289862400580145,
            -0.0197532463690788,
            0.02975796598709695,
            0.0336439938227052,
            -0.011480667398893888,
            0.06316476225387947,
            -0.014653118302027295
        ],
        [
            0.03556393602812531,
            0.01574270252428467,
            -0.017430706544836867,
            -0.06219651210995847,
            0.015268903466885506,
            -0.07378823566932134,
            -0.007226322609828969,
            -0.010772235440855645,
            -0.0006914396324923355,
            0.01188293094213758,
            0.011954750393545889,
            -0.00882766524404534,
            0.0037180820961361816,
            0.05235029312494229,
            0.005526441483870918,
            -0.01011686586555958,
            -0.008955202067976113,
            0.0033558628557650194,
            -0.019444972778428594,
            0.00431016352489758
        ],
        [
            0.05687508828999831,
            0.08723445728298687,
            0.08335225964210854,
            0.2930681979668615,
            -0.07378823566932134,
            0.4999798349983695,
            0.16085560535438587,
            0.0307316249709494,
            -0.03471781936247662,
            -0.033042418578367254,
            0.06541266803178473,
            0.10723115632209095,
            -0.016585494421484145,
            -0.30030385821446887,
            -0.02537811144305161,
            0.04419749407491872,
            0.0402241009634801,
            -0.008916172115007195,
            0.0338562837929761,
            -0.009055360625711523
        ],
        [
            0.1785768871847335,
            0.13073282245839762,
            0.007377125444297833,
            0.023269887711382182,
            -0.007226322609828969,
            0.16085560535438587,
            0.11616947692686377,
            -0.01328146693510339,
            -0.023097648417575528,
            0.01611598082622428,
            0.11984481178625982,
            0.07453234015230832,
            -0.0013699778601395213,
            -0.05264274816785145,
            -0.0031134974365878243,
            0.02956912651334749,
            0.023292781298150073,
            0.005098702256448043,
            -0.044522492145680256,
            0.008675313615355847
        ],
        [
            -0.07198038492982357,
            -0.042171066738461604,
            0.012578735467349507,
            0.04703703569567349,
            -0.010772235440855645,
            0.0307316249709494,
            -0.01328146693510339,
            0.012899346813697659,
            0.029801953642313514,
            -0.012494491977344925,
            -0.0006601814568604029,
            0.0009023167783407997,
            -0.00027572127503828277,
            -0.032726502600482314,
            -0.001056038925705352,
            -0.005699316232448213,
            0.002684612161529828,
            -0.0007666259053046446,
            0.0025591925204711988,
            -0.0011135286178576547
        ],
        [
            -0.21523528204723189,
            -0.13145634449709923,
            0.0023364357931728373,
            0.02775657278502362,
            -0.0006914396324923355,
            -0.03471781936247662,
            -0.023097648417575528,
            0.029801953642313514,
            0.29094051069869087,
            -0.011213493315747156,
            0.29491022364724756,
            0.06863717873396129,
            0.02420892720260115,
            0.020088475696024684,
            0.02686975735469219,
            -0.05778430392051559,
            0.02126464016935799,
            0.02728967687852274,
            -0.19966449599976124,
            0.03689834548029203
        ],
        [
            0.06885244185730771,
            0.040764407227921115,
            -0.01377321705681264,
            -0.05012794613810024,
            0.01188293094213758,
            -0.033042418578367254,
            0.01611598082622428,
            -0.012494491977344925,
            -0.011213493315747156,
            0.013582962030670451,
            0.02683118184388847,
            0.005644461763289428,
            0.0023058174188433337,
            0.03608452579383284,
            0.003414466330220056,
            0.00044719602688654065,
            -0.002212820918609085,
            0.0032087105349555664,
            -0.020315597951579216,
            0.004473858888576853
        ],
        [
            0.045543461352074766,
            0.04379398797013673,
            -0.013322691899929327,
            -0.029563681830434854,
            0.011954750393545889,
            0.06541266803178473,
            0.11984481178625982,
            -0.0006601814568604029,
            0.29491022364724756,
            0.02683118184388847,
            0.5163343075726714,
            0.1816372286470356,
            0.027657068360571944,
            0.05379613199520942,
            0.029269854587211853,
            0.01596532668306084,
            0.07982126172127164,
            0.04080842602620864,
            -0.29857201689124985,
            0.05716657773890451
        ],
        [
            0.035732574196194224,
            0.02524723610872159,
            0.009229777497288113,
            0.037221082631424776,
            -0.00882766524404534,
            0.10723115632209095,
            0.07453234015230832,
            0.0009023167783407997,
            0.06863717873396129,
            0.005644461763289428,
            0.1816372286470356,
            0.12288804807929521,
            -0.004096659907030468,
            0.030349853331293104,
            -0.009885808388271107,
            0.16920716061036362,
            0.1342857112424271,
            0.005713633108056268,
            -0.041536943343206706,
            0.00878045885546838
        ],
        [
            -0.002573717596750312,
            -0.00026345395989702225,
            -0.004000751947463254,
            -0.012819503924250568,
            0.0037180820961361816,
            -0.016585494421484145,
            -0.0013699778601395213,
            -0.00027572127503828277,
            0.02420892720260115,
            0.0023058174188433337,
            0.027657068360571944,
            -0.004096659907030468,
            0.004722440817516203,
            0.00047146691792607004,
            0.006295219717388163,
            -0.03727425838881339,
            -0.02044989421078285,
            0.004210916969026913,
            -0.030844175617129977,
            0.005713496612351258
        ],
        [
            0.04078583196056095,
            -0.018867596428524796,
            -0.06049239684181628,
            -0.21289862400580145,
            0.05235029312494229,
            -0.30030385821446887,
            -0.05264274816785145,
            -0.032726502600482314,
            0.020088475696024684,
            0.03608452579383284,
            0.05379613199520942,
            0.030349853331293104,
            0.00047146691792607004,
            0.2946878390880756,
            -0.00019300244697517113,
            0.19560322368423844,
            0.12743725933985053,
            0.004389557493789134,
            -0.004017825354353958,
            0.004441243084285953
        ],
        [
            8.640930687393172e-05,
            0.0018068337279757063,
            -0.005976962558392941,
            -0.0197532463690788,
            0.005526441483870918,
            -0.02537811144305161,
            -0.0031134974365878243,
            -0.001056038925705352,
            0.02686975735469219,
            0.003414466330220056,
            0.029269854587211853,
            -0.009885808388271107,
            0.006295219717388163,
            -0.00019300244697517113,
            0.008599416677174189,
            -0.05528102736716496,
            -0.03231430823852062,
            0.005294931139307202,
            -0.03877571342034374,
            0.007163711589236417
        ],
        [
            0.0007020629554988045,
            -0.034178233108347784,
            0.008815979423704101,
            0.02975796598709695,
            -0.01011686586555958,
            0.04419749407491872,
            0.02956912651334749,
            -0.005699316232448213,
            -0.05778430392051559,
            0.00044719602688654065,
            0.01596532668306084,
            0.16920716061036362,
            -0.03727425838881339,
            0.19560322368423844,
            -0.05528102736716496,
            0.5564067759222417,
            0.36564642110196616,
            -0.022044480167987313,
            0.17806013853624125,
            -0.03006570823862732
        ],
        [
            -0.03708002573404064,
            -0.04396643432620581,
            0.00865230856039985,
            0.0336439938227052,
            -0.008955202067976113,
            0.0402241009634801,
            0.023292781298150073,
            0.002684612161529828,
            0.02126464016935799,
            -0.002212820918609085,
            0.07982126172127164,
            0.1342857112424271,
            -0.02044989421078285,
            0.12743725933985053,
            -0.03231430823852062,
            0.36564642110196616,
            0.25331699865464713,
            -0.009078040679916223,
            0.07674434736070938,
            -0.012310947173622477
        ],
        [
            0.0034809975921202465,
            0.003550101793065361,
            -0.0036768163148802355,
            -0.011480667398893888,
            0.0033558628557650194,
            -0.008916172115007195,
            0.005098702256448043,
            -0.0007666259053046446,
            0.02728967687852274,
            0.0032087105349555664,
            0.04080842602620864,
            0.005713633108056268,
            0.004210916969026913,
            0.004389557493789134,
            0.005294931139307202,
            -0.022044480167987313,
            -0.009078040679916223,
            0.004515500291872514,
            -0.032905230575985774,
            0.0062100622812957815
        ],
        [
            -0.023429994721901527,
            -0.029198012199446767,
            0.021013276104669062,
            0.06316476225387947,
            -0.019444972778428594,
            0.0338562837929761,
            -0.044522492145680256,
            0.0025591925204711988,
            -0.19966449599976124,
            -0.020315597951579216,
            -0.29857201689124985,
            -0.041536943343206706,
            -0.030844175617129977,
            -0.004017825354353958,
            -0.03877571342034374,
            0.17806013853624125,
            0.07674434736070938,
            -0.032905230575985774,
            0.24252824955242733,
            -0.045433270337683504
        ],
        [
            0.006941984604546211,
            0.006594509373642232,
            -0.00472021955862262,
            -0.014653118302027295,
            0.00431016352489758,
            -0.009055360625711523,
            0.008675313615355847,
            -0.0011135286178576547,
            0.03689834548029203,
            0.004473858888576853,
            0.05716657773890451,
            0.00878045885546838,
            0.005713496612351258,
            0.004441243084285953,
            0.007163711589236417,
            -0.03006570823862732,
            -0.012310947173622477,
            0.0062100622812957815,
            -0.045433270337683504,
            0.008567714855969523
        ]
    ]
}