{
    "opt_E": -2.222917513288156,
    "HF_E": -2.1913692942607335,
    "B3LYP_E": -2.1936880481540952,
    "sto-3G_E": -2.1800474671536434,
    "proj": [
        [
            0.5604008648940121,
            0.332938664046711,
            -0.008927068718814577,
            -0.17097420980970598,
            -0.03806209493258677,
            0.027469765237702205,
            0.17107851925090642,
            -0.020573451201715706,
            -0.2552946597278913,
            -0.07720448462496203,
            0.024143419693728983,
            0.03024045258582362,
            -0.00394580320708932,
            0.026142847435735635,
            -0.005235250181156834,
            -0.0036274786554386248,
            -0.027907952217581907,
            -0.0009198738244493197,
            -0.009207953386847437,
            -0.007740461254445124
        ],
        [
            0.332938664046711,
            0.21788370187273384,
            -0.0014730452571412144,
            -0.042248922977095434,
            -0.007200169595750284,
            0.12182918138358109,
            0.13801693702162574,
            -0.007819014476658462,
            -0.13866563923104014,
            -0.0340076021737146,
            0.012637985024627905,
            0.02775305656294418,
            0.00426224843000835,
            -0.032265184738553505,
            0.009235667444525458,
            -0.02217222232597175,
            -0.028169104099122693,
            -9.825009455288062e-05,
            -0.004806975210984046,
            -0.0019336161048534176
        ],
        [
            -0.008927068718814577,
            -0.0014730452571412144,
            0.0009813309583024017,
            0.0150228874634107,
            0.003908346100693112,
            0.020927431621603067,
            0.003885631250170665,
            0.0016389190252670686,
            0.004282978334887053,
            0.004557111062087115,
            -0.007042171724842922,
            0.0005091419382846252,
            0.0015507438681172758,
            -0.00810285010217394,
            0.0041940270199947215,
            0.0016189350021889994,
            0.0003653519777893479,
            7.973873350771277e-05,
            0.00441850741869036,
            0.0022145455866399567
        ],
        [
            -0.17097420980970598,
            -0.042248922977095434,
            0.0150228874634107,
            0.23771452525361425,
            0.0605993196996268,
            0.3186383860017707,
            0.05775009623661575,
            0.022623641813993674,
            0.10162305615517131,
            0.06633476499547981,
            -0.05119533844072367,
            0.025794985656555136,
            0.0226552900543049,
            -0.130432788287104,
            0.055482906555357196,
            0.011239510380606978,
            0.010222737446096078,
            0.0014056811269432853,
            0.03903960246156109,
            0.023211504822095375
        ],
        [
            -0.03806209493258677,
            -0.007200169595750284,
            0.003908346100693112,
            0.0605993196996268,
            0.015644787771407175,
            0.0837613862809224,
            0.015887033637655593,
            0.006233513391422457,
            0.020490813336280913,
            0.01766289453216188,
            -0.0217621915537122,
            0.004292104680483847,
            0.006082500823007491,
            -0.032957975769335617,
            0.015881026441096176,
            0.005414482339914321,
            0.002200354430157918,
            0.000336557339613158,
            0.014562265576000804,
            0.007684814103425667
        ],
        [
            0.027469765237702205,
            0.12182918138358109,
            0.020927431621603067,
            0.3186383860017707,
            0.0837613862809224,
            0.5819731839453379,
            0.21193329478048825,
            0.02474540431013079,
            0.047244806815250825,
            0.06503624987115247,
            -0.0249753359088332,
            0.08458699275890909,
            0.036735122721285485,
            -0.21631001251146698,
            0.08914018027778808,
            0.017081271649251495,
            0.011487755213313907,
            0.0020343667530446545,
            0.04064674259682318,
            0.027659454827958396
        ],
        [
            0.17107851925090642,
            0.13801693702162574,
            0.003885631250170665,
            0.05775009623661575,
            0.015887033637655593,
            0.21193329478048825,
            0.14068159010562986,
            -0.003420423048242312,
            -0.02444389559373828,
            -0.012858185686019508,
            0.0970127367560007,
            0.08521337459119334,
            0.009562021294785684,
            -0.06002441404522998,
            0.021411079841518497,
            0.0276307898363309,
            0.02989301897122241,
            0.0005365826952938896,
            -0.027170511488967108,
            -0.0077300356971356805
        ],
        [
            -0.020573451201715706,
            -0.007819014476658462,
            0.0016389190252670686,
            0.022623641813993674,
            0.006233513391422457,
            0.02474540431013079,
            -0.003420423048242312,
            0.004400037057597855,
            -0.0015659522165410238,
            0.011354769085133463,
            -0.041366472861768804,
            -0.012288283698001773,
            0.0026705860300253667,
            -0.009146489631969235,
            0.00950755605897763,
            0.0052017030261753625,
            -0.0035304386015499963,
            5.301083572109335e-05,
            0.020722001317115105,
            0.008671034701382542
        ],
        [
            -0.2552946597278913,
            -0.13866563923104014,
            0.004282978334887053,
            0.10162305615517131,
            0.020490813336280913,
            0.047244806815250825,
            -0.02444389559373828,
            -0.0015659522165410238,
            0.19672303493785903,
            0.01253054670184001,
            0.1988762819033347,
            0.07036174666944855,
            0.0007730029528130073,
            -0.04823270000563874,
            -0.01990921836791633,
            -0.03667645246857711,
            0.0311734341009743,
            0.0010754648674404853,
            -0.09587888308849243,
            -0.03358978153028083
        ],
        [
            -0.07720448462496203,
            -0.0340076021737146,
            0.004557111062087115,
            0.06633476499547981,
            0.01766289453216188,
            0.06503624987115247,
            -0.012858185686019508,
            0.011354769085133463,
            0.01253054670184001,
            0.030742915671534532,
            -0.09227955473077662,
            -0.02645901208236287,
            0.006860733007113253,
            -0.025801379502307355,
            0.0231672155512056,
            0.013042306427468356,
            -0.0051307789786100505,
            0.0002106981169526344,
            0.04692592127379938,
            0.020077143609495522
        ],
        [
            0.024143419693728983,
            0.012637985024627905,
            -0.007042171724842922,
            -0.05119533844072367,
            -0.0217621915537122,
            -0.0249753359088332,
            0.0970127367560007,
            -0.041366472861768804,
            0.1988762819033347,
            -0.09227955473077662,
            0.6219326011919684,
            0.24132097246391893,
            -0.01577375228886401,
            -0.00020389772082986886,
            -0.08346295380847843,
            -0.035265835772584665,
            0.10001317998232856,
            0.0009221586842211465,
            -0.28691167973522874,
            -0.11142597234507717
        ],
        [
            0.03024045258582362,
            0.02775305656294418,
            0.0005091419382846252,
            0.025794985656555136,
            0.004292104680483847,
            0.08458699275890909,
            0.08521337459119334,
            -0.012288283698001773,
            0.07036174666944855,
            -0.02645901208236287,
            0.24132097246391893,
            0.15683754791640128,
            -0.0001523415850988225,
            0.025614465563232054,
            0.006909849929190074,
            0.1561375915855425,
            0.14541724706391296,
            0.00018844104555086247,
            -0.06723015206203037,
            -0.02584342400579095
        ],
        [
            -0.00394580320708932,
            0.00426224843000835,
            0.0015507438681172758,
            0.0226552900543049,
            0.006082500823007491,
            0.036735122721285485,
            0.009562021294785684,
            0.0026705860300253667,
            0.0007730029528130073,
            0.006860733007113253,
            -0.01577375228886401,
            -0.0001523415850988225,
            0.0026914586504234255,
            -0.013447446777302448,
            0.0076435366543428996,
            0.002806977137944448,
            -0.0007036082393093225,
            0.00011240537363611457,
            0.009296349865511283,
            0.004383284720689299
        ],
        [
            0.026142847435735635,
            -0.032265184738553505,
            -0.00810285010217394,
            -0.130432788287104,
            -0.032957975769335617,
            -0.21631001251146698,
            -0.06002441404522998,
            -0.009146489631969235,
            -0.04823270000563874,
            -0.025801379502307355,
            -0.00020389772082986886,
            0.025614465563232054,
            -0.013447446777302448,
            0.1581771670936278,
            -0.00014248566142986729,
            0.20474756175172953,
            0.12433307010778347,
            -0.0014389758138875085,
            0.038843986872900534,
            0.008435057628217618
        ],
        [
            -0.005235250181156834,
            0.009235667444525458,
            0.0041940270199947215,
            0.055482906555357196,
            0.015881026441096176,
            0.08914018027778808,
            0.021411079841518497,
            0.00950755605897763,
            -0.01990921836791633,
            0.0231672155512056,
            -0.08346295380847843,
            0.006909849929190074,
            0.0076435366543428996,
            -0.00014248566142986729,
            0.037705668720738966,
            0.09725609604850621,
            0.045825399303888605,
            -6.192399566515065e-05,
            0.06400314197996837,
            0.025842279979000588
        ],
        [
            -0.0036274786554386248,
            -0.02217222232597175,
            0.0016189350021889994,
            0.011239510380606978,
            0.005414482339914321,
            0.017081271649251495,
            0.0276307898363309,
            0.0052017030261753625,
            -0.03667645246857711,
            0.013042306427468356,
            -0.035265835772584665,
            0.1561375915855425,
            0.002806977137944448,
            0.20474756175172953,
            0.09725609604850621,
            0.5930569046186177,
            0.3656054295639937,
            -0.001665929035105248,
            0.15593282207642908,
            0.055532528862910824
        ],
        [
            -0.027907952217581907,
            -0.028169104099122693,
            0.0003653519777893479,
            0.010222737446096078,
            0.002200354430157918,
            0.011487755213313907,
            0.02989301897122241,
            -0.0035304386015499963,
            0.0311734341009743,
            -0.0051307789786100505,
            0.10001317998232856,
            0.14541724706391296,
            -0.0007036082393093225,
            0.12433307010778347,
            0.045825399303888605,
            0.3656054295639937,
            0.2510416192132101,
            -0.000786173202244136,
            0.04177371706476086,
            0.013445514858734794
        ],
        [
            -0.0009198738244493197,
            -9.825009455288062e-05,
            7.973873350771277e-05,
            0.0014056811269432853,
            0.000336557339613158,
            0.0020343667530446545,
            0.0005365826952938896,
            5.301083572109335e-05,
            0.0010754648674404853,
            0.0002106981169526344,
            0.0009221586842211465,
            0.00018844104555086247,
            0.00011240537363611457,
            -0.0014389758138875085,
            -6.192399566515065e-05,
            -0.001665929035105248,
            -0.000786173202244136,
            1.550652680740241e-05,
            -0.0007164461640280452,
            -0.00021168068458160075
        ],
        [
            -0.009207953386847437,
            -0.004806975210984046,
            0.00441850741869036,
            0.03903960246156109,
            0.014562265576000804,
            0.04064674259682318,
            -0.027170511488967108,
            0.020722001317115105,
            -0.09587888308849243,
            0.04692592127379938,
            -0.28691167973522874,
            -0.06723015206203037,
            0.009296349865511283,
            0.038843986872900534,
            0.06400314197996837,
            0.15593282207642908,
            0.04177371706476086,
            -0.0007164461640280452,
            0.16647676387505758,
            0.06398124339773342
        ],
        [
            -0.007740461254445124,
            -0.0019336161048534176,
            0.0022145455866399567,
            0.023211504822095375,
            0.007684814103425667,
            0.027659454827958396,
            -0.0077300356971356805,
            0.008671034701382542,
            -0.03358978153028083,
            0.020077143609495522,
            -0.11142597234507717,
            -0.02584342400579095,
            0.004383284720689299,
            0.008435057628217618,
            0.025842279979000588,
            0.055532528862910824,
            0.013445514858734794,
            -0.00021168068458160075,
            0.06398124339773342,
            0.024918789725117286
        ]
    ]
}