{
    "opt_E": -2.1556456206577086,
    "HF_E": -2.124321616450622,
    "B3LYP_E": -2.1272015188034117,
    "sto-3G_E": -2.101259798500808,
    "proj": [
        [
            0.5633990577564107,
            0.3710747716194423,
            -0.03003353794066096,
            -0.16775638175614332,
            -0.02727694061148394,
            0.014631419111714554,
            0.16730891101815978,
            -0.06459206365706004,
            -0.18999702292904563,
            -0.03232690218217383,
            0.03971106998319309,
            0.030044064123873837,
            -0.012724517186467513,
            0.06560047040470941,
            0.008800757506566698,
            0.0010364610955375419,
            -0.03593529320167785,
            0.006968437294136703,
            -0.02452868569262241,
            -0.0028990243843431906
        ],
        [
            0.3710747716194423,
            0.2562286134906353,
            -0.011884381658636948,
            -0.07426719790735502,
            -0.012019609326666604,
            0.07537521874040397,
            0.13234406401094656,
            -0.036030904824105835,
            -0.12539385298847674,
            -0.02095247203415888,
            0.03838585384434795,
            0.023411446661295875,
            0.0018103268717946646,
            -0.012390449244268003,
            -0.001889222497334518,
            -0.03629719546205642,
            -0.04671692272516924,
            0.006927740348755178,
            -0.026089685081536244,
            -0.0031482572905775904
        ],
        [
            -0.03003353794066096,
            -0.011884381658636948,
            0.010249719124623413,
            0.0464647732237808,
            0.007634113200146201,
            0.06209557034064963,
            0.009854955584130676,
            0.012163253659819608,
            -0.009461509273478457,
            -0.0007830228033763136,
            -0.011590737129155065,
            0.006607992681666639,
            0.004495159856544422,
            -0.044974919539584074,
            -0.00687649394849434,
            0.008616177856203796,
            0.0058252999592275385,
            -0.005548197422764237,
            0.016799350591867563,
            0.0019176815642673113
        ],
        [
            -0.16775638175614332,
            -0.07426719790735502,
            0.0464647732237808,
            0.21485215035380156,
            0.03525252244837642,
            0.2785686314731983,
            0.039674854829765446,
            0.054582828595134206,
            -0.008619017941647074,
            0.0016699426076216067,
            -0.02148935799638402,
            0.0369424261470603,
            0.022742401674932515,
            -0.2021842181123544,
            -0.030492628163040308,
            0.030716350348221545,
            0.02783288793560126,
            -0.018964196483430302,
            0.05594812351263595,
            0.006342115246639705
        ],
        [
            -0.02727694061148394,
            -0.012019609326666604,
            0.007634113200146201,
            0.03525252244837642,
            0.005784728259382081,
            0.045746958611119395,
            0.006521528324093018,
            0.00898616519618369,
            -0.001815604630104798,
            0.00021404295418213636,
            -0.003972317078577342,
            0.005926547117265905,
            0.003715968971302366,
            -0.03326076076648866,
            -0.005020222682869884,
            0.005052482615513507,
            0.004490994902729655,
            -0.0031916456142079643,
            0.009439936177374835,
            0.0010707754118920289
        ],
        [
            0.014631419111714554,
            0.07537521874040397,
            0.06209557034064963,
            0.2785686314731983,
            0.045746958611119395,
            0.5065812169936207,
            0.18039219679055277,
            0.04947380683532408,
            -0.052044061911126364,
            -0.005024852369119163,
            0.0862808531562212,
            0.11500594283234397,
            0.037154252475443364,
            -0.3068444112346568,
            -0.04601672110788102,
            0.04658817484695378,
            0.03878993678336147,
            -0.011464040409871416,
            0.02556215059534258,
            0.002652542536267894
        ],
        [
            0.16730891101815978,
            0.13234406401094656,
            0.009854955584130676,
            0.039674854829765446,
            0.006521528324093018,
            0.18039219679055277,
            0.12322255973334226,
            -0.010451115128536135,
            -0.022930484746170893,
            -0.003862529613080604,
            0.11821719207496119,
            0.07767756436490074,
            0.009661256866146214,
            -0.06739793043469339,
            -0.010017105036906618,
            0.028263809391564695,
            0.02211028179852319,
            0.010359752406734861,
            -0.03828069551640518,
            -0.004558594537194098
        ],
        [
            -0.06459206365706004,
            -0.036030904824105835,
            0.012163253659819608,
            0.054582828595134206,
            0.00898616519618369,
            0.04947380683532408,
            -0.010451115128536135,
            0.019372415154664525,
            -0.021446267749559603,
            -0.0022720959427794526,
            -0.05356450709766271,
            -0.011335609087081222,
            0.0038686121480098236,
            -0.05083020169835187,
            -0.007923213837684037,
            0.004493570494031187,
            -0.0003403374201382896,
            -0.01197880710401762,
            0.038137901087924836,
            0.004403403541728631
        ],
        [
            -0.18999702292904563,
            -0.12539385298847674,
            -0.009461509273478457,
            -0.008619017941647074,
            -0.001815604630104798,
            -0.052044061911126364,
            -0.022930484746170893,
            -0.021446267749559603,
            0.29411415824754567,
            0.0439351730626069,
            0.3048286615959817,
            0.07114569362515243,
            0.01685545875199528,
            0.05066897839275225,
            0.011331851620654126,
            -0.07122341918808883,
            0.01215422475303814,
            0.06103753480331431,
            -0.19888193771085594,
            -0.023121502728707603
        ],
        [
            -0.03232690218217383,
            -0.02095247203415888,
            -0.0007830228033763136,
            0.0016699426076216067,
            0.00021404295418213636,
            -0.005024852369119163,
            -0.003862529613080604,
            -0.0022720959427794526,
            0.0439351730626069,
            0.006612193051069609,
            0.044118153559220684,
            0.010477411782349276,
            0.0027965015899282276,
            0.004979488486666422,
            0.00130203900782054,
            -0.010525557474904227,
            0.001961439880433709,
            0.008734039698407976,
            -0.028512171196748703,
            -0.003316453453668109
        ],
        [
            0.03971106998319309,
            0.03838585384434795,
            -0.011590737129155065,
            -0.02148935799638402,
            -0.003972317078577342,
            0.0862808531562212,
            0.11821719207496119,
            -0.05356450709766271,
            0.3048286615959817,
            0.044118153559220684,
            0.5056258980809198,
            0.18591221546294703,
            0.017175019363796,
            0.055254701406586504,
            0.01180408700846852,
            0.008063226005754381,
            0.07556937387257381,
            0.08337621598164659,
            -0.2745032221287456,
            -0.03193913889396698
        ],
        [
            0.030044064123873837,
            0.023411446661295875,
            0.006607992681666639,
            0.0369424261470603,
            0.005926547117265905,
            0.11500594283234397,
            0.07767756436490074,
            -0.011335609087081222,
            0.07114569362515243,
            0.010477411782349276,
            0.18591221546294703,
            0.12377940865075192,
            -0.006956286696745306,
            0.02412330322749675,
            0.002516548524189913,
            0.16254210794977908,
            0.13130515766330209,
            0.013442644846202728,
            -0.04400740055443887,
            -0.005029313141563864
        ],
        [
            -0.012724517186467513,
            0.0018103268717946646,
            0.004495159856544422,
            0.022742401674932515,
            0.003715968971302366,
            0.037154252475443364,
            0.009661256866146214,
            0.0038686121480098236,
            0.01685545875199528,
            0.0027965015899282276,
            0.017175019363796,
            -0.006956286696745306,
            0.0118804635238505,
            -0.047277696480261464,
            -0.005946798741246647,
            -0.06591751560400773,
            -0.04026215308816402,
            0.006903734503700099,
            -0.024612451594468558,
            -0.0029519422343947262
        ],
        [
            0.06560047040470941,
            -0.012390449244268003,
            -0.044974919539584074,
            -0.2021842181123544,
            -0.03326076076648866,
            -0.3068444112346568,
            -0.06739793043469339,
            -0.05083020169835187,
            0.05066897839275225,
            0.004979488486666422,
            0.055254701406586504,
            0.02412330322749675,
            -0.047277696480261464,
            0.2929588149925479,
            0.041478023045915316,
            0.17830403813130202,
            0.122813346076691,
            0.008214520587877628,
            -0.016185002485726647,
            -0.0014818534119856776
        ],
        [
            0.008800757506566698,
            -0.001889222497334518,
            -0.00687649394849434,
            -0.030492628163040308,
            -0.005020222682869884,
            -0.04601672110788102,
            -0.010017105036906618,
            -0.007923213837684037,
            0.011331851620654126,
            0.00130203900782054,
            0.01180408700846852,
            0.002516548524189913,
            -0.005946798741246647,
            0.041478023045915316,
            0.006004924291422732,
            0.018359357006867028,
            0.013482446705938332,
            0.0025522405723741185,
            -0.006885640847799416,
            -0.0007485765176493168
        ],
        [
            0.0010364610955375419,
            -0.03629719546205642,
            0.008616177856203796,
            0.030716350348221545,
            0.005052482615513507,
            0.04658817484695378,
            0.028263809391564695,
            0.004493570494031187,
            -0.07122341918808883,
            -0.010525557474904227,
            0.008063226005754381,
            0.16254210794977908,
            -0.06591751560400773,
            0.17830403813130202,
            0.018359357006867028,
            0.5677590195138059,
            0.3752289915627558,
            -0.048818400873365544,
            0.16831640315555077,
            0.020097938427072908
        ],
        [
            -0.03593529320167785,
            -0.04671692272516924,
            0.0058252999592275385,
            0.02783288793560126,
            0.004490994902729655,
            0.03878993678336147,
            0.02211028179852319,
            -0.0003403374201382896,
            0.01215422475303814,
            0.001961439880433709,
            0.07556937387257381,
            0.13130515766330209,
            -0.04026215308816402,
            0.122813346076691,
            0.013482446705938332,
            0.3752289915627558,
            0.2609380301487152,
            -0.020469617648908544,
            0.07260005800883136,
            0.008791689046642797
        ],
        [
            0.006968437294136703,
            0.006927740348755178,
            -0.005548197422764237,
            -0.018964196483430302,
            -0.0031916456142079643,
            -0.011464040409871416,
            0.010359752406734861,
            -0.01197880710401762,
            0.06103753480331431,
            0.008734039698407976,
            0.08337621598164659,
            0.013442644846202728,
            0.006903734503700099,
            0.008214520587877628,
            0.0025522405723741185,
            -0.048818400873365544,
            -0.020469617648908544,
            0.019144209413419128,
            -0.06313363556662988,
            -0.007375101414146357
        ],
        [
            -0.02452868569262241,
            -0.026089685081536244,
            0.016799350591867563,
            0.05594812351263595,
            0.009439936177374835,
            0.02556215059534258,
            -0.03828069551640518,
            0.038137901087924836,
            -0.19888193771085594,
            -0.028512171196748703,
            -0.2745032221287456,
            -0.04400740055443887,
            -0.024612451594468558,
            -0.016185002485726647,
            -0.006885640847799416,
            0.16831640315555077,
            0.07260005800883136,
            -0.06313363556662988,
            0.2086408085525454,
            0.024388958539089154
        ],
        [
            -0.0028990243843431906,
            -0.0031482572905775904,
            0.0019176815642673113,
            0.006342115246639705,
            0.0010707754118920289,
            0.002652542536267894,
            -0.004558594537194098,
            0.004403403541728631,
            -0.023121502728707603,
            -0.003316453453668109,
            -0.03193913889396698,
            -0.005029313141563864,
            -0.0029519422343947262,
            -0.0014818534119856776,
            -0.0007485765176493168,
            0.020097938427072908,
            0.008791689046642797,
            -0.007375101414146357,
            0.024388958539089154,
            0.002851610666925493
        ]
    ]
}