{
    "opt_E": -2.206174176784011,
    "HF_E": -2.17385597299224,
    "B3LYP_E": -2.1770374400686556,
    "sto-3G_E": -2.1600855304617594,
    "proj": [
        [
            0.5967673327805393,
            0.37087271687013046,
            0.04380719337196204,
            -0.15332787488793123,
            -0.042559545304981204,
            -0.03714306211881128,
            0.15388753294172583,
            0.07381495678493315,
            -0.18462801044139857,
            -0.06747433084843205,
            0.039932639610521126,
            0.020008851949658492,
            -0.0007979518715169509,
            0.05845841936974535,
            0.0035650651495367468,
            -0.0037166717951127365,
            -0.01990867649477558,
            -0.007029162101658977,
            -0.026127193990214646,
            0.011483122692519934
        ],
        [
            0.37087271687013046,
            0.2553760371082263,
            0.01125474558161686,
            -0.043006371615747094,
            -0.011231320771323673,
            0.09339438845928019,
            0.1408416939528968,
            0.03762015502170695,
            -0.12697474830745412,
            -0.03570515298754816,
            0.015061658397576023,
            0.021155868214004052,
            -0.00018523490660924877,
            -0.027535557144755796,
            -0.0018803451156183806,
            -0.02480684929589855,
            -0.031129807313006394,
            -0.0018120022274432475,
            -0.010223920717376685,
            0.003179891678352948
        ],
        [
            0.04380719337196204,
            0.01125474558161686,
            0.014462293435224363,
            -0.047741854745554514,
            -0.013786292387190488,
            -0.08229128610601344,
            -0.018664386356568433,
            0.01102623454999556,
            0.0008383306720428292,
            -0.008819924796285614,
            0.01838632281966358,
            -0.007402620321742066,
            -0.0031003136160066553,
            0.03966592433412771,
            0.007529375380024546,
            -0.008399683130915114,
            -0.0013082007831172874,
            -0.004475837380644866,
            -0.01567905140485534,
            0.006861936319445995
        ],
        [
            -0.15332787488793123,
            -0.043006371615747094,
            -0.047741854745554514,
            0.15817769368658927,
            0.04554981045499062,
            0.2708623018017082,
            0.061226810427939225,
            -0.03712454553763894,
            0.008029173589819855,
            0.030308982279178283,
            -0.04544887085056466,
            0.029245168318103643,
            0.008944994616076986,
            -0.13159000072426164,
            -0.02271819585853714,
            0.024519679707708006,
            0.005865681098237541,
            0.012928796108316234,
            0.04402533614764519,
            -0.019851214567263267
        ],
        [
            -0.042559545304981204,
            -0.011231320771323673,
            -0.013786292387190488,
            0.04554981045499062,
            0.013146212620530845,
            0.07826422303473347,
            0.017598872298855005,
            -0.010588337668626456,
            -4.744838180169397e-05,
            0.008510747569918887,
            -0.016757478739678006,
            0.007009814159554351,
            0.002792458427338617,
            -0.03815785164506524,
            -0.006913655967700177,
            0.006883557611163696,
            0.0007532268252950988,
            0.004120251435221108,
            0.01432019758899099,
            -0.006321735312028022
        ],
        [
            -0.03714306211881128,
            0.09339438845928019,
            -0.08229128610601344,
            0.2708623018017082,
            0.07826422303473347,
            0.5899335905700849,
            0.23012163985479808,
            -0.043977104059082804,
            -0.033918524519892974,
            0.03484658223689433,
            0.004413152859993312,
            0.10587517890164434,
            0.013083606860722638,
            -0.26681791996649845,
            -0.03827309253676744,
            0.03888997977234725,
            0.01166548455653571,
            0.01520280602651876,
            0.042676086625937346,
            -0.02310550032376109
        ],
        [
            0.15388753294172583,
            0.1408416939528968,
            -0.018664386356568433,
            0.061226810427939225,
            0.017598872298855005,
            0.23012163985479808,
            0.15153116378576098,
            0.004663044827623634,
            -0.022859427412634872,
            -0.0036070228822132314,
            0.10259253439120113,
            0.08597955990715588,
            0.00044053242058824695,
            -0.08499596346961315,
            -0.006630943766596966,
            0.022565839358131525,
            0.02214965776625416,
            -0.005247303568570846,
            -0.029141495356562064,
            0.00829819433012144
        ],
        [
            0.07381495678493315,
            0.03762015502170695,
            0.01102623454999556,
            -0.03712454553763894,
            -0.010588337668626456,
            -0.043977104059082804,
            0.004663044827623634,
            0.011993687007182575,
            -0.015046010968303642,
            -0.010288057600815732,
            0.014822113221507205,
            0.0005279057594582758,
            -0.001172476890160071,
            0.02699644142558065,
            0.003384467396115746,
            0.0013219407603052107,
            0.0016397225863718412,
            -0.0027683950057028283,
            -0.009676814839885702,
            0.004322479854648075
        ],
        [
            -0.18462801044139857,
            -0.12697474830745412,
            0.0008383306720428292,
            0.008029173589819855,
            -4.744838180169397e-05,
            -0.033918524519892974,
            -0.022859427412634872,
            -0.015046010968303642,
            0.2041977210448815,
            0.023468439081957667,
            0.27193667671274513,
            0.08226074223610386,
            -0.023372367239121748,
            -0.0038598160958436293,
            0.03925631281051933,
            -0.05640613954370335,
            0.029905293034340114,
            -0.03326730504027741,
            -0.13867663804386976,
            0.05042884094246765
        ],
        [
            -0.06747433084843205,
            -0.03570515298754816,
            -0.008819924796285614,
            0.030308982279178283,
            0.008510747569918887,
            0.03484658223689433,
            -0.0036070228822132314,
            -0.010288057600815732,
            0.023468439081957667,
            0.009439529326314589,
            0.004966180255419207,
            0.005083385629236949,
            -0.0004378548180814947,
            -0.022360939436542826,
            -0.0004370792212907823,
            -0.0042603047221145916,
            0.0005363321605103108,
            0.00020428782808872318,
            -0.00068822011436869,
            -0.00040621739980231203
        ],
        [
            0.039932639610521126,
            0.015061658397576023,
            0.01838632281966358,
            -0.04544887085056466,
            -0.016757478739678006,
            0.004413152859993312,
            0.10259253439120113,
            0.014822113221507205,
            0.27193667671274513,
            0.004966180255419207,
            0.5806371681703666,
            0.22263948918491494,
            -0.03718368737235354,
            0.020930578751261326,
            0.06234600168906863,
            -0.022572020710555144,
            0.10270214454504033,
            -0.06523434939240776,
            -0.2715403053595981,
            0.0996500058956979
        ],
        [
            0.020008851949658492,
            0.021155868214004052,
            -0.007402620321742066,
            0.029245168318103643,
            0.007009814159554351,
            0.10587517890164434,
            0.08597955990715588,
            0.0005279057594582758,
            0.08226074223610386,
            0.005083385629236949,
            0.22263948918491494,
            0.14713297675505524,
            0.003742081608869091,
            0.020606870164682305,
            -0.007240974105414769,
            0.15775678501740178,
            0.13892760281026356,
            -0.013824362176424045,
            -0.05811830670647607,
            0.021595894806864226
        ],
        [
            -0.0007979518715169509,
            -0.00018523490660924877,
            -0.0031003136160066553,
            0.008944994616076986,
            0.002792458427338617,
            0.013083606860722638,
            0.00044053242058824695,
            -0.001172476890160071,
            -0.023372367239121748,
            -0.0004378548180814947,
            -0.03718368737235354,
            0.003742081608869091,
            0.008327975464720118,
            0.014091423647048695,
            -0.013643519977622746,
            0.05996167206579034,
            0.029007160597796556,
            0.0075780287969475545,
            0.032179867810947275,
            -0.011409917247294484
        ],
        [
            0.05845841936974535,
            -0.027535557144755796,
            0.03966592433412771,
            -0.13159000072426164,
            -0.03815785164506524,
            -0.26681791996649845,
            -0.08499596346961315,
            0.02699644142558065,
            -0.0038598160958436293,
            -0.022360939436542826,
            0.020930578751261326,
            0.020606870164682305,
            0.014091423647048695,
            0.20488079523334582,
            -0.013562585045343516,
            0.19951272838065554,
            0.1310976861471175,
            0.001981352594846498,
            0.02183841256405207,
            -0.002423560759326401
        ],
        [
            0.0035650651495367468,
            -0.0018803451156183806,
            0.007529375380024546,
            -0.02271819585853714,
            -0.006913655967700177,
            -0.03827309253676744,
            -0.006630943766596966,
            0.003384467396115746,
            0.03925631281051933,
            -0.0004370792212907823,
            0.06234600168906863,
            -0.007240974105414769,
            -0.013643519977622746,
            -0.013562585045343516,
            0.022877609771768757,
            -0.09461102188954773,
            -0.04467944042272125,
            -0.012772866495147656,
            -0.05352653514189348,
            0.01925074268414947
        ],
        [
            -0.0037166717951127365,
            -0.02480684929589855,
            -0.008399683130915114,
            0.024519679707708006,
            0.006883557611163696,
            0.03888997977234725,
            0.022565839358131525,
            0.0013219407603052107,
            -0.05640613954370335,
            -0.0042603047221145916,
            -0.022572020710555144,
            0.15775678501740178,
            0.05996167206579034,
            0.19951272838065554,
            -0.09461102188954773,
            0.5931210407627665,
            0.35946662177092337,
            0.03479772261870883,
            0.15468624455185198,
            -0.051510038363776274
        ],
        [
            -0.01990867649477558,
            -0.031129807313006394,
            -0.0013082007831172874,
            0.005865681098237541,
            0.0007532268252950988,
            0.01166548455653571,
            0.02214965776625416,
            0.0016397225863718412,
            0.029905293034340114,
            0.0005363321605103108,
            0.10270214454504033,
            0.13892760281026356,
            0.029007160597796556,
            0.1310976861471175,
            -0.04467944042272125,
            0.35946662177092337,
            0.2426965038851723,
            0.008028003974682124,
            0.03984760425530978,
            -0.011287111851194808
        ],
        [
            -0.007029162101658977,
            -0.0018120022274432475,
            -0.004475837380644866,
            0.012928796108316234,
            0.004120251435221108,
            0.01520280602651876,
            -0.005247303568570846,
            -0.0027683950057028283,
            -0.03326730504027741,
            0.00020428782808872318,
            -0.06523434939240776,
            -0.013824362176424045,
            0.0075780287969475545,
            0.001981352594846498,
            -0.012772866495147656,
            0.03479772261870883,
            0.008028003974682124,
            0.009404171308471987,
            0.039185266836989446,
            -0.01427763954792103
        ],
        [
            -0.026127193990214646,
            -0.010223920717376685,
            -0.01567905140485534,
            0.04402533614764519,
            0.01432019758899099,
            0.042676086625937346,
            -0.029141495356562064,
            -0.009676814839885702,
            -0.13867663804386976,
            -0.00068822011436869,
            -0.2715403053595981,
            -0.05811830670647607,
            0.032179867810947275,
            0.02183841256405207,
            -0.05352653514189348,
            0.15468624455185198,
            0.03984760425530978,
            0.039185266836989446,
            0.16421513154144904,
            -0.05946307107147455
        ],
        [
            0.011483122692519934,
            0.003179891678352948,
            0.006861936319445995,
            -0.019851214567263267,
            -0.006321735312028022,
            -0.02310550032376109,
            0.00829819433012144,
            0.004322479854648075,
            0.05042884094246765,
            -0.00040621739980231203,
            0.0996500058956979,
            0.021595894806864226,
            -0.011409917247294484,
            -0.002423560759326401,
            0.01925074268414947,
            -0.051510038363776274,
            -0.011287111851194808,
            -0.01427763954792103,
            -0.05946307107147455,
            0.02168136574154963
        ]
    ]
}