{
    "opt_E": -2.1529806348842477,
    "HF_E": -2.1217634563883463,
    "B3LYP_E": -2.1237203773186693,
    "sto-3G_E": -2.0967820807920026,
    "proj": [
        [
            0.5527216992837208,
            0.3714070300998184,
            0.02778915806443565,
            -0.17825705655824636,
            0.023280035885283133,
            0.01686405939758452,
            0.17066033553977883,
            0.052528416468789585,
            -0.1883763169989505,
            0.023362296576342586,
            0.04066753642484548,
            0.02936241690061327,
            -0.005684666706061742,
            0.05888352367363974,
            -0.004125328499261126,
            0.0018665066810794697,
            -0.03392294039438295,
            0.010050505026097507,
            -0.02637192135442409,
            -0.002026366686662466
        ],
        [
            0.3714070300998184,
            0.2613559112831502,
            0.012054417228075459,
            -0.08335870292297769,
            0.010978222790817083,
            0.07401995040433812,
            0.13500740687611623,
            0.032524548301776805,
            -0.12376580952777522,
            0.014780975842212904,
            0.041879598122917916,
            0.02270103179657329,
            0.0006349442775904824,
            -0.01622928571099538,
            0.000927036789023204,
            -0.03937949848792558,
            -0.04643752255473311,
            0.011212600049810109,
            -0.03495762234341125,
            -0.0014916874664179978
        ],
        [
            0.02778915806443565,
            0.012054417228075459,
            0.007808276083740458,
            -0.04376857469807276,
            0.005675893931760966,
            -0.05503695147222393,
            -0.008055280561406806,
            0.0059377699205599216,
            0.004348387559024939,
            -0.0002709832130439957,
            0.004875598935597982,
            -0.009212594204996205,
            0.004622009525046274,
            0.03696927254668046,
            -0.006057664305314452,
            -0.005164875672627648,
            -0.005435016152910604,
            0.0041605179371335815,
            -0.011216128365209264,
            -0.0009532102148368903
        ],
        [
            -0.17825705655824636,
            -0.08335870292297769,
            -0.04376857469807276,
            0.246535289200326,
            -0.0319855485326358,
            0.297722800392782,
            0.03473398681965059,
            -0.03496386239270568,
            -0.014759842946447796,
            0.0003660117165965014,
            -0.030464197449180073,
            0.04613087480250111,
            -0.02389424457325875,
            -0.20645790581536339,
            0.032976741846468816,
            0.021564717222407444,
            0.026866343579377647,
            -0.022842104614533797,
            0.06108240750520794,
            0.005272486980448073
        ],
        [
            0.023280035885283133,
            0.010978222790817083,
            0.005675893931760966,
            -0.0319855485326358,
            0.004154684418729905,
            -0.03821217520519699,
            -0.004086973631498198,
            0.004620413961250225,
            0.0028108236756383856,
            -0.00016963593969612886,
            0.005495840904426625,
            -0.0054408938892777274,
            0.0031948928652496345,
            0.026828850308028535,
            -0.004336311913394509,
            -0.0025788467048902487,
            -0.003175740017134396,
            0.0032524496434074516,
            -0.008777687993127788,
            -0.0007289102384319984
        ],
        [
            0.01686405939758452,
            0.07401995040433812,
            -0.05503695147222393,
            0.297722800392782,
            -0.03821217520519699,
            0.5095257271364741,
            0.17299791484150961,
            -0.022209967793469697,
            -0.05908908287949094,
            0.004215750232939973,
            0.0792301275019779,
            0.12342595653298005,
            -0.032819032291357665,
            -0.297413383820631,
            0.0458446501930911,
            0.041528853768962475,
            0.04061301761830227,
            -0.01018067385353352,
            0.021150242195926924,
            0.004122127823078857
        ],
        [
            0.17066033553977883,
            0.13500740687611623,
            -0.008055280561406806,
            0.03473398681965059,
            -0.004086973631498198,
            0.17299791484150961,
            0.12068507134447921,
            0.01305882980911944,
            -0.025053968017377,
            0.001666653303529951,
            0.11534606136075419,
            0.07529942192373103,
            -0.00779911787691996,
            -0.062182986687247734,
            0.00931219993185686,
            0.03384296863071243,
            0.024586552624900074,
            0.014084100313552334,
            -0.04255598199908439,
            -0.0016434612401311087
        ],
        [
            0.052528416468789585,
            0.032524548301776805,
            0.0059377699205599216,
            -0.03496386239270568,
            0.004620413961250225,
            -0.022209967793469697,
            0.01305882980911944,
            0.007860270710167865,
            0.004090557844851055,
            -0.0005287180086330761,
            0.029210953423098898,
            0.005815088001842062,
            0.003333265788358909,
            0.02505764900004432,
            -0.004377663030771483,
            0.002320088047433304,
            0.0007430336607160561,
            0.00721421542216336,
            -0.020408626454074354,
            -0.0013243459190913605
        ],
        [
            -0.1883763169989505,
            -0.12376580952777522,
            0.004348387559024939,
            -0.014759842946447796,
            0.0028108236756383856,
            -0.05908908287949094,
            -0.025053968017377,
            0.004090557844851055,
            0.30078441270909806,
            -0.039152093053078096,
            0.3045588200613298,
            0.050227731153164944,
            0.046947629717600366,
            0.03550781846924021,
            -0.02717745400319182,
            -0.04618160842944839,
            0.017911505748673652,
            0.07159747781775555,
            -0.21542601598083785,
            -0.011202944267851019
        ],
        [
            0.023362296576342586,
            0.014780975842212904,
            -0.0002709832130439957,
            0.0003660117165965014,
            -0.00016963593969612886,
            0.004215750232939973,
            0.001666653303529951,
            -0.0005287180086330761,
            -0.039152093053078096,
            0.0051269816225098875,
            -0.04110505216147958,
            -0.007270528952147058,
            -0.006192531692078163,
            -0.0022790228854210107,
            0.0033393966773614977,
            0.007018440260939427,
            -0.0018103183402726913,
            -0.009583567332328846,
            0.02896083615665935,
            0.0014763894968788907
        ],
        [
            0.04066753642484548,
            0.041879598122917916,
            0.004875598935597982,
            -0.030464197449180073,
            0.005495840904426625,
            0.0792301275019779,
            0.11534606136075419,
            0.029210953423098898,
            0.3045588200613298,
            -0.04110505216147958,
            0.4954955876500168,
            0.15833957988023267,
            0.03805163414022975,
            0.03775972375005678,
            -0.024609752430875403,
            0.047794500717342765,
            0.08501649310564362,
            0.09744440589609396,
            -0.28795221964110324,
            -0.015297499214331624
        ],
        [
            0.02936241690061327,
            0.02270103179657329,
            -0.009212594204996205,
            0.04613087480250111,
            -0.0054408938892777274,
            0.12342595653298005,
            0.07529942192373103,
            0.005815088001842062,
            0.050227731153164944,
            -0.007270528952147058,
            0.15833957988023267,
            0.11598201641033476,
            -0.022800071134777854,
            0.020409425271915197,
            0.007412134501295897,
            0.17756535953319785,
            0.13125677088467444,
            0.010141834160560326,
            -0.021664334975115666,
            -0.0019873043040855
        ],
        [
            -0.005684666706061742,
            0.0006349442775904824,
            0.004622009525046274,
            -0.02389424457325875,
            0.0031948928652496345,
            -0.032819032291357665,
            -0.00779911787691996,
            0.003333265788358909,
            0.046947629717600366,
            -0.006192531692078163,
            0.03805163414022975,
            -0.022800071134777854,
            0.02214062079556783,
            -0.013772099923588044,
            -0.0090213241401566,
            -0.09127796027935559,
            -0.05419880484881571,
            0.018939789920393958,
            -0.061237590725268645,
            -0.00264139065384092
        ],
        [
            0.05888352367363974,
            -0.01622928571099538,
            0.03696927254668046,
            -0.20645790581536339,
            0.026828850308028535,
            -0.297413383820631,
            -0.062182986687247734,
            0.02505764900004432,
            0.03550781846924021,
            -0.0022790228854210107,
            0.03775972375005678,
            0.020409425271915197,
            -0.013772099923588044,
            0.29254421106523787,
            -0.024559927599415395,
            0.2099509482309818,
            0.13106904898752603,
            0.00012144378303228933,
            0.020064545668892042,
            -0.002902861100026191
        ],
        [
            -0.004125328499261126,
            0.000927036789023204,
            -0.006057664305314452,
            0.032976741846468816,
            -0.004336311913394509,
            0.0458446501930911,
            0.00931219993185686,
            -0.004377663030771483,
            -0.02717745400319182,
            0.0033393966773614977,
            -0.024609752430875403,
            0.007412134501295897,
            -0.0090213241401566,
            -0.024559927599415395,
            0.00689753298366111,
            0.019896873766234432,
            0.01081688385250034,
            -0.009371411328604235,
            0.02798648290913527,
            0.0016202583657415864
        ],
        [
            0.0018665066810794697,
            -0.03937949848792558,
            -0.005164875672627648,
            0.021564717222407444,
            -0.0025788467048902487,
            0.041528853768962475,
            0.03384296863071243,
            0.002320088047433304,
            -0.04618160842944839,
            0.007018440260939427,
            0.047794500717342765,
            0.17756535953319785,
            -0.09127796027935559,
            0.2099509482309818,
            0.019896873766234432,
            0.5379431913208851,
            0.3507944332077958,
            -0.046872286626263394,
            0.1719167244249133,
            0.004529715995238218
        ],
        [
            -0.03392294039438295,
            -0.04643752255473311,
            -0.005435016152910604,
            0.026866343579377647,
            -0.003175740017134396,
            0.04061301761830227,
            0.024586552624900074,
            0.0007430336607160561,
            0.017911505748673652,
            -0.0018103183402726913,
            0.08501649310564362,
            0.13125677088467444,
            -0.05419880484881571,
            0.13106904898752603,
            0.01081688385250034,
            0.3507944332077958,
            0.23758150446564733,
            -0.019829663727880385,
            0.07967290241003486,
            0.0013620472513751643
        ],
        [
            0.010050505026097507,
            0.011212600049810109,
            0.0041605179371335815,
            -0.022842104614533797,
            0.0032524496434074516,
            -0.01018067385353352,
            0.014084100313552334,
            0.00721421542216336,
            0.07159747781775555,
            -0.009583567332328846,
            0.09744440589609396,
            0.010141834160560326,
            0.018939789920393958,
            0.00012144378303228933,
            -0.009371411328604235,
            -0.046872286626263394,
            -0.019829663727880385,
            0.02610537011656655,
            -0.08015583068016972,
            -0.003923180550429209
        ],
        [
            -0.02637192135442409,
            -0.03495762234341125,
            -0.011216128365209264,
            0.06108240750520794,
            -0.008777687993127788,
            0.021150242195926924,
            -0.04255598199908439,
            -0.020408626454074354,
            -0.21542601598083785,
            0.02896083615665935,
            -0.28795221964110324,
            -0.021664334975115666,
            -0.061237590725268645,
            0.020064545668892042,
            0.02798648290913527,
            0.1719167244249133,
            0.07967290241003486,
            -0.08015583068016972,
            0.24813296534921436,
            0.011825142152095394
        ],
        [
            -0.002026366686662466,
            -0.0014916874664179978,
            -0.0009532102148368903,
            0.005272486980448073,
            -0.0007289102384319984,
            0.004122127823078857,
            -0.0016434612401311087,
            -0.0013243459190913605,
            -0.011202944267851019,
            0.0014763894968788907,
            -0.015297499214331624,
            -0.0019873043040855,
            -0.00264139065384092,
            -0.002902861100026191,
            0.0016202583657415864,
            0.004529715995238218,
            0.0013620472513751643,
            -0.003923180550429209,
            0.011825142152095394,
            0.0006186760504707004
        ]
    ]
}