{
    "opt_E": -2.200807221898207,
    "HF_E": -2.169522682590456,
    "B3LYP_E": -2.1717808623668455,
    "sto-3G_E": -2.1520411296821838,
    "proj": [
        [
            0.5953617367691093,
            0.37578038488967386,
            -0.0343066082720062,
            -0.15706357795169143,
            -0.04456932646626763,
            -0.04244200801202544,
            0.15329052946862637,
            -0.06415028741939688,
            -0.17908897766190887,
            -0.07446731400344705,
            0.023613662832130768,
            0.026204551195262694,
            -0.01129708496393128,
            0.049576488027035744,
            -0.007646203633173613,
            -0.0035095119185990687,
            -0.023731394993383725,
            -0.005471830094327588,
            -0.017975238188251183,
            -0.0036533446082885426
        ],
        [
            0.37578038488967386,
            0.2623988663672906,
            -0.008876348991287189,
            -0.04708854742512405,
            -0.012061974313875528,
            0.0898384681416278,
            0.14320218289086323,
            -0.030533486100370377,
            -0.12060415886084513,
            -0.03774937038363754,
            0.016103478619906443,
            0.028873272677403077,
            0.0037285553169129192,
            -0.03159425527519127,
            0.0013608718372850471,
            -0.031464875812785696,
            -0.0324777237204492,
            -0.0027234179903981876,
            -0.015783103305275725,
            -0.0020978211628480217
        ],
        [
            -0.0343066082720062,
            -0.008876348991287189,
            0.009845473104921771,
            0.03962225186108283,
            0.012345893520232116,
            0.06892426087539963,
            0.015917650706713707,
            0.011555238705049969,
            -0.003657327329569962,
            0.010773970700995303,
            -0.016231929295717658,
            0.007223334527668934,
            0.011219145216308578,
            -0.026050853864307843,
            0.006817049260428623,
            0.005944284132159127,
            0.001939552859098222,
            0.004250866922013799,
            0.016501682236549124,
            0.002728973972741563
        ],
        [
            -0.15706357795169143,
            -0.04708854742512405,
            0.03962225186108283,
            0.16199495253396026,
            0.04987630576874562,
            0.2771039808873984,
            0.06250017430471327,
            0.04457881314811142,
            0.006507315080826317,
            0.04329288923365813,
            -0.03683328890003924,
            0.033542829413668984,
            0.04083087625760851,
            -0.11421088399857421,
            0.02476611038701798,
            0.01251554616385021,
            0.006664411705495085,
            0.012622914972486937,
            0.04452407216535506,
            0.007918257735751402
        ],
        [
            -0.04456932646626763,
            -0.012061974313875528,
            0.012345893520232116,
            0.04987630576874562,
            0.015496042288847298,
            0.08631592640383956,
            0.019732076545466135,
            0.014373695843010946,
            -0.0030198345020287435,
            0.013529851263769417,
            -0.018431199705575323,
            0.009214299558444168,
            0.01371667265799789,
            -0.03348002785286576,
            0.00832835758200992,
            0.0062777950732706405,
            0.002129439124171663,
            0.004999508406744119,
            0.019056980663494875,
            0.003196300615680312
        ],
        [
            -0.04244200801202544,
            0.0898384681416278,
            0.06892426087539963,
            0.2771039808873984,
            0.08631592640383956,
            0.5994200020952698,
            0.23101025594302152,
            0.05721924477098218,
            -0.043036116402487494,
            0.0524216965007991,
            0.00399005165926551,
            0.1139217408807382,
            0.07895065578547086,
            -0.23298367176594595,
            0.047639192942188886,
            0.03470278737541294,
            0.019833410940980272,
            0.016184307229096875,
            0.04783147407210913,
            0.009500252290537008
        ],
        [
            0.15329052946862637,
            0.14320218289086323,
            0.015917650706713707,
            0.06250017430471327,
            0.019732076545466135,
            0.23101025594302152,
            0.14998152358715575,
            -0.005319859548600978,
            -0.030867055825529732,
            -0.006556819410781001,
            0.08966784975792844,
            0.0843288495087777,
            0.02277953325431385,
            -0.07759995120832139,
            0.013774245430217014,
            0.033487327813720956,
            0.02663539152536969,
            -0.004424155510512068,
            -0.02824136921618277,
            -0.003653658158805274
        ],
        [
            -0.06415028741939688,
            -0.030533486100370377,
            0.011555238705049969,
            0.04457881314811142,
            0.014373695843010946,
            0.05721924477098218,
            -0.005319859548600978,
            0.020373681634410005,
            -0.019424427266711647,
            0.017703847533361277,
            -0.07139712087211017,
            -0.014100736212313596,
            0.015217035854048114,
            -0.01986864164558625,
            0.009196883549119222,
            0.00207794576450055,
            -0.008092319340813494,
            0.011071323435865654,
            0.048328679849751095,
            0.0074326622532333835
        ],
        [
            -0.17908897766190887,
            -0.12060415886084513,
            -0.003657327329569962,
            0.006507315080826317,
            -0.0030198345020287435,
            -0.043036116402487494,
            -0.030867055825529732,
            -0.019424427266711647,
            0.1904236744449347,
            -0.0029616535422728003,
            0.2560798793865489,
            0.054183522971389654,
            -0.03469395245095495,
            -0.030635008557669024,
            -0.020718801340781547,
            -0.02786597129147108,
            0.033999247617932014,
            -0.036394922653389054,
            -0.17126768739499995,
            -0.024791063975594073
        ],
        [
            -0.07446731400344705,
            -0.03774937038363754,
            0.010773970700995303,
            0.04329288923365813,
            0.013529851263769417,
            0.0524216965007991,
            -0.006556819410781001,
            0.017703847533361277,
            -0.0029616535422728003,
            0.01652090617471312,
            -0.04621811897558683,
            -0.008767458728075229,
            0.011598365558182607,
            -0.0226096259666137,
            0.007016703908345716,
            -0.0014678664636270495,
            -0.00553408582462701,
            0.007413191025331387,
            0.031158323657131358,
            0.004942180943849386
        ],
        [
            0.023613662832130768,
            0.016103478619906443,
            -0.016231929295717658,
            -0.03683328890003924,
            -0.018431199705575323,
            0.00399005165926551,
            0.08966784975792844,
            -0.07139712087211017,
            0.2560798793865489,
            -0.04621811897558683,
            0.5494544096089378,
            0.18326062160754197,
            -0.051124330599467846,
            -0.026165171049202757,
            -0.02995382839878762,
            0.04945964892895936,
            0.1187407477385136,
            -0.06941199523950749,
            -0.32016349881231265,
            -0.04756398762376604
        ],
        [
            0.026204551195262694,
            0.028873272677403077,
            0.007223334527668934,
            0.033542829413668984,
            0.009214299558444168,
            0.1139217408807382,
            0.0843288495087777,
            -0.014100736212313596,
            0.054183522971389654,
            -0.008767458728075229,
            0.18326062160754197,
            0.12785711748629186,
            0.016655175012566515,
            0.026435913652955403,
            0.0118289131981711,
            0.17742173157069563,
            0.13243254580727717,
            -0.00999282315236977,
            -0.039453497108015795,
            -0.007220955354186285
        ],
        [
            -0.01129708496393128,
            0.0037285553169129192,
            0.011219145216308578,
            0.04083087625760851,
            0.01371667265799789,
            0.07895065578547086,
            0.02277953325431385,
            0.015217035854048114,
            -0.03469395245095495,
            0.011598365558182607,
            -0.051124330599467846,
            0.016655175012566515,
            0.023369445304808573,
            0.0044594003952485904,
            0.014671364397403708,
            0.06597253216669748,
            0.03025598105243402,
            0.01297873530809891,
            0.06116716708948041,
            0.00865164722237103
        ],
        [
            0.049576488027035744,
            -0.03159425527519127,
            -0.026050853864307843,
            -0.11421088399857421,
            -0.03348002785286576,
            -0.23298367176594595,
            -0.07759995120832139,
            -0.01986864164558625,
            -0.030635008557669024,
            -0.0226096259666137,
            -0.026165171049202757,
            0.026435913652955403,
            0.0044594003952485904,
            0.2284198232937884,
            0.005249540441964693,
            0.25348132490223874,
            0.14303257934801866,
            0.014311874307037167,
            0.09666470191324562,
            0.01029460123456604
        ],
        [
            -0.007646203633173613,
            0.0013608718372850471,
            0.006817049260428623,
            0.02476611038701798,
            0.00832835758200992,
            0.047639192942188886,
            0.013774245430217014,
            0.009196883549119222,
            -0.020718801340781547,
            0.007016703908345716,
            -0.02995382839878762,
            0.0118289131981711,
            0.014671364397403708,
            0.005249540441964693,
            0.009251582102663124,
            0.04518665360670964,
            0.021588246521069557,
            0.008065282095261974,
            0.03837121939984438,
            0.005378196426290734
        ],
        [
            -0.0035095119185990687,
            -0.031464875812785696,
            0.005944284132159127,
            0.01251554616385021,
            0.0062777950732706405,
            0.03470278737541294,
            0.033487327813720956,
            0.00207794576450055,
            -0.02786597129147108,
            -0.0014678664636270495,
            0.04945964892895936,
            0.17742173157069563,
            0.06597253216669748,
            0.25348132490223874,
            0.04518665360670964,
            0.5447226468609685,
            0.32695524657055836,
            0.029813086550863784,
            0.17576684597320127,
            0.02008034495171804
        ],
        [
            -0.023731394993383725,
            -0.0324777237204492,
            0.001939552859098222,
            0.006664411705495085,
            0.002129439124171663,
            0.019833410940980272,
            0.02663539152536969,
            -0.008092319340813494,
            0.033999247617932014,
            -0.00553408582462701,
            0.1187407477385136,
            0.13243254580727717,
            0.03025598105243402,
            0.14303257934801866,
            0.021588246521069557,
            0.32695524657055836,
            0.21191057056220777,
            0.00612944418684788,
            0.050478493919391625,
            0.0039997253543315675
        ],
        [
            -0.005471830094327588,
            -0.0027234179903981876,
            0.004250866922013799,
            0.012622914972486937,
            0.004999508406744119,
            0.016184307229096875,
            -0.004424155510512068,
            0.011071323435865654,
            -0.036394922653389054,
            0.007413191025331387,
            -0.06941199523950749,
            -0.00999282315236977,
            0.01297873530809891,
            0.014311874307037167,
            0.008065282095261974,
            0.029813086550863784,
            0.00612944418684788,
            0.01152476405578548,
            0.05499594521834768,
            0.007836208016155592
        ],
        [
            -0.017975238188251183,
            -0.015783103305275725,
            0.016501682236549124,
            0.04452407216535506,
            0.019056980663494875,
            0.04783147407210913,
            -0.02824136921618277,
            0.048328679849751095,
            -0.17126768739499995,
            0.031158323657131358,
            -0.32016349881231265,
            -0.039453497108015795,
            0.06116716708948041,
            0.09666470191324562,
            0.03837121939984438,
            0.17576684597320127,
            0.050478493919391625,
            0.05499594521834768,
            0.2663405717206625,
            0.037455876623478955
        ],
        [
            -0.0036533446082885426,
            -0.0020978211628480217,
            0.002728973972741563,
            0.007918257735751402,
            0.003196300615680312,
            0.009500252290537008,
            -0.003653658158805274,
            0.0074326622532333835,
            -0.024791063975594073,
            0.004942180943849386,
            -0.04756398762376604,
            -0.007220955354186285,
            0.00865164722237103,
            0.01029460123456604,
            0.005378196426290734,
            0.02008034495171804,
            0.0039997253543315675,
            0.007836208016155592,
            0.037455876623478955,
            0.005332210003271913
        ]
    ]
}