{
    "opt_E": -2.201387425120885,
    "HF_E": -2.1718167280541696,
    "B3LYP_E": -2.1731444914008247,
    "sto-3G_E": -2.1652729984566825,
    "proj": [
        [
            0.5229987752996889,
            0.32310661398965973,
            0.04154767307602759,
            -0.16737477713199977,
            0.00189208236178583,
            0.07139438046941486,
            0.18803169027420708,
            0.08105028675601722,
            -0.25627490961036414,
            -0.0041421426176725855,
            0.02110460755450457,
            0.03483193027374091,
            0.004330901223486116,
            0.013985821498683907,
            0.00033822065085234443,
            -0.0004946876872113439,
            -0.02478662128240108,
            -3.196320190184809e-05,
            -0.011041970160043683,
            -0.0017798587818411925
        ],
        [
            0.32310661398965973,
            0.20976508374428685,
            0.014258939987161996,
            -0.06327650979382614,
            0.0013578543414212928,
            0.10831998389161063,
            0.13699593549940042,
            0.04321519810052477,
            -0.1405266137097641,
            -0.002268262555390101,
            0.03170564871761986,
            0.02981744207767031,
            -0.006720037837107229,
            -0.03393717032006831,
            0.004348947236804652,
            -0.02596937866353474,
            -0.027109471709414485,
            -0.002693415446417407,
            -0.022501999691122675,
            -0.00146301820497473
        ],
        [
            0.04154767307602759,
            0.014258939987161996,
            0.025441181937152873,
            -0.0856954118694853,
            -0.000778423657955463,
            -0.1020721161297759,
            -0.00985251209569392,
            0.025381612986270802,
            -0.02140705103680626,
            -0.005830640257891703,
            0.02800192756298343,
            -0.008568718250581,
            0.009891530732212772,
            0.039935258723605135,
            -0.011586093036961958,
            -0.012075607258021141,
            -0.005713403294051094,
            -0.005677399762438199,
            -0.03112871265454529,
            -0.0019209841956133063
        ],
        [
            -0.16737477713199977,
            -0.06327650979382614,
            -0.0856954118694853,
            0.29277163418929325,
            0.002217950479970599,
            0.3373950623497086,
            0.02941205402512462,
            -0.08458617258379204,
            0.10148577706983417,
            0.01672279011716432,
            -0.05842101827783907,
            0.03614403504298959,
            -0.034866142358513076,
            -0.14166539390514643,
            0.036585010273361494,
            0.031892612082671745,
            0.021382555822014815,
            0.01438250875013501,
            0.07875728868050871,
            0.005356835809087686
        ],
        [
            0.00189208236178583,
            0.0013578543414212928,
            -0.000778423657955463,
            0.002217950479970599,
            6.626260496974801e-05,
            0.0041077573115558446,
            0.0010555275233634636,
            -0.0007491192147046735,
            -0.002224951591747853,
            0.000421998958035916,
            -0.0036982312504377965,
            0.00011750728141985424,
            -0.00010697079445631257,
            -0.00021967431670317955,
            0.0006157316910035122,
            0.0021688034147278636,
            0.0006191712325686263,
            0.0006355292321008478,
            0.0034619356034181654,
            0.0001619180100105333
        ],
        [
            0.07139438046941486,
            0.10831998389161063,
            -0.1020721161297759,
            0.3373950623497086,
            0.0041077573115558446,
            0.5596790637414388,
            0.1743225001154302,
            -0.070215253093941,
            0.022090008407314118,
            0.017719696704675526,
            -0.012017250650471123,
            0.09609337407636233,
            -0.05246163650931387,
            -0.2160506928130958,
            0.05257641672271079,
            0.04226566172288653,
            0.024116401716372,
            0.014447594341074656,
            0.07099789425273538,
            0.005134754040169217
        ],
        [
            0.18803169027420708,
            0.13699593549940042,
            -0.00985251209569392,
            0.02941205402512462,
            0.0010555275233634636,
            0.1743225001154302,
            0.12759886055269415,
            0.020730391342861233,
            -0.03369906076917427,
            -0.0049820611744496425,
            0.10873560865678093,
            0.07556399557930119,
            -0.01388470674299638,
            -0.05622729086671189,
            0.0093089974699787,
            0.0244701985500634,
            0.023956846777686138,
            -0.006815213692299039,
            -0.045322302410476065,
            -0.0020548628463829496
        ],
        [
            0.08105028675601722,
            0.04321519810052477,
            0.025381612986270802,
            -0.08458617258379204,
            -0.0007491192147046735,
            -0.070215253093941,
            0.020730391342861233,
            0.03388813242685121,
            -0.01826127337023823,
            -0.009164128786510234,
            0.07770869979182836,
            0.017010376075791582,
            0.007382173328005173,
            0.03068810129974217,
            -0.011281841081359142,
            -0.0014171550346311085,
            0.0070663137735811465,
            -0.009782799809763426,
            -0.0558325545248533,
            -0.0030953090320534047
        ],
        [
            -0.25627490961036414,
            -0.1405266137097641,
            -0.02140705103680626,
            0.10148577706983417,
            -0.002224951591747853,
            0.022090008407314118,
            -0.03369906076917427,
            -0.01826127337023823,
            0.2311908256420259,
            -0.015027533567823369,
            0.21989158237112622,
            0.05967905547895752,
            -0.015307815084051156,
            -0.06394907509229392,
            -0.007555498474895618,
            -0.02459506082812391,
            0.035980343675810156,
            -0.026102195597680077,
            -0.14305238188970457,
            -0.0056560358781178426
        ],
        [
            -0.0041421426176725855,
            -0.002268262555390101,
            -0.005830640257891703,
            0.01672279011716432,
            0.000421998958035916,
            0.017719696704675526,
            -0.0049820611744496425,
            -0.009164128786510234,
            -0.015027533567823369,
            0.0042976507503582305,
            -0.04579363944583463,
            -0.011941388455911322,
            -0.0007916357966346752,
            -0.0033725962154307967,
            0.0040773443755600025,
            0.0016772922938794303,
            -0.006236861418221041,
            0.0054849181972057934,
            0.0308561977586253,
            0.0015016005289927284
        ],
        [
            0.02110460755450457,
            0.03170564871761986,
            0.02800192756298343,
            -0.05842101827783907,
            -0.0036982312504377965,
            -0.012017250650471123,
            0.10873560865678093,
            0.07770869979182836,
            0.21989158237112622,
            -0.04579363944583463,
            0.561457625612772,
            0.19374930525901587,
            -0.007131084309704237,
            -0.022055713109118445,
            -0.029090806102676225,
            0.03719632425615921,
            0.11450728003797837,
            -0.05964038111753445,
            -0.33893583654662046,
            -0.015915962106931667
        ],
        [
            0.03483193027374091,
            0.02981744207767031,
            -0.008568718250581,
            0.03614403504298959,
            0.00011750728141985424,
            0.09609337407636233,
            0.07556399557930119,
            0.017010376075791582,
            0.05967905547895752,
            -0.011941388455911322,
            0.19374930525901587,
            0.13213224519138897,
            0.00271882051053133,
            0.03452814274327959,
            0.004002925490166287,
            0.17891956929763528,
            0.13868975460580965,
            -0.007290700784540022,
            -0.046822459384909886,
            -0.0026061084048755005
        ],
        [
            0.004330901223486116,
            -0.006720037837107229,
            0.009891530732212772,
            -0.034866142358513076,
            -0.00010697079445631257,
            -0.05246163650931387,
            -0.01388470674299638,
            0.007382173328005173,
            -0.015307815084051156,
            -0.0007916357966346752,
            -0.007131084309704237,
            0.00271882051053133,
            0.009640660748643663,
            0.045868862013528744,
            -0.0031457838909168213,
            0.04361466668504531,
            0.02436816790918731,
            0.002854863208578954,
            0.016106886172141125,
            0.0003445853828177826
        ],
        [
            0.013985821498683907,
            -0.03393717032006831,
            0.039935258723605135,
            -0.14166539390514643,
            -0.00021967431670317955,
            -0.2160506928130958,
            -0.05622729086671189,
            0.03068810129974217,
            -0.06394907509229392,
            -0.0033725962154307967,
            -0.022055713109118445,
            0.03452814274327959,
            0.045868862013528744,
            0.22373649722378966,
            -0.011101210605687499,
            0.2508494456145332,
            0.1446092566360632,
            0.015844610853280032,
            0.0882402818540822,
            0.002154076124102201
        ],
        [
            0.00033822065085234443,
            0.004348947236804652,
            -0.011586093036961958,
            0.036585010273361494,
            0.0006157316910035122,
            0.05257641672271079,
            0.0093089974699787,
            -0.011281841081359142,
            -0.007555498474895618,
            0.0040773443755600025,
            -0.029090806102676225,
            0.004002925490166287,
            -0.0031457838909168213,
            -0.011101210605687499,
            0.006894118301329932,
            0.01865877503843037,
            0.006793486213812129,
            0.005444530401043348,
            0.029680216821800765,
            0.0015046643635025167
        ],
        [
            -0.0004946876872113439,
            -0.02596937866353474,
            -0.012075607258021141,
            0.031892612082671745,
            0.0021688034147278636,
            0.04226566172288653,
            0.0244701985500634,
            -0.0014171550346311085,
            -0.02459506082812391,
            0.0016772922938794303,
            0.03719632425615921,
            0.17891956929763528,
            0.04361466668504531,
            0.2508494456145332,
            0.01865877503843037,
            0.5421832678959636,
            0.3325444533590972,
            0.033969199426444545,
            0.181745506989996,
            0.006370159394559293
        ],
        [
            -0.02478662128240108,
            -0.027109471709414485,
            -0.005713403294051094,
            0.021382555822014815,
            0.0006191712325686263,
            0.024116401716372,
            0.023956846777686138,
            0.0070663137735811465,
            0.035980343675810156,
            -0.006236861418221041,
            0.11450728003797837,
            0.13868975460580965,
            0.02436816790918731,
            0.1446092566360632,
            0.006793486213812129,
            0.3325444533590972,
            0.22054002554264984,
            0.010623382393823277,
            0.05408008986298693,
            0.001321993315071107
        ],
        [
            -3.196320190184809e-05,
            -0.002693415446417407,
            -0.005677399762438199,
            0.01438250875013501,
            0.0006355292321008478,
            0.014447594341074656,
            -0.006815213692299039,
            -0.009782799809763426,
            -0.026102195597680077,
            0.0054849181972057934,
            -0.05964038111753445,
            -0.007290700784540022,
            0.002854863208578954,
            0.015844610853280032,
            0.005444530401043348,
            0.033969199426444545,
            0.010623382393823277,
            0.009186713118397421,
            0.051208549449436334,
            0.0022855695127538215
        ],
        [
            -0.011041970160043683,
            -0.022501999691122675,
            -0.03112871265454529,
            0.07875728868050871,
            0.0034619356034181654,
            0.07099789425273538,
            -0.045322302410476065,
            -0.0558325545248533,
            -0.14305238188970457,
            0.0308561977586253,
            -0.33893583654662046,
            -0.046822459384909886,
            0.016106886172141125,
            0.0882402818540822,
            0.029680216821800765,
            0.181745506989996,
            0.05408008986298693,
            0.051208549449436334,
            0.28594067507151005,
            0.012788023794469383
        ],
        [
            -0.0017798587818411925,
            -0.00146301820497473,
            -0.0019209841956133063,
            0.005356835809087686,
            0.0001619180100105333,
            0.005134754040169217,
            -0.0020548628463829496,
            -0.0030953090320534047,
            -0.0056560358781178426,
            0.0015016005289927284,
            -0.015915962106931667,
            -0.0026061084048755005,
            0.0003445853828177826,
            0.002154076124102201,
            0.0015046643635025167,
            0.006370159394559293,
            0.001321993315071107,
            0.0022855695127538215,
            0.012788023794469383,
            0.0005907004047957648
        ]
    ]
}