{
    "opt_E": -2.1691897744293125,
    "HF_E": -2.1389267208027736,
    "B3LYP_E": -2.1404760406731036,
    "sto-3G_E": -2.1178341455922247,
    "proj": [
        [
            0.5654915819814269,
            0.3633732045867718,
            -0.009920594079588042,
            -0.1836076434468588,
            -0.023045517724003425,
            0.00012842117497408837,
            0.16655230283220704,
            0.009408074657086929,
            -0.2054962836722888,
            -0.04261414458397014,
            0.04207229779862634,
            0.02623555123852052,
            0.010359958695956384,
            0.05296200807032968,
            -0.00410910112575298,
            -0.00019070199518731397,
            -0.02941717410525758,
            0.013549915811301159,
            -0.03193528208703375,
            -0.00040137830275747754
        ],
        [
            0.3633732045867718,
            0.2514974594186669,
            -0.004589126973355653,
            -0.06608026344224383,
            -0.007557090257470173,
            0.08988836922703634,
            0.13767599700744193,
            0.0011664896409205854,
            -0.13539577121459742,
            -0.021659827937243192,
            0.03054053571402342,
            0.024036314682537994,
            -0.00414052853562951,
            -0.029866688104375788,
            0.0021917981505620737,
            -0.033952143994907875,
            -0.037070185730947634,
            0.007928515382031669,
            -0.03017005478196335,
            0.00017816418004281534
        ],
        [
            -0.009920594079588042,
            -0.004589126973355653,
            0.00037767842301770864,
            0.00926072146386326,
            0.001267830013732189,
            0.010053024257678969,
            0.00032140536328923087,
            -0.0012298480849449829,
            0.0016413261779131883,
            0.001534732908981139,
            -0.002583881309243489,
            0.0006816564656881014,
            -0.002293511307430989,
            -0.006571432837127786,
            0.0006232332192437002,
            -0.0009704797213640413,
            2.899661755744264e-06,
            -0.0010706247819146292,
            0.002213401369186411,
            -2.9693555215167077e-06
        ],
        [
            -0.1836076434468588,
            -0.06608026344224383,
            0.00926072146386326,
            0.24280015670716198,
            0.03361325250323388,
            0.30967385330728453,
            0.05087360384208542,
            -0.032088912221106006,
            0.017488441396441214,
            0.03619396272449593,
            -0.042848674608279555,
            0.04605056651545148,
            -0.07088806745084757,
            -0.17040998973885518,
            0.017730244354551002,
            0.011899346395813314,
            0.02222858999212463,
            -0.02858705607560677,
            0.06028221034057039,
            -0.00034347462221569273
        ],
        [
            -0.023045517724003425,
            -0.007557090257470173,
            0.001267830013732189,
            0.03361325250323388,
            0.0046841003986102785,
            0.043690607973044755,
            0.007684211702765677,
            -0.0050315445625285235,
            -0.0002524179670517263,
            0.005076780414960418,
            -0.00863092161268897,
            0.006193623966990396,
            -0.01058068181233426,
            -0.02331413060739116,
            0.002509881700561419,
            0.0024051036300025727,
            0.003166541344765484,
            -0.00461471488221647,
            0.010566810843621162,
            -9.152936849768785e-05
        ],
        [
            0.00012842117497408837,
            0.08988836922703634,
            0.010053024257678969,
            0.30967385330728453,
            0.043690607973044755,
            0.5394029763010103,
            0.1950510794084194,
            -0.033903355630279935,
            -0.03520404068575841,
            0.032845934754219236,
            0.04020382218929106,
            0.12073581769016553,
            -0.10370078919772957,
            -0.26262805880810147,
            0.027382434918222336,
            0.03435933130657869,
            0.03932677994433258,
            -0.02476010730249449,
            0.030598034874148663,
            7.403073620774865e-05
        ],
        [
            0.16655230283220704,
            0.13767599700744193,
            0.00032140536328923087,
            0.05087360384208542,
            0.007684211702765677,
            0.1950510794084194,
            0.1293939001969437,
            0.002444017468023297,
            -0.03708885939812029,
            -0.005269935737547737,
            0.09545193632638889,
            0.0761664011502897,
            -0.027130571838129492,
            -0.06711821984829631,
            0.007702188544097398,
            0.04041993739535547,
            0.02947465617751048,
            0.00631736165249865,
            -0.0331665959073031,
            0.00037926552885818326
        ],
        [
            0.009408074657086929,
            0.0011664896409205854,
            -0.0012298480849449829,
            -0.032088912221106006,
            -0.0050315445625285235,
            -0.033903355630279935,
            0.002444017468023297,
            0.020005504677465816,
            0.05266967910358634,
            -0.00900207073483787,
            0.09164525161385023,
            0.013794269245080154,
            0.024105378029237963,
            0.01264885966812993,
            -0.0028883026074642023,
            -0.005712214244976106,
            0.003856011906291643,
            0.021396600133675194,
            -0.06784718099925745,
            0.001117870092434539
        ],
        [
            -0.2054962836722888,
            -0.13539577121459742,
            0.0016413261779131883,
            0.017488441396441214,
            -0.0002524179670517263,
            -0.03520404068575841,
            -0.03708885939812029,
            0.05266967910358634,
            0.24081933183578455,
            -0.005563886134145335,
            0.2659118225709631,
            0.04548811127809315,
            0.05628406647212446,
            -0.01770932631299467,
            -0.003613934092856222,
            -0.015260355643870498,
            0.027400691575460226,
            0.056482430464624464,
            -0.18993778006297696,
            0.003596733273154331
        ],
        [
            -0.04261414458397014,
            -0.021659827937243192,
            0.001534732908981139,
            0.03619396272449593,
            0.005076780414960418,
            0.032845934754219236,
            -0.005269935737547737,
            -0.00900207073483787,
            -0.005563886134145335,
            0.007492119352309824,
            -0.03482929390014046,
            -0.004380203003502503,
            -0.012229172874113948,
            -0.02177915764860674,
            0.002419310147321748,
            -0.0034660547054394435,
            -0.0021140454751772115,
            -0.008991856656347361,
            0.02519310097910861,
            -0.0002972485493340134
        ],
        [
            0.04207229779862634,
            0.03054053571402342,
            -0.002583881309243489,
            -0.042848674608279555,
            -0.00863092161268897,
            0.04020382218929106,
            0.09545193632638889,
            0.09164525161385023,
            0.2659118225709631,
            -0.03482929390014046,
            0.516562545036885,
            0.15458757342315757,
            0.07122108560835566,
            0.007199300780408652,
            -0.004829729525877801,
            0.07821991748162158,
            0.09663876712411983,
            0.09665994230143013,
            -0.31652241242366114,
            0.005034554546875436
        ],
        [
            0.02623555123852052,
            0.024036314682537994,
            0.0006816564656881014,
            0.04605056651545148,
            0.006193623966990396,
            0.12073581769016553,
            0.0761664011502897,
            0.013794269245080154,
            0.04548811127809315,
            -0.004380203003502503,
            0.15458757342315757,
            0.11639703043582944,
            -0.0283428359897047,
            0.02960339758795481,
            0.003169515191029682,
            0.18409630287640438,
            0.13015894010980134,
            0.006830461773519052,
            -0.01730591020753295,
            -0.0003858347408486979
        ],
        [
            0.010359958695956384,
            -0.00414052853562951,
            -0.002293511307430989,
            -0.07088806745084757,
            -0.01058068181233426,
            -0.10370078919772957,
            -0.027130571838129492,
            0.024105378029237963,
            0.05628406647212446,
            -0.012229172874113948,
            0.07122108560835566,
            -0.0283428359897047,
            0.04807228401213199,
            0.008972894322900833,
            -0.005812256255307174,
            -0.08474349321885725,
            -0.04878825270420787,
            0.02901803749416071,
            -0.09332206920041554,
            0.0017986436975120645
        ],
        [
            0.05296200807032968,
            -0.029866688104375788,
            -0.006571432837127786,
            -0.17040998973885518,
            -0.02331413060739116,
            -0.26262805880810147,
            -0.06711821984829631,
            0.01264885966812993,
            -0.01770932631299467,
            -0.02177915764860674,
            0.007199300780408652,
            0.02960339758795481,
            0.008972894322900833,
            0.26628078677314454,
            -0.015546482487320157,
            0.24498890241978635,
            0.14182773095331938,
            -0.00844750733006105,
            0.07849299077239849,
            -0.002857638805247662
        ],
        [
            -0.00410910112575298,
            0.0021917981505620737,
            0.0006232332192437002,
            0.017730244354551002,
            0.002509881700561419,
            0.027382434918222336,
            0.007702188544097398,
            -0.0028883026074642023,
            -0.003613934092856222,
            0.002419310147321748,
            -0.004829729525877801,
            0.003169515191029682,
            -0.005812256255307174,
            -0.015546482487320157,
            0.0015222178760687455,
            -0.00222204059304591,
            -0.0008708231073674815,
            -0.002306536806196421,
            0.004573970694280967,
            -2.3489959248905617e-05
        ],
        [
            -0.00019070199518731397,
            -0.033952143994907875,
            -0.0009704797213640413,
            0.011899346395813314,
            0.0024051036300025727,
            0.03435933130657869,
            0.04041993739535547,
            -0.005712214244976106,
            -0.015260355643870498,
            -0.0034660547054394435,
            0.07821991748162158,
            0.18409630287640438,
            -0.08474349321885725,
            0.24498890241978635,
            -0.00222204059304591,
            0.5174625518529963,
            0.3278169050701881,
            -0.03811742631325856,
            0.17071401974597655,
            -0.005118207739424212
        ],
        [
            -0.02941717410525758,
            -0.037070185730947634,
            2.899661755744264e-06,
            0.02222858999212463,
            0.003166541344765484,
            0.03932677994433258,
            0.02947465617751048,
            0.003856011906291643,
            0.027400691575460226,
            -0.0021140454751772115,
            0.09663876712411983,
            0.13015894010980134,
            -0.04878825270420787,
            0.14182773095331938,
            -0.0008708231073674815,
            0.3278169050701881,
            0.21440485913626042,
            -0.015662727690281483,
            0.07754617048085236,
            -0.0026479361477028634
        ],
        [
            0.013549915811301159,
            0.007928515382031669,
            -0.0010706247819146292,
            -0.02858705607560677,
            -0.00461471488221647,
            -0.02476010730249449,
            0.00631736165249865,
            0.021396600133675194,
            0.056482430464624464,
            -0.008991856656347361,
            0.09665994230143013,
            0.006830461773519052,
            0.02901803749416071,
            -0.00844750733006105,
            -0.002306536806196421,
            -0.03811742631325856,
            -0.015662727690281483,
            0.02524220807110636,
            -0.08442648084702424,
            0.0015473765445786335
        ],
        [
            -0.03193528208703375,
            -0.03017005478196335,
            0.002213401369186411,
            0.06028221034057039,
            0.010566810843621162,
            0.030598034874148663,
            -0.0331665959073031,
            -0.06784718099925745,
            -0.18993778006297696,
            0.02519310097910861,
            -0.31652241242366114,
            -0.01730591020753295,
            -0.09332206920041554,
            0.07849299077239849,
            0.004573970694280967,
            0.17071401974597655,
            0.07754617048085236,
            -0.08442648084702424,
            0.2919718435409029,
            -0.005622051503296578
        ],
        [
            -0.00040137830275747754,
            0.00017816418004281534,
            -2.9693555215167077e-06,
            -0.00034347462221569273,
            -9.152936849768785e-05,
            7.403073620774865e-05,
            0.00037926552885818326,
            0.001117870092434539,
            0.003596733273154331,
            -0.0002972485493340134,
            0.005034554546875436,
            -0.0003858347408486979,
            0.0017986436975120645,
            -0.002857638805247662,
            -2.3489959248905617e-05,
            -0.005118207739424212,
            -0.0026479361477028634,
            0.0015473765445786335,
            -0.005622051503296578,
            0.00011886397227789364
        ]
    ]
}