{
    "opt_E": -2.1667528386249266,
    "HF_E": -2.137275389359662,
    "B3LYP_E": -2.1393881634822693,
    "sto-3G_E": -2.120568068105746,
    "proj": [
        [
            0.569923486762856,
            0.36685101405817505,
            0.008901719790216981,
            -0.17551894451414016,
            -0.04257818064337372,
            -0.0039968803168076075,
            0.16696550388052256,
            0.019228661719930443,
            -0.19265279869269483,
            -0.0671222663109383,
            0.04171047678311903,
            0.0260969838813339,
            0.002988055765748784,
            0.05792038756272227,
            0.0015305535473868236,
            0.0005288073290942682,
            -0.027669856237605567,
            -0.004332780616097576,
            -0.035362333911802386,
            0.011237216391610561
        ],
        [
            0.36685101405817505,
            0.2532842542636163,
            0.002988195225679782,
            -0.06643755726178326,
            -0.015316409701692266,
            0.08304679960213225,
            0.13832122619227746,
            0.009369393923560714,
            -0.12677259774882957,
            -0.036456136473916996,
            0.03403917273303968,
            0.023204556096722968,
            -0.0028358400292998716,
            -0.028458872205398632,
            0.0051017417007758305,
            -0.03465883904597034,
            -0.03747048771309607,
            -0.0038132954484278196,
            -0.03371727630859115,
            0.00887590357710444
        ],
        [
            0.008901719790216981,
            0.002988195225679782,
            0.0007765081738870907,
            -0.013139487024537719,
            -0.003422408670698473,
            -0.01796873490652755,
            -0.0032569746683620833,
            0.0011566131213232187,
            0.001929672085628523,
            -0.002402803184051047,
            0.004077821407582955,
            -0.002310452023756871,
            0.00021848284375592322,
            0.009792068843588297,
            0.0014366272528690959,
            -0.0017426068935874508,
            -0.001290613185085742,
            -0.0007689258156870359,
            -0.005486603923186124,
            0.0019231800624688045
        ],
        [
            -0.17551894451414016,
            -0.06643755726178326,
            -0.013139487024537719,
            0.22517205300864745,
            0.05824906287596115,
            0.30120285745754566,
            0.05069292652175485,
            -0.019066717928527245,
            -0.005447958592981405,
            0.042958149138677466,
            -0.042621196901019794,
            0.04384176030673185,
            -0.004915410246421051,
            -0.1687755048761522,
            -0.020073441054050588,
            0.02650880574612401,
            0.02436575370326247,
            0.010470185401517394,
            0.07337786071458853,
            -0.0266516572353144
        ],
        [
            -0.04257818064337372,
            -0.015316409701692266,
            -0.003422408670698473,
            0.05824906287596115,
            0.015125304823147915,
            0.07857538896682173,
            0.01354971401421697,
            -0.005057359942148318,
            -0.005308727935017769,
            0.010902120296237224,
            -0.015294409652220339,
            0.010427635852451591,
            -0.0011242391929879333,
            -0.043650727204548594,
            -0.005786963342596887,
            0.006839012112645161,
            0.00566032118041711,
            0.0030980316269914473,
            0.021953887643307437,
            -0.007803331459669933
        ],
        [
            -0.0039968803168076075,
            0.08304679960213225,
            -0.01796873490652755,
            0.30120285745754566,
            0.07857538896682173,
            0.544512034759044,
            0.197874716988646,
            -0.019802245147565976,
            -0.054798484941648566,
            0.039333275189889626,
            0.042593282780542106,
            0.119674817404277,
            -0.010340124337278244,
            -0.2754456979634648,
            -0.0234423018443164,
            0.05080906767999283,
            0.041229083640923626,
            0.00806147525860891,
            0.04782890129109282,
            -0.022186921440855066
        ],
        [
            0.16696550388052256,
            0.13832122619227746,
            -0.0032569746683620833,
            0.05069292652175485,
            0.01354971401421697,
            0.197874716988646,
            0.13184814023062058,
            0.0014776672975275143,
            -0.034185339171098554,
            -0.006842311475129688,
            0.09858416651574986,
            0.07458098259567422,
            -0.004044013102684108,
            -0.07650820825974047,
            -0.001961675171045648,
            0.035490417243628225,
            0.02498128084650132,
            -0.0037849460982553617,
            -0.03465022375779515,
            0.008030125889043328
        ],
        [
            0.019228661719930443,
            0.009369393923560714,
            0.0011566131213232187,
            -0.019066717928527245,
            -0.005057359942148318,
            -0.019802245147565976,
            0.0014776672975275143,
            0.002277642118943443,
            0.008770276680165555,
            -0.0040470619467270425,
            0.021164154483192126,
            0.0027651177196652728,
            -5.9743227608745504e-05,
            0.012668777500721328,
            0.003218692002037542,
            0.000651036170379451,
            0.0014636922131689056,
            -0.002214459750516657,
            -0.01656529675531516,
            0.0053438118295865075
        ],
        [
            -0.19265279869269483,
            -0.12677259774882957,
            0.001929672085628523,
            -0.005447958592981405,
            -0.005308727935017769,
            -0.054798484941648566,
            -0.034185339171098554,
            0.008770276680165555,
            0.2682020426608549,
            0.014109132444053448,
            0.28664984285042744,
            0.05127050996044346,
            -0.01169965595708949,
            -0.009682198935111876,
            0.045346489071097514,
            -0.02673303234048815,
            0.026198730256597916,
            -0.0277955466510898,
            -0.21241597134632234,
            0.06477914012934535
        ],
        [
            -0.0671222663109383,
            -0.036456136473916996,
            -0.002402803184051047,
            0.042958149138677466,
            0.010902120296237224,
            0.039333275189889626,
            -0.006842311475129688,
            -0.0040470619467270425,
            0.014109132444053448,
            0.010958515227627997,
            -0.010914013035235466,
            0.0005356819077449923,
            -0.001434005945364411,
            -0.03090648584099219,
            -0.0014199509545194994,
            -0.005368475784308546,
            -0.0002598489602626391,
            0.0014277966084600834,
            0.010044176374448764,
            -0.0037519352629401172
        ],
        [
            0.04171047678311903,
            0.03403917273303968,
            0.004077821407582955,
            -0.042621196901019794,
            -0.015294409652220339,
            0.042593282780542106,
            0.09858416651574986,
            0.021164154483192126,
            0.28664984285042744,
            -0.010914013035235466,
            0.5012964708280575,
            0.16088546925427508,
            -0.011687097931031693,
            0.010006137178746799,
            0.04895890905083497,
            0.0791950578566062,
            0.10215706785334613,
            -0.04005442575737098,
            -0.30845258327981306,
            0.09376291353713295
        ],
        [
            0.0260969838813339,
            0.023204556096722968,
            -0.002310452023756871,
            0.04384176030673185,
            0.010427635852451591,
            0.119674817404277,
            0.07458098259567422,
            0.0027651177196652728,
            0.05127050996044346,
            0.0005356819077449923,
            0.16088546925427508,
            0.11569836197304285,
            0.005186680860956066,
            0.027263996046554436,
            -0.0162456439648015,
            0.18091068666634907,
            0.12772608167342211,
            -0.0029454165096480453,
            -0.022714782842313628,
            0.007074090311114089
        ],
        [
            0.002988055765748784,
            -0.0028358400292998716,
            0.00021848284375592322,
            -0.004915410246421051,
            -0.0011242391929879333,
            -0.010340124337278244,
            -0.004044013102684108,
            -5.9743227608745504e-05,
            -0.01169965595708949,
            -0.001434005945364411,
            -0.011687097931031693,
            0.005186680860956066,
            0.0031133531983538994,
            0.024011007761091913,
            -0.0072661561285100595,
            0.03389770481268963,
            0.019053313834588408,
            0.002640229137650732,
            0.02126330766573587,
            -0.00591651040309849
        ],
        [
            0.05792038756272227,
            -0.028458872205398632,
            0.009792068843588297,
            -0.1687755048761522,
            -0.043650727204548594,
            -0.2754456979634648,
            -0.07650820825974047,
            0.012668777500721328,
            -0.009682198935111876,
            -0.03090648584099219,
            0.010006137178746799,
            0.027263996046554436,
            0.024011007761091913,
            0.2839631752598606,
            -0.032600078896946036,
            0.24172435469717365,
            0.14221591388440138,
            0.007022118482493499,
            0.06619015364720408,
            -0.013208311107718711
        ],
        [
            0.0015305535473868236,
            0.0051017417007758305,
            0.0014366272528690959,
            -0.020073441054050588,
            -0.005786963342596887,
            -0.0234423018443164,
            -0.001961675171045648,
            0.003218692002037542,
            0.045346489071097514,
            -0.0014199509545194994,
            0.04895890905083497,
            -0.0162456439648015,
            -0.0072661561285100595,
            -0.032600078896946036,
            0.022531815747912475,
            -0.08513121288282494,
            -0.046663398811798075,
            -0.009230922167632591,
            -0.07208335202909635,
            0.0212772916336787
        ],
        [
            0.0005288073290942682,
            -0.03465883904597034,
            -0.0017426068935874508,
            0.02650880574612401,
            0.006839012112645161,
            0.05080906767999283,
            0.035490417243628225,
            0.000651036170379451,
            -0.02673303234048815,
            -0.005368475784308546,
            0.0791950578566062,
            0.18091068666634907,
            0.03389770481268963,
            0.24172435469717365,
            -0.08513121288282494,
            0.5194105554542109,
            0.3254041446583618,
            0.020921511133275686,
            0.1696117452495865,
            -0.04650670111202048
        ],
        [
            -0.027669856237605567,
            -0.03747048771309607,
            -0.001290613185085742,
            0.02436575370326247,
            0.00566032118041711,
            0.041229083640923626,
            0.02498128084650132,
            0.0014636922131689056,
            0.026198730256597916,
            -0.0002598489602626391,
            0.10215706785334613,
            0.12772608167342211,
            0.019053313834588408,
            0.14221591388440138,
            -0.046663398811798075,
            0.3254041446583618,
            0.21141774370563607,
            0.008590173835352754,
            0.07129837535675371,
            -0.01870160490241627
        ],
        [
            -0.004332780616097576,
            -0.0038132954484278196,
            -0.0007689258156870359,
            0.010470185401517394,
            0.0030980316269914473,
            0.00806147525860891,
            -0.0037849460982553617,
            -0.002214459750516657,
            -0.0277955466510898,
            0.0014277966084600834,
            -0.04005442575737098,
            -0.0029454165096480453,
            0.002640229137650732,
            0.007022118482493499,
            -0.009230922167632591,
            0.020921511133275686,
            0.008590173835352754,
            0.004819826192616878,
            0.037321742070651254,
            -0.011210836312293398
        ],
        [
            -0.035362333911802386,
            -0.03371727630859115,
            -0.005486603923186124,
            0.07337786071458853,
            0.021953887643307437,
            0.04782890129109282,
            -0.03465022375779515,
            -0.01656529675531516,
            -0.21241597134632234,
            0.010044176374448764,
            -0.30845258327981306,
            -0.022714782842313628,
            0.02126330766573587,
            0.06619015364720408,
            -0.07208335202909635,
            0.1696117452495865,
            0.07129837535675371,
            0.037321742070651254,
            0.28955628580197107,
            -0.08667686767931604
        ],
        [
            0.011237216391610561,
            0.00887590357710444,
            0.0019231800624688045,
            -0.0266516572353144,
            -0.007803331459669933,
            -0.022186921440855066,
            0.008030125889043328,
            0.0053438118295865075,
            0.06477914012934535,
            -0.0037519352629401172,
            0.09376291353713295,
            0.007074090311114089,
            -0.00591651040309849,
            -0.013208311107718711,
            0.0212772916336787,
            -0.04650670111202048,
            -0.01870160490241627,
            -0.011210836312293398,
            -0.08667686767931604,
            0.02611242980909085
        ]
    ]
}