{
    "opt_E": -2.2126181317409093,
    "HF_E": -2.1810620260247364,
    "B3LYP_E": -2.1835447423936043,
    "sto-3G_E": -2.161905056625034,
    "proj": [
        [
            0.5828576210627628,
            0.3544980498064229,
            -0.06513577745778117,
            -0.15809099353969794,
            0.02681084892177654,
            -0.010098734878615661,
            0.1597460464230175,
            -0.10852970206132603,
            -0.2105057208337832,
            0.05171362212559157,
            0.014575951456755836,
            0.03314414539416036,
            -0.010403212186669938,
            0.0308937042447217,
            0.007042066854315229,
            0.00018105546285275952,
            -0.025570704480861635,
            -0.003080819397995834,
            -0.003990404720998764,
            0.004745207957054673
        ],
        [
            0.3544980498064229,
            0.2386989482995129,
            -0.015712733413328486,
            -0.04300380564161077,
            0.005714855520498135,
            0.10736651582275938,
            0.13961033807350845,
            -0.05212545208803762,
            -0.1253461232305343,
            0.02287448195448573,
            0.011336576267266732,
            0.03040017568128106,
            0.0025335614623981117,
            -0.03446032038759247,
            -0.007256473564434925,
            -0.02608530907043177,
            -0.03041962474897463,
            -0.0008240416844307181,
            -0.006828976949261866,
            0.0010281715348213604
        ],
        [
            -0.06513577745778117,
            -0.015712733413328486,
            0.03494039866152379,
            0.07733354685384844,
            -0.015438100342184995,
            0.1269965286015957,
            0.02690399237591,
            0.03072385282052997,
            0.014565986051051534,
            -0.01975287805589392,
            -0.026714256519993543,
            0.0059958171302498435,
            0.01659399705605633,
            -0.051068936258942155,
            -0.02281982393343858,
            0.0036051589944848593,
            0.0014540764573270737,
            0.006843404582338345,
            0.01644249533808498,
            -0.011265474371117813
        ],
        [
            -0.15809099353969794,
            -0.04300380564161077,
            0.07733354685384844,
            0.17347614008710951,
            -0.033935306482412816,
            0.28051394155045406,
            0.06013510550645589,
            0.06668637394692473,
            0.0504883638651783,
            -0.04008185670769173,
            -0.025306293555990535,
            0.0241103565363707,
            0.0336562021765139,
            -0.11506384794967475,
            -0.04513801723741071,
            0.0026992512626986707,
            0.006939202912253675,
            0.010703269157278528,
            0.019628116579624575,
            -0.017724082528875095
        ],
        [
            0.02681084892177654,
            0.005714855520498135,
            -0.015438100342184995,
            -0.033935306482412816,
            0.006845817903949896,
            -0.05650798808208039,
            -0.012170313149355856,
            -0.013617284670898861,
            -0.004485292368843986,
            0.00904135146748124,
            0.014929725010348758,
            -0.0018200029764512782,
            -0.007675214302227264,
            0.022364285054581445,
            0.010678205607962687,
            -0.0023995423524407864,
            -0.0004660429528105619,
            -0.0034607415724062134,
            -0.008908507796088169,
            0.005687827014637471
        ],
        [
            -0.010098734878615661,
            0.10736651582275938,
            0.1269965286015957,
            0.28051394155045406,
            -0.05650798808208039,
            0.5939399683593882,
            0.22477708304088417,
            0.0769154098271886,
            0.005118494248701808,
            -0.05097667548359712,
            -0.004320637361619962,
            0.08783524620828145,
            0.06341515158472995,
            -0.22624085518283502,
            -0.08797589023515366,
            0.011498120897287748,
            0.0117227070368263,
            0.016385808285666565,
            0.022269722372819045,
            -0.027512242394456054
        ],
        [
            0.1597460464230175,
            0.13961033807350845,
            0.02690399237591,
            0.06013510550645589,
            -0.012170313149355856,
            0.22477708304088417,
            0.1452439983210721,
            -0.010513228595048777,
            -0.02526148745003846,
            0.00637572908621836,
            0.08928225049415123,
            0.08466498611367795,
            0.017601415040055732,
            -0.06697236959734587,
            -0.02517266802914134,
            0.03349880278625785,
            0.03159608182564133,
            -0.0035098459933603464,
            -0.024654629724683685,
            0.005215369233658215
        ],
        [
            -0.10852970206132603,
            -0.05212545208803762,
            0.03072385282052997,
            0.06668637394692473,
            -0.013617284670898861,
            0.0769154098271886,
            -0.010513228595048777,
            0.03707502653557524,
            0.013912464597730932,
            -0.025185016861580325,
            -0.06972287759078052,
            -0.019670437982796996,
            0.015547517202786494,
            -0.0334558667821347,
            -0.021863090222054224,
            0.0052121678722156185,
            -0.0038987943530282257,
            0.011005725472286499,
            0.03467660090508018,
            -0.017908689842178326
        ],
        [
            -0.2105057208337832,
            -0.1253461232305343,
            0.014565986051051534,
            0.0504883638651783,
            -0.004485292368843986,
            0.005118494248701808,
            -0.02526148745003846,
            0.013912464597730932,
            0.16436894316450387,
            0.013275710344997894,
            0.22354533341781652,
            0.06845582918546911,
            -0.017184526658778204,
            -0.02053853688649481,
            0.032615974097379354,
            -0.029913236931812647,
            0.033521090080801605,
            -0.02863528137815509,
            -0.1098707034242188,
            0.04650061404719689
        ],
        [
            0.05171362212559157,
            0.02287448195448573,
            -0.01975287805589392,
            -0.04008185670769173,
            0.00904135146748124,
            -0.05097667548359712,
            0.00637572908621836,
            -0.025185016861580325,
            0.013275710344997894,
            0.02047108807130483,
            0.08444741275998072,
            0.023788562286879856,
            -0.01416350702281199,
            0.017660763533838275,
            0.02127836232870772,
            -0.014358461842391932,
            0.003949421989819699,
            -0.012584344142174795,
            -0.04318551031023008,
            0.02045846518571779
        ],
        [
            0.014575951456755836,
            0.011336576267266732,
            -0.026714256519993543,
            -0.025306293555990535,
            0.014929725010348758,
            -0.004320637361619962,
            0.08928225049415123,
            -0.06972287759078052,
            0.22354533341781652,
            0.08444741275998072,
            0.5997760932158511,
            0.22782791509918154,
            -0.049387126466726515,
            0.0016077843329096537,
            0.08277709602534362,
            -0.01554751392991472,
            0.10181384937279904,
            -0.07451564435133846,
            -0.27611409044705276,
            0.12071872976337152
        ],
        [
            0.03314414539416036,
            0.03040017568128106,
            0.0059958171302498435,
            0.0241103565363707,
            -0.0018200029764512782,
            0.08783524620828145,
            0.08466498611367795,
            -0.019670437982796996,
            0.06845582918546911,
            0.023788562286879856,
            0.22782791509918154,
            0.14682087053024637,
            0.007358567382771715,
            0.025893468739704675,
            -0.009179727242285097,
            0.1584805799098647,
            0.14014793438355957,
            -0.016376214436981135,
            -0.060596537403241044,
            0.026208933718531266
        ],
        [
            -0.010403212186669938,
            0.0025335614623981117,
            0.01659399705605633,
            0.0336562021765139,
            -0.007675214302227264,
            0.06341515158472995,
            0.017601415040055732,
            0.015547517202786494,
            -0.017184526658778204,
            -0.01416350702281199,
            -0.049387126466726515,
            0.007358567382771715,
            0.01726843111846348,
            -0.002748455104745861,
            -0.02652032104335372,
            0.06354288079473587,
            0.03124637932285959,
            0.011433901017380732,
            0.040270221882823726,
            -0.0186834316271685
        ],
        [
            0.0308937042447217,
            -0.03446032038759247,
            -0.051068936258942155,
            -0.11506384794967475,
            0.022364285054581445,
            -0.22624085518283502,
            -0.06697236959734587,
            -0.0334558667821347,
            -0.02053853688649481,
            0.017660763533838275,
            0.0016077843329096537,
            0.025893468739704675,
            -0.002748455104745861,
            0.16165859926576462,
            -0.001687387794664678,
            0.2037325866169233,
            0.1234419520735706,
            0.0059878329773999685,
            0.0442332135879375,
            -0.009552574866627282
        ],
        [
            0.007042066854315229,
            -0.007256473564434925,
            -0.02281982393343858,
            -0.04513801723741071,
            0.010678205607962687,
            -0.08797589023515366,
            -0.02517266802914134,
            -0.021863090222054224,
            0.032615974097379354,
            0.02127836232870772,
            0.08277709602534362,
            -0.009179727242285097,
            -0.02652032104335372,
            -0.001687387794664678,
            0.041146320282458945,
            -0.10294051856284331,
            -0.0495029838146947,
            -0.01846794085872486,
            -0.06610951942568166,
            0.030158579254137542
        ],
        [
            0.00018105546285275952,
            -0.02608530907043177,
            0.0036051589944848593,
            0.0026992512626986707,
            -0.0023995423524407864,
            0.011498120897287748,
            0.03349880278625785,
            0.0052121678722156185,
            -0.029913236931812647,
            -0.014358461842391932,
            -0.01554751392991472,
            0.1584805799098647,
            0.06354288079473587,
            0.2037325866169233,
            -0.10294051856284331,
            0.5839381863383902,
            0.35977793090100313,
            0.0366352366030639,
            0.15488542345665438,
            -0.059952685862852684
        ],
        [
            -0.025570704480861635,
            -0.03041962474897463,
            0.0014540764573270737,
            0.006939202912253675,
            -0.0004660429528105619,
            0.0117227070368263,
            0.03159608182564133,
            -0.0038987943530282257,
            0.033521090080801605,
            0.003949421989819699,
            0.10181384937279904,
            0.14014793438355957,
            0.03124637932285959,
            0.1234419520735706,
            -0.0495029838146947,
            0.35977793090100313,
            0.24379454230980982,
            0.00909269081488396,
            0.04489666022074669,
            -0.01510037543687901
        ],
        [
            -0.003080819397995834,
            -0.0008240416844307181,
            0.006843404582338345,
            0.010703269157278528,
            -0.0034607415724062134,
            0.016385808285666565,
            -0.0035098459933603464,
            0.011005725472286499,
            -0.02863528137815509,
            -0.012584344142174795,
            -0.07451564435133846,
            -0.016376214436981135,
            0.011433901017380732,
            0.0059878329773999685,
            -0.01846794085872486,
            0.0366352366030639,
            0.00909269081488396,
            0.011711235176220487,
            0.04352919870041739,
            -0.019032459841188565
        ],
        [
            -0.003990404720998764,
            -0.006828976949261866,
            0.01644249533808498,
            0.019628116579624575,
            -0.008908507796088169,
            0.022269722372819045,
            -0.024654629724683685,
            0.03467660090508018,
            -0.1098707034242188,
            -0.04318551031023008,
            -0.27611409044705276,
            -0.060596537403241044,
            0.040270221882823726,
            0.0442332135879375,
            -0.06610951942568166,
            0.15488542345665438,
            0.04489666022074669,
            0.04352919870041739,
            0.16503528794125732,
            -0.07070093444502022
        ],
        [
            0.004745207957054673,
            0.0010281715348213604,
            -0.011265474371117813,
            -0.017724082528875095,
            0.005687827014637471,
            -0.027512242394456054,
            0.005215369233658215,
            -0.017908689842178326,
            0.04650061404719689,
            0.02045846518571779,
            0.12071872976337152,
            0.026208933718531266,
            -0.0186834316271685,
            -0.009552574866627282,
            0.030158579254137542,
            -0.059952685862852684,
            -0.01510037543687901,
            -0.019032459841188565,
            -0.07070093444502022,
            0.030932483354834662
        ]
    ]
}