{
    "opt_E": -2.200050596378841,
    "HF_E": -2.16882543293579,
    "B3LYP_E": -2.1708455219342926,
    "sto-3G_E": -2.1559640480892113,
    "proj": [
        [
            0.5612412300319586,
            0.35429330310171925,
            -0.019894742514918975,
            -0.17255374347328054,
            -0.03731445371235224,
            0.009374316068098453,
            0.17392483830228078,
            -0.030276985145717486,
            -0.21635156258974575,
            -0.07047975890182852,
            0.038675557865724394,
            0.026302667923855782,
            0.004143694345193062,
            0.0479759766529632,
            -2.1076545877174103e-05,
            -0.0011022771240067988,
            -0.0314407930549465,
            -0.005379263369262078,
            -0.023747502417093655,
            -0.006623632868830753
        ],
        [
            0.35429330310171925,
            0.24014142956382087,
            -0.0065227148377745205,
            -0.06000981726649249,
            -0.011402288908930835,
            0.09473818755692785,
            0.13924379372739792,
            -0.017563669462123677,
            -0.1341296691980172,
            -0.03724824787197504,
            0.029296054170248345,
            0.024748446662452725,
            -0.0012919291306121797,
            -0.028198675260121753,
            0.003244666501477737,
            -0.03139555107039506,
            -0.037539739531401176,
            -0.004053679563772705,
            -0.020364047092236118,
            -0.004588644514089357
        ],
        [
            -0.019894742514918975,
            -0.0065227148377745205,
            0.0034778853036011273,
            0.028329871804277564,
            0.0069365748699902465,
            0.0387324349305408,
            0.005804873299480371,
            0.001490342975477057,
            0.003165300576891854,
            0.006145424885086727,
            -0.0069074453241261035,
            0.005231480745249162,
            3.886122419073159e-06,
            -0.020117949133467115,
            0.003657821790357026,
            0.0036672416467226987,
            0.0028590126458652556,
            0.0017607581558950125,
            0.008460553316765531,
            0.0018287055912679338
        ],
        [
            -0.17255374347328054,
            -0.06000981726649249,
            0.028329871804277564,
            0.231107699205088,
            0.05643455116270365,
            0.31081781771759776,
            0.04315123192380467,
            0.012767217896154934,
            0.0327996741208803,
            0.05072500992366013,
            -0.05272840667059168,
            0.040749712503951964,
            -0.0007701826098129873,
            -0.16526563523621055,
            0.028511509442907913,
            0.023292432057048108,
            0.020369729461941943,
            0.013496347229319654,
            0.0643926215820435,
            0.014101355579128902
        ],
        [
            -0.03731445371235224,
            -0.011402288908930835,
            0.0069365748699902465,
            0.05643455116270365,
            0.013852293415647952,
            0.07820658690347018,
            0.01230887618864555,
            0.0028259522943188654,
            0.004423874428953097,
            0.012169998908140939,
            -0.015403061960668691,
            0.010220415397015166,
            0.00011077649300491243,
            -0.040297561144526685,
            0.007517773760923752,
            0.007599395274941192,
            0.005481097737531432,
            0.0037228580733329056,
            0.017971529869598348,
            0.00385295343623266
        ],
        [
            0.009374316068098453,
            0.09473818755692785,
            0.0387324349305408,
            0.31081781771759776,
            0.07820658690347018,
            0.564838333515908,
            0.19108296586246437,
            0.007075851864622099,
            -0.02174499620087278,
            0.04485800280902459,
            0.009774782021195635,
            0.11434352906117629,
            -0.002282372790423741,
            -0.26906723729900883,
            0.04538824077751527,
            0.04008219907145277,
            0.030810483370744015,
            0.011947132465715164,
            0.0545706439149966,
            0.012317533382396016
        ],
        [
            0.17392483830228078,
            0.13924379372739792,
            0.005804873299480371,
            0.04315123192380467,
            0.01230887618864555,
            0.19108296586246437,
            0.1335939457171703,
            -0.005395259509673706,
            -0.024754061347798773,
            -0.01394628141689942,
            0.11174574508357529,
            0.08109338811485532,
            -0.0018840085836822086,
            -0.06705804688019615,
            0.009714380592386749,
            0.027122099458148405,
            0.0245386709718109,
            -0.007607897666679321,
            -0.039934606501646874,
            -0.007953496023662961
        ],
        [
            -0.030276985145717486,
            -0.017563669462123677,
            0.001490342975477057,
            0.012767217896154934,
            0.0028259522943188654,
            0.007075851864622099,
            -0.005395259509673706,
            0.0019150214309321054,
            0.01642485662867069,
            0.003770623841787748,
            0.006984179385401487,
            0.0017287878208546055,
            -0.00098282141654937,
            -0.007867690240246758,
            -0.0004312415098063724,
            -0.0036065034891973506,
            0.000875389727748388,
            -0.0007915578198317276,
            -0.004481977335467576,
            -0.000699298694315366
        ],
        [
            -0.21635156258974575,
            -0.1341296691980172,
            0.003165300576891854,
            0.0327996741208803,
            0.004423874428953097,
            -0.02174499620087278,
            -0.024754061347798773,
            0.01642485662867069,
            0.23452347486858094,
            0.004360529612379007,
            0.2697632773497711,
            0.06422386753706254,
            -0.01639899217016006,
            -0.023350986437124154,
            -0.025761432837975932,
            -0.0446139260187496,
            0.027982360779385578,
            -0.03263064779576113,
            -0.17031490903517277,
            -0.031992508836771426
        ],
        [
            -0.07047975890182852,
            -0.03724824787197504,
            0.006145424885086727,
            0.05072500992366013,
            0.012169998908140939,
            0.04485800280902459,
            -0.01394628141689942,
            0.003770623841787748,
            0.004360529612379007,
            0.01586937955984402,
            -0.04661717698903703,
            -0.009116804016045229,
            0.0004219216320625008,
            -0.031137459171835778,
            0.006170068238454434,
            -0.0018537171846157699,
            -0.0033885400379229744,
            0.006085261098711477,
            0.030133551883421494,
            0.0063083246085733
        ],
        [
            0.038675557865724394,
            0.029296054170248345,
            -0.0069074453241261035,
            -0.05272840667059168,
            -0.015403061960668691,
            0.009774782021195635,
            0.11174574508357529,
            0.006984179385401487,
            0.2697632773497711,
            -0.04661717698903703,
            0.560835273220141,
            0.1867056116152979,
            -0.01939882893063322,
            0.01730428423564921,
            -0.03674165897326465,
            0.017950132936753953,
            0.09585330910005926,
            -0.061342450118286936,
            -0.3151965370341374,
            -0.06161518724046054
        ],
        [
            0.026302667923855782,
            0.024748446662452725,
            0.005231480745249162,
            0.040749712503951964,
            0.010220415397015166,
            0.11434352906117629,
            0.08109338811485532,
            0.0017287878208546055,
            0.06422386753706254,
            -0.009116804016045229,
            0.1867056116152979,
            0.13188507037337366,
            0.00820098371679554,
            0.024387207107792862,
            0.012807388065009178,
            0.17588161001333386,
            0.13829124461935438,
            -0.008393038362774687,
            -0.040412789255139796,
            -0.009266917232170331
        ],
        [
            0.004143694345193062,
            -0.0012919291306121797,
            3.886122419073159e-06,
            -0.0007701826098129873,
            0.00011077649300491243,
            -0.002282372790423741,
            -0.0018840085836822086,
            -0.00098282141654937,
            -0.01639899217016006,
            0.0004219216320625008,
            -0.01939882893063322,
            0.00820098371679554,
            0.005409531746873979,
            0.022941160055819754,
            0.006127224264437537,
            0.0500255712868884,
            0.02799841221018794,
            0.005039441157415027,
            0.02720144361716205,
            0.004774994990902806
        ],
        [
            0.0479759766529632,
            -0.028198675260121753,
            -0.020117949133467115,
            -0.16526563523621055,
            -0.040297561144526685,
            -0.26906723729900883,
            -0.06705804688019615,
            -0.007867690240246758,
            -0.023350986437124154,
            -0.031137459171835778,
            0.01730428423564921,
            0.024387207107792862,
            0.022941160055819754,
            0.23818686557415736,
            0.0006935841972747614,
            0.22149520971375275,
            0.135831038175471,
            0.0058410209822855885,
            0.039511392160890293,
            0.0043103012062835205
        ],
        [
            -2.1076545877174103e-05,
            0.003244666501477737,
            0.003657821790357026,
            0.028511509442907913,
            0.007517773760923752,
            0.04538824077751527,
            0.009714380592386749,
            -0.0004312415098063724,
            -0.025761432837975932,
            0.006170068238454434,
            -0.03674165897326465,
            0.012807388065009178,
            0.006127224264437537,
            0.0006935841972747614,
            0.0115033345142894,
            0.05634065463180903,
            0.029937993023993158,
            0.008254465562056758,
            0.04320051698011783,
            0.008020706807808043
        ],
        [
            -0.0011022771240067988,
            -0.03139555107039506,
            0.0036672416467226987,
            0.023292432057048108,
            0.007599395274941192,
            0.04008219907145277,
            0.027122099458148405,
            -0.0036065034891973506,
            -0.0446139260187496,
            -0.0018537171846157699,
            0.017950132936753953,
            0.17588161001333386,
            0.0500255712868884,
            0.22149520971375275,
            0.05634065463180903,
            0.5553821785926978,
            0.3507133130252692,
            0.031287440369487024,
            0.1737804938810395,
            0.028482456047087757
        ],
        [
            -0.0314407930549465,
            -0.037539739531401176,
            0.0028590126458652556,
            0.020369729461941943,
            0.005481097737531432,
            0.030810483370744015,
            0.0245386709718109,
            0.000875389727748388,
            0.027982360779385578,
            -0.0033885400379229744,
            0.09585330910005926,
            0.13829124461935438,
            0.02799841221018794,
            0.135831038175471,
            0.029937993023993158,
            0.3507133130252692,
            0.23665615330234294,
            0.010508063336827316,
            0.06182418405042752,
            0.00879543269380077
        ],
        [
            -0.005379263369262078,
            -0.004053679563772705,
            0.0017607581558950125,
            0.013496347229319654,
            0.0037228580733329056,
            0.011947132465715164,
            -0.007607897666679321,
            -0.0007915578198317276,
            -0.03263064779576113,
            0.006085261098711477,
            -0.061342450118286936,
            -0.008393038362774687,
            0.005039441157415027,
            0.0058410209822855885,
            0.008254465562056758,
            0.031287440369487024,
            0.010508063336827316,
            0.008905950483542337,
            0.04638634875719859,
            0.008781716150499967
        ],
        [
            -0.023747502417093655,
            -0.020364047092236118,
            0.008460553316765531,
            0.0643926215820435,
            0.017971529869598348,
            0.0545706439149966,
            -0.039934606501646874,
            -0.004481977335467576,
            -0.17031490903517277,
            0.030133551883421494,
            -0.3151965370341374,
            -0.040412789255139796,
            0.02720144361716205,
            0.039511392160890293,
            0.04320051698011783,
            0.1737804938810395,
            0.06182418405042752,
            0.04638634875719859,
            0.24199987003046494,
            0.04566536828265865
        ],
        [
            -0.006623632868830753,
            -0.004588644514089357,
            0.0018287055912679338,
            0.014101355579128902,
            0.00385295343623266,
            0.012317533382396016,
            -0.007953496023662961,
            -0.000699298694315366,
            -0.031992508836771426,
            0.0063083246085733,
            -0.06161518724046054,
            -0.009266917232170331,
            0.004774994990902806,
            0.0043103012062835205,
            0.008020706807808043,
            0.028482456047087757,
            0.00879543269380077,
            0.008781716150499967,
            0.04566536828265865,
            0.008675079549564136
        ]
    ]
}