{
    "opt_E": -2.155733642518285,
    "HF_E": -2.126462634960431,
    "B3LYP_E": -2.1280463791521296,
    "sto-3G_E": -2.1096624779741244,
    "proj": [
        [
            0.5239802507895639,
            0.3413735417785738,
            -0.027108576206263238,
            -0.17379406821928883,
            0.03727110311800446,
            0.06283644733003253,
            0.18305054889071237,
            -0.05176054684033464,
            -0.22425184757490657,
            0.058933064419085975,
            0.04643881628317159,
            0.034660208316578345,
            -0.0013679296759948772,
            0.03613888614171454,
            -0.0017070940528934508,
            0.0026127112875952343,
            -0.034819852804530635,
            -0.0006035422756662233,
            -0.02782569612521614,
            0.0010050584417083373
        ],
        [
            0.3413735417785738,
            0.23063830061855975,
            -0.012887675634582662,
            -0.08511839600485388,
            0.01797116446417652,
            0.08604887118857181,
            0.1333461217305594,
            -0.030913921224789677,
            -0.13222303464508917,
            0.03486844530963741,
            0.04890485905170627,
            0.023846578270144227,
            0.0006894889662508976,
            -0.022558670730576207,
            0.0007399968348631745,
            -0.03632605217492097,
            -0.04361304645784993,
            0.00010277470273757687,
            -0.04050663647325831,
            0.0011992078712096622
        ],
        [
            -0.027108576206263238,
            -0.012887675634582662,
            0.009311234039738877,
            0.0515848063684809,
            -0.011957476295829538,
            0.057444385470005674,
            0.0043971466801137156,
            0.00817084714307164,
            0.0002936883437179486,
            -0.005725495496206938,
            -0.01214672822375135,
            0.007546272100131519,
            0.001888957659276322,
            -0.03723066171213457,
            0.003375600420093802,
            0.008208009425808018,
            0.0074012836057376526,
            -0.00044142092857916857,
            0.019308741662736606,
            -0.00015733901331391824
        ],
        [
            -0.17379406821928883,
            -0.08511839600485388,
            0.0515848063684809,
            0.2886508426087167,
            -0.06653298853564445,
            0.3129801518696253,
            0.019981670253417065,
            0.046026739966669755,
            0.030282000464579115,
            -0.03524785358991062,
            -0.042639732448818954,
            0.04417914241407559,
            0.010432242780207499,
            -0.2098334809338136,
            0.0179062496538774,
            0.0345329261578299,
            0.03876044462602108,
            -0.0018908105409417913,
            0.08504354706965625,
            -0.0005436180477268734
        ],
        [
            0.03727110311800446,
            0.01797116446417652,
            -0.011957476295829538,
            -0.06653298853564445,
            0.015385010937159944,
            -0.07315130512821673,
            -0.005108366900982449,
            -0.010584440690160823,
            -0.003192337976087169,
            0.007711465398668221,
            0.013371599178621497,
            -0.009738597625263981,
            -0.002423878925839737,
            0.04831627889783699,
            -0.004260023462994136,
            -0.009082842699056778,
            -0.009027150846179742,
            0.0005107436960481294,
            -0.022611833198454806,
            0.00016925162998796653
        ],
        [
            0.06283644733003253,
            0.08604887118857181,
            0.057444385470005674,
            0.3129801518696253,
            -0.07315130512821673,
            0.5050502072888788,
            0.1575108831074373,
            0.03225180229805624,
            -0.0370897380150173,
            -0.01899984224973331,
            0.052584769768614946,
            0.11164131515797446,
            0.014378897358051864,
            -0.2847271590278743,
            0.023039112875657606,
            0.05308553561850241,
            0.046623036484764374,
            -0.00185569548505171,
            0.04894649215491361,
            0.0007667643916643096
        ],
        [
            0.18305054889071237,
            0.1333461217305594,
            0.0043971466801137156,
            0.019981670253417065,
            -0.005108366900982449,
            0.1575108831074373,
            0.11641673043375285,
            -0.012169116307008105,
            -0.02796315571592826,
            0.011108753253138766,
            0.11641334310671915,
            0.0707303331907974,
            0.0030332781456642774,
            -0.052196466780077354,
            0.003077618113260252,
            0.032050599663465774,
            0.022538187405084585,
            0.00046118203928883155,
            -0.049316588299197224,
            0.0013559185665362218
        ],
        [
            -0.05176054684033464,
            -0.030913921224789677,
            0.00817084714307164,
            0.046026739966669755,
            -0.010584440690160823,
            0.03225180229805624,
            -0.012169116307008105,
            0.009433944642659628,
            0.005407039924776118,
            -0.007103996724516696,
            -0.026802165140848027,
            -0.003283049557906465,
            0.001379973602746933,
            -0.029188354086241288,
            0.002745138696101724,
            0.000610185435303102,
            0.002305438595872626,
            -0.0004386807931121642,
            0.023417695942032853,
            -0.0003078755894791925
        ],
        [
            -0.22425184757490657,
            -0.13222303464508917,
            0.0002936883437179486,
            0.030282000464579115,
            -0.003192337976087169,
            -0.0370897380150173,
            -0.02796315571592826,
            0.005407039924776118,
            0.2971246156561754,
            -0.034773829244356506,
            0.28760483531100595,
            0.057248624633293936,
            -0.0005664393140794442,
            -0.009121335997639219,
            -0.008731873189374828,
            -0.043242391785318926,
            0.023805814324784975,
            0.005409121430219376,
            -0.21935424099219017,
            0.0032500947033082318
        ],
        [
            0.058933064419085975,
            0.03486844530963741,
            -0.005725495496206938,
            -0.03524785358991062,
            0.007711465398668221,
            -0.01899984224973331,
            0.011108753253138766,
            -0.007103996724516696,
            -0.034773829244356506,
            0.008558136565421745,
            -0.011575860594006752,
            -0.0035425171456364463,
            -0.0009176762598517525,
            0.021929877603449683,
            -0.0010147358423876975,
            0.0050630842611926,
            -0.003463392891572817,
            -0.0002698036488797162,
            0.007083383723052718,
            -0.00013561604448610027
        ],
        [
            0.04643881628317159,
            0.04890485905170627,
            -0.01214672822375135,
            -0.042639732448818954,
            0.013371599178621497,
            0.052584769768614946,
            0.11641334310671915,
            -0.026802165140848027,
            0.28760483531100595,
            -0.011575860594006752,
            0.5047703229975649,
            0.16534957858022772,
            -0.000944651434311835,
            0.030928244975773667,
            -0.01285817917852329,
            0.05085072145644577,
            0.08869125415441148,
            0.006861325203368065,
            -0.3231233356299431,
            0.005236071347475296
        ],
        [
            0.034660208316578345,
            0.023846578270144227,
            0.007546272100131519,
            0.04417914241407559,
            -0.009738597625263981,
            0.11164131515797446,
            0.0707303331907974,
            -0.003283049557906465,
            0.057248624633293936,
            -0.0035425171456364463,
            0.16534957858022772,
            0.1167512216070099,
            0.001250506400027642,
            0.031166883217768362,
            -0.00027147073886150746,
            0.1782738697424071,
            0.13240759581120176,
            0.00018130972700238697,
            -0.029193828410834333,
            0.000594546082098071
        ],
        [
            -0.0013679296759948772,
            0.0006894889662508976,
            0.001888957659276322,
            0.010432242780207499,
            -0.002423878925839737,
            0.014378897358051864,
            0.0030332781456642774,
            0.001379973602746933,
            -0.0005664393140794442,
            -0.0009176762598517525,
            -0.000944651434311835,
            0.001250506400027642,
            0.0004668974004383143,
            -0.010666703026614004,
            0.0007653593559843806,
            -0.002525541522105552,
            -0.0012625625899013648,
            -4.237594527924985e-05,
            0.0014972441758357158,
            2.332603841522691e-05
        ],
        [
            0.03613888614171454,
            -0.022558670730576207,
            -0.03723066171213457,
            -0.2098334809338136,
            0.04831627889783699,
            -0.2847271590278743,
            -0.052196466780077354,
            -0.029188354086241288,
            -0.009121335997639219,
            0.021929877603449683,
            0.030928244975773667,
            0.031166883217768362,
            -0.010666703026614004,
            0.300489967870383,
            -0.016294945291258283,
            0.2291486167113346,
            0.13955057760973416,
            -0.0008286067126104785,
            0.03355314254291881,
            -0.0016935635559067548
        ],
        [
            -0.0017070940528934508,
            0.0007399968348631745,
            0.003375600420093802,
            0.0179062496538774,
            -0.004260023462994136,
            0.023039112875657606,
            0.003077618113260252,
            0.002745138696101724,
            -0.008731873189374828,
            -0.0010147358423876975,
            -0.01285817917852329,
            -0.00027147073886150746,
            0.0007653593559843806,
            -0.016294945291258283,
            0.0015475082176827036,
            -0.0010067637735800081,
            -0.001456132236022766,
            -0.0002726430922947743,
            0.011474062423818801,
            -0.00010978839257546496
        ],
        [
            0.0026127112875952343,
            -0.03632605217492097,
            0.008208009425808018,
            0.0345329261578299,
            -0.009082842699056778,
            0.05308553561850241,
            0.032050599663465774,
            0.000610185435303102,
            -0.043242391785318926,
            0.0050630842611926,
            0.05085072145644577,
            0.1782738697424071,
            -0.002525541522105552,
            0.2291486167113346,
            -0.0010067637735800081,
            0.5326596505584082,
            0.3455700001214536,
            -0.004898990933344773,
            0.18489138842226147,
            -0.0034670224069333687
        ],
        [
            -0.034819852804530635,
            -0.04361304645784993,
            0.0074012836057376526,
            0.03876044462602108,
            -0.009027150846179742,
            0.046623036484764374,
            0.022538187405084585,
            0.002305438595872626,
            0.023805814324784975,
            -0.003463392891572817,
            0.08869125415441148,
            0.13240759581120176,
            -0.0012625625899013648,
            0.13955057760973416,
            -0.001456132236022766,
            0.3455700001214536,
            0.23401225761734468,
            -0.0023064055860709167,
            0.08324047698187599,
            -0.0016572475389458792
        ],
        [
            -0.0006035422756662233,
            0.00010277470273757687,
            -0.00044142092857916857,
            -0.0018908105409417913,
            0.0005107436960481294,
            -0.00185569548505171,
            0.00046118203928883155,
            -0.0004386807931121642,
            0.005409121430219376,
            -0.0002698036488797162,
            0.006861325203368065,
            0.00018130972700238697,
            -4.237594527924985e-05,
            -0.0008286067126104785,
            -0.0002726430922947743,
            -0.004898990933344773,
            -0.0023064055860709167,
            0.0001631121483242395,
            -0.006949429982128625,
            0.0001102038043662244
        ],
        [
            -0.02782569612521614,
            -0.04050663647325831,
            0.019308741662736606,
            0.08504354706965625,
            -0.022611833198454806,
            0.04894649215491361,
            -0.049316588299197224,
            0.023417695942032853,
            -0.21935424099219017,
            0.007083383723052718,
            -0.3231233356299431,
            -0.029193828410834333,
            0.0014972441758357158,
            0.03355314254291881,
            0.011474062423818801,
            0.18489138842226147,
            0.08324047698187599,
            -0.006949429982128625,
            0.3045041642007563,
            -0.004928186922714702
        ],
        [
            0.0010050584417083373,
            0.0011992078712096622,
            -0.00015733901331391824,
            -0.0005436180477268734,
            0.00016925162998796653,
            0.0007667643916643096,
            0.0013559185665362218,
            -0.0003078755894791925,
            0.0032500947033082318,
            -0.00013561604448610027,
            0.005236071347475296,
            0.000594546082098071,
            2.332603841522691e-05,
            -0.0016935635559067548,
            -0.00010978839257546496,
            -0.0034670224069333687,
            -0.0016572475389458792,
            0.0001102038043662244,
            -0.004928186922714702,
            8.562380146009998e-05
        ]
    ]
}