{
    "opt_E": -2.2011508185240007,
    "HF_E": -2.17018291459215,
    "B3LYP_E": -2.172333546580866,
    "sto-3G_E": -2.151716780016031,
    "proj": [
        [
            0.5444529038681598,
            0.3244053661383927,
            0.04196526584276435,
            -0.16886248262962866,
            0.0450102882894574,
            0.05275838626260305,
            0.17587282224064457,
            0.06751905295278167,
            -0.2456651813472917,
            0.09129502945508797,
            0.027228166504576237,
            0.036734906247187005,
            0.0028930318531566667,
            0.01805375442882467,
            0.00466926078992393,
            -0.004230132880203999,
            -0.030689337836459947,
            -0.0010055074654191766,
            -0.008432899385680053,
            0.006713909368602303
        ],
        [
            0.3244053661383927,
            0.20892452674714168,
            0.011002354436997121,
            -0.04721926828357956,
            0.00940733366199671,
            0.121739617321663,
            0.13184862825679503,
            0.033952533973001735,
            -0.13727988069730535,
            0.04075479699786537,
            0.01520121661072287,
            0.02863201659572991,
            0.005100420648591051,
            -0.035612650339229696,
            -0.011545376762156605,
            -0.020016755657745123,
            -0.028911079278394054,
            0.0001413563592644773,
            -0.004073361998810047,
            0.0011644172639324337
        ],
        [
            0.04196526584276435,
            0.011002354436997121,
            0.016582320052597136,
            -0.06348477840824496,
            0.02030308910592662,
            -0.08053048417675354,
            -0.01100605397904148,
            0.010576157867039717,
            -0.022052820637993093,
            0.02210423332123551,
            0.014401181429732363,
            -0.004335630829890524,
            -0.0038078705069606224,
            0.03889866033722426,
            0.018384087965785657,
            -0.00375760522993204,
            -0.002747215467006356,
            -0.0012761969006219508,
            -0.011320048880344267,
            0.006811502521785332
        ],
        [
            -0.16886248262962866,
            -0.04721926828357956,
            -0.06348477840824496,
            0.24394565262192464,
            -0.07730371011988675,
            0.30632238860031047,
            0.04249491172034654,
            -0.041936772707731274,
            0.09643294019007845,
            -0.08195117947643184,
            -0.03411448002858898,
            0.024048292626895142,
            0.013660200168584364,
            -0.14802322036703505,
            -0.0669286039166048,
            0.012209429966666158,
            0.013864002475165726,
            0.004321906232052762,
            0.03323281654073997,
            -0.022116928120434223
        ],
        [
            0.0450102882894574,
            0.00940733366199671,
            0.02030308910592662,
            -0.07730371011988675,
            0.025083510034494022,
            -0.10118209927582576,
            -0.014830222160541008,
            0.012053832443462349,
            -0.020690080956843365,
            0.02793896090795782,
            0.026297197289726494,
            -0.0030946266689060864,
            -0.0051664886201994885,
            0.047936432400649216,
            0.02449050208903116,
            -0.007350305857722343,
            -0.0029916533396132203,
            -0.0018286977502305136,
            -0.018564274127192245,
            0.010181377367350952
        ],
        [
            0.05275838626260305,
            0.121739617321663,
            -0.08053048417675354,
            0.30632238860031047,
            -0.10118209927582576,
            0.5519789899013219,
            0.18879324716771603,
            -0.030042980965421177,
            0.027811795151066347,
            -0.07404616888295423,
            0.003809717424750413,
            0.08190618226645506,
            0.02333700123238081,
            -0.2367532224717385,
            -0.10433626885978256,
            0.017962114377082825,
            0.013335827860266833,
            0.005566468745463383,
            0.03094490534513071,
            -0.025319297693350635
        ],
        [
            0.17587282224064457,
            0.13184862825679503,
            -0.01100605397904148,
            0.04249491172034654,
            -0.014830222160541008,
            0.18879324716771603,
            0.12773002560040472,
            0.008510052094410723,
            -0.027468984100687304,
            0.02022915145944221,
            0.10461817532462439,
            0.08275002458858671,
            0.005327505041000407,
            -0.0541952793434975,
            -0.02217335444387297,
            0.03020545282627806,
            0.03088254577224466,
            -0.0006790651761760618,
            -0.029619750119006912,
            0.008955755202182657
        ],
        [
            0.06751905295278167,
            0.033952533973001735,
            0.010576157867039717,
            -0.041936772707731274,
            0.012053832443462349,
            -0.030042980965421177,
            0.008510052094410723,
            0.011241396408041417,
            -0.03973096977542851,
            0.014270372372282182,
            -0.010586529885346222,
            -0.004020998036848153,
            -0.0004863985542553265,
            0.020149727933863004,
            0.004372007539260404,
            0.006736615435198854,
            -0.0022895658898515196,
            -5.88054271752951e-05,
            0.005079371406968933,
            -0.0005992355327533978
        ],
        [
            -0.2456651813472917,
            -0.13727988069730535,
            -0.022052820637993093,
            0.09643294019007845,
            -0.020690080956843365,
            0.027811795151066347,
            -0.027468984100687304,
            -0.03973096977542851,
            0.20841215148508427,
            -0.0066367937471795944,
            0.22112753448537567,
            0.07395511033608214,
            -0.008588317517888246,
            -0.030644374372941593,
            0.027105767656255598,
            -0.041342004304618304,
            0.033773889529894935,
            -0.005412438324253905,
            -0.10879006431523228,
            0.0398284999847302
        ],
        [
            0.09129502945508797,
            0.04075479699786537,
            0.02210423332123551,
            -0.08195117947643184,
            0.02793896090795782,
            -0.07404616888295423,
            0.02022915145944221,
            0.014270372372282182,
            -0.0066367937471795944,
            0.04731586689346665,
            0.11186097941526207,
            0.034319247570481465,
            -0.007222394999591566,
            0.0412928617851095,
            0.03372036142390811,
            -0.017951615697930367,
            0.004841441600894974,
            -0.003906839090289435,
            -0.05800014184977884,
            0.025424819290987034
        ],
        [
            0.027228166504576237,
            0.01520121661072287,
            0.014401181429732363,
            -0.03411448002858898,
            0.026297197289726494,
            0.003809717424750413,
            0.10461817532462439,
            -0.010586529885346222,
            0.22112753448537567,
            0.11186097941526207,
            0.5984422100398489,
            0.23614698892456337,
            -0.02223282906648253,
            0.026352672170920858,
            0.08828149443874621,
            -0.03823428828092381,
            0.09463107211207268,
            -0.015572395803049274,
            -0.27801343100003556,
            0.10997035008436522
        ],
        [
            0.036734906247187005,
            0.02863201659572991,
            -0.004335630829890524,
            0.024048292626895142,
            -0.0030946266689060864,
            0.08190618226645506,
            0.08275002458858671,
            -0.004020998036848153,
            0.07395511033608214,
            0.034319247570481465,
            0.23614698892456337,
            0.1510822670492078,
            -0.001499557159043257,
            0.032484564429323695,
            -0.005235188641340179,
            0.15166254100748683,
            0.14255104476459182,
            -0.003543409378123376,
            -0.06617605722897665,
            0.026391137952952694
        ],
        [
            0.0028930318531566667,
            0.005100420648591051,
            -0.0038078705069606224,
            0.013660200168584364,
            -0.0051664886201994885,
            0.02333700123238081,
            0.005327505041000407,
            -0.0004863985542553265,
            -0.008588317517888246,
            -0.007222394999591566,
            -0.02223282906648253,
            -0.001499557159043257,
            0.002146232168398871,
            -0.006330333661300136,
            -0.009804895207002937,
            0.0158681796877072,
            0.005629169597168181,
            0.0009673249266177416,
            0.014950580183402864,
            -0.006292295032561305
        ],
        [
            0.01805375442882467,
            -0.035612650339229696,
            0.03889866033722426,
            -0.14802322036703505,
            0.047936432400649216,
            -0.2367532224717385,
            -0.0541952793434975,
            0.020149727933863004,
            -0.030644374372941593,
            0.0412928617851095,
            0.026352672170920858,
            0.032484564429323695,
            -0.006330333661300136,
            0.17275556352911575,
            0.019188874454287047,
            0.1893779021503158,
            0.1228885845735596,
            -0.0009902768177789648,
            0.020760707768727894,
            0.00012052120013277904
        ],
        [
            0.00466926078992393,
            -0.011545376762156605,
            0.018384087965785657,
            -0.0669286039166048,
            0.02449050208903116,
            -0.10433626885978256,
            -0.02217335444387297,
            0.004372007539260404,
            0.027105767656255598,
            0.03372036142390811,
            0.08828149443874621,
            -0.005235188641340179,
            -0.009804895207002937,
            0.019188874454287047,
            0.04705622033765874,
            -0.09985801573803971,
            -0.04691686155841756,
            -0.004386846572077653,
            -0.06858753521739162,
            0.02862402624716258
        ],
        [
            -0.004230132880203999,
            -0.020016755657745123,
            -0.00375760522993204,
            0.012209429966666158,
            -0.007350305857722343,
            0.017962114377082825,
            0.03020545282627806,
            0.006736615435198854,
            -0.041342004304618304,
            -0.017951615697930367,
            -0.03823428828092381,
            0.15166254100748683,
            0.0158681796877072,
            0.1893779021503158,
            -0.09985801573803971,
            0.5951421091289265,
            0.37168031709386967,
            0.007694001012935576,
            0.15843314589511848,
            -0.05606309064195351
        ],
        [
            -0.030689337836459947,
            -0.028911079278394054,
            -0.002747215467006356,
            0.013864002475165726,
            -0.0029916533396132203,
            0.013335827860266833,
            0.03088254577224466,
            -0.0022895658898515196,
            0.033773889529894935,
            0.004841441600894974,
            0.09463107211207268,
            0.14255104476459182,
            0.005629169597168181,
            0.1228885845735596,
            -0.04691686155841756,
            0.37168031709386967,
            0.2577777872402694,
            0.001867284078412415,
            0.0456151065746429,
            -0.014151539258671065
        ],
        [
            -0.0010055074654191766,
            0.0001413563592644773,
            -0.0012761969006219508,
            0.004321906232052762,
            -0.0018286977502305136,
            0.005566468745463383,
            -0.0006790651761760618,
            -5.88054271752951e-05,
            -0.005412438324253905,
            -0.003906839090289435,
            -0.015572395803049274,
            -0.003543409378123376,
            0.0009673249266177416,
            -0.0009902768177789648,
            -0.004386846572077653,
            0.007694001012935576,
            0.001867284078412415,
            0.0005361583927076238,
            0.009102373129650256,
            -0.003664221983356856
        ],
        [
            -0.008432899385680053,
            -0.004073361998810047,
            -0.011320048880344267,
            0.03323281654073997,
            -0.018564274127192245,
            0.03094490534513071,
            -0.029619750119006912,
            0.005079371406968933,
            -0.10879006431523228,
            -0.05800014184977884,
            -0.27801343100003556,
            -0.06617605722897665,
            0.014950580183402864,
            0.020760707768727894,
            -0.06858753521739162,
            0.15843314589511848,
            0.0456151065746429,
            0.009102373129650256,
            0.1640114998139056,
            -0.06397379478585986
        ],
        [
            0.006713909368602303,
            0.0011644172639324337,
            0.006811502521785332,
            -0.022116928120434223,
            0.010181377367350952,
            -0.025319297693350635,
            0.008955755202182657,
            -0.0005992355327533978,
            0.0398284999847302,
            0.025424819290987034,
            0.10997035008436522,
            0.026391137952952694,
            -0.006292295032561305,
            0.00012052120013277904,
            0.02862402624716258,
            -0.05606309064195351,
            -0.014151539258671065,
            -0.003664221983356856,
            -0.06397379478585986,
            0.02538260868732458
        ]
    ]
}