{
    "opt_E": -2.180266544577739,
    "HF_E": -2.1490508631200442,
    "B3LYP_E": -2.1514000217438425,
    "sto-3G_E": -2.1325736926835552,
    "proj": [
        [
            0.5642457286751754,
            0.3598372627011265,
            -0.015127505422304325,
            -0.16474498411336805,
            0.0556649773425331,
            0.010824016215458827,
            0.17118821769826337,
            -0.02858343256808025,
            -0.1970537454030265,
            0.10026595426503349,
            0.03701461102445528,
            0.029355186490755428,
            -0.002570134700511486,
            0.0546223413969666,
            0.0060006170688710345,
            -0.002015856633704421,
            -0.030810043840409782,
            0.0008710132531273412,
            -0.024079714046184104,
            -0.0025172341413584203
        ],
        [
            0.3598372627011265,
            0.2438413742010251,
            -0.005241368207828869,
            -0.06338901426598523,
            0.019541796548445477,
            0.0860421831645349,
            0.1360594033231842,
            -0.015298237239012946,
            -0.12625029446375688,
            0.05460068798895761,
            0.03255830628674007,
            0.02503425501813559,
            0.000751155429002714,
            -0.024231540425710085,
            -0.0013160344365983566,
            -0.03265950749952162,
            -0.03920056915172027,
            0.000843353058278546,
            -0.022736927656287403,
            -0.002308076513181822
        ],
        [
            -0.015127505422304325,
            -0.005241368207828869,
            0.002336768992991698,
            0.021795131408116893,
            -0.008417261254303277,
            0.030949472201661322,
            0.004724582409723392,
            0.0021867875075421415,
            -0.0022245580093667597,
            -0.006863705621846491,
            -0.006681503429035111,
            0.003278848251214197,
            0.0005382157199390176,
            -0.018186017944952355,
            -0.0006405625597485894,
            0.004762533811208144,
            0.0023056340989915723,
            -0.0004986615478232314,
            0.008650819920227464,
            0.0014754106323057396
        ],
        [
            -0.16474498411336805,
            -0.06338901426598523,
            0.021795131408116893,
            0.20620938567591213,
            -0.078686745896465,
            0.2857632951726968,
            0.04089370788080656,
            0.02058882076318912,
            0.006572359692877114,
            -0.06594115316140972,
            -0.03408638288085684,
            0.036086953233489136,
            0.0055321717557557555,
            -0.172638282099367,
            -0.007937022407051799,
            0.03365244733909192,
            0.021044428284145357,
            -0.0035320575209886055,
            0.060435888081726986,
            0.010536810626176521
        ],
        [
            0.0556649773425331,
            0.019541796548445477,
            -0.008417261254303277,
            -0.078686745896465,
            0.03033112503604811,
            -0.11147697473994526,
            -0.01697134708099432,
            -0.007879320356215242,
            0.006364423053420437,
            0.02481030483256859,
            0.02223229085776351,
            -0.01211782132273805,
            -0.001981468573430173,
            0.06591172146720038,
            0.002459191664684515,
            -0.016133652409788913,
            -0.008046872033083545,
            0.0017193782570430317,
            -0.029758117471084984,
            -0.005093610547446642
        ],
        [
            0.010824016215458827,
            0.0860421831645349,
            0.030949472201661322,
            0.2857632951726968,
            -0.11147697473994526,
            0.5417371084326728,
            0.1876752468450932,
            0.019773892039673967,
            -0.048174930344414134,
            -0.06091845711528581,
            0.04224837613251308,
            0.1112051227810121,
            0.009622643835185185,
            -0.2884099586505277,
            -0.01484865323589241,
            0.05500911586893014,
            0.032039310632831684,
            -0.0032849895316582737,
            0.047290316493801055,
            0.010123787284952062
        ],
        [
            0.17118821769826337,
            0.1360594033231842,
            0.004724582409723392,
            0.04089370788080656,
            -0.01697134708099432,
            0.1876752468450932,
            0.1293900656134478,
            -0.004469957756834917,
            -0.024055628043049053,
            0.015210803332101973,
            0.11289645271723396,
            0.07862244518455365,
            0.002856958951019,
            -0.07080133174112944,
            -0.005588522175230552,
            0.02687948368024152,
            0.022071039497976647,
            0.0017873618384467171,
            -0.039741273724453394,
            -0.004952168979930729
        ],
        [
            -0.02858343256808025,
            -0.015298237239012946,
            0.0021867875075421415,
            0.02058882076318912,
            -0.007879320356215242,
            0.019773892039673967,
            -0.004469957756834917,
            0.0027150834296672762,
            -0.0012155007027338763,
            -0.008581792529463074,
            -0.016591798784572995,
            -0.003095889406342122,
            0.0004118120349351184,
            -0.015399671477781268,
            -0.00038307692314265963,
            0.0012605603756188116,
            -0.0005384543036562881,
            -0.0006726970027587986,
            0.012298194007931928,
            0.001967305055637476
        ],
        [
            -0.1970537454030265,
            -0.12625029446375688,
            -0.0022245580093667597,
            0.006572359692877114,
            0.006364423053420437,
            -0.048174930344414134,
            -0.024055628043049053,
            -0.0012155007027338763,
            0.2620784567907232,
            -0.008702366702367069,
            0.2941529526543305,
            0.07049759311737289,
            0.0034332813398800736,
            0.006889647076488743,
            -0.015372361422277834,
            -0.05957353660419095,
            0.0255020708517165,
            0.010851283274962407,
            -0.19613319932392145,
            -0.03133511070631035
        ],
        [
            0.10026595426503349,
            0.05460068798895761,
            -0.006863705621846491,
            -0.06594115316140972,
            0.02481030483256859,
            -0.06091845711528581,
            0.015210803332101973,
            -0.008581792529463074,
            -0.008702366702367069,
            0.027727106810227116,
            0.03853104063986905,
            0.0063595308653301525,
            -0.0014807666838135753,
            0.04881268892132898,
            0.001967664813608186,
            -0.0011805820143142858,
            0.0004608695095805168,
            0.0016177136019700884,
            -0.029673147777666758,
            -0.004750621852478351
        ],
        [
            0.03701461102445528,
            0.03255830628674007,
            -0.006681503429035111,
            -0.03408638288085684,
            0.02223229085776351,
            0.04224837613251308,
            0.11289645271723396,
            -0.016591798784572995,
            0.2941529526543305,
            0.03853104063986905,
            0.5316299804367066,
            0.19035085452453232,
            0.0037555724910375093,
            0.02876984106526067,
            -0.017996702448131816,
            0.010665762559056687,
            0.0935858908528718,
            0.016505912273933117,
            -0.3053539525603906,
            -0.047618294399455904
        ],
        [
            0.029355186490755428,
            0.02503425501813559,
            0.003278848251214197,
            0.036086953233489136,
            -0.01211782132273805,
            0.1112051227810121,
            0.07862244518455365,
            -0.003095889406342122,
            0.07049759311737289,
            0.0063595308653301525,
            0.19035085452453232,
            0.12795932755465006,
            -0.0008094841377507196,
            0.026291687335916348,
            0.0025140184373091045,
            0.1672303486564145,
            0.1337314421001276,
            0.0024371365932948125,
            -0.047244822203588464,
            -0.007046440513960719
        ],
        [
            -0.002570134700511486,
            0.000751155429002714,
            0.0005382157199390176,
            0.0055321717557557555,
            -0.001981468573430173,
            0.009622643835185185,
            0.002856958951019,
            0.0004118120349351184,
            0.0034332813398800736,
            -0.0014807666838135753,
            0.0037555724910375093,
            -0.0008094841377507196,
            0.0005346712331896991,
            -0.01100535963484306,
            -0.0013861449168788762,
            -0.012579934555222909,
            -0.007280383787526881,
            0.00027231938777271984,
            -0.005270091736138117,
            -0.000762792304861192
        ],
        [
            0.0546223413969666,
            -0.024231540425710085,
            -0.018186017944952355,
            -0.172638282099367,
            0.06591172146720038,
            -0.2884099586505277,
            -0.07080133174112944,
            -0.015399671477781268,
            0.006889647076488743,
            0.04881268892132898,
            0.02876984106526067,
            0.026291687335916348,
            -0.01100535963484306,
            0.2685087158742224,
            0.0245456631398131,
            0.21253596928271506,
            0.13999160654173065,
            -0.0008025382088147197,
            0.022046177231253534,
            0.0017595854606934141
        ],
        [
            0.0060006170688710345,
            -0.0013160344365983566,
            -0.0006405625597485894,
            -0.007937022407051799,
            0.002459191664684515,
            -0.01484865323589241,
            -0.005588522175230552,
            -0.00038307692314265963,
            -0.015372361422277834,
            0.001967664813608186,
            -0.017996702448131816,
            0.0025140184373091045,
            -0.0013861449168788762,
            0.0245456631398131,
            0.003987331097244432,
            0.03884527387779356,
            0.021272550737803014,
            -0.001145619617148746,
            0.0215454102309818,
            0.003254259923592509
        ],
        [
            -0.002015856633704421,
            -0.03265950749952162,
            0.004762533811208144,
            0.03365244733909192,
            -0.016133652409788913,
            0.05500911586893014,
            0.02687948368024152,
            0.0012605603756188116,
            -0.05957353660419095,
            -0.0011805820143142858,
            0.010665762559056687,
            0.1672303486564145,
            -0.012579934555222909,
            0.21253596928271506,
            0.03884527387779356,
            0.5655250239171196,
            0.35692678118123833,
            -0.00976270111658857,
            0.18093906569248938,
            0.027754687566872372
        ],
        [
            -0.030810043840409782,
            -0.03920056915172027,
            0.0023056340989915723,
            0.021044428284145357,
            -0.008046872033083545,
            0.032039310632831684,
            0.022071039497976647,
            -0.0005384543036562881,
            0.0255020708517165,
            0.0004608695095805168,
            0.0935858908528718,
            0.1337314421001276,
            -0.007280383787526881,
            0.13999160654173065,
            0.021272550737803014,
            0.35692678118123833,
            0.24187084274063936,
            -0.003352651078492561,
            0.06296002111421327,
            0.009403616175981093
        ],
        [
            0.0008710132531273412,
            0.000843353058278546,
            -0.0004986615478232314,
            -0.0035320575209886055,
            0.0017193782570430317,
            -0.0032849895316582737,
            0.0017873618384467171,
            -0.0006726970027587986,
            0.010851283274962407,
            0.0016177136019700884,
            0.016505912273933117,
            0.0024371365932948125,
            0.00027231938777271984,
            -0.0008025382088147197,
            -0.001145619617148746,
            -0.00976270111658857,
            -0.003352651078492561,
            0.0007175410123183147,
            -0.013184461879685784,
            -0.002067393466635321
        ],
        [
            -0.024079714046184104,
            -0.022736927656287403,
            0.008650819920227464,
            0.060435888081726986,
            -0.029758117471084984,
            0.047290316493801055,
            -0.039741273724453394,
            0.012298194007931928,
            -0.19613319932392145,
            -0.029673147777666758,
            -0.3053539525603906,
            -0.047244822203588464,
            -0.005270091736138117,
            0.022046177231253534,
            0.0215454102309818,
            0.18093906569248938,
            0.06296002111421327,
            -0.013184461879685784,
            0.24269657633193978,
            0.03796960590435523
        ],
        [
            -0.0025172341413584203,
            -0.002308076513181822,
            0.0014754106323057396,
            0.010536810626176521,
            -0.005093610547446642,
            0.010123787284952062,
            -0.004952168979930729,
            0.001967305055637476,
            -0.03133511070631035,
            -0.004750621852478351,
            -0.047618294399455904,
            -0.007046440513960719,
            -0.000762792304861192,
            0.0017595854606934141,
            0.003254259923592509,
            0.027754687566872372,
            0.009403616175981093,
            -0.002067393466635321,
            0.03796960590435523,
            0.005957786144079231
        ]
    ]
}