{
    "opt_E": -2.1760766850267217,
    "HF_E": -2.1442437507037493,
    "B3LYP_E": -2.1474650694562367,
    "sto-3G_E": -2.1240866727252214,
    "proj": [
        [
            0.5658603193898322,
            0.3528686279896571,
            -0.0061113270243898146,
            -0.1702421935367034,
            -0.054788933795733914,
            0.019045657357856384,
            0.1653813737260806,
            -0.00765493409663433,
            -0.208668107253092,
            -0.08920973936094209,
            0.05500539532648449,
            0.029006386087821082,
            0.0022930626178750773,
            0.061295172443414876,
            -0.0005376451518609204,
            -0.0031699841582819572,
            -0.03471029101079371,
            -0.0015395346337961715,
            -0.028643672845107125,
            0.013571538377024692
        ],
        [
            0.3528686279896571,
            0.23606936754642277,
            -0.0020269545190760036,
            -0.05697161510040392,
            -0.017002671038798104,
            0.09789881233153937,
            0.12976099194555019,
            -0.005124397221800383,
            -0.14061420011707998,
            -0.04832146152814212,
            0.0249469872737368,
            0.020794402650782636,
            -0.0007141146563390473,
            -0.024131445472475057,
            -0.00460656094904048,
            -0.022719316044159693,
            -0.03783018581381651,
            -0.0005380636349908194,
            -0.010420548485455858,
            0.003838682541508297
        ],
        [
            -0.0061113270243898146,
            -0.0020269545190760036,
            0.0002839649221958925,
            0.00783887456173255,
            0.0026749372364393586,
            0.01031213724553741,
            0.001650672591407131,
            3.766438660225311e-05,
            0.0009183452795217611,
            0.0018057593522196572,
            -0.0013159105949158024,
            0.0011308091090105107,
            -0.0002318335477013742,
            -0.007148270165791689,
            -0.0009646670837732093,
            0.000983652201020599,
            0.0007901537861458545,
            9.41189418532017e-05,
            0.0017808450904692394,
            -0.0008883208139096563
        ],
        [
            -0.1702421935367034,
            -0.05697161510040392,
            0.00783887456173255,
            0.21640254029944275,
            0.07383691266014779,
            0.2838317981934196,
            0.04480050924039093,
            0.0010675212433401522,
            0.02612063307725027,
            0.05005450095709344,
            -0.03647497293090258,
            0.03057614598932144,
            -0.006415119087600436,
            -0.19750285437518933,
            -0.02633608161020915,
            0.025495191634036855,
            0.020805429081968408,
            0.002581652073353009,
            0.04880842598505872,
            -0.024398269744603584
        ],
        [
            -0.054788933795733914,
            -0.017002671038798104,
            0.0026749372364393586,
            0.07383691266014779,
            0.025272221673799524,
            0.0978576579671559,
            0.015670389589323815,
            0.0002152068610587436,
            0.004603341597342444,
            0.01652533484116905,
            -0.017577756380721198,
            0.008378511177323572,
            -0.002229829695241604,
            -0.06894098135682712,
            -0.009543583743154404,
            0.00812648258307603,
            0.005494681448348856,
            0.0009900696654062075,
            0.01890213996140132,
            -0.009218294691437541
        ],
        [
            0.019045657357856384,
            0.09789881233153937,
            0.01031213724553741,
            0.2838317981934196,
            0.0978576579671559,
            0.5222243185621664,
            0.1894110830071112,
            -0.0007645612224949127,
            -0.022224604169817058,
            0.040973043894194476,
            0.05426964579779869,
            0.10357438227547232,
            -0.010009901253468786,
            -0.30568965327558645,
            -0.03656048768620105,
            0.0299445189541865,
            0.02473190715039013,
            0.0016896742813942822,
            0.028634140539173705,
            -0.019477133598747174
        ],
        [
            0.1653813737260806,
            0.12976099194555019,
            0.001650672591407131,
            0.04480050924039093,
            0.015670389589323815,
            0.1894110830071112,
            0.12701113876805536,
            -0.0008381165848567275,
            -0.019604043991375428,
            -0.008951943070153751,
            0.11955703301501609,
            0.08236560061755789,
            -0.0022683741909974233,
            -0.06842888333630627,
            -0.005980729438225277,
            0.02233335836312364,
            0.023408365963628813,
            -0.0015679801464332079,
            -0.033464813755404554,
            0.011082493322477216
        ],
        [
            -0.00765493409663433,
            -0.005124397221800383,
            3.766438660225311e-05,
            0.0010675212433401522,
            0.0002152068610587436,
            -0.0007645612224949127,
            -0.0008381165848567275,
            0.00031074182747986925,
            0.008948594581524735,
            0.001435628305661386,
            0.009695975711969163,
            0.0030502157236824436,
            -7.644875976830933e-06,
            0.0009651055150296469,
            0.0014948459132328223,
            -0.0025390238477926022,
            0.0007252551393212789,
            -0.00023608515205475776,
            -0.004913197829449685,
            0.0018776060273193954
        ],
        [
            -0.208668107253092,
            -0.14061420011707998,
            0.0009183452795217611,
            0.02612063307725027,
            0.004603341597342444,
            -0.022224604169817058,
            -0.019604043991375428,
            0.008948594581524735,
            0.25806949627205283,
            0.0396212098489573,
            0.2886049952892674,
            0.09157686575558638,
            -0.00012471919776982208,
            0.031107369179446273,
            0.043992784083536705,
            -0.07357302008915098,
            0.021461314150095095,
            -0.007017879435796426,
            -0.1459305903653056,
            0.05587153603568488
        ],
        [
            -0.08920973936094209,
            -0.04832146152814212,
            0.0018057593522196572,
            0.05005450095709344,
            0.01652533484116905,
            0.040973043894194476,
            -0.008951943070153751,
            0.001435628305661386,
            0.0396212098489573,
            0.0182402925950319,
            0.008315065102845697,
            0.006092184619840235,
            -0.0013209109535412872,
            -0.03629339906795429,
            -9.373911566176416e-05,
            -0.008261775380678744,
            0.0025220545442682873,
            8.011422779988633e-07,
            -0.0010800192922746916,
            -0.000781077862905689
        ],
        [
            0.05500539532648449,
            0.0249469872737368,
            -0.0013159105949158024,
            -0.03647497293090258,
            -0.017577756380721198,
            0.05426964579779869,
            0.11955703301501609,
            0.009695975711969163,
            0.2886049952892674,
            0.008315065102845697,
            0.5563231560889866,
            0.22163735069565194,
            0.0012773658588182276,
            0.07972269604477875,
            0.05915250316357115,
            -0.040446498483964886,
            0.07335722702959736,
            -0.012347131819228445,
            -0.2547145702801005,
            0.09907022607957966
        ],
        [
            0.029006386087821082,
            0.020794402650782636,
            0.0011308091090105107,
            0.03057614598932144,
            0.008378511177323572,
            0.10357438227547232,
            0.08236560061755789,
            0.0030502157236824436,
            0.09157686575558638,
            0.006092184619840235,
            0.22163735069565194,
            0.1447267043541603,
            0.001361348892121993,
            0.03077703935346784,
            -0.0058361523817028315,
            0.14964606068152037,
            0.13815017823616807,
            -0.0028474421427227246,
            -0.05846194485221801,
            0.02333807481853691
        ],
        [
            0.0022930626178750773,
            -0.0007141146563390473,
            -0.0002318335477013742,
            -0.006415119087600436,
            -0.002229829695241604,
            -0.010009901253468786,
            -0.0022683741909974233,
            -7.644875976830933e-06,
            -0.00012471919776982208,
            -0.0013209109535412872,
            0.0012773658588182276,
            0.001361348892121993,
            0.00034916430531199086,
            0.009303149733338402,
            -0.000329391479613832,
            0.008253175589449364,
            0.005623329583859487,
            3.994171059977824e-06,
            0.00028815647031041753,
            0.00016961367044320463
        ],
        [
            0.061295172443414876,
            -0.024131445472475057,
            -0.007148270165791689,
            -0.19750285437518933,
            -0.06894098135682712,
            -0.30568965327558645,
            -0.06842888333630627,
            0.0009651055150296469,
            0.031107369179446273,
            -0.03629339906795429,
            0.07972269604477875,
            0.03077703935346784,
            0.009303149733338402,
            0.26178502504405493,
            0.008426971090556307,
            0.15169748330650393,
            0.1134216792795412,
            -0.0017736813223141546,
            -0.03108182439800044,
            0.019546188469951053
        ],
        [
            -0.0005376451518609204,
            -0.00460656094904048,
            -0.0009646670837732093,
            -0.02633608161020915,
            -0.009543583743154404,
            -0.03656048768620105,
            -0.005980729438225277,
            0.0014948459132328223,
            0.043992784083536705,
            -9.373911566176416e-05,
            0.05915250316357115,
            -0.0058361523817028315,
            -0.000329391479613832,
            0.008426971090556307,
            0.021623449798590284,
            -0.09077837457481779,
            -0.04882673832323469,
            -0.002389615699391438,
            -0.04946326956353706,
            0.018905808255396905
        ],
        [
            -0.0031699841582819572,
            -0.022719316044159693,
            0.000983652201020599,
            0.025495191634036855,
            0.00812648258307603,
            0.0299445189541865,
            0.02233335836312364,
            -0.0025390238477926022,
            -0.07357302008915098,
            -0.008261775380678744,
            -0.040446498483964886,
            0.14964606068152037,
            0.008253175589449364,
            0.15169748330650393,
            -0.09077837457481779,
            0.5980078978483686,
            0.389525707528548,
            0.00706168535477006,
            0.1498425426748894,
            -0.05181050668441385
        ],
        [
            -0.03471029101079371,
            -0.03783018581381651,
            0.0007901537861458545,
            0.020805429081968408,
            0.005494681448348856,
            0.02473190715039013,
            0.023408365963628813,
            0.0007252551393212789,
            0.021461314150095095,
            0.0025220545442682873,
            0.07335722702959736,
            0.13815017823616807,
            0.005623329583859487,
            0.1134216792795412,
            -0.04882673832323469,
            0.389525707528548,
            0.2749373313130336,
            0.002467656332187362,
            0.05348262822084445,
            -0.016626209676749864
        ],
        [
            -0.0015395346337961715,
            -0.0005380636349908194,
            9.41189418532017e-05,
            0.002581652073353009,
            0.0009900696654062075,
            0.0016896742813942822,
            -0.0015679801464332079,
            -0.00023608515205475776,
            -0.007017879435796426,
            8.011422779988633e-07,
            -0.012347131819228445,
            -0.0028474421427227246,
            3.994171059977824e-06,
            -0.0017736813223141546,
            -0.002389615699391438,
            0.00706168535477006,
            0.002467656332187362,
            0.00035072028247778254,
            0.0072440864380986835,
            -0.002795409357814657
        ],
        [
            -0.028643672845107125,
            -0.010420548485455858,
            0.0017808450904692394,
            0.04880842598505872,
            0.01890213996140132,
            0.028634140539173705,
            -0.033464813755404554,
            -0.004913197829449685,
            -0.1459305903653056,
            -0.0010800192922746916,
            -0.2547145702801005,
            -0.05846194485221801,
            0.00028815647031041753,
            -0.03108182439800044,
            -0.04946326956353706,
            0.1498425426748894,
            0.05348262822084445,
            0.0072440864380986835,
            0.14975492523355124,
            -0.0576196061305588
        ],
        [
            0.013571538377024692,
            0.003838682541508297,
            -0.0008883208139096563,
            -0.024398269744603584,
            -0.009218294691437541,
            -0.019477133598747174,
            0.011082493322477216,
            0.0018776060273193954,
            0.05587153603568488,
            -0.000781077862905689,
            0.09907022607957966,
            0.02333807481853691,
            0.00016961367044320463,
            0.019546188469951053,
            0.018905808255396905,
            -0.05181050668441385,
            -0.016626209676749864,
            -0.002795409357814657,
            -0.0576196061305588,
            0.022397223874985547
        ]
    ]
}