{
    "opt_E": -2.2153115521014968,
    "HF_E": -2.184942573714195,
    "B3LYP_E": -2.1867187258592904,
    "sto-3G_E": -2.178471388077233,
    "proj": [
        [
            0.5821919817839526,
            0.36074568009355606,
            -0.020050778710825137,
            -0.17165833490616708,
            0.001776533356815974,
            -0.026991697943226586,
            0.16450354725621813,
            -0.041116709487636134,
            -0.22407399397953498,
            0.008175813132091406,
            0.02559920989279982,
            0.020739864735270584,
            -0.009399257405684617,
            0.03467060982121556,
            0.0042463322201771025,
            -9.239358958048551e-05,
            -0.021022261174278474,
            -0.004671495862940064,
            -0.023760757078942252,
            0.007515105975367636
        ],
        [
            0.36074568009355606,
            0.24807882050187835,
            -0.005037262510013792,
            -0.04771419234240588,
            0.0001261003393237711,
            0.10066416621065763,
            0.14789449139725958,
            -0.01682834859915419,
            -0.13316163726779942,
            0.0027916865284031106,
            0.016536426540682377,
            0.025919806387303512,
            0.007323691797517746,
            -0.03388807998031327,
            -0.002117244270351807,
            -0.02853092071057749,
            -0.026192206085963978,
            -0.0015080357541759238,
            -0.0198896638773526,
            0.004176987070105756
        ],
        [
            -0.020050778710825137,
            -0.005037262510013792,
            0.0035776518297663713,
            0.02723288341093152,
            -0.0004774962313169776,
            0.041763625224413715,
            0.008850332330192053,
            0.006236408051995081,
            0.003821057221342039,
            -0.0019733048699169644,
            -0.012062069725961874,
            0.004565645321022074,
            0.0058946356786289365,
            -0.009806918896868666,
            -0.004959936363804474,
            0.003718828230424791,
            0.0023146311043661595,
            0.0011579705667787512,
            0.012701563787120713,
            -0.0034569879990907523
        ],
        [
            -0.17165833490616708,
            -0.04771419234240588,
            0.02723288341093152,
            0.211304875881274,
            -0.0035438381219879494,
            0.3206192163050446,
            0.06743856057377232,
            0.044002822470303946,
            0.05187097146919241,
            -0.0129180474677532,
            -0.05919508605615779,
            0.03814233907272487,
            0.04306909256174652,
            -0.09595362796742336,
            -0.031560348689449444,
            0.008144590628521088,
            0.011520860035508207,
            0.0077093189862990534,
            0.06604807033647093,
            -0.019532078284216776
        ],
        [
            0.001776533356815974,
            0.0001261003393237711,
            -0.0004774962313169776,
            -0.0035438381219879494,
            6.738330875108302e-05,
            -0.0058379763946818965,
            -0.001550083761533623,
            -0.0008348510944472837,
            -8.997197592070368e-06,
            0.00028059667116735643,
            0.0017453400337690882,
            -0.000944228733175752,
            -0.0008479763032769985,
            0.0007253771140978125,
            0.0008390775541794821,
            -0.0014972224196600074,
            -0.0008300615141135521,
            -0.000168709479533406,
            -0.0022316633840329934,
            0.0005770242315394772
        ],
        [
            -0.026991697943226586,
            0.10066416621065763,
            0.041763625224413715,
            0.3206192163050446,
            -0.0058379763946818965,
            0.6197362084628943,
            0.23327309508959185,
            0.05478043664232961,
            0.01225599880604585,
            -0.01634865659613496,
            -0.02867268017583215,
            0.10951819491829891,
            0.07643491275465429,
            -0.18599600498431265,
            -0.05264345771775229,
            0.020064335585617283,
            0.02417754845370167,
            0.010429695300696833,
            0.06876778142256804,
            -0.0232875526538089
        ],
        [
            0.16450354725621813,
            0.14789449139725958,
            0.008850332330192053,
            0.06743856057377232,
            -0.001550083761533623,
            0.23327309508959185,
            0.15406555413250106,
            -0.0024239158917105453,
            -0.02984856376370159,
            0.0014156494479052712,
            0.08274865359430404,
            0.08139950424388706,
            0.023267530539321207,
            -0.06718254644276184,
            -0.01342609106569413,
            0.03265450244725005,
            0.02926432601751465,
            0.00021783765748162082,
            -0.02829910923599312,
            0.004400237186324893
        ],
        [
            -0.041116709487636134,
            -0.01682834859915419,
            0.006236408051995081,
            0.044002822470303946,
            -0.0008348510944472837,
            0.05478043664232961,
            -0.0024239158917105453,
            0.017497881948322677,
            -0.013650085533809263,
            -0.006705758057244331,
            -0.07793347075286965,
            -0.0145233275980322,
            0.01084656405269623,
            -0.0032899023121696668,
            -0.012272119458198486,
            -0.0017238362764809719,
            -0.008762667682565098,
            0.0034931373232614596,
            0.056216586132675266,
            -0.013716246769317444
        ],
        [
            -0.22407399397953498,
            -0.13316163726779942,
            0.003821057221342039,
            0.05187097146919241,
            -8.997197592070368e-06,
            0.01225599880604585,
            -0.02984856376370159,
            -0.013650085533809263,
            0.17417556377783586,
            0.010877711589963585,
            0.20453129079306231,
            0.05194030802278371,
            -0.0074576311878260335,
            -0.06880908443668844,
            0.022746391439420886,
            -0.00945671038711485,
            0.03256886061374645,
            -0.005050339362340029,
            -0.14086325889192342,
            0.0314578051925651
        ],
        [
            0.008175813132091406,
            0.0027916865284031106,
            -0.0019733048699169644,
            -0.0129180474677532,
            0.00028059667116735643,
            -0.01634865659613496,
            0.0014156494479052712,
            -0.006705758057244331,
            0.010877711589963585,
            0.0027841686139264328,
            0.03574427842025594,
            0.007543409910276678,
            -0.0038744122313807043,
            -0.002699170725174522,
            0.005157783999466983,
            -0.00048448009568898454,
            0.003951616125106798,
            -0.0014236320754018206,
            -0.025682484955791875,
            0.006118331265650662
        ],
        [
            0.02559920989279982,
            0.016536426540682377,
            -0.012062069725961874,
            -0.05919508605615779,
            0.0017453400337690882,
            -0.02867268017583215,
            0.08274865359430404,
            -0.07793347075286965,
            0.20453129079306231,
            0.03574427842025594,
            0.5513959954530153,
            0.18338161600849767,
            -0.029202392221734073,
            -0.06195773233690986,
            0.04878966980502313,
            0.09157171908275095,
            0.127139011294701,
            -0.016945045022181807,
            -0.3379065192001799,
            0.07877082453871553
        ],
        [
            0.020739864735270584,
            0.025919806387303512,
            0.004565645321022074,
            0.03814233907272487,
            -0.000944228733175752,
            0.10951819491829891,
            0.08139950424388706,
            -0.0145233275980322,
            0.05194030802278371,
            0.007543409910276678,
            0.18338161600849767,
            0.12897278470883305,
            0.009082608039483957,
            0.031960279134627755,
            -0.014594796400805639,
            0.18470072222712156,
            0.1326569693963699,
            -0.002204812528165642,
            -0.03784479168198494,
            0.00891158246472549
        ],
        [
            -0.009399257405684617,
            0.007323691797517746,
            0.0058946356786289365,
            0.04306909256174652,
            -0.0008479763032769985,
            0.07643491275465429,
            0.023267530539321207,
            0.01084656405269623,
            -0.0074576311878260335,
            -0.0038744122313807043,
            -0.029202392221734073,
            0.009082608039483957,
            0.01112404189092393,
            -0.010970350110251749,
            -0.010799862320029077,
            0.013341967166919792,
            0.005849314005349671,
            0.0022559350891555308,
            0.030721660725555718,
            -0.00790961900904275
        ],
        [
            0.03467060982121556,
            -0.03388807998031327,
            -0.009806918896868666,
            -0.09595362796742336,
            0.0007253771140978125,
            -0.18599600498431265,
            -0.06718254644276184,
            -0.0032899023121696668,
            -0.06880908443668844,
            -0.002699170725174522,
            -0.06195773233690986,
            0.031960279134627755,
            -0.010970350110251749,
            0.24071142546923407,
            -0.032026823580084615,
            0.27779304982155545,
            0.14351862255976328,
            0.0021563758709761275,
            0.15027941255120061,
            -0.029882478591084827
        ],
        [
            0.0042463322201771025,
            -0.002117244270351807,
            -0.004959936363804474,
            -0.031560348689449444,
            0.0008390775541794821,
            -0.05264345771775229,
            -0.01342609106569413,
            -0.012272119458198486,
            0.022746391439420886,
            0.005157783999466983,
            0.04878966980502313,
            -0.014594796400805639,
            -0.010799862320029077,
            -0.032026823580084615,
            0.018437292598906214,
            -0.06497846396109043,
            -0.03172833288651827,
            -0.003078191015654177,
            -0.06486414251509881,
            0.015025646956909508
        ],
        [
            -9.239358958048551e-05,
            -0.02853092071057749,
            0.003718828230424791,
            0.008144590628521088,
            -0.0014972224196600074,
            0.020064335585617283,
            0.03265450244725005,
            -0.0017238362764809719,
            -0.00945671038711485,
            -0.00048448009568898454,
            0.09157171908275095,
            0.18470072222712156,
            0.013341967166919792,
            0.27779304982155545,
            -0.06497846396109043,
            0.5183372303796627,
            0.3085428352186819,
            0.0032805206403144034,
            0.16369507810236095,
            -0.03363544260731979
        ],
        [
            -0.021022261174278474,
            -0.026192206085963978,
            0.0023146311043661595,
            0.011520860035508207,
            -0.0008300615141135521,
            0.02417754845370167,
            0.02926432601751465,
            -0.008762667682565098,
            0.03256886061374645,
            0.003951616125106798,
            0.127139011294701,
            0.1326569693963699,
            0.005849314005349671,
            0.14351862255976328,
            -0.03172833288651827,
            0.3085428352186819,
            0.19493809350608174,
            -3.511913376646205e-05,
            0.04893195530512221,
            -0.009093373926877436
        ],
        [
            -0.004671495862940064,
            -0.0015080357541759238,
            0.0011579705667787512,
            0.0077093189862990534,
            -0.000168709479533406,
            0.010429695300696833,
            0.00021783765748162082,
            0.0034931373232614596,
            -0.005050339362340029,
            -0.0014236320754018206,
            -0.016945045022181807,
            -0.002204812528165642,
            0.0022559350891555308,
            0.0021563758709761275,
            -0.003078191015654177,
            0.0032805206403144034,
            -3.511913376646205e-05,
            0.0007537071366056413,
            0.013678551606865472,
            -0.0032561273028526706
        ],
        [
            -0.023760757078942252,
            -0.0198896638773526,
            0.012701563787120713,
            0.06604807033647093,
            -0.0022316633840329934,
            0.06876778142256804,
            -0.02829910923599312,
            0.056216586132675266,
            -0.14086325889192342,
            -0.025682484955791875,
            -0.3379065192001799,
            -0.03784479168198494,
            0.030721660725555718,
            0.15027941255120061,
            -0.06486414251509881,
            0.16369507810236095,
            0.04893195530512221,
            0.013678551606865472,
            0.3057832885618927,
            -0.06980829863827492
        ],
        [
            0.007515105975367636,
            0.004176987070105756,
            -0.0034569879990907523,
            -0.019532078284216776,
            0.0005770242315394772,
            -0.0232875526538089,
            0.004400237186324893,
            -0.013716246769317444,
            0.0314578051925651,
            0.006118331265650662,
            0.07877082453871553,
            0.00891158246472549,
            -0.00790961900904275,
            -0.029882478591084827,
            0.015025646956909508,
            -0.03363544260731979,
            -0.009093373926877436,
            -0.0032561273028526706,
            -0.06980829863827492,
            0.01606605005374136
        ]
    ]
}