{
    "opt_E": -2.181420339810819,
    "HF_E": -2.1487381298772705,
    "B3LYP_E": -2.1516645408037443,
    "sto-3G_E": -2.1246410829264297,
    "proj": [
        [
            0.5962327215106381,
            0.38796056061737383,
            0.04449826891305895,
            -0.15311238785266265,
            -0.019075358730546603,
            -0.04197861040760729,
            0.1499079864954249,
            0.0713800078035341,
            -0.15934146413528225,
            -0.05137543065647188,
            0.02642866427218094,
            0.022342039912061212,
            0.006852547103027616,
            0.06750130528275615,
            -0.013440880306295365,
            -0.0008638717724197469,
            -0.02580010594336632,
            -0.005352320612304318,
            -0.019464240371664738,
            -0.004906095530769164
        ],
        [
            0.38796056061737383,
            0.27516587599130704,
            0.013839137656633681,
            -0.052345289561681003,
            -0.004581052868993132,
            0.07810116563419471,
            0.1389433537915991,
            0.038900179890729455,
            -0.11814585684830702,
            -0.023876422589081486,
            0.02021564074503881,
            0.025004021303466965,
            0.0005023374342943748,
            -0.02381166732067462,
            0.00535344171530357,
            -0.033383182405653994,
            -0.03884682674269711,
            -0.002999214973607914,
            -0.016382301876532473,
            -0.0024931864248313312
        ],
        [
            0.04449826891305895,
            0.013839137656633681,
            0.015446990885532478,
            -0.04854181999991301,
            -0.007767444805778118,
            -0.08279856832927776,
            -0.018424959978277106,
            0.01096129453165004,
            0.01096956733711758,
            -0.013944546658683285,
            0.015522492117835325,
            -0.010065682822321282,
            -0.0010303575615220827,
            0.04456681420994427,
            -0.01653769492920805,
            -0.006500187491632668,
            -0.0026926353207101087,
            -0.00514653232348862,
            -0.017233161840749144,
            -0.0037567716037525947
        ],
        [
            -0.15311238785266265,
            -0.052345289561681003,
            -0.04854181999991301,
            0.15366065329961381,
            0.02430513442560471,
            0.25980023909107247,
            0.05698858334905982,
            -0.03543128880227738,
            -0.018679290805824512,
            0.04138482843274312,
            -0.028861839770746994,
            0.036370640194661116,
            0.0013649063069980374,
            -0.14085369712594004,
            0.049412495829137246,
            0.016999649690196145,
            0.010018627701488687,
            0.01318069555637643,
            0.041981657580729755,
            0.009649618458561906
        ],
        [
            -0.019075358730546603,
            -0.004581052868993132,
            -0.007767444805778118,
            0.02430513442560471,
            0.0039308116575013825,
            0.042974295462610654,
            0.010683703335601548,
            -0.005215025913674894,
            -0.00700066972260127,
            0.0069526560876695676,
            -0.008033601041807793,
            0.005656573229964692,
            0.0007023046948163309,
            -0.0224272405821381,
            0.008656714876076988,
            0.004362205456419457,
            0.0018277875696231841,
            0.00273506869983849,
            0.00923268470075508,
            0.001978391921708099
        ],
        [
            -0.04197861040760729,
            0.07810116563419471,
            -0.08279856832927776,
            0.25980023909107247,
            0.042974295462610654,
            0.5629320906341523,
            0.2187053752138298,
            -0.0407489068355663,
            -0.06646047331265524,
            0.05052412497830842,
            0.047243198733308366,
            0.12386081102428095,
            1.0023152295968376e-06,
            -0.27608779369588776,
            0.09317126173670354,
            0.03677640780145242,
            0.023991093219606303,
            0.013234092814757495,
            0.029200506205034393,
            0.00906316686156316
        ],
        [
            0.1499079864954249,
            0.1389433537915991,
            -0.018424959978277106,
            0.05698858334905982,
            0.010683703335601548,
            0.2187053752138298,
            0.14353341394444358,
            0.005750856706970698,
            -0.027978953235732188,
            -0.006836184302434158,
            0.10603202873223547,
            0.08573626609879638,
            -0.0017092494805455152,
            -0.08304222555394931,
            0.026886117106575156,
            0.028486535126895286,
            0.023484409537299352,
            -0.006055889034355573,
            -0.03339955780859318,
            -0.005236992100097454
        ],
        [
            0.0713800078035341,
            0.038900179890729455,
            0.01096129453165004,
            -0.03543128880227738,
            -0.005215025913674894,
            -0.0407489068355663,
            0.005750856706970698,
            0.011399332104847037,
            -0.006389868689102188,
            -0.01159105580178486,
            0.015150634870545732,
            0.0020862037144116913,
            0.0008644538727266465,
            0.03029760236523145,
            -0.008239503557191703,
            0.007007007686025931,
            0.003835546266451964,
            -0.0028813806946981937,
            -0.00957379465051782,
            -0.0023154921690902493
        ],
        [
            -0.15934146413528225,
            -0.11814585684830702,
            0.01096956733711758,
            -0.018679290805824512,
            -0.00700066972260127,
            -0.06646047331265524,
            -0.027978953235732188,
            -0.006389868689102188,
            0.23070705356404467,
            -0.04387191352378133,
            0.29013465950278916,
            0.05953301160565143,
            -0.026718473916606075,
            0.022345038054395184,
            -0.04761784573767668,
            -0.049704158982898906,
            0.022055262602528183,
            -0.0454418636434683,
            -0.18206805258743183,
            -0.03280093560924612
        ],
        [
            -0.05137543065647188,
            -0.023876422589081486,
            -0.013944546658683285,
            0.04138482843274312,
            0.0069526560876695676,
            0.05052412497830842,
            -0.006836184302434158,
            -0.01159105580178486,
            -0.04387191352378133,
            0.023281755731410916,
            -0.0874838444978839,
            -0.018829621784230147,
            0.00552714288855518,
            -0.03377905722172745,
            0.01909052537336016,
            0.005481660617368961,
            -0.008175165569332444,
            0.014022623406236615,
            0.05450446756221067,
            0.010389059676747511
        ],
        [
            0.02642866427218094,
            0.02021564074503881,
            0.015522492117835325,
            -0.028861839770746994,
            -0.008033601041807793,
            0.047243198733308366,
            0.10603202873223547,
            0.015150634870545732,
            0.29013465950278916,
            -0.0874838444978839,
            0.5412634016881754,
            0.18392376004360242,
            -0.03312087857178283,
            0.021476652267597443,
            -0.051081567727883095,
            0.015843743236034397,
            0.09126999189432491,
            -0.07212280380451694,
            -0.29299041793471353,
            -0.053796485656879646
        ],
        [
            0.022342039912061212,
            0.025004021303466965,
            -0.010065682822321282,
            0.036370640194661116,
            0.005656573229964692,
            0.12386081102428095,
            0.08573626609879638,
            0.0020862037144116913,
            0.05953301160565143,
            -0.018829621784230147,
            0.18392376004360242,
            0.12837191455162678,
            0.007238699507899336,
            0.019490048408019267,
            0.017011782644398833,
            0.16941792914136622,
            0.13301049477952778,
            -0.00969265195392879,
            -0.03987706845799484,
            -0.009423389549322833
        ],
        [
            0.006852547103027616,
            0.0005023374342943748,
            -0.0010303575615220827,
            0.0013649063069980374,
            0.0007023046948163309,
            1.0023152295968376e-06,
            -0.0017092494805455152,
            0.0008644538727266465,
            -0.026718473916606075,
            0.00552714288855518,
            -0.03312087857178283,
            0.007238699507899336,
            0.009178185906076377,
            0.023435785942372576,
            0.00981248162017819,
            0.061768055852054825,
            0.03385448678068876,
            0.008910297219664047,
            0.03775574920515101,
            0.005831212144806073
        ],
        [
            0.06750130528275615,
            -0.02381166732067462,
            0.04456681420994427,
            -0.14085369712594004,
            -0.0224272405821381,
            -0.27608779369588776,
            -0.08304222555394931,
            0.03029760236523145,
            0.022345038054395184,
            -0.03377905722172745,
            0.021476652267597443,
            0.019490048408019267,
            0.023435785942372576,
            0.2354878264129888,
            -0.028137276635155334,
            0.2109601415897917,
            0.13841879749763175,
            0.0034340834856084424,
            0.03231721192746285,
            -1.1674533391264432e-05
        ],
        [
            -0.013440880306295365,
            0.00535344171530357,
            -0.01653769492920805,
            0.049412495829137246,
            0.008656714876076988,
            0.09317126173670354,
            0.026886117106575156,
            -0.008239503557191703,
            -0.04761784573767668,
            0.01909052537336016,
            -0.051081567727883095,
            0.017011782644398833,
            0.00981248162017819,
            -0.028137276635155334,
            0.027430771851177996,
            0.0602604267970779,
            0.029699449976644594,
            0.014130515721827051,
            0.05460449589358608,
            0.00969627879940945
        ],
        [
            -0.0008638717724197469,
            -0.033383182405653994,
            -0.006500187491632668,
            0.016999649690196145,
            0.004362205456419457,
            0.03677640780145242,
            0.028486535126895286,
            0.007007007686025931,
            -0.049704158982898906,
            0.005481660617368961,
            0.015843743236034397,
            0.16941792914136622,
            0.061768055852054825,
            0.2109601415897917,
            0.0602604267970779,
            0.5607270917819571,
            0.35861172549197,
            0.03838701170295779,
            0.1693866683577081,
            0.021473309559143595
        ],
        [
            -0.02580010594336632,
            -0.03884682674269711,
            -0.0026926353207101087,
            0.010018627701488687,
            0.0018277875696231841,
            0.023991093219606303,
            0.023484409537299352,
            0.003835546266451964,
            0.022055262602528183,
            -0.008175165569332444,
            0.09126999189432491,
            0.13301049477952778,
            0.03385448678068876,
            0.13841879749763175,
            0.029699449976644594,
            0.35861172549197,
            0.24309149177497485,
            0.013388551655086761,
            0.06321032071299015,
            0.0054905123231581135
        ],
        [
            -0.005352320612304318,
            -0.002999214973607914,
            -0.00514653232348862,
            0.01318069555637643,
            0.00273506869983849,
            0.013234092814757495,
            -0.006055889034355573,
            -0.0028813806946981937,
            -0.0454418636434683,
            0.014022623406236615,
            -0.07212280380451694,
            -0.00969265195392879,
            0.008910297219664047,
            0.0034340834856084424,
            0.014130515721827051,
            0.03838701170295779,
            0.013388551655086761,
            0.01305536165679644,
            0.05323265666239462,
            0.00921022714893981
        ],
        [
            -0.019464240371664738,
            -0.016382301876532473,
            -0.017233161840749144,
            0.041981657580729755,
            0.00923268470075508,
            0.029200506205034393,
            -0.03339955780859318,
            -0.00957379465051782,
            -0.18206805258743183,
            0.05450446756221067,
            -0.29299041793471353,
            -0.03987706845799484,
            0.03775574920515101,
            0.03231721192746285,
            0.05460449589358608,
            0.1693866683577081,
            0.06321032071299015,
            0.05323265666239462,
            0.21853372125170042,
            0.037406203798237656
        ],
        [
            -0.004906095530769164,
            -0.0024931864248313312,
            -0.0037567716037525947,
            0.009649618458561906,
            0.001978391921708099,
            0.00906316686156316,
            -0.005236992100097454,
            -0.0023154921690902493,
            -0.03280093560924612,
            0.010389059676747511,
            -0.053796485656879646,
            -0.009423389549322833,
            0.005831212144806073,
            -1.1674533391264432e-05,
            0.00969627879940945,
            0.021473309559143595,
            0.0054905123231581135,
            0.00921022714893981,
            0.037406203798237656,
            0.00656953380103588
        ]
    ]
}