{
    "opt_E": -2.1748667286157213,
    "HF_E": -2.1428237557773704,
    "B3LYP_E": -2.145629703606194,
    "sto-3G_E": -2.1226971085181656,
    "proj": [
        [
            0.5700558929399503,
            0.36919961691698205,
            -0.022649846007099027,
            -0.1674215025251231,
            -0.02195493656286556,
            0.0030032548031999114,
            0.1683690486847196,
            -0.03687901806346885,
            -0.19625873146805592,
            -0.057715439400010865,
            0.036976987920448255,
            0.02821451962846798,
            0.003628323522018818,
            0.06460268778075778,
            -0.014242147216400292,
            -0.0003254045960031333,
            -0.03371013978658583,
            -0.002862855420441248,
            -0.02188982747874488,
            0.0040414550952053135
        ],
        [
            0.36919961691698205,
            0.2536023567221953,
            -0.008383023275122636,
            -0.06639979243326295,
            -0.0069035599377906265,
            0.0802616514796119,
            0.13548159466945278,
            -0.021866648427979116,
            -0.12972140234867377,
            -0.029332437979431324,
            0.032632305418821894,
            0.02387768598155893,
            -0.00043454412054216076,
            -0.01772941323778251,
            0.0037365974312237454,
            -0.034152069516584505,
            -0.0439770465654787,
            -0.0025012793563317015,
            -0.020136466540475396,
            0.0037450584410728257
        ],
        [
            -0.022649846007099027,
            -0.008383023275122636,
            0.004615618462025635,
            0.030998303545886445,
            0.0053137214167868424,
            0.043283478790497425,
            0.006807455537483057,
            0.002266809699752819,
            -0.001809119132145813,
            0.008296434469053983,
            -0.005919810972504028,
            0.005444007166272444,
            -0.000263575242447803,
            -0.02803528975630748,
            0.005786042053433135,
            0.005741988842724517,
            0.003596249003412821,
            0.001135085179644489,
            0.009382451956853777,
            -0.002328400414818126
        ],
        [
            -0.1674215025251231,
            -0.06639979243326295,
            0.030998303545886445,
            0.20899018202633715,
            0.0354524847021543,
            0.2860266676461835,
            0.041516397151153454,
            0.016302260866654227,
            0.001472483328659549,
            0.05492252027390111,
            -0.029330136235087005,
            0.0370398096085185,
            -0.002375128156929127,
            -0.18811079590258442,
            0.03910866970677182,
            0.030962713823921115,
            0.022064277733926715,
            0.006649677865489981,
            0.05484419615617803,
            -0.013664119044478649
        ],
        [
            -0.02195493656286556,
            -0.0069035599377906265,
            0.0053137214167868424,
            0.0354524847021543,
            0.0061900750270840015,
            0.05082081888375377,
            0.008634766594733757,
            0.002308738942608737,
            -0.00643584902147899,
            0.009936678147646715,
            -0.01098190520211059,
            0.0053713628268821974,
            -0.0001673059788317281,
            -0.03272103850556748,
            0.006661668838942067,
            0.007742496255613546,
            0.0038799551372744098,
            0.0016267048168004414,
            0.013453159722862287,
            -0.003317008530218092
        ],
        [
            0.0030032548031999114,
            0.0802616514796119,
            0.043283478790497425,
            0.2860266676461835,
            0.05082081888375377,
            0.5320048054764314,
            0.18563984578857265,
            0.010974658124295713,
            -0.0467858769991203,
            0.05547005414649427,
            0.0612736105937245,
            0.11531889105642179,
            -0.004167491542302629,
            -0.3006965153865756,
            0.06380037760670225,
            0.04866947980691268,
            0.03274272036652915,
            0.004190940593256915,
            0.03581152870964929,
            -0.010432816482256106
        ],
        [
            0.1683690486847196,
            0.13548159466945278,
            0.006807455537483057,
            0.041516397151153454,
            0.008634766594733757,
            0.18563984578857265,
            0.12910500519845552,
            -0.006203990460612726,
            -0.02121657175310516,
            -0.011196093757547399,
            0.1207166951586801,
            0.08149583288827124,
            -0.0011968878188141946,
            -0.06804083297453788,
            0.015814720971340367,
            0.024357122173111544,
            0.021272062457379236,
            -0.0049999472997903065,
            -0.03971863657904848,
            0.008326515703332923
        ],
        [
            -0.03687901806346885,
            -0.021866648427979116,
            0.002266809699752819,
            0.016302260866654227,
            0.002308738942608737,
            0.010974658124295713,
            -0.006203990460612726,
            0.0027222437635232334,
            0.015496317995758218,
            0.004066103853448147,
            0.004189839335913491,
            0.0009823007227918814,
            -0.0006794724324308286,
            -0.011613249522097776,
            0.0026368745394463942,
            -0.004335720020408445,
            0.00023537729729669358,
            -0.0002449129599179021,
            -0.0021844750746148017,
            0.0005467693714144483
        ],
        [
            -0.19625873146805592,
            -0.12972140234867377,
            -0.001809119132145813,
            0.001472483328659549,
            -0.00643584902147899,
            -0.0467858769991203,
            -0.02121657175310516,
            0.015496317995758218,
            0.269259080243853,
            -0.033645215124546386,
            0.29805323108076437,
            0.07271106322173662,
            -0.008817954299435665,
            0.030664950781048857,
            -9.041078791713006e-05,
            -0.07217977584738751,
            0.017112189179626182,
            -0.0223837647346978,
            -0.1850958455679994,
            0.04416394679590465
        ],
        [
            -0.057715439400010865,
            -0.029332437979431324,
            0.008296434469053983,
            0.05492252027390111,
            0.009936678147646715,
            0.05547005414649427,
            -0.011196093757547399,
            0.004066103853448147,
            -0.033645215124546386,
            0.023945699842587067,
            -0.07724281904698299,
            -0.017464571173039563,
            0.000553143755248524,
            -0.049447306470743545,
            0.009067330393818577,
            0.010145634007712167,
            -0.0032448835702635287,
            0.006165625010267638,
            0.050514040984821935,
            -0.011991886870014578
        ],
        [
            0.036976987920448255,
            0.032632305418821894,
            -0.005919810972504028,
            -0.029330136235087005,
            -0.01098190520211059,
            0.0612736105937245,
            0.1207166951586801,
            0.004189839335913491,
            0.29805323108076437,
            -0.07724281904698299,
            0.5310194681656246,
            0.19446380236933275,
            -0.008109902761098516,
            0.05075927514721368,
            -0.0013034228505224479,
            -0.00803044163289315,
            0.08010927405337717,
            -0.03458343730241134,
            -0.2826910686660105,
            0.06626182879406228
        ],
        [
            0.02821451962846798,
            0.02387768598155893,
            0.005444007166272444,
            0.0370398096085185,
            0.0053713628268821974,
            0.11531889105642179,
            0.08149583288827124,
            0.0009823007227918814,
            0.07271106322173662,
            -0.017464571173039563,
            0.19446380236933275,
            0.13077220916876658,
            0.004825382974636311,
            0.02371520188229543,
            -0.003030869863881448,
            0.1620931571320498,
            0.13486333163140726,
            -0.006337882956551709,
            -0.0480818948463899,
            0.010766059161990074
        ],
        [
            0.003628323522018818,
            -0.00043454412054216076,
            -0.000263575242447803,
            -0.002375128156929127,
            -0.0001673059788317281,
            -0.004167491542302629,
            -0.0011968878188141946,
            -0.0006794724324308286,
            -0.008817954299435665,
            0.000553143755248524,
            -0.008109902761098516,
            0.004825382974636311,
            0.0017701525319942589,
            0.012722405615422231,
            -0.003085871358815467,
            0.030011729185234533,
            0.01812886708312306,
            0.0014196117505423805,
            0.012264734993819195,
            -0.0028925001488830804
        ],
        [
            0.06460268778075778,
            -0.01772941323778251,
            -0.02803528975630748,
            -0.18811079590258442,
            -0.03272103850556748,
            -0.3006965153865756,
            -0.06804083297453788,
            -0.011613249522097776,
            0.030664950781048857,
            -0.049447306470743545,
            0.05075927514721368,
            0.02371520188229543,
            0.012722405615422231,
            0.2684229738457625,
            -0.05721539035006119,
            0.1815864239191056,
            0.12822674362372555,
            -0.0015167090860981189,
            -0.008532852858202015,
            0.002919176982534861
        ],
        [
            -0.014242147216400292,
            0.0037365974312237454,
            0.005786042053433135,
            0.03910866970677182,
            0.006661668838942067,
            0.06380037760670225,
            0.015814720971340367,
            0.0026368745394463942,
            -9.041078791713006e-05,
            0.009067330393818577,
            -0.0013034228505224479,
            -0.003030869863881448,
            -0.003085871358815467,
            -0.05721539035006119,
            0.01240502337356065,
            -0.04331319432336706,
            -0.02871855547277426,
            -0.000452854650496401,
            -0.0046272446577255676,
            0.0008994813424855411
        ],
        [
            -0.0003254045960031333,
            -0.034152069516584505,
            0.005741988842724517,
            0.030962713823921115,
            0.007742496255613546,
            0.04866947980691268,
            0.024357122173111544,
            -0.004335720020408445,
            -0.07217977584738751,
            0.010145634007712167,
            -0.00803044163289315,
            0.1620931571320498,
            0.030011729185234533,
            0.1815864239191056,
            -0.04331319432336706,
            0.5761187190693732,
            0.37539555699205945,
            0.01917803550132173,
            0.16938191271548528,
            -0.04031532259856669
        ],
        [
            -0.03371013978658583,
            -0.0439770465654787,
            0.003596249003412821,
            0.022064277733926715,
            0.0038799551372744098,
            0.03274272036652915,
            0.021272062457379236,
            0.00023537729729669358,
            0.017112189179626182,
            -0.0032448835702635287,
            0.08010927405337717,
            0.13486333163140726,
            0.01812886708312306,
            0.12822674362372555,
            -0.02871855547277426,
            0.37539555699205945,
            0.26122144694423555,
            0.0068983404785820795,
            0.06452500130616128,
            -0.015414954732628626
        ],
        [
            -0.002862855420441248,
            -0.0025012793563317015,
            0.001135085179644489,
            0.006649677865489981,
            0.0016267048168004414,
            0.004190940593256915,
            -0.0049999472997903065,
            -0.0002449129599179021,
            -0.0223837647346978,
            0.006165625010267638,
            -0.03458343730241134,
            -0.006337882956551709,
            0.0014196117505423805,
            -0.0015167090860981189,
            -0.000452854650496401,
            0.01917803550132173,
            0.0068983404785820795,
            0.0029398710662113755,
            0.024444382159764643,
            -0.005773746156272682
        ],
        [
            -0.02188982747874488,
            -0.020136466540475396,
            0.009382451956853777,
            0.05484419615617803,
            0.013453159722862287,
            0.03581152870964929,
            -0.03971863657904848,
            -0.0021844750746148017,
            -0.1850958455679994,
            0.050514040984821935,
            -0.2826910686660105,
            -0.0480818948463899,
            0.012264734993819195,
            -0.008532852858202015,
            -0.0046272446577255676,
            0.16938191271548528,
            0.06452500130616128,
            0.024444382159764643,
            0.2034723566054343,
            -0.04807154599303174
        ],
        [
            0.0040414550952053135,
            0.0037450584410728257,
            -0.002328400414818126,
            -0.013664119044478649,
            -0.003317008530218092,
            -0.010432816482256106,
            0.008326515703332923,
            0.0005467693714144483,
            0.04416394679590465,
            -0.011991886870014578,
            0.06626182879406228,
            0.010766059161990074,
            -0.0028925001488830804,
            0.002919176982534861,
            0.0008994813424855411,
            -0.04031532259856669,
            -0.015414954732628626,
            -0.005773746156272682,
            -0.04807154599303174,
            0.01136681952659523
        ]
    ]
}