{
    "opt_E": -2.1578770440382296,
    "HF_E": -2.126159093573635,
    "B3LYP_E": -2.1295828617295114,
    "sto-3G_E": -2.101782739373633,
    "proj": [
        [
            0.5679608973112258,
            0.3697445771132421,
            -0.03381611188636711,
            -0.16341750218695084,
            -0.044976247129536184,
            0.013158849742906318,
            0.16360265575768657,
            -0.06593998102004561,
            -0.18381685764322264,
            -0.0635005665912852,
            0.044345030407050005,
            0.0301303240984303,
            -0.00876913915698281,
            0.06851099895770828,
            0.007399940990582912,
            -0.0003713928420977169,
            -0.035827581355312665,
            0.007721966922452505,
            -0.02539386965527735,
            0.0016138185167479998
        ],
        [
            0.3697445771132421,
            0.25312423718220267,
            -0.01251985820405339,
            -0.06772990845628679,
            -0.01785566839201482,
            0.07987475937331928,
            0.12969177142192945,
            -0.036118203690034587,
            -0.12723965071274912,
            -0.03949322657227876,
            0.03304095783809898,
            0.022495729337164885,
            -4.8795036255489485e-05,
            -0.013200316314524263,
            -0.0022632946793174308,
            -0.030746804960989037,
            -0.04426530091025943,
            0.004599919871825049,
            -0.0179175663367918,
            0.00041813375623783234
        ],
        [
            -0.03381611188636711,
            -0.01251985820405339,
            0.011406876435058458,
            0.0471114693252641,
            0.013776061672305428,
            0.06529986886543934,
            0.010831027568934948,
            0.010886012802241399,
            -0.0076315531458085,
            0.0036588098092365955,
            -0.010955733706157085,
            0.005761431458251581,
            0.001382809656722615,
            -0.04915620836843354,
            -0.00877967974887938,
            0.008060983207161556,
            0.004817694305086662,
            -0.00502632567987415,
            0.015254566486909723,
            -0.0009953818271519173
        ],
        [
            -0.16341750218695084,
            -0.06772990845628679,
            0.0471114693252641,
            0.19717266731093103,
            0.05738512020004316,
            0.26681753866301494,
            0.04130814072446075,
            0.04562770868929825,
            -0.004945842226697656,
            0.020221370924915612,
            -0.01942368802706326,
            0.031434525309330566,
            0.007632652473383614,
            -0.1989034715231764,
            -0.03399386179907804,
            0.027971395370156527,
            0.022767694446171494,
            -0.016508030380746618,
            0.048463838368039094,
            -0.003655606115410594
        ],
        [
            -0.044976247129536184,
            -0.01785566839201482,
            0.013776061672305428,
            0.05738512020004316,
            0.01673013789637555,
            0.07855662636846955,
            0.012630387528898617,
            0.013242050833974502,
            -0.004153726537946359,
            0.00537837978221104,
            -0.008100592907847254,
            0.008395368689662156,
            0.002100911954435633,
            -0.058817201503455,
            -0.010166662576264114,
            0.008195742793083438,
            0.006017314559771794,
            -0.005204027269895012,
            0.015442833836559587,
            -0.0011122339667396061
        ],
        [
            0.013158849742906318,
            0.07987475937331928,
            0.06529986886543934,
            0.26681753866301494,
            0.07855662636846955,
            0.5069918096319759,
            0.18439556188796088,
            0.041676210114586616,
            -0.04693305184725938,
            0.010964693401002281,
            0.08775648296232307,
            0.11009958279853538,
            0.014651227745663341,
            -0.3130480129703465,
            -0.05131726975506448,
            0.0380689121720267,
            0.030621788551225416,
            -0.010856522126931183,
            0.022740119734028813,
            -0.00417019217118366
        ],
        [
            0.16360265575768657,
            0.12969177142192945,
            0.010831027568934948,
            0.04130814072446075,
            0.012630387528898617,
            0.18439556188796088,
            0.12393024275216631,
            -0.00894887223514642,
            -0.019140792984370863,
            -0.0074825868637428666,
            0.12123651146702162,
            0.08040354834598104,
            0.004475509307528337,
            -0.06890787976775017,
            -0.010332667209915356,
            0.024904760473468828,
            0.022236640366326887,
            0.00911894145592302,
            -0.03552920549416121,
            0.00028458057614205707
        ],
        [
            -0.06593998102004561,
            -0.036118203690034587,
            0.010886012802241399,
            0.04562770868929825,
            0.013242050833974502,
            0.041676210114586616,
            -0.00894887223514642,
            0.01367357609442828,
            -0.0042646071925904775,
            0.00554021604051044,
            -0.0318536919840722,
            -0.007490816180890266,
            0.0010945986706758458,
            -0.043818093876285574,
            -0.007929822406211179,
            0.0023290204461159946,
            0.00017214891153909015,
            -0.006862659296386017,
            0.021992478134734397,
            -0.0011376554341589124
        ],
        [
            -0.18381685764322264,
            -0.12723965071274912,
            -0.0076315531458085,
            -0.004945842226697656,
            -0.004153726537946359,
            -0.04693305184725938,
            -0.019140792984370863,
            -0.0042646071925904775,
            0.282799677319121,
            0.049177034904511835,
            0.3056835032354798,
            0.08590334562917806,
            0.02245507089614844,
            0.06311641497950929,
            0.029626443394392955,
            -0.0812863432631297,
            0.014590293973757685,
            0.052334704025453975,
            -0.1787737550281621,
            0.005753212977346101
        ],
        [
            -0.0635005665912852,
            -0.03949322657227876,
            0.0036588098092365955,
            0.020221370924915612,
            0.00537837978221104,
            0.010964693401002281,
            -0.0074825868637428666,
            0.00554021604051044,
            0.049177034904511835,
            0.011452113274146443,
            0.040640127176017414,
            0.011953810311297507,
            0.004645285539676699,
            -0.009140674449486616,
            0.001694914720370258,
            -0.014306200776636146,
            0.0022567224007262413,
            0.006341537645266281,
            -0.02235309364047849,
            0.0005162140433386716
        ],
        [
            0.044345030407050005,
            0.03304095783809898,
            -0.010955733706157085,
            -0.01942368802706326,
            -0.008100592907847254,
            0.08775648296232307,
            0.12123651146702162,
            -0.0318536919840722,
            0.3056835032354798,
            0.040640127176017414,
            0.5196721132758365,
            0.2055722490701965,
            0.02401941813798711,
            0.07054122456990335,
            0.03213855569452668,
            -0.02255910151746998,
            0.07181149567109209,
            0.0753954704929283,
            -0.25926818860921175,
            0.008222679365073746
        ],
        [
            0.0301303240984303,
            0.022495729337164885,
            0.005761431458251581,
            0.031434525309330566,
            0.008395368689662156,
            0.11009958279853538,
            0.08040354834598104,
            -0.007490816180890266,
            0.08590334562917806,
            0.011953810311297507,
            0.2055722490701965,
            0.13363712466153682,
            -0.0057404646499160635,
            0.02874229234209141,
            0.0006878886170440293,
            0.15152689803804734,
            0.133205557326116,
            0.016262093191696102,
            -0.054913183629250205,
            0.0019935830884858516
        ],
        [
            -0.00876913915698281,
            -4.8795036255489485e-05,
            0.001382809656722615,
            0.007632652473383614,
            0.002100911954435633,
            0.014651227745663341,
            0.004475509307528337,
            0.0010945986706758458,
            0.02245507089614844,
            0.004645285539676699,
            0.02401941813798711,
            -0.0057404646499160635,
            0.00838076747689421,
            -0.025232234162954566,
            0.0015749547464541259,
            -0.06339000784621127,
            -0.03768481457970291,
            0.007044836884019132,
            -0.025885852393766735,
            0.0004171709927704469
        ],
        [
            0.06851099895770828,
            -0.013200316314524263,
            -0.04915620836843354,
            -0.1989034715231764,
            -0.058817201503455,
            -0.3130480129703465,
            -0.06890787976775017,
            -0.043818093876285574,
            0.06311641497950929,
            -0.009140674449486616,
            0.07054122456990335,
            0.02874229234209141,
            -0.025232234162954566,
            0.2917236749439507,
            0.038267537762246284,
            0.15652059827885284,
            0.11752446178805144,
            0.013864693312097004,
            -0.03397930431910688,
            0.0043810031298953285
        ],
        [
            0.007399940990582912,
            -0.0022632946793174308,
            -0.00877967974887938,
            -0.03399386179907804,
            -0.010166662576264114,
            -0.05131726975506448,
            -0.010332667209915356,
            -0.007929822406211179,
            0.029626443394392955,
            0.001694914720370258,
            0.03213855569452668,
            0.0006878886170440293,
            0.0015749547464541259,
            0.038267537762246284,
            0.008872620050806202,
            -0.01930332837608651,
            -0.006828977686820281,
            0.00824546121794116,
            -0.0269326478800897,
            0.0011949808133866727
        ],
        [
            -0.0003713928420977169,
            -0.030746804960989037,
            0.008060983207161556,
            0.027971395370156527,
            0.008195742793083438,
            0.0380689121720267,
            0.024904760473468828,
            0.0023290204461159946,
            -0.0812863432631297,
            -0.014306200776636146,
            -0.02255910151746998,
            0.15152689803804734,
            -0.06339000784621127,
            0.15652059827885284,
            -0.01930332837608651,
            0.5898465087461252,
            0.3892062048407357,
            -0.0432130228505736,
            0.15958295044712692,
            -0.00245466127956325
        ],
        [
            -0.035827581355312665,
            -0.04426530091025943,
            0.004817694305086662,
            0.022767694446171494,
            0.006017314559771794,
            0.030621788551225416,
            0.022236640366326887,
            0.00017214891153909015,
            0.014590293973757685,
            0.0022567224007262413,
            0.07181149567109209,
            0.133205557326116,
            -0.03768481457970291,
            0.11752446178805144,
            -0.006828977686820281,
            0.3892062048407357,
            0.27474364779597066,
            -0.015915791443967205,
            0.06224443137658968,
            -0.00023173391579363938
        ],
        [
            0.007721966922452505,
            0.004599919871825049,
            -0.00502632567987415,
            -0.016508030380746618,
            -0.005204027269895012,
            -0.010856522126931183,
            0.00911894145592302,
            -0.006862659296386017,
            0.052334704025453975,
            0.006341537645266281,
            0.0753954704929283,
            0.016262093191696102,
            0.007044836884019132,
            0.013864693312097004,
            0.00824546121794116,
            -0.0432130228505736,
            -0.015915791443967205,
            0.014532219904045532,
            -0.050062154970032,
            0.0015675098039994511
        ],
        [
            -0.02539386965527735,
            -0.0179175663367918,
            0.015254566486909723,
            0.048463838368039094,
            0.015442833836559587,
            0.022740119734028813,
            -0.03552920549416121,
            0.021992478134734397,
            -0.1787737550281621,
            -0.02235309364047849,
            -0.25926818860921175,
            -0.054913183629250205,
            -0.025885852393766735,
            -0.03397930431910688,
            -0.0269326478800897,
            0.15958295044712692,
            0.06224443137658968,
            -0.050062154970032,
            0.17314999009615614,
            -0.005257165215040487
        ],
        [
            0.0016138185167479998,
            0.00041813375623783234,
            -0.0009953818271519173,
            -0.003655606115410594,
            -0.0011122339667396061,
            -0.00417019217118366,
            0.00028458057614205707,
            -0.0011376554341589124,
            0.005753212977346101,
            0.0005162140433386716,
            0.008222679365073746,
            0.0019935830884858516,
            0.0004171709927704469,
            0.0043810031298953285,
            0.0011949808133866727,
            -0.00245466127956325,
            -0.00023173391579363938,
            0.0015675098039994511,
            -0.005257165215040487,
            0.00019909784104628093
        ]
    ]
}