{
    "opt_E": -2.160826849115165,
    "HF_E": -2.1295231045026046,
    "B3LYP_E": -2.1316153308829193,
    "sto-3G_E": -2.1016465204264234,
    "proj": [
        [
            0.5592986203976109,
            0.3709868971581003,
            0.03973216628389387,
            -0.16276118490097574,
            0.04607889628482264,
            0.006846167954566617,
            0.1692171168221402,
            0.07989200014224558,
            -0.1836500528148345,
            0.07006992130657508,
            0.021161270846544993,
            0.03345581966514154,
            0.009192605412763954,
            0.04625526533837901,
            0.010763320078710982,
            0.00036936531169847256,
            -0.029040136070812538,
            0.0027422345504027196,
            -0.013436945973826674,
            -0.004425092874399874
        ],
        [
            0.3709868971581003,
            0.258747502041801,
            0.015397619242997275,
            -0.07230817120348286,
            0.01949155692898415,
            0.07502754337228604,
            0.13651893352533698,
            0.04676447520311123,
            -0.11939022632817958,
            0.04066351983276956,
            0.032097219826677424,
            0.028290002569827204,
            -0.0015839249802451444,
            -0.023095666185224382,
            0.0015842068571717358,
            -0.035382064510160266,
            -0.03988692102063258,
            0.0034596209455071674,
            -0.02633432820016064,
            -0.006492518801878653
        ],
        [
            0.03973216628389387,
            0.015397619242997275,
            0.018534761952091482,
            -0.05963211903041944,
            0.019108821520408464,
            -0.087830677219667,
            -0.013587182602369938,
            0.019887702169174137,
            0.010744489753710954,
            0.011414577956195089,
            0.014019656791822467,
            -0.010195773602110582,
            0.019110919193285978,
            0.05163717223757924,
            -0.003265927449463701,
            -0.00807449359086835,
            -0.005681822319937111,
            0.0035706345009679998,
            -0.020129549307597246,
            -0.00748565503158879
        ],
        [
            -0.16276118490097574,
            -0.07230817120348286,
            -0.05963211903041944,
            0.19620816269683622,
            -0.061840437070872036,
            0.27641831222368707,
            0.03642334666247843,
            -0.06256610397581368,
            -0.002648692498811371,
            -0.040499278310836676,
            -0.015413401473659155,
            0.037199368588632646,
            -0.056978900335889184,
            -0.16516080958715307,
            0.0059692603388674876,
            0.02037466930262691,
            0.020415770364969908,
            -0.008320372379155942,
            0.04376972220979834,
            0.017790818660141407
        ],
        [
            0.04607889628482264,
            0.01949155692898415,
            0.019108821520408464,
            -0.061840437070872036,
            0.019756956133157057,
            -0.08835532778333999,
            -0.011757762844872722,
            0.020967629160542036,
            0.009011766525956144,
            0.012272794450819031,
            0.014767891966076625,
            -0.009589435254902785,
            0.019327920988188012,
            0.05281301435137563,
            -0.0031153282980560886,
            -0.007462716807305787,
            -0.005556885482333111,
            0.003640244069888851,
            -0.020434131647797286,
            -0.0075993671468469704
        ],
        [
            0.006846167954566617,
            0.07502754337228604,
            -0.087830677219667,
            0.27641831222368707,
            -0.08835532778333999,
            0.5347850026164019,
            0.180702341223995,
            -0.05919229909056324,
            -0.05854792782792993,
            -0.0369273850186505,
            0.06697293778939156,
            0.11503940809028616,
            -0.09462288907439255,
            -0.28275152693627575,
            0.009583496430487953,
            0.03937144763399153,
            0.03328629746827198,
            -0.006231001851004674,
            0.0239471126210413,
            0.015933980944606713
        ],
        [
            0.1692171168221402,
            0.13651893352533698,
            -0.013587182602369938,
            0.03642334666247843,
            -0.011757762844872722,
            0.180702341223995,
            0.1252854794719441,
            0.019375325753903716,
            -0.024739490736759604,
            0.009784921635280996,
            0.11303718749317115,
            0.07761755559729566,
            -0.020853246823940786,
            -0.06560573153922948,
            0.0008050797311475199,
            0.029878763629648995,
            0.023754582459567863,
            0.006268034211465163,
            -0.04232948780776684,
            -0.010076202066408748
        ],
        [
            0.07989200014224558,
            0.04676447520311123,
            0.019887702169174137,
            -0.06256610397581368,
            0.020967629160542036,
            -0.05919229909056324,
            0.019375325753903716,
            0.03469584422831962,
            0.03485497862466716,
            0.015295026487045093,
            0.08648380281146703,
            0.019969404785319594,
            0.02171051062663124,
            0.049685031057355084,
            -0.007297572752666454,
            0.001669310158324015,
            0.007411001963290628,
            0.009675462561969122,
            -0.058906883546990224,
            -0.01876174001661051
        ],
        [
            -0.1836500528148345,
            -0.11939022632817958,
            0.010744489753710954,
            -0.002648692498811371,
            0.009011766525956144,
            -0.05854792782792993,
            -0.024739490736759604,
            0.03485497862466716,
            0.2532871295759601,
            -0.01683403891797104,
            0.2875027436716518,
            0.054460928356977974,
            0.04422938578447921,
            0.0286997258530172,
            -0.03816758103414724,
            -0.038577481288367306,
            0.02192524993991842,
            0.03027907948716433,
            -0.19776543699022373,
            -0.05959980303980169
        ],
        [
            0.07006992130657508,
            0.04066351983276956,
            0.011414577956195089,
            -0.040499278310836676,
            0.012272794450819031,
            -0.0369273850186505,
            0.009784921635280996,
            0.015295026487045093,
            -0.01683403891797104,
            0.011789369196243486,
            0.0036677461069805554,
            0.0013470180569574058,
            0.0073394408361621335,
            0.03167989664823304,
            0.001955444715123452,
            0.009810681646437487,
            0.002768010721948592,
            0.000859079145815725,
            -0.0023812790003366175,
            -0.0015381116989253668
        ],
        [
            0.021161270846544993,
            0.032097219826677424,
            0.014019656791822467,
            -0.015413401473659155,
            0.014767891966076625,
            0.06697293778939156,
            0.11303718749317115,
            0.08648380281146703,
            0.2875027436716518,
            0.0036677461069805554,
            0.5102696429355181,
            0.17075132418080782,
            0.04202754796786193,
            0.028724702142547527,
            -0.041005468077249266,
            0.039758652095702424,
            0.08861217991767087,
            0.04652422144992889,
            -0.2959429589075969,
            -0.0879902694367572
        ],
        [
            0.03345581966514154,
            0.028290002569827204,
            -0.010195773602110582,
            0.037199368588632646,
            -0.009589435254902785,
            0.11503940809028616,
            0.07761755559729566,
            0.019969404785319594,
            0.054460928356977974,
            0.0013470180569574058,
            0.17075132418080782,
            0.11866462830660567,
            -0.017341888751486075,
            0.02648644432250062,
            0.011768229151837796,
            0.17290509793594008,
            0.13068665759899256,
            0.007531026150421702,
            -0.0321554746912131,
            -0.009809913187105026
        ],
        [
            0.009192605412763954,
            -0.0015839249802451444,
            0.019110919193285978,
            -0.056978900335889184,
            0.019327920988188012,
            -0.09462288907439255,
            -0.020853246823940786,
            0.02171051062663124,
            0.04422938578447921,
            0.0073394408361621335,
            0.04202754796786193,
            -0.017341888751486075,
            0.027193292347178738,
            0.036674344167005365,
            -0.013205608460997784,
            -0.05262141187903229,
            -0.029032044675537185,
            0.00809184783647461,
            -0.05431234139243599,
            -0.017262089281296893
        ],
        [
            0.04625526533837901,
            -0.023095666185224382,
            0.05163717223757924,
            -0.16516080958715307,
            0.05281301435137563,
            -0.28275152693627575,
            -0.06560573153922948,
            0.049685031057355084,
            0.0286997258530172,
            0.03167989664823304,
            0.028724702142547527,
            0.02648644432250062,
            0.036674344167005365,
            0.2581099239832838,
            0.02356311167981604,
            0.21086863026699884,
            0.13649996417228316,
            0.000676563030092286,
            0.03170401258330399,
            0.0019510688841474306
        ],
        [
            0.010763320078710982,
            0.0015842068571717358,
            -0.003265927449463701,
            0.0059692603388674876,
            -0.0031153282980560886,
            0.009583496430487953,
            0.0008050797311475199,
            -0.007297572752666454,
            -0.03816758103414724,
            0.001955444715123452,
            -0.041005468077249266,
            0.011768229151837796,
            -0.013205608460997784,
            0.02356311167981604,
            0.01527394911712612,
            0.07551127628517651,
            0.042738012138396834,
            -0.007059012779137941,
            0.053821198084250975,
            0.015341758808065759
        ],
        [
            0.00036936531169847256,
            -0.035382064510160266,
            -0.00807449359086835,
            0.02037466930262691,
            -0.007462716807305787,
            0.03937144763399153,
            0.029878763629648995,
            0.001669310158324015,
            -0.038577481288367306,
            0.009810681646437487,
            0.039758652095702424,
            0.17290509793594008,
            -0.05262141187903229,
            0.21086863026699884,
            0.07551127628517651,
            0.5414933875849819,
            0.3529173162992841,
            -0.017788697348071068,
            0.176060832160293,
            0.0467139240354918
        ],
        [
            -0.029040136070812538,
            -0.03988692102063258,
            -0.005681822319937111,
            0.020415770364969908,
            -0.005556885482333111,
            0.03328629746827198,
            0.023754582459567863,
            0.007411001963290628,
            0.02192524993991842,
            0.002768010721948592,
            0.08861217991767087,
            0.13068665759899256,
            -0.029032044675537185,
            0.13649996417228316,
            0.042738012138396834,
            0.3529173162992841,
            0.23958324557242378,
            -0.005725099812490317,
            0.0766104886462299,
            0.0191822514490266
        ],
        [
            0.0027422345504027196,
            0.0034596209455071674,
            0.0035706345009679998,
            -0.008320372379155942,
            0.003640244069888851,
            -0.006231001851004674,
            0.006268034211465163,
            0.009675462561969122,
            0.03027907948716433,
            0.000859079145815725,
            0.04652422144992889,
            0.007531026150421702,
            0.00809184783647461,
            0.000676563030092286,
            -0.007059012779137941,
            -0.017788697348071068,
            -0.005725099812490317,
            0.0053249721687987925,
            -0.03595538646728112,
            -0.010659289392539552
        ],
        [
            -0.013436945973826674,
            -0.02633432820016064,
            -0.020129549307597246,
            0.04376972220979834,
            -0.020434131647797286,
            0.0239471126210413,
            -0.04232948780776684,
            -0.058906883546990224,
            -0.19776543699022373,
            -0.0023812790003366175,
            -0.2959429589075969,
            -0.0321554746912131,
            -0.05431234139243599,
            0.03170401258330399,
            0.053821198084250975,
            0.176060832160293,
            0.0766104886462299,
            -0.03595538646728112,
            0.25008642784317225,
            0.07315209292623163
        ],
        [
            -0.004425092874399874,
            -0.006492518801878653,
            -0.00748565503158879,
            0.017790818660141407,
            -0.0075993671468469704,
            0.015933980944606713,
            -0.010076202066408748,
            -0.01876174001661051,
            -0.05959980303980169,
            -0.0015381116989253668,
            -0.0879902694367572,
            -0.009809913187105026,
            -0.017262089281296893,
            0.0019510688841474306,
            0.015341758808065759,
            0.0467139240354918,
            0.0191822514490266,
            -0.010659289392539552,
            0.07315209292623163,
            0.02161170183054537
        ]
    ]
}