{
    "opt_E": -2.2141894623417295,
    "HF_E": -2.1823523222315604,
    "B3LYP_E": -2.184833275827044,
    "sto-3G_E": -2.168871444862271,
    "proj": [
        [
            0.6040147212767911,
            0.37397188797645686,
            0.03925559767345409,
            -0.15527924754541209,
            -0.021817854798781126,
            -0.05134865838862697,
            0.15044221343231592,
            0.07214910561439689,
            -0.1899909806104768,
            -0.045973154067491286,
            0.024449060151873245,
            0.021901399058377808,
            0.011024801315449164,
            0.04709291197885279,
            -0.010274043835363983,
            -0.003934705882425878,
            -0.02403042687977405,
            0.0015545380596077589,
            -0.019632230859159643,
            -0.003016811260024568
        ],
        [
            0.37397188797645686,
            0.25992196746822366,
            0.00883182093769343,
            -0.040587520108044686,
            -0.004478971335952337,
            0.09573950119588205,
            0.1454420873569929,
            0.03263619762445542,
            -0.12400434391515704,
            -0.019054613444638237,
            0.010287432101103498,
            0.02790448181422532,
            -0.005317693970487201,
            -0.029754858524489097,
            0.00634784096046922,
            -0.027559835632253053,
            -0.03062535005986897,
            0.000452766905647586,
            -0.010033854717891047,
            -0.0008189220429532865
        ],
        [
            0.03925559767345409,
            0.00883182093769343,
            0.01222006349553272,
            -0.043545711299847356,
            -0.007113446820605631,
            -0.07821259308069871,
            -0.019065839358328222,
            0.013586313139854523,
            -0.00026247221215914505,
            -0.01049011310885479,
            0.019849949003227896,
            -0.008238668694565712,
            0.008891244978403563,
            0.02567502071944291,
            -0.010500947708125919,
            -0.006250040792936858,
            -0.0022927028752331604,
            0.0008627203399892333,
            -0.019173397790315287,
            -0.002524933167287936
        ],
        [
            -0.15527924754541209,
            -0.040587520108044686,
            -0.043545711299847356,
            0.15724967170052673,
            0.025256534750450282,
            0.27921691346011834,
            0.06785302956010499,
            -0.046874867199130664,
            0.01894390601582792,
            0.035057290584088185,
            -0.04279265185808451,
            0.03474283214478505,
            -0.030634304675692246,
            -0.10056921389987221,
            0.03507348419832636,
            0.012226435182676316,
            0.007306636258958786,
            -0.0023857197316223292,
            0.04798654235417892,
            0.006746700794415252
        ],
        [
            -0.021817854798781126,
            -0.004478971335952337,
            -0.007113446820605631,
            0.025256534750450282,
            0.00414533593379802,
            0.045714103480298425,
            0.01133027669111495,
            -0.007929228560409413,
            -0.0006766272343391062,
            0.0061722734136042245,
            -0.012535498306608106,
            0.00474044360490259,
            -0.005234742531685794,
            -0.014548018835605902,
            0.006232278543369075,
            0.004247882107996876,
            0.0014988459172934042,
            -0.0005277682543903413,
            0.011979112014977162,
            0.0015584274743522647
        ],
        [
            -0.05134865838862697,
            0.09573950119588205,
            -0.07821259308069871,
            0.27921691346011834,
            0.045714103480298425,
            0.6160253901531303,
            0.2428700708185643,
            -0.06320131110379326,
            -0.02258169789564646,
            0.04908799466880468,
            -0.015550832340510924,
            0.11450012988071703,
            -0.06246681124319737,
            -0.21334741032857144,
            0.07113157594003651,
            0.02979991944896911,
            0.018259332987843237,
            -0.0030442720103149162,
            0.059340330860246454,
            0.009134924567182992
        ],
        [
            0.15044221343231592,
            0.1454420873569929,
            -0.019065839358328222,
            0.06785302956010499,
            0.01133027669111495,
            0.2428700708185643,
            0.1579105641446853,
            0.004074296103187245,
            -0.027394777761821143,
            -0.002692525828135205,
            0.08782203443674594,
            0.08718674920727411,
            -0.020327070533313413,
            -0.0765760415259304,
            0.022335894827651134,
            0.029134895186275676,
            0.02563771179729393,
            0.0011594092351088804,
            -0.026976178177302204,
            -0.0026540278086972257
        ],
        [
            0.07214910561439689,
            0.03263619762445542,
            0.013586313139854523,
            -0.046874867199130664,
            -0.007929228560409413,
            -0.06320131110379326,
            0.004074296103187245,
            0.021455680766808777,
            0.008944080702056061,
            -0.01739969620924005,
            0.06979855684039765,
            0.013398339435750743,
            0.009307332294205176,
            0.01917109502803085,
            -0.011860781006345565,
            -0.0007135010319034458,
            0.007747011292009068,
            0.0020023784737482936,
            -0.046288790267365376,
            -0.00573392997326814
        ],
        [
            -0.1899909806104768,
            -0.12400434391515704,
            -0.00026247221215914505,
            0.01894390601582792,
            -0.0006766272343391062,
            -0.02258169789564646,
            -0.027394777761821143,
            0.008944080702056061,
            0.16948084197974728,
            -0.017280863084159926,
            0.2368777137169217,
            0.05467508507819389,
            0.009718132955823237,
            -0.042895788553384016,
            -0.018920958480686208,
            -0.029896959907560444,
            0.02839294330955928,
            0.005613454013607458,
            -0.15443018540186976,
            -0.017661144408981172
        ],
        [
            -0.045973154067491286,
            -0.019054613444638237,
            -0.01049011310885479,
            0.035057290584088185,
            0.0061722734136042245,
            0.04908799466880468,
            -0.002692525828135205,
            -0.01739969620924005,
            -0.017280863084159926,
            0.014725985263046755,
            -0.06997651938405819,
            -0.014430807839547706,
            -0.007748361208565396,
            -0.011630486371190676,
            0.01031634664929962,
            0.0025258015342848263,
            -0.00780997396022679,
            -0.0019259019318836918,
            0.04612829714680428,
            0.005613531772097853
        ],
        [
            0.024449060151873245,
            0.010287432101103498,
            0.019849949003227896,
            -0.04279265185808451,
            -0.012535498306608106,
            -0.015550832340510924,
            0.08782203443674594,
            0.06979855684039765,
            0.2368777137169217,
            -0.06997651938405819,
            0.5748449588997486,
            0.19188027206217634,
            0.02110370982213602,
            -0.0384080176284387,
            -0.03662204469004764,
            0.036018274367877544,
            0.11366912473091638,
            0.013561335659139775,
            -0.3338096031830533,
            -0.0395933143922349
        ],
        [
            0.021901399058377808,
            0.02790448181422532,
            -0.008238668694565712,
            0.03474283214478505,
            0.00474044360490259,
            0.11450012988071703,
            0.08718674920727411,
            0.013398339435750743,
            0.05467508507819389,
            -0.014430807839547706,
            0.19188027206217634,
            0.13604353137387654,
            -0.008696864424450015,
            0.026599778663331932,
            0.01198286962427637,
            0.17914419991908742,
            0.1379671027887483,
            0.003283629138406961,
            -0.044290678861298484,
            -0.006795893296000694
        ],
        [
            0.011024801315449164,
            -0.005317693970487201,
            0.008891244978403563,
            -0.030634304675692246,
            -0.005234742531685794,
            -0.06246681124319737,
            -0.020327070533313413,
            0.009307332294205176,
            0.009718132955823237,
            -0.007748361208565396,
            0.02110370982213602,
            -0.008696864424450015,
            0.007359419555577384,
            0.013879850338567649,
            -0.009294581079734713,
            -0.014972127232617018,
            -0.00612091000428831,
            0.000834898628853779,
            -0.022014292917443123,
            -0.0026685699808807685
        ],
        [
            0.04709291197885279,
            -0.029754858524489097,
            0.02567502071944291,
            -0.10056921389987221,
            -0.014548018835605902,
            -0.21334741032857144,
            -0.0765760415259304,
            0.01917109502803085,
            -0.042895788553384016,
            -0.011630486371190676,
            -0.0384080176284387,
            0.026599778663331932,
            0.013879850338567649,
            0.21234157040707338,
            -0.004273467937488886,
            0.25622940804907046,
            0.14559441528619277,
            -0.0011917946891237313,
            0.1006531576971923,
            0.007956226097666757
        ],
        [
            -0.010274043835363983,
            0.00634784096046922,
            -0.010500947708125919,
            0.03507348419832636,
            0.006232278543369075,
            0.07113157594003651,
            0.022335894827651134,
            -0.011860781006345565,
            -0.018920958480686208,
            0.01031634664929962,
            -0.03662204469004764,
            0.01198286962427637,
            -0.009294581079734713,
            -0.004273467937488886,
            0.012728352395543822,
            0.037278914774779216,
            0.01699715694699478,
            -0.0013409494972615522,
            0.03983875556202665,
            0.004535226625128621
        ],
        [
            -0.003934705882425878,
            -0.027559835632253053,
            -0.006250040792936858,
            0.012226435182676316,
            0.004247882107996876,
            0.02979991944896911,
            0.029134895186275676,
            -0.0007135010319034458,
            -0.029896959907560444,
            0.0025258015342848263,
            0.036018274367877544,
            0.17914419991908742,
            -0.014972127232617018,
            0.25622940804907046,
            0.037278914774779216,
            0.5478702195733275,
            0.33540881823118956,
            -0.0018262287264363293,
            0.17527838021649692,
            0.01438593061285167
        ],
        [
            -0.02403042687977405,
            -0.03062535005986897,
            -0.0022927028752331604,
            0.007306636258958786,
            0.0014988459172934042,
            0.018259332987843237,
            0.02563771179729393,
            0.007747011292009068,
            0.02839294330955928,
            -0.00780997396022679,
            0.11366912473091638,
            0.1379671027887483,
            -0.00612091000428831,
            0.14559441528619277,
            0.01699715694699478,
            0.33540881823118956,
            0.22108712258092364,
            0.0010284569733691406,
            0.052230277094642966,
            0.002376514818666895
        ],
        [
            0.0015545380596077589,
            0.000452766905647586,
            0.0008627203399892333,
            -0.0023857197316223292,
            -0.0005277682543903413,
            -0.0030442720103149162,
            0.0011594092351088804,
            0.0020023784737482936,
            0.005613454013607458,
            -0.0019259019318836918,
            0.013561335659139775,
            0.003283629138406961,
            0.000834898628853779,
            -0.0011917946891237313,
            -0.0013409494972615522,
            -0.0018262287264363293,
            0.0010284569733691406,
            0.00034437509988053045,
            -0.00899905213317393,
            -0.0010467730497670125
        ],
        [
            -0.019632230859159643,
            -0.010033854717891047,
            -0.019173397790315287,
            0.04798654235417892,
            0.011979112014977162,
            0.059340330860246454,
            -0.026976178177302204,
            -0.046288790267365376,
            -0.15443018540186976,
            0.04612829714680428,
            -0.3338096031830533,
            -0.044290678861298484,
            -0.022014292917443123,
            0.1006531576971923,
            0.03983875556202665,
            0.17527838021649692,
            0.052230277094642966,
            -0.00899905213317393,
            0.2668988009012609,
            0.029511592893402782
        ],
        [
            -0.003016811260024568,
            -0.0008189220429532865,
            -0.002524933167287936,
            0.006746700794415252,
            0.0015584274743522647,
            0.009134924567182992,
            -0.0026540278086972257,
            -0.00573392997326814,
            -0.017661144408981172,
            0.005613531772097853,
            -0.0395933143922349,
            -0.006795893296000694,
            -0.0026685699808807685,
            0.007956226097666757,
            0.004535226625128621,
            0.01438593061285167,
            0.002376514818666895,
            -0.0010467730497670125,
            0.029511592893402782,
            0.0033314270304981687
        ]
    ]
}