{
    "opt_E": -2.146096721195446,
    "HF_E": -2.1165670045047684,
    "B3LYP_E": -2.117724552483549,
    "sto-3G_E": -2.0949506025672266,
    "proj": [
        [
            0.520653253454188,
            0.34565647475962247,
            -0.023985743147401855,
            -0.18284353189550354,
            -0.022029250644785576,
            0.060002325062098634,
            0.18050275777787386,
            -0.038294388238152545,
            -0.2263645659760746,
            -0.00933432402474283,
            0.04692866506102831,
            0.03343555556413759,
            0.0003392385662828663,
            0.0335313412479027,
            0.0001626079362546602,
            0.0017119201779200678,
            -0.033835293413430736,
            -0.0008446384314626102,
            -0.030918153249677727,
            0.008804593403198245
        ],
        [
            0.34565647475962247,
            0.2373251845137007,
            -0.011617849259301732,
            -0.09071483418292874,
            -0.011640099662641592,
            0.08595618518880088,
            0.13312753677243616,
            -0.023115677296807337,
            -0.13911234015128127,
            -0.00476836415839878,
            0.04676449211897387,
            0.022873176194859818,
            -0.0001502167159820273,
            -0.022670068473320044,
            -0.0024772186073031693,
            -0.034489532648896835,
            -0.04167304922990193,
            -0.0007665385230441561,
            -0.042127276390627216,
            0.008456740646105965
        ],
        [
            -0.023985743147401855,
            -0.011617849259301732,
            0.006282034623328705,
            0.044259545140676315,
            0.004437466993870405,
            0.046501010679578174,
            0.0037746223345538985,
            0.003799490564887679,
            0.0034420486903481403,
            -0.004235232746299775,
            -0.007961205364590494,
            0.0067521720533899295,
            -0.0005345622005321073,
            -0.029616395588703995,
            -0.012054505403077813,
            0.002911136436252429,
            0.005167305692891297,
            4.77709906770858e-05,
            0.012326847195826206,
            -0.0037469396173106244
        ],
        [
            -0.18284353189550354,
            -0.09071483418292874,
            0.044259545140676315,
            0.3127002992593021,
            0.03143683529270714,
            0.3230940394491571,
            0.023255023319224796,
            0.027676782694284092,
            0.03966433316964384,
            -0.02627002652946065,
            -0.042581144177422973,
            0.04911799623191647,
            -0.003612367696147642,
            -0.20810945807841894,
            -0.08160250531000122,
            0.018944887673719296,
            0.03745160159458529,
            0.000285998306557518,
            0.07614425634041906,
            -0.024164285450436043
        ],
        [
            -0.022029250644785576,
            -0.011640099662641592,
            0.004437466993870405,
            0.03143683529270714,
            0.003200757992863724,
            0.03003620204199205,
            0.0002839239466449086,
            0.0029845988812401605,
            0.005118077744637229,
            -0.0026456170230024566,
            -0.00591863975722964,
            0.0035031570491046667,
            -0.00036233399268947717,
            -0.020857820762365756,
            -0.0077564141211838595,
            0.00016380357581198955,
            0.002705975838276159,
            3.68969598344497e-05,
            0.00782698598404399,
            -0.0024809631646015144
        ],
        [
            0.060002325062098634,
            0.08595618518880088,
            0.046501010679578174,
            0.3230940394491571,
            0.03003620204199205,
            0.49956619300814054,
            0.1590432733457659,
            0.015821771571418917,
            -0.02943237283733183,
            -0.025069522470478483,
            0.05792312818625874,
            0.11489809928172585,
            -0.004096902454611736,
            -0.2694505989902195,
            -0.10283415315103821,
            0.037987509182985844,
            0.04646917821032741,
            -0.0005107874369880811,
            0.029996901099519482,
            -0.016202134955189542
        ],
        [
            0.18050275777787386,
            0.13312753677243616,
            0.0037746223345538985,
            0.023255023319224796,
            0.0002839239466449086,
            0.1590432733457659,
            0.11436169843983418,
            -0.007919336483459478,
            -0.03525142285612256,
            0.00520783792968645,
            0.10907210853167801,
            0.06958369289760755,
            -0.0002483845995661805,
            -0.048607106706965046,
            -0.019349510450141282,
            0.039131284495632836,
            0.026665988399852476,
            -0.0006971380213530023,
            -0.044845703660699246,
            0.008175538777095861
        ],
        [
            -0.038294388238152545,
            -0.023115677296807337,
            0.003799490564887679,
            0.027676782694284092,
            0.0029845988812401605,
            0.015821771571418917,
            -0.007919336483459478,
            0.0037062190053245556,
            0.016652626230294943,
            -0.0002830567964902654,
            -0.002196904690298211,
            0.00018611595908368228,
            -0.0002156492377077295,
            -0.016471392201761453,
            -0.0036567396354163636,
            -0.00404939682465287,
            0.001010947672320198,
            3.317990257403159e-05,
            0.001904901242302682,
            -0.0011270015327711704
        ],
        [
            -0.2263645659760746,
            -0.13911234015128127,
            0.0034420486903481403,
            0.03966433316964384,
            0.005118077744637229,
            -0.02943237283733183,
            -0.03525142285612256,
            0.016652626230294943,
            0.2786251580372404,
            0.06534903621399041,
            0.26967834502265536,
            0.04538899058662464,
            0.0025531460152409032,
            -0.01459637593085583,
            0.05260500138694071,
            -0.022709577546941393,
            0.025003345568181533,
            -0.0010754370735334296,
            -0.20366458669573337,
            0.041680235284301294
        ],
        [
            -0.00933432402474283,
            -0.00476836415839878,
            -0.004235232746299775,
            -0.02627002652946065,
            -0.0026456170230024566,
            -0.025069522470478483,
            0.00520783792968645,
            -0.0002830567964902654,
            0.06534903621399041,
            0.022090827442580552,
            0.09574737065911437,
            0.015648100543316744,
            0.001114503337033745,
            0.01358887341273446,
            0.022345669040576076,
            -0.00625982386678244,
            0.0036993471551429193,
            -0.0004491882795282837,
            -0.07379572677441852,
            0.015974784178716984
        ],
        [
            0.04692866506102831,
            0.04676449211897387,
            -0.007961205364590494,
            -0.042581144177422973,
            -0.00591863975722964,
            0.05792312818625874,
            0.10907210853167801,
            -0.002196904690298211,
            0.26967834502265536,
            0.09574737065911437,
            0.4998080404785536,
            0.1506101045496417,
            0.004340340375963804,
            0.02456532816421485,
            0.0624090532985307,
            0.0747193157325585,
            0.08818301490224728,
            -0.002240703696622195,
            -0.3182833468795595,
            0.06840654035241871
        ],
        [
            0.03343555556413759,
            0.022873176194859818,
            0.0067521720533899295,
            0.04911799623191647,
            0.0035031570491046667,
            0.11489809928172585,
            0.06958369289760755,
            0.00018611595908368228,
            0.04538899058662464,
            0.015648100543316744,
            0.1506101045496417,
            0.11359222910972885,
            0.0007593947706357181,
            0.03327419352954043,
            -0.023790242206058576,
            0.18478705304875412,
            0.132239795743908,
            -0.0002701166900922967,
            -0.014415046623802004,
            0.005508167633574207
        ],
        [
            0.0003392385662828663,
            -0.0001502167159820273,
            -0.0005345622005321073,
            -0.003612367696147642,
            -0.00036233399268947717,
            -0.004096902454611736,
            -0.0002483845995661805,
            -0.0002156492377077295,
            0.0025531460152409032,
            0.001114503337033745,
            0.004340340375963804,
            0.0007593947706357181,
            8.356686553355019e-05,
            0.003377934044418771,
            0.0014230943635151194,
            0.0015025819208498437,
            0.00110689334240567,
            -1.4270503080485362e-05,
            -0.002899789145826972,
            0.0007481261294605431
        ],
        [
            0.0335313412479027,
            -0.022670068473320044,
            -0.029616395588703995,
            -0.20810945807841894,
            -0.020857820762365756,
            -0.2694505989902195,
            -0.048607106706965046,
            -0.016471392201761453,
            -0.01459637593085583,
            0.01358887341273446,
            0.02456532816421485,
            0.03327419352954043,
            0.003377934044418771,
            0.2859040454271749,
            0.030890634328214435,
            0.23896695656057612,
            0.13881946749050708,
            0.0007051779309021287,
            0.05669699315577702,
            0.0005024904909080194
        ],
        [
            0.0001626079362546602,
            -0.0024772186073031693,
            -0.012054505403077813,
            -0.08160250531000122,
            -0.0077564141211838595,
            -0.10283415315103821,
            -0.019349510450141282,
            -0.0036567396354163636,
            0.05260500138694071,
            0.022345669040576076,
            0.0624090532985307,
            -0.023790242206058576,
            0.0014230943635151194,
            0.030890634328214435,
            0.04144370625186367,
            -0.06454071354819979,
            -0.04027275010729591,
            -0.00043091141433790613,
            -0.0841461290063675,
            0.018465919017794062
        ],
        [
            0.0017119201779200678,
            -0.034489532648896835,
            0.002911136436252429,
            0.018944887673719296,
            0.00016380357581198955,
            0.037987509182985844,
            0.039131284495632836,
            -0.00404939682465287,
            -0.022709577546941393,
            -0.00625982386678244,
            0.0747193157325585,
            0.18478705304875412,
            0.0015025819208498437,
            0.23896695656057612,
            -0.06454071354819979,
            0.5156873196479157,
            0.3346992772454731,
            0.0011520847649009033,
            0.1760956542157175,
            -0.024730772856642817
        ],
        [
            -0.033835293413430736,
            -0.04167304922990193,
            0.005167305692891297,
            0.03745160159458529,
            0.002705975838276159,
            0.04646917821032741,
            0.026665988399852476,
            0.001010947672320198,
            0.025003345568181533,
            0.0036993471551429193,
            0.08818301490224728,
            0.132239795743908,
            0.00110689334240567,
            0.13881946749050708,
            -0.04027275010729591,
            0.3346992772454731,
            0.22432775627979987,
            0.0005866128449496803,
            0.08868982669682593,
            -0.011355908264557393
        ],
        [
            -0.0008446384314626102,
            -0.0007665385230441561,
            4.77709906770858e-05,
            0.000285998306557518,
            3.68969598344497e-05,
            -0.0005107874369880811,
            -0.0006971380213530023,
            3.317990257403159e-05,
            -0.0010754370735334296,
            -0.0004491882795282837,
            -0.002240703696622195,
            -0.0002701166900922967,
            -1.4270503080485362e-05,
            0.0007051779309021287,
            -0.00043091141433790613,
            0.0011520847649009033,
            0.0005866128449496803,
            1.5322052190334807e-05,
            0.0020545179457048326,
            -0.0003996300736152273
        ],
        [
            -0.030918153249677727,
            -0.042127276390627216,
            0.012326847195826206,
            0.07614425634041906,
            0.00782698598404399,
            0.029996901099519482,
            -0.044845703660699246,
            0.001904901242302682,
            -0.20366458669573337,
            -0.07379572677441852,
            -0.3182833468795595,
            -0.014415046623802004,
            -0.002899789145826972,
            0.05669699315577702,
            -0.0841461290063675,
            0.1760956542157175,
            0.08868982669682593,
            0.0020545179457048326,
            0.30780812407049796,
            -0.06152586769831827
        ],
        [
            0.008804593403198245,
            0.008456740646105965,
            -0.0037469396173106244,
            -0.024164285450436043,
            -0.0024809631646015144,
            -0.016202134955189542,
            0.008175538777095861,
            -0.0011270015327711704,
            0.041680235284301294,
            0.015974784178716984,
            0.06840654035241871,
            0.005508167633574207,
            0.0007481261294605431,
            0.0005024904909080194,
            0.018465919017794062,
            -0.024730772856642817,
            -0.011355908264557393,
            -0.0003996300736152273,
            -0.06152586769831827,
            0.012818264040238609
        ]
    ]
}