{
    "opt_E": -2.1679009253563244,
    "HF_E": -2.1379256844625583,
    "B3LYP_E": -2.1393914927031337,
    "sto-3G_E": -2.1202601401816987,
    "proj": [
        [
            0.5609050719887604,
            0.3640826311696984,
            0.025299367514913497,
            -0.17887192668443772,
            -0.006102995000665816,
            0.0015525618587276535,
            0.1722750090886853,
            0.05173258905058561,
            -0.20676873312367675,
            -0.026753798216789658,
            0.029774504549647127,
            0.029603239385165743,
            0.00979061448197104,
            0.04457647187617454,
            -0.0077801840006498195,
            -0.0021055717766729682,
            -0.02553839855896329,
            -0.0026585595114790995,
            -0.025580429045641753,
            -0.003335090604072922
        ],
        [
            0.3640826311696984,
            0.2523484059602762,
            0.009064119208750887,
            -0.07049768544143595,
            -0.0014687466184161388,
            0.08316547429097575,
            0.14080984018308856,
            0.026811451804769456,
            -0.13002667456025735,
            -0.01308735426391603,
            0.032469137635637045,
            0.026440922921916694,
            -0.005324698404432518,
            -0.031593521678016386,
            0.0040781982752549914,
            -0.0356224807237387,
            -0.034892690513342005,
            -0.004368626714799124,
            -0.03475707073005204,
            -0.0026848745597793052
        ],
        [
            0.025299367514913497,
            0.009064119208750887,
            0.006841079745096598,
            -0.04044440216465024,
            -0.0023750427943567865,
            -0.05399561814930526,
            -0.008433502113549924,
            0.009800501921167666,
            0.003485854154195956,
            -0.007948245739053334,
            0.013102678873833666,
            -0.007055844429440251,
            0.0054007645907776,
            0.023111133223961067,
            -0.010321331191351535,
            -0.0057502028372631905,
            -0.0036879224970278166,
            -0.002810074958687021,
            -0.01797456929646314,
            -0.0019264587645003773
        ],
        [
            -0.17887192668443772,
            -0.07049768544143595,
            -0.04044440216465024,
            0.2440729902680395,
            0.01375104025890718,
            0.318361454874128,
            0.04626049484783798,
            -0.05539838125955411,
            0.01312087878237481,
            0.04200271733716864,
            -0.04198366760202485,
            0.04551052719812627,
            -0.03390177874490282,
            -0.14922164547204095,
            0.056931746041184735,
            0.023106059663985504,
            0.02066026680769116,
            0.011740209465228718,
            0.07446497387606857,
            0.008770844612764915
        ],
        [
            -0.006102995000665816,
            -0.0014687466184161388,
            -0.0023750427943567865,
            0.01375104025890718,
            0.0008472193776566631,
            0.0195133433176246,
            0.0038510821248005696,
            -0.0033988635206590647,
            -0.00311635320139791,
            0.002909292617452008,
            -0.005498849433204331,
            0.002943489883941172,
            -0.0017545347580603839,
            -0.007122411607441584,
            0.003882468287541963,
            0.0035769877803127053,
            0.0019943302581556122,
            0.0012193171975015528,
            0.007770896334479791,
            0.0007801568764539017
        ],
        [
            0.0015525618587276535,
            0.08316547429097575,
            -0.05399561814930526,
            0.318361454874128,
            0.0195133433176246,
            0.5590826706163996,
            0.1918496030227777,
            -0.05599626087998706,
            -0.0433086952901911,
            0.04422115341796123,
            0.03166938530051981,
            0.12019924040367248,
            -0.05462090998932755,
            -0.24138614229772765,
            0.08748523861212296,
            0.048503141643918196,
            0.03716465488712876,
            0.009824149086549256,
            0.05404424047942945,
            0.0077952082955266766
        ],
        [
            0.1722750090886853,
            0.14080984018308856,
            -0.008433502113549924,
            0.04626049484783798,
            0.0038510821248005696,
            0.1918496030227777,
            0.13091379817483223,
            0.007284451062739337,
            -0.03553524582193222,
            -0.005576025967258138,
            0.0985035731063622,
            0.074954954646935,
            -0.01526816964999454,
            -0.06613963950895865,
            0.02135339353905691,
            0.036283155803767106,
            0.025747688707922916,
            -0.004748852843423859,
            -0.03865028643682414,
            -0.003094485532753381
        ],
        [
            0.05173258905058561,
            0.026811451804769456,
            0.009800501921167666,
            -0.05539838125955411,
            -0.0033988635206590647,
            -0.05599626087998706,
            0.007284451062739337,
            0.01956535993913767,
            0.02284836852555098,
            -0.017812419391355926,
            0.06687589065446874,
            0.009352434114089354,
            0.00604881686905214,
            0.025919915610898014,
            -0.015414252263001816,
            0.003968429898553702,
            0.006758554016120832,
            -0.008119549111200329,
            -0.054043943463402695,
            -0.005375957257897754
        ],
        [
            -0.20676873312367675,
            -0.13002667456025735,
            0.003485854154195956,
            0.01312087878237481,
            -0.00311635320139791,
            -0.0433086952901911,
            -0.03553524582193222,
            0.02284836852555098,
            0.23927475970578588,
            -0.03885354411305818,
            0.26034636006861356,
            0.04080879262326923,
            -0.005076743596479175,
            -0.03708845378117431,
            -0.03137996178647146,
            -0.016373732595953212,
            0.028857239330209134,
            -0.03158098816763288,
            -0.2067360452234389,
            -0.018122830569187506
        ],
        [
            -0.026753798216789658,
            -0.01308735426391603,
            -0.007948245739053334,
            0.04200271733716864,
            0.002909292617452008,
            0.04422115341796123,
            -0.005576025967258138,
            -0.017812419391355926,
            -0.03885354411305818,
            0.01781240163125579,
            -0.07870825796289779,
            -0.012434852682421822,
            -0.003937307562230057,
            -0.015249076259174538,
            0.014686660031947851,
            -0.0014078128271283563,
            -0.007867881952128425,
            0.009476377507562228,
            0.0628943548628395,
            0.0059990557850511175
        ],
        [
            0.029774504549647127,
            0.032469137635637045,
            0.013102678873833666,
            -0.04198366760202485,
            -0.005498849433204331,
            0.03166938530051981,
            0.0985035731063622,
            0.06687589065446874,
            0.26034636006861356,
            -0.07870825796289779,
            0.49956227845544215,
            0.15434292176507816,
            -0.0027637773706395345,
            -0.013357251912204972,
            -0.03711769604741466,
            0.09662286528020125,
            0.11187721998989013,
            -0.04829001205500125,
            -0.32624323406510986,
            -0.030600846465336406
        ],
        [
            0.029603239385165743,
            0.026440922921916694,
            -0.007055844429440251,
            0.04551052719812627,
            0.002943489883941172,
            0.12019924040367248,
            0.074954954646935,
            0.009352434114089354,
            0.04080879262326923,
            -0.012434852682421822,
            0.15434292176507816,
            0.11424806150967706,
            0.001107156203257722,
            0.03481569048616593,
            0.01639077456691826,
            0.18406953515765892,
            0.12665219069637806,
            -0.0013017231284877852,
            -0.01658789713804233,
            -0.0037121098918334533
        ],
        [
            0.00979061448197104,
            -0.005324698404432518,
            0.0054007645907776,
            -0.03390177874490282,
            -0.0017545347580603839,
            -0.05462090998932755,
            -0.01526816964999454,
            0.00604881686905214,
            -0.005076743596479175,
            -0.003937307562230057,
            -0.0027637773706395345,
            0.001107156203257722,
            0.00900672431384606,
            0.048347536267629575,
            -0.0057809106178753405,
            0.03639028491469792,
            0.02049322693186018,
            0.002129802745931141,
            0.014027990929651946,
            0.00028194436946550085
        ],
        [
            0.04457647187617454,
            -0.031593521678016386,
            0.023111133223961067,
            -0.14922164547204095,
            -0.007122411607441584,
            -0.24138614229772765,
            -0.06613963950895865,
            0.025919915610898014,
            -0.03708845378117431,
            -0.015249076259174538,
            -0.013357251912204972,
            0.03481569048616593,
            0.048347536267629575,
            0.27220465391330917,
            -0.018412455918711764,
            0.26106602387054084,
            0.15027701510967123,
            0.017128243241111993,
            0.11061462926520636,
            0.0039735984462410424
        ],
        [
            -0.0077801840006498195,
            0.0040781982752549914,
            -0.010321331191351535,
            0.056931746041184735,
            0.003882468287541963,
            0.08748523861212296,
            0.02135339353905691,
            -0.015414252263001816,
            -0.03137996178647146,
            0.014686660031947851,
            -0.03711769604741466,
            0.01639077456691826,
            -0.0057809106178753405,
            -0.018412455918711764,
            0.01969381066095824,
            0.0338368401721706,
            0.01723374545462089,
            0.008244365264307172,
            0.05260179875207755,
            0.004761301113559081
        ],
        [
            -0.0021055717766729682,
            -0.0356224807237387,
            -0.0057502028372631905,
            0.023106059663985504,
            0.0035769877803127053,
            0.048503141643918196,
            0.036283155803767106,
            0.003968429898553702,
            -0.016373732595953212,
            -0.0014078128271283563,
            0.09662286528020125,
            0.18406953515765892,
            0.03639028491469792,
            0.26106602387054084,
            0.0338368401721706,
            0.5079601074162248,
            0.3147502918387967,
            0.028407129368421134,
            0.174219129635092,
            0.007707087753432907
        ],
        [
            -0.02553839855896329,
            -0.034892690513342005,
            -0.0036879224970278166,
            0.02066026680769116,
            0.0019943302581556122,
            0.03716465488712876,
            0.025747688707922916,
            0.006758554016120832,
            0.028857239330209134,
            -0.007867881952128425,
            0.11187721998989013,
            0.12665219069637806,
            0.02049322693186018,
            0.15027701510967123,
            0.01723374545462089,
            0.3147502918387967,
            0.20204370388282414,
            0.0118399304513241,
            0.06968477367165479,
            0.0014460510407929307
        ],
        [
            -0.0026585595114790995,
            -0.004368626714799124,
            -0.002810074958687021,
            0.011740209465228718,
            0.0012193171975015528,
            0.009824149086549256,
            -0.004748852843423859,
            -0.008119549111200329,
            -0.03158098816763288,
            0.009476377507562228,
            -0.04829001205500125,
            -0.0013017231284877852,
            0.002129802745931141,
            0.017128243241111993,
            0.008244365264307172,
            0.028407129368421134,
            0.0118399304513241,
            0.007748408864891972,
            0.05078312709584965,
            0.004155989690078374
        ],
        [
            -0.025580429045641753,
            -0.03475707073005204,
            -0.01797456929646314,
            0.07446497387606857,
            0.007770896334479791,
            0.05404424047942945,
            -0.03865028643682414,
            -0.054043943463402695,
            -0.2067360452234389,
            0.0628943548628395,
            -0.32624323406510986,
            -0.01658789713804233,
            0.014027990929651946,
            0.11061462926520636,
            0.05260179875207755,
            0.174219129635092,
            0.06968477367165479,
            0.05078312709584965,
            0.3334793039979202,
            0.027436137369114287
        ],
        [
            -0.003335090604072922,
            -0.0026848745597793052,
            -0.0019264587645003773,
            0.008770844612764915,
            0.0007801568764539017,
            0.0077952082955266766,
            -0.003094485532753381,
            -0.005375957257897754,
            -0.018122830569187506,
            0.0059990557850511175,
            -0.030600846465336406,
            -0.0037121098918334533,
            0.00028194436946550085,
            0.0039735984462410424,
            0.004761301113559081,
            0.007707087753432907,
            0.0014460510407929307,
            0.004155989690078374,
            0.027436137369114287,
            0.0023891895776652623
        ]
    ]
}