{
    "opt_E": -2.211651933337627,
    "HF_E": -2.1811445549939714,
    "B3LYP_E": -2.1829264233648518,
    "sto-3G_E": -2.174229969031088,
    "proj": [
        [
            0.540931651452764,
            0.3339617345431946,
            0.05698369705505601,
            -0.16190626099328193,
            -0.014492861946490205,
            0.04512715356508847,
            0.18248954864438727,
            0.10551925919738281,
            -0.23875384121554608,
            -0.01827649794476312,
            0.024809383342925824,
            0.029131347509140287,
            0.002797472514125441,
            0.02861020295052559,
            0.002289366537217034,
            0.0016576845499071129,
            -0.027816151802964265,
            0.0009196589639835085,
            -0.015476876315547514,
            -0.0002894658058651416
        ],
        [
            0.3339617345431946,
            0.21929084193235168,
            0.01801605428504752,
            -0.056342756256961044,
            -0.005360770145797606,
            0.10566837866830953,
            0.13873812421671697,
            0.0552676723114691,
            -0.13405847467099302,
            -0.010599167053418658,
            0.028780077990182253,
            0.027399159265069303,
            -0.00332830932756358,
            -0.03089347849946784,
            -0.00483440735296006,
            -0.026030729040227463,
            -0.03100107548152981,
            -6.353504598604023e-05,
            -0.01960167444287924,
            -0.0008614332270461983
        ],
        [
            0.05698369705505601,
            0.01801605428504752,
            0.03791953606463222,
            -0.0952997319399348,
            -0.007741904608268334,
            -0.12724825251716257,
            -0.01620135215527649,
            0.03141443982173498,
            -0.02125832555547127,
            0.0009873379691071576,
            0.03130451277166477,
            -0.013272124134365737,
            0.006378952615374292,
            0.05551568416392781,
            0.01053755030165585,
            -0.014056366788014968,
            -0.008402659185564917,
            -0.002368506146225867,
            -0.03474377968666339,
            -0.001678956287913536
        ],
        [
            -0.16190626099328193,
            -0.056342756256961044,
            -0.0952997319399348,
            0.24113823504460077,
            0.01969879894584992,
            0.31420390434403306,
            0.037239572140044384,
            -0.08033750562604124,
            0.07151411097360659,
            -0.0002015136632919347,
            -0.057035964690400016,
            0.03730728138030297,
            -0.016362820115037577,
            -0.14273131273450845,
            -0.025963886663701082,
            0.028408514009086727,
            0.021484813486024806,
            0.004830183074712304,
            0.07204640945428105,
            0.003372639629148433
        ],
        [
            -0.014492861946490205,
            -0.005360770145797606,
            -0.007741904608268334,
            0.01969879894584992,
            0.0016169856631533049,
            0.025078275841300995,
            0.0026942039521296824,
            -0.006649665733383928,
            0.00698974595153153,
            0.00012700779272923786,
            -0.0034227107170839953,
            0.003062260490517704,
            -0.0013616495107665592,
            -0.01198957302347692,
            -0.002084587370272772,
            0.001383095505981674,
            0.0014477941975945562,
            0.0003143780991947809,
            0.004810909118723575,
            0.00021535382548233594
        ],
        [
            0.04512715356508847,
            0.10566837866830953,
            -0.12724825251716257,
            0.31420390434403306,
            0.025078275841300995,
            0.5694743968434213,
            0.1864464140121034,
            -0.070021706292833,
            0.010392343379016388,
            -0.00642002291904076,
            -0.014418688907828988,
            0.10277083750405538,
            -0.02753125284040041,
            -0.23614134255542574,
            -0.04228922116473447,
            0.04096209438838696,
            0.026181623430957403,
            0.005928821309136282,
            0.0715764222940016,
            0.0032950672849554603
        ],
        [
            0.18248954864438727,
            0.13873812421671697,
            -0.01620135215527649,
            0.037239572140044384,
            0.0026942039521296824,
            0.1864464140121034,
            0.13323686112852046,
            0.020192229623158146,
            -0.02630956561407469,
            -0.0002506128469892111,
            0.11044033370793398,
            0.07938179441893334,
            -0.008189670201704958,
            -0.06263920769250172,
            -0.009793176417157875,
            0.021795908242313013,
            0.02248267234538613,
            -0.0019317424397979092,
            -0.042902886056905905,
            -0.0022839340820782223
        ],
        [
            0.10551925919738281,
            0.0552676723114691,
            0.03141443982173498,
            -0.08033750562604124,
            -0.006649665733383928,
            -0.070021706292833,
            0.020192229623158146,
            0.03517160366032398,
            -0.031791241928615786,
            0.00024446596512740315,
            0.05261279126142522,
            0.008883217370366236,
            0.0041641685407456455,
            0.03961016372269262,
            0.007378514279569178,
            0.000208241788852875,
            0.0015959222502465945,
            -0.0022958287018651565,
            -0.03794754976397634,
            -0.0018388009431571702
        ],
        [
            -0.23875384121554608,
            -0.13405847467099302,
            -0.02125832555547127,
            0.07151411097360659,
            0.00698974595153153,
            0.010392343379016388,
            -0.02630956561407469,
            -0.031791241928615786,
            0.2150117351854372,
            0.025288276216881546,
            0.23474542604310947,
            0.06599989162473767,
            -0.006270179716438129,
            -0.051636477329523284,
            0.0007659669726369422,
            -0.03424026172007732,
            0.03235390134605555,
            -0.010734587594733287,
            -0.1455085047101784,
            -0.00815152665786771
        ],
        [
            -0.01827649794476312,
            -0.010599167053418658,
            0.0009873379691071576,
            -0.0002015136632919347,
            0.00012700779272923786,
            -0.00642002291904076,
            -0.0002506128469892111,
            0.00024446596512740315,
            0.025288276216881546,
            0.0035000466286101125,
            0.03962803261516976,
            0.010874882047047518,
            -0.00035530373169736314,
            -0.0020891392654356824,
            0.0010049438940165263,
            -0.003866065449569696,
            0.005209539067488298,
            -0.001762739699959725,
            -0.02486729112604211,
            -0.001354978326105756
        ],
        [
            0.024809383342925824,
            0.028780077990182253,
            0.03130451277166477,
            -0.057035964690400016,
            -0.0034227107170839953,
            -0.014418688907828988,
            0.11044033370793398,
            0.05261279126142522,
            0.23474542604310947,
            0.03962803261516976,
            0.5812651223078442,
            0.20022705661709395,
            -0.004165101738194064,
            -0.008286598187694796,
            0.012996071818065185,
            0.012358992844141835,
            0.10216114812587616,
            -0.022719089212155732,
            -0.3377579707414438,
            -0.01806899214318605
        ],
        [
            0.029131347509140287,
            0.027399159265069303,
            -0.013272124134365737,
            0.03730728138030297,
            0.003062260490517704,
            0.10277083750405538,
            0.07938179441893334,
            0.008883217370366236,
            0.06599989162473767,
            0.010874882047047518,
            0.20022705661709395,
            0.13876916141593124,
            -0.001079970023966793,
            0.02968946003384543,
            0.00023907914617430013,
            0.17658197100619424,
            0.142367600120288,
            -0.0026775190502720285,
            -0.04982693801006861,
            -0.0024324237210677324
        ],
        [
            0.002797472514125441,
            -0.00332830932756358,
            0.006378952615374292,
            -0.016362820115037577,
            -0.0013616495107665592,
            -0.02753125284040041,
            -0.008189670201704958,
            0.0041641685407456455,
            -0.006270179716438129,
            -0.00035530373169736314,
            -0.004165101738194064,
            -0.001079970023966793,
            0.002031121351685176,
            0.02048627872162764,
            0.0023942211769724803,
            0.01620765922285417,
            0.00895199764579901,
            0.0003729172326157596,
            0.005381177815605613,
            0.0003552173430389306
        ],
        [
            0.02861020295052559,
            -0.03089347849946784,
            0.05551568416392781,
            -0.14273131273450845,
            -0.01198957302347692,
            -0.23614134255542574,
            -0.06263920769250172,
            0.03961016372269262,
            -0.051636477329523284,
            -0.0020891392654356824,
            -0.008286598187694796,
            0.02968946003384543,
            0.02048627872162764,
            0.22078862407325128,
            0.023273773759460704,
            0.2377513819171296,
            0.14253976420912567,
            0.004586534571592059,
            0.06285780018637949,
            0.004134916971596069
        ],
        [
            0.002289366537217034,
            -0.00483440735296006,
            0.01053755030165585,
            -0.025963886663701082,
            -0.002084587370272772,
            -0.04228922116473447,
            -0.009793176417157875,
            0.007378514279569178,
            0.0007659669726369422,
            0.0010049438940165263,
            0.012996071818065185,
            0.00023907914617430013,
            0.0023942211769724803,
            0.023273773759460704,
            0.0036966540751755014,
            0.009246617758087883,
            0.007334462549359776,
            -0.0005898468096707939,
            -0.008270770077158993,
            -0.0003740423026065687
        ],
        [
            0.0016576845499071129,
            -0.026030729040227463,
            -0.014056366788014968,
            0.028408514009086727,
            0.001383095505981674,
            0.04096209438838696,
            0.021795908242313013,
            0.000208241788852875,
            -0.03424026172007732,
            -0.003866065449569696,
            0.012358992844141835,
            0.17658197100619424,
            0.01620765922285417,
            0.2377513819171296,
            0.009246617758087883,
            0.5543856509873513,
            0.34769634440664887,
            0.013632337207580123,
            0.18059383373623175,
            0.01069624788834777
        ],
        [
            -0.027816151802964265,
            -0.03100107548152981,
            -0.008402659185564917,
            0.021484813486024806,
            0.0014477941975945562,
            0.026181623430957403,
            0.02248267234538613,
            0.0015959222502465945,
            0.03235390134605555,
            0.005209539067488298,
            0.10216114812587616,
            0.142367600120288,
            0.00895199764579901,
            0.14253976420912567,
            0.007334462549359776,
            0.34769634440664887,
            0.23546937164949755,
            0.004737943487464495,
            0.05831814359289454,
            0.0037258415682289523
        ],
        [
            0.0009196589639835085,
            -6.353504598604023e-05,
            -0.002368506146225867,
            0.004830183074712304,
            0.0003143780991947809,
            0.005928821309136282,
            -0.0019317424397979092,
            -0.0022958287018651565,
            -0.010734587594733287,
            -0.001762739699959725,
            -0.022719089212155732,
            -0.0026775190502720285,
            0.0003729172326157596,
            0.004586534571592059,
            -0.0005898468096707939,
            0.013632337207580123,
            0.004737943487464495,
            0.0012847015964874027,
            0.018344546134212367,
            0.001004736345324552
        ],
        [
            -0.015476876315547514,
            -0.01960167444287924,
            -0.03474377968666339,
            0.07204640945428105,
            0.004810909118723575,
            0.0715764222940016,
            -0.042902886056905905,
            -0.03794754976397634,
            -0.1455085047101784,
            -0.02486729112604211,
            -0.3377579707414438,
            -0.04982693801006861,
            0.005381177815605613,
            0.06285780018637949,
            -0.008270770077158993,
            0.18059383373623175,
            0.05831814359289454,
            0.018344546134212367,
            0.2642270609159064,
            0.014427017190924069
        ],
        [
            -0.0002894658058651416,
            -0.0008614332270461983,
            -0.001678956287913536,
            0.003372639629148433,
            0.00021535382548233594,
            0.0032950672849554603,
            -0.0022839340820782223,
            -0.0018388009431571702,
            -0.00815152665786771,
            -0.001354978326105756,
            -0.01806899214318605,
            -0.0024324237210677324,
            0.0003552173430389306,
            0.004134916971596069,
            -0.0003740423026065687,
            0.01069624788834777,
            0.0037258415682289523,
            0.001004736345324552,
            0.014427017190924069,
            0.0007906380230538838
        ]
    ]
}