{
    "opt_E": -2.20598598655185,
    "HF_E": -2.17424461503218,
    "B3LYP_E": -2.1765509153257034,
    "sto-3G_E": -2.161216682018958,
    "proj": [
        [
            0.5720550030151103,
            0.3516407532228789,
            0.032972618761068405,
            -0.16959876136458243,
            -0.018845820141981755,
            0.002391760941969231,
            0.16884945440347446,
            0.05944218961875614,
            -0.22436141397616843,
            -0.04952309114051451,
            0.03779787759485004,
            0.026842674963741014,
            0.0015259837452448431,
            0.04882300084766038,
            -0.010147861489354808,
            -0.0028360283340725188,
            -0.030827210723544215,
            0.002777213218294503,
            -0.02241116385764496,
            -0.0021001137957320478
        ],
        [
            0.3516407532228789,
            0.235733401333093,
            0.008714478559198345,
            -0.05059537821995416,
            -0.0038455502303426287,
            0.10195155349137242,
            0.1378740377222382,
            0.030003728906443868,
            -0.13756002013473184,
            -0.020749683735037813,
            0.021616304751835097,
            0.02555293689560403,
            -0.0010850912164696485,
            -0.029381004778549956,
            0.0073774971977979,
            -0.027090878426900868,
            -0.03577854431726366,
            0.0014243543413699482,
            -0.012190220009882798,
            -0.0008398155572740958
        ],
        [
            0.032972618761068405,
            0.008714478559198345,
            0.009803421654304383,
            -0.045807832484053956,
            -0.006501338967639153,
            -0.0658768261058422,
            -0.011298040366077157,
            0.007987737262835918,
            -0.006100307337955578,
            -0.010928847891224683,
            0.0142707629205392,
            -0.007287951379359199,
            0.002504905448493832,
            0.03232039190094963,
            -0.010451923165969204,
            -0.007114970691540733,
            -0.0036983118634462283,
            0.0012211508025124743,
            -0.015261487634525632,
            -0.00031009344256586167
        ],
        [
            -0.16959876136458243,
            -0.05059537821995416,
            -0.045807832484053956,
            0.21523631123298884,
            0.03016365233410188,
            0.30380921363300745,
            0.0499339016999363,
            -0.0380351029892791,
            0.044298652148181634,
            0.04925347291716495,
            -0.04844457982260826,
            0.03712052919517754,
            -0.010903824312340663,
            -0.15325808084089484,
            0.04734610271680698,
            0.025156769792760318,
            0.0163972635983746,
            -0.004839148201526441,
            0.058724759795408164,
            0.001511172922927457
        ],
        [
            -0.018845820141981755,
            -0.0038455502303426287,
            -0.006501338967639153,
            0.03016365233410188,
            0.004350473573609053,
            0.04457042182812274,
            0.008180929386611444,
            -0.005144639808566521,
            0.0012308333615579734,
            0.007530863345287502,
            -0.012449086340775333,
            0.0044687140985703614,
            -0.0018090245316182262,
            -0.021008637550778784,
            0.007203438975333488,
            0.006347682904243125,
            0.0027594162428597833,
            -0.0009578966681516068,
            0.012288116817348847,
            0.00019287663646899413
        ],
        [
            0.002391760941969231,
            0.10195155349137242,
            -0.0658768261058422,
            0.30380921363300745,
            0.04457042182812274,
            0.571198120820173,
            0.20055801490176428,
            -0.03541455906793246,
            -0.008360629351768758,
            0.05431158208806264,
            0.003040612965901234,
            0.10948183998011181,
            -0.017828766851991362,
            -0.25920131509453387,
            0.07881993340062132,
            0.042529937114980224,
            0.0244886829111274,
            -0.004580706981527777,
            0.057131861707364194,
            0.0015822667680631224
        ],
        [
            0.16884945440347446,
            0.1378740377222382,
            -0.011298040366077157,
            0.0499339016999363,
            0.008180929386611444,
            0.20055801490176428,
            0.1366298799730417,
            0.008681534221120012,
            -0.02392483386183276,
            -0.009348626119717452,
            0.11003920316053888,
            0.08384470245828089,
            -0.0039349116912100225,
            -0.06894101137052434,
            0.01898125742247035,
            0.024744559720774193,
            0.023706386329857963,
            0.0028942972729669855,
            -0.036690632239418035,
            -0.00024104600980635912
        ],
        [
            0.05944218961875614,
            0.030003728906443868,
            0.007987737262835918,
            -0.0380351029892791,
            -0.005144639808566521,
            -0.03541455906793246,
            0.008681534221120012,
            0.009178466470217141,
            -0.013305361143002967,
            -0.011495551299950744,
            0.024652917255784876,
            0.004162716244051622,
            0.0016487049577730358,
            0.023083889746016904,
            -0.007171555926916134,
            -0.00011158342460422317,
            0.0007779743072554173,
            0.0013513357365664178,
            -0.01643963751412181,
            -0.00035839888604849435
        ],
        [
            -0.22436141397616843,
            -0.13756002013473184,
            -0.006100307337955578,
            0.044298652148181634,
            0.0012308333615579734,
            -0.008360629351768758,
            -0.02392483386183276,
            -0.013305361143002967,
            0.21872928909360032,
            -0.019953888502008466,
            0.2557911246913353,
            0.06910838011460949,
            0.007605881239592113,
            -0.028763553862785465,
            -0.013511228607737949,
            -0.05012562244468767,
            0.02786330951430504,
            0.010640221926125105,
            -0.15405162999718938,
            0.0007232435343678737
        ],
        [
            -0.04952309114051451,
            -0.020749683735037813,
            -0.010928847891224683,
            0.04925347291716495,
            0.007530863345287502,
            0.05431158208806264,
            -0.009348626119717452,
            -0.011495551299950744,
            -0.019953888502008466,
            0.021123253104645433,
            -0.08486100194972196,
            -0.01940772016675565,
            -0.003875479002161703,
            -0.029420595228591976,
            0.013264488644794984,
            0.009178933007035445,
            -0.006468624261077386,
            -0.004014404790578118,
            0.053361968331566506,
            0.00041148264114595405
        ],
        [
            0.03779787759485004,
            0.021616304751835097,
            0.0142707629205392,
            -0.04844457982260826,
            -0.012449086340775333,
            0.003040612965901234,
            0.11003920316053888,
            0.024652917255784876,
            0.2557911246913353,
            -0.08486100194972196,
            0.5796870903464504,
            0.20340119283699967,
            0.01353510896995284,
            0.015176617025590958,
            -0.03424389545397663,
            -0.009880397558265279,
            0.09455101517534409,
            0.02322434396974796,
            -0.318051303267815,
            -0.0008048647986226039
        ],
        [
            0.026842674963741014,
            0.02555293689560403,
            -0.007287951379359199,
            0.03712052919517754,
            0.0044687140985703614,
            0.10948183998011181,
            0.08384470245828089,
            0.004162716244051622,
            0.06910838011460949,
            -0.01940772016675565,
            0.20340119283699967,
            0.13930556794481694,
            -0.004430537463105912,
            0.025528103977963124,
            0.004696449715496947,
            0.16827353832383812,
            0.14049938577970306,
            0.004247693300638075,
            -0.052426986282691004,
            -0.0008692583718808977
        ],
        [
            0.0015259837452448431,
            -0.0010850912164696485,
            0.002504905448493832,
            -0.010903824312340663,
            -0.0018090245316182262,
            -0.017828766851991362,
            -0.0039349116912100225,
            0.0016487049577730358,
            0.007605881239592113,
            -0.003875479002161703,
            0.01353510896995284,
            -0.004430537463105912,
            0.001592471477059919,
            0.00012526803455099495,
            -0.0035205636539613096,
            -0.02174328063119131,
            -0.011361034763142146,
            0.001065663567858015,
            -0.01519324020261996,
            3.250263898395624e-05
        ],
        [
            0.04882300084766038,
            -0.029381004778549956,
            0.03232039190094963,
            -0.15325808084089484,
            -0.021008637550778784,
            -0.25920131509453387,
            -0.06894101137052434,
            0.023083889746016904,
            -0.028763553862785465,
            -0.029420595228591976,
            0.015176617025590958,
            0.025528103977963124,
            0.00012526803455099495,
            0.22138555399777576,
            -0.03469408482099082,
            0.21780228954089095,
            0.1387956142136732,
            -0.0015569465397612403,
            0.034559040418589204,
            -0.0021371148920316363
        ],
        [
            -0.010147861489354808,
            0.0073774971977979,
            -0.010451923165969204,
            0.04734610271680698,
            0.007203438975333488,
            0.07881993340062132,
            0.01898125742247035,
            -0.007171555926916134,
            -0.013511228607737949,
            0.013264488644794984,
            -0.03424389545397663,
            0.004696449715496947,
            -0.0035205636539613096,
            -0.03469408482099082,
            0.013145112765268106,
            0.013142653237583277,
            0.0024682398166207117,
            -0.0021639653182441336,
            0.02889597236452325,
            0.0002625366690307477
        ],
        [
            -0.0028360283340725188,
            -0.027090878426900868,
            -0.007114970691540733,
            0.025156769792760318,
            0.006347682904243125,
            0.042529937114980224,
            0.024744559720774193,
            -0.00011158342460422317,
            -0.05012562244468767,
            0.009178933007035445,
            -0.009880397558265279,
            0.16827353832383812,
            -0.02174328063119131,
            0.21780228954089095,
            0.013142653237583277,
            0.5729522792897411,
            0.3608741608598305,
            -0.011322832472463748,
            0.17700631572785108,
            -0.0027838782250678698
        ],
        [
            -0.030827210723544215,
            -0.03577854431726366,
            -0.0036983118634462283,
            0.0163972635983746,
            0.0027594162428597833,
            0.0244886829111274,
            0.023706386329857963,
            0.0007779743072554173,
            0.02786330951430504,
            -0.006468624261077386,
            0.09455101517534409,
            0.14049938577970306,
            -0.011361034763142146,
            0.1387956142136732,
            0.0024682398166207117,
            0.3608741608598305,
            0.24706027603306818,
            -0.003184157416251285,
            0.056547131106990056,
            -0.0017819788076888043
        ],
        [
            0.002777213218294503,
            0.0014243543413699482,
            0.0012211508025124743,
            -0.004839148201526441,
            -0.0009578966681516068,
            -0.004580706981527777,
            0.0028942972729669855,
            0.0013513357365664178,
            0.010640221926125105,
            -0.004014404790578118,
            0.02322434396974796,
            0.004247693300638075,
            0.001065663567858015,
            -0.0015569465397612403,
            -0.0021639653182441336,
            -0.011322832472463748,
            -0.003184157416251285,
            0.0011682348613110396,
            -0.016333573355008124,
            4.3468327619567595e-06
        ],
        [
            -0.02241116385764496,
            -0.012190220009882798,
            -0.015261487634525632,
            0.058724759795408164,
            0.012288116817348847,
            0.057131861707364194,
            -0.036690632239418035,
            -0.01643963751412181,
            -0.15405162999718938,
            0.053361968331566506,
            -0.318051303267815,
            -0.052426986282691004,
            -0.01519324020261996,
            0.034559040418589204,
            0.02889597236452325,
            0.17700631572785108,
            0.056547131106990056,
            -0.016333573355008124,
            0.22963785001518602,
            -0.00024662042742441955
        ],
        [
            -0.0021001137957320478,
            -0.0008398155572740958,
            -0.00031009344256586167,
            0.001511172922927457,
            0.00019287663646899413,
            0.0015822667680631224,
            -0.00024104600980635912,
            -0.00035839888604849435,
            0.0007232435343678737,
            0.00041148264114595405,
            -0.0008048647986226039,
            -0.0008692583718808977,
            3.250263898395624e-05,
            -0.0021371148920316363,
            0.0002625366690307477,
            -0.0027838782250678698,
            -0.0017819788076888043,
            4.3468327619567595e-06,
            -0.00024662042742441955,
            2.794299853934278e-05
        ]
    ]
}