{
    "opt_E": -2.198660716597763,
    "HF_E": -2.1679889779857904,
    "B3LYP_E": -2.1704299249404704,
    "sto-3G_E": -2.156681275265383,
    "proj": [
        [
            0.5855690088818217,
            0.36234986009196235,
            0.049168673131782935,
            -0.16182630969598294,
            -0.03414110176223952,
            -0.02091357249083741,
            0.16127039094703677,
            0.0819118115719505,
            -0.19671210043413753,
            -0.05980807683588757,
            0.036725090540876706,
            0.022273116951695728,
            -0.00040109563959348995,
            0.051887723438820706,
            -0.002293003031157847,
            -0.0006988315527458918,
            -0.02371374931544263,
            -0.011491738055682465,
            -0.03001002242195558,
            0.006618730706496452
        ],
        [
            0.36234986009196235,
            0.2467749564670575,
            0.013397553378705964,
            -0.04773618074284652,
            -0.009142123711342095,
            0.09570377000092717,
            0.14111925684371665,
            0.04103022380687887,
            -0.12801551082565574,
            -0.029089676154288584,
            0.020551769659024857,
            0.023975277074933334,
            -0.002232464915559692,
            -0.03161786863766531,
            0.0023846456313952606,
            -0.02696486855756326,
            -0.030828842289211563,
            -0.005218773918521481,
            -0.018003949755868214,
            0.0031426046593173384
        ],
        [
            0.049168673131782935,
            0.013397553378705964,
            0.01910279947855909,
            -0.05906081404331041,
            -0.013451320163881916,
            -0.09276917958275603,
            -0.01917735771654314,
            0.015142491620252128,
            -0.0003349571338379416,
            -0.012213349199499061,
            0.020509810045640973,
            -0.010347850457909355,
            -0.005682505711062274,
            0.043118293543718336,
            0.0012551993250564805,
            -0.007934146253126453,
            -0.004350763916018159,
            -0.009193435152318193,
            -0.02233345502778963,
            0.005768950637804628
        ],
        [
            -0.16182630969598294,
            -0.04773618074284652,
            -0.05906081404331041,
            0.1833127545179029,
            0.04155934874693157,
            0.2857555800677226,
            0.05855674048068865,
            -0.047584525161729424,
            0.013374599298589605,
            0.037936749590175,
            -0.04694941367698011,
            0.03650503352115814,
            0.015335537806095357,
            -0.13459070785611107,
            -0.0025742591160031704,
            0.023526969757146774,
            0.015778916855456213,
            0.02491795921233522,
            0.059182810368905395,
            -0.015507843552516996
        ],
        [
            -0.03414110176223952,
            -0.009142123711342095,
            -0.013451320163881916,
            0.04155934874693157,
            0.009473295901085085,
            0.06541904140488963,
            0.013600309816687342,
            -0.010617531679848285,
            -0.0002767873782500103,
            0.008582000129077623,
            -0.014991165535715138,
            0.007271131520798208,
            0.004155200745701495,
            -0.03013843288526316,
            -0.000978456705657452,
            0.006043111129805596,
            0.0032344523500857755,
            0.006640271763408245,
            0.016202487584533007,
            -0.004173225808935639
        ],
        [
            -0.02091357249083741,
            0.09570377000092717,
            -0.09276917958275603,
            0.2857555800677226,
            0.06541904140488963,
            0.5796351874752464,
            0.2199414251457192,
            -0.052128526205024374,
            -0.03295878033684777,
            0.04280029897789053,
            0.007607415261164674,
            0.112191629600463,
            0.020044016556811775,
            -0.25706027827312405,
            0.00011779280919897561,
            0.04065429017219094,
            0.027993591814361615,
            0.026952568021969193,
            0.0543407791535152,
            -0.016355204766181852
        ],
        [
            0.16127039094703677,
            0.14111925684371665,
            -0.01917735771654314,
            0.05855674048068865,
            0.013600309816687342,
            0.2199414251457192,
            0.1446471075576755,
            0.0058452351693331905,
            -0.02885483409589465,
            -0.004141120000906559,
            0.09501061885531034,
            0.0799149168285815,
            0.0005274138565114217,
            -0.08173324992289696,
            0.00328589107884112,
            0.029261741677955817,
            0.024439896717421784,
            -0.00807464572782435,
            -0.030113779130894292,
            0.005599157756034709
        ],
        [
            0.0819118115719505,
            0.04103022380687887,
            0.015142491620252128,
            -0.047584525161729424,
            -0.010617531679848285,
            -0.052128526205024374,
            0.0058452351693331905,
            0.016160776960099803,
            -0.016340591298930795,
            -0.012532843069621062,
            0.020503113905671926,
            0.00038864646392920834,
            -0.0025526066153833053,
            0.03125126784518284,
            3.935584706733702e-05,
            0.002595041060067967,
            0.0005011822210284066,
            -0.006492924880550858,
            -0.015987201271461995,
            0.0040260435076328385
        ],
        [
            -0.19671210043413753,
            -0.12801551082565574,
            -0.0003349571338379416,
            0.013374599298589605,
            -0.0002767873782500103,
            -0.03295878033684777,
            -0.02885483409589465,
            -0.016340591298930795,
            0.21616979679275689,
            0.005475627397025463,
            0.266146534983942,
            0.06499005606959754,
            -0.039526139721824914,
            -0.023147512690778513,
            0.023112168758239925,
            -0.03136165309931397,
            0.03030242249779528,
            -0.05885547916126965,
            -0.16545764873917052,
            0.03911359818816104
        ],
        [
            -0.05980807683588757,
            -0.029089676154288584,
            -0.012213349199499061,
            0.037936749590175,
            0.008582000129077623,
            0.04280029897789053,
            -0.004141120000906559,
            -0.012532843069621062,
            0.005475627397025463,
            0.009980205887907614,
            -0.026591970413685998,
            -0.0028597138131717247,
            0.003544794372941104,
            -0.024152650389322027,
            -0.000907867137773538,
            -0.0008342369890730685,
            -0.0014477648710883295,
            0.007454750738721513,
            0.019146870326617747,
            -0.004720620882557022
        ],
        [
            0.036725090540876706,
            0.020551769659024857,
            0.020509810045640973,
            -0.04694941367698011,
            -0.014991165535715138,
            0.007607415261164674,
            0.09501061885531034,
            0.020503113905671926,
            0.266146534983942,
            -0.026591970413685998,
            0.5487345288186003,
            0.188556221118318,
            -0.05672915872604,
            -0.00024568322763386354,
            0.031869401208027406,
            0.04291319669864705,
            0.10605349297852873,
            -0.10826099083496413,
            -0.30374921772030405,
            0.07139708666494776
        ],
        [
            0.022273116951695728,
            0.023975277074933334,
            -0.010347850457909355,
            0.03650503352115814,
            0.007271131520798208,
            0.112191629600463,
            0.0799149168285815,
            0.00038864646392920834,
            0.06499005606959754,
            -0.0028597138131717247,
            0.188556221118318,
            0.12995320225131676,
            0.012474245386901733,
            0.024243209845558857,
            -0.007497345453649465,
            0.17617378329179717,
            0.1339122764560737,
            -0.014399116905130894,
            -0.04092224329467279,
            0.009583418404541324
        ],
        [
            -0.00040109563959348995,
            -0.002232464915559692,
            -0.005682505711062274,
            0.015335537806095357,
            0.004155200745701495,
            0.020044016556811775,
            0.0005274138565114217,
            -0.0025526066153833053,
            -0.039526139721824914,
            0.003544794372941104,
            -0.05672915872604,
            0.012474245386901733,
            0.02432534456627811,
            0.03662810828950949,
            -0.014912190481423266,
            0.09441894420645158,
            0.04875052100274677,
            0.02326866059027347,
            0.06672558844766105,
            -0.015402052798162175
        ],
        [
            0.051887723438820706,
            -0.03161786863766531,
            0.043118293543718336,
            -0.13459070785611107,
            -0.03013843288526316,
            -0.25706027827312405,
            -0.08173324992289696,
            0.03125126784518284,
            -0.023147512690778513,
            -0.024152650389322027,
            -0.00024568322763386354,
            0.024243209845558857,
            0.03662810828950949,
            0.23439073133703256,
            -0.030001977717841306,
            0.23298557493449676,
            0.13790077965370204,
            0.015722011822378278,
            0.059308876961615145,
            -0.011324806464312383
        ],
        [
            -0.002293003031157847,
            0.0023846456313952606,
            0.0012551993250564805,
            -0.0025742591160031704,
            -0.000978456705657452,
            0.00011779280919897561,
            0.00328589107884112,
            3.935584706733702e-05,
            0.023112168758239925,
            -0.000907867137773538,
            0.031869401208027406,
            -0.007497345453649465,
            -0.014912190481423266,
            -0.030001977717841306,
            0.009460918754204727,
            -0.061288861949652176,
            -0.0322308843016291,
            -0.01352949800538937,
            -0.039395756315538516,
            0.008994895234014666
        ],
        [
            -0.0006988315527458918,
            -0.02696486855756326,
            -0.007934146253126453,
            0.023526969757146774,
            0.006043111129805596,
            0.04065429017219094,
            0.029261741677955817,
            0.002595041060067967,
            -0.03136165309931397,
            -0.0008342369890730685,
            0.04291319669864705,
            0.17617378329179717,
            0.09441894420645158,
            0.23298557493449676,
            -0.061288861949652176,
            0.5429871124365846,
            0.33519187595759925,
            0.05454520697568577,
            0.16365657166858125,
            -0.03642790542136472
        ],
        [
            -0.02371374931544263,
            -0.030828842289211563,
            -0.004350763916018159,
            0.015778916855456213,
            0.0032344523500857755,
            0.027993591814361615,
            0.024439896717421784,
            0.0005011822210284066,
            0.03030242249779528,
            -0.0014477648710883295,
            0.10605349297852873,
            0.1339122764560737,
            0.04875052100274677,
            0.13790077965370204,
            -0.0322308843016291,
            0.33519187595759925,
            0.21993552334837202,
            0.017485794607068898,
            0.055332941798114176,
            -0.011757556749697078
        ],
        [
            -0.011491738055682465,
            -0.005218773918521481,
            -0.009193435152318193,
            0.02491795921233522,
            0.006640271763408245,
            0.026952568021969193,
            -0.00807464572782435,
            -0.006492924880550858,
            -0.05885547916126965,
            0.007454750738721513,
            -0.10826099083496413,
            -0.014399116905130894,
            0.02326866059027347,
            0.015722011822378278,
            -0.01352949800538937,
            0.05454520697568577,
            0.017485794607068898,
            0.029712252079675597,
            0.0836862886801555,
            -0.01958361439988272
        ],
        [
            -0.03001002242195558,
            -0.018003949755868214,
            -0.02233345502778963,
            0.059182810368905395,
            0.016202487584533007,
            0.0543407791535152,
            -0.030113779130894292,
            -0.015987201271461995,
            -0.16545764873917052,
            0.019146870326617747,
            -0.30374921772030405,
            -0.04092224329467279,
            0.06672558844766105,
            0.059308876961615145,
            -0.039395756315538516,
            0.16365657166858125,
            0.055332941798114176,
            0.0836862886801555,
            0.23676129240372218,
            -0.05522545458454113
        ],
        [
            0.006618730706496452,
            0.0031426046593173384,
            0.005768950637804628,
            -0.015507843552516996,
            -0.004173225808935639,
            -0.016355204766181852,
            0.005599157756034709,
            0.0040260435076328385,
            0.03911359818816104,
            -0.004720620882557022,
            0.07139708666494776,
            0.009583418404541324,
            -0.015402052798162175,
            -0.011324806464312383,
            0.008994895234014666,
            -0.03642790542136472,
            -0.011757556749697078,
            -0.01958361439988272,
            -0.05522545458454113,
            0.012913204084102212
        ]
    ]
}