{
    "opt_E": -2.1424448046241844,
    "HF_E": -2.111446161185263,
    "B3LYP_E": -2.1133475725609343,
    "sto-3G_E": -2.0867046222471877,
    "proj": [
        [
            0.528721603108764,
            0.34428469986416516,
            -0.005820643025002749,
            -0.173561323573041,
            -0.042659612814144196,
            0.06191016875948496,
            0.17956930560598866,
            -0.02008001067153311,
            -0.21859191349658513,
            -0.08646530508830218,
            0.044724975054306094,
            0.0341412573582484,
            0.006968288587993922,
            0.03864244768519298,
            -0.009950818325245228,
            0.0009075259596781916,
            -0.03781920031400588,
            -0.00678780328153522,
            -0.024173335755254766,
            0.007594149082761666
        ],
        [
            0.34428469986416516,
            0.23119491441370166,
            -0.0020691440151096295,
            -0.08359664600274637,
            -0.018830600447519493,
            0.08695574889564228,
            0.12993220448626638,
            -0.012377137612810203,
            -0.13521005552369234,
            -0.05046184858701998,
            0.04221145787567343,
            0.023833550974128058,
            0.002667708934092197,
            -0.016996991231048125,
            0.00125166671803646,
            -0.03175338398901006,
            -0.043488839594026864,
            -0.006705146792280649,
            -0.028016817698276027,
            0.0079173516228853
        ],
        [
            -0.005820643025002749,
            -0.0020691440151096295,
            0.0008196173073334656,
            0.01447463193484677,
            0.004370649857768208,
            0.018092445506095806,
            0.0028926642974850315,
            0.0007179010366457284,
            0.0003171580481341844,
            0.0035815251186079454,
            -3.660765146028303e-05,
            0.003314859744551779,
            0.001300696929694567,
            -0.01273657030568039,
            0.0009433033395616299,
            0.002682224518981932,
            0.002668630099428877,
            0.0008856297332702239,
            0.0032304551365269158,
            -0.0013006809301815904
        ],
        [
            -0.173561323573041,
            -0.08359664600274637,
            0.01447463193484677,
            0.26664941542809584,
            0.07930426439047758,
            0.2910691119166612,
            0.019233359552532883,
            0.01545873901203214,
            0.030818715225868765,
            0.07342751753754731,
            -0.01963689550275167,
            0.04161539083145068,
            0.019759079112197073,
            -0.22539662862711674,
            0.01855457297280675,
            0.028670458382287656,
            0.03779123945910423,
            0.016451314908516312,
            0.05944827125213115,
            -0.02355158659647437
        ],
        [
            -0.042659612814144196,
            -0.018830600447519493,
            0.004370649857768208,
            0.07930426439047758,
            0.023902175378003702,
            0.09063277503648869,
            0.008172387991724954,
            0.004726121983901433,
            -1.546589725487713e-05,
            0.021587453181860252,
            -0.013002697227669969,
            0.010970270336514296,
            0.006786387664374146,
            -0.07027858198931855,
            0.005156263811875405,
            0.008600247382602106,
            0.009718289543917869,
            0.006037735583189656,
            0.022351972501516312,
            -0.008550055097425461
        ],
        [
            0.06191016875948496,
            0.08695574889564228,
            0.018092445506095806,
            0.2910691119166612,
            0.09063277503648869,
            0.48465873980918134,
            0.15541905779807547,
            0.007053676610189317,
            -0.03160269600514846,
            0.05050838313281192,
            0.08399039152658982,
            0.10983282809863419,
            0.027288688367117314,
            -0.3046479576109971,
            0.027168467263721928,
            0.03816652535648025,
            0.040985019640111336,
            0.00812256921423281,
            0.02305416212541933,
            -0.014429373179210168
        ],
        [
            0.17956930560598866,
            0.12993220448626638,
            0.0028926642974850315,
            0.019233359552532883,
            0.008172387991724954,
            0.15541905779807547,
            0.11357201007935408,
            -0.008249894010887519,
            -0.02392705689432441,
            -0.020745372162359402,
            0.12082039889140377,
            0.07244659789244605,
            0.0054715530192845875,
            -0.048629051223233494,
            0.006141318484268669,
            0.02928197722911386,
            0.022446745160290302,
            -0.010643989784395869,
            -0.04437969558336632,
            0.012334499578417925
        ],
        [
            -0.02008001067153311,
            -0.012377137612810203,
            0.0007179010366457284,
            0.01545873901203214,
            0.004726121983901433,
            0.007053676610189317,
            -0.008249894010887519,
            0.002101593361410443,
            -0.007041695685397618,
            0.006829339314012253,
            -0.023852860290971462,
            -0.006912475536489623,
            0.0019271227301028131,
            -0.013321374100380513,
            -9.975818165842542e-06,
            -0.0005864020625943827,
            -0.0014798877389562756,
            0.0037710074291355884,
            0.015022311125043047,
            -0.0049571348802571755
        ],
        [
            -0.21859191349658513,
            -0.13521005552369234,
            0.0003171580481341844,
            0.030818715225868765,
            -1.546589725487713e-05,
            -0.03160269600514846,
            -0.02392705689432441,
            -0.007041695685397618,
            0.3009505130512804,
            0.004690595495084566,
            0.29507241548543134,
            0.06582041402863467,
            -0.03350381915216378,
            0.037936896042815,
            0.025777323551412178,
            -0.0560744856020259,
            0.017447823264794608,
            -0.046371286295182564,
            -0.1940671512730882,
            0.061927625477946904
        ],
        [
            -0.08646530508830218,
            -0.05046184858701998,
            0.0035815251186079454,
            0.07342751753754731,
            0.021587453181860252,
            0.05050838313281192,
            -0.020745372162359402,
            0.006829339314012253,
            0.004690595495084566,
            0.026687834002213005,
            -0.045489046242318504,
            -0.009389946192202923,
            0.004996156031283019,
            -0.05931855505471904,
            0.004026332153329385,
            -0.0034982592052753437,
            0.000526779729327322,
            0.008660356515462698,
            0.033084381760044614,
            -0.011532998989160315
        ],
        [
            0.044724975054306094,
            0.04221145787567343,
            -3.660765146028303e-05,
            -0.01963689550275167,
            -0.013002697227669969,
            0.08399039152658982,
            0.12082039889140377,
            -0.023852860290971462,
            0.29507241548543134,
            -0.045489046242318504,
            0.5041725240387591,
            0.1749277145862242,
            -0.030841734175448766,
            0.06601764867063827,
            0.024980745563832105,
            0.020122050044012723,
            0.07400599888952203,
            -0.06858115103147132,
            -0.28146551773584594,
            0.0891437088118047
        ],
        [
            0.0341412573582484,
            0.023833550974128058,
            0.003314859744551779,
            0.04161539083145068,
            0.010970270336514296,
            0.10983282809863419,
            0.07244659789244605,
            -0.006912475536489623,
            0.06582041402863467,
            -0.009389946192202923,
            0.1749277145862242,
            0.12032676514007427,
            0.012696480959085028,
            0.0277382011131257,
            -0.008307820691449802,
            0.17102840684866774,
            0.13486192266962288,
            -0.010069771459934023,
            -0.03484986328947614,
            0.010846852590776569
        ],
        [
            0.006968288587993922,
            0.002667708934092197,
            0.001300696929694567,
            0.019759079112197073,
            0.006786387664374146,
            0.027288688367117314,
            0.0054715530192845875,
            0.0019271227301028131,
            -0.03350381915216378,
            0.004996156031283019,
            -0.030841734175448766,
            0.012696480959085028,
            0.011078805811408814,
            -0.0025670041846265696,
            -0.0081386067646612,
            0.06256847296780542,
            0.03774748066870376,
            0.009559527863228768,
            0.04174906748654414,
            -0.013309299655046163
        ],
        [
            0.03864244768519298,
            -0.016996991231048125,
            -0.01273657030568039,
            -0.22539662862711674,
            -0.07027858198931855,
            -0.3046479576109971,
            -0.048629051223233494,
            -0.013321374100380513,
            0.037936896042815,
            -0.05931855505471904,
            0.06601764867063827,
            0.0277382011131257,
            -0.0025670041846265696,
            0.3025648764444337,
            -0.04025829784790855,
            0.17863943834799423,
            0.1170329282698626,
            -0.009300504652389567,
            -0.020313402752433627,
            0.012602717964094746
        ],
        [
            -0.009950818325245228,
            0.00125166671803646,
            0.0009433033395616299,
            0.01855457297280675,
            0.005156263811875405,
            0.027168467263721928,
            0.006141318484268669,
            -9.975818165842542e-06,
            0.025777323551412178,
            0.004026332153329385,
            0.024980745563832105,
            -0.008307820691449802,
            -0.0081386067646612,
            -0.04025829784790855,
            0.012134447353631337,
            -0.0687470404109133,
            -0.041148357721753355,
            -0.0070769991747925655,
            -0.03337700943867306,
            0.009740029792992499
        ],
        [
            0.0009075259596781916,
            -0.03175338398901006,
            0.002682224518981932,
            0.028670458382287656,
            0.008600247382602106,
            0.03816652535648025,
            0.02928197722911386,
            -0.0005864020625943827,
            -0.0560744856020259,
            -0.0034982592052753437,
            0.020122050044012723,
            0.17102840684866774,
            0.06256847296780542,
            0.17863943834799423,
            -0.0687470404109133,
            0.551627978067405,
            0.3698923464331621,
            0.034876848390253144,
            0.1705910080774337,
            -0.05103512467994666
        ],
        [
            -0.03781920031400588,
            -0.043488839594026864,
            0.002668630099428877,
            0.03779123945910423,
            0.009718289543917869,
            0.040985019640111336,
            0.022446745160290302,
            -0.0014798877389562756,
            0.017447823264794608,
            0.000526779729327322,
            0.07400599888952203,
            0.13486192266962288,
            0.03774748066870376,
            0.1170329282698626,
            -0.041148357721753355,
            0.3698923464331621,
            0.2591763334730793,
            0.015416942803460008,
            0.0809809849850527,
            -0.02380717821770901
        ],
        [
            -0.00678780328153522,
            -0.006705146792280649,
            0.0008856297332702239,
            0.016451314908516312,
            0.006037735583189656,
            0.00812256921423281,
            -0.010643989784395869,
            0.0037710074291355884,
            -0.046371286295182564,
            0.008660356515462698,
            -0.06858115103147132,
            -0.010069771459934023,
            0.009559527863228768,
            -0.009300504652389567,
            -0.0070769991747925655,
            0.034876848390253144,
            0.015416942803460008,
            0.012540218670268654,
            0.05287464652100778,
            -0.016813907253126502
        ],
        [
            -0.024173335755254766,
            -0.028016817698276027,
            0.0032304551365269158,
            0.05944827125213115,
            0.022351972501516312,
            0.02305416212541933,
            -0.04437969558336632,
            0.015022311125043047,
            -0.1940671512730882,
            0.033084381760044614,
            -0.28146551773584594,
            -0.03484986328947614,
            0.04174906748654414,
            -0.020313402752433627,
            -0.03337700943867306,
            0.1705910080774337,
            0.0809809849850527,
            0.05287464652100778,
            0.22450997071354512,
            -0.0710388369337584
        ],
        [
            0.007594149082761666,
            0.0079173516228853,
            -0.0013006809301815904,
            -0.02355158659647437,
            -0.008550055097425461,
            -0.014429373179210168,
            0.012334499578417925,
            -0.0049571348802571755,
            0.061927625477946904,
            -0.011532998989160315,
            0.0891437088118047,
            0.010846852590776569,
            -0.013309299655046163,
            0.012602717964094746,
            0.009740029792992499,
            -0.05103512467994666,
            -0.02380717821770901,
            -0.016813907253126502,
            -0.0710388369337584,
            0.022609664348056453
        ]
    ]
}