{
    "opt_E": -2.1713459942245152,
    "HF_E": -2.1404883909468984,
    "B3LYP_E": -2.142500390354491,
    "sto-3G_E": -2.1207649835352367,
    "proj": [
        [
            0.5102016206253479,
            0.31741457494655106,
            0.012791432289770126,
            -0.1744965675774978,
            -0.005547996208882788,
            0.0944341404114314,
            0.18262347462317952,
            0.0009431704909736323,
            -0.26427364442834467,
            -0.018599841549731842,
            0.05011879497295495,
            0.035340892245189534,
            0.001453946136071987,
            0.0204857267834318,
            0.007315729971265498,
            -0.0022374568061986995,
            -0.03624872894044747,
            -0.0032961706765884118,
            -0.019790962356722362,
            -0.009285668533217356
        ],
        [
            0.31741457494655106,
            0.2043923613507762,
            0.006479035388241609,
            -0.0694328056153479,
            -0.0013912979127814066,
            0.11160133617979859,
            0.12593483181682094,
            0.002313583808183414,
            -0.1544013218065069,
            -0.010742831979981238,
            0.03496540282929453,
            0.024556395619421627,
            0.00908396884384619,
            -0.025677490560360613,
            0.0036461027336025013,
            -0.024469258682386384,
            -0.03597111358633566,
            -0.0015728269282650447,
            -0.01467154918368177,
            -0.0057600591771279725
        ],
        [
            0.012791432289770126,
            0.006479035388241609,
            0.0006955109272258483,
            -0.014488505251810746,
            -0.0006758226688479145,
            -0.01101144473574955,
            0.0015489235125254028,
            -0.0007856628574228415,
            -0.007796730368583674,
            -0.0007602956738148738,
            0.00218380665703773,
            -0.0007975667863074104,
            -0.002437611576524769,
            0.008586759005545513,
            -0.0005638228346808798,
            -0.0004223625592396786,
            -0.001242738094746704,
            -0.00030607954785281526,
            -0.002265631540987427,
            -0.0010356989002897987
        ],
        [
            -0.1744965675774978,
            -0.0694328056153479,
            -0.014488505251810746,
            0.33325195449899775,
            0.016402960724451788,
            0.32782480813432996,
            0.017323312472169495,
            0.023665373393406425,
            0.11463281244933514,
            0.01478794473075078,
            -0.0550946354199113,
            0.03266805073167219,
            0.06791019987297481,
            -0.2215159599268791,
            0.020720873956495686,
            0.0263872907066871,
            0.029318075214754456,
            0.007651422823646707,
            0.06429279537216097,
            0.028222238282811715
        ],
        [
            -0.005547996208882788,
            -0.0013912979127814066,
            -0.0006758226688479145,
            0.016402960724451788,
            0.0008351018774929336,
            0.01827013741297198,
            0.002619122519243899,
            0.001043498940871218,
            0.004844454537904029,
            0.0005980261865881133,
            -0.0010005139803780912,
            0.0028485237800690262,
            0.0035260483861921884,
            -0.01119879511189433,
            0.0011482349383163623,
            0.0021783362602938706,
            0.0021112317151254266,
            0.0003431235517188583,
            0.0027355725755666047,
            0.0012322892618164092
        ],
        [
            0.0944341404114314,
            0.11160133617979859,
            -0.01101144473574955,
            0.32782480813432996,
            0.01827013741297198,
            0.5014631979844489,
            0.15492080344882217,
            0.020681770297440717,
            0.019491820262749728,
            0.005092494005714223,
            0.034057209726489,
            0.09384007291738813,
            0.08463500904305982,
            -0.2740782372229255,
            0.0256745952828313,
            0.026045261845874308,
            0.025017823063679355,
            0.005795359740954309,
            0.03585931800907823,
            0.018337317226467028
        ],
        [
            0.18262347462317952,
            0.12593483181682094,
            0.0015489235125254028,
            0.017323312472169495,
            0.002619122519243899,
            0.15492080344882217,
            0.11614508475599583,
            -0.010382775904406815,
            -0.03016387186390284,
            -0.008312101519544982,
            0.12904364537599208,
            0.08027772390206853,
            0.01218800575417855,
            -0.03860457378778628,
            0.0030319759104968985,
            0.02362639363551847,
            0.026384848661849716,
            -0.0026372403519993246,
            -0.04264909953780952,
            -0.014927448183838704
        ],
        [
            0.0009431704909736323,
            0.002313583808183414,
            -0.0007856628574228415,
            0.023665373393406425,
            0.001043498940871218,
            0.020681770297440717,
            -0.010382775904406815,
            0.014485825798219778,
            -0.03933866533616528,
            0.0035614691038487476,
            -0.08641263474025186,
            -0.026274591120602382,
            0.012489717180881309,
            -0.022286475595731187,
            0.009628943307487597,
            0.014998790108946896,
            -0.006033261762813379,
            0.003028637970030233,
            0.0463998208999652,
            0.01690745113297984
        ],
        [
            -0.26427364442834467,
            -0.1544013218065069,
            -0.007796730368583674,
            0.11463281244933514,
            0.004844454537904029,
            0.019491820262749728,
            -0.03016387186390284,
            -0.03933866533616528,
            0.27540886220329125,
            0.0009394970090623934,
            0.24410502026602657,
            0.07916754737680977,
            -0.01675812459662346,
            -0.02483831688023018,
            -0.029466231604301597,
            -0.059592788253069615,
            0.030890818851464864,
            -0.005961907757735252,
            -0.12571669327207444,
            -0.04299743232161489
        ],
        [
            -0.018599841549731842,
            -0.010742831979981238,
            -0.0007602956738148738,
            0.01478794473075078,
            0.0005980261865881133,
            0.005092494005714223,
            -0.008312101519544982,
            0.0035614691038487476,
            0.0009394970090623934,
            0.0015971641446053352,
            -0.022224805571692974,
            -0.007017408242582305,
            0.003540412364885851,
            -0.008292613669944255,
            0.002148298844938866,
            0.003427692626402127,
            -0.00013751409437052521,
            0.000887605740630357,
            0.011969414089544505,
            0.0044849274330494
        ],
        [
            0.05011879497295495,
            0.03496540282929453,
            0.00218380665703773,
            -0.0550946354199113,
            -0.0010005139803780912,
            0.034057209726489,
            0.12904364537599208,
            -0.08641263474025186,
            0.24410502026602657,
            -0.022224805571692974,
            0.5735986725972378,
            0.21703954266764677,
            -0.05147724976564557,
            0.07231112239744812,
            -0.046872492118217965,
            -0.03807115512490665,
            0.0788387054594151,
            -0.017534582464603595,
            -0.27795343770294634,
            -0.10017256358926722
        ],
        [
            0.035340892245189534,
            0.024556395619421627,
            -0.0007975667863074104,
            0.03266805073167219,
            0.0028485237800690262,
            0.09384007291738813,
            0.08027772390206853,
            -0.026274591120602382,
            0.07916754737680977,
            -0.007017408242582305,
            0.21703954266764677,
            0.1426042809074737,
            0.0006664388749874644,
            0.03545686883998481,
            0.009208195579864529,
            0.15673805637141452,
            0.14258498877213138,
            -0.00432495428758098,
            -0.05716227762317186,
            -0.02122889218028498
        ],
        [
            0.001453946136071987,
            0.00908396884384619,
            -0.002437611576524769,
            0.06791019987297481,
            0.0035260483861921884,
            0.08463500904305982,
            0.01218800575417855,
            0.012489717180881309,
            -0.01675812459662346,
            0.003540412364885851,
            -0.05147724976564557,
            0.0006664388749874644,
            0.020976277712198548,
            -0.050036891904660936,
            0.011884494664116316,
            0.029445694112015548,
            0.011265505609408758,
            0.0029888208967277672,
            0.039222625757898574,
            0.014962793785896605
        ],
        [
            0.0204857267834318,
            -0.025677490560360613,
            0.008586759005545513,
            -0.2215159599268791,
            -0.01119879511189433,
            -0.2740782372229255,
            -0.03860457378778628,
            -0.022286475595731187,
            -0.02483831688023018,
            -0.008292613669944255,
            0.07231112239744812,
            0.03545686883998481,
            -0.050036891904660936,
            0.23228861809832368,
            0.004031855194619674,
            0.16534106067491744,
            0.11505901418064064,
            -0.005066693147033297,
            -0.020642499055436272,
            -0.012549910771513564
        ],
        [
            0.007315729971265498,
            0.0036461027336025013,
            -0.0005638228346808798,
            0.020720873956495686,
            0.0011482349383163623,
            0.0256745952828313,
            0.0030319759104968985,
            0.009628943307487597,
            -0.029466231604301597,
            0.002148298844938866,
            -0.046872492118217965,
            0.009208195579864529,
            0.011884494664116316,
            0.004031855194619674,
            0.01604283306065007,
            0.08315358322772781,
            0.04576514145582668,
            0.002354883592552955,
            0.04426195341882056,
            0.015515680827050491
        ],
        [
            -0.0022374568061986995,
            -0.024469258682386384,
            -0.0004223625592396786,
            0.0263872907066871,
            0.0021783362602938706,
            0.026045261845874308,
            0.02362639363551847,
            0.014998790108946896,
            -0.059592788253069615,
            0.003427692626402127,
            -0.03807115512490665,
            0.15673805637141452,
            0.029445694112015548,
            0.16534106067491744,
            0.08315358322772781,
            0.5900744715961141,
            0.38185501483576584,
            0.005837241396687984,
            0.16053880087499287,
            0.052929704349420285
        ],
        [
            -0.03624872894044747,
            -0.03597111358633566,
            -0.001242738094746704,
            0.029318075214754456,
            0.0021112317151254266,
            0.025017823063679355,
            0.026384848661849716,
            -0.006033261762813379,
            0.030890818851464864,
            -0.00013751409437052521,
            0.0788387054594151,
            0.14258498877213138,
            0.011265505609408758,
            0.11505901418064064,
            0.04576514145582668,
            0.38185501483576584,
            0.26985108395180374,
            0.000960964172083789,
            0.055934817764213524,
            0.017218699440165585
        ],
        [
            -0.0032961706765884118,
            -0.0015728269282650447,
            -0.00030607954785281526,
            0.007651422823646707,
            0.0003431235517188583,
            0.005795359740954309,
            -0.0026372403519993246,
            0.003028637970030233,
            -0.005961907757735252,
            0.000887605740630357,
            -0.017534582464603595,
            -0.00432495428758098,
            0.0029888208967277672,
            -0.005066693147033297,
            0.002354883592552955,
            0.005837241396687984,
            0.000960964172083789,
            0.0006791838642276432,
            0.010256427268805155,
            0.003751590730777795
        ],
        [
            -0.019790962356722362,
            -0.01467154918368177,
            -0.002265631540987427,
            0.06429279537216097,
            0.0027355725755666047,
            0.03585931800907823,
            -0.04264909953780952,
            0.0463998208999652,
            -0.12571669327207444,
            0.011969414089544505,
            -0.27795343770294634,
            -0.05716227762317186,
            0.039222625757898574,
            -0.020642499055436272,
            0.04426195341882056,
            0.16053880087499287,
            0.055934817764213524,
            0.010256427268805155,
            0.173247175615947,
            0.06178875085552452
        ],
        [
            -0.009285668533217356,
            -0.0057600591771279725,
            -0.0010356989002897987,
            0.028222238282811715,
            0.0012322892618164092,
            0.018337317226467028,
            -0.014927448183838704,
            0.01690745113297984,
            -0.04299743232161489,
            0.0044849274330494,
            -0.10017256358926722,
            -0.02122889218028498,
            0.014962793785896605,
            -0.012549910771513564,
            0.015515680827050491,
            0.052929704349420285,
            0.017218699440165585,
            0.003751590730777795,
            0.06178875085552452,
            0.02216071842962158
        ]
    ]
}