{
    "opt_E": -2.1624222005054827,
    "HF_E": -2.1308067195661016,
    "B3LYP_E": -2.133029309906065,
    "sto-3G_E": -2.107856631931453,
    "proj": [
        [
            0.5568819521292186,
            0.36972969895666097,
            -0.027510598369625473,
            -0.17129197907611335,
            0.024988746691385295,
            0.013673553003655206,
            0.17291720838790914,
            -0.06243124401031289,
            -0.1927362139995001,
            0.03128987042295731,
            0.03413347167432849,
            0.030400177559393893,
            -0.004720734728281442,
            0.05929078196082565,
            -0.003252288755528215,
            0.0009054643809230525,
            -0.033676287454171686,
            -0.001842277689762144,
            -0.021325936875326502,
            -0.0005130646231616788
        ],
        [
            0.36972969895666097,
            0.2577406126125293,
            -0.010794789776919715,
            -0.07729126391747888,
            0.011129820116651428,
            0.07497915853432154,
            0.13661744322188712,
            -0.03643663637497411,
            -0.1244901923231444,
            0.019293788856393667,
            0.03859640778706726,
            0.02460765466664589,
            0.0025302314537049685,
            -0.016921801174740746,
            0.0012298445291262473,
            -0.03874644760952175,
            -0.045852319285219226,
            -0.0018966071340897463,
            -0.030253465717806547,
            -0.0001982996549684071
        ],
        [
            -0.027510598369625473,
            -0.010794789776919715,
            0.009275331618512473,
            0.045757133829049064,
            -0.006874272558244241,
            0.061640330960488925,
            0.008834091237418752,
            0.010518220414000806,
            -0.0067344439750930815,
            -0.0008361850788715207,
            -0.008202912095453955,
            0.0087644614102308,
            0.009145954513040113,
            -0.03963095224826266,
            0.005131585012135472,
            0.007507488755813115,
            0.0052875668638114656,
            0.0006714244921058745,
            0.01520031040673164,
            0.00043973764307196834
        ],
        [
            -0.17129197907611335,
            -0.07729126391747888,
            0.045757133829049064,
            0.22885664309896075,
            -0.03429266080017663,
            0.29295310730833446,
            0.03207197635569721,
            0.05282913237325911,
            -0.00835530515212317,
            -0.007242441081588747,
            -0.027676582505873747,
            0.04187109594516341,
            0.04265748476354142,
            -0.1943884190330684,
            0.023919479725152754,
            0.028968527283468038,
            0.025220169770644278,
            0.002765654259044306,
            0.0628388804837983,
            0.001983016514706767
        ],
        [
            0.024988746691385295,
            0.011129820116651428,
            -0.006874272558244241,
            -0.03429266080017663,
            0.005143032148690009,
            -0.04400600854843207,
            -0.004803417296654588,
            -0.008027350755274054,
            0.002349044553370155,
            0.0009640909162517355,
            0.005433364517319378,
            -0.005885815792438284,
            -0.00648602298742107,
            0.029349112806159434,
            -0.0036492026326217946,
            -0.004190171645557618,
            -0.0034541412523615843,
            -0.00045913086470952087,
            -0.010189490714908803,
            -0.0003103702578110732
        ],
        [
            0.013673553003655206,
            0.07497915853432154,
            0.061640330960488925,
            0.29295310730833446,
            -0.04400600854843207,
            0.5216269426244716,
            0.17193601275283715,
            0.04397763822774412,
            -0.05718240301045492,
            -0.0015905056264211865,
            0.07193608159392943,
            0.12025080175209733,
            0.06484278788969934,
            -0.29562008748624935,
            0.035154899736600166,
            0.04891582615431082,
            0.03784170984320487,
            0.00012642530303214335,
            0.033186177853206295,
            0.002152652449919244
        ],
        [
            0.17291720838790914,
            0.13661744322188712,
            0.008834091237418752,
            0.03207197635569721,
            -0.004803417296654588,
            0.17193601275283715,
            0.1237194455212158,
            -0.01662230513997874,
            -0.020297068315362383,
            0.0034405201940084186,
            0.12226547922335287,
            0.07766528714587073,
            0.013611568683666165,
            -0.060876775025766,
            0.006179172640537091,
            0.02736536499207105,
            0.02171826577565647,
            -0.0036185944564541815,
            -0.04808826646546284,
            -0.0003541606881989708
        ],
        [
            -0.06243124401031289,
            -0.03643663637497411,
            0.010518220414000806,
            0.05282913237325911,
            -0.008027350755274054,
            0.04397763822774412,
            -0.01662230513997874,
            0.01976341637920232,
            -0.025217953443513703,
            0.0004310075220568097,
            -0.06344928685857111,
            -0.014100405624669488,
            0.010667607066137815,
            -0.04318227801604874,
            0.006568299674294346,
            -0.0008463717460043735,
            -0.0052846914517214625,
            0.0025542545886723033,
            0.045307822663907614,
            0.0009119057649965729
        ],
        [
            -0.1927362139995001,
            -0.1244901923231444,
            -0.0067344439750930815,
            -0.00835530515212317,
            0.002349044553370155,
            -0.05718240301045492,
            -0.020297068315362383,
            -0.025217953443513703,
            0.2860659707576866,
            -0.03191865205980759,
            0.2997549108636784,
            0.05791019949888147,
            -0.030039937481070027,
            0.02713851157377422,
            -0.018804693240551132,
            -0.05880896052303055,
            0.017783931828845523,
            -0.011432817911248616,
            -0.21682721982094944,
            -0.0033650830900377347
        ],
        [
            0.03128987042295731,
            0.019293788856393667,
            -0.0008361850788715207,
            -0.007242441081588747,
            0.0009640909162517355,
            -0.0015905056264211865,
            0.0034405201940084186,
            0.0004310075220568097,
            -0.03191865205980759,
            0.003902228587842824,
            -0.029743020655534778,
            -0.006111663116229655,
            0.0020141889254596318,
            0.0038999946128364825,
            0.0013049230705069407,
            0.007351875090356678,
            -0.00159898965450347,
            0.0011028455070058692,
            0.02115142763845177,
            0.0002912885361640395
        ],
        [
            0.03413347167432849,
            0.03859640778706726,
            -0.008202912095453955,
            -0.027676582505873747,
            0.005433364517319378,
            0.07193608159392943,
            0.12226547922335287,
            -0.06344928685857111,
            0.2997549108636784,
            -0.029743020655534778,
            0.5052454072304664,
            0.1718376715676293,
            -0.02566847175294491,
            0.03537595220585743,
            -0.019104308098671353,
            0.027611999629555472,
            0.0856673647940554,
            -0.017738292723874304,
            -0.3022016148401752,
            -0.004745758389693717
        ],
        [
            0.030400177559393893,
            0.02460765466664589,
            0.0087644614102308,
            0.04187109594516341,
            -0.005885815792438284,
            0.12025080175209733,
            0.07766528714587073,
            -0.014100405624669488,
            0.05791019949888147,
            -0.006111663116229655,
            0.1718376715676293,
            0.11991797639818759,
            0.010885457252724523,
            0.02374195403104803,
            0.002964278885864982,
            0.17115348920489135,
            0.13159954435575227,
            -0.004062081009920565,
            -0.03482802756862872,
            -0.0008879952700030434
        ],
        [
            -0.004720734728281442,
            0.0025302314537049685,
            0.009145954513040113,
            0.04265748476354142,
            -0.00648602298742107,
            0.06484278788969934,
            0.013611568683666165,
            0.010667607066137815,
            -0.030039937481070027,
            0.0020141889254596318,
            -0.02566847175294491,
            0.010885457252724523,
            0.011622012482257386,
            -0.03190649456943642,
            0.0064570624870800095,
            0.029298725642191922,
            0.015283411048127188,
            0.0015020231480610562,
            0.034219836470278577,
            0.0006545217865112906
        ],
        [
            0.05929078196082565,
            -0.016921801174740746,
            -0.03963095224826266,
            -0.1943884190330684,
            0.029349112806159434,
            -0.29562008748624935,
            -0.060876775025766,
            -0.04318227801604874,
            0.02713851157377422,
            0.0038999946128364825,
            0.03537595220585743,
            0.02374195403104803,
            -0.03190649456943642,
            0.28781024597850724,
            -0.020134310157344015,
            0.21108274372733335,
            0.1384719913037788,
            -0.0005795984548597431,
            0.016403092216342428,
            -0.001708926086964382
        ],
        [
            -0.003252288755528215,
            0.0012298445291262473,
            0.005131585012135472,
            0.023919479725152754,
            -0.0036492026326217946,
            0.035154899736600166,
            0.006179172640537091,
            0.006568299674294346,
            -0.018804693240551132,
            0.0013049230705069407,
            -0.019104308098671353,
            0.002964278885864982,
            0.0064570624870800095,
            -0.020134310157344015,
            0.0036792550048768764,
            0.011029234802677135,
            0.004478855413610239,
            0.0009555296526559165,
            0.02014203653083852,
            0.00040166248511950723
        ],
        [
            0.0009054643809230525,
            -0.03874644760952175,
            0.007507488755813115,
            0.028968527283468038,
            -0.004190171645557618,
            0.04891582615431082,
            0.02736536499207105,
            -0.0008463717460043735,
            -0.05880896052303055,
            0.007351875090356678,
            0.027611999629555472,
            0.17115348920489135,
            0.029298725642191922,
            0.21108274372733335,
            0.011029234802677135,
            0.5525985790990878,
            0.35980635552575735,
            0.004600090275413655,
            0.181904077938673,
            0.0007170059075673515
        ],
        [
            -0.033676287454171686,
            -0.045852319285219226,
            0.0052875668638114656,
            0.025220169770644278,
            -0.0034541412523615843,
            0.03784170984320487,
            0.02171826577565647,
            -0.0052846914517214625,
            0.017783931828845523,
            -0.00159898965450347,
            0.0856673647940554,
            0.13159954435575227,
            0.015283411048127188,
            0.1384719913037788,
            0.004478855413610239,
            0.35980635552575735,
            0.24610477793254007,
            0.0006139673457368032,
            0.07634013934653865,
            -0.000176887235023527
        ],
        [
            -0.001842277689762144,
            -0.0018966071340897463,
            0.0006714244921058745,
            0.002765654259044306,
            -0.00045913086470952087,
            0.00012642530303214335,
            -0.0036185944564541815,
            0.0025542545886723033,
            -0.011432817911248616,
            0.0011028455070058692,
            -0.017738292723874304,
            -0.004062081009920565,
            0.0015020231480610562,
            -0.0005795984548597431,
            0.0009555296526559165,
            0.004600090275413655,
            0.0006139673457368032,
            0.0006893742433650991,
            0.012876780187700781,
            0.000188668669067589
        ],
        [
            -0.021325936875326502,
            -0.030253465717806547,
            0.01520031040673164,
            0.0628388804837983,
            -0.010189490714908803,
            0.033186177853206295,
            -0.04808826646546284,
            0.045307822663907614,
            -0.21682721982094944,
            0.02115142763845177,
            -0.3022016148401752,
            -0.03482802756862872,
            0.034219836470278577,
            0.016403092216342428,
            0.02014203653083852,
            0.181904077938673,
            0.07634013934653865,
            0.012876780187700781,
            0.2592955060128084,
            0.0035157251490632855
        ],
        [
            -0.0005130646231616788,
            -0.0001982996549684071,
            0.00043973764307196834,
            0.001983016514706767,
            -0.0003103702578110732,
            0.002152652449919244,
            -0.0003541606881989708,
            0.0009119057649965729,
            -0.0033650830900377347,
            0.0002912885361640395,
            -0.004745758389693717,
            -0.0008879952700030434,
            0.0006545217865112906,
            -0.001708926086964382,
            0.00040166248511950723,
            0.0007170059075673515,
            -0.000176887235023527,
            0.000188668669067589,
            0.0035157251490632855,
            6.129013957319722e-05
        ]
    ]
}