{
    "opt_E": -2.1604228144255293,
    "HF_E": -2.129205185692943,
    "B3LYP_E": -2.1312269312739462,
    "sto-3G_E": -2.10678773271932,
    "proj": [
        [
            0.5282965837825808,
            0.34772383511247884,
            0.018852673787548135,
            -0.18144580554969486,
            0.024728540733362333,
            0.055057717208582706,
            0.1776192830523109,
            0.012058733140153911,
            -0.22681064831323666,
            0.023113732388317192,
            0.052469030019363976,
            0.03480764764699969,
            0.001484460823025353,
            0.04013496905911041,
            -0.0021102979535737197,
            -0.0022789528982922027,
            -0.03498340048105683,
            -0.011154901662065234,
            -0.027007081112395918,
            -0.005509382336265615
        ],
        [
            0.34772383511247884,
            0.23643095242064996,
            0.009279526187795113,
            -0.08396832351053392,
            0.011813773850047553,
            0.08875522739701713,
            0.13057873039074816,
            0.00781767899179373,
            -0.14542929805031227,
            0.014937679465901941,
            0.040838246258372214,
            0.024083445783468892,
            0.0034634610430305654,
            -0.016782133349445227,
            0.003376385723386924,
            -0.03213382777173837,
            -0.04112142316658064,
            -0.007961735784335332,
            -0.025079940244063386,
            -0.003486242264947593
        ],
        [
            0.018852673787548135,
            0.009279526187795113,
            0.002535624564750868,
            -0.027282807554354905,
            0.003515460891847076,
            -0.02733998707166218,
            -0.0005146865978267814,
            -0.0009347639859905634,
            -0.0035266322255759226,
            -0.00044483895373983854,
            0.006849225004677649,
            -0.001642488912576785,
            -0.00504283737017567,
            0.020290074127985433,
            -0.004790271129369746,
            -0.0012672930180861728,
            -0.001571109204291765,
            -0.0028039137964032588,
            -0.0067983531746909414,
            -0.0013696667874644422
        ],
        [
            -0.18144580554969486,
            -0.08396832351053392,
            -0.027282807554354905,
            0.2970942664976752,
            -0.038070649311480693,
            0.31762578651879636,
            0.024164198049118388,
            0.007370555023887282,
            0.04514202326429071,
            0.0024791659429672605,
            -0.039808594819946384,
            0.03549678632983674,
            0.05435508868886193,
            -0.22139508316423584,
            0.05181837305942959,
            0.022438191076732287,
            0.026539401703516197,
            0.026035578372137293,
            0.05948827689717332,
            0.013011083240676678
        ],
        [
            0.024728540733362333,
            0.011813773850047553,
            0.003515460891847076,
            -0.038070649311480693,
            0.004890932095820508,
            -0.03949868404516731,
            -0.001984853729722431,
            -0.0010971425522000857,
            -0.005469856219213562,
            -0.0004427921048821011,
            0.00707839939987443,
            -0.0035177124691545226,
            -0.0069779021657794095,
            0.028337907707366848,
            -0.0066467848803525775,
            -0.002322952129534492,
            -0.0028341369596702527,
            -0.0035851438053726304,
            -0.008425975248196441,
            -0.0017727441990570633
        ],
        [
            0.055057717208582706,
            0.08875522739701713,
            -0.02733998707166218,
            0.31762578651879636,
            -0.03949868404516731,
            0.5034892209207518,
            0.16018001765066472,
            0.007171214106704395,
            -0.019591064847684067,
            0.006716238587907595,
            0.06368103099317753,
            0.1043557933633906,
            0.06891722200533779,
            -0.28792887270139067,
            0.066123150613134,
            0.030650738632389093,
            0.031528628643486226,
            0.01625277310929076,
            0.022204298775049498,
            0.009286450842248297
        ],
        [
            0.1776192830523109,
            0.13057873039074816,
            -0.0005146865978267814,
            0.024164198049118388,
            -0.001984853729722431,
            0.16018001765066472,
            0.11650379964684278,
            -0.004815730219267571,
            -0.025195829448126247,
            -0.0015534722177548406,
            0.12402696050776686,
            0.07705447102323035,
            0.010938058431898249,
            -0.04651475728461985,
            0.010489946194086698,
            0.029513128027686585,
            0.026419880800308528,
            -0.01249221076692214,
            -0.044290754965152244,
            -0.004992197890366023
        ],
        [
            0.012058733140153911,
            0.00781767899179373,
            -0.0009347639859905634,
            0.007370555023887282,
            -0.0010971425522000857,
            0.007171214106704395,
            -0.004815730219267571,
            0.008380689585522934,
            -0.04305916811154234,
            0.008601199947207998,
            -0.061480464497403194,
            -0.01614416860789198,
            0.011160150281931444,
            -0.008770180881147114,
            0.007967290442171659,
            0.012759803555683966,
            -0.0024735790501242993,
            0.011596069269812001,
            0.03757516721923528,
            0.004910609908259104
        ],
        [
            -0.22681064831323666,
            -0.14542929805031227,
            -0.0035266322255759226,
            0.04514202326429071,
            -0.005469856219213562,
            -0.019591064847684067,
            -0.025195829448126247,
            -0.04305916811154234,
            0.2764614386587839,
            -0.047758802513508315,
            0.2773164826228566,
            0.07193550171109131,
            -0.048588517511136756,
            0.010258627379670949,
            -0.03260708424294023,
            -0.0561897294870671,
            0.02607674095510611,
            -0.049977997078667055,
            -0.16682191523220644,
            -0.02075765069728261
        ],
        [
            0.023113732388317192,
            0.014937679465901941,
            -0.00044483895373983854,
            0.0024791659429672605,
            -0.0004427921048821011,
            0.006716238587907595,
            -0.0015534722177548406,
            0.008601199947207998,
            -0.047758802513508315,
            0.009058327320909372,
            -0.06050514864461599,
            -0.015780799670682532,
            0.010929384371718249,
            -0.007057064130055733,
            0.007687839887328188,
            0.01239114409322668,
            -0.003451296031912386,
            0.011279473717011993,
            0.03682957835224339,
            0.004752950062460831
        ],
        [
            0.052469030019363976,
            0.040838246258372214,
            0.006849225004677649,
            -0.039808594819946384,
            0.00707839939987443,
            0.06368103099317753,
            0.12402696050776686,
            -0.061480464497403194,
            0.2773164826228566,
            -0.06050514864461599,
            0.5284573873397744,
            0.19081041269359958,
            -0.06196211706673837,
            0.05671228591952445,
            -0.04487066333053359,
            0.0009606978536627315,
            0.08146475389283063,
            -0.08686635446458885,
            -0.27979113790153193,
            -0.03688783393731528
        ],
        [
            0.03480764764699969,
            0.024083445783468892,
            -0.001642488912576785,
            0.03549678632983674,
            -0.0035177124691545226,
            0.1043557933633906,
            0.07705447102323035,
            -0.01614416860789198,
            0.07193550171109131,
            -0.015780799670682532,
            0.19081041269359958,
            0.12715766004081702,
            0.012521382204398064,
            0.03150607476874691,
            0.005912258946431508,
            0.16491475080692733,
            0.13512407122014103,
            -0.015614358748012008,
            -0.045495200909858965,
            -0.006928655729108451
        ],
        [
            0.001484460823025353,
            0.0034634610430305654,
            -0.00504283737017567,
            0.05435508868886193,
            -0.0069779021657794095,
            0.06891722200533779,
            0.010938058431898249,
            0.011160150281931444,
            -0.048588517511136756,
            0.010929384371718249,
            -0.06196211706673837,
            0.012521382204398064,
            0.03019261465883024,
            -0.02287553053179721,
            0.021494329251604143,
            0.08427495329584239,
            0.04511149986497989,
            0.020012712664972586,
            0.06459258018513098,
            0.008529076712736122
        ],
        [
            0.04013496905911041,
            -0.016782133349445227,
            0.020290074127985433,
            -0.22139508316423584,
            0.028337907707366848,
            -0.28792887270139067,
            -0.04651475728461985,
            -0.008770180881147114,
            0.010258627379670949,
            -0.007057064130055733,
            0.05671228591952445,
            0.03150607476874691,
            -0.02287553053179721,
            0.26533467025340457,
            -0.034284753219197175,
            0.18956201674532022,
            0.12445752237472456,
            -0.010908870296216157,
            -0.0032824281095027615,
            -0.0070528777568158885
        ],
        [
            -0.0021102979535737197,
            0.003376385723386924,
            -0.004790271129369746,
            0.05181837305942959,
            -0.0066467848803525775,
            0.066123150613134,
            0.010489946194086698,
            0.007967290442171659,
            -0.03260708424294023,
            0.007687839887328188,
            -0.04487066333053359,
            0.005912258946431508,
            0.021494329251604143,
            -0.034284753219197175,
            0.016608384493931833,
            0.04160583398327977,
            0.020608314447369394,
            0.013946402510638415,
            0.04269478636957434,
            0.0061182700384898175
        ],
        [
            -0.0022789528982922027,
            -0.03213382777173837,
            -0.0012672930180861728,
            0.022438191076732287,
            -0.002322952129534492,
            0.030650738632389093,
            0.029513128027686585,
            0.012759803555683966,
            -0.0561897294870671,
            0.01239114409322668,
            0.0009606978536627315,
            0.16491475080692733,
            0.08427495329584239,
            0.18956201674532022,
            0.04160583398327977,
            0.570905196630054,
            0.3684593258785735,
            0.04232861412957839,
            0.16844521241126997,
            0.015729763210580044
        ],
        [
            -0.03498340048105683,
            -0.04112142316658064,
            -0.001571109204291765,
            0.026539401703516197,
            -0.0028341369596702527,
            0.031528628643486226,
            0.026419880800308528,
            -0.0024735790501242993,
            0.02607674095510611,
            -0.003451296031912386,
            0.08146475389283063,
            0.13512407122014103,
            0.04511149986497989,
            0.12445752237472456,
            0.020608314447369394,
            0.3684593258785735,
            0.25353946561052315,
            0.01450250486968437,
            0.06631251577113466,
            0.004803207509434847
        ],
        [
            -0.011154901662065234,
            -0.007961735784335332,
            -0.0028039137964032588,
            0.026035578372137293,
            -0.0035851438053726304,
            0.01625277310929076,
            -0.01249221076692214,
            0.011596069269812001,
            -0.049977997078667055,
            0.011279473717011993,
            -0.08686635446458885,
            -0.015614358748012008,
            0.020012712664972586,
            -0.010908870296216157,
            0.013946402510638415,
            0.04232861412957839,
            0.01450250486968437,
            0.01869409745389005,
            0.060913311142906844,
            0.00790476917863646
        ],
        [
            -0.027007081112395918,
            -0.025079940244063386,
            -0.0067983531746909414,
            0.05948827689717332,
            -0.008425975248196441,
            0.022204298775049498,
            -0.044290754965152244,
            0.03757516721923528,
            -0.16682191523220644,
            0.03682957835224339,
            -0.27979113790153193,
            -0.045495200909858965,
            0.06459258018513098,
            -0.0032824281095027615,
            0.04269478636957434,
            0.16844521241126997,
            0.06631251577113466,
            0.060913311142906844,
            0.2026026602944001,
            0.02544635460718924
        ],
        [
            -0.005509382336265615,
            -0.003486242264947593,
            -0.0013696667874644422,
            0.013011083240676678,
            -0.0017727441990570633,
            0.009286450842248297,
            -0.004992197890366023,
            0.004910609908259104,
            -0.02075765069728261,
            0.004752950062460831,
            -0.03688783393731528,
            -0.006928655729108451,
            0.008529076712736122,
            -0.0070528777568158885,
            0.0061182700384898175,
            0.015729763210580044,
            0.004803207509434847,
            0.00790476917863646,
            0.02544635460718924,
            0.003366027730085984
        ]
    ]
}