{
    "opt_E": -2.207096634292875,
    "HF_E": -2.1773262793109343,
    "B3LYP_E": -2.179000861171513,
    "sto-3G_E": -2.1716387041706824,
    "proj": [
        [
            0.5520830799769844,
            0.34533403427352316,
            0.027460748981966116,
            -0.17746941353883514,
            0.006309584409434415,
            0.01658811857279886,
            0.1790188902434577,
            0.04414811244614226,
            -0.23808732975306757,
            0.017255959726401104,
            0.036546500849467575,
            0.024673018709186135,
            -0.0009069360638842589,
            0.03352009083312906,
            0.001373902141917918,
            0.0029376291807468296,
            -0.024596953203292003,
            -0.0006669247181187072,
            -0.02793914069643365,
            0.004662677509857739
        ],
        [
            0.34533403427352316,
            0.23277198946312233,
            0.008818841473445305,
            -0.05904982093233026,
            0.0015733996998811485,
            0.10064940384946448,
            0.14242333337530286,
            0.02335418363926568,
            -0.1402073344828772,
            0.007852625906177498,
            0.028305332976250343,
            0.024269136489981368,
            -0.0004748035269421274,
            -0.035262485190756275,
            -0.0036128846358127833,
            -0.02861569881078886,
            -0.03112023817690964,
            -0.0006033547984497586,
            -0.02535038570463221,
            0.0030564631274658033
        ],
        [
            0.027460748981966116,
            0.008818841473445305,
            0.006895000541276619,
            -0.04269585093943212,
            0.0020234746180840383,
            -0.055140614842490214,
            -0.007505354752616731,
            0.00473310318697042,
            -0.008003187083509602,
            0.0038314659120036957,
            0.013069150205658776,
            -0.006788703348602935,
            -0.0011234941287459378,
            0.02161897640548553,
            0.005123098346069669,
            -0.004492469421297941,
            -0.0031386273305984793,
            -0.0007569453591288767,
            -0.015648060731253667,
            0.0018351528644275329
        ],
        [
            -0.17746941353883514,
            -0.05904982093233026,
            -0.04269585093943212,
            0.2647359363825621,
            -0.012463360950297138,
            0.3394907494585886,
            0.045402535980312755,
            -0.029809497018245736,
            0.05811839334308532,
            -0.023110127395084095,
            -0.07063748362241572,
            0.04368061617463148,
            0.00658812815433411,
            -0.13677983504768076,
            -0.030786217971782937,
            0.024558170541002015,
            0.01945572328968203,
            0.004313039452246945,
            0.08867968793778222,
            -0.010611207164738148
        ],
        [
            0.006309584409434415,
            0.0015733996998811485,
            0.0020234746180840383,
            -0.012463360950297138,
            0.0006115708079366761,
            -0.016844230828165073,
            -0.0027671046436155812,
            0.0012672558866783673,
            -0.0008389069918120629,
            0.0011888229100771933,
            0.004928856753574736,
            -0.0024259512418374025,
            -0.0004219550037544691,
            0.005198797197192353,
            0.0017400799090112923,
            -0.0033959304287810147,
            -0.0018903973155121575,
            -0.00029495405898126946,
            -0.006189591063974549,
            0.0006754872637758832
        ],
        [
            0.01658811857279886,
            0.10064940384946448,
            -0.055140614842490214,
            0.3394907494585886,
            -0.016844230828165073,
            0.5854898851243859,
            0.1947604255585797,
            -0.024917154372906338,
            0.0010079051338047988,
            -0.02339353686081609,
            -0.01615645224338944,
            0.11217079699393342,
            0.008491482338887303,
            -0.22539371994063764,
            -0.04639093480200691,
            0.04023660889813078,
            0.0293953665402587,
            0.004444812389089631,
            0.07833028293883187,
            -0.009936392975177516
        ],
        [
            0.1790188902434577,
            0.14242333337530286,
            -0.007505354752616731,
            0.045402535980312755,
            -0.0027671046436155812,
            0.1947604255585797,
            0.1369799150090437,
            0.006236616834662786,
            -0.029504469381111682,
            0.00476367899252198,
            0.10452288822793399,
            0.0777771022999856,
            0.000394378161869803,
            -0.06746426316582527,
            -0.009679660781571236,
            0.028332240197315332,
            0.024971802784084323,
            -0.001415164617247995,
            -0.04278664949920158,
            0.004068111512571949
        ],
        [
            0.04414811244614226,
            0.02335418363926568,
            0.00473310318697042,
            -0.029809497018245736,
            0.0012672558866783673,
            -0.024917154372906338,
            0.006236616834662786,
            0.004738545657818238,
            -0.018717931135310156,
            0.0025925389624706216,
            0.005908315126267945,
            -0.0012936878563950091,
            -0.0004093933118362195,
            0.014548136331211744,
            0.0021033783284048002,
            0.002063960443525292,
            -0.0008481086198448408,
            -0.00025574106152433454,
            -0.00579422962237922,
            0.0008497140861214729
        ],
        [
            -0.23808732975306757,
            -0.1402073344828772,
            -0.008003187083509602,
            0.05811839334308532,
            -0.0008389069918120629,
            0.0010079051338047988,
            -0.029504469381111682,
            -0.018717931135310156,
            0.22484247447244327,
            0.010317605283621816,
            0.23728270388954043,
            0.06019375074060138,
            -0.0064850379038113885,
            -0.06358454541869864,
            0.015021914051322718,
            -0.02340152735288809,
            0.035586302091383706,
            -0.007504337520742028,
            -0.16385476482221664,
            0.014765647503947044
        ],
        [
            0.017255959726401104,
            0.007852625906177498,
            0.0038314659120036957,
            -0.023110127395084095,
            0.0011888229100771933,
            -0.02339353686081609,
            0.00476367899252198,
            0.0025925389624706216,
            0.010317605283621816,
            0.004252476928155189,
            0.04050185427824632,
            0.008378768514134887,
            -0.0012940815368657327,
            0.0062650030912234375,
            0.004096256428048106,
            0.0003854382948252329,
            0.00492879299049246,
            -0.0013082669145897227,
            -0.02895525649049775,
            0.0029660469920941824
        ],
        [
            0.036546500849467575,
            0.028305332976250343,
            0.013069150205658776,
            -0.07063748362241572,
            0.004928856753574736,
            -0.01615645224338944,
            0.10452288822793399,
            0.005908315126267945,
            0.23728270388954043,
            0.04050185427824632,
            0.5514249751954252,
            0.1812020633331945,
            -0.01236124860605214,
            -0.02913535871961981,
            0.029934518407646653,
            0.061355819447569425,
            0.11637323367043911,
            -0.01524852734930708,
            -0.3427311907886779,
            0.03366069353115838
        ],
        [
            0.024673018709186135,
            0.024269136489981368,
            -0.006788703348602935,
            0.04368061617463148,
            -0.0024259512418374025,
            0.11217079699393342,
            0.0777771022999856,
            -0.0012936878563950091,
            0.06019375074060138,
            0.008378768514134887,
            0.1812020633331945,
            0.12842240631842963,
            0.0018243852733928353,
            0.030275029731166053,
            -0.008560582279757369,
            0.18185255684253926,
            0.13461747374056285,
            -0.00154244343536903,
            -0.037475665304836044,
            0.004387059906666392
        ],
        [
            -0.0009069360638842589,
            -0.0004748035269421274,
            -0.0011234941287459378,
            0.00658812815433411,
            -0.0004219550037544691,
            0.008491482338887303,
            0.000394378161869803,
            -0.0004093933118362195,
            -0.0064850379038113885,
            -0.0012940815368657327,
            -0.01236124860605214,
            0.0018243852733928353,
            0.0007922309551578859,
            0.0054655289040678855,
            -0.0021787816471034553,
            0.013676148753600008,
            0.006392909279306801,
            0.0006484377531816955,
            0.014445379824001353,
            -0.0013450335584078625
        ],
        [
            0.03352009083312906,
            -0.035262485190756275,
            0.02161897640548553,
            -0.13677983504768076,
            0.005198797197192353,
            -0.22539371994063764,
            -0.06746426316582527,
            0.014548136331211744,
            -0.06358454541869864,
            0.0062650030912234375,
            -0.02913535871961981,
            0.030275029731166053,
            0.0054655289040678855,
            0.2507934325234365,
            -0.001292649603594262,
            0.26757396543495726,
            0.1478960505920405,
            0.004264668769353051,
            0.10649067566261482,
            -0.007331988713190317
        ],
        [
            0.001373902141917918,
            -0.0036128846358127833,
            0.005123098346069669,
            -0.030786217971782937,
            0.0017400799090112923,
            -0.04639093480200691,
            -0.009679660781571236,
            0.0021033783284048002,
            0.015021914051322718,
            0.004096256428048106,
            0.029934518407646653,
            -0.008560582279757369,
            -0.0021787816471034553,
            -0.001292649603594262,
            0.007070972818180357,
            -0.03142625957593703,
            -0.014835987737177453,
            -0.0016851996593489687,
            -0.03657102999684719,
            0.003538199271126116
        ],
        [
            0.0029376291807468296,
            -0.02861569881078886,
            -0.004492469421297941,
            0.024558170541002015,
            -0.0033959304287810147,
            0.04023660889813078,
            0.028332240197315332,
            0.002063960443525292,
            -0.02340152735288809,
            0.0003854382948252329,
            0.061355819447569425,
            0.18185255684253926,
            0.013676148753600008,
            0.26757396543495726,
            -0.03142625957593703,
            0.5304640858660181,
            0.32227228773258926,
            0.0076295846748020155,
            0.17586149413312832,
            -0.013624491528448808
        ],
        [
            -0.024596953203292003,
            -0.03112023817690964,
            -0.0031386273305984793,
            0.01945572328968203,
            -0.0018903973155121575,
            0.0293953665402587,
            0.024971802784084323,
            -0.0008481086198448408,
            0.035586302091383706,
            0.00492879299049246,
            0.11637323367043911,
            0.13461747374056285,
            0.006392909279306801,
            0.1478960505920405,
            -0.014835987737177453,
            0.32227228773258926,
            0.20924457184365103,
            0.002320337828825304,
            0.05514984223259498,
            -0.0034129695891131446
        ],
        [
            -0.0006669247181187072,
            -0.0006033547984497586,
            -0.0007569453591288767,
            0.004313039452246945,
            -0.00029495405898126946,
            0.004444812389089631,
            -0.001415164617247995,
            -0.00025574106152433454,
            -0.007504337520742028,
            -0.0013082669145897227,
            -0.01524852734930708,
            -0.00154244343536903,
            0.0006484377531816955,
            0.004264668769353051,
            -0.0016851996593489687,
            0.0076295846748020155,
            0.002320337828825304,
            0.0006060527356377614,
            0.013571401218674483,
            -0.001281129559062884
        ],
        [
            -0.02793914069643365,
            -0.02535038570463221,
            -0.015648060731253667,
            0.08867968793778222,
            -0.006189591063974549,
            0.07833028293883187,
            -0.04278664949920158,
            -0.00579422962237922,
            -0.16385476482221664,
            -0.02895525649049775,
            -0.3427311907886779,
            -0.037475665304836044,
            0.014445379824001353,
            0.10649067566261482,
            -0.03657102999684719,
            0.17586149413312832,
            0.05514984223259498,
            0.013571401218674483,
            0.30503875884666276,
            -0.028714131885963983
        ],
        [
            0.004662677509857739,
            0.0030564631274658033,
            0.0018351528644275329,
            -0.010611207164738148,
            0.0006754872637758832,
            -0.009936392975177516,
            0.004068111512571949,
            0.0008497140861214729,
            0.014765647503947044,
            0.0029660469920941824,
            0.03366069353115838,
            0.004387059906666392,
            -0.0013450335584078625,
            -0.007331988713190317,
            0.003538199271126116,
            -0.013624491528448808,
            -0.0034129695891131446,
            -0.001281129559062884,
            -0.028714131885963983,
            0.0027416385336719563
        ]
    ]
}