{
    "opt_E": -2.1826592663906914,
    "HF_E": -2.1526822784749386,
    "B3LYP_E": -2.154262309739141,
    "sto-3G_E": -2.1402526599420835,
    "proj": [
        [
            0.5121699852803806,
            0.32053926084552997,
            0.003796871599259724,
            -0.17093385290653862,
            -0.02638761558045005,
            0.08626063981172757,
            0.18638194920230003,
            0.0017194313900057746,
            -0.25823054997203043,
            -0.057783646150350844,
            0.04269049564653104,
            0.034351959499719385,
            0.0017054744622414506,
            0.01995269075493932,
            0.0017087527504416513,
            0.0021922676010217306,
            -0.033836454447927225,
            -0.0026577854112672813,
            -0.01993780822343127,
            -0.00354280204082823
        ],
        [
            0.32053926084552997,
            0.20828411891413937,
            0.0018824292076005753,
            -0.07180062559119166,
            -0.00998757656241727,
            0.10548315346343659,
            0.1312548207977774,
            0.0008083497147302553,
            -0.14662734338476077,
            -0.032219380090685444,
            0.041172412715314154,
            0.025710240523649338,
            0.0010447535994418137,
            -0.02872069720259909,
            0.0029544793215817104,
            -0.028639507503775696,
            -0.03677383884506945,
            -0.0024402115562844806,
            -0.02504528716604418,
            -0.002884087833244696
        ],
        [
            0.003796871599259724,
            0.0018824292076005753,
            8.0098381636154e-05,
            -0.004928766952330992,
            -0.0009043495781773703,
            -0.004290072261362662,
            0.0004310472921773138,
            -3.3853127200961355e-05,
            -0.001751512958703901,
            -0.0010113689562327919,
            0.0016383414400875488,
            -8.149577689719433e-05,
            -0.0001999773452142922,
            0.0030636837734027297,
            -0.00039845746570452275,
            2.2461486358016202e-05,
            -0.00014362736692244478,
            -0.00014078017016084756,
            -0.0014165440933960225,
            -0.00012647694937554174
        ],
        [
            -0.17093385290653862,
            -0.07180062559119166,
            -0.004928766952330992,
            0.32098506342467126,
            0.059688908829897136,
            0.3324170980293741,
            0.01728081631646984,
            0.0017336805173380101,
            0.09438315678493171,
            0.058087688270589355,
            -0.06350303630024971,
            0.03969427461509569,
            0.014786744549516104,
            -0.2022360469335002,
            0.028903532270248177,
            0.03409489074757041,
            0.03368428356635897,
            0.008291894218466983,
            0.08324114110809708,
            0.007146713637142806
        ],
        [
            -0.02638761558045005,
            -0.00998757656241727,
            -0.0009043495781773703,
            0.059688908829897136,
            0.011200129039742431,
            0.06464665584172799,
            0.0049114123376633005,
            0.00045118102413008746,
            0.012814219666570405,
            0.01069969759554401,
            -0.015471471338465588,
            0.007238098498382454,
            0.003059364744960623,
            -0.03794712265873124,
            0.005786234649151068,
            0.008321000290892697,
            0.00652807927473513,
            0.0017783986783801273,
            0.018464659873670866,
            0.0015162626829414178
        ],
        [
            0.08626063981172757,
            0.10548315346343659,
            -0.004290072261362662,
            0.3324170980293741,
            0.06464665584172799,
            0.5193914368075495,
            0.15698171045810672,
            0.001592292303084399,
            0.006705340952564525,
            0.03836798201576776,
            0.01569298677561895,
            0.10123675429514697,
            0.018700081216206997,
            -0.2679750439445244,
            0.03785073337286289,
            0.04159090876991485,
            0.033457846971414615,
            0.006028534820117031,
            0.05658682954808066,
            0.004360157429001728
        ],
        [
            0.18638194920230003,
            0.1312548207977774,
            0.0004310472921773138,
            0.01728081631646984,
            0.0049114123376633005,
            0.15698171045810672,
            0.11951313478794168,
            -0.0016492219024067229,
            -0.030370314535036896,
            -0.017576584976491963,
            0.12397585671755362,
            0.07594433742560261,
            0.001959200884787471,
            -0.04777408543012067,
            0.005883744881031181,
            0.023738211060223228,
            0.0228487580267795,
            -0.004153569497485863,
            -0.04983782974680289,
            -0.004298480109843951
        ],
        [
            0.0017194313900057746,
            0.0008083497147302553,
            -3.3853127200961355e-05,
            0.0017336805173380101,
            0.00045118102413008746,
            0.001592292303084399,
            -0.0016492219024067229,
            0.00035258961439678377,
            -0.0076429712600318235,
            0.0010286554791672472,
            -0.013672679925863044,
            -0.003999953344405573,
            0.0005880786602449178,
            -0.0011062613603937555,
            0.0007421989690186187,
            0.0011851457211736463,
            -0.0015859716221777375,
            0.0006947822595910057,
            0.00843152388905141,
            0.0006009047280150944
        ],
        [
            -0.25823054997203043,
            -0.14662734338476077,
            -0.001751512958703901,
            0.09438315678493171,
            0.012814219666570405,
            0.006705340952564525,
            -0.030370314535036896,
            -0.0076429712600318235,
            0.27570712099351646,
            0.012124556714112257,
            0.2551859148272784,
            0.07004522674288538,
            -0.010964264359018705,
            -0.04055622428055371,
            -0.011096189621334991,
            -0.04905237812121061,
            0.03276251825280523,
            -0.012417440933476737,
            -0.16002932834620334,
            -0.010222031700696606
        ],
        [
            -0.057783646150350844,
            -0.032219380090685444,
            -0.0010113689562327919,
            0.058087688270589355,
            0.01069969759554401,
            0.03836798201576776,
            -0.017576584976491963,
            0.0010286554791672472,
            0.012124556714112257,
            0.014667615502201031,
            -0.048683392329989285,
            -0.010464635585537141,
            0.00306404626768129,
            -0.031914573220967364,
            0.005235516990056293,
            0.0017247597854672873,
            -0.0009826176233229478,
            0.003010339476841824,
            0.03318678872854735,
            0.0027139113010294265
        ],
        [
            0.04269049564653104,
            0.041172412715314154,
            0.0016383414400875488,
            -0.06350303630024971,
            -0.015471471338465588,
            0.01569298677561895,
            0.12397585671755362,
            -0.013672679925863044,
            0.2551859148272784,
            -0.048683392329989285,
            0.5645711254399437,
            0.19405760935994923,
            -0.019429356493843176,
            0.034544395206123485,
            -0.023424606780556488,
            0.00075584702401116,
            0.08921105357038056,
            -0.026961087684761846,
            -0.32514019137517103,
            -0.02376926424608281
        ],
        [
            0.034351959499719385,
            0.025710240523649338,
            -8.149577689719433e-05,
            0.03969427461509569,
            0.007238098498382454,
            0.10123675429514697,
            0.07594433742560261,
            -0.003999953344405573,
            0.07004522674288538,
            -0.010464635585537141,
            0.19405760935994923,
            0.13332182721591337,
            0.003731936534383873,
            0.032460198275278955,
            0.005608437489012553,
            0.17320878857211042,
            0.14137544434593338,
            -0.004226700824627465,
            -0.04740469781492397,
            -0.004355895210170692
        ],
        [
            0.0017054744622414506,
            0.0010447535994418137,
            -0.0001999773452142922,
            0.014786744549516104,
            0.003059364744960623,
            0.018700081216206997,
            0.001959200884787471,
            0.0005880786602449178,
            -0.010964264359018705,
            0.00306404626768129,
            -0.019429356493843176,
            0.003731936534383873,
            0.0023436975594838417,
            -0.0013722474548847462,
            0.00315526477975194,
            0.02470100335796107,
            0.01285354543810793,
            0.0017124153168930603,
            0.02095545921237077,
            0.0014118492383116779
        ],
        [
            0.01995269075493932,
            -0.02872069720259909,
            0.0030636837734027297,
            -0.2022360469335002,
            -0.03794712265873124,
            -0.2679750439445244,
            -0.04777408543012067,
            -0.0011062613603937555,
            -0.04055622428055371,
            -0.031914573220967364,
            0.034544395206123485,
            0.032460198275278955,
            -0.0013722474548847462,
            0.2486571454097173,
            -0.012358820694414725,
            0.2138213897115544,
            0.13408299647105146,
            4.947904272954479e-05,
            0.019948439872237798,
            -0.00022597849590341872
        ],
        [
            0.0017087527504416513,
            0.0029544793215817104,
            -0.00039845746570452275,
            0.028903532270248177,
            0.005786234649151068,
            0.03785073337286289,
            0.005883744881031181,
            0.0007421989690186187,
            -0.011096189621334991,
            0.005235516990056293,
            -0.023424606780556488,
            0.005608437489012553,
            0.00315526477975194,
            -0.012358820694414725,
            0.004728121513044413,
            0.02530283491600941,
            0.013021572624759618,
            0.002142605903484639,
            0.025422816123600884,
            0.0017642787337946663
        ],
        [
            0.0021922676010217306,
            -0.028639507503775696,
            2.2461486358016202e-05,
            0.03409489074757041,
            0.008321000290892697,
            0.04159090876991485,
            0.023738211060223228,
            0.0011851457211736463,
            -0.04905237812121061,
            0.0017247597854672873,
            0.00075584702401116,
            0.17320878857211042,
            0.02470100335796107,
            0.2138213897115544,
            0.02530283491600941,
            0.562362330849023,
            0.35929023335063137,
            0.013381566211179662,
            0.1816740438671149,
            0.010226330818021285
        ],
        [
            -0.033836454447927225,
            -0.03677383884506945,
            -0.00014362736692244478,
            0.03368428356635897,
            0.00652807927473513,
            0.033457846971414615,
            0.0228487580267795,
            -0.0015859716221777375,
            0.03276251825280523,
            -0.0009826176233229478,
            0.08921105357038056,
            0.14137544434593338,
            0.01285354543810793,
            0.13408299647105146,
            0.013021572624759618,
            0.35929023335063137,
            0.24721053477671545,
            0.004498916767823412,
            0.06577988607508785,
            0.0030467300313340036
        ],
        [
            -0.0026577854112672813,
            -0.0024402115562844806,
            -0.00014078017016084756,
            0.008291894218466983,
            0.0017783986783801273,
            0.006028534820117031,
            -0.004153569497485863,
            0.0006947822595910057,
            -0.012417440933476737,
            0.003010339476841824,
            -0.026961087684761846,
            -0.004226700824627465,
            0.0017124153168930603,
            4.947904272954479e-05,
            0.002142605903484639,
            0.013381566211179662,
            0.004498916767823412,
            0.0016778804295978216,
            0.02047233824733221,
            0.0014358134376018386
        ],
        [
            -0.01993780822343127,
            -0.02504528716604418,
            -0.0014165440933960225,
            0.08324114110809708,
            0.018464659873670866,
            0.05658682954808066,
            -0.04983782974680289,
            0.00843152388905141,
            -0.16002932834620334,
            0.03318678872854735,
            -0.32514019137517103,
            -0.04740469781492397,
            0.02095545921237077,
            0.019948439872237798,
            0.025422816123600884,
            0.1816740438671149,
            0.06577988607508785,
            0.02047233824733221,
            0.251540495246358,
            0.017465029237968225
        ],
        [
            -0.00354280204082823,
            -0.002884087833244696,
            -0.00012647694937554174,
            0.007146713637142806,
            0.0015162626829414178,
            0.004360157429001728,
            -0.004298480109843951,
            0.0006009047280150944,
            -0.010222031700696606,
            0.0027139113010294265,
            -0.02376926424608281,
            -0.004355895210170692,
            0.0014118492383116779,
            -0.00022597849590341872,
            0.0017642787337946663,
            0.010226330818021285,
            0.0030467300313340036,
            0.0014358134376018386,
            0.017465029237968225,
            0.0012355488140274719
        ]
    ]
}