{
    "opt_E": -2.1944935290961247,
    "HF_E": -2.1635612662107153,
    "B3LYP_E": -2.165934989314035,
    "sto-3G_E": -2.1506497132613047,
    "proj": [
        [
            0.5727227561633178,
            0.3601647881519141,
            0.002537705555079529,
            -0.17689397638700266,
            0.02124207282382667,
            -0.0052810554203107886,
            0.167706143591992,
            0.010726477563896185,
            -0.21333606235981936,
            0.04114063927290036,
            0.045465954203495015,
            0.026453105327438144,
            0.002662437669550856,
            0.05574369413760553,
            0.003416924456443433,
            -0.0020028572875737845,
            -0.027743728289023852,
            0.005405369803543459,
            -0.030665743082341903,
            -0.011579360039083903
        ],
        [
            0.3601647881519141,
            0.2452993300076388,
            0.0004133339153305478,
            -0.05848941097791923,
            0.006299010447972318,
            0.09226476920262623,
            0.13851668135307574,
            0.004369846946919165,
            -0.1376536854894793,
            0.01939309061153967,
            0.02805047666315371,
            0.023687931477998758,
            -0.0018717065195382363,
            -0.02804684429718645,
            -0.004256524316692808,
            -0.030920014701380415,
            -0.03643754968845271,
            0.0028374914677855383,
            -0.020358465637368442,
            -0.006495866948965242
        ],
        [
            0.002537705555079529,
            0.0004133339153305478,
            0.00012539618018133963,
            -0.005143061227611245,
            0.0006881338633532339,
            -0.007528367942789866,
            -0.0016112383284803149,
            0.00034470295301249385,
            0.0008386059089926704,
            0.0007965909066158585,
            0.0021837581364440176,
            -0.0010510680411740848,
            0.0006876844163867141,
            0.003342783679403312,
            -0.00037237372135010596,
            -0.0021916883722064937,
            -0.0010827250994080463,
            0.00034874982605209183,
            -0.0025435304694535143,
            -0.0009432502386584865
        ],
        [
            -0.17689397638700266,
            -0.05848941097791923,
            -0.005143061227611245,
            0.23029591943100147,
            -0.030274558904764253,
            0.3117195094281804,
            0.05136646303849226,
            -0.013284517836192947,
            0.0215104308489886,
            -0.035730631077415365,
            -0.053360910730455076,
            0.037247664485819426,
            -0.022449033630924268,
            -0.16966397895892585,
            0.001571820968547993,
            0.029746440827269363,
            0.017778399102328694,
            -0.010154115523659482,
            0.06611460436506124,
            0.026049140858545445
        ],
        [
            0.02124207282382667,
            0.006299010447972318,
            0.0006881338633532339,
            -0.030274558904764253,
            0.004005131540471176,
            -0.041569476601043834,
            -0.007062224062446431,
            0.0018761309819504365,
            -0.0003717241426040729,
            0.004767737761723711,
            0.009920145568342307,
            -0.004057127309796672,
            0.0031475893370778584,
            0.02255478275815819,
            -0.00045488999139088924,
            -0.0038822784882885605,
            -0.0017114302015928372,
            0.0015379004505357977,
            -0.010336833385116012,
            -0.003995082258777213
        ],
        [
            -0.0052810554203107886,
            0.09226476920262623,
            -0.007528367942789866,
            0.3117195094281804,
            -0.041569476601043834,
            0.5624307679470062,
            0.20013912628644273,
            -0.013648639328634436,
            -0.028329149878960493,
            -0.03696260506850854,
            0.019390070062586945,
            0.11101135656964548,
            -0.03374892393081522,
            -0.27598556668587537,
            -0.0036309623093065497,
            0.04712153937895481,
            0.0286295341470228,
            -0.008912834524505931,
            0.050405163581617396,
            0.022744887792477055
        ],
        [
            0.167706143591992,
            0.13851668135307574,
            -0.0016112383284803149,
            0.05136646303849226,
            -0.007062224062446431,
            0.20013912628644273,
            0.13576071718735275,
            0.002597026674193646,
            -0.026668095234991907,
            0.0039295617185161865,
            0.10822253706052654,
            0.08022968634042203,
            -0.007099982845626156,
            -0.07423214050123812,
            -0.005598036347351115,
            0.02775121386952903,
            0.023728221991019042,
            0.0041440961909577825,
            -0.03639726843982648,
            -0.011014709381092166
        ],
        [
            0.010726477563896185,
            0.004369846946919165,
            0.00034470295301249385,
            -0.013284517836192947,
            0.0018761309819504365,
            -0.013648639328634436,
            0.002597026674193646,
            0.0018635608696256601,
            0.011479814993037655,
            0.003179475187198339,
            0.027267673189078436,
            0.0065344813835605114,
            0.002440877949867362,
            0.008276012272443728,
            -0.002205366364973707,
            -0.0021677880183402216,
            0.002668351558444074,
            0.00221817155042018,
            -0.017091943499581805,
            -0.006039812244704344
        ],
        [
            -0.21333606235981936,
            -0.1376536854894793,
            0.0008386059089926704,
            0.0215104308489886,
            -0.0003717241426040729,
            -0.028329149878960493,
            -0.026668095234991907,
            0.011479814993037655,
            0.24618181849799753,
            0.0033319442642227317,
            0.27642124353658465,
            0.06942739970005118,
            0.02042909200755472,
            -0.014987674869288575,
            -0.032774593845825165,
            -0.049056836491046155,
            0.02882820057091154,
            0.020476663853851176,
            -0.17025512526574865,
            -0.058366105642407407
        ],
        [
            0.04114063927290036,
            0.01939309061153967,
            0.0007965909066158585,
            -0.035730631077415365,
            0.004767737761723711,
            -0.03696260506850854,
            0.0039295617185161865,
            0.003179475187198339,
            0.0033319442642227317,
            0.007093678995840966,
            0.03289196070951915,
            0.005423529664265442,
            0.004031394836416836,
            0.023735070866531427,
            -0.0018016415516050684,
            -0.0017200739725014716,
            0.0022303340872755874,
            0.0030678081574836273,
            -0.02223981313392248,
            -0.008104501881913603
        ],
        [
            0.045465954203495015,
            0.02805047666315371,
            0.0021837581364440176,
            -0.053360910730455076,
            0.009920145568342307,
            0.019390070062586945,
            0.10822253706052654,
            0.027267673189078436,
            0.27642124353658465,
            0.03289196070951915,
            0.5479253884139139,
            0.19241531259331499,
            0.028617516045723546,
            0.022255899316645726,
            -0.041605241250490366,
            0.01758700881170867,
            0.09932088078945292,
            0.03742228135411358,
            -0.29882513688287893,
            -0.10313409239402788
        ],
        [
            0.026453105327438144,
            0.023687931477998758,
            -0.0010510680411740848,
            0.037247664485819426,
            -0.004057127309796672,
            0.11101135656964548,
            0.08022968634042203,
            0.0065344813835605114,
            0.06942739970005118,
            0.005423529664265442,
            0.19241531259331499,
            0.1308583344890973,
            -0.00637210784220038,
            0.024371590267503147,
            0.010459688225118429,
            0.17082604013201577,
            0.13477739311712114,
            0.006246205555171177,
            -0.0449483838681169,
            -0.015572437628411177
        ],
        [
            0.002662437669550856,
            -0.0018717065195382363,
            0.0006876844163867141,
            -0.022449033630924268,
            0.0031475893370778584,
            -0.03374892393081522,
            -0.007099982845626156,
            0.002440877949867362,
            0.02042909200755472,
            0.004031394836416836,
            0.028617516045723546,
            -0.00637210784220038,
            0.005919939683021104,
            0.0030294259529846618,
            -0.007818218786985182,
            -0.037558330523024694,
            -0.01824894703250051,
            0.003737342678372662,
            -0.030506495993847013,
            -0.010624081525432337
        ],
        [
            0.05574369413760553,
            -0.02804684429718645,
            0.003342783679403312,
            -0.16966397895892585,
            0.02255478275815819,
            -0.27598556668587537,
            -0.07423214050123812,
            0.008276012272443728,
            -0.014987674869288575,
            0.023735070866531427,
            0.022255899316645726,
            0.024371590267503147,
            0.0030294259529846618,
            0.24398925412763514,
            0.038716110576506015,
            0.21624200339154542,
            0.13526876241585417,
            -0.0009527091750558805,
            0.03196701159080596,
            0.006736551538194612
        ],
        [
            0.003416924456443433,
            -0.004256524316692808,
            -0.00037237372135010596,
            0.001571820968547993,
            -0.00045488999139088924,
            -0.0036309623093065497,
            -0.005598036347351115,
            -0.002205366364973707,
            -0.032774593845825165,
            -0.0018016415516050684,
            -0.041605241250490366,
            0.010459688225118429,
            -0.007818218786985182,
            0.038716110576506015,
            0.01792580308520273,
            0.08888832707959994,
            0.04754349653163479,
            -0.005697121403784111,
            0.05066090851144027,
            0.016854883512319598
        ],
        [
            -0.0020028572875737845,
            -0.030920014701380415,
            -0.0021916883722064937,
            0.029746440827269363,
            -0.0038822784882885605,
            0.04712153937895481,
            0.02775121386952903,
            -0.0021677880183402216,
            -0.049056836491046155,
            -0.0017200739725014716,
            0.01758700881170867,
            0.17082604013201577,
            -0.037558330523024694,
            0.21624200339154542,
            0.08888832707959994,
            0.5617246309100036,
            0.3481358073148053,
            -0.01765756045503657,
            0.1696665057079979,
            0.05531930622518968
        ],
        [
            -0.027743728289023852,
            -0.03643754968845271,
            -0.0010827250994080463,
            0.017778399102328694,
            -0.0017114302015928372,
            0.0286295341470228,
            0.023728221991019042,
            0.002668351558444074,
            0.02882820057091154,
            0.0022303340872755874,
            0.09932088078945292,
            0.13477739311712114,
            -0.01824894703250051,
            0.13526876241585417,
            0.04754349653163479,
            0.3481358073148053,
            0.23208630199803118,
            -0.004879199589567353,
            0.05598816336156145,
            0.01735451410956462
        ],
        [
            0.005405369803543459,
            0.0028374914677855383,
            0.00034874982605209183,
            -0.010154115523659482,
            0.0015379004505357977,
            -0.008912834524505931,
            0.0041440961909577825,
            0.00221817155042018,
            0.020476663853851176,
            0.0030678081574836273,
            0.03742228135411358,
            0.006246205555171177,
            0.003737342678372662,
            -0.0009527091750558805,
            -0.005697121403784111,
            -0.01765756045503657,
            -0.004879199589567353,
            0.0033321403501476105,
            -0.027166095032912903,
            -0.00935787288049308
        ],
        [
            -0.030665743082341903,
            -0.020358465637368442,
            -0.0025435304694535143,
            0.06611460436506124,
            -0.010336833385116012,
            0.050405163581617396,
            -0.03639726843982648,
            -0.017091943499581805,
            -0.17025512526574865,
            -0.02223981313392248,
            -0.29882513688287893,
            -0.0449483838681169,
            -0.030506495993847013,
            0.03196701159080596,
            0.05066090851144027,
            0.1696665057079979,
            0.05598816336156145,
            -0.027166095032912903,
            0.22407942922112078,
            0.07677403344801043
        ],
        [
            -0.011579360039083903,
            -0.006495866948965242,
            -0.0009432502386584865,
            0.026049140858545445,
            -0.003995082258777213,
            0.022744887792477055,
            -0.011014709381092166,
            -0.006039812244704344,
            -0.058366105642407407,
            -0.008104501881913603,
            -0.10313409239402788,
            -0.015572437628411177,
            -0.010624081525432337,
            0.006736551538194612,
            0.016854883512319598,
            0.05531930622518968,
            0.01735451410956462,
            -0.00935787288049308,
            0.07677403344801043,
            0.026379700901393376
        ]
    ]
}