{
    "opt_E": -2.19257053814057,
    "HF_E": -2.1623848505026,
    "B3LYP_E": -2.1640588655543924,
    "sto-3G_E": -2.1438531936333094,
    "proj": [
        [
            0.5378680041899228,
            0.3379208166850974,
            0.04754106878140476,
            -0.16845500438154248,
            0.030600698211471804,
            0.04838270264516369,
            0.1806251885862175,
            0.07900685851761594,
            -0.2312228764282781,
            0.0690980970481329,
            0.02231409708046771,
            0.03618133599066465,
            0.0012212933680783074,
            0.02095830420156069,
            0.0049786984275528015,
            -0.0002393622516176522,
            -0.031640084508652064,
            0.001483582464461588,
            -0.008615078555355682,
            0.002187954884237744
        ],
        [
            0.3379208166850974,
            0.22320304179403647,
            0.01738718522115226,
            -0.06594854238318211,
            0.009457392357719105,
            0.09933288743158974,
            0.13510347517278903,
            0.04397808568512833,
            -0.1335795881069655,
            0.03745805911300104,
            0.030562374260185418,
            0.030430596831409442,
            0.0022258674065910606,
            -0.030695564499519008,
            -0.006818170022089816,
            -0.02816857490655046,
            -0.03382695097055647,
            0.002688933107617195,
            -0.018631329465790734,
            0.002348442013914886
        ],
        [
            0.04754106878140476,
            0.01738718522115226,
            0.02432052187470494,
            -0.07732173003326356,
            0.01901056030339867,
            -0.09919525550857382,
            -0.011340175492712145,
            0.01565697363078534,
            -0.016247811906519066,
            0.02340819184902507,
            0.017395762823743707,
            -0.009338314219058449,
            0.0021314516623420704,
            0.048136574692910085,
            0.02402603970799435,
            -0.006106826480091148,
            -0.00623069754190249,
            0.002994672460577407,
            -0.020286527526966445,
            0.003971776824251951
        ],
        [
            -0.16845500438154248,
            -0.06594854238318211,
            -0.07732173003326356,
            0.24736633394364593,
            -0.05993250990800647,
            0.3096000319773038,
            0.03288825257042553,
            -0.0515916372254486,
            0.06939287096968717,
            -0.07154402966673881,
            -0.03309892267726492,
            0.03490004066382643,
            -0.0060497555582558465,
            -0.15210570880506896,
            -0.07284860009275801,
            0.017534713801344422,
            0.023097069387622984,
            -0.007508837207149725,
            0.05047661520497049,
            -0.010560079064472032
        ],
        [
            0.030600698211471804,
            0.009457392357719105,
            0.01901056030339867,
            -0.05993250990800647,
            0.015030209761711853,
            -0.08004621915170668,
            -0.010490271749385823,
            0.011542298632947302,
            -0.0068457707489979385,
            0.019053907208700985,
            0.020085308518761603,
            -0.006039414333754738,
            0.0019017228911750261,
            0.03805622941339136,
            0.019969690557102463,
            -0.005580057809929346,
            -0.003988539318271504,
            0.002949749312686139,
            -0.020107613137968047,
            0.0037320693174432797
        ],
        [
            0.04838270264516369,
            0.09933288743158974,
            -0.09919525550857382,
            0.3096000319773038,
            -0.08004621915170668,
            0.5519703141266518,
            0.1767583679837429,
            -0.03718209523154375,
            -0.0002862625351323457,
            -0.06675728107438382,
            0.014777674978511344,
            0.09945518896949192,
            -0.007860960183834089,
            -0.24324191473258475,
            -0.11298704435154022,
            0.02760498457440956,
            0.027032632888864122,
            -0.006899015139815032,
            0.04618097738680702,
            -0.011487782878025578
        ],
        [
            0.1806251885862175,
            0.13510347517278903,
            -0.011340175492712145,
            0.03288825257042553,
            -0.010490271749385823,
            0.1767583679837429,
            0.12509278388214667,
            0.015504477868157883,
            -0.029875803656281254,
            0.020641392749466955,
            0.10811815625811733,
            0.07893842261535727,
            -0.0008820136211649897,
            -0.05368591836313724,
            -0.022087959824446907,
            0.030106848207829374,
            0.02717639935935288,
            0.005591815665481381,
            -0.038103318912634666,
            0.004857412105180757
        ],
        [
            0.07900685851761594,
            0.04397808568512833,
            0.01565697363078534,
            -0.0515916372254486,
            0.011542298632947302,
            -0.03718209523154375,
            0.015504477868157883,
            0.015434705252890962,
            -0.03158731649501857,
            0.017971395983951123,
            0.01232103113644166,
            0.0027420190166557636,
            0.0006674460029597747,
            0.025756886120704144,
            0.010561458935240735,
            0.0040503627027796175,
            -0.0014861971578041212,
            0.0013534364786645416,
            -0.008821936264169213,
            0.0019037058555057941
        ],
        [
            -0.2312228764282781,
            -0.1335795881069655,
            -0.016247811906519066,
            0.06939287096968717,
            -0.0068457707489979385,
            -0.0002862625351323457,
            -0.029875803656281254,
            -0.03158731649501857,
            0.21587416394367007,
            0.017363260707131328,
            0.24257429197156324,
            0.0602837383433726,
            0.00811264631227061,
            -0.029106750133852364,
            0.026025594839769867,
            -0.035874917728522394,
            0.030162466302575592,
            0.021849295484176093,
            -0.1530858348779161,
            0.021694618063649085
        ],
        [
            0.0690980970481329,
            0.03745805911300104,
            0.02340819184902507,
            -0.07154402966673881,
            0.019053907208700985,
            -0.06675728107438382,
            0.020641392749466955,
            0.017971395983951123,
            0.017363260707131328,
            0.04034892800407666,
            0.1117160380241698,
            0.027522313907024653,
            0.004263450096666369,
            0.03619697925046155,
            0.028894467435552622,
            -0.006610607296200724,
            0.007228870117489925,
            0.01053147663475941,
            -0.07257197043426164,
            0.011482211016038388
        ],
        [
            0.02231409708046771,
            0.030562374260185418,
            0.017395762823743707,
            -0.03309892267726492,
            0.020085308518761603,
            0.014777674978511344,
            0.10811815625811733,
            0.01232103113644166,
            0.24257429197156324,
            0.1117160380241698,
            0.5644670562505237,
            0.19352512269204591,
            0.01361493080741213,
            0.010697244737426182,
            0.06230667807006799,
            0.01257292303931545,
            0.09418613989259271,
            0.04663084617910165,
            -0.32262840286649597,
            0.04797337328546646
        ],
        [
            0.03618133599066465,
            0.030430596831409442,
            -0.009338314219058449,
            0.03490004066382643,
            -0.006039414333754738,
            0.09945518896949192,
            0.07893842261535727,
            0.0027420190166557636,
            0.0602837383433726,
            0.027522313907024653,
            0.19352512269204591,
            0.1320864878640303,
            -0.00752537506926145,
            0.03293523406825208,
            -0.011300837966667584,
            0.17328446265618086,
            0.13959169358816773,
            0.007359942123190299,
            -0.046732478851772216,
            0.008284255360870891
        ],
        [
            0.0012212933680783074,
            0.0022258674065910606,
            0.0021314516623420704,
            -0.0060497555582558465,
            0.0019017228911750261,
            -0.007860960183834089,
            -0.0008820136211649897,
            0.0006674460029597747,
            0.00811264631227061,
            0.004263450096666369,
            0.01361493080741213,
            -0.00752537506926145,
            0.0028621142988237208,
            -0.011407682213715622,
            0.006246700800453791,
            -0.03663022648385417,
            -0.021408329490866643,
            0.0028570375728029624,
            -0.020713713665498547,
            0.0026911815661499394
        ],
        [
            0.02095830420156069,
            -0.030695564499519008,
            0.048136574692910085,
            -0.15210570880506896,
            0.03805622941339136,
            -0.24324191473258475,
            -0.05368591836313724,
            0.025756886120704144,
            -0.029106750133852364,
            0.03619697925046155,
            0.010697244737426182,
            0.03293523406825208,
            -0.011407682213715622,
            0.20950745885687316,
            0.03354111370532811,
            0.22158038133296057,
            0.13653045982370246,
            -0.005807151240567103,
            0.047235855493044134,
            -0.001931542521606686
        ],
        [
            0.0049786984275528015,
            -0.006818170022089816,
            0.02402603970799435,
            -0.07284860009275801,
            0.019969690557102463,
            -0.11298704435154022,
            -0.022087959824446907,
            0.010561458935240735,
            0.026025594839769867,
            0.028894467435552622,
            0.06230667807006799,
            -0.011300837966667584,
            0.006246700800453791,
            0.03354111370532811,
            0.03473314212829637,
            -0.04991250095619959,
            -0.02454793414641466,
            0.008851625337797295,
            -0.06209379119754451,
            0.009648542139701156
        ],
        [
            -0.0002393622516176522,
            -0.02816857490655046,
            -0.006106826480091148,
            0.017534713801344422,
            -0.005580057809929346,
            0.02760498457440956,
            0.030106848207829374,
            0.0040503627027796175,
            -0.035874917728522394,
            -0.006610607296200724,
            0.01257292303931545,
            0.17328446265618086,
            -0.03663022648385417,
            0.22158038133296057,
            -0.04991250095619959,
            0.5555644737431508,
            0.35566835739971253,
            -0.023791822779967543,
            0.1793012701659454,
            -0.019903196220684122
        ],
        [
            -0.031640084508652064,
            -0.03382695097055647,
            -0.00623069754190249,
            0.023097069387622984,
            -0.003988539318271504,
            0.027032632888864122,
            0.02717639935935288,
            -0.0014861971578041212,
            0.030162466302575592,
            0.007228870117489925,
            0.09418613989259271,
            0.13959169358816773,
            -0.021408329490866643,
            0.13653045982370246,
            -0.02454793414641466,
            0.35566835739971253,
            0.24330948122881382,
            -0.008133831779824092,
            0.06547627336559092,
            -0.005587459361056861
        ],
        [
            0.001483582464461588,
            0.002688933107617195,
            0.002994672460577407,
            -0.007508837207149725,
            0.002949749312686139,
            -0.006899015139815032,
            0.005591815665481381,
            0.0013534364786645416,
            0.021849295484176093,
            0.01053147663475941,
            0.04663084617910165,
            0.007359942123190299,
            0.0028570375728029624,
            -0.005807151240567103,
            0.008851625337797295,
            -0.023791822779967543,
            -0.008133831779824092,
            0.005049137973640297,
            -0.03556155416624328,
            0.005048274537362784
        ],
        [
            -0.008615078555355682,
            -0.018631329465790734,
            -0.020286527526966445,
            0.05047661520497049,
            -0.020107613137968047,
            0.04618097738680702,
            -0.038103318912634666,
            -0.008821936264169213,
            -0.1530858348779161,
            -0.07257197043426164,
            -0.32262840286649597,
            -0.046732478851772216,
            -0.020713713665498547,
            0.047235855493044134,
            -0.06209379119754451,
            0.1793012701659454,
            0.06547627336559092,
            -0.03556155416624328,
            0.2507899462860958,
            -0.03542983850125484
        ],
        [
            0.002187954884237744,
            0.002348442013914886,
            0.003971776824251951,
            -0.010560079064472032,
            0.0037320693174432797,
            -0.011487782878025578,
            0.004857412105180757,
            0.0019037058555057941,
            0.021694618063649085,
            0.011482211016038388,
            0.04797337328546646,
            0.008284255360870891,
            0.0026911815661499394,
            -0.001931542521606686,
            0.009648542139701156,
            -0.019903196220684122,
            -0.005587459361056861,
            0.005048274537362784,
            -0.03542983850125484,
            0.005121694596293873
        ]
    ]
}