{
    "opt_E": -2.1812985491021686,
    "HF_E": -2.1489261995292623,
    "B3LYP_E": -2.151841756821327,
    "sto-3G_E": -2.123844563834275,
    "proj": [
        [
            0.5543934408552493,
            0.3594616468550021,
            0.030386994727601098,
            -0.1718953420440591,
            0.029994870110173672,
            0.02050520551457316,
            0.1730006163281693,
            0.06560523198774447,
            -0.21018670739250667,
            0.03207871466508912,
            0.038728361147240924,
            0.02877180797069797,
            -0.0032761709807628864,
            0.051196906701427056,
            -0.0060822134623550505,
            0.0015967709474419597,
            -0.035437721819041715,
            0.007339262985439774,
            -0.016865607151327535,
            -0.001772177540836144
        ],
        [
            0.3594616468550021,
            0.24559549192529154,
            0.009728079140993131,
            -0.0679037249397782,
            0.012172393357322632,
            0.0890552125824376,
            0.13390444531939463,
            0.037046141357162936,
            -0.13818506977917877,
            0.021396030612945264,
            0.02732287045053676,
            0.02319153959879307,
            -0.0061530700147857135,
            -0.019092842267994344,
            0.005441276464881963,
            -0.028028093933184315,
            -0.042024403587236386,
            0.004060310830521801,
            -0.011860787322469063,
            -0.0004695597050876611
        ],
        [
            0.030386994727601098,
            0.009728079140993131,
            0.010946978416681125,
            -0.050192973202431636,
            0.008458148068037147,
            -0.06881226600819357,
            -0.010624222029214432,
            0.00910550461326948,
            -0.004521832829924771,
            -1.5358407416478807e-05,
            0.005911927460894049,
            -0.00857340661361346,
            0.007957334296133432,
            0.04318918806992397,
            -0.010288520341634815,
            -0.0030862325305266833,
            -0.0033411153748916945,
            0.0038883630639080114,
            -0.009340638472433997,
            -0.0009565877626704855
        ],
        [
            -0.1718953420440591,
            -0.0679037249397782,
            -0.050192973202431636,
            0.23250143919702343,
            -0.03926366440854804,
            0.2999464419511693,
            0.03326047068105502,
            -0.045126611897953035,
            0.030602626248202668,
            -0.0012877438841036126,
            -0.035546263572280835,
            0.033934987008774974,
            -0.03575421244778183,
            -0.19288170968550641,
            0.046159605726075394,
            0.017396323794938846,
            0.0184826381540353,
            -0.018902419873818806,
            0.04611698132213012,
            0.004477057781522979
        ],
        [
            0.029994870110173672,
            0.012172393357322632,
            0.008458148068037147,
            -0.03926366440854804,
            0.006635274962108856,
            -0.049925023048153876,
            -0.0048945400134992574,
            0.007792067350045943,
            -0.005010933143375769,
            0.0001570025097613175,
            0.007183330661862405,
            -0.005104983044195643,
            0.00603975779954723,
            0.03251506354057781,
            -0.007797772903015524,
            -0.002799542120259147,
            -0.0028838108807354183,
            0.00334670836609455,
            -0.008232191456624802,
            -0.0007749851254493231
        ],
        [
            0.02050520551457316,
            0.0890552125824376,
            -0.06881226600819357,
            0.2999464419511693,
            -0.049925023048153876,
            0.5380791076825251,
            0.17529792749652506,
            -0.032523020297065254,
            -0.021552553797555083,
            0.005765301523391965,
            0.04878331258617244,
            0.1083664689438604,
            -0.05571181826709297,
            -0.29403452812457365,
            0.07001612803837845,
            0.023115016694060703,
            0.022884451896034604,
            -0.014269132152777865,
            0.029108863799461135,
            0.004890171795918474
        ],
        [
            0.1730006163281693,
            0.13390444531939463,
            -0.010624222029214432,
            0.03326047068105502,
            -0.0048945400134992574,
            0.17529792749652506,
            0.1272293723753505,
            0.019550641919416155,
            -0.01693636304927998,
            -0.000517569132616062,
            0.13054321315490275,
            0.08686339485634957,
            -0.011224719215436272,
            -0.05275833979140088,
            0.012165008597307837,
            0.02215957238266112,
            0.02561199562757938,
            0.013269189574888969,
            -0.03964837384945053,
            -0.001169069834243659
        ],
        [
            0.06560523198774447,
            0.037046141357162936,
            0.00910550461326948,
            -0.045126611897953035,
            0.007792067350045943,
            -0.032523020297065254,
            0.019550641919416155,
            0.015201631040930101,
            0.004092731576744287,
            -0.0028532061601781633,
            0.05504670898524918,
            0.016714870760751233,
            0.008191230096178332,
            0.035082898439587264,
            -0.009685030339397847,
            -0.0031139761861391966,
            0.003065830658620527,
            0.010443265102930277,
            -0.028582024973830007,
            -0.0016888108949609428
        ],
        [
            -0.21018670739250667,
            -0.13818506977917877,
            -0.004521832829924771,
            0.030602626248202668,
            -0.005010933143375769,
            -0.021552553797555083,
            -0.01693636304927998,
            0.004092731576744287,
            0.23799606523574024,
            -0.048090636400948766,
            0.2774993534198532,
            0.08201332923261898,
            0.03721917011402779,
            0.024765941754057736,
            -0.025128467845951415,
            -0.06762718697573813,
            0.02338012231636005,
            0.04848141720798788,
            -0.14194678491424229,
            -0.0059952478082207555
        ],
        [
            0.03207871466508912,
            0.021396030612945264,
            -1.5358407416478807e-05,
            -0.0012877438841036126,
            0.0001570025097613175,
            0.005765301523391965,
            -0.000517569132616062,
            -0.0028532061601781633,
            -0.048090636400948766,
            0.01001510873805794,
            -0.06377564352888465,
            -0.018881703636265363,
            -0.008579067156579611,
            -0.007625509455470967,
            0.0060692469124738494,
            0.016049358359738745,
            -0.0037531981038422717,
            -0.011266173315038106,
            0.03284626270181858,
            0.0014228177078229368
        ],
        [
            0.038728361147240924,
            0.02732287045053676,
            0.005911927460894049,
            -0.035546263572280835,
            0.007183330661862405,
            0.04878331258617244,
            0.13054321315490275,
            0.05504670898524918,
            0.2774993534198532,
            -0.06377564352888465,
            0.5630294982593091,
            0.21531798435787092,
            0.04969315652955481,
            0.0714920723169565,
            -0.0405865603578756,
            -0.04172513278708363,
            0.07458600669012513,
            0.09046335981613232,
            -0.2601724610631282,
            -0.01179175577924304
        ],
        [
            0.02877180797069797,
            0.02319153959879307,
            -0.00857340661361346,
            0.033934987008774974,
            -0.005104983044195643,
            0.1083664689438604,
            0.08686339485634957,
            0.016714870760751233,
            0.08201332923261898,
            -0.018881703636265363,
            0.21531798435787092,
            0.14202322168472836,
            -0.012233444145960391,
            0.026619945414908947,
            0.0011360874213387883,
            0.1504773447616405,
            0.13876396804637844,
            0.020590042110490616,
            -0.05506525402029132,
            -0.0029623641011495604
        ],
        [
            -0.0032761709807628864,
            -0.0061530700147857135,
            0.007957334296133432,
            -0.03575421244778183,
            0.00603975779954723,
            -0.05571181826709297,
            -0.011224719215436272,
            0.008191230096178332,
            0.03721917011402779,
            -0.008579067156579611,
            0.04969315652955481,
            -0.012233444145960391,
            0.02116421506130908,
            0.016518413733825718,
            -0.013894443715726066,
            -0.08351521854098304,
            -0.046292020503421294,
            0.015353538229703746,
            -0.045732262504625344,
            -0.001969081023890859
        ],
        [
            0.051196906701427056,
            -0.019092842267994344,
            0.04318918806992397,
            -0.19288170968550641,
            0.03251506354057781,
            -0.29403452812457365,
            -0.05275833979140088,
            0.035082898439587264,
            0.024765941754057736,
            -0.007625509455470967,
            0.0714920723169565,
            0.026619945414908947,
            0.016518413733825718,
            0.23682943758509462,
            -0.04224590627225671,
            0.15731477966662924,
            0.11468286470176829,
            0.012794376928513375,
            -0.02297805496986774,
            -0.004307067537690006
        ],
        [
            -0.0060822134623550505,
            0.005441276464881963,
            -0.010288520341634815,
            0.046159605726075394,
            -0.007797772903015524,
            0.07001612803837845,
            0.012165008597307837,
            -0.009685030339397847,
            -0.025128467845951415,
            0.0060692469124738494,
            -0.0405865603578756,
            0.0011360874213387883,
            -0.013894443715726066,
            -0.04224590627225671,
            0.01355116113584435,
            0.022753013189410937,
            0.00807954555731864,
            -0.010612144641551722,
            0.0294330448416232,
            0.0017334963482274193
        ],
        [
            0.0015967709474419597,
            -0.028028093933184315,
            -0.0030862325305266833,
            0.017396323794938846,
            -0.002799542120259147,
            0.023115016694060703,
            0.02215957238266112,
            -0.0031139761861391966,
            -0.06762718697573813,
            0.016049358359738745,
            -0.04172513278708363,
            0.1504773447616405,
            -0.08351521854098304,
            0.15731477966662924,
            0.022753013189410937,
            0.5948282700007116,
            0.39004356488674113,
            -0.04546521460422193,
            0.15230505696805383,
            0.0032661078086829807
        ],
        [
            -0.035437721819041715,
            -0.042024403587236386,
            -0.0033411153748916945,
            0.0184826381540353,
            -0.0028838108807354183,
            0.022884451896034604,
            0.02561199562757938,
            0.003065830658620527,
            0.02338012231636005,
            -0.0037531981038422717,
            0.07458600669012513,
            0.13876396804637844,
            -0.046292020503421294,
            0.11468286470176829,
            0.00807954555731864,
            0.39004356488674113,
            0.2777552227379294,
            -0.014034675153254185,
            0.054448437101184674,
            0.0001132133359970511
        ],
        [
            0.007339262985439774,
            0.004060310830521801,
            0.0038883630639080114,
            -0.018902419873818806,
            0.00334670836609455,
            -0.014269132152777865,
            0.013269189574888969,
            0.010443265102930277,
            0.04848141720798788,
            -0.011266173315038106,
            0.09046335981613232,
            0.020590042110490616,
            0.015353538229703746,
            0.012794376928513375,
            -0.010612144641551722,
            -0.04546521460422193,
            -0.014034675153254185,
            0.017859631126603763,
            -0.05226583870563776,
            -0.0022774622786490154
        ],
        [
            -0.016865607151327535,
            -0.011860787322469063,
            -0.009340638472433997,
            0.04611698132213012,
            -0.008232191456624802,
            0.029108863799461135,
            -0.03964837384945053,
            -0.028582024973830007,
            -0.14194678491424229,
            0.03284626270181858,
            -0.2601724610631282,
            -0.05506525402029132,
            -0.045732262504625344,
            -0.02297805496986774,
            0.0294330448416232,
            0.15230505696805383,
            0.054448437101184674,
            -0.05226583870563776,
            0.15404310453410297,
            0.006487018683939265
        ],
        [
            -0.001772177540836144,
            -0.0004695597050876611,
            -0.0009565877626704855,
            0.004477057781522979,
            -0.0007749851254493231,
            0.004890171795918474,
            -0.001169069834243659,
            -0.0016888108949609428,
            -0.0059952478082207555,
            0.0014228177078229368,
            -0.01179175577924304,
            -0.0029623641011495604,
            -0.001969081023890859,
            -0.004307067537690006,
            0.0017334963482274193,
            0.0032661078086829807,
            0.0001132133359970511,
            -0.0022774622786490154,
            0.006487018683939265,
            0.00032232744540906105
        ]
    ]
}