{
    "opt_E": -2.187503346862877,
    "HF_E": -2.157037890855122,
    "B3LYP_E": -2.158678090533045,
    "sto-3G_E": -2.142486989444116,
    "proj": [
        [
            0.5375199592315123,
            0.3345078841142198,
            -0.009504965603007325,
            -0.17876823996844735,
            -0.025429648776792917,
            0.05273011097104171,
            0.17691990509552988,
            -0.03238121598476358,
            -0.245564558043377,
            -0.055120510110812045,
            0.04193832464649692,
            0.03260804985451005,
            -0.0037724565131141852,
            0.031615657636991895,
            -0.002480462110176141,
            -0.0015045914670877747,
            -0.034343446201441634,
            -0.00285407558987383,
            -0.022150168528456363,
            -0.0030324905864457315
        ],
        [
            0.3345078841142198,
            0.21974447355554058,
            -0.002252992046117558,
            -0.06627001166971005,
            -0.008172739958753165,
            0.10328560775645064,
            0.1314843936516421,
            -0.015516094246557597,
            -0.14341372147882459,
            -0.028407583667095976,
            0.03455590875147261,
            0.026271382124845387,
            0.00601289304948467,
            -0.02997787953285914,
            0.0035821207900877,
            -0.02933508753348107,
            -0.036859595114928305,
            -0.0015628532708830592,
            -0.021655633749632607,
            -0.001972572964377858
        ],
        [
            -0.009504965603007325,
            -0.002252992046117558,
            0.001928555838791881,
            0.022784801608120964,
            0.003954796033234589,
            0.028148093942491872,
            0.00432796529439895,
            0.004217922380733396,
            0.0010154431125719112,
            0.004593536634927333,
            -0.00872997256389281,
            0.003000949707320332,
            0.004839440933883417,
            -0.014558969346627003,
            0.003305255412365376,
            0.004122069173200473,
            0.0025841588289355825,
            0.000530002329385691,
            0.009368807465939284,
            0.0006388463162703774
        ],
        [
            -0.17876823996844735,
            -0.06627001166971005,
            0.022784801608120964,
            0.2843362038882657,
            0.0480375066352312,
            0.32305744215377724,
            0.03695219726861011,
            0.04550121752379325,
            0.07267387366357472,
            0.05502129298634793,
            -0.05140530466398168,
            0.04206656588205722,
            0.05240768977497275,
            -0.1820813810626426,
            0.03536483230094362,
            0.026075559755339074,
            0.028688139502595033,
            0.005014958493298244,
            0.07127080150982222,
            0.00558743863085127
        ],
        [
            -0.025429648776792917,
            -0.008172739958753165,
            0.003954796033234589,
            0.0480375066352312,
            0.008224251595307928,
            0.05675182681639103,
            0.007488462771829169,
            0.00831533561674509,
            0.007284561357504437,
            0.009522191379018182,
            -0.013751601791549217,
            0.006514079065740082,
            0.009508614250838944,
            -0.03079947582375874,
            0.0064542019968901465,
            0.006226875693278733,
            0.004931149094359178,
            0.0009848399218458084,
            0.015892966593502478,
            0.0011475856900487289
        ],
        [
            0.05273011097104171,
            0.10328560775645064,
            0.028148093942491872,
            0.32305744215377724,
            0.05675182681639103,
            0.5307294504645989,
            0.1772198634878074,
            0.04017270890614075,
            -0.001108756053504377,
            0.04374960580867378,
            0.020288608138424123,
            0.10764645572787368,
            0.07317109522198734,
            -0.25949571465908916,
            0.04921062842810292,
            0.03746633994307213,
            0.03315833532693837,
            0.00413218489855526,
            0.05139586205715235,
            0.004149711361815215
        ],
        [
            0.17691990509552988,
            0.1314843936516421,
            0.00432796529439895,
            0.03695219726861011,
            0.007488462771829169,
            0.1772198634878074,
            0.12244380295976777,
            -0.009901160790540597,
            -0.030508139360187952,
            -0.01234488841090085,
            0.10995927633810594,
            0.07730212734862392,
            0.015177334337316432,
            -0.05703563502953589,
            0.0102762658232558,
            0.030961193090094784,
            0.026216520231400475,
            -0.0017457812143311963,
            -0.039025288616497705,
            -0.0025670928734116407
        ],
        [
            -0.03238121598476358,
            -0.015516094246557597,
            0.004217922380733396,
            0.04550121752379325,
            0.00831533561674509,
            0.04017270890614075,
            -0.009901160790540597,
            0.016137710929248136,
            -0.021574610548049114,
            0.015093394819862408,
            -0.0777352023828194,
            -0.0165657930962731,
            0.011910804110059446,
            -0.025224049652399456,
            0.008249756308842058,
            0.0063696337030932,
            -0.004341280004306302,
            0.002470384837743901,
            0.05278183369706411,
            0.0032761533136684644
        ],
        [
            -0.245564558043377,
            -0.14341372147882459,
            0.0010154431125719112,
            0.07267387366357472,
            0.007284561357504437,
            -0.001108756053504377,
            -0.030508139360187952,
            -0.021574610548049114,
            0.25332908941604454,
            -0.0003332273671009183,
            0.2552538810082311,
            0.06233708728155069,
            -0.016231521259047796,
            -0.03518315034383906,
            -0.012308270913709039,
            -0.04360571776819725,
            0.028932028897311852,
            -0.005649411153189534,
            -0.16736904582772688,
            -0.008647264674089883
        ],
        [
            -0.055120510110812045,
            -0.028407583667095976,
            0.004593536634927333,
            0.05502129298634793,
            0.009522191379018182,
            0.04374960580867378,
            -0.01234488841090085,
            0.015093394819862408,
            -0.0003332273671009183,
            0.015876856981264103,
            -0.05863792718633795,
            -0.011310722511545015,
            0.01128110535503639,
            -0.030182858678316625,
            0.007719901358239417,
            0.0033311386136048397,
            -0.0016329505522799527,
            0.00209931591699693,
            0.0407001746216103,
            0.0026797758654761405
        ],
        [
            0.04193832464649692,
            0.03455590875147261,
            -0.00872997256389281,
            -0.05140530466398168,
            -0.013751601791549217,
            0.020288608138424123,
            0.10995927633810594,
            -0.0777352023828194,
            0.2552538810082311,
            -0.05863792718633795,
            0.5583274107430234,
            0.18494079990949575,
            -0.0375833987109174,
            0.022519604236490305,
            -0.026507145191205946,
            0.014693109590696725,
            0.09009697176389654,
            -0.01386017011813562,
            -0.32844112373451484,
            -0.019348704807027696
        ],
        [
            0.03260804985451005,
            0.026271382124845387,
            0.003000949707320332,
            0.04206656588205722,
            0.006514079065740082,
            0.10764645572787368,
            0.07730212734862392,
            -0.0165657930962731,
            0.06233708728155069,
            -0.011310722511545015,
            0.18494079990949575,
            0.12988585878636527,
            0.006758160973516023,
            0.03110475216221936,
            0.006510392529583121,
            0.17632189827865385,
            0.13970479817510859,
            -0.0026586386962170984,
            -0.041306554258842915,
            -0.003250103298739297
        ],
        [
            -0.0037724565131141852,
            0.00601289304948467,
            0.004839440933883417,
            0.05240768977497275,
            0.009508614250838944,
            0.07317109522198734,
            0.015177334337316432,
            0.011910804110059446,
            -0.016231521259047796,
            0.01128110535503639,
            -0.0375833987109174,
            0.006758160973516023,
            0.013676821232314807,
            -0.03141386112416547,
            0.009532167711752991,
            0.021507239861757597,
            0.009788075159041797,
            0.0017335471858042288,
            0.0368740545226064,
            0.002253822913492382
        ],
        [
            0.031615657636991895,
            -0.02997787953285914,
            -0.014558969346627003,
            -0.1820813810626426,
            -0.03079947582375874,
            -0.25949571465908916,
            -0.05703563502953589,
            -0.025224049652399456,
            -0.03518315034383906,
            -0.030182858678316625,
            0.022519604236490305,
            0.03110475216221936,
            -0.03141386112416547,
            0.24057583735957355,
            -0.017717397600280158,
            0.2232616959291821,
            0.13834746051681793,
            -0.0014746438719173195,
            0.03670316596886109,
            -4.632095721228639e-05
        ],
        [
            -0.002480462110176141,
            0.0035821207900877,
            0.003305255412365376,
            0.03536483230094362,
            0.0064542019968901465,
            0.04921062842810292,
            0.0102762658232558,
            0.008249756308842058,
            -0.012308270913709039,
            0.007719901358239417,
            -0.026507145191205946,
            0.006510392529583121,
            0.009532167711752991,
            -0.017717397600280158,
            0.006751385887187321,
            0.022323198838847085,
            0.011405838781021775,
            0.0012483770467597156,
            0.028188519815367307,
            0.0016671231882748043
        ],
        [
            -0.0015045914670877747,
            -0.02933508753348107,
            0.004122069173200473,
            0.026075559755339074,
            0.006226875693278733,
            0.03746633994307213,
            0.030961193090094784,
            0.0063696337030932,
            -0.04360571776819725,
            0.0033311386136048397,
            0.014693109590696725,
            0.17632189827865385,
            0.021507239861757597,
            0.2232616959291821,
            0.022323198838847085,
            0.5526022829748554,
            0.35541637409561483,
            0.0036186044760719922,
            0.1811571497288042,
            0.007433846656707188
        ],
        [
            -0.034343446201441634,
            -0.036859595114928305,
            0.0025841588289355825,
            0.028688139502595033,
            0.004931149094359178,
            0.03315833532693837,
            0.026216520231400475,
            -0.004341280004306302,
            0.028932028897311852,
            -0.0016329505522799527,
            0.09009697176389654,
            0.13970479817510859,
            0.009788075159041797,
            0.13834746051681793,
            0.011405838781021775,
            0.35541637409561483,
            0.24335506086815878,
            0.0005299663786998593,
            0.06906063619838754,
            0.0021557762459063832
        ],
        [
            -0.00285407558987383,
            -0.0015628532708830592,
            0.000530002329385691,
            0.005014958493298244,
            0.0009848399218458084,
            0.00413218489855526,
            -0.0017457812143311963,
            0.002470384837743901,
            -0.005649411153189534,
            0.00209931591699693,
            -0.01386017011813562,
            -0.0026586386962170984,
            0.0017335471858042288,
            -0.0014746438719173195,
            0.0012483770467597156,
            0.0036186044760719922,
            0.0005299663786998593,
            0.0004183044095661086,
            0.009948252211020754,
            0.0005816420488730274
        ],
        [
            -0.022150168528456363,
            -0.021655633749632607,
            0.009368807465939284,
            0.07127080150982222,
            0.015892966593502478,
            0.05139586205715235,
            -0.039025288616497705,
            0.05278183369706411,
            -0.16736904582772688,
            0.0407001746216103,
            -0.32844112373451484,
            -0.041306554258842915,
            0.0368740545226064,
            0.03670316596886109,
            0.028188519815367307,
            0.1811571497288042,
            0.06906063619838754,
            0.009948252211020754,
            0.2633092268228481,
            0.014532573005849016
        ],
        [
            -0.0030324905864457315,
            -0.001972572964377858,
            0.0006388463162703774,
            0.00558743863085127,
            0.0011475856900487289,
            0.004149711361815215,
            -0.0025670928734116407,
            0.0032761533136684644,
            -0.008647264674089883,
            0.0026797758654761405,
            -0.019348704807027696,
            -0.003250103298739297,
            0.002253822913492382,
            -4.632095721228639e-05,
            0.0016671231882748043,
            0.007433846656707188,
            0.0021557762459063832,
            0.0005816420488730274,
            0.014532573005849016,
            0.0008274560557654727
        ]
    ]
}