{
    "opt_E": -2.175686070603178,
    "HF_E": -2.1457269548079068,
    "B3LYP_E": -2.147325439980595,
    "sto-3G_E": -2.122636924975956,
    "proj": [
        [
            0.5541826503334545,
            0.35934146815929463,
            -0.034265229615189165,
            -0.17198706597738414,
            -0.03716572200994037,
            0.015213692230544952,
            0.17213092038240727,
            -0.07092916928531541,
            -0.2082835551129612,
            -0.05970948681107037,
            0.020968963686328928,
            0.034743041752821044,
            -0.007100446952742253,
            0.03492491101807551,
            -0.005813827539928383,
            0.0010401550391484025,
            -0.029026759218729173,
            -0.0017638216682295826,
            -0.012905878127893452,
            0.0004820759552785349
        ],
        [
            0.35934146815929463,
            0.24669645906243326,
            -0.012118075037448828,
            -0.07067354853278006,
            -0.014418717146314076,
            0.08512097410538114,
            0.13740484380047172,
            -0.03964514851486213,
            -0.12814602310334264,
            -0.033702715222890436,
            0.03163755053588071,
            0.029465270363873426,
            0.004438325375631277,
            -0.03075546938223487,
            -0.0006163493744088598,
            -0.033438787048031486,
            -0.03661250554301052,
            -0.0034916489737910664,
            -0.028291904646284293,
            0.0006903746840622797
        ],
        [
            -0.034265229615189165,
            -0.012118075037448828,
            0.014383868339502505,
            0.05675163665719047,
            0.013858928166029988,
            0.07850308380272986,
            0.012230778694298063,
            0.019233162293176797,
            -0.0022183297879778715,
            0.010278799681335209,
            -0.017166849226577578,
            0.008644211269409688,
            0.01926388181245229,
            -0.03764001721202005,
            0.0029627224963709505,
            0.004439789387639942,
            0.004825042228813607,
            0.004368388323878352,
            0.020526990769514725,
            -0.0009400353333138502
        ],
        [
            -0.17198706597738414,
            -0.07067354853278006,
            0.05675163665719047,
            0.22955862316561243,
            0.05516018642723914,
            0.3042053200877202,
            0.0415538586814184,
            0.07137679067226377,
            0.026688539365983734,
            0.0423592029894689,
            -0.029442792495008748,
            0.04032522585506314,
            0.07004403930991002,
            -0.1513204855610265,
            0.01213975465204549,
            0.014284850400021016,
            0.02311380599275749,
            0.01195270179088462,
            0.05311514346092816,
            -0.0028489842640602265
        ],
        [
            -0.03716572200994037,
            -0.014418717146314076,
            0.013858928166029988,
            0.05516018642723914,
            0.013398420590267551,
            0.07443732906453242,
            0.010522751320307642,
            0.01838749458008828,
            0.0007977896664886164,
            0.010159909171830976,
            -0.01429286357105552,
            0.008443269444554782,
            0.018056619924081738,
            -0.0361733068953974,
            0.002874200519973138,
            0.004066516258389634,
            0.004969854644278042,
            0.0038741971748942096,
            0.01805655264842026,
            -0.0008498182273559017
        ],
        [
            0.015213692230544952,
            0.08512097410538114,
            0.07850308380272986,
            0.3042053200877202,
            0.07443732906453242,
            0.5527373578757729,
            0.18651206208399077,
            0.07024018707537115,
            -0.03434354391950329,
            0.037413431553969916,
            0.03478445650026429,
            0.11330244028842634,
            0.1119297848881684,
            -0.24990205022705905,
            0.018582448456515365,
            0.03102722640190317,
            0.035560504051227335,
            0.010920500839937503,
            0.03831293380351736,
            -0.003336731710232104
        ],
        [
            0.17213092038240727,
            0.13740484380047172,
            0.012230778694298063,
            0.0415538586814184,
            0.010522751320307642,
            0.18651206208399077,
            0.12724173556470283,
            -0.015943163055579766,
            -0.032086812865335455,
            -0.009820529553910768,
            0.10191184306229423,
            0.0770839363101402,
            0.02667208584945085,
            -0.06206347008066031,
            0.004390468716698024,
            0.034940560460335626,
            0.02736456958644234,
            -0.00643069018280249,
            -0.03829420092126348,
            0.0004221286149176384
        ],
        [
            -0.07092916928531541,
            -0.03964514851486213,
            0.019233162293176797,
            0.07137679067226377,
            0.01838749458008828,
            0.07024018707537115,
            -0.015943163055579766,
            0.04233599429540658,
            -0.035378212337095906,
            0.01798021240585722,
            -0.10953328905030904,
            -0.020052636622592244,
            0.029415114737582487,
            -0.036501588806232395,
            0.0027690149894919825,
            -0.0008622134965375793,
            -0.0064765024100710365,
            0.01573991339386684,
            0.0804535538100128,
            -0.0027199771737059435
        ],
        [
            -0.2082835551129612,
            -0.12814602310334264,
            -0.0022183297879778715,
            0.026688539365983734,
            0.0007977896664886164,
            -0.03434354391950329,
            -0.032086812865335455,
            -0.035378212337095906,
            0.22417232016096028,
            0.007965973198675797,
            0.2604782128682938,
            0.045307230150673644,
            -0.04029940186178112,
            -0.016791193750685794,
            0.0026696278058028207,
            -0.0205692522616035,
            0.026257798018632088,
            -0.0357408974500238,
            -0.18877256653561608,
            0.005820530567376344
        ],
        [
            -0.05970948681107037,
            -0.033702715222890436,
            0.010278799681335209,
            0.0423592029894689,
            0.010159909171830976,
            0.037413431553969916,
            -0.009820529553910768,
            0.01798021240585722,
            0.007965973198675797,
            0.010416562624787861,
            -0.024756656237063943,
            -0.004463680190351084,
            0.01107626111386466,
            -0.024332745563031923,
            0.0019426316575525972,
            -0.0050954822690939365,
            -0.0014970379979615887,
            0.0037798137364010173,
            0.018069204022573768,
            -0.0006967738433321431
        ],
        [
            0.020968963686328928,
            0.03163755053588071,
            -0.017166849226577578,
            -0.029442792495008748,
            -0.01429286357105552,
            0.03478445650026429,
            0.10191184306229423,
            -0.10953328905030904,
            0.2604782128682938,
            -0.024756656237063943,
            0.5260132839989463,
            0.16260479135282258,
            -0.05384892349403917,
            0.0013431656646627874,
            0.0023881552653832287,
            0.0632941305524097,
            0.09588887294160028,
            -0.06340467056534387,
            -0.32832807842711276,
            0.009677963274613169
        ],
        [
            0.034743041752821044,
            0.029465270363873426,
            0.008644211269409688,
            0.04032522585506314,
            0.008443269444554782,
            0.11330244028842634,
            0.0770839363101402,
            -0.020052636622592244,
            0.045307230150673644,
            -0.004463680190351084,
            0.16260479135282258,
            0.11955780021130244,
            0.023147589253867132,
            0.03378074833377328,
            0.001636745864546138,
            0.18318528387245392,
            0.1336276425458359,
            -0.007996110205977479,
            -0.02377140575881461,
            -5.429209949751094e-05
        ],
        [
            -0.007100446952742253,
            0.004438325375631277,
            0.01926388181245229,
            0.07004403930991002,
            0.018056619924081738,
            0.1119297848881684,
            0.02667208584945085,
            0.029415114737582487,
            -0.04029940186178112,
            0.01107626111386466,
            -0.05384892349403917,
            0.023147589253867132,
            0.03694925135918409,
            -0.023484415311059808,
            0.0028601884545715003,
            0.05957497977216447,
            0.03487992082266895,
            0.012993545395416708,
            0.07156647752797059,
            -0.002708477789213783
        ],
        [
            0.03492491101807551,
            -0.03075546938223487,
            -0.03764001721202005,
            -0.1513204855610265,
            -0.0361733068953974,
            -0.24990205022705905,
            -0.06206347008066031,
            -0.036501588806232395,
            -0.016791193750685794,
            -0.024332745563031923,
            0.0013431656646627874,
            0.03378074833377328,
            -0.023484415311059808,
            0.24087487705425448,
            -0.01240042255652796,
            0.24059101377460632,
            0.14390060372100627,
            0.00697073355783769,
            0.07787440806969649,
            -0.001840313888800956
        ],
        [
            -0.005813827539928383,
            -0.0006163493744088598,
            0.0029627224963709505,
            0.01213975465204549,
            0.002874200519973138,
            0.018582448456515365,
            0.004390468716698024,
            0.0027690149894919825,
            0.0026696278058028207,
            0.0019426316575525972,
            0.0023881552653832287,
            0.001636745864546138,
            0.0028601884545715003,
            -0.01240042255652796,
            0.0008032199388802752,
            -0.006039947577302773,
            -0.002772519882060132,
            -0.0001870595930836232,
            -0.0025087275188379094,
            1.4287077081167498e-05
        ],
        [
            0.0010401550391484025,
            -0.033438787048031486,
            0.004439789387639942,
            0.014284850400021016,
            0.004066516258389634,
            0.03102722640190317,
            0.034940560460335626,
            -0.0008622134965375793,
            -0.0205692522616035,
            -0.0050954822690939365,
            0.0632941305524097,
            0.18318528387245392,
            0.05957497977216447,
            0.24059101377460632,
            -0.006039947577302773,
            0.5231146310552665,
            0.3373814054447231,
            0.021518574806153472,
            0.1791878443037425,
            -0.006527291335488188
        ],
        [
            -0.029026759218729173,
            -0.03661250554301052,
            0.004825042228813607,
            0.02311380599275749,
            0.004969854644278042,
            0.035560504051227335,
            0.02736456958644234,
            -0.0064765024100710365,
            0.026257798018632088,
            -0.0014970379979615887,
            0.09588887294160028,
            0.1336276425458359,
            0.03487992082266895,
            0.14390060372100627,
            -0.002772519882060132,
            0.3373814054447231,
            0.22559435788506568,
            0.007140042044791574,
            0.0794934364672185,
            -0.003187128023590984
        ],
        [
            -0.0017638216682295826,
            -0.0034916489737910664,
            0.004368388323878352,
            0.01195270179088462,
            0.0038741971748942096,
            0.010920500839937503,
            -0.00643069018280249,
            0.01573991339386684,
            -0.0357408974500238,
            0.0037798137364010173,
            -0.06340467056534387,
            -0.007996110205977479,
            0.012993545395416708,
            0.00697073355783769,
            -0.0001870595930836232,
            0.021518574806153472,
            0.007140042044791574,
            0.009627920350570033,
            0.053145775285745926,
            -0.001689890312750981
        ],
        [
            -0.012905878127893452,
            -0.028291904646284293,
            0.020526990769514725,
            0.05311514346092816,
            0.01805655264842026,
            0.03831293380351736,
            -0.03829420092126348,
            0.0804535538100128,
            -0.18877256653561608,
            0.018069204022573768,
            -0.32832807842711276,
            -0.02377140575881461,
            0.07156647752797059,
            0.07787440806969649,
            -0.0025087275188379094,
            0.1791878443037425,
            0.0794934364672185,
            0.053145775285745926,
            0.30202449046737884,
            -0.009620915792269213
        ],
        [
            0.0004820759552785349,
            0.0006903746840622797,
            -0.0009400353333138502,
            -0.0028489842640602265,
            -0.0008498182273559017,
            -0.003336731710232104,
            0.0004221286149176384,
            -0.0027199771737059435,
            0.005820530567376344,
            -0.0006967738433321431,
            0.009677963274613169,
            -5.429209949751094e-05,
            -0.002708477789213783,
            -0.001840313888800956,
            1.4287077081167498e-05,
            -0.006527291335488188,
            -0.003187128023590984,
            -0.001689890312750981,
            -0.009620915792269213,
            0.00031617566625040616
        ]
    ]
}