{
    "opt_E": -2.2061468013150747,
    "HF_E": -2.1745591981476973,
    "B3LYP_E": -2.1767403475706915,
    "sto-3G_E": -2.1610658610154405,
    "proj": [
        [
            0.565413184668494,
            0.3462826802376954,
            -0.05581356171534182,
            -0.162016134232418,
            -0.009210115157452105,
            0.016136088063807105,
            0.16983342916023642,
            -0.11091918345823426,
            -0.2241567422008589,
            -0.01725019164095114,
            0.02694312867424577,
            0.03074206190882257,
            -0.01135260979774295,
            0.03862070758138979,
            -0.0027993332432246485,
            -0.002278753346640937,
            -0.030026832897857667,
            -0.0015938798570442714,
            -0.014130741608466665,
            0.0011230344821934323
        ],
        [
            0.3462826802376954,
            0.2288874719122133,
            -0.014822395803430038,
            -0.05150138972192443,
            -0.0025689437543980538,
            0.10225209083410641,
            0.13612208716659036,
            -0.05458350696817255,
            -0.1318607045252331,
            -0.008312895695295055,
            0.023197253084724912,
            0.028551097114416005,
            0.004654564127429543,
            -0.0306257655362796,
            0.0004377041608453651,
            -0.02624451873538714,
            -0.033702201076933294,
            -0.0008141345957633341,
            -0.01217488002509592,
            0.0007806949378955801
        ],
        [
            -0.05581356171534182,
            -0.014822395803430038,
            0.03332647005662233,
            0.08161917103867512,
            0.005333944815329429,
            0.12144982007506055,
            0.02092148673318188,
            0.0336677092066654,
            0.009560695407462471,
            0.005425984897651749,
            -0.029437401481335328,
            0.010663232085271937,
            0.017948070922569653,
            -0.05719949746321605,
            0.001017594757337463,
            0.014872368426340094,
            0.00633120258308137,
            -0.0006066329774314534,
            0.030088185229341487,
            -0.0025562299531176383
        ],
        [
            -0.162016134232418,
            -0.05150138972192443,
            0.08161917103867512,
            0.20331122838475957,
            0.013059828869954455,
            0.2929749193546893,
            0.04809778081489605,
            0.08189575715999654,
            0.05006431048813901,
            0.013246593795930038,
            -0.03829421500215325,
            0.03393447341401094,
            0.04259363717495467,
            -0.14339890141107242,
            0.0033990208508896877,
            0.02625267510963933,
            0.01677331622526187,
            -0.0008616550872183752,
            0.05202026128215931,
            -0.0045795876020569126
        ],
        [
            -0.009210115157452105,
            -0.0025689437543980538,
            0.005333944815329429,
            0.013059828869954455,
            0.0008541121325023068,
            0.019240054896388126,
            0.003143136461295864,
            0.0054595090901016,
            0.001505187097939381,
            0.000878590594490881,
            -0.005044274307695369,
            0.0015044794011767682,
            0.0028668275662458967,
            -0.009150448176160009,
            0.00016229357288544724,
            0.002238452404167121,
            0.0008803328900563926,
            -9.816602868459845e-05,
            0.00493860692053553,
            -0.0004183694978854338
        ],
        [
            0.016136088063807105,
            0.10225209083410641,
            0.12144982007506055,
            0.2929749193546893,
            0.019240054896388126,
            0.5709091331449712,
            0.20022805670179186,
            0.08453330615766999,
            -0.00651342180643537,
            0.014214357167930106,
            0.0010172548900377401,
            0.10273441976698398,
            0.07272929397593575,
            -0.2531989257402535,
            0.005878794820466618,
            0.04383778296062972,
            0.022301126761176675,
            -0.00179519164000599,
            0.05811750777944625,
            -0.0055408711279353534
        ],
        [
            0.16983342916023642,
            0.13612208716659036,
            0.02092148673318188,
            0.04809778081489605,
            0.003143136461295864,
            0.20022805670179186,
            0.134871377647241,
            -0.0173140396333993,
            -0.023529325185211364,
            -0.0021725748415677947,
            0.1066144637676548,
            0.08268522957786045,
            0.017643994345459615,
            -0.06900668248157234,
            0.002215658974364132,
            0.023925351277124373,
            0.023015452491679654,
            1.469631108418128e-05,
            -0.03476777632656905,
            0.0023502318197747047
        ],
        [
            -0.11091918345823426,
            -0.05458350696817255,
            0.0336677092066654,
            0.08189575715999654,
            0.0054595090901016,
            0.08453330615766999,
            -0.0173140396333993,
            0.04698531919718631,
            0.006574882103064787,
            0.007343695546607728,
            -0.08778436243277281,
            -0.020354434134620826,
            0.016772705318700922,
            -0.04871781794442755,
            0.00033297295787898025,
            0.007350898702620599,
            -0.005567127971248716,
            -0.0009657543033697369,
            0.056571336133729506,
            -0.004548499612847238
        ],
        [
            -0.2241567422008589,
            -0.1318607045252331,
            0.009560695407462471,
            0.05006431048813901,
            0.001505187097939381,
            -0.00651342180643537,
            -0.023529325185211364,
            0.006574882103064787,
            0.21200901806334774,
            0.0014191089177187609,
            0.25305663898492786,
            0.06960501795724887,
            -0.006036458900427659,
            -0.028926368478958107,
            0.006395794198204666,
            -0.04825399677747334,
            0.0290094018578456,
            0.00441210666112377,
            -0.15186328420205258,
            0.011738022940024424
        ],
        [
            -0.01725019164095114,
            -0.008312895695295055,
            0.005425984897651749,
            0.013246593795930038,
            0.000878590594490881,
            0.014214357167930106,
            -0.0021725748415677947,
            0.007343695546607728,
            0.0014191089177187609,
            0.0011511809422596114,
            -0.012757101686309606,
            -0.002618051374664095,
            0.0027091425057989846,
            -0.007984459000832538,
            7.141431278399924e-05,
            0.0013343607717770662,
            -0.0005894458590024869,
            -0.00014378777094388323,
            0.008454376853098824,
            -0.0006826630575905635
        ],
        [
            0.02694312867424577,
            0.023197253084724912,
            -0.029437401481335328,
            -0.03829421500215325,
            -0.005044274307695369,
            0.0010172548900377401,
            0.1066144637676548,
            -0.08778436243277281,
            0.25305663898492786,
            -0.012757101686309606,
            0.5816315789567331,
            0.2089228939394262,
            -0.02379889750055035,
            0.011198046157525003,
            0.008236786713197055,
            -0.013018844435647053,
            0.0966587586978028,
            0.0071559418763211665,
            -0.3191492715197272,
            0.024725173966894255
        ],
        [
            0.03074206190882257,
            0.028551097114416005,
            0.010663232085271937,
            0.03393447341401094,
            0.0015044794011767682,
            0.10273441976698398,
            0.08268522957786045,
            -0.020354434134620826,
            0.06960501795724887,
            -0.002618051374664095,
            0.2089228939394262,
            0.14110827625534283,
            0.0038695822248294596,
            0.028114755580863744,
            -0.0017186111128899575,
            0.1669331035613558,
            0.14153221756034792,
            0.00031928758399052035,
            -0.05602415410660321,
            0.004215554752140101
        ],
        [
            -0.01135260979774295,
            0.004654564127429543,
            0.017948070922569653,
            0.04259363717495467,
            0.0028668275662458967,
            0.07272929397593575,
            0.017643994345459615,
            0.016772705318700922,
            -0.006036458900427659,
            0.0027091425057989846,
            -0.02379889750055035,
            0.0038695822248294596,
            0.010519144589590915,
            -0.034059282798980996,
            0.0005113647636922612,
            0.005374604470063648,
            -0.0008829460526865019,
            -0.0004730661173581361,
            0.020321114312750133,
            -0.001708229435544961
        ],
        [
            0.03862070758138979,
            -0.0306257655362796,
            -0.05719949746321605,
            -0.14339890141107242,
            -0.009150448176160009,
            -0.2531989257402535,
            -0.06900668248157234,
            -0.04871781794442755,
            -0.028926368478958107,
            -0.007984459000832538,
            0.011198046157525003,
            0.028114755580863744,
            -0.034059282798980996,
            0.21439789398376893,
            -0.010827060794394522,
            0.21662909569608046,
            0.13935758416487387,
            -0.0019059815886418056,
            0.03723943387044944,
            -0.0023338099139150934
        ],
        [
            -0.0027993332432246485,
            0.0004377041608453651,
            0.001017594757337463,
            0.0033990208508896877,
            0.00016229357288544724,
            0.005878794820466618,
            0.002215658974364132,
            0.00033297295787898025,
            0.006395794198204666,
            7.141431278399924e-05,
            0.008236786713197055,
            -0.0017186111128899575,
            0.0005113647636922612,
            -0.010827060794394522,
            0.0008672478393843448,
            -0.019260368723474242,
            -0.010598354969675034,
            0.0003165515845883408,
            -0.00965176916839035,
            0.0007296280169731114
        ],
        [
            -0.002278753346640937,
            -0.02624451873538714,
            0.014872368426340094,
            0.02625267510963933,
            0.002238452404167121,
            0.04383778296062972,
            0.023925351277124373,
            0.007350898702620599,
            -0.04825399677747334,
            0.0013343607717770662,
            -0.013018844435647053,
            0.1669331035613558,
            0.005374604470063648,
            0.21662909569608046,
            -0.019260368723474242,
            0.573341582510474,
            0.3612436679010654,
            -0.0067793424521146815,
            0.17898971098620675,
            -0.013739627826010653
        ],
        [
            -0.030026832897857667,
            -0.033702201076933294,
            0.00633120258308137,
            0.01677331622526187,
            0.0008803328900563926,
            0.022301126761176675,
            0.023015452491679654,
            -0.005567127971248716,
            0.0290094018578456,
            -0.0005894458590024869,
            0.0966587586978028,
            0.14153221756034792,
            -0.0008829460526865019,
            0.13935758416487387,
            -0.010598354969675034,
            0.3612436679010654,
            0.24854432585193176,
            -0.0028827733909651105,
            0.0554931908023325,
            -0.004211548454555552
        ],
        [
            -0.0015938798570442714,
            -0.0008141345957633341,
            -0.0006066329774314534,
            -0.0008616550872183752,
            -9.816602868459845e-05,
            -0.00179519164000599,
            1.469631108418128e-05,
            -0.0009657543033697369,
            0.00441210666112377,
            -0.00014378777094388323,
            0.0071559418763211665,
            0.00031928758399052035,
            -0.0004730661173581361,
            -0.0019059815886418056,
            0.0003165515845883408,
            -0.0067793424521146815,
            -0.0028827733909651105,
            0.00017393540147811245,
            -0.006015386616038925,
            0.00046676126238488514
        ],
        [
            -0.014130741608466665,
            -0.01217488002509592,
            0.030088185229341487,
            0.05202026128215931,
            0.00493860692053553,
            0.05811750777944625,
            -0.03476777632656905,
            0.056571336133729506,
            -0.15186328420205258,
            0.008454376853098824,
            -0.3191492715197272,
            -0.05602415410660321,
            0.020321114312750133,
            0.03723943387044944,
            -0.00965176916839035,
            0.17898971098620675,
            0.0554931908023325,
            -0.006015386616038925,
            0.2303061438239659,
            -0.017888280273327367
        ],
        [
            0.0011230344821934323,
            0.0007806949378955801,
            -0.0025562299531176383,
            -0.0045795876020569126,
            -0.0004183694978854338,
            -0.0055408711279353534,
            0.0023502318197747047,
            -0.004548499612847238,
            0.011738022940024424,
            -0.0006826630575905635,
            0.024725173966894255,
            0.004215554752140101,
            -0.001708229435544961,
            -0.0023338099139150934,
            0.0007296280169731114,
            -0.013739627826010653,
            -0.004211548454555552,
            0.00046676126238488514,
            -0.017888280273327367,
            0.0013913746377324562
        ]
    ]
}