{
    "opt_E": -2.1504314148959107,
    "HF_E": -2.1190897058573923,
    "B3LYP_E": -2.1215222927504445,
    "sto-3G_E": -2.095886195153208,
    "proj": [
        [
            0.5532855797068024,
            0.36790115113732874,
            -0.02376096287840016,
            -0.1730641168177937,
            -0.030424295090300046,
            0.026086350120370444,
            0.17028304261398122,
            -0.044490896280135986,
            -0.19256267364455396,
            -0.048224745415945194,
            0.04465482451350147,
            0.03058577826370634,
            0.0034537114237291103,
            0.06401904896702687,
            -0.001451000970614457,
            0.0019502226657819454,
            -0.038274628877282335,
            -0.005548136637568679,
            -0.02738942527561343,
            0.003740392773857657
        ],
        [
            0.36790115113732874,
            0.2550725747641733,
            -0.010417943535045335,
            -0.08125543321428097,
            -0.013725954270993681,
            0.07555758134952603,
            0.13189809291709712,
            -0.027028134166578816,
            -0.12534939988510263,
            -0.028887053923521817,
            0.043018713453482946,
            0.02267511607855,
            9.582866318926119e-05,
            -0.011187347668460171,
            0.00036820440197533823,
            -0.03784835538646998,
            -0.049088997506714166,
            -0.005310130317404415,
            -0.03167234183042818,
            0.0035742233623320364
        ],
        [
            -0.02376096287840016,
            -0.010417943535045335,
            0.005929387851211881,
            0.037327830509770635,
            0.007197845197908769,
            0.046760162696286904,
            0.006628490999635981,
            0.00401389399743639,
            -0.004318628653950688,
            0.004112119413552406,
            -0.005056953011091172,
            0.0069675679245200075,
            0.0015294257574143427,
            -0.03480852238294256,
            -0.0018910737571945788,
            0.0059175300206134665,
            0.005627101331371621,
            0.0018870193703627769,
            0.011354495724752991,
            -0.001726589488775862
        ],
        [
            -0.1730641168177937,
            -0.08125543321428097,
            0.037327830509770635,
            0.23650322885389857,
            0.04538277030791004,
            0.28592993245076254,
            0.0336782967348242,
            0.026689756358654837,
            -0.00946684283206758,
            0.027787117177962197,
            -0.023938826393911202,
            0.041775319836584446,
            0.008199283470507149,
            -0.21836432982095086,
            -0.010549748402199171,
            0.027777466265209372,
            0.0320251046123449,
            0.01061304304902355,
            0.0625601348928988,
            -0.009760122068672591
        ],
        [
            -0.030424295090300046,
            -0.013725954270993681,
            0.007197845197908769,
            0.04538277030791004,
            0.008751097819405442,
            0.05568285360219523,
            0.006972634961649818,
            0.005004783253224318,
            -0.005429169784430705,
            0.005092004197086687,
            -0.007853859595376352,
            0.007347488432873317,
            0.0017848204959118594,
            -0.04258939678188793,
            -0.0022604547339555832,
            0.005819543591297591,
            0.005833803009262564,
            0.002376153376524331,
            0.014261615623360362,
            -0.0021589076577706668
        ],
        [
            0.026086350120370444,
            0.07555758134952603,
            0.046760162696286904,
            0.28592993245076254,
            0.05568285360219523,
            0.49691339318308875,
            0.17118680893445334,
            0.017038398641926068,
            -0.053551933274603544,
            0.019826715566861258,
            0.0887605655781227,
            0.11862883608546555,
            0.0113288978660084,
            -0.31138501006516384,
            -0.0130861395641213,
            0.04450032207747963,
            0.042827141315021425,
            0.004717650244689555,
            0.024828109511086348,
            -0.006105806238889153
        ],
        [
            0.17028304261398122,
            0.13189809291709712,
            0.006628490999635981,
            0.0336782967348242,
            0.006972634961649818,
            0.17118680893445334,
            0.11898293007952672,
            -0.00934035894894681,
            -0.021307662127469634,
            -0.00726949713890154,
            0.11996244969974175,
            0.07583934520376083,
            0.0026991669752301746,
            -0.062020649857130586,
            -0.0016336531271172851,
            0.0299541542674918,
            0.022476871279936646,
            -0.006821888261319894,
            -0.04286358455770626,
            0.004622088708395733
        ],
        [
            -0.044490896280135986,
            -0.027028134166578816,
            0.00401389399743639,
            0.026689756358654837,
            0.005004783253224318,
            0.017038398641926068,
            -0.00934035894894681,
            0.00462597860360337,
            0.006461571245102544,
            0.004724868364314739,
            -0.011595843851776075,
            -0.0028240395402633653,
            0.00022734804212879052,
            -0.02162180356679997,
            -0.0006597808536978104,
            -0.003530515703078971,
            5.120376504447728e-06,
            0.001498801434410975,
            0.00853197390075039,
            -0.0012479549816363435
        ],
        [
            -0.19256267364455396,
            -0.12534939988510263,
            -0.004318628653950688,
            -0.00946684283206758,
            -0.005429169784430705,
            -0.053551933274603544,
            -0.021307662127469634,
            0.006461571245102544,
            0.31338692244072075,
            0.017665888766333484,
            0.31109539137831915,
            0.0639919063892968,
            -0.02046842634202593,
            0.05059282709682302,
            0.02257645296566035,
            -0.0656176117011348,
            0.011433657736373936,
            -0.03292783120290328,
            -0.2189228777620592,
            0.027528774021403944
        ],
        [
            -0.048224745415945194,
            -0.028887053923521817,
            0.004112119413552406,
            0.027787117177962197,
            0.005092004197086687,
            0.019826715566861258,
            -0.00726949713890154,
            0.004724868364314739,
            0.017665888766333484,
            0.005294425578642402,
            0.002784819563657542,
            0.0014830859749560713,
            -0.0004464378018439263,
            -0.02175131618724564,
            0.00011257012360657444,
            -0.005121322467332773,
            0.0011074069152517256,
            0.00014025479856227414,
            -0.00046098453016840717,
            -0.00013982592941072793
        ],
        [
            0.04465482451350147,
            0.043018713453482946,
            -0.005056953011091172,
            -0.023938826393911202,
            -0.007853859595376352,
            0.0887605655781227,
            0.11996244969974175,
            -0.011595843851776075,
            0.31109539137831915,
            0.002784819563657542,
            0.4981969043458917,
            0.1734353529003775,
            -0.01619693125072647,
            0.05431709132220406,
            0.021386241715798476,
            0.022237588052160744,
            0.07487789252453107,
            -0.044543012809173575,
            -0.2883760042851996,
            0.036109346310654954
        ],
        [
            0.03058577826370634,
            0.02267511607855,
            0.0069675679245200075,
            0.041775319836584446,
            0.007347488432873317,
            0.11862883608546555,
            0.07583934520376083,
            -0.0028240395402633653,
            0.0639919063892968,
            0.0014830859749560713,
            0.1734353529003775,
            0.1196206658908479,
            0.008791976247980284,
            0.022561057959534753,
            -0.005065622146713893,
            0.16907457225066058,
            0.13208499939970145,
            -0.006625946546808426,
            -0.035958880021435345,
            0.004824007897410487
        ],
        [
            0.0034537114237291103,
            9.582866318926119e-05,
            0.0015294257574143427,
            0.008199283470507149,
            0.0017848204959118594,
            0.0113288978660084,
            0.0026991669752301746,
            0.00022734804212879052,
            -0.02046842634202593,
            -0.0004464378018439263,
            -0.01619693125072647,
            0.008791976247980284,
            0.004189802082219898,
            0.0058899758372901595,
            -0.00377623856615335,
            0.04252396445832402,
            0.025831472125340985,
            0.003613326773415737,
            0.02542274556672693,
            -0.0030339098445458265
        ],
        [
            0.06401904896702687,
            -0.011187347668460171,
            -0.03480852238294256,
            -0.21836432982095086,
            -0.04258939678188793,
            -0.31138501006516384,
            -0.062020649857130586,
            -0.02162180356679997,
            0.05059282709682302,
            -0.02175131618724564,
            0.05431709132220406,
            0.022561057959534753,
            0.0058899758372901595,
            0.31505947546522045,
            2.819509212671002e-05,
            0.19245445982907772,
            0.125914095967759,
            -0.004227320406740375,
            -0.011421158907971723,
            0.004697082290377937
        ],
        [
            -0.001451000970614457,
            0.00036820440197533823,
            -0.0018910737571945788,
            -0.010549748402199171,
            -0.0022604547339555832,
            -0.0130861395641213,
            -0.0016336531271172851,
            -0.0006597808536978104,
            0.02257645296566035,
            0.00011257012360657444,
            0.021386241715798476,
            -0.005065622146713893,
            -0.00377623856615335,
            2.819509212671002e-05,
            0.003567631655572619,
            -0.03402188255930776,
            -0.019742632232596938,
            -0.0037885837813743046,
            -0.026069132621659864,
            0.0031802348952460623
        ],
        [
            0.0019502226657819454,
            -0.03784835538646998,
            0.0059175300206134665,
            0.027777466265209372,
            0.005819543591297591,
            0.04450032207747963,
            0.0299541542674918,
            -0.003530515703078971,
            -0.0656176117011348,
            -0.005121322467332773,
            0.022237588052160744,
            0.16907457225066058,
            0.04252396445832402,
            0.19245445982907772,
            -0.03402188255930776,
            0.5558311030440972,
            0.3699090674235873,
            0.022779801585761702,
            0.1748812971498239,
            -0.01907614035599165
        ],
        [
            -0.038274628877282335,
            -0.049088997506714166,
            0.005627101331371621,
            0.0320251046123449,
            0.005833803009262564,
            0.042827141315021425,
            0.022476871279936646,
            5.120376504447728e-06,
            0.011433657736373936,
            0.0011074069152517256,
            0.07487789252453107,
            0.13208499939970145,
            0.025831472125340985,
            0.125914095967759,
            -0.019742632232596938,
            0.3699090674235873,
            0.2571512021632591,
            0.009891574676941668,
            0.08137471340602268,
            -0.008378763133738823
        ],
        [
            -0.005548136637568679,
            -0.005310130317404415,
            0.0018870193703627769,
            0.01061304304902355,
            0.002376153376524331,
            0.004717650244689555,
            -0.006821888261319894,
            0.001498801434410975,
            -0.03292783120290328,
            0.00014025479856227414,
            -0.044543012809173575,
            -0.006625946546808426,
            0.003613326773415737,
            -0.004227320406740375,
            -0.0037885837813743046,
            0.022779801585761702,
            0.009891574676941668,
            0.005341142787363035,
            0.03559573785750358,
            -0.004405390169386483
        ],
        [
            -0.02738942527561343,
            -0.03167234183042818,
            0.011354495724752991,
            0.0625601348928988,
            0.014261615623360362,
            0.024828109511086348,
            -0.04286358455770626,
            0.00853197390075039,
            -0.2189228777620592,
            -0.00046098453016840717,
            -0.2883760042851996,
            -0.035958880021435345,
            0.02542274556672693,
            -0.011421158907971723,
            -0.026069132621659864,
            0.1748812971498239,
            0.08137471340602268,
            0.03559573785750358,
            0.23865208464305143,
            -0.029349907846459283
        ],
        [
            0.003740392773857657,
            0.0035742233623320364,
            -0.001726589488775862,
            -0.009760122068672591,
            -0.0021589076577706668,
            -0.006105806238889153,
            0.004622088708395733,
            -0.0012479549816363435,
            0.027528774021403944,
            -0.00013982592941072793,
            0.036109346310654954,
            0.004824007897410487,
            -0.0030339098445458265,
            0.004697082290377937,
            0.0031802348952460623,
            -0.01907614035599165,
            -0.008378763133738823,
            -0.004405390169386483,
            -0.029349907846459283,
            0.0036444690414030403
        ]
    ]
}