{
    "opt_E": -2.208652417465352,
    "HF_E": -2.1780091866406677,
    "B3LYP_E": -2.1797417417918394,
    "sto-3G_E": -2.1695174918671762,
    "proj": [
        [
            0.5707659756927129,
            0.35451468172959055,
            -0.009730775012223183,
            -0.16541486958286708,
            -0.061901781776539544,
            -0.006654287391623687,
            0.16921364514669074,
            -0.002632297083874917,
            -0.2136940709667596,
            -0.09989256690449214,
            0.027211745864679168,
            0.025572300706214593,
            0.007189200837938115,
            0.033831173577468406,
            -0.0035675951966550458,
            -0.0037472236526637985,
            -0.021645176177717464,
            0.008447074412406295,
            -0.02312056343644816,
            0.0017091429004091072
        ],
        [
            0.35451468172959055,
            0.24069651392491057,
            -0.003666458468847551,
            -0.049624050234082576,
            -0.017616454140117775,
            0.10144638106180172,
            0.14381529617776329,
            -0.004890502467249843,
            -0.12947543091681046,
            -0.05005634987847646,
            0.018778571126644564,
            0.026908362695951857,
            -0.006931633461563518,
            -0.033002377507007734,
            0.0024330828011015185,
            -0.027416270998686116,
            -0.026279747545119976,
            0.004103294135802873,
            -0.01861282528869731,
            0.0013012960012967
        ],
        [
            -0.009730775012223183,
            -0.003666458468847551,
            0.0004435640870677881,
            0.00912606800278157,
            0.0035306703951362753,
            0.012660251427376368,
            0.0017713963476473557,
            -0.00033789742618520554,
            0.0040265581008921015,
            0.0031062868499348957,
            -3.766158338346307e-05,
            0.0012431524730937983,
            -0.0016077292800145114,
            -0.006464384830319035,
            0.0005352650343997626,
            -0.0018629749704558009,
            -0.0005167685816200785,
            -0.00033715798350349846,
            0.0001728191692204184,
            -4.273162925105798e-05
        ],
        [
            -0.16541486958286708,
            -0.049624050234082576,
            0.00912606800278157,
            0.20406814283813487,
            0.08032076203604757,
            0.30488196891857444,
            0.05662766710605317,
            -0.016935942061780885,
            0.042740351974659536,
            0.06523252540923134,
            -0.05034646391528612,
            0.03420442859583296,
            -0.054301558195376395,
            -0.11223052114703197,
            0.004734678682102144,
            0.014740854622642406,
            0.011390246867809666,
            -0.02080139022239664,
            0.058308689161324305,
            -0.009237936346133003
        ],
        [
            -0.061901781776539544,
            -0.017616454140117775,
            0.0035306703951362753,
            0.08032076203604757,
            0.03175942820081461,
            0.12074827751487832,
            0.022347057751345965,
            -0.007817044059274459,
            0.012000708354893972,
            0.02563169239660111,
            -0.027570917397409595,
            0.011782808680136151,
            -0.022800218222508075,
            -0.04221006114632665,
            0.0013112510976440715,
            0.007505703990040927,
            0.004138397160261158,
            -0.009594765383950562,
            0.028552783281295898,
            -0.004475549678787903
        ],
        [
            -0.006654287391623687,
            0.10144638106180172,
            0.012660251427376368,
            0.30488196891857444,
            0.12074827751487832,
            0.5969248783772703,
            0.2171433698058638,
            -0.025345659186897455,
            -0.004484028907525187,
            0.06865130933927657,
            -0.013395812985245918,
            0.1041135680997366,
            -0.09346820666149808,
            -0.211564106075013,
            0.010806393855568794,
            0.028705590966259194,
            0.022303901414386543,
            -0.02497764175062352,
            0.0579417236357824,
            -0.010750994922064914
        ],
        [
            0.16921364514669074,
            0.14381529617776329,
            0.0017713963476473557,
            0.05662766710605317,
            0.022347057751345965,
            0.2171433698058638,
            0.14449746993931936,
            0.0010960069492253087,
            -0.02988198887812568,
            -0.0099308689130507,
            0.08983125630312072,
            0.07932290976168774,
            -0.023577290463717485,
            -0.06817189419633178,
            0.005448359821363599,
            0.03192439688141895,
            0.028095225469698375,
            0.005464722062180097,
            -0.03169009294997774,
            0.0033525761397761814
        ],
        [
            -0.002632297083874917,
            -0.004890502467249843,
            -0.00033789742618520554,
            -0.016935942061780885,
            -0.007817044059274459,
            -0.025345659186897455,
            0.0010960069492253087,
            0.010997975719908702,
            0.033536178724650055,
            -0.00648873181303052,
            0.07332113390684167,
            0.01725426550083813,
            0.014440572250596242,
            -0.003344339601894741,
            0.0035374063978308784,
            -0.004038912986503582,
            0.008841502012053583,
            0.013066173694357265,
            -0.04961343850930363,
            0.007423993631798493
        ],
        [
            -0.2136940709667596,
            -0.12947543091681046,
            0.0040265581008921015,
            0.042740351974659536,
            0.012000708354893972,
            -0.004484028907525187,
            -0.02988198887812568,
            0.033536178724650055,
            0.18523225009289918,
            0.02348556377464822,
            0.22589341395501383,
            0.057341879170826615,
            0.03367508334905024,
            -0.05409637872534598,
            0.014799873727614985,
            -0.01660612048959489,
            0.034281235258065285,
            0.036848396213960584,
            -0.1483342672831493,
            0.022555466507514957
        ],
        [
            -0.09989256690449214,
            -0.05005634987847646,
            0.0031062868499348957,
            0.06523252540923134,
            0.02563169239660111,
            0.06865130933927657,
            -0.0099308689130507,
            -0.00648873181303052,
            0.02348556377464822,
            0.026980943823864192,
            -0.03789544331335397,
            -0.005052980319687355,
            -0.01486637319366501,
            -0.029856698136545647,
            0.0009558494443087099,
            -0.004910184739913323,
            -0.0037093699974028445,
            -0.008664803475146666,
            0.02716650031991344,
            -0.003960470884807975
        ],
        [
            0.027211745864679168,
            0.018778571126644564,
            -3.766158338346307e-05,
            -0.05034646391528612,
            -0.027570917397409595,
            -0.013395812985245918,
            0.08983125630312072,
            0.07332113390684167,
            0.22589341395501383,
            -0.03789544331335397,
            0.5521682697207284,
            0.18913110570763172,
            0.06850956341977787,
            -0.03897404657107898,
            0.022287481716713856,
            0.06549915009879834,
            0.12218008996752147,
            0.084445347741038,
            -0.3250776805849516,
            0.047926740751952454
        ],
        [
            0.025572300706214593,
            0.026908362695951857,
            0.0012431524730937983,
            0.03420442859583296,
            0.011782808680136151,
            0.1041135680997366,
            0.07932290976168774,
            0.01725426550083813,
            0.057341879170826615,
            -0.005052980319687355,
            0.18913110570763172,
            0.12925417376568954,
            -0.01609944286738003,
            0.029941218561855942,
            -0.003203349282363271,
            0.17994873350790783,
            0.1333608814150491,
            0.01185537562592107,
            -0.04287615418844304,
            0.005832943890411938
        ],
        [
            0.007189200837938115,
            -0.006931633461563518,
            -0.0016077292800145114,
            -0.054301558195376395,
            -0.022800218222508075,
            -0.09346820666149808,
            -0.023577290463717485,
            0.014440572250596242,
            0.03367508334905024,
            -0.01486637319366501,
            0.06850956341977787,
            -0.01609944286738003,
            0.03455076877366172,
            -0.014029900960170797,
            0.0076271203275647854,
            -0.0756238326559363,
            -0.034443642685007096,
            0.020786716722752053,
            -0.07900227680847502,
            0.011995957117985344
        ],
        [
            0.033831173577468406,
            -0.033002377507007734,
            -0.006464384830319035,
            -0.11223052114703197,
            -0.04221006114632665,
            -0.211564106075013,
            -0.06817189419633178,
            -0.003344339601894741,
            -0.05409637872534598,
            -0.029856698136545647,
            -0.03897404657107898,
            0.029941218561855942,
            -0.014029900960170797,
            0.22902971126440552,
            -0.029307677775155826,
            0.26345016320981984,
            0.14175070923046376,
            -0.02143427233356675,
            0.11399400578446267,
            -0.01618277495804033
        ],
        [
            -0.0035675951966550458,
            0.0024330828011015185,
            0.0005352650343997626,
            0.004734678682102144,
            0.0013112510976440715,
            0.010806393855568794,
            0.005448359821363599,
            0.0035374063978308784,
            0.014799873727614985,
            0.0009558494443087099,
            0.022287481716713856,
            -0.003203349282363271,
            0.0076271203275647854,
            -0.029307677775155826,
            0.004844201101789704,
            -0.04074704979086616,
            -0.019746568145282792,
            0.0067043647526806045,
            -0.029340796714052358,
            0.004307213091921556
        ],
        [
            -0.0037472236526637985,
            -0.027416270998686116,
            -0.0018629749704558009,
            0.014740854622642406,
            0.007505703990040927,
            0.028705590966259194,
            0.03192439688141895,
            -0.004038912986503582,
            -0.01660612048959489,
            -0.004910184739913323,
            0.06549915009879834,
            0.17994873350790783,
            -0.0756238326559363,
            0.26345016320981984,
            -0.04074704979086616,
            0.5341929785883844,
            0.31865107164279305,
            -0.03607324616922093,
            0.16940411199511668,
            -0.025183046304119733
        ],
        [
            -0.021645176177717464,
            -0.026279747545119976,
            -0.0005167685816200785,
            0.011390246867809666,
            0.004138397160261158,
            0.022303901414386543,
            0.028095225469698375,
            0.008841502012053583,
            0.034281235258065285,
            -0.0037093699974028445,
            0.12218008996752147,
            0.1333608814150491,
            -0.034443642685007096,
            0.14175070923046376,
            -0.019746568145282792,
            0.31865107164279305,
            0.20384874303480538,
            -0.008353510656603912,
            0.048889759113701636,
            -0.007285153365345966
        ],
        [
            0.008447074412406295,
            0.004103294135802873,
            -0.00033715798350349846,
            -0.02080139022239664,
            -0.009594765383950562,
            -0.02497764175062352,
            0.005464722062180097,
            0.013066173694357265,
            0.036848396213960584,
            -0.008664803475146666,
            0.084445347741038,
            0.01185537562592107,
            0.020786716722752053,
            -0.02143427233356675,
            0.0067043647526806045,
            -0.03607324616922093,
            -0.008353510656603912,
            0.017662426923351054,
            -0.06924624800756635,
            0.010291587606458655
        ],
        [
            -0.02312056343644816,
            -0.01861282528869731,
            0.0001728191692204184,
            0.058308689161324305,
            0.028552783281295898,
            0.0579417236357824,
            -0.03169009294997774,
            -0.04961343850930363,
            -0.1483342672831493,
            0.02716650031991344,
            -0.3250776805849516,
            -0.04287615418844304,
            -0.07900227680847502,
            0.11399400578446267,
            -0.029340796714052358,
            0.16940411199511668,
            0.048889759113701636,
            -0.06924624800756635,
            0.2760067812576048,
            -0.04090269523227049
        ],
        [
            0.0017091429004091072,
            0.0013012960012967,
            -4.273162925105798e-05,
            -0.009237936346133003,
            -0.004475549678787903,
            -0.010750994922064914,
            0.0033525761397761814,
            0.007423993631798493,
            0.022555466507514957,
            -0.003960470884807975,
            0.047926740751952454,
            0.005832943890411938,
            0.011995957117985344,
            -0.01618277495804033,
            0.004307213091921556,
            -0.025183046304119733,
            -0.007285153365345966,
            0.010291587606458655,
            -0.04090269523227049,
            0.006074802872676177
        ]
    ]
}