{
    "opt_E": -2.2120227326876063,
    "HF_E": -2.1804111352230033,
    "B3LYP_E": -2.18316496989719,
    "sto-3G_E": -2.169953916825605,
    "proj": [
        [
            0.574555002552683,
            0.3544188596696665,
            -0.01846279292442079,
            -0.16616809281108177,
            -0.04756424468814771,
            -0.006152744051075749,
            0.16577690942781537,
            -0.02709422905378758,
            -0.21952378320850255,
            -0.08020529136017084,
            0.041501617703565925,
            0.022556606603224203,
            0.00225286088314085,
            0.04599419891807978,
            -0.0004846709324376884,
            -0.0012780900237237965,
            -0.023255192802091866,
            0.006540602580645694,
            -0.026338044746578918,
            0.010264891263557209
        ],
        [
            0.3544188596696665,
            0.23914512499476887,
            -0.005356776957218649,
            -0.048285241606168004,
            -0.01300068678907068,
            0.10130272631476747,
            0.13969432186220687,
            -0.014730198616888561,
            -0.13690876253119416,
            -0.04019647919698839,
            0.0195436316992465,
            0.022123617152423107,
            -0.0018489008993798435,
            -0.029549384174710373,
            0.00012723026032348235,
            -0.024169506070084307,
            -0.03091917059148141,
            0.0023676071336182617,
            -0.012313533937723522,
            0.0037336626046474506
        ],
        [
            -0.01846279292442079,
            -0.005356776957218649,
            0.0025335081421370893,
            0.022844292731642634,
            0.006834361939244894,
            0.033346929920179805,
            0.005993979148916068,
            0.0013376188883937271,
            0.004009961096213833,
            0.005508219887651226,
            -0.007393504231907288,
            0.0028781351310353674,
            -0.0021478618074394673,
            -0.016371209945642173,
            -0.0016943368269218427,
            0.002080431601073876,
            0.0005417839198752511,
            -0.0015358816230063971,
            0.006341926123193896,
            -0.002673127244794446
        ],
        [
            -0.16616809281108177,
            -0.048285241606168004,
            0.022844292731642634,
            0.20620293294370384,
            0.06162800291214752,
            0.3022835866021843,
            0.056235379475086826,
            0.012238733491753946,
            0.03922013496585098,
            0.04954810264406109,
            -0.05852327151485329,
            0.03146589499548849,
            -0.019566622634665975,
            -0.14522638667576765,
            -0.01574666863044627,
            0.026286739507582944,
            0.01110565413487515,
            -0.013451000700894488,
            0.055331169111136676,
            -0.023364955726038614
        ],
        [
            -0.04756424468814771,
            -0.01300068678907068,
            0.006834361939244894,
            0.06162800291214752,
            0.018462914958004024,
            0.0908431422119114,
            0.016846402515565635,
            0.0034520176456678277,
            0.008799021581919366,
            0.01464604349209954,
            -0.02194176952910073,
            0.007823697728211568,
            -0.006162296314902332,
            -0.043597501596138157,
            -0.0051619916877073315,
            0.00797826432920164,
            0.0024106421358257115,
            -0.00444143110468068,
            0.018656866160369136,
            -0.007780432772187504
        ],
        [
            -0.006152744051075749,
            0.10130272631476747,
            0.033346929920179805,
            0.3022835866021843,
            0.0908431422119114,
            0.5830670529695774,
            0.2139233698224372,
            0.011033491121792891,
            -0.005189024347809357,
            0.05051600124618073,
            -0.00676555827393716,
            0.10181556703119843,
            -0.03020896695234521,
            -0.2590046690665472,
            -0.020812612798655396,
            0.03535539667403839,
            0.015859308757952065,
            -0.014015639324384127,
            0.04994897068147276,
            -0.02370568570503718
        ],
        [
            0.16577690942781537,
            0.13969432186220687,
            0.005993979148916068,
            0.056235379475086826,
            0.016846402515565635,
            0.2139233698224372,
            0.14387077469009407,
            -0.0014534185881782198,
            -0.022382056626351173,
            -0.006670392317128333,
            0.10648011781796808,
            0.08432915009835767,
            -0.005230272134567893,
            -0.0754577511694245,
            -0.00040376183094715374,
            0.021851248278351658,
            0.023614297096097654,
            0.0053551475924770815,
            -0.03223579964267129,
            0.010431729762943417
        ],
        [
            -0.02709422905378758,
            -0.014730198616888561,
            0.0013376188883937271,
            0.012238733491753946,
            0.0034520176456678277,
            0.011033491121792891,
            -0.0014534185881782198,
            0.0018740784167314724,
            0.0173309781534257,
            0.0044458652999531225,
            0.012851702540522907,
            0.005522876161866764,
            0.0005974030265021001,
            -0.007841777847791895,
            0.0016060749470702895,
            -0.003152769567074459,
            0.001901063069271938,
            0.0009956156756327048,
            -0.005768809297243455,
            0.002023969300264321
        ],
        [
            -0.21952378320850255,
            -0.13690876253119416,
            0.004009961096213833,
            0.03922013496585098,
            0.008799021581919366,
            -0.005189024347809357,
            -0.022382056626351173,
            0.0173309781534257,
            0.21172498389490457,
            0.025291539471108376,
            0.2549547473599027,
            0.08072993250569672,
            0.020773920652437262,
            -0.02358032960222606,
            0.03316497582313686,
            -0.050999642289342305,
            0.029865441432521827,
            0.02516053128341785,
            -0.12966108211581415,
            0.04815060200029978
        ],
        [
            -0.08020529136017084,
            -0.04019647919698839,
            0.005508219887651226,
            0.04954810264406109,
            0.01464604349209954,
            0.05051600124618073,
            -0.006670392317128333,
            0.0044458652999531225,
            0.025291539471108376,
            0.01566551702606351,
            -0.017263538709829756,
            0.00013346599959853248,
            -0.0032131098212489968,
            -0.030414800566107472,
            -0.002048723647488227,
            -0.0010340841597939738,
            -0.00017139308670789555,
            -0.0029347375130838313,
            0.011977425195654213,
            -0.00500140208478499
        ],
        [
            0.041501617703565925,
            0.0195436316992465,
            -0.007393504231907288,
            -0.05852327151485329,
            -0.02194176952910073,
            -0.00676555827393716,
            0.10648011781796808,
            0.012851702540522907,
            0.2549547473599027,
            -0.017263538709829756,
            0.5904330626458987,
            0.22239194555552388,
            0.03895621713787507,
            0.019678191040016692,
            0.057099658565630956,
            -0.020829037382450892,
            0.10007894481639538,
            0.0562768669831216,
            -0.2819615261218948,
            0.10566522100631565
        ],
        [
            0.022556606603224203,
            0.022123617152423107,
            0.0028781351310353674,
            0.03146589499548849,
            0.007823697728211568,
            0.10181556703119843,
            0.08432915009835767,
            0.005522876161866764,
            0.08072993250569672,
            0.00013346599959853248,
            0.22239194555552388,
            0.14787140627388987,
            -0.004398382205252575,
            0.022618696019984626,
            -0.007487961387211759,
            0.16119719044172742,
            0.14113193741499958,
            0.011696865308711243,
            -0.057891412673649896,
            0.022039881824402956
        ],
        [
            0.00225286088314085,
            -0.0018489008993798435,
            -0.0021478618074394673,
            -0.019566622634665975,
            -0.006162296314902332,
            -0.03020896695234521,
            -0.005230272134567893,
            0.0005974030265021001,
            0.020773920652437262,
            -0.0032131098212489968,
            0.03895621713787507,
            -0.004398382205252575,
            0.008252806606760126,
            -0.004018976235800157,
            0.01247697783317721,
            -0.05249217686530021,
            -0.024776915270899823,
            0.0065565504668905475,
            -0.033113180842374995,
            0.012289623381374647
        ],
        [
            0.04599419891807978,
            -0.029549384174710373,
            -0.016371209945642173,
            -0.14522638667576765,
            -0.043597501596138157,
            -0.2590046690665472,
            -0.0754577511694245,
            -0.007841777847791895,
            -0.02358032960222606,
            -0.030414800566107472,
            0.019678191040016692,
            0.022618696019984626,
            -0.004018976235800157,
            0.20060003452403827,
            -0.023552893509778048,
            0.20266165853228496,
            0.12916313440726845,
            -0.001613335292553617,
            0.023264915724051427,
            -0.004820788400903876
        ],
        [
            -0.0004846709324376884,
            0.00012723026032348235,
            -0.0016943368269218427,
            -0.01574666863044627,
            -0.0051619916877073315,
            -0.020812612798655396,
            -0.00040376183094715374,
            0.0016060749470702895,
            0.03316497582313686,
            -0.002048723647488227,
            0.057099658565630956,
            -0.007487961387211759,
            0.01247697783317721,
            -0.023552893509778048,
            0.02040740477379589,
            -0.09417916333392129,
            -0.04699640029790962,
            0.00987500228724866,
            -0.05120450011406294,
            0.01866947960183281
        ],
        [
            -0.0012780900237237965,
            -0.024169506070084307,
            0.002080431601073876,
            0.026286739507582944,
            0.00797826432920164,
            0.03535539667403839,
            0.021851248278351658,
            -0.003152769567074459,
            -0.050999642289342305,
            -0.0010340841597939738,
            -0.020829037382450892,
            0.16119719044172742,
            -0.05249217686530021,
            0.20266165853228496,
            -0.09417916333392129,
            0.587396286202925,
            0.3595473187131339,
            -0.028436280926311817,
            0.1565419005342908,
            -0.0545355457691489
        ],
        [
            -0.023255192802091866,
            -0.03091917059148141,
            0.0005417839198752511,
            0.01110565413487515,
            0.0024106421358257115,
            0.015859308757952065,
            0.023614297096097654,
            0.001901063069271938,
            0.029865441432521827,
            -0.00017139308670789555,
            0.10007894481639538,
            0.14113193741499958,
            -0.024776915270899823,
            0.12916313440726845,
            -0.04699640029790962,
            0.3595473187131339,
            0.24332882914271367,
            -0.006867294307467029,
            0.04295436537454877,
            -0.013517651957470938
        ],
        [
            0.006540602580645694,
            0.0023676071336182617,
            -0.0015358816230063971,
            -0.013451000700894488,
            -0.00444143110468068,
            -0.014015639324384127,
            0.0053551475924770815,
            0.0009956156756327048,
            0.02516053128341785,
            -0.0029347375130838313,
            0.0562768669831216,
            0.011696865308711243,
            0.0065565504668905475,
            -0.001613335292553617,
            0.00987500228724866,
            -0.028436280926311817,
            -0.006867294307467029,
            0.006806541933170042,
            -0.03428140626145245,
            0.012768526990096172
        ],
        [
            -0.026338044746578918,
            -0.012313533937723522,
            0.006341926123193896,
            0.055331169111136676,
            0.018656866160369136,
            0.04994897068147276,
            -0.03223579964267129,
            -0.005768809297243455,
            -0.12966108211581415,
            0.011977425195654213,
            -0.2819615261218948,
            -0.057891412673649896,
            -0.033113180842374995,
            0.023264915724051427,
            -0.05120450011406294,
            0.1565419005342908,
            0.04295436537454877,
            -0.03428140626145245,
            0.1738275210342001,
            -0.06445590779443941
        ],
        [
            0.010264891263557209,
            0.0037336626046474506,
            -0.002673127244794446,
            -0.023364955726038614,
            -0.007780432772187504,
            -0.02370568570503718,
            0.010431729762943417,
            0.002023969300264321,
            0.04815060200029978,
            -0.00500140208478499,
            0.10566522100631565,
            0.022039881824402956,
            0.012289623381374647,
            -0.004820788400903876,
            0.01866947960183281,
            -0.0545355457691489,
            -0.013517651957470938,
            0.012768526990096172,
            -0.06445590779443941,
            0.02397421627394035
        ]
    ]
}