{
    "opt_E": -2.1939343191454705,
    "HF_E": -2.1628097952840695,
    "B3LYP_E": -2.164939301467189,
    "sto-3G_E": -2.142079997855688,
    "proj": [
        [
            0.5617888389696566,
            0.35708997113799396,
            -0.020400713928105517,
            -0.1661529790099944,
            -0.0441175711733656,
            0.009345853360870238,
            0.17205414560509902,
            -0.04168354708733916,
            -0.21381714065911908,
            -0.08597123452461564,
            0.019741440415237236,
            0.03552601166501614,
            -0.007905788821406424,
            0.03672691902898884,
            -0.010346865765704311,
            -0.00022989619898900807,
            -0.02997704696549198,
            -0.000967095038164883,
            -0.009231339894086877,
            -0.0028528151856619497
        ],
        [
            0.35708997113799396,
            0.24206799167517074,
            -0.006282768156199827,
            -0.06114314594837845,
            -0.013837223635258737,
            0.09090861042546787,
            0.13779728030853938,
            -0.021535331806340593,
            -0.1313637320769713,
            -0.04536555736434005,
            0.024899186295701772,
            0.030811996724266082,
            0.0019147320867945077,
            -0.02938751505646653,
            0.004043685621335296,
            -0.030482390129664527,
            -0.036315375558343715,
            -0.0003601865046675822,
            -0.015809333882996348,
            -0.002581743984120972
        ],
        [
            -0.020400713928105517,
            -0.006282768156199827,
            0.004780351475328917,
            0.03134421291641932,
            0.010194683765073903,
            0.04613915732035425,
            0.006938362716923871,
            0.005827195600209699,
            0.000724003742679029,
            0.011148725065600676,
            -0.010383211942046382,
            0.0032921340274761437,
            0.0051034851418224865,
            -0.022219822200098466,
            0.010027089541541254,
            0.0038476664812026745,
            0.0017976842561358542,
            0.00036535399228973677,
            0.01081845698565708,
            0.0023542413897049523
        ],
        [
            -0.1661529790099944,
            -0.06114314594837845,
            0.03134421291641932,
            0.2107550997058999,
            0.06692179979655608,
            0.29861063113070574,
            0.041785869608393755,
            0.036387424292937655,
            0.03812457319773978,
            0.07024053562168882,
            -0.026925457397004193,
            0.031680929760580075,
            0.03166885809834393,
            -0.1476975825834592,
            0.06033056302286332,
            0.01819076945710664,
            0.01616425169614574,
            0.0020081668788010003,
            0.04480572329404844,
            0.010759734217372197
        ],
        [
            -0.0441175711733656,
            -0.013837223635258737,
            0.010194683765073903,
            0.06692179979655608,
            0.021743629033448238,
            0.09826364864412983,
            0.014700179845796735,
            0.0124061607762197,
            0.0020345089749948943,
            0.023746166313581552,
            -0.02152938622518992,
            0.00737123671847409,
            0.010863511328156735,
            -0.047068751182253586,
            0.02136777026828748,
            0.008870509217402511,
            0.0043930346901832505,
            0.0007743005815870037,
            0.022922326924586754,
            0.004985157637733622
        ],
        [
            0.009345853360870238,
            0.09090861042546787,
            0.04613915732035425,
            0.29861063113070574,
            0.09826364864412983,
            0.5692212355819298,
            0.188986854098022,
            0.0388540302188411,
            -0.020780521921431,
            0.07230262810560947,
            0.023447856358148764,
            0.10224956863358463,
            0.05254531825933171,
            -0.25528127776793696,
            0.101018779278142,
            0.03503301043885185,
            0.024356912271784315,
            0.0026173298700603188,
            0.04365131023740744,
            0.012111491942743928
        ],
        [
            0.17205414560509902,
            0.13779728030853938,
            0.006938362716923871,
            0.041785869608393755,
            0.014700179845796735,
            0.188986854098022,
            0.13127050481456706,
            -0.008935072614376866,
            -0.025294713345413677,
            -0.019071299669840575,
            0.11150642251856079,
            0.08240611001168595,
            0.010817058287129918,
            -0.06257974018460687,
            0.020532962745762166,
            0.027056593571791094,
            0.02526899352032271,
            -0.00037611389343831706,
            -0.03932752249160962,
            -0.006440504675667842
        ],
        [
            -0.04168354708733916,
            -0.021535331806340593,
            0.005827195600209699,
            0.036387424292937655,
            0.0124061607762197,
            0.0388540302188411,
            -0.008935072614376866,
            0.010681586431031365,
            -0.010303945622513251,
            0.020460500312246922,
            -0.051584154421774504,
            -0.01310675391698256,
            0.006500996184973498,
            -0.021746106499514608,
            0.013700845520933551,
            0.003710349627741698,
            -0.0039316213623796165,
            0.0007657780067272478,
            0.03364265294697492,
            0.006541650077498902
        ],
        [
            -0.21381714065911908,
            -0.1313637320769713,
            0.000724003742679029,
            0.03812457319773978,
            0.0020345089749948943,
            -0.020780521921431,
            -0.025294713345413677,
            -0.010303945622513251,
            0.21299484877908856,
            -0.01570316125416937,
            0.25743323363193626,
            0.06339412375660013,
            -0.010702106246971477,
            -0.014761483578091997,
            -0.032937132119227254,
            -0.04313931738919938,
            0.028591118407444018,
            -0.00238725978392796,
            -0.16288614203545815,
            -0.029107745857351194
        ],
        [
            -0.08597123452461564,
            -0.04536555736434005,
            0.011148725065600676,
            0.07024053562168882,
            0.023746166313581552,
            0.07230262810560947,
            -0.019071299669840575,
            0.020460500312246922,
            -0.01570316125416937,
            0.039286497614291635,
            -0.09575943839173177,
            -0.024808485620752697,
            0.01220121605703348,
            -0.041198148197543576,
            0.025584678942914624,
            0.006588290036005839,
            -0.006981528843401773,
            0.0014345223155863324,
            0.06235065571846815,
            0.01214887907093404
        ],
        [
            0.019741440415237236,
            0.024899186295701772,
            -0.010383211942046382,
            -0.026925457397004193,
            -0.02152938622518992,
            0.023447856358148764,
            0.11150642251856079,
            -0.051584154421774504,
            0.25743323363193626,
            -0.09575943839173177,
            0.5550434108595153,
            0.1983709265795329,
            -0.021958364032024693,
            0.01209506585099562,
            -0.05750895629663061,
            0.007042442474777629,
            0.09635568983888955,
            -0.0053668251124861,
            -0.3124633016744852,
            -0.05740362808659907
        ],
        [
            0.03552601166501614,
            0.030811996724266082,
            0.0032921340274761437,
            0.031680929760580075,
            0.00737123671847409,
            0.10224956863358463,
            0.08240611001168595,
            -0.01310675391698256,
            0.06339412375660013,
            -0.024808485620752697,
            0.1983709265795329,
            0.1323954253550679,
            0.0030142720955625363,
            0.030089596714953443,
            0.011635685412356019,
            0.1667301638259991,
            0.13628869540674768,
            -0.0012601586013843268,
            -0.051399239032554396,
            -0.010808893413244045
        ],
        [
            -0.007905788821406424,
            0.0019147320867945077,
            0.0051034851418224865,
            0.03166885809834393,
            0.010863511328156735,
            0.05254531825933171,
            0.010817058287129918,
            0.006500996184973498,
            -0.010702106246971477,
            0.01220121605703348,
            -0.021958364032024693,
            0.0030142720955625363,
            0.006142810379192963,
            -0.021550925130913463,
            0.012989615216851737,
            0.011557401501752886,
            0.003975633925997889,
            0.0005038069249868752,
            0.020439606424504233,
            0.004050313137316118
        ],
        [
            0.03672691902898884,
            -0.02938751505646653,
            -0.022219822200098466,
            -0.1476975825834592,
            -0.047068751182253586,
            -0.25528127776793696,
            -0.06257974018460687,
            -0.021746106499514608,
            -0.014761483578091997,
            -0.041198148197543576,
            0.01209506585099562,
            0.030089596714953443,
            -0.021550925130913463,
            0.2160175339610471,
            -0.02549105871262105,
            0.21888937265597988,
            0.13863583473849478,
            -0.0011191739282728637,
            0.04285081328391712,
            0.0030096877505914996
        ],
        [
            -0.010346865765704311,
            0.004043685621335296,
            0.010027089541541254,
            0.06033056302286332,
            0.02136777026828748,
            0.101018779278142,
            0.020532962745762166,
            0.013700845520933551,
            -0.032937132119227254,
            0.025584678942914624,
            -0.05750895629663061,
            0.011635685412356019,
            0.012989615216851737,
            -0.02549105871262105,
            0.030393480045877594,
            0.060865266066999824,
            0.02920089776850899,
            0.0011675471874455449,
            0.06042463790726005,
            0.011175865960213124
        ],
        [
            -0.00022989619898900807,
            -0.030482390129664527,
            0.0038476664812026745,
            0.01819076945710664,
            0.008870509217402511,
            0.03503301043885185,
            0.027056593571791094,
            0.003710349627741698,
            -0.04313931738919938,
            0.006588290036005839,
            0.007042442474777629,
            0.1667301638259991,
            0.011557401501752886,
            0.21888937265597988,
            0.060865266066999824,
            0.5645798111065615,
            0.35772402317471746,
            0.0009146676131868566,
            0.17983988052596156,
            0.026255081430217705
        ],
        [
            -0.02997704696549198,
            -0.036315375558343715,
            0.0017976842561358542,
            0.01616425169614574,
            0.0043930346901832505,
            0.024356912271784315,
            0.02526899352032271,
            -0.0039316213623796165,
            0.028591118407444018,
            -0.006981528843401773,
            0.09635568983888955,
            0.13628869540674768,
            0.003975633925997889,
            0.13863583473849478,
            0.02920089776850899,
            0.35772402317471746,
            0.2438293671901168,
            -0.00027094476262302616,
            0.06162468853136738,
            0.007096358096735019
        ],
        [
            -0.000967095038164883,
            -0.0003601865046675822,
            0.00036535399228973677,
            0.0020081668788010003,
            0.0007743005815870037,
            0.0026173298700603188,
            -0.00037611389343831706,
            0.0007657780067272478,
            -0.00238725978392796,
            0.0014345223155863324,
            -0.0053668251124861,
            -0.0012601586013843268,
            0.0005038069249868752,
            -0.0011191739282728637,
            0.0011675471874455449,
            0.0009146676131868566,
            -0.00027094476262302616,
            6.848219826127742e-05,
            0.0035632324542878334,
            0.0006667700556469765
        ],
        [
            -0.009231339894086877,
            -0.015809333882996348,
            0.01081845698565708,
            0.04480572329404844,
            0.022922326924586754,
            0.04365131023740744,
            -0.03932752249160962,
            0.03364265294697492,
            -0.16288614203545815,
            0.06235065571846815,
            -0.3124633016744852,
            -0.051399239032554396,
            0.020439606424504233,
            0.04285081328391712,
            0.06042463790726005,
            0.17983988052596156,
            0.06162468853136738,
            0.0035632324542878334,
            0.23941786435375248,
            0.04213513627403203
        ],
        [
            -0.0028528151856619497,
            -0.002581743984120972,
            0.0023542413897049523,
            0.010759734217372197,
            0.004985157637733622,
            0.012111491942743928,
            -0.006440504675667842,
            0.006541650077498902,
            -0.029107745857351194,
            0.01214887907093404,
            -0.05740362808659907,
            -0.010808893413244045,
            0.004050313137316118,
            0.0030096877505914996,
            0.011175865960213124,
            0.026255081430217705,
            0.007096358096735019,
            0.0006667700556469765,
            0.04213513627403203,
            0.007521230470193923
        ]
    ]
}