{
    "opt_E": -2.203139696053251,
    "HF_E": -2.1732034462266334,
    "B3LYP_E": -2.1754042394968724,
    "sto-3G_E": -2.1642328414045107,
    "proj": [
        [
            0.5283784518457783,
            0.31980574548850815,
            0.010369947081629357,
            -0.1730997656734261,
            -0.018351064852962045,
            0.0688429595989572,
            0.17877797704521994,
            0.020403690360278674,
            -0.2705221829634664,
            -0.03924682628396561,
            0.04266292707006712,
            0.030019761988681056,
            -0.0002572227933240289,
            0.022388255908785678,
            -0.004975797823550895,
            0.0024970324413059217,
            -0.029242639934769023,
            0.003530472587152861,
            -0.021952623555073332,
            0.008258904679716482
        ],
        [
            0.31980574548850815,
            0.20575173758114895,
            0.003229783379806811,
            -0.05492894365791903,
            -0.0051864851156131824,
            0.11691330142862723,
            0.13097307136969014,
            0.009937018043742045,
            -0.14984233824900164,
            -0.01786703536432286,
            0.029654083034602933,
            0.024803182772538464,
            -0.000415940940601064,
            -0.03348707156643437,
            0.0039103856047217524,
            -0.022633737233033777,
            -0.03149067329171028,
            0.002037519826342491,
            -0.015117863006191997,
            0.005128129649265006
        ],
        [
            0.010369947081629357,
            0.003229783379806811,
            0.0012458463432225447,
            -0.019260424151927403,
            -0.002295052939475908,
            -0.02132498589105207,
            -0.002209928768486396,
            0.0013282149788589124,
            -0.005326082680551151,
            -0.0031772881413165803,
            0.007657561594309277,
            -0.0016537320273043474,
            0.0008038812561455011,
            0.010859477489445931,
            -0.00014131598354976118,
            -0.003937871485801773,
            -0.002050609177904433,
            0.0007840799567543389,
            -0.006616134167423561,
            0.0024825494953571244
        ],
        [
            -0.1730997656734261,
            -0.05492894365791903,
            -0.019260424151927403,
            0.3025619020122546,
            0.035708614988563356,
            0.33517739095984556,
            0.03908248095095264,
            -0.02022856273237082,
            0.11035807152938891,
            0.04734303241091727,
            -0.07568618376196715,
            0.034673344779038176,
            -0.01008649088038729,
            -0.17980251386641405,
            0.008895985147095579,
            0.03350273639161647,
            0.023416572391287582,
            -0.009381110393574777,
            0.07521013055572233,
            -0.028893393583643033
        ],
        [
            -0.018351064852962045,
            -0.0051864851156131824,
            -0.002295052939475908,
            0.035708614988563356,
            0.004251811568901258,
            0.04029845566337681,
            0.00472220790868211,
            -0.0024173214485246237,
            0.010264835414112843,
            0.005776795626078258,
            -0.0129175076387795,
            0.0027049087747481725,
            -0.001319188943260233,
            -0.021610044041532613,
            0.0008268232901982446,
            0.003949618580682143,
            0.001862365865023453,
            -0.0013112484963417272,
            0.010843160342577925,
            -0.0041104434653171954
        ],
        [
            0.0688429595989572,
            0.11691330142862723,
            -0.02132498589105207,
            0.33517739095984556,
            0.04029845566337681,
            0.5397953460170155,
            0.18173005169434678,
            -0.0156337441036025,
            0.031264451797699516,
            0.04024764865073455,
            -0.007605411906355468,
            0.09564556360319708,
            -0.01224539045339276,
            -0.2538459728898418,
            0.01640911224833669,
            0.03717719529395049,
            0.022571763809147317,
            -0.0073816706501607385,
            0.05638928804410179,
            -0.02300688272763115
        ],
        [
            0.17877797704521994,
            0.13097307136969014,
            -0.002209928768486396,
            0.03908248095095264,
            0.00472220790868211,
            0.18173005169434678,
            0.1265471752873662,
            0.0038094517210591505,
            -0.02782800660546402,
            -0.007390633453935188,
            0.11534001556049647,
            0.08005243856860669,
            -0.0011313283327520987,
            -0.05970125879647746,
            0.007786208302381772,
            0.02112196255634232,
            0.023601383014939137,
            0.003997841055393834,
            -0.0383365866638047,
            0.012915660640812539
        ],
        [
            0.020403690360278674,
            0.009937018043742045,
            0.0013282149788589124,
            -0.02022856273237082,
            -0.0024173214485246237,
            -0.0156337441036025,
            0.0038094517210591505,
            0.0017296477396805533,
            -0.006860845744045197,
            -0.004081956825212835,
            0.015686555847171876,
            0.0026958007370324545,
            0.0008722290118914058,
            0.009882824003203993,
            0.00018644864888546465,
            -0.002764870321247445,
            -0.0004877548563006352,
            0.0011416599735278457,
            -0.00989631019029255,
            0.003635307539766127
        ],
        [
            -0.2705221829634664,
            -0.14984233824900164,
            -0.005326082680551151,
            0.11035807152938891,
            0.010264835414112843,
            0.031264451797699516,
            -0.02782800660546402,
            -0.006860845744045197,
            0.25856490426336,
            0.0068702238195853405,
            0.23129805866340983,
            0.07798547524306719,
            0.008209944923073293,
            -0.048458988384552634,
            0.025876958523007094,
            -0.04798981412395063,
            0.03374928933012614,
            0.011523429571356051,
            -0.11820499407921649,
            0.04125865775167685
        ],
        [
            -0.03924682628396561,
            -0.01786703536432286,
            -0.0031772881413165803,
            0.04734303241091727,
            0.005776795626078258,
            0.04024764865073455,
            -0.007390633453935188,
            -0.004081956825212835,
            0.0068702238195853405,
            0.010024899148066669,
            -0.048123337522752,
            -0.009775153751309069,
            -0.002477821389018599,
            -0.024447360804750684,
            -0.0011781991361835937,
            0.007311069881922712,
            -0.00107435054492744,
            -0.0032846450389455335,
            0.029099443617429045,
            -0.010624829909739853
        ],
        [
            0.04266292707006712,
            0.029654083034602933,
            0.007657561594309277,
            -0.07568618376196715,
            -0.0129175076387795,
            -0.007605411906355468,
            0.11534001556049647,
            0.015686555847171876,
            0.23129805866340983,
            -0.048123337522752,
            0.599803739807759,
            0.2190611922727434,
            0.018560590823160403,
            0.03209985211934684,
            0.03527782249799221,
            -0.026446787098393876,
            0.09293863793310907,
            0.031649502227470094,
            -0.29945445804279786,
            0.10651307261774434
        ],
        [
            0.030019761988681056,
            0.024803182772538464,
            -0.0016537320273043474,
            0.034673344779038176,
            0.0027049087747481725,
            0.09564556360319708,
            0.08005243856860669,
            0.0026958007370324545,
            0.07798547524306719,
            -0.009775153751309069,
            0.2190611922727434,
            0.1468206201000967,
            -0.002894343139150062,
            0.028443273353030707,
            -0.008086664703071915,
            0.1651975962841436,
            0.1446498836413631,
            0.006169890776635993,
            -0.05709093975193593,
            0.02031631396053047
        ],
        [
            -0.0002572227933240289,
            -0.000415940940601064,
            0.0008038812561455011,
            -0.01008649088038729,
            -0.001319188943260233,
            -0.01224539045339276,
            -0.0011313283327520987,
            0.0008722290118914058,
            0.008209944923073293,
            -0.002477821389018599,
            0.018560590823160403,
            -0.002894343139150062,
            0.0019875733902358045,
            -0.0029812750361525794,
            0.004394485931931946,
            -0.02738832886774527,
            -0.01396182903430336,
            0.001766110079885599,
            -0.016977382099518924,
            0.006020862284244607
        ],
        [
            0.022388255908785678,
            -0.03348707156643437,
            0.010859477489445931,
            -0.17980251386641405,
            -0.021610044041532613,
            -0.2538459728898418,
            -0.05970125879647746,
            0.009882824003203993,
            -0.048458988384552634,
            -0.024447360804750684,
            0.03209985211934684,
            0.028443273353030707,
            -0.0029812750361525794,
            0.20671265217446516,
            -0.037853581870270984,
            0.19720995612304335,
            0.126655887223986,
            -0.00010282884527987654,
            0.01337957861912876,
            -0.0025895359409627973
        ],
        [
            -0.004975797823550895,
            0.0039103856047217524,
            -0.00014131598354976118,
            0.008895985147095579,
            0.0008268232901982446,
            0.01640911224833669,
            0.007786208302381772,
            0.00018644864888546465,
            0.025876958523007094,
            -0.0011781991361835937,
            0.03527782249799221,
            -0.008086664703071915,
            0.004394485931931946,
            -0.037853581870270984,
            0.014582052037172076,
            -0.08302862539904772,
            -0.045408203833141425,
            0.00362935315910685,
            -0.03682126765203915,
            0.012721651386148858
        ],
        [
            0.0024970324413059217,
            -0.022633737233033777,
            -0.003937871485801773,
            0.03350273639161647,
            0.003949618580682143,
            0.03717719529395049,
            0.02112196255634232,
            -0.002764870321247445,
            -0.04798981412395063,
            0.007311069881922712,
            -0.026446787098393876,
            0.1651975962841436,
            -0.02738832886774527,
            0.19720995612304335,
            -0.08302862539904772,
            0.5822945833918586,
            0.36408072166506905,
            -0.01606439926112576,
            0.1637786910459491,
            -0.05658203053029782
        ],
        [
            -0.029242639934769023,
            -0.03149067329171028,
            -0.002050609177904433,
            0.023416572391287582,
            0.001862365865023453,
            0.022571763809147317,
            0.023601383014939137,
            -0.0004877548563006352,
            0.03374928933012614,
            -0.00107435054492744,
            0.09293863793310907,
            0.1446498836413631,
            -0.01396182903430336,
            0.126655887223986,
            -0.045408203833141425,
            0.36408072166506905,
            0.2505605732499096,
            -0.004556533653660939,
            0.04957926943598394,
            -0.016639820845995378
        ],
        [
            0.003530472587152861,
            0.002037519826342491,
            0.0007840799567543389,
            -0.009381110393574777,
            -0.0013112484963417272,
            -0.0073816706501607385,
            0.003997841055393834,
            0.0011416599735278457,
            0.011523429571356051,
            -0.0032846450389455335,
            0.031649502227470094,
            0.006169890776635993,
            0.001766110079885599,
            -0.00010282884527987654,
            0.00362935315910685,
            -0.01606439926112576,
            -0.004556533653660939,
            0.002117529498202228,
            -0.020117388860423194,
            0.007151239702002901
        ],
        [
            -0.021952623555073332,
            -0.015117863006191997,
            -0.006616134167423561,
            0.07521013055572233,
            0.010843160342577925,
            0.05638928804410179,
            -0.0383365866638047,
            -0.00989631019029255,
            -0.11820499407921649,
            0.029099443617429045,
            -0.29945445804279786,
            -0.05709093975193593,
            -0.016977382099518924,
            0.01337957861912876,
            -0.03682126765203915,
            0.1637786910459491,
            0.04957926943598394,
            -0.020117388860423194,
            0.19207117513798252,
            -0.06814109056100211
        ],
        [
            0.008258904679716482,
            0.005128129649265006,
            0.0024825494953571244,
            -0.028893393583643033,
            -0.0041104434653171954,
            -0.02300688272763115,
            0.012915660640812539,
            0.003635307539766127,
            0.04125865775167685,
            -0.010624829909739853,
            0.10651307261774434,
            0.02031631396053047,
            0.006020862284244607,
            -0.0025895359409627973,
            0.012721651386148858,
            -0.05658203053029782,
            -0.016639820845995378,
            0.007151239702002901,
            -0.06814109056100211,
            0.024197779405524058
        ]
    ]
}