{
    "opt_E": -2.1826582970425292,
    "HF_E": -2.153444891274793,
    "B3LYP_E": -2.1548818959214957,
    "sto-3G_E": -2.143733769416035,
    "proj": [
        [
            0.5293361164162529,
            0.33632304362432625,
            0.010486119575253897,
            -0.1814156909954554,
            0.02124179172364921,
            0.05084968403875109,
            0.18321502645994409,
            0.021525252225601373,
            -0.24327699887788534,
            0.02910713640484533,
            0.04641460960510771,
            0.030716045166954524,
            -0.002217380878146743,
            0.02994831801440232,
            -0.0011256593154674777,
            0.0017707472589262052,
            -0.029381659399418992,
            0.006775035634210739,
            -0.03130795046104071,
            -0.0035067819176693
        ],
        [
            0.33632304362432625,
            0.2248596086572914,
            0.003758847695037829,
            -0.07221432742479307,
            0.008470983711208507,
            0.09856640764025185,
            0.13631894466653519,
            0.012045885801711514,
            -0.14390106668857397,
            0.01653600576909478,
            0.03902611466552521,
            0.024088490336736924,
            -0.00018014338394836416,
            -0.03278031632606584,
            0.0012910163559446642,
            -0.030762939522322345,
            -0.03521256819279754,
            0.005806081813153454,
            -0.032440600871097756,
            -0.00275693185775474
        ],
        [
            0.010486119575253897,
            0.003758847695037829,
            0.0014402766775086621,
            -0.020987632289837202,
            0.0024370476217749717,
            -0.024234557274225514,
            -0.0028682714994483953,
            0.0012394490628109755,
            -0.002958839962985592,
            0.0007750428095521896,
            0.004936819250677898,
            -0.0037290659725003165,
            0.001496332154697925,
            0.01179001058290545,
            -0.0021060015548443074,
            -0.0035716447090532195,
            -0.002826049675897041,
            0.0013425288895255272,
            -0.007360050113469162,
            -0.0007679063342756827
        ],
        [
            -0.1814156909954554,
            -0.07221432742479307,
            -0.020987632289837202,
            0.30866706268346805,
            -0.03587868818533638,
            0.3414993983542746,
            0.030239798833405933,
            -0.018818067584829668,
            0.06246145996743921,
            -0.013317230156398949,
            -0.06742917328968225,
            0.04611148661753979,
            -0.018670404734042613,
            -0.18115445210128925,
            0.028482454280755614,
            0.028700960971266443,
            0.029381885024506192,
            -0.017582156515975788,
            0.09390882323151366,
            0.010169825171099448
        ],
        [
            0.02124179172364921,
            0.008470983711208507,
            0.0024370476217749717,
            -0.03587868818533638,
            0.004173131934880946,
            -0.03948105502458149,
            -0.003245694750851425,
            0.0022143103758728564,
            -0.006979367119886435,
            0.0015231068517131162,
            0.00869044835180551,
            -0.004807475816505215,
            0.0021294787807045303,
            0.021395943718960298,
            -0.003299620497087661,
            -0.002423712389306206,
            -0.0027541451004332615,
            0.0020804461362205146,
            -0.011100731079311615,
            -0.0012020164977069134
        ],
        [
            0.05084968403875109,
            0.09856640764025185,
            -0.024234557274225514,
            0.3414993983542746,
            -0.03948105502458149,
            0.540731964576583,
            0.17112733902223132,
            -0.012557310259100465,
            -0.009385563357742913,
            -0.006232819407520558,
            0.011819689057361754,
            0.11137503589521112,
            -0.023820629964483423,
            -0.25566261041844507,
            0.03676793771174691,
            0.04487747090608841,
            0.03778855337361034,
            -0.012842496188607723,
            0.06481857489637859,
            0.008226006307276061
        ],
        [
            0.18321502645994409,
            0.13631894466653519,
            -0.0028682714994483953,
            0.030239798833405933,
            -0.003245694750851425,
            0.17112733902223132,
            0.12379342187612837,
            0.005998944429890785,
            -0.032341449124390645,
            0.00323015956271266,
            0.11104469798797612,
            0.073128417144344,
            -0.0032163359831160884,
            -0.05860392297997329,
            0.005514888195675784,
            0.03154089482260393,
            0.024807384294460652,
            0.007705065249647645,
            -0.04659996653706381,
            -0.0035802314952245425
        ],
        [
            0.021525252225601373,
            0.012045885801711514,
            0.0012394490628109755,
            -0.018818067584829668,
            0.0022143103758728564,
            -0.012557310259100465,
            0.005998944429890785,
            0.0017323120582566263,
            -0.002228906984012567,
            0.0007139102556467923,
            0.01723126431236965,
            0.003458155713970708,
            0.0013059792866627572,
            0.008968509148484578,
            -0.0018491344406428144,
            0.0015760530760233907,
            0.0014164519378079183,
            0.0022063001208036865,
            -0.012487905645775713,
            -0.001192052602205596
        ],
        [
            -0.24327699887788534,
            -0.14390106668857397,
            -0.002958839962985592,
            0.06246145996743921,
            -0.006979367119886435,
            -0.009385563357742913,
            -0.032341449124390645,
            -0.002228906984012567,
            0.26518265956908077,
            -0.027323703182485885,
            0.2572044790499116,
            0.05786528425380465,
            0.021322481822193134,
            -0.048509392152772175,
            -0.01700990208697553,
            -0.0286823242103286,
            0.03393162115018122,
            0.029115977942600294,
            -0.18296837481009512,
            -0.015040345138138293
        ],
        [
            0.02910713640484533,
            0.01653600576909478,
            0.0007750428095521896,
            -0.013317230156398949,
            0.0015231068517131162,
            -0.006232819407520558,
            0.00323015956271266,
            0.0007139102556467923,
            -0.027323703182485885,
            0.0029819132086135753,
            -0.02238826114525977,
            -0.006123691597644657,
            -0.0016465615662296425,
            0.00880995889447531,
            0.0009976565787651933,
            0.002530515935433161,
            -0.003663914010401567,
            -0.002340374211804016,
            0.015130967442803503,
            0.0011848922340374913
        ],
        [
            0.04641460960510771,
            0.03902611466552521,
            0.004936819250677898,
            -0.06742917328968225,
            0.00869044835180551,
            0.011819689057361754,
            0.11104469798797612,
            0.01723126431236965,
            0.2572044790499116,
            -0.02238826114525977,
            0.5342666688866304,
            0.17002314290315393,
            0.02843714149658414,
            0.0047614284458418095,
            -0.028644807349394494,
            0.0590485878794177,
            0.10381065084266591,
            0.05574071484814722,
            -0.33512204267891965,
            -0.029017124019022282
        ],
        [
            0.030716045166954524,
            0.024088490336736924,
            -0.0037290659725003165,
            0.04611148661753979,
            -0.004807475816505215,
            0.11137503589521112,
            0.073128417144344,
            0.003458155713970708,
            0.05786528425380465,
            -0.006123691597644657,
            0.17002314290315393,
            0.12247739893977436,
            -0.01078977033508497,
            0.03221500841309285,
            0.00676421911600518,
            0.18330710669930936,
            0.1342711642574644,
            0.005749249859650746,
            -0.029323154778678973,
            -0.0029432072279267757
        ],
        [
            -0.002217380878146743,
            -0.00018014338394836416,
            0.001496332154697925,
            -0.018670404734042613,
            0.0021294787807045303,
            -0.023820629964483423,
            -0.0032163359831160884,
            0.0013059792866627572,
            0.021322481822193134,
            -0.0016465615662296425,
            0.02843714149658414,
            -0.01078977033508497,
            0.0073949098358471275,
            -0.014250847985049211,
            -0.005903007495424174,
            -0.048502680319881086,
            -0.02605977277015743,
            0.006529222348580101,
            -0.041162390110437416,
            -0.0033865645931670137
        ],
        [
            0.02994831801440232,
            -0.03278031632606584,
            0.01179001058290545,
            -0.18115445210128925,
            0.021395943718960298,
            -0.25566261041844507,
            -0.05860392297997329,
            0.008968509148484578,
            -0.048509392152772175,
            0.00880995889447531,
            0.0047614284458418095,
            0.03221500841309285,
            -0.014250847985049211,
            0.26651061393248016,
            -0.0035511086754609006,
            0.24864296918144516,
            0.14346391623363466,
            -0.008455086929010036,
            0.07088925756313104,
            0.0032182122638815696
        ],
        [
            -0.0011256593154674777,
            0.0012910163559446642,
            -0.0021060015548443074,
            0.028482454280755614,
            -0.003299620497087661,
            0.03676793771174691,
            0.005514888195675784,
            -0.0018491344406428144,
            -0.01700990208697553,
            0.0009976565787651933,
            -0.028644807349394494,
            0.00676421911600518,
            -0.005903007495424174,
            -0.0035511086754609006,
            0.0056582877563630144,
            0.02801175122626085,
            0.014134427077513447,
            -0.005639831790917364,
            0.03437663676592856,
            0.002996920196501632
        ],
        [
            0.0017707472589262052,
            -0.030762939522322345,
            -0.0035716447090532195,
            0.028700960971266443,
            -0.002423712389306206,
            0.04487747090608841,
            0.03154089482260393,
            0.0015760530760233907,
            -0.0286823242103286,
            0.002530515935433161,
            0.0590485878794177,
            0.18330710669930936,
            -0.048502680319881086,
            0.24864296918144516,
            0.02801175122626085,
            0.5288370507145139,
            0.3297832741321168,
            -0.025704738467979268,
            0.1786323471698636,
            0.012656751107779342
        ],
        [
            -0.029381659399418992,
            -0.03521256819279754,
            -0.002826049675897041,
            0.029381885024506192,
            -0.0027541451004332615,
            0.03778855337361034,
            0.024807384294460652,
            0.0014164519378079183,
            0.03393162115018122,
            -0.003663914010401567,
            0.10381065084266591,
            0.1342711642574644,
            -0.02605977277015743,
            0.14346391623363466,
            0.014134427077513447,
            0.3297832741321168,
            0.2169623925546584,
            -0.00897850651855499,
            0.06764202226142,
            0.004268698676318797
        ],
        [
            0.006775035634210739,
            0.005806081813153454,
            0.0013425288895255272,
            -0.017582156515975788,
            0.0020804461362205146,
            -0.012842496188607723,
            0.007705065249647645,
            0.0022063001208036865,
            0.029115977942600294,
            -0.002340374211804016,
            0.05574071484814722,
            0.005749249859650746,
            0.006529222348580101,
            -0.008455086929010036,
            -0.005639831790917364,
            -0.025704738467979268,
            -0.00897850651855499,
            0.008017366769435496,
            -0.04930654325241148,
            -0.004164197587117944
        ],
        [
            -0.03130795046104071,
            -0.032440600871097756,
            -0.007360050113469162,
            0.09390882323151366,
            -0.011100731079311615,
            0.06481857489637859,
            -0.04659996653706381,
            -0.012487905645775713,
            -0.18296837481009512,
            0.015130967442803503,
            -0.33512204267891965,
            -0.029323154778678973,
            -0.041162390110437416,
            0.07088925756313104,
            0.03437663676592856,
            0.1786323471698636,
            0.06764202226142,
            -0.04930654325241148,
            0.30480816780307723,
            0.025531801430785914
        ],
        [
            -0.0035067819176693,
            -0.00275693185775474,
            -0.0007679063342756827,
            0.010169825171099448,
            -0.0012020164977069134,
            0.008226006307276061,
            -0.0035802314952245425,
            -0.001192052602205596,
            -0.015040345138138293,
            0.0011848922340374913,
            -0.029017124019022282,
            -0.0029432072279267757,
            -0.0033865645931670137,
            0.0032182122638815696,
            0.002996920196501632,
            0.012656751107779342,
            0.004268698676318797,
            -0.004164197587117944,
            0.025531801430785914,
            0.002168675149156694
        ]
    ]
}