{
    "opt_E": -2.134838758466754,
    "HF_E": -2.105647813871073,
    "B3LYP_E": -2.1075002376853593,
    "sto-3G_E": -2.0832629776020646,
    "proj": [
        [
            0.5400303866108253,
            0.3583113474858015,
            0.002801178818483655,
            -0.17977491519745326,
            -0.020190158144347933,
            0.04245525012986743,
            0.17602722278194247,
            -0.00019823004721193795,
            -0.2096656163711539,
            -0.04182210423358002,
            0.046470938462154054,
            0.031465395380837806,
            -0.003188714519183741,
            0.05482183479109549,
            -0.005512296351088449,
            0.004516486152498596,
            -0.038314908783994725,
            0.0031778162129601976,
            -0.032594714890194894,
            0.004759877278941094
        ],
        [
            0.3583113474858015,
            0.24775525692993158,
            0.0015178704456629145,
            -0.08958521145410325,
            -0.009543219680470914,
            0.0769802951329556,
            0.13271991866581292,
            -1.2284213822983882e-05,
            -0.12716424435033444,
            -0.025051891935920938,
            0.049732242197069794,
            0.021153413806550798,
            0.0016847482812829718,
            -0.015949489573424333,
            0.002823172614396407,
            -0.03960857440713663,
            -0.050146631548226885,
            0.004235946268994429,
            -0.0468256461851183,
            0.006908669206733887
        ],
        [
            0.002801178818483655,
            0.0015178704456629145,
            3.775003362474796e-05,
            -0.003116599441826321,
            -0.00040419570086655727,
            -0.003139112509959504,
            -0.00013389088891673114,
            -5.5180958005646976e-05,
            -0.0008817567771175023,
            -0.00045014794260694174,
            -0.0003439338483929937,
            -0.0006632833746430395,
            -0.00011275763271937919,
            0.0023795934246249283,
            -0.00016794138862656586,
            -0.00031342635773842965,
            -0.0005953265327954252,
            4.469707769084656e-05,
            -0.0003794900791071086,
            7.811856387090534e-05
        ],
        [
            -0.17977491519745326,
            -0.08958521145410325,
            -0.003116599441826321,
            0.275649700664728,
            0.0369205578051994,
            0.30276904503941254,
            0.029684907084764216,
            0.007978446113714585,
            0.0009689323294033473,
            0.04092816325578204,
            -0.028874046950918063,
            0.051070772185930625,
            0.009457625227857923,
            -0.2243383503576403,
            0.012957579196876253,
            0.0287338560914795,
            0.04464522432234953,
            -0.008361597882649596,
            0.08075004308043145,
            -0.01494266336283701
        ],
        [
            -0.020190158144347933,
            -0.009543219680470914,
            -0.00040419570086655727,
            0.0369205578051994,
            0.00501651214459855,
            0.04192331565016681,
            0.004955405041794025,
            0.0012587920492606805,
            -0.004576072075978572,
            0.005557067721187076,
            -0.0075076585355447695,
            0.006587713300987241,
            0.0011918059483843006,
            -0.030413804682165844,
            0.0015429571408162887,
            0.0047498331815558825,
            0.006055939494867714,
            -0.0014204448587660894,
            0.014053805215584197,
            -0.0025471300108668785
        ],
        [
            0.04245525012986743,
            0.0769802951329556,
            -0.003139112509959504,
            0.30276904503941254,
            0.04192331565016681,
            0.48944205939368307,
            0.16450511495338352,
            0.008071799973004775,
            -0.05088452857751831,
            0.030876988406400473,
            0.08251441676796847,
            0.12154886284616533,
            0.013475070230896412,
            -0.2981794173453818,
            0.01930788359116256,
            0.05187021580907323,
            0.0558127339143181,
            -0.004335902874068861,
            0.03336516782258081,
            -0.008257444382170857
        ],
        [
            0.17602722278194247,
            0.13271991866581292,
            -0.00013389088891673114,
            0.029684907084764216,
            0.004955405041794025,
            0.16450511495338352,
            0.11528964295170338,
            -0.0003807943907336707,
            -0.030437147307245855,
            -0.008268082410031113,
            0.11084453303151051,
            0.0695092302277249,
            0.0030674247520098273,
            -0.05851653589074523,
            0.004881549628779157,
            0.036777628758132314,
            0.023120516084701392,
            0.003755723623127094,
            -0.04380287731822763,
            0.006303777825660692
        ],
        [
            -0.00019823004721193795,
            -1.2284213822983882e-05,
            -5.5180958005646976e-05,
            0.007978446113714585,
            0.0012587920492606805,
            0.008071799973004775,
            -0.0003807943907336707,
            0.0008931538549719956,
            -0.01388517396972983,
            0.0019343651364758638,
            -0.017218285641894905,
            -0.002364053756951025,
            2.9821165673093376e-05,
            -0.007168201746434206,
            -0.0002444478961842866,
            0.0007721723096479552,
            -0.0002795016569709441,
            -0.0013432411311469251,
            0.014262901801135909,
            -0.002413252948509977
        ],
        [
            -0.2096656163711539,
            -0.12716424435033444,
            -0.0008817567771175023,
            0.0009689323294033473,
            -0.004576072075978572,
            -0.05088452857751831,
            -0.030437147307245855,
            -0.01388517396972983,
            0.3224450654397737,
            -0.009667535449305785,
            0.2989782118827873,
            0.044777881400525764,
            0.005378290436537519,
            0.020551513512793426,
            0.013705569935020114,
            -0.03782296173924825,
            0.01065274300036531,
            0.022448750737285143,
            -0.24246808338584794,
            0.04059950487144161
        ],
        [
            -0.04182210423358002,
            -0.025051891935920938,
            -0.00045014794260694174,
            0.04092816325578204,
            0.005557067721187076,
            0.030876988406400473,
            -0.008268082410031113,
            0.0019343651364758638,
            -0.009667535449305785,
            0.00810075811251073,
            -0.03168219603243735,
            -0.003529841191899287,
            0.0011060829625146856,
            -0.03193836763967707,
            0.0012342505891061164,
            -0.0022194428800214887,
            0.0012871430926770986,
            -0.0026623664850047623,
            0.027536076108868348,
            -0.004729223356186729
        ],
        [
            0.046470938462154054,
            0.049732242197069794,
            -0.0003439338483929937,
            -0.028874046950918063,
            -0.0075076585355447695,
            0.08251441676796847,
            0.11084453303151051,
            -0.017218285641894905,
            0.2989782118827873,
            -0.03168219603243735,
            0.47648820919421986,
            0.14849011196422954,
            0.00386237166925053,
            0.03888331140878588,
            0.011501832425610604,
            0.0741072682903837,
            0.07937269028687409,
            0.028528310237689935,
            -0.30858773181478144,
            0.05099232363100298
        ],
        [
            0.031465395380837806,
            0.021153413806550798,
            -0.0006632833746430395,
            0.051070772185930625,
            0.006587713300987241,
            0.12154886284616533,
            0.0695092302277249,
            -0.002364053756951025,
            0.044777881400525764,
            -0.003529841191899287,
            0.14849011196422954,
            0.11034287656911518,
            -0.0035000205797701624,
            0.024537656667751807,
            -0.006068162155163137,
            0.1803782415102143,
            0.13041126042611118,
            0.0012962370230575435,
            -0.014085339958227987,
            0.0022346244241710188
        ],
        [
            -0.003188714519183741,
            0.0016847482812829718,
            -0.00011275763271937919,
            0.009457625227857923,
            0.0011918059483843006,
            0.013475070230896412,
            0.0030674247520098273,
            2.9821165673093376e-05,
            0.005378290436537519,
            0.0011060829625146856,
            0.00386237166925053,
            -0.0035000205797701624,
            0.00157858710582591,
            -0.02024597295724166,
            0.002727413656628517,
            -0.0224709868804889,
            -0.013670402623608371,
            0.0009007072444168028,
            -0.010553507457904617,
            0.0015977966074692972
        ],
        [
            0.05482183479109549,
            -0.015949489573424333,
            0.0023795934246249283,
            -0.2243383503576403,
            -0.030413804682165844,
            -0.2981794173453818,
            -0.05851653589074523,
            -0.007168201746434206,
            0.020551513512793426,
            -0.03193836763967707,
            0.03888331140878588,
            0.024537656667751807,
            -0.02024597295724166,
            0.3269879173986146,
            -0.03241754876157837,
            0.22369379482707477,
            0.1325108459023021,
            -0.0009248463181744084,
            0.02332502468514909,
            -0.0013890212000857774
        ],
        [
            -0.005512296351088449,
            0.002823172614396407,
            -0.00016794138862656586,
            0.012957579196876253,
            0.0015429571408162887,
            0.01930788359116256,
            0.004881549628779157,
            -0.0002444478961842866,
            0.013705569935020114,
            0.0012342505891061164,
            0.011501832425610604,
            -0.006068162155163137,
            0.002727413656628517,
            -0.03241754876157837,
            0.004816828055746749,
            -0.04032402347180863,
            -0.024447524335405726,
            0.0020102749665890604,
            -0.02304163189238276,
            0.003577113632320952
        ],
        [
            0.004516486152498596,
            -0.03960857440713663,
            -0.00031342635773842965,
            0.0287338560914795,
            0.0047498331815558825,
            0.05187021580907323,
            0.036777628758132314,
            0.0007721723096479552,
            -0.03782296173924825,
            -0.0022194428800214887,
            0.0741072682903837,
            0.1803782415102143,
            -0.0224709868804889,
            0.22369379482707477,
            -0.04032402347180863,
            0.5165795303483831,
            0.3456016002870441,
            -0.015611554860965642,
            0.17650067356621182,
            -0.027813991480866707
        ],
        [
            -0.038314908783994725,
            -0.050146631548226885,
            -0.0005953265327954252,
            0.04464522432234953,
            0.006055939494867714,
            0.0558127339143181,
            0.023120516084701392,
            -0.0002795016569709441,
            0.01065274300036531,
            0.0012871430926770986,
            0.07937269028687409,
            0.13041126042611118,
            -0.013670402623608371,
            0.1325108459023021,
            -0.024447524335405726,
            0.3456016002870441,
            0.2375611078864616,
            -0.008816483591990843,
            0.09967139954532558,
            -0.015641610677018847
        ],
        [
            0.0031778162129601976,
            0.004235946268994429,
            4.469707769084656e-05,
            -0.008361597882649596,
            -0.0014204448587660894,
            -0.004335902874068861,
            0.003755723623127094,
            -0.0013432411311469251,
            0.022448750737285143,
            -0.0026623664850047623,
            0.028528310237689935,
            0.0012962370230575435,
            0.0009007072444168028,
            -0.0009248463181744084,
            0.0020102749665890604,
            -0.015611554860965642,
            -0.008816483591990843,
            0.0026317061549479925,
            -0.0285341021586177,
            0.0047073958623767365
        ],
        [
            -0.032594714890194894,
            -0.0468256461851183,
            -0.0003794900791071086,
            0.08075004308043145,
            0.014053805215584197,
            0.03336516782258081,
            -0.04380287731822763,
            0.014262901801135909,
            -0.24246808338584794,
            0.027536076108868348,
            -0.30858773181478144,
            -0.014085339958227987,
            -0.010553507457904617,
            0.02332502468514909,
            -0.02304163189238276,
            0.17650067356621182,
            0.09967139954532558,
            -0.0285341021586177,
            0.30993068744073216,
            -0.05102751575226447
        ],
        [
            0.004759877278941094,
            0.006908669206733887,
            7.811856387090534e-05,
            -0.01494266336283701,
            -0.0025471300108668785,
            -0.008257444382170857,
            0.006303777825660692,
            -0.002413252948509977,
            0.04059950487144161,
            -0.004729223356186729,
            0.05099232363100298,
            0.0022346244241710188,
            0.0015977966074692972,
            -0.0013890212000857774,
            0.003577113632320952,
            -0.027813991480866707,
            -0.015641610677018847,
            0.0047073958623767365,
            -0.05102751575226447,
            0.008422263709602012
        ]
    ]
}