{
    "opt_E": -2.1854438637881333,
    "HF_E": -2.154930208461222,
    "B3LYP_E": -2.1566217982197413,
    "sto-3G_E": -2.1413449375555658,
    "proj": [
        [
            0.5274855992136138,
            0.3334618292178381,
            -0.01825939734273938,
            -0.18061963103961035,
            0.01205460067741227,
            0.059051114167384386,
            0.1826117735514353,
            -0.0398225460081913,
            -0.24567719944204724,
            0.010031620590703165,
            0.04757014101806661,
            0.032944830256387204,
            0.0026465271463213943,
            0.030276838427184528,
            0.0008593353541411894,
            -0.002556697042259072,
            -0.032486739830457904,
            -0.007632290501240804,
            -0.02514229256355426,
            -0.006535288001194427
        ],
        [
            0.3334618292178381,
            0.22086674324719888,
            -0.006140114232647544,
            -0.07041698967007576,
            0.005151578308748892,
            0.10261618376156378,
            0.1333657839271223,
            -0.021687132015101394,
            -0.14711910277129298,
            0.006280529017880705,
            0.035593614820117,
            0.02504163328434655,
            0.0026581050695454163,
            -0.028264075197082655,
            0.0036092114673410935,
            -0.02927886611049663,
            -0.035989502206492385,
            -0.005370088055419811,
            -0.021940155262182223,
            -0.004367766275862566
        ],
        [
            -0.01825939734273938,
            -0.006140114232647544,
            0.004518372843600508,
            0.0371461409678865,
            -0.002112593959692286,
            0.042359230820538295,
            0.004758488806503134,
            0.004367592817057094,
            0.006604904774822365,
            0.0006368447821184621,
            -0.008028199771911765,
            0.005155993959539701,
            0.003821098281706422,
            -0.024175733686619988,
            0.005148221263613916,
            0.004894311370515507,
            0.0036809009782014807,
            0.0025330860208747173,
            0.00983126386736611,
            0.0023058466627130657
        ],
        [
            -0.18061963103961035,
            -0.07041698967007576,
            0.0371461409678865,
            0.30769916423766175,
            -0.01763785462509506,
            0.33409400815362716,
            0.026662493869136477,
            0.037111647592179366,
            0.07311799365649457,
            0.003838200180903447,
            -0.061087623717330904,
            0.037971927103076446,
            0.028749225838942634,
            -0.19886853905314708,
            0.039503430445351116,
            0.02870239865986129,
            0.02596963570890586,
            0.019344811362241733,
            0.07338735982137164,
            0.01766458203102939
        ],
        [
            0.01205460067741227,
            0.005151578308748892,
            -0.002112593959692286,
            -0.01763785462509506,
            0.0010214601141242516,
            -0.018052627112003738,
            -0.0005773159761452743,
            -0.002229914154125986,
            -0.004866774426512183,
            -0.0001954126493118769,
            0.004071536304011793,
            -0.001385558132214743,
            -0.001465511989635391,
            0.011593363408113228,
            -0.002084195029735972,
            -0.0002653470858547859,
            -0.0006445964816711591,
            -0.001078074429562422,
            -0.00400846376539371,
            -0.0009848772870213595
        ],
        [
            0.059051114167384386,
            0.10261618376156378,
            0.042359230820538295,
            0.33409400815362716,
            -0.018052627112003738,
            0.5290952361643033,
            0.16646005980631737,
            0.025039285901958943,
            -0.0016132113061848705,
            0.005589353952489045,
            0.020987171822945044,
            0.10290761951199029,
            0.03756192699790788,
            -0.2704240548975259,
            0.05130051811052551,
            0.037992338258018295,
            0.030122764492380084,
            0.013621348544785408,
            0.045969451517418804,
            0.01325904970840609
        ],
        [
            0.1826117735514353,
            0.1333657839271223,
            0.004758488806503134,
            0.026662493869136477,
            -0.0005773159761452743,
            0.16646005980631737,
            0.12212606250400841,
            -0.011735124379081712,
            -0.029056743357505566,
            -0.002601216676288042,
            0.1194069496680866,
            0.07730560910746229,
            0.005747774134136433,
            -0.05228958914138258,
            0.00754672404148587,
            0.027608371149211882,
            0.025690762802897605,
            -0.009647207237087395,
            -0.04483995141163837,
            -0.007868264066456665
        ],
        [
            -0.0398225460081913,
            -0.021687132015101394,
            0.004367592817057094,
            0.037111647592179366,
            -0.002229914154125986,
            0.025039285901958943,
            -0.011735124379081712,
            0.0068402373908091835,
            0.002382374994516014,
            0.0021215326125677957,
            -0.037289343149757584,
            -0.008726245435258502,
            0.004426268662196816,
            -0.02034638222019229,
            0.005802844790548005,
            0.0014824761437967281,
            -0.0019361041329925104,
            0.005588023755714847,
            0.023793958827190386,
            0.0048883523140888655
        ],
        [
            -0.24567719944204724,
            -0.14711910277129298,
            0.006604904774822365,
            0.07311799365649457,
            -0.004866774426512183,
            -0.0016132113061848705,
            -0.029056743357505566,
            0.002382374994516014,
            0.26491874742960775,
            -0.02647466804223312,
            0.26043412940980293,
            0.06938056147967288,
            -0.02599188403031196,
            -0.030340460379610093,
            -0.027489467259402076,
            -0.04753013361093848,
            0.03205092387374813,
            -0.0333191405170177,
            -0.15990032113472166,
            -0.028502851840676188
        ],
        [
            0.010031620590703165,
            0.006280529017880705,
            0.0006368447821184621,
            0.003838200180903447,
            -0.0001954126493118769,
            0.005589353952489045,
            -0.002601216676288042,
            0.0021215326125677957,
            -0.02647466804223312,
            0.003486933206896823,
            -0.040931687679230375,
            -0.011004513093091119,
            0.00411596167441233,
            -0.002216440570768094,
            0.004675355742332467,
            0.005763646651213273,
            -0.003882410638809535,
            0.005455729455775221,
            0.0252148532358857,
            0.004694970383292583
        ],
        [
            0.04757014101806661,
            0.035593614820117,
            -0.008028199771911765,
            -0.061087623717330904,
            0.004071536304011793,
            0.020987171822945044,
            0.1194069496680866,
            -0.037289343149757584,
            0.26043412940980293,
            -0.040931687679230375,
            0.5563391126708462,
            0.1927877065460074,
            -0.039603084361644385,
            0.033147028278345834,
            -0.04651667101020069,
            0.007854427611562452,
            0.09413082566596956,
            -0.06756841982793518,
            -0.3082877644891184,
            -0.058016091065632
        ],
        [
            0.032944830256387204,
            0.02504163328434655,
            0.005155993959539701,
            0.037971927103076446,
            -0.001385558132214743,
            0.10290761951199029,
            0.07730560910746229,
            -0.008726245435258502,
            0.06938056147967288,
            -0.011004513093091119,
            0.1927877065460074,
            0.13107390473999525,
            0.010376711435051424,
            0.030081720495756234,
            0.008558052070214737,
            0.171677609934946,
            0.1382276975553364,
            -0.01094862727174392,
            -0.04576255420219316,
            -0.009304157326291886
        ],
        [
            0.0026465271463213943,
            0.0026581050695454163,
            0.003821098281706422,
            0.028749225838942634,
            -0.001465511989635391,
            0.03756192699790788,
            0.005747774134136433,
            0.004426268662196816,
            -0.02599188403031196,
            0.00411596167441233,
            -0.039603084361644385,
            0.010376711435051424,
            0.011883540540391303,
            0.002099428077849119,
            0.012702745917700263,
            0.06105429154248582,
            0.03186749843112272,
            0.00946872813121924,
            0.04458013263440434,
            0.008178189371422362
        ],
        [
            0.030276838427184528,
            -0.028264075197082655,
            -0.024175733686619988,
            -0.19886853905314708,
            0.011593363408113228,
            -0.2704240548975259,
            -0.05228958914138258,
            -0.02034638222019229,
            -0.030340460379610093,
            -0.002216440570768094,
            0.033147028278345834,
            0.030081720495756234,
            0.002099428077849119,
            0.24398335154447667,
            -0.008565389136895534,
            0.2124613552408797,
            0.13217413368732253,
            0.0009755280701835376,
            0.02402727777314502,
            -0.00024720052906004197
        ],
        [
            0.0008593353541411894,
            0.0036092114673410935,
            0.005148221263613916,
            0.039503430445351116,
            -0.002084195029735972,
            0.05130051811052551,
            0.00754672404148587,
            0.005802844790548005,
            -0.027489467259402076,
            0.004675355742332467,
            -0.04651667101020069,
            0.008558052070214737,
            0.012702745917700263,
            -0.008565389136895534,
            0.014072116529601907,
            0.05533292921749583,
            0.027469604249478988,
            0.010362391233947279,
            0.04788199582834039,
            0.00899531488507888
        ],
        [
            -0.002556697042259072,
            -0.02927886611049663,
            0.004894311370515507,
            0.02870239865986129,
            -0.0002653470858547859,
            0.037992338258018295,
            0.027608371149211882,
            0.0014824761437967281,
            -0.04753013361093848,
            0.005763646651213273,
            0.007854427611562452,
            0.171677609934946,
            0.06105429154248582,
            0.2124613552408797,
            0.05533292921749583,
            0.564184430752635,
            0.35437556206352355,
            0.03340188700686794,
            0.17525424279991758,
            0.028154775658848805
        ],
        [
            -0.032486739830457904,
            -0.035989502206492385,
            0.0036809009782014807,
            0.02596963570890586,
            -0.0006445964816711591,
            0.030122764492380084,
            0.025690762802897605,
            -0.0019361041329925104,
            0.03205092387374813,
            -0.003882410638809535,
            0.09413082566596956,
            0.1382276975553364,
            0.03186749843112272,
            0.13217413368732253,
            0.027469604249478988,
            0.35437556206352355,
            0.2398282891557684,
            0.010387564159493913,
            0.060716198487445174,
            0.008611508727186476
        ],
        [
            -0.007632290501240804,
            -0.005370088055419811,
            0.0025330860208747173,
            0.019344811362241733,
            -0.001078074429562422,
            0.013621348544785408,
            -0.009647207237087395,
            0.005588023755714847,
            -0.0333191405170177,
            0.005455729455775221,
            -0.06756841982793518,
            -0.01094862727174392,
            0.00946872813121924,
            0.0009755280701835376,
            0.010362391233947279,
            0.03340188700686794,
            0.010387564159493913,
            0.01068441326926881,
            0.04960136324515925,
            0.00918511422529164
        ],
        [
            -0.02514229256355426,
            -0.021940155262182223,
            0.00983126386736611,
            0.07338735982137164,
            -0.00400846376539371,
            0.045969451517418804,
            -0.04483995141163837,
            0.023793958827190386,
            -0.15990032113472166,
            0.0252148532358857,
            -0.3082877644891184,
            -0.04576255420219316,
            0.04458013263440434,
            0.02402727777314502,
            0.04788199582834039,
            0.17525424279991758,
            0.060716198487445174,
            0.04960136324515925,
            0.23199069302077377,
            0.04256138760428103
        ],
        [
            -0.006535288001194427,
            -0.004367766275862566,
            0.0023058466627130657,
            0.01766458203102939,
            -0.0009848772870213595,
            0.01325904970840609,
            -0.007868264066456665,
            0.0048883523140888655,
            -0.028502851840676188,
            0.004694970383292583,
            -0.058016091065632,
            -0.009304157326291886,
            0.008178189371422362,
            -0.00024720052906004197,
            0.00899531488507888,
            0.028154775658848805,
            0.008611508727186476,
            0.00918511422529164,
            0.04256138760428103,
            0.007901591424416852
        ]
    ]
}