{
    "opt_E": -2.1989195999711146,
    "HF_E": -2.1664530133048463,
    "B3LYP_E": -2.169258767330271,
    "sto-3G_E": -2.1500373885961346,
    "proj": [
        [
            0.5886403384208335,
            0.36903917037863454,
            0.015560439504589784,
            -0.17084086778229898,
            0.008525624777294379,
            -0.024913184854630552,
            0.1603896741540807,
            0.036201410251609945,
            -0.1983635989295244,
            0.025433369176537858,
            0.046427999277154255,
            0.019205454506539335,
            0.007076385621999574,
            0.06609380011651748,
            -0.002246537297701085,
            -0.0018142321392237756,
            -0.03082756490206479,
            -0.0032631358790221406,
            -0.028052643181758104,
            0.0100690191051345
        ],
        [
            0.36903917037863454,
            0.25445263649656924,
            0.0037016647038505294,
            -0.05117257442452833,
            0.0014117829808142231,
            0.09300433960165459,
            0.13904321176256904,
            0.015555865682248848,
            -0.13602198796235326,
            0.012123877515912323,
            0.020233975732867518,
            0.021164334867296682,
            -0.003189116272078825,
            -0.02573024483498787,
            -0.005741362025296195,
            -0.02819540301054469,
            -0.038619328904294106,
            -0.0011053198633280972,
            -0.012035333375160422,
            0.0036677432976926373
        ],
        [
            0.015560439504589784,
            0.0037016647038505294,
            0.002186783293558792,
            -0.02074524102240727,
            0.0013516257462104484,
            -0.03164047431886561,
            -0.006468333440349892,
            0.003232993399735967,
            0.0006761926313583523,
            0.0019350841893554561,
            0.006976563717941654,
            -0.003971968689246399,
            0.001855157971714118,
            0.017366397412807003,
            0.002787774845126912,
            -0.0026479631426966957,
            -0.0013913158735100002,
            -0.0009250009899779596,
            -0.006658733424175039,
            0.0022295533370210873
        ],
        [
            -0.17084086778229898,
            -0.05117257442452833,
            -0.02074524102240727,
            0.1985191407262202,
            -0.01288669879041378,
            0.2943653860458111,
            0.05553768505418389,
            -0.030268412032357934,
            0.012707711318350589,
            -0.018004359700301377,
            -0.04846587530342027,
            0.04089030015197951,
            -0.017753500317874878,
            -0.16405567023914405,
            -0.023690590665883,
            0.02004020085225011,
            0.014464031959853935,
            0.007365481888104917,
            0.052643188498677426,
            -0.01795453579240473
        ],
        [
            0.008525624777294379,
            0.0014117829808142231,
            0.0013516257462104484,
            -0.01288669879041378,
            0.0008617324993891195,
            -0.020814114004345508,
            -0.005342266306792825,
            0.0017535472687125822,
            -0.0009772596817142103,
            0.000979280750513008,
            0.00071101428313686,
            -0.003832591905747343,
            0.001229819004322036,
            0.01111691057421777,
            0.001489702102770636,
            -0.001276594914828814,
            -0.0011681451085361104,
            -0.00033928936298948504,
            -0.00231501248495535,
            0.0008247276416595765
        ],
        [
            -0.024913184854630552,
            0.09300433960165459,
            -0.03164047431886561,
            0.2943653860458111,
            -0.020814114004345508,
            0.5685765242164944,
            0.20948102230623133,
            -0.03402612348113117,
            -0.03252525013572352,
            -0.016707572370441515,
            0.01915937263702863,
            0.12074459526058968,
            -0.03161873355164236,
            -0.28293086936265227,
            -0.040341974794734344,
            0.03437398290905548,
            0.02485856622541958,
            0.0067774625607687055,
            0.04297086864779388,
            -0.015778617025788068
        ],
        [
            0.1603896741540807,
            0.13904321176256904,
            -0.006468333440349892,
            0.05553768505418389,
            -0.005342266306792825,
            0.20948102230623133,
            0.1412439639541842,
            0.004149323475495779,
            -0.022478395583881563,
            0.006458227536671681,
            0.11251967620237668,
            0.08638915460489677,
            -0.009521426306761388,
            -0.07653093342616124,
            -0.010313757818245577,
            0.02417938047286729,
            0.023685391770698543,
            -0.003951602631161385,
            -0.034462866760173225,
            0.010402165595867739
        ],
        [
            0.036201410251609945,
            0.015555865682248848,
            0.003232993399735967,
            -0.030268412032357934,
            0.0017535472687125822,
            -0.03402612348113117,
            0.004149323475495779,
            0.007100457405229843,
            0.012013779865465132,
            0.004923156887471574,
            0.04309418078700812,
            0.008036824379540546,
            0.0021247965451686624,
            0.02317342365083828,
            0.005623141189940243,
            -0.003443893883052042,
            0.0029433162727485773,
            -0.0033360828878629613,
            -0.025158669504522967,
            0.0080495305225658
        ],
        [
            -0.1983635989295244,
            -0.13602198796235326,
            0.0006761926313583523,
            0.012707711318350589,
            -0.0009772596817142103,
            -0.03252525013572352,
            -0.022478395583881563,
            0.012013779865465132,
            0.23254755665091062,
            0.010329963289648381,
            0.2832713723522305,
            0.07099328538913391,
            -0.0032299756430292227,
            0.0023639342367364593,
            0.03498857094753005,
            -0.05993855841697971,
            0.022607941780688357,
            -0.02103224623895485,
            -0.15880911799920167,
            0.04850366374826527
        ],
        [
            0.025433369176537858,
            0.012123877515912323,
            0.0019350841893554561,
            -0.018004359700301377,
            0.000979280750513008,
            -0.016707572370441515,
            0.006458227536671681,
            0.004923156887471574,
            0.010329963289648381,
            0.0035470101647962922,
            0.03532346625993223,
            0.009154426881208879,
            0.0011467588383762101,
            0.013559656982699399,
            0.003665040196303639,
            -0.0008500897262306254,
            0.0039102361404839015,
            -0.002532169669981919,
            -0.019230051466483964,
            0.006127346283384731
        ],
        [
            0.046427999277154255,
            0.020233975732867518,
            0.006976563717941654,
            -0.04846587530342027,
            0.00071101428313686,
            0.01915937263702863,
            0.11251967620237668,
            0.04309418078700812,
            0.2832713723522305,
            0.03532346625993223,
            0.5745509183997027,
            0.1972989588166008,
            -0.0018242703495468466,
            0.03858194502582648,
            0.04515481571750625,
            -0.01342336311180212,
            0.08629709431355086,
            -0.03775851130877848,
            -0.2889391477899726,
            0.09003966352270612
        ],
        [
            0.019205454506539335,
            0.021164334867296682,
            -0.003971968689246399,
            0.04089030015197951,
            -0.003832591905747343,
            0.12074459526058968,
            0.08638915460489677,
            0.008036824379540546,
            0.07099328538913391,
            0.009154426881208879,
            0.1972989588166008,
            0.13879000860865007,
            0.0012246833835838243,
            0.018248096098243606,
            -0.014867904970695083,
            0.16841949081071475,
            0.1401572546984187,
            -0.005551256067549895,
            -0.04478460062437005,
            0.015786488587731545
        ],
        [
            0.007076385621999574,
            -0.003189116272078825,
            0.001855157971714118,
            -0.017753500317874878,
            0.001229819004322036,
            -0.03161873355164236,
            -0.009521426306761388,
            0.0021247965451686624,
            -0.0032299756430292227,
            0.0011467588383762101,
            -0.0018242703495468466,
            0.0012246833835838243,
            0.0031874386414979146,
            0.026542999574417716,
            -0.0015895116497208802,
            0.02618888956980612,
            0.016175175359888154,
            0.0006551716299476602,
            0.005394427773192611,
            -0.001148647320660441
        ],
        [
            0.06609380011651748,
            -0.02573024483498787,
            0.017366397412807003,
            -0.16405567023914405,
            0.01111691057421777,
            -0.28293086936265227,
            -0.07653093342616124,
            0.02317342365083828,
            0.0023639342367364593,
            0.013559656982699399,
            0.03858194502582648,
            0.018248096098243606,
            0.026542999574417716,
            0.22766513430637278,
            -0.004661299992494876,
            0.19427778201378712,
            0.12818541674003034,
            0.0008776673234065464,
            0.010271862364353743,
            0.0010328692337800453
        ],
        [
            -0.002246537297701085,
            -0.005741362025296195,
            0.002787774845126912,
            -0.023690590665883,
            0.001489702102770636,
            -0.040341974794734344,
            -0.010313757818245577,
            0.005623141189940243,
            0.03498857094753005,
            0.003665040196303639,
            0.04515481571750625,
            -0.014867904970695083,
            -0.0015895116497208802,
            -0.004661299992494876,
            0.01668852066660642,
            -0.0792510526357318,
            -0.04291869423331407,
            -0.006202315424585185,
            -0.046547520992710825,
            0.013620484364516378
        ],
        [
            -0.0018142321392237756,
            -0.02819540301054469,
            -0.0026479631426966957,
            0.02004020085225011,
            -0.001276594914828814,
            0.03437398290905548,
            0.02417938047286729,
            -0.003443893883052042,
            -0.05993855841697971,
            -0.0008500897262306254,
            -0.01342336311180212,
            0.16841949081071475,
            0.02618888956980612,
            0.19427778201378712,
            -0.0792510526357318,
            0.5770905476326145,
            0.368412330278162,
            0.021440667989811427,
            0.16190717646254607,
            -0.04266216915586021
        ],
        [
            -0.03082756490206479,
            -0.038619328904294106,
            -0.0013913158735100002,
            0.014464031959853935,
            -0.0011681451085361104,
            0.02485856622541958,
            0.023685391770698543,
            0.0029433162727485773,
            0.022607941780688357,
            0.0039102361404839015,
            0.08629709431355086,
            0.1401572546984187,
            0.016175175359888154,
            0.12818541674003034,
            -0.04291869423331407,
            0.368412330278162,
            0.25325576276605105,
            0.007519170747515969,
            0.05637920284579011,
            -0.012639999461021914
        ],
        [
            -0.0032631358790221406,
            -0.0011053198633280972,
            -0.0009250009899779596,
            0.007365481888104917,
            -0.00033928936298948504,
            0.0067774625607687055,
            -0.003951602631161385,
            -0.0033360828878629613,
            -0.02103224623895485,
            -0.002532169669981919,
            -0.03775851130877848,
            -0.005551256067549895,
            0.0006551716299476602,
            0.0008776673234065464,
            -0.006202315424585185,
            0.021440667989811427,
            0.007519170747515969,
            0.003295847245530075,
            0.02503767557188375,
            -0.0075586141375026325
        ],
        [
            -0.028052643181758104,
            -0.012035333375160422,
            -0.006658733424175039,
            0.052643188498677426,
            -0.00231501248495535,
            0.04297086864779388,
            -0.034462866760173225,
            -0.025158669504522967,
            -0.15880911799920167,
            -0.019230051466483964,
            -0.2889391477899726,
            -0.04478460062437005,
            0.005394427773192611,
            0.010271862364353743,
            -0.046547520992710825,
            0.16190717646254607,
            0.05637920284579011,
            0.02503767557188375,
            0.190359091850903,
            -0.057447564146942305
        ],
        [
            0.0100690191051345,
            0.0036677432976926373,
            0.0022295533370210873,
            -0.01795453579240473,
            0.0008247276416595765,
            -0.015778617025788068,
            0.010402165595867739,
            0.0080495305225658,
            0.04850366374826527,
            0.006127346283384731,
            0.09003966352270612,
            0.015786488587731545,
            -0.001148647320660441,
            0.0010328692337800453,
            0.013620484364516378,
            -0.04266216915586021,
            -0.012639999461021914,
            -0.0075586141375026325,
            -0.057447564146942305,
            0.017440586053884596
        ]
    ]
}