{
    "opt_E": -2.2210563071678595,
    "HF_E": -2.188778700588718,
    "B3LYP_E": -2.191522684425193,
    "sto-3G_E": -2.1730232692535116,
    "proj": [
        [
            0.589929060738243,
            0.3638939502503678,
            -0.0073536816477001625,
            -0.15853121447330587,
            -0.050338086381291496,
            -0.02781583221708003,
            0.1576506150603916,
            -0.01712156019028227,
            -0.20945520288279812,
            -0.0918234780460319,
            0.01894388308912304,
            0.02646791154525436,
            -0.006017661807827692,
            0.03988798504036251,
            -0.009507756965577012,
            -0.0006015407028630423,
            -0.02570886825713772,
            -0.00026222272634277374,
            -0.00835597680185337,
            -0.00647399395640166
        ],
        [
            0.3638939502503678,
            0.24895973852559222,
            -0.001452018229663573,
            -0.04319205006074275,
            -0.011618348607617084,
            0.10147324184970696,
            0.1431924750363994,
            -0.006511674109971254,
            -0.1275523796461224,
            -0.04372778182419766,
            0.010733460211360383,
            0.027861674718600935,
            0.0029187790182728154,
            -0.02919499565459033,
            0.006655618476734067,
            -0.026312123476314057,
            -0.03158820679368685,
            0.0002139300761332044,
            -0.006477158346185381,
            -0.001874049897079646
        ],
        [
            -0.0073536816477001625,
            -0.001452018229663573,
            0.0005575021449528817,
            0.009622574450588827,
            0.003454304388737989,
            0.016495189015682452,
            0.0036515589142031716,
            0.0010808734498862743,
            0.0006246772137006565,
            0.0036822066027683157,
            -0.005590178864555549,
            0.0005376218098498082,
            0.0010009412432619728,
            -0.006018786500824671,
            0.0032265713519679996,
            0.001216280583653974,
            0.00013145061905337182,
            -7.090374970810558e-05,
            0.00348795431165063,
            0.001758648845808312
        ],
        [
            -0.15853121447330587,
            -0.04319205006074275,
            0.009622574450588827,
            0.17338732412595326,
            0.06089865812791244,
            0.2889363376550421,
            0.06421793446882364,
            0.01633962026695079,
            0.04421593695840138,
            0.06058511325278463,
            -0.040365722754056435,
            0.02678709914480505,
            0.017107159527405193,
            -0.11266520095043414,
            0.04755794518449953,
            0.007450726540467455,
            0.006140391061090244,
            -0.00021857142084686406,
            0.03126659317810257,
            0.018942428435392445
        ],
        [
            -0.050338086381291496,
            -0.011618348607617084,
            0.003454304388737989,
            0.06089865812791244,
            0.02162809585039704,
            0.10339252840033228,
            0.02330690168897556,
            0.006262236898235213,
            0.009607434518353266,
            0.022171132434407086,
            -0.024356380311607348,
            0.006741298783264805,
            0.0061822892455044125,
            -0.03887958185770543,
            0.01861043183913978,
            0.00539262520064449,
            0.0016862478416515005,
            -0.00025898813051105155,
            0.01641342805501446,
            0.008846965195069086
        ],
        [
            -0.02781583221708003,
            0.10147324184970696,
            0.016495189015682452,
            0.2889363376550421,
            0.10339252840033228,
            0.6124387316540433,
            0.2332167939582006,
            0.022994542828441267,
            0.005242514879328338,
            0.07418394113048228,
            -0.019943749465161063,
            0.09521672012429437,
            0.03312321560926295,
            -0.22335609303386272,
            0.09155708260027094,
            0.017231723064351695,
            0.011413071330857432,
            0.00022961447296754572,
            0.037436183323378266,
            0.027030293709252865
        ],
        [
            0.1576506150603916,
            0.1431924750363994,
            0.0036515589142031716,
            0.06421793446882364,
            0.02330690168897556,
            0.2332167939582006,
            0.1531082031912016,
            -0.0013039556810787013,
            -0.022610494773178173,
            -0.010460266406004809,
            0.09393807787754131,
            0.08852432478996691,
            0.009810662732399328,
            -0.07000724529116731,
            0.02530616426689976,
            0.027265873166544462,
            0.028452383305996184,
            0.001247222347773888,
            -0.02659781336368766,
            -0.007403862970058875
        ],
        [
            -0.01712156019028227,
            -0.006511674109971254,
            0.0010808734498862743,
            0.01633962026695079,
            0.006262236898235213,
            0.022994542828441267,
            -0.0013039556810787013,
            0.0033310293195919194,
            -0.007472066032506987,
            0.010190932127026655,
            -0.036367062509694036,
            -0.010062940732487058,
            0.0018102205518891216,
            -0.007613542077516049,
            0.008293282997721361,
            0.0039030723521498592,
            -0.003574603642002934,
            -0.0005412033932642591,
            0.0184574979984781,
            0.008003074915672261
        ],
        [
            -0.20945520288279812,
            -0.1275523796461224,
            0.0006246772137006565,
            0.04421593695840138,
            0.009607434518353266,
            0.005242514879328338,
            -0.022610494773178173,
            -0.007472066032506987,
            0.16319611560427144,
            -0.0008545976830028384,
            0.2241318707697007,
            0.06906190458322528,
            -0.0008516851775550979,
            -0.02923528523714141,
            -0.031096793031404755,
            -0.03856769570915034,
            0.02913131644009608,
            0.003920158007142709,
            -0.11239238696315328,
            -0.0443670174825999
        ],
        [
            -0.0918234780460319,
            -0.04372778182419766,
            0.0036822066027683157,
            0.06058511325278463,
            0.022171132434407086,
            0.07418394113048228,
            -0.010460266406004809,
            0.010190932127026655,
            -0.0008545976830028384,
            0.03455104710100158,
            -0.09150970599177703,
            -0.024483603202446778,
            0.0057777103029199636,
            -0.02752075999898385,
            0.023523672698977368,
            0.010367121310572262,
            -0.006190150990630593,
            -0.0013063030394708474,
            0.047094221906530585,
            0.020921065599954207
        ],
        [
            0.01894388308912304,
            0.010733460211360383,
            -0.005590178864555549,
            -0.040365722754056435,
            -0.024356380311607348,
            -0.019943749465161063,
            0.09393807787754131,
            -0.036367062509694036,
            0.2241318707697007,
            -0.09150970599177703,
            0.6114508187363134,
            0.22993930998329618,
            -0.009265532682097915,
            -0.006606120295602833,
            -0.07924410844881853,
            -0.02258660043899919,
            0.1019198865423825,
            0.009310640343427263,
            -0.2859313879944599,
            -0.11693798004636721
        ],
        [
            0.02646791154525436,
            0.027861674718600935,
            0.0005376218098498082,
            0.02678709914480505,
            0.006741298783264805,
            0.09521672012429437,
            0.08852432478996691,
            -0.010062940732487058,
            0.06906190458322528,
            -0.024483603202446778,
            0.22993930998329618,
            0.15135358178812672,
            0.00019668166970150645,
            0.02206980943755814,
            0.012343476532581932,
            0.15967551871963423,
            0.14264283740461653,
            0.001917312467723309,
            -0.06174634187927886,
            -0.025718336246522706
        ],
        [
            -0.006017661807827692,
            0.0029187790182728154,
            0.0010009412432619728,
            0.017107159527405193,
            0.0061822892455044125,
            0.03312321560926295,
            0.009810662732399328,
            0.0018102205518891216,
            -0.0008516851775550979,
            0.0057777103029199636,
            -0.009265532682097915,
            0.00019668166970150645,
            0.001990948848332655,
            -0.01427261466444979,
            0.005026681997197999,
            -0.004646438570364545,
            -0.004203163063575835,
            -5.002876246980969e-05,
            0.004373742235177313,
            0.0025185912123945396
        ],
        [
            0.03988798504036251,
            -0.02919499565459033,
            -0.006018786500824671,
            -0.11266520095043414,
            -0.03887958185770543,
            -0.22335609303386272,
            -0.07000724529116731,
            -0.007613542077516049,
            -0.02923528523714141,
            -0.02752075999898385,
            -0.006606120295602833,
            0.02206980943755814,
            -0.01427261466444979,
            0.16270344822841457,
            0.0038309393893133327,
            0.20994060422099575,
            0.12639078140413004,
            -0.0024773055999505874,
            0.04636710839689642,
            0.011510402490582928
        ],
        [
            -0.009507756965577012,
            0.006655618476734067,
            0.0032265713519679996,
            0.04755794518449953,
            0.01861043183913978,
            0.09155708260027094,
            0.02530616426689976,
            0.008293282997721361,
            -0.031096793031404755,
            0.023523672698977368,
            -0.07924410844881853,
            0.012343476532581932,
            0.005026681997197999,
            0.0038309393893133327,
            0.039233209695460444,
            0.10217394225052336,
            0.04940133721626289,
            -0.002093945783572425,
            0.06514206947328485,
            0.026994173485134144
        ],
        [
            -0.0006015407028630423,
            -0.026312123476314057,
            0.001216280583653974,
            0.007450726540467455,
            0.00539262520064449,
            0.017231723064351695,
            0.027265873166544462,
            0.0039030723521498592,
            -0.03856769570915034,
            0.010367121310572262,
            -0.02258660043899919,
            0.15967551871963423,
            -0.004646438570364545,
            0.20994060422099575,
            0.10217394225052336,
            0.5872740317049413,
            0.36154212460438795,
            -0.006184765743046739,
            0.15657134180692162,
            0.05608752932184114
        ],
        [
            -0.02570886825713772,
            -0.03158820679368685,
            0.00013145061905337182,
            0.006140391061090244,
            0.0016862478416515005,
            0.011413071330857432,
            0.028452383305996184,
            -0.003574603642002934,
            0.02913131644009608,
            -0.006190150990630593,
            0.1019198865423825,
            0.14264283740461653,
            -0.004203163063575835,
            0.12639078140413004,
            0.04940133721626289,
            0.36154212460438795,
            0.24598273814625018,
            -0.002056018444138348,
            0.04339165697515637,
            0.013006827127965692
        ],
        [
            -0.00026222272634277374,
            0.0002139300761332044,
            -7.090374970810558e-05,
            -0.00021857142084686406,
            -0.00025898813051105155,
            0.00022961447296754572,
            0.001247222347773888,
            -0.0005412033932642591,
            0.003920158007142709,
            -0.0013063030394708474,
            0.009310640343427263,
            0.001917312467723309,
            -5.002876246980969e-05,
            -0.0024773055999505874,
            -0.002093945783572425,
            -0.006184765743046739,
            -0.002056018444138348,
            0.00020120145928652068,
            -0.005782113808560185,
            -0.0022697303878500526
        ],
        [
            -0.00835597680185337,
            -0.006477158346185381,
            0.00348795431165063,
            0.03126659317810257,
            0.01641342805501446,
            0.037436183323378266,
            -0.02659781336368766,
            0.0184574979984781,
            -0.11239238696315328,
            0.047094221906530585,
            -0.2859313879944599,
            -0.06174634187927886,
            0.004373742235177313,
            0.04636710839689642,
            0.06514206947328485,
            0.15657134180692162,
            0.04339165697515637,
            -0.005782113808560185,
            0.17100872755606672,
            0.06842181344034705
        ],
        [
            -0.00647399395640166,
            -0.001874049897079646,
            0.001758648845808312,
            0.018942428435392445,
            0.008846965195069086,
            0.027030293709252865,
            -0.007403862970058875,
            0.008003074915672261,
            -0.0443670174825999,
            0.020921065599954207,
            -0.11693798004636721,
            -0.025718336246522706,
            0.0025185912123945396,
            0.011510402490582928,
            0.026994173485134144,
            0.05608752932184114,
            0.013006827127965692,
            -0.0022697303878500526,
            0.06842181344034705,
            0.027714445581559787
        ]
    ]
}