{
    "opt_E": -2.1958198246091998,
    "HF_E": -2.1647875102360667,
    "B3LYP_E": -2.16700649282476,
    "sto-3G_E": -2.143114953618841,
    "proj": [
        [
            0.5562313821385133,
            0.3426979325790625,
            -0.01853875441098963,
            -0.18348533938543868,
            -8.204595117501492e-05,
            0.026947972787192204,
            0.16834506913144193,
            -0.0446682030360469,
            -0.2441056414214536,
            -0.019164120330906923,
            0.03327528277183495,
            0.03352551299973993,
            -0.006589872866272924,
            0.030591125343723068,
            -0.005887413472390637,
            -0.001543990588944124,
            -0.028907124116493734,
            -0.006216875957085127,
            -0.013098612760624158,
            -0.008713596198225542
        ],
        [
            0.3426979325790625,
            0.22837080632311993,
            -0.004053301193053781,
            -0.05602824858454486,
            0.001545177379886905,
            0.11030939470457107,
            0.13339252946979485,
            -0.0185580151898153,
            -0.14578980919308346,
            -0.004672761276196161,
            0.017968120824448746,
            0.02655954529425058,
            0.008234884808426957,
            -0.03169488460835425,
            0.011369270610139665,
            -0.025609288912266426,
            -0.03243368471294088,
            -0.0013855960832456179,
            -0.009571033281673243,
            -0.001971754250763274
        ],
        [
            -0.01853875441098963,
            -0.004053301193053781,
            0.004171472644427334,
            0.032692404584338454,
            0.0008355619559139016,
            0.04192202400630262,
            0.00740886109989243,
            0.00719431864012281,
            0.006052117282149922,
            0.005932194878435154,
            -0.011356309827706891,
            0.001744107613425621,
            0.008059032332777284,
            -0.020065197508849053,
            0.010201526748669216,
            0.0017932255779363811,
            0.0008776908018439123,
            0.0030143889037220956,
            0.007285184243049382,
            0.004330736539399817
        ],
        [
            -0.18348533938543868,
            -0.05602824858454486,
            0.032692404584338454,
            0.2632255827031449,
            0.006004410378313484,
            0.32294272502058874,
            0.05205024018889176,
            0.05128007677673311,
            0.08424449977647594,
            0.03808743520918768,
            -0.041438322479158136,
            0.027113321300067512,
            0.056888591886070546,
            -0.15793745942371437,
            0.07108855386441586,
            0.004901610956174201,
            0.011890588419172936,
            0.0177106577900249,
            0.03231651738427466,
            0.02526835870924245
        ],
        [
            -8.204595117501492e-05,
            0.001545177379886905,
            0.0008355619559139016,
            0.006004410378313484,
            0.0002113372481460401,
            0.009297446577412471,
            0.0023943120687950183,
            0.0017343280770148741,
            -0.0016821170730117819,
            0.001743806401100432,
            -0.005324585005019248,
            -0.0003333597433042492,
            0.0021068109611893544,
            -0.004047521444595213,
            0.002735539778085485,
            0.0011747996037186955,
            -6.563204608244341e-05,
            0.0010067627142555638,
            0.003130691754633407,
            0.0014586975668871643
        ],
        [
            0.026947972787192204,
            0.11030939470457107,
            0.04192202400630262,
            0.32294272502058874,
            0.009297446577412471,
            0.5518983519769448,
            0.19669577514919503,
            0.04846538491472299,
            0.020248786284200054,
            0.039837313235332426,
            0.016737741491146284,
            0.0911646401996084,
            0.0840323394922522,
            -0.2381174668550009,
            0.10560344476966767,
            0.01211688562930392,
            0.017383624002304716,
            0.01835109206847976,
            0.016526207378893883,
            0.026032210233034092
        ],
        [
            0.16834506913144193,
            0.13339252946979485,
            0.00740886109989243,
            0.05205024018889176,
            0.0023943120687950183,
            0.19669577514919503,
            0.13023525905675062,
            -0.008759161379195581,
            -0.030387969521776227,
            -0.006626373511341844,
            0.10067968371598235,
            0.08235833598691361,
            0.021139952930390546,
            -0.05582145617902552,
            0.026771404666371592,
            0.03703861647713024,
            0.034079793548345484,
            -0.0037022677714680617,
            -0.029340534665727475,
            -0.005519708748827811
        ],
        [
            -0.0446682030360469,
            -0.0185580151898153,
            0.00719431864012281,
            0.05128007677673311,
            0.0017343280770148741,
            0.04846538491472299,
            -0.008759161379195581,
            0.0223034985910306,
            -0.013866703008715465,
            0.022223035137163945,
            -0.09145515253840356,
            -0.025079176780954313,
            0.019001883487477715,
            -0.025490250421664633,
            0.025078986971133584,
            0.013867101757537753,
            -0.004139493114722382,
            0.013236379012184808,
            0.04777180210477088,
            0.019252477567328594
        ],
        [
            -0.2441056414214536,
            -0.14578980919308346,
            0.006052117282149922,
            0.08424449977647594,
            -0.0016821170730117819,
            0.020248786284200054,
            -0.030387969521776227,
            -0.013866703008715465,
            0.20332664359979996,
            -0.03308679295366921,
            0.21974401063826263,
            0.06953381173943574,
            -0.020026019614110175,
            -0.02510732289662244,
            -0.029871392421165627,
            -0.03218740887022121,
            0.0344134544620553,
            -0.024765886247503012,
            -0.11035498363744847,
            -0.036436837852667596
        ],
        [
            -0.019164120330906923,
            -0.004672761276196161,
            0.005932194878435154,
            0.03808743520918768,
            0.001743806401100432,
            0.039837313235332426,
            -0.006626373511341844,
            0.022223035137163945,
            -0.03308679295366921,
            0.024114300437875373,
            -0.10813756788591601,
            -0.029926684050510036,
            0.019780198734566164,
            -0.01832084044328887,
            0.02653652536074813,
            0.020820702978731617,
            -0.004437838718116464,
            0.015043085559607235,
            0.057046369050122864,
            0.021933612264296843
        ],
        [
            0.03327528277183495,
            0.017968120824448746,
            -0.011356309827706891,
            -0.041438322479158136,
            -0.005324585005019248,
            0.016737741491146284,
            0.10067968371598235,
            -0.09145515253840356,
            0.21974401063826263,
            -0.10813756788591601,
            0.5872531829613471,
            0.22028618598433863,
            -0.06153400261814282,
            0.023740218780192075,
            -0.08511918871262077,
            -0.019423956654618435,
            0.09122432950841786,
            -0.06827716387264761,
            -0.2772794367737607,
            -0.09977192108736702
        ],
        [
            0.03352551299973993,
            0.02655954529425058,
            0.001744107613425621,
            0.027113321300067512,
            -0.0003333597433042492,
            0.0911646401996084,
            0.08235833598691361,
            -0.025079176780954313,
            0.06953381173943574,
            -0.029926684050510036,
            0.22028618598433863,
            0.1410021563726603,
            0.00562156057664852,
            0.030584187386205657,
            0.007293254314479979,
            0.15633756460587042,
            0.13768004906032533,
            -0.014611584540704286,
            -0.05909385772027033,
            -0.021224555251472346
        ],
        [
            -0.006589872866272924,
            0.008234884808426957,
            0.008059032332777284,
            0.056888591886070546,
            0.0021068109611893544,
            0.0840323394922522,
            0.021139952930390546,
            0.019001883487477715,
            -0.020026019614110175,
            0.019780198734566164,
            -0.06153400261814282,
            0.00562156057664852,
            0.025403474016727122,
            -0.020085426692615666,
            0.03380214289971744,
            0.06078241459517778,
            0.02908496075777786,
            0.01315489752736509,
            0.04726688960278814,
            0.019178283068131276
        ],
        [
            0.030591125343723068,
            -0.03169488460835425,
            -0.020065197508849053,
            -0.15793745942371437,
            -0.004047521444595213,
            -0.2381174668550009,
            -0.05582145617902552,
            -0.025490250421664633,
            -0.02510732289662244,
            -0.01832084044328887,
            0.023740218780192075,
            0.030584187386205657,
            -0.020085426692615666,
            0.1803821964938565,
            -0.021576373428084453,
            0.20018593415248698,
            0.1253436620401536,
            -0.0016030383261393842,
            0.03082742043143973,
            -0.0016728556728958322
        ],
        [
            -0.005887413472390637,
            0.011369270610139665,
            0.010201526748669216,
            0.07108855386441586,
            0.002735539778085485,
            0.10560344476966767,
            0.026771404666371592,
            0.025078986971133584,
            -0.029871392421165627,
            0.02653652536074813,
            -0.08511918871262077,
            0.007293254314479979,
            0.03380214289971744,
            -0.021576373428084453,
            0.0451615099252143,
            0.0875825281264058,
            0.04208734276794245,
            0.017968379232520242,
            0.06587678843169896,
            0.026218323963086224
        ],
        [
            -0.001543990588944124,
            -0.025609288912266426,
            0.0017932255779363811,
            0.004901610956174201,
            0.0011747996037186955,
            0.01211688562930392,
            0.03703861647713024,
            0.013867101757537753,
            -0.03218740887022121,
            0.020820702978731617,
            -0.019423956654618435,
            0.15633756460587042,
            0.06078241459517778,
            0.20018593415248698,
            0.0875825281264058,
            0.5849023711362781,
            0.3666658066100735,
            0.031539501861729546,
            0.15819615701193765,
            0.04691832360501489
        ],
        [
            -0.028907124116493734,
            -0.03243368471294088,
            0.0008776908018439123,
            0.011890588419172936,
            -6.563204608244341e-05,
            0.017383624002304716,
            0.034079793548345484,
            -0.004139493114722382,
            0.0344134544620553,
            -0.004437838718116464,
            0.09122432950841786,
            0.13768004906032533,
            0.02908496075777786,
            0.1253436620401536,
            0.04208734276794245,
            0.3666658066100735,
            0.25027042020828816,
            0.008363147442443526,
            0.05137465373645488,
            0.01271117350012495
        ],
        [
            -0.006216875957085127,
            -0.0013855960832456179,
            0.0030143889037220956,
            0.0177106577900249,
            0.0010067627142555638,
            0.01835109206847976,
            -0.0037022677714680617,
            0.013236379012184808,
            -0.024765886247503012,
            0.015043085559607235,
            -0.06827716387264761,
            -0.014611584540704286,
            0.01315489752736509,
            -0.0016030383261393842,
            0.017968379232520242,
            0.031539501861729546,
            0.008363147442443526,
            0.01012632436130441,
            0.04045267086013863,
            0.01480797509067886
        ],
        [
            -0.013098612760624158,
            -0.009571033281673243,
            0.007285184243049382,
            0.03231651738427466,
            0.003130691754633407,
            0.016526207378893883,
            -0.029340534665727475,
            0.04777180210477088,
            -0.11035498363744847,
            0.057046369050122864,
            -0.2772794367737607,
            -0.05909385772027033,
            0.04726688960278814,
            0.03082742043143973,
            0.06587678843169896,
            0.15819615701193765,
            0.05137465373645488,
            0.04045267086013863,
            0.16975302215591043,
            0.05929483015481981
        ],
        [
            -0.008713596198225542,
            -0.001971754250763274,
            0.004330736539399817,
            0.02526835870924245,
            0.0014586975668871643,
            0.026032210233034092,
            -0.005519708748827811,
            0.019252477567328594,
            -0.036436837852667596,
            0.021933612264296843,
            -0.09977192108736702,
            -0.021224555251472346,
            0.019178283068131276,
            -0.0016728556728958322,
            0.026218323963086224,
            0.04691832360501489,
            0.01271117350012495,
            0.01480797509067886,
            0.05929483015481981,
            0.021656707648660244
        ]
    ]
}