{
    "opt_E": -2.2077843234413015,
    "HF_E": -2.1750009056648274,
    "B3LYP_E": -2.1781537279702228,
    "sto-3G_E": -2.153696264435524,
    "proj": [
        [
            0.584827351696369,
            0.3648809415912244,
            0.046137714983874395,
            -0.16041560153388232,
            -0.0036195421887477396,
            -0.01947995301681149,
            0.15833474643659595,
            0.09121632743054543,
            -0.20812755974426433,
            -0.009920293081965374,
            0.02488365305387874,
            0.027866427621923446,
            0.010897117137292585,
            0.046483814372262074,
            -0.0010895536557105846,
            0.000987403651831202,
            -0.02828706391447138,
            0.006423589385819484,
            -0.008884168962117373,
            -0.002873050484511663
        ],
        [
            0.3648809415912244,
            0.24962093374406036,
            0.011034268723470598,
            -0.04740000168312173,
            -0.0006195641962873839,
            0.09795684214604987,
            0.13857173384092492,
            0.04368763556997121,
            -0.13233626517200653,
            -0.004373531429944007,
            0.01215311667624267,
            0.02586034190437988,
            -0.006900279099343615,
            -0.02781925156201812,
            0.002479765926463248,
            -0.024854870605614483,
            -0.03583844520711064,
            0.001381951504600538,
            -0.004060836531873922,
            -0.0005844054523603898
        ],
        [
            0.046137714983874395,
            0.011034268723470598,
            0.01962838332456236,
            -0.058956305633179926,
            -0.001786749133375552,
            -0.09679436200429517,
            -0.020328108002701982,
            0.021381206430781445,
            -0.005790243363450743,
            -0.003134220768631014,
            0.021573501920373304,
            -0.00590998436755969,
            0.018252524392907095,
            0.04515969941180856,
            -0.005445340072586396,
            -0.00677179554501813,
            -0.0017804169296933288,
            0.0069609442385746316,
            -0.014782829868206917,
            -0.0034897348502176627
        ],
        [
            -0.16041560153388232,
            -0.04740000168312173,
            -0.058956305633179926,
            0.17957611951331354,
            0.0053202031095074005,
            0.2872208929145676,
            0.05831361823145503,
            -0.06241428994539194,
            0.038608526017036994,
            0.008516564318137777,
            -0.03502040250981701,
            0.026306176536008714,
            -0.05000064150281097,
            -0.13607614023092052,
            0.014210915545623495,
            0.01034789211338782,
            0.006355925924861642,
            -0.015927871790171917,
            0.029820671839750266,
            0.00786306593157605
        ],
        [
            -0.0036195421887477396,
            -0.0006195641962873839,
            -0.001786749133375552,
            0.0053202031095074005,
            0.00016372189244383495,
            0.00899176919756241,
            0.0020346528279455134,
            -0.0019396444081661564,
            0.00013743049380861348,
            0.00029503715490920824,
            -0.002319473859148669,
            0.0005386422576183578,
            -0.0017710888167881765,
            -0.004065451735129165,
            0.0005447342482322695,
            0.0009974150542576706,
            0.00029996809528747226,
            -0.0007124049784557086,
            0.00158120503425489,
            0.0003594405126673882
        ],
        [
            -0.01947995301681149,
            0.09795684214604987,
            -0.09679436200429517,
            0.2872208929145676,
            0.00899176919756241,
            0.593046606287816,
            0.21897527989078594,
            -0.07224654125039867,
            -0.005912477893006809,
            0.010196060724475967,
            0.001957259058333851,
            0.09623836424655917,
            -0.09235300227380998,
            -0.25593708517582453,
            0.02646308706563635,
            0.02113248851518377,
            0.010133049654463898,
            -0.020873443920817948,
            0.03200893850888351,
            0.010221158096877805
        ],
        [
            0.15833474643659595,
            0.13857173384092492,
            -0.020328108002701982,
            0.05831361823145503,
            0.0020346528279455134,
            0.21897527989078594,
            0.1452727720952446,
            0.013421352534668743,
            -0.020414272617841515,
            -0.002566956870623031,
            0.10744951438089255,
            0.09076541005447673,
            -0.023318597386883893,
            -0.07025192143011827,
            0.006396058946252522,
            0.02481055499822149,
            0.02725359338510856,
            0.007441689447891468,
            -0.028141775143649697,
            -0.003958763827571311
        ],
        [
            0.09121632743054543,
            0.04368763556997121,
            0.021381206430781445,
            -0.06241428994539194,
            -0.0019396444081661564,
            -0.07224654125039867,
            0.013421352534668743,
            0.03624700468200317,
            0.007990348865965169,
            -0.006177694463925111,
            0.09515939425263217,
            0.028137151926895535,
            0.023931353700442606,
            0.04059800425614484,
            -0.008128271755870352,
            -0.015030771132091078,
            0.00528900417105301,
            0.01753614428034329,
            -0.04549292905938213,
            -0.008997664275636547
        ],
        [
            -0.20812755974426433,
            -0.13233626517200653,
            -0.005790243363450743,
            0.038608526017036994,
            0.00013743049380861348,
            -0.005912477893006809,
            -0.020414272617841515,
            0.007990348865965169,
            0.1837844380025251,
            -0.006470862275959283,
            0.2462171915736395,
            0.08091936013904934,
            0.03247364723045714,
            -0.006641972889324526,
            -0.014946366803523061,
            -0.054473006698168,
            0.02802420445589778,
            0.038596453915652786,
            -0.11379006288407788,
            -0.020316090261943805
        ],
        [
            -0.009920293081965374,
            -0.004373531429944007,
            -0.003134220768631014,
            0.008516564318137777,
            0.00029503715490920824,
            0.010196060724475967,
            -0.002566956870623031,
            -0.006177694463925111,
            -0.006470862275959283,
            0.0012083554397550632,
            -0.02312848398877767,
            -0.006999345508599523,
            -0.004849867019616022,
            -0.005249287287072204,
            0.0018098029269280444,
            0.005653549992522582,
            -0.0006408330220056523,
            -0.004091206617732347,
            0.01115618821173232,
            0.0021182909567182
        ],
        [
            0.02488365305387874,
            0.01215311667624267,
            0.021573501920373304,
            -0.03502040250981701,
            -0.002319473859148669,
            0.001957259058333851,
            0.10744951438089255,
            0.09515939425263217,
            0.2462171915736395,
            -0.02312848398877767,
            0.6048296089190676,
            0.2415540357261432,
            0.07174660924266923,
            0.034303467375688665,
            -0.030020158119411236,
            -0.05298079829634174,
            0.08976210372545489,
            0.09138765744967531,
            -0.26024425936918866,
            -0.04761741282664663
        ],
        [
            0.027866427621923446,
            0.02586034190437988,
            -0.00590998436755969,
            0.026306176536008714,
            0.0005386422576183578,
            0.09623836424655917,
            0.09076541005447673,
            0.028137151926895535,
            0.08091936013904934,
            -0.006999345508599523,
            0.2415540357261432,
            0.15641206743159672,
            -0.007112979412934993,
            0.02460150948129059,
            0.0029288180816979203,
            0.1445048689604992,
            0.14152327834351017,
            0.02334290496999628,
            -0.06536977222134767,
            -0.012026488903530478
        ],
        [
            0.010897117137292585,
            -0.006900279099343615,
            0.018252524392907095,
            -0.05000064150281097,
            -0.0017710888167881765,
            -0.09235300227380998,
            -0.023318597386883893,
            0.023931353700442606,
            0.03247364723045714,
            -0.004849867019616022,
            0.07174660924266923,
            -0.007112979412934993,
            0.03311057847607336,
            0.019959065781477683,
            -0.012792367962480233,
            -0.08742047999377994,
            -0.041690551376366576,
            0.018877260370403225,
            -0.05190555586750554,
            -0.00983815737861521
        ],
        [
            0.046483814372262074,
            -0.02781925156201812,
            0.04515969941180856,
            -0.13607614023092052,
            -0.004065451735129165,
            -0.25593708517582453,
            -0.07025192143011827,
            0.04059800425614484,
            -0.006641972889324526,
            -0.005249287287072204,
            0.034303467375688665,
            0.02460150948129059,
            0.019959065781477683,
            0.17367564805438152,
            -0.000811064719185669,
            0.17594682885626667,
            0.12084472299695234,
            0.003064294650796413,
            0.009693793046549567,
            -0.0010242153945226485
        ],
        [
            -0.0010895536557105846,
            0.002479765926463248,
            -0.005445340072586396,
            0.014210915545623495,
            0.0005447342482322695,
            0.02646308706563635,
            0.006396058946252522,
            -0.008128271755870352,
            -0.014946366803523061,
            0.0018098029269280444,
            -0.030020158119411236,
            0.0029288180816979203,
            -0.012792367962480233,
            -0.000811064719185669,
            0.005248708488201087,
            0.04282820603407853,
            0.0214037131011247,
            -0.007857359601216364,
            0.022423297595720152,
            0.004120080828519038
        ],
        [
            0.000987403651831202,
            -0.024854870605614483,
            -0.00677179554501813,
            0.01034789211338782,
            0.0009974150542576706,
            0.02113248851518377,
            0.02481055499822149,
            -0.015030771132091078,
            -0.054473006698168,
            0.005653549992522582,
            -0.05298079829634174,
            0.1445048689604992,
            -0.08742047999377994,
            0.17594682885626667,
            0.04282820603407853,
            0.6051124827003245,
            0.3816014543108062,
            -0.04507746273565279,
            0.1467197144802334,
            0.024300784869154147
        ],
        [
            -0.02828706391447138,
            -0.03583844520711064,
            -0.0017804169296933288,
            0.006355925924861642,
            0.00029996809528747226,
            0.010133049654463898,
            0.02725359338510856,
            0.00528900417105301,
            0.02802420445589778,
            -0.0006408330220056523,
            0.08976210372545489,
            0.14152327834351017,
            -0.041690551376366576,
            0.12084472299695234,
            0.0214037131011247,
            0.3816014543108062,
            0.267955506559132,
            -0.01047786081753006,
            0.0414389130794666,
            0.005965339003441069
        ],
        [
            0.006423589385819484,
            0.001381951504600538,
            0.0069609442385746316,
            -0.015927871790171917,
            -0.0007124049784557086,
            -0.020873443920817948,
            0.007441689447891468,
            0.01753614428034329,
            0.038596453915652786,
            -0.004091206617732347,
            0.09138765744967531,
            0.02334290496999628,
            0.018877260370403225,
            0.003064294650796413,
            -0.007857359601216364,
            -0.04507746273565279,
            -0.01047786081753006,
            0.016770964768935654,
            -0.04791869454697029,
            -0.008764089216674988
        ],
        [
            -0.008884168962117373,
            -0.004060836531873922,
            -0.014782829868206917,
            0.029820671839750266,
            0.00158120503425489,
            0.03200893850888351,
            -0.028141775143649697,
            -0.04549292905938213,
            -0.11379006288407788,
            0.01115618821173232,
            -0.26024425936918866,
            -0.06536977222134767,
            -0.05190555586750554,
            0.009693793046549567,
            0.022423297595720152,
            0.1467197144802334,
            0.0414389130794666,
            -0.04791869454697029,
            0.13892665852581476,
            0.02510457307541921
        ],
        [
            -0.002873050484511663,
            -0.0005844054523603898,
            -0.0034897348502176627,
            0.00786306593157605,
            0.0003594405126673882,
            0.010221158096877805,
            -0.003958763827571311,
            -0.008997664275636547,
            -0.020316090261943805,
            0.0021182909567182,
            -0.04761741282664663,
            -0.012026488903530478,
            -0.00983815737861521,
            -0.0010242153945226485,
            0.004120080828519038,
            0.024300784869154147,
            0.005965339003441069,
            -0.008764089216674988,
            0.02510457307541921,
            0.004582089398379138
        ]
    ]
}