{
    "opt_E": -2.2122501374762105,
    "HF_E": -2.181728918536784,
    "B3LYP_E": -2.183427306756289,
    "sto-3G_E": -2.174687457297118,
    "proj": [
        [
            0.5500679548964492,
            0.3411917075339333,
            -0.0028756337296014945,
            -0.1709678923509075,
            0.04371537478709951,
            0.026593089001965314,
            0.17841480578035643,
            -0.007829541745372577,
            -0.23932387668142266,
            0.07921725961881869,
            0.029670380391323,
            0.029080135359664736,
            -0.004237860811437278,
            0.030329035102859805,
            0.0026249042516889353,
            -0.0012217898167299983,
            -0.026813167868648846,
            0.0043479092001491495,
            -0.018441113822435407,
            0.0055102167875744675
        ],
        [
            0.3411917075339333,
            0.2271871628738844,
            -0.0007889525958926724,
            -0.05639150648377446,
            0.013258388314067593,
            0.10411756694437578,
            0.1401930132594141,
            -0.0027379770734702958,
            -0.1377096313320476,
            0.040359038554337735,
            0.02664917125875082,
            0.027312849387444996,
            0.003129927375944411,
            -0.032928294606661405,
            -0.003633525263219304,
            -0.028176229882562145,
            -0.03082481011572892,
            0.004058078833974946,
            -0.019269994083810277,
            0.0038489453595419716
        ],
        [
            -0.0028756337296014945,
            -0.0007889525958926724,
            0.00011536391629716556,
            0.005159939530244627,
            -0.0014941054038567915,
            0.006881153199962147,
            0.0008138349656880996,
            0.000380196202946303,
            0.00020677569028900044,
            -0.0014901545468052725,
            -0.0033086006673678212,
            0.0001199460613564335,
            -2.6917970358474647e-05,
            -0.0027572041330184926,
            -0.0009242360820692547,
            0.00046974574625106803,
            -1.7795752769425117e-05,
            -0.0006272158749365406,
            0.0026364294445819243,
            -0.00044455334627956983
        ],
        [
            -0.1709678923509075,
            -0.05639150648377446,
            0.005159939530244627,
            0.2494161041212754,
            -0.07052436299835674,
            0.3264356508742981,
            0.04527265859029398,
            0.014423763624153497,
            0.0684523547092471,
            -0.06613191786335676,
            -0.0598004558589017,
            0.03688631345025653,
            0.004298025187250797,
            -0.14016952677407432,
            -0.037139487960869556,
            0.02302667107006975,
            0.017500114907607375,
            -0.0168564650705214,
            0.06821012474283346,
            -0.012848400579683408
        ],
        [
            0.04371537478709951,
            0.013258388314067593,
            -0.0014941054038567915,
            -0.07052436299835674,
            0.020121073895536072,
            -0.09402647601810757,
            -0.013509115708265537,
            -0.004394900699266152,
            -0.013689187600730774,
            0.01895365222523802,
            0.024393492197567597,
            -0.009530015627291761,
            -0.0003529908539638382,
            0.037609795501143004,
            0.011487727442931068,
            -0.01040004293915275,
            -0.005823674520170366,
            0.0060940093600391565,
            -0.025149600916848234,
            0.004459444207024532
        ],
        [
            0.026593089001965314,
            0.10411756694437578,
            0.006881153199962147,
            0.3264356508742981,
            -0.09402647601810757,
            0.5805699015113018,
            0.19516768004228685,
            0.017431328110217574,
            0.009089111705651477,
            -0.061146963684844846,
            -0.01612042908226145,
            0.10344880388554747,
            0.00890418831993013,
            -0.23053188666011487,
            -0.0576143832797825,
            0.03762368348273576,
            0.02513285179474851,
            -0.01714026411649184,
            0.06546487081924059,
            -0.012830239498247025
        ],
        [
            0.17841480578035643,
            0.1401930132594141,
            0.0008138349656880996,
            0.04527265859029398,
            -0.013509115708265537,
            0.19516768004228685,
            0.13571661405077892,
            -0.0009487841280638688,
            -0.028247601909369747,
            0.014599692569729745,
            0.10404347739485224,
            0.07973947658796086,
            0.005186803773041552,
            -0.06458864264675591,
            -0.011847396901916779,
            0.02721581923861052,
            0.025563066570871266,
            0.00804028236692571,
            -0.03825812423922509,
            0.005624046639462147
        ],
        [
            -0.007829541745372577,
            -0.0027379770734702958,
            0.000380196202946303,
            0.014423763624153497,
            -0.004394900699266152,
            0.017431328110217574,
            -0.0009487841280638688,
            0.0016582273490680275,
            -0.006464753380512005,
            -0.005456759765138816,
            -0.024723338571896285,
            -0.004915195158650174,
            -0.0010087749528577105,
            -0.005590432924699978,
            -0.0035586653442855496,
            0.001759978869526653,
            -0.0023504022491252106,
            -0.003821056515808171,
            0.01651155312867726,
            -0.00258128265362509
        ],
        [
            -0.23932387668142266,
            -0.1377096313320476,
            0.00020677569028900044,
            0.0684523547092471,
            -0.013689187600730774,
            0.009089111705651477,
            -0.028247601909369747,
            -0.006464753380512005,
            0.21656791992488272,
            -0.01249932011896833,
            0.23409892989566056,
            0.06293877934326121,
            0.019208928998472825,
            -0.05451162419431407,
            0.017111744294122513,
            -0.03023269794308465,
            0.0338518534405498,
            0.03309218131063979,
            -0.1466827944647427,
            0.020170758173593085
        ],
        [
            0.07921725961881869,
            0.040359038554337735,
            -0.0014901545468052725,
            -0.06613191786335676,
            0.01895365222523802,
            -0.061146963684844846,
            0.014599692569729745,
            -0.005456759765138816,
            -0.01249932011896833,
            0.024179936009278213,
            0.06209656032294872,
            0.012127507010822021,
            0.0009827397609716904,
            0.02807965117579599,
            0.010563872577692717,
            -0.0009150685895170423,
            0.004438348764974342,
            0.009784140064405823,
            -0.04181976803964023,
            0.0069850631039817925
        ],
        [
            0.029670380391323,
            0.02664917125875082,
            -0.0033086006673678212,
            -0.0598004558589017,
            0.024393492197567597,
            -0.01612042908226145,
            0.10404347739485224,
            -0.024723338571896285,
            0.23409892989566056,
            0.06209656032294872,
            0.5711000628367129,
            0.19503354602165052,
            0.02648709583248805,
            -0.016361647458390003,
            0.039927952976907696,
            0.031211241787106075,
            0.11062252516224376,
            0.0744613902204765,
            -0.3272083287360039,
            0.048937406929141634
        ],
        [
            0.029080135359664736,
            0.027312849387444996,
            0.0001199460613564335,
            0.03688631345025653,
            -0.009530015627291761,
            0.10344880388554747,
            0.07973947658796086,
            -0.004915195158650174,
            0.06293877934326121,
            0.012127507010822021,
            0.19503354602165052,
            0.13448883611670687,
            -0.0076181515877531214,
            0.0287724137254484,
            -0.00990377244872989,
            0.17778481608192817,
            0.13875849591032896,
            0.010429042400862475,
            -0.046000914481390785,
            0.00759445903129041
        ],
        [
            -0.004237860811437278,
            0.003129927375944411,
            -2.6917970358474647e-05,
            0.004298025187250797,
            -0.0003529908539638382,
            0.00890418831993013,
            0.005186803773041552,
            -0.0010087749528577105,
            0.019208928998472825,
            0.0009827397609716904,
            0.02648709583248805,
            -0.0076181515877531214,
            0.008588812156910822,
            -0.03491812147903603,
            0.00594101917875206,
            -0.06014537992480526,
            -0.031597289818312974,
            0.007941069774141244,
            -0.03571460019537944,
            0.004786882341760328
        ],
        [
            0.030329035102859805,
            -0.032928294606661405,
            -0.0027572041330184926,
            -0.14016952677407432,
            0.037609795501143004,
            -0.23053188666011487,
            -0.06458864264675591,
            -0.005590432924699978,
            -0.05451162419431407,
            0.02807965117579599,
            -0.016361647458390003,
            0.0287724137254484,
            -0.03491812147903603,
            0.22060354722984246,
            0.00040057517293819856,
            0.24407681323740169,
            0.1402177924684683,
            -0.015936483761430004,
            0.07672973405429287,
            -0.008067774883239124
        ],
        [
            0.0026249042516889353,
            -0.003633525263219304,
            -0.0009242360820692547,
            -0.037139487960869556,
            0.011487727442931068,
            -0.0576143832797825,
            -0.011847396901916779,
            -0.0035586653442855496,
            0.017111744294122513,
            0.010563872577692717,
            0.039927952976907696,
            -0.00990377244872989,
            0.00594101917875206,
            0.00040057517293819856,
            0.011907308653588954,
            -0.04582354404122092,
            -0.021898114106253842,
            0.010050959042832437,
            -0.04365714106494804,
            0.006507261762641706
        ],
        [
            -0.0012217898167299983,
            -0.028176229882562145,
            0.00046974574625106803,
            0.02302667107006975,
            -0.01040004293915275,
            0.03762368348273576,
            0.02721581923861052,
            0.001759978869526653,
            -0.03023269794308465,
            -0.0009150685895170423,
            0.031211241787106075,
            0.17778481608192817,
            -0.06014537992480526,
            0.24407681323740169,
            -0.04582354404122092,
            0.548218455189382,
            0.33633127847201166,
            -0.03842813048218514,
            0.173811846679546,
            -0.022100683512014524
        ],
        [
            -0.026813167868648846,
            -0.03082481011572892,
            -1.7795752769425117e-05,
            0.017500114907607375,
            -0.005823674520170366,
            0.02513285179474851,
            0.025563066570871266,
            -0.0023504022491252106,
            0.0338518534405498,
            0.004438348764974342,
            0.11062252516224376,
            0.13875849591032896,
            -0.031597289818312974,
            0.1402177924684683,
            -0.021898114106253842,
            0.33633127847201166,
            0.2228446221204648,
            -0.011411598472998568,
            0.052980296171959845,
            -0.005765086658557358
        ],
        [
            0.0043479092001491495,
            0.004058078833974946,
            -0.0006272158749365406,
            -0.0168564650705214,
            0.0060940093600391565,
            -0.01714026411649184,
            0.00804028236692571,
            -0.003821056515808171,
            0.03309218131063979,
            0.009784140064405823,
            0.0744613902204765,
            0.010429042400862475,
            0.007941069774141244,
            -0.015936483761430004,
            0.010050959042832437,
            -0.03842813048218514,
            -0.011411598472998568,
            0.013265625502484822,
            -0.05846355572232951,
            0.008514569361317715
        ],
        [
            -0.018441113822435407,
            -0.019269994083810277,
            0.0026364294445819243,
            0.06821012474283346,
            -0.025149600916848234,
            0.06546487081924059,
            -0.03825812423922509,
            0.01651155312867726,
            -0.1466827944647427,
            -0.04181976803964023,
            -0.3272083287360039,
            -0.046000914481390785,
            -0.03571460019537944,
            0.07672973405429287,
            -0.04365714106494804,
            0.173811846679546,
            0.052980296171959845,
            -0.05846355572232951,
            0.2578828944278439,
            -0.03746148889695404
        ],
        [
            0.0055102167875744675,
            0.0038489453595419716,
            -0.00044455334627956983,
            -0.012848400579683408,
            0.004459444207024532,
            -0.012830239498247025,
            0.005624046639462147,
            -0.00258128265362509,
            0.020170758173593085,
            0.0069850631039817925,
            0.048937406929141634,
            0.00759445903129041,
            0.004786882341760328,
            -0.008067774883239124,
            0.006507261762641706,
            -0.022100683512014524,
            -0.005765086658557358,
            0.008514569361317715,
            -0.03746148889695404,
            0.005499577217311121
        ]
    ]
}