{
    "opt_E": -2.193858392238881,
    "HF_E": -2.1620532094226457,
    "B3LYP_E": -2.164447561251782,
    "sto-3G_E": -2.1467085265348587,
    "proj": [
        [
            0.5924599026376688,
            0.37785787492600553,
            0.040016655965589544,
            -0.15680364263467475,
            0.03373527357503357,
            -0.03791682947758894,
            0.156349179272533,
            0.07442773893779468,
            -0.1757804562810589,
            0.05592613248709957,
            0.027908418301652256,
            0.022455021234206608,
            0.008511863027973193,
            0.057719185410380056,
            0.005763656011578766,
            -0.0025768011709084216,
            -0.023580899485538046,
            0.0033980698957751516,
            -0.02344443011640081,
            -0.007409259639594537
        ],
        [
            0.37785787492600553,
            0.2638064938411936,
            0.011467347268123295,
            -0.05110815733152193,
            0.010191725760619831,
            0.08370294414426192,
            0.14251472607773213,
            0.03771233291137805,
            -0.11990690599103548,
            0.028616316264040095,
            0.021827793306181845,
            0.025551881274907432,
            -0.0033788252709827707,
            -0.02865689809038465,
            -0.0020561352275022494,
            -0.03274915902142223,
            -0.03420963850580303,
            0.001995381513136513,
            -0.020298278280542637,
            -0.005311084647262647
        ],
        [
            0.040016655965589544,
            0.011467347268123295,
            0.013750453756982394,
            -0.04756310818895502,
            0.011095711549541193,
            -0.08058357749781281,
            -0.017895222910276478,
            0.013949879711190947,
            0.007032621840932937,
            0.009325690679319678,
            0.017377511477059113,
            -0.009919948326149801,
            0.009183637857205964,
            0.035375890179162366,
            -0.0027307415787349975,
            -0.009043648275989214,
            -0.003912667048793634,
            0.0015772311058486316,
            -0.02008680367111495,
            -0.00717687899484456
        ],
        [
            -0.15680364263467475,
            -0.05110815733152193,
            -0.04756310818895502,
            0.16622220136351684,
            -0.038451425701186884,
            0.2766951794894748,
            0.058959341995670746,
            -0.04801775319763376,
            -0.005813515612356422,
            -0.0330777860537768,
            -0.03952785271130862,
            0.03676221926416545,
            -0.030235334316425628,
            -0.12836102483069883,
            0.005397111110777989,
            0.021389949514681164,
            0.011513515035813097,
            -0.004506060741044584,
            0.053425158308773535,
            0.01958861477494845
        ],
        [
            0.03373527357503357,
            0.010191725760619831,
            0.011095711549541193,
            -0.038451425701186884,
            0.008962397276354029,
            -0.06441616018342497,
            -0.013722368607027196,
            0.011406673296334983,
            0.0051455501472058105,
            0.007637682356496063,
            0.014376441677938362,
            -0.007281473622492344,
            0.007310446698307022,
            0.029121328714001138,
            -0.0019392767396065832,
            -0.005694594015090789,
            -0.0022041282737281427,
            0.001263693850996348,
            -0.015808004084081867,
            -0.0056660384607925066
        ],
        [
            -0.03791682947758894,
            0.08370294414426192,
            -0.08058357749781281,
            0.2766951794894748,
            -0.06441616018342497,
            0.5868264683897952,
            0.22339641627032913,
            -0.05749115443991992,
            -0.055562467175149774,
            -0.04044216051838731,
            0.01606027057976548,
            0.11889066195107395,
            -0.05744882374330142,
            -0.2556516047458414,
            0.005844036150714225,
            0.04475445314837494,
            0.025969345451349303,
            -0.004474429294938875,
            0.051347705806881826,
            0.021466497606607713
        ],
        [
            0.156349179272533,
            0.14251472607773213,
            -0.017895222910276478,
            0.058959341995670746,
            -0.013722368607027196,
            0.22339641627032913,
            0.14726323611862385,
            0.0073617429946442135,
            -0.02959251475568869,
            0.003116193386903974,
            0.0972042905583983,
            0.08277644356855572,
            -0.016893508346008668,
            -0.08293979310862892,
            -0.002116335427367834,
            0.02952876869728476,
            0.0235875851874984,
            0.002418548569986955,
            -0.03181754039601238,
            -0.00865530068817316
        ],
        [
            0.07442773893779468,
            0.03771233291137805,
            0.013949879711190947,
            -0.04801775319763376,
            0.011406673296334983,
            -0.05749115443991992,
            0.0073617429946442135,
            0.020146990964156473,
            0.014140950182188864,
            0.012455945822334504,
            0.05885379247136652,
            0.011105375074475583,
            0.008775463055399304,
            0.03051649175185997,
            -0.004467096255923453,
            0.0017818670444637152,
            0.007173668514376779,
            0.0030655090455855003,
            -0.039666706468159826,
            -0.013476664720897095
        ],
        [
            -0.1757804562810589,
            -0.11990690599103548,
            0.007032621840932937,
            -0.005813515612356422,
            0.0051455501472058105,
            -0.055562467175149774,
            -0.02959251475568869,
            0.014140950182188864,
            0.21819616633419586,
            -0.0022416653991501542,
            0.2759504531478809,
            0.05779539741997606,
            0.01957301887604147,
            -0.016019263108992248,
            -0.036617803850119396,
            -0.03667218034729603,
            0.028038087752775612,
            0.011746926222575987,
            -0.18334089173131832,
            -0.060664130810604615
        ],
        [
            0.05592613248709957,
            0.028616316264040095,
            0.009325690679319678,
            -0.0330777860537768,
            0.007637682356496063,
            -0.04044216051838731,
            0.003116193386903974,
            0.012455945822334504,
            -0.0022416653991501542,
            0.008357351975676735,
            0.021275700780686694,
            0.002098722832261087,
            0.0051481960352064236,
            0.023090470870059478,
            -0.0008923430059946339,
            0.0023223919473959287,
            0.002481583955739576,
            0.0013234588815322689,
            -0.01537472443591573,
            -0.005363573614295406
        ],
        [
            0.027908418301652256,
            0.021827793306181845,
            0.017377511477059113,
            -0.03952785271130862,
            0.014376441677938362,
            0.01606027057976548,
            0.0972042905583983,
            0.05885379247136652,
            0.2759504531478809,
            0.021275700780686694,
            0.5393217096303462,
            0.18170540544335084,
            0.023472645431491367,
            -0.006105052595797841,
            -0.04544680771012184,
            0.04627862123740053,
            0.10836670374333421,
            0.02149402533945793,
            -0.3082383262067818,
            -0.10162313102366571
        ],
        [
            0.022455021234206608,
            0.025551881274907432,
            -0.009919948326149801,
            0.03676221926416545,
            -0.007281473622492344,
            0.11889066195107395,
            0.08277644356855572,
            0.011105375074475583,
            0.05779539741997606,
            0.002098722832261087,
            0.18170540544335084,
            0.12735365066689175,
            -0.009665220287165528,
            0.023313648896946988,
            0.012769560693237826,
            0.1764389560436506,
            0.13221507849061462,
            0.004056144757418501,
            -0.03756865874553076,
            -0.012785432109429234
        ],
        [
            0.008511863027973193,
            -0.0033788252709827707,
            0.009183637857205964,
            -0.030235334316425628,
            0.007310446698307022,
            -0.05744882374330142,
            -0.016893508346008668,
            0.008775463055399304,
            0.01957301887604147,
            0.0051481960352064236,
            0.023472645431491367,
            -0.009665220287165528,
            0.007762901927779705,
            0.014435482705206379,
            -0.006552339089670577,
            -0.024905907979994795,
            -0.011377017656495063,
            0.001789616904260836,
            -0.02754381502537303,
            -0.009334713898238494
        ],
        [
            0.057719185410380056,
            -0.02865689809038465,
            0.035375890179162366,
            -0.12836102483069883,
            0.029121328714001138,
            -0.2556516047458414,
            -0.08293979310862892,
            0.03051649175185997,
            -0.016019263108992248,
            0.023090470870059478,
            -0.006105052595797841,
            0.023313648896946988,
            0.014435482705206379,
            0.23815569351934443,
            0.042538115610479016,
            0.23798192833757006,
            0.14273409368274997,
            -0.001701156964407346,
            0.06922093551559286,
            0.01869384425231703
        ],
        [
            0.005763656011578766,
            -0.0020561352275022494,
            -0.0027307415787349975,
            0.005397111110777989,
            -0.0019392767396065832,
            0.005844036150714225,
            -0.002116335427367834,
            -0.004467096255923453,
            -0.036617803850119396,
            -0.0008923430059946339,
            -0.04544680771012184,
            0.012769560693237826,
            -0.006552339089670577,
            0.042538115610479016,
            0.020068109287733744,
            0.0892255581596302,
            0.046775795770161124,
            -0.003220235586979379,
            0.05987707510600431,
            0.01901662710899384
        ],
        [
            -0.0025768011709084216,
            -0.03274915902142223,
            -0.009043648275989214,
            0.021389949514681164,
            -0.005694594015090789,
            0.04475445314837494,
            0.02952876869728476,
            0.0017818670444637152,
            -0.03667218034729603,
            0.0023223919473959287,
            0.04627862123740053,
            0.1764389560436506,
            -0.024905907979994795,
            0.23798192833757006,
            0.0892255581596302,
            0.5425569508222511,
            0.33495132932253585,
            -0.0064865776423996295,
            0.17000148412194233,
            0.051820788098282326
        ],
        [
            -0.023580899485538046,
            -0.03420963850580303,
            -0.003912667048793634,
            0.011513515035813097,
            -0.0022041282737281427,
            0.025969345451349303,
            0.0235875851874984,
            0.007173668514376779,
            0.028038087752775612,
            0.002481583955739576,
            0.10836670374333421,
            0.13221507849061462,
            -0.011377017656495063,
            0.14273409368274997,
            0.046775795770161124,
            0.33495132932253585,
            0.21988429576440552,
            -0.0007778889016003671,
            0.05670377862533745,
            0.01608264471591224
        ],
        [
            0.0033980698957751516,
            0.001995381513136513,
            0.0015772311058486316,
            -0.004506060741044584,
            0.001263693850996348,
            -0.004474429294938875,
            0.002418548569986955,
            0.0030655090455855003,
            0.011746926222575987,
            0.0013234588815322689,
            0.02149402533945793,
            0.004056144757418501,
            0.001789616904260836,
            -0.001701156964407346,
            -0.003220235586979379,
            -0.0064865776423996295,
            -0.0007778889016003671,
            0.001025602396838264,
            -0.015672959047613875,
            -0.005137063819442514
        ],
        [
            -0.02344443011640081,
            -0.020298278280542637,
            -0.02008680367111495,
            0.053425158308773535,
            -0.015808004084081867,
            0.051347705806881826,
            -0.03181754039601238,
            -0.039666706468159826,
            -0.18334089173131832,
            -0.01537472443591573,
            -0.3082383262067818,
            -0.03756865874553076,
            -0.02754381502537303,
            0.06922093551559286,
            0.05987707510600431,
            0.17000148412194233,
            0.05670377862533745,
            -0.015672959047613875,
            0.2512651795109172,
            0.08166917379600092
        ],
        [
            -0.007409259639594537,
            -0.005311084647262647,
            -0.00717687899484456,
            0.01958861477494845,
            -0.0056660384607925066,
            0.021466497606607713,
            -0.00865530068817316,
            -0.013476664720897095,
            -0.060664130810604615,
            -0.005363573614295406,
            -0.10162313102366571,
            -0.012785432109429234,
            -0.009334713898238494,
            0.01869384425231703,
            0.01901662710899384,
            0.051820788098282326,
            0.01608264471591224,
            -0.005137063819442514,
            0.08166917379600092,
            0.026614243815329116
        ]
    ]
}