{
    "opt_E": -2.2044087687178298,
    "HF_E": -2.173061500176807,
    "B3LYP_E": -2.1752590734966146,
    "sto-3G_E": -2.1617274378310922,
    "proj": [
        [
            0.5380277697905491,
            0.3250168463815771,
            0.029839677239470407,
            -0.17540742634773096,
            -0.010759744402868315,
            0.054126894748373636,
            0.17735565717429091,
            0.055160859426225874,
            -0.2609025691335682,
            -0.008132728330753115,
            0.0469617913419508,
            0.029953368552231296,
            -0.002266658176692735,
            0.02990870097654574,
            -0.0003987680263850448,
            -0.003193733080415036,
            -0.03099750010833609,
            0.006609477440353967,
            -0.02100081611173373,
            0.011046574636917559
        ],
        [
            0.3250168463815771,
            0.21138912253739825,
            0.007730127559966035,
            -0.050244678744757826,
            -0.0037466358666393413,
            0.11947837897223568,
            0.13235533707990374,
            0.027588567873029265,
            -0.1483783344561946,
            -0.0060350971711746314,
            0.02282589395983089,
            0.023898602310406192,
            -0.001161050791041334,
            -0.032709253699769146,
            -0.007119025934716195,
            -0.02281891006529802,
            -0.031878694069960634,
            0.002617610249994066,
            -0.00946144193127939,
            0.003921497684458715
        ],
        [
            0.029839677239470407,
            0.007730127559966035,
            0.009447707742760622,
            -0.051538395530879376,
            -0.0025859445205842573,
            -0.061107612566495106,
            -0.008205825436154505,
            0.0074030684323314585,
            -0.016626576837685873,
            0.0012796631140812701,
            0.014519116856904227,
            -0.005461326707902466,
            0.0016938383526327104,
            0.032702521508320245,
            0.008711265894972613,
            -0.005376147147672305,
            -0.0036842220707654022,
            0.003085549624635287,
            -0.011900483767104864,
            0.005345329464263238
        ],
        [
            -0.17540742634773096,
            -0.050244678744757826,
            -0.051538395530879376,
            0.2817813930972553,
            0.014223117820316336,
            0.3281016727931013,
            0.04121725406081678,
            -0.04116787176890418,
            0.101928718665828,
            -0.005644565049957749,
            -0.06816582495397239,
            0.031175439000067248,
            -0.008089978730287125,
            -0.17862625051392278,
            -0.04482510898985495,
            0.022292914756798746,
            0.01854944084357737,
            -0.015397528303997645,
            0.05800547577526817,
            -0.026848036069458462
        ],
        [
            -0.010759744402868315,
            -0.0037466358666393413,
            -0.0025859445205842573,
            0.014223117820316336,
            0.0007337757572542581,
            0.01547516722614357,
            0.001199135753185101,
            -0.002210044327150851,
            0.0063577659964778955,
            -0.00017127795760287743,
            -0.0030071556526181033,
            0.0009540903317830483,
            -0.0001924932268872617,
            -0.009355454346577608,
            -0.0018141679125176927,
            -0.0009783480963407505,
            -0.00020290155740110155,
            -0.0006272703410690683,
            0.0021794756112373834,
            -0.0011145576130511257
        ],
        [
            0.054126894748373636,
            0.11947837897223568,
            -0.061107612566495106,
            0.3281016727931013,
            0.01547516722614357,
            0.5462446450871132,
            0.18513163880662528,
            -0.02904870595299511,
            0.030883549498709976,
            -0.007652841019083161,
            -0.0057146924571252035,
            0.09352693060427449,
            -0.010775265688672663,
            -0.25782650712971855,
            -0.061760259564135514,
            0.0264874501636569,
            0.019799546010809157,
            -0.012713053838279947,
            0.04374252401011288,
            -0.02342785047457954
        ],
        [
            0.17735565717429091,
            0.13235533707990374,
            -0.008205825436154505,
            0.04121725406081678,
            0.001199135753185101,
            0.18513163880662528,
            0.12895717895520736,
            0.009965869592858164,
            -0.025857132077516734,
            0.0037270877779364497,
            0.11603534531053433,
            0.08317434116747202,
            -0.0013859110428100596,
            -0.05737742888962189,
            -0.010339544095472336,
            0.023389105113421727,
            0.027041570441580502,
            0.007422104507661124,
            -0.03589567188347248,
            0.011227110342091081
        ],
        [
            0.055160859426225874,
            0.027588567873029265,
            0.0074030684323314585,
            -0.04116787176890418,
            -0.002210044327150851,
            -0.02904870595299511,
            0.009965869592858164,
            0.008199397300152641,
            -0.024642509876579705,
            0.0007581025214973594,
            0.019420393097504252,
            0.0031196961094312457,
            0.0008642156174779092,
            0.021267100357817356,
            0.005217493363870679,
            -0.0007283546498271308,
            -0.0011382813362609526,
            0.0028323875912431395,
            -0.011082178531613428,
            0.0048014896409309055
        ],
        [
            -0.2609025691335682,
            -0.1483783344561946,
            -0.016626576837685873,
            0.101928718665828,
            0.0063577659964778955,
            0.030883549498709976,
            -0.025857132077516734,
            -0.024642509876579705,
            0.24310968237265107,
            0.02525922598054319,
            0.23092217577636662,
            0.07942138241456188,
            0.014053001623592068,
            -0.04116852313936453,
            0.02829502118263898,
            -0.04980484103378152,
            0.031587474520829,
            0.022693097591993918,
            -0.11283801887909237,
            0.03599519153234937
        ],
        [
            -0.008132728330753115,
            -0.0060350971711746314,
            0.0012796631140812701,
            -0.005644565049957749,
            -0.00017127795760287743,
            -0.007652841019083161,
            0.0037270877779364497,
            0.0007581025214973594,
            0.02525922598054319,
            0.004603381849037952,
            0.05034687697914637,
            0.015519505082861172,
            0.002907974106556073,
            0.003322558209054873,
            0.007585966044866445,
            -0.01024324196715403,
            0.0035641786312586416,
            0.00548773813085058,
            -0.025613046683658772,
            0.008863534299118287
        ],
        [
            0.0469617913419508,
            0.02282589395983089,
            0.014519116856904227,
            -0.06816582495397239,
            -0.0030071556526181033,
            -0.0057146924571252035,
            0.11603534531053433,
            0.019420393097504252,
            0.23092217577636662,
            0.05034687697914637,
            0.6058463215416681,
            0.22663469543076825,
            0.025674253895352116,
            0.04153207777679347,
            0.07022130520058933,
            -0.03589446945818879,
            0.08951600882351593,
            0.06108114973873184,
            -0.28291798323354533,
            0.09857184658642133
        ],
        [
            0.029953368552231296,
            0.023898602310406192,
            -0.005461326707902466,
            0.031175439000067248,
            0.0009540903317830483,
            0.09352693060427449,
            0.08317434116747202,
            0.0031196961094312457,
            0.07942138241456188,
            0.015519505082861172,
            0.22663469543076825,
            0.1496030122501001,
            -0.005914415648612681,
            0.028263513619511325,
            -0.00737190186771551,
            0.15916855150024134,
            0.14421800059787787,
            0.013077680569718895,
            -0.0594199984834212,
            0.02099285023697505
        ],
        [
            -0.002266658176692735,
            -0.001161050791041334,
            0.0016938383526327104,
            -0.008089978730287125,
            -0.0001924932268872617,
            -0.010775265688672663,
            -0.0013859110428100596,
            0.0008642156174779092,
            0.014053001623592068,
            0.002907974106556073,
            0.025674253895352116,
            -0.005914415648612681,
            0.005191764283477049,
            -0.009944781627540351,
            0.010672131160948528,
            -0.04976177958026797,
            -0.026865489938817218,
            0.00498143360197953,
            -0.023913299550275335,
            0.007978880298301435
        ],
        [
            0.02990870097654574,
            -0.032709253699769146,
            0.032702521508320245,
            -0.17862625051392278,
            -0.009355454346577608,
            -0.25782650712971855,
            -0.05737742888962189,
            0.021267100357817356,
            -0.04116852313936453,
            0.003322558209054873,
            0.04153207777679347,
            0.028263513619511325,
            -0.009944781627540351,
            0.19826768222269592,
            0.006169113436222053,
            0.18610909047731747,
            0.12095523164871422,
            0.001039165676376868,
            0.007911879811396723,
            0.003588439042163179
        ],
        [
            -0.0003987680263850448,
            -0.007119025934716195,
            0.008711265894972613,
            -0.04482510898985495,
            -0.0018141679125176927,
            -0.061760259564135514,
            -0.010339544095472336,
            0.005217493363870679,
            0.02829502118263898,
            0.007585966044866445,
            0.07022130520058933,
            -0.00737190186771551,
            0.010672131160948528,
            0.006169113436222053,
            0.025925473547165134,
            -0.08730535844301,
            -0.04319290115094976,
            0.012096827987575661,
            -0.05611969471782001,
            0.0196593031911422
        ],
        [
            -0.003193733080415036,
            -0.02281891006529802,
            -0.005376147147672305,
            0.022292914756798746,
            -0.0009783480963407505,
            0.0264874501636569,
            0.023389105113421727,
            -0.0007283546498271308,
            -0.04980484103378152,
            -0.01024324196715403,
            -0.03589446945818879,
            0.15916855150024134,
            -0.04976177958026797,
            0.18610909047731747,
            -0.08730535844301,
            0.5909729326513363,
            0.3712264636019111,
            -0.03101109578915259,
            0.15595015563077289,
            -0.04880835820299174
        ],
        [
            -0.03099750010833609,
            -0.031878694069960634,
            -0.0036842220707654022,
            0.01854944084357737,
            -0.00020290155740110155,
            0.019799546010809157,
            0.027041570441580502,
            -0.0011382813362609526,
            0.031587474520829,
            0.0035641786312586416,
            0.08951600882351593,
            0.14421800059787787,
            -0.026865489938817218,
            0.12095523164871422,
            -0.04319290115094976,
            0.3712264636019111,
            0.2567613127828313,
            -0.008781518105695644,
            0.04762867412412368,
            -0.013450744537357635
        ],
        [
            0.006609477440353967,
            0.002617610249994066,
            0.003085549624635287,
            -0.015397528303997645,
            -0.0006272703410690683,
            -0.012713053838279947,
            0.007422104507661124,
            0.0028323875912431395,
            0.022693097591993918,
            0.00548773813085058,
            0.06108114973873184,
            0.013077680569718895,
            0.00498143360197953,
            0.001039165676376868,
            0.012096827987575661,
            -0.03101109578915259,
            -0.008781518105695644,
            0.007667674200909233,
            -0.03571137951000848,
            0.012379663561245579
        ],
        [
            -0.02100081611173373,
            -0.00946144193127939,
            -0.011900483767104864,
            0.05800547577526817,
            0.0021794756112373834,
            0.04374252401011288,
            -0.03589567188347248,
            -0.011082178531613428,
            -0.11283801887909237,
            -0.025613046683658772,
            -0.28291798323354533,
            -0.0594199984834212,
            -0.023913299550275335,
            0.007911879811396723,
            -0.05611969471782001,
            0.15595015563077289,
            0.04762867412412368,
            -0.03571137951000848,
            0.16726286515193237,
            -0.05753121305689777
        ],
        [
            0.011046574636917559,
            0.003921497684458715,
            0.005345329464263238,
            -0.026848036069458462,
            -0.0011145576130511257,
            -0.02342785047457954,
            0.011227110342091081,
            0.0048014896409309055,
            0.03599519153234937,
            0.008863534299118287,
            0.09857184658642133,
            0.02099285023697505,
            0.007978880298301435,
            0.003588439042163179,
            0.0196593031911422,
            -0.04880835820299174,
            -0.013450744537357635,
            0.012379663561245579,
            -0.05753121305689777,
            0.02000690687850435
        ]
    ]
}