{
    "opt_E": -2.145349349782064,
    "HF_E": -2.113580860620771,
    "B3LYP_E": -2.116300899279757,
    "sto-3G_E": -2.087832872339308,
    "proj": [
        [
            0.5412991671140422,
            0.3575506912229564,
            0.008968636313523405,
            -0.1782546859610017,
            -0.017022372740953917,
            0.04683602828484103,
            0.17176391234782515,
            0.02853141301114935,
            -0.21376977033111833,
            -0.022417846350822872,
            0.05276314074350202,
            0.0314644278732577,
            0.007510845360568652,
            0.05525613373211525,
            -0.011989200458657819,
            0.0012696367959694576,
            -0.040770742838041225,
            -0.005776274861382352,
            -0.02726941342543133,
            0.011321445578627461
        ],
        [
            0.3575506912229564,
            0.2439028420255635,
            0.003415473879341085,
            -0.08411434464317845,
            -0.00804115911748264,
            0.08265997494612877,
            0.12759324461649996,
            0.015408548472849217,
            -0.14108432708906485,
            -0.012826631260086652,
            0.040865604825471046,
            0.021602650404253153,
            -0.0012930415364091874,
            -0.009505677505150535,
            -0.0048149554849454225,
            -0.030930666837383762,
            -0.0467389780491489,
            -0.004398042804592359,
            -0.022811143037755943,
            0.008242840786285136
        ],
        [
            0.008968636313523405,
            0.003415473879341085,
            0.0013622572311680604,
            -0.018729326294691012,
            -0.0018336708484987352,
            -0.02215444125448741,
            -0.002933361360818231,
            0.002583414813381516,
            0.002132183149618195,
            -0.0010508303456889384,
            0.0041836909878832235,
            -0.002231613505337211,
            0.0018772361682357294,
            0.01820420820465998,
            0.0010956691284821293,
            -0.0019023445202211102,
            -0.0017846360324199858,
            -0.001276553879717744,
            -0.0054973030834080255,
            0.002268562092688505
        ],
        [
            -0.1782546859610017,
            -0.08411434464317845,
            -0.018729326294691012,
            0.2666967479598416,
            0.025701542069418108,
            0.2943913654423048,
            0.02825962352320514,
            -0.03414775257941934,
            0.020347698213011446,
            0.017295074339623535,
            -0.0221845594857162,
            0.04016497339606035,
            -0.025908892438611383,
            -0.24067500214718382,
            -0.01033035579221206,
            0.023576918477975262,
            0.03310682177525508,
            0.013504359785803948,
            0.056097426167155406,
            -0.023981967196609087
        ],
        [
            -0.017022372740953917,
            -0.00804115911748264,
            -0.0018336708484987352,
            0.025701542069418108,
            0.002521056202973572,
            0.02755220173724838,
            0.0017336956861628602,
            -0.00366274635831066,
            -0.0010886159387708504,
            0.0015485133450748917,
            -0.006847998972800083,
            0.002066061451589966,
            -0.002483957582747987,
            -0.024003231379425814,
            -0.0012941808309014844,
            0.0021037878047648843,
            0.0023386094685060393,
            0.0017682987719612507,
            0.00768422167567015,
            -0.0031601130469059596
        ],
        [
            0.04683602828484103,
            0.08265997494612877,
            -0.02215444125448741,
            0.2943913654423048,
            0.02755220173724838,
            0.4844215213180947,
            0.16281248142946284,
            -0.026652372597229752,
            -0.03028952238303795,
            0.015253046166404867,
            0.09515416288124917,
            0.11276672931448091,
            -0.03533455485632123,
            -0.31402022494273246,
            -0.014766560460154536,
            0.028653229964143833,
            0.035983050399270446,
            0.006607123621152725,
            0.018007086898158154,
            -0.010807994237922286
        ],
        [
            0.17176391234782515,
            0.12759324461649996,
            -0.002933361360818231,
            0.02825962352320514,
            0.0017336956861628602,
            0.16281248142946284,
            0.1147707944591538,
            0.007889263529582543,
            -0.01835754144467391,
            -0.00040857126388286585,
            0.12767040753868047,
            0.07731968990653518,
            -0.006811871972112837,
            -0.05133453175858286,
            -0.004204968352462805,
            0.025484620341913837,
            0.0227812318826482,
            -0.007675243726668423,
            -0.04095228044542901,
            0.014704424702723156
        ],
        [
            0.02853141301114935,
            0.015408548472849217,
            0.002583414813381516,
            -0.03414775257941934,
            -0.00366274635831066,
            -0.026652372597229752,
            0.007889263529582543,
            0.0076318658939322805,
            0.020289299391041547,
            -0.0013738788855241519,
            0.04352140767956096,
            0.01041130070606743,
            0.002857961316303537,
            0.03508745128733589,
            0.003928661764841466,
            -0.004046235107345825,
            0.0008448431445640182,
            -0.005781433486078362,
            -0.02708144497426094,
            0.010426367049603575
        ],
        [
            -0.21376977033111833,
            -0.14108432708906485,
            0.002132183149618195,
            0.020347698213011446,
            -0.0010886159387708504,
            -0.03028952238303795,
            -0.01835754144467391,
            0.020289299391041547,
            0.3085705566137829,
            0.014752291171153073,
            0.3028910253690674,
            0.07747162867456982,
            -0.003994717547448214,
            0.05903139587418021,
            0.039419595717564676,
            -0.07582970232315914,
            0.01412927870603357,
            -0.036368863268458625,
            -0.17662562152200148,
            0.06465668271291411
        ],
        [
            -0.022417846350822872,
            -0.012826631260086652,
            -0.0010508303456889384,
            0.017295074339623535,
            0.0015485133450748917,
            0.015253046166404867,
            -0.00040857126388286585,
            -0.0013738788855241519,
            0.014752291171153073,
            0.001726107521682367,
            0.010017168294886882,
            0.004759286107421426,
            -0.0017531260299894296,
            -0.012149708475075544,
            0.0011598791656348651,
            -0.0025926322217283476,
            0.0020566787863339022,
            -0.0006397656080358941,
            -0.0036657613895772307,
            0.0011209916288982083
        ],
        [
            0.05276314074350202,
            0.040865604825471046,
            0.0041836909878832235,
            -0.0221845594857162,
            -0.006847998972800083,
            0.09515416288124917,
            0.12767040753868047,
            0.04352140767956096,
            0.3028910253690674,
            0.010017168294886882,
            0.5122978560679609,
            0.18978776662260605,
            -0.0024840681610107545,
            0.08415011311349763,
            0.03452980989748515,
            -0.010903765136729299,
            0.0665690487200307,
            -0.0522696590320946,
            -0.2552992468487319,
            0.0948025115978518
        ],
        [
            0.0314644278732577,
            0.021602650404253153,
            -0.002231613505337211,
            0.04016497339606035,
            0.002066061451589966,
            0.11276672931448091,
            0.07731968990653518,
            0.01041130070606743,
            0.07747162867456982,
            0.004759286107421426,
            0.18978776662260605,
            0.12803645244190642,
            0.004194964573989564,
            0.025930075211535314,
            -0.013241047865008258,
            0.16148373502957772,
            0.13623446986337379,
            -0.00863147980772164,
            -0.042722355757798536,
            0.017753141191133796
        ],
        [
            0.007510845360568652,
            -0.0012930415364091874,
            0.0018772361682357294,
            -0.025908892438611383,
            -0.002483957582747987,
            -0.03533455485632123,
            -0.006811871972112837,
            0.002857961316303537,
            -0.003994717547448214,
            -0.0017531260299894296,
            -0.0024840681610107545,
            0.004194964573989564,
            0.005426446156311051,
            0.03739818277653467,
            -0.004248192060841161,
            0.036416671595611766,
            0.02300259035607246,
            0.0009386528927802919,
            0.006120916385489508,
            -0.0013188760183594141
        ],
        [
            0.05525613373211525,
            -0.009505677505150535,
            0.01820420820465998,
            -0.24067500214718382,
            -0.024003231379425814,
            -0.31402022494273246,
            -0.05133453175858286,
            0.03508745128733589,
            0.05903139587418021,
            -0.012149708475075544,
            0.08415011311349763,
            0.025930075211535314,
            0.03739818277653467,
            0.309558426525524,
            -0.005586862363868159,
            0.15101998707197256,
            0.10516106789887242,
            -0.011593819362248818,
            -0.04433115137637613,
            0.022361036521387524
        ],
        [
            -0.011989200458657819,
            -0.0048149554849454225,
            0.0010956691284821293,
            -0.01033035579221206,
            -0.0012941808309014844,
            -0.014766560460154536,
            -0.004204968352462805,
            0.003928661764841466,
            0.039419595717564676,
            0.0011598791656348651,
            0.03452980989748515,
            -0.013241047865008258,
            -0.004248192060841161,
            -0.005586862363868159,
            0.014816996485132407,
            -0.0822328635843078,
            -0.04931769765098988,
            -0.008234731263291844,
            -0.040517487362700486,
            0.013916515782206571
        ],
        [
            0.0012696367959694576,
            -0.030930666837383762,
            -0.0019023445202211102,
            0.023576918477975262,
            0.0021037878047648843,
            0.028653229964143833,
            0.025484620341913837,
            -0.004046235107345825,
            -0.07582970232315914,
            -0.0025926322217283476,
            -0.010903765136729299,
            0.16148373502957772,
            0.036416671595611766,
            0.15101998707197256,
            -0.0822328635843078,
            0.5768573751960338,
            0.38763105634558825,
            0.030986099929473404,
            0.15679151651151635,
            -0.04933661800565461
        ],
        [
            -0.040770742838041225,
            -0.0467389780491489,
            -0.0017846360324199858,
            0.03310682177525508,
            0.0023386094685060393,
            0.035983050399270446,
            0.0227812318826482,
            0.0008448431445640182,
            0.01412927870603357,
            0.0020566787863339022,
            0.0665690487200307,
            0.13623446986337379,
            0.02300259035607246,
            0.10516106789887242,
            -0.04931769765098988,
            0.38763105634558825,
            0.2757509820058172,
            0.013612528440490327,
            0.06987829195533861,
            -0.02012326812382673
        ],
        [
            -0.005776274861382352,
            -0.004398042804592359,
            -0.001276553879717744,
            0.013504359785803948,
            0.0017682987719612507,
            0.006607123621152725,
            -0.007675243726668423,
            -0.005781433486078362,
            -0.036368863268458625,
            -0.0006397656080358941,
            -0.0522696590320946,
            -0.00863147980772164,
            0.0009386528927802919,
            -0.011593819362248818,
            -0.008234731263291844,
            0.030986099929473404,
            0.013612528440490327,
            0.007352332789299625,
            0.035725631283348096,
            -0.012956212966744506
        ],
        [
            -0.02726941342543133,
            -0.022811143037755943,
            -0.0054973030834080255,
            0.056097426167155406,
            0.00768422167567015,
            0.018007086898158154,
            -0.04095228044542901,
            -0.02708144497426094,
            -0.17662562152200148,
            -0.0036657613895772307,
            -0.2552992468487319,
            -0.042722355757798536,
            0.006120916385489508,
            -0.04433115137637613,
            -0.040517487362700486,
            0.15679151651151635,
            0.06987829195533861,
            0.035725631283348096,
            0.17410425109954306,
            -0.0629034275374225
        ],
        [
            0.011321445578627461,
            0.008242840786285136,
            0.002268562092688505,
            -0.023981967196609087,
            -0.0031601130469059596,
            -0.010807994237922286,
            0.014704424702723156,
            0.010426367049603575,
            0.06465668271291411,
            0.0011209916288982083,
            0.0948025115978518,
            0.017753141191133796,
            -0.0013188760183594141,
            0.022361036521387524,
            0.013916515782206571,
            -0.04933661800565461,
            -0.02012326812382673,
            -0.012956212966744506,
            -0.0629034275374225,
            0.022895964892236723
        ]
    ]
}