{
    "opt_E": -2.19663999015217,
    "HF_E": -2.1639863125228627,
    "B3LYP_E": -2.167389615062256,
    "sto-3G_E": -2.146451927095795,
    "proj": [
        [
            0.6042781512542361,
            0.38397600237061175,
            0.01409304294317011,
            -0.14763713883841476,
            -0.04912552123397739,
            -0.04868034841469249,
            0.1514566256137256,
            0.025955730612461977,
            -0.16041891803607564,
            -0.08189157507007926,
            0.03829160132381897,
            0.01830149313754281,
            -0.0015992609791230365,
            0.07604847276922647,
            0.0021602392157405027,
            -0.0024632439598006005,
            -0.02506147327615448,
            0.0008196265980776757,
            -0.02504024289986587,
            -0.0017832102094792438
        ],
        [
            0.38397600237061175,
            0.2692337596554753,
            0.0035828706045044315,
            -0.04467584636154679,
            -0.013265871121781314,
            0.08286141595449792,
            0.14044280484833,
            0.01435803770539115,
            -0.12012902886817979,
            -0.04545229770260832,
            0.01816684911131502,
            0.021128426132807944,
            -0.0008732962113787545,
            -0.02297988710623864,
            -0.000343135312876961,
            -0.029478142290238242,
            -0.03917705216729577,
            0.0005464698842743414,
            -0.010986221912450791,
            -0.001085407254991933
        ],
        [
            0.01409304294317011,
            0.0035828706045044315,
            0.0016318622628101241,
            -0.01526520262857771,
            -0.005508781502878698,
            -0.028102855023396968,
            -0.006679629428951218,
            0.0010788776162041173,
            0.002590512111137841,
            -0.0033334754895064304,
            0.004457251812641914,
            -0.003729089287810957,
            0.0004973591104822144,
            0.015005401598795822,
            0.0003209980303224922,
            -0.00343543225500507,
            -0.0010084588979920137,
            0.00033308025197167435,
            -0.0053623439508713195,
            -0.0001736113767573837
        ],
        [
            -0.14763713883841476,
            -0.04467584636154679,
            -0.01526520262857771,
            0.14337651831779166,
            0.05156716682219103,
            0.25725395009747587,
            0.05642400171562685,
            -0.010646303441415301,
            -0.01611438625466232,
            0.03302309193210921,
            -0.03840511002016499,
            0.03322627880394235,
            -0.004129055143692563,
            -0.14064171458500715,
            -0.0030415147346726946,
            0.026220907797376215,
            0.007400783496144226,
            -0.0027752211233142443,
            0.046586959189917586,
            0.0015324728799093266
        ],
        [
            -0.04912552123397739,
            -0.013265871121781314,
            -0.005508781502878698,
            0.05156716682219103,
            0.018614359376589593,
            0.09376204908974584,
            0.021238938279659676,
            -0.0037107738650337834,
            -0.009564595308842457,
            0.011405465379753033,
            -0.01773285915105583,
            0.011343049004000376,
            -0.0017183994940357366,
            -0.05045967565818167,
            -0.001097269371326804,
            0.01152194430101907,
            0.0029483166401677425,
            -0.0012544337669660786,
            0.019349788286239056,
            0.000636116558270822
        ],
        [
            -0.04868034841469249,
            0.08286141595449792,
            -0.028102855023396968,
            0.25725395009747587,
            0.09376204908974584,
            0.5804231258158824,
            0.22290017929878872,
            -0.011419785111563949,
            -0.06426086795045793,
            0.03701324611789019,
            0.023190013308648907,
            0.12015446757592976,
            -0.007844590463729914,
            -0.2878738718978164,
            -0.005468180583338149,
            0.05191118123302501,
            0.018432186457031364,
            -0.0010998681985502528,
            0.047403429971993344,
            0.0009019494512321591
        ],
        [
            0.1514566256137256,
            0.14044280484833,
            -0.006679629428951218,
            0.05642400171562685,
            0.021238938279659676,
            0.22290017929878872,
            0.14923711246332474,
            0.003518206511760467,
            -0.020530152784224265,
            -0.00840770446892337,
            0.11328989623824541,
            0.08903198211833334,
            -0.0014999366242169395,
            -0.0875324792620298,
            -0.0008832744600179024,
            0.020791499337618733,
            0.019109922237468692,
            0.004533589916935015,
            -0.03443764909307258,
            -0.0018556757045814474
        ],
        [
            0.025955730612461977,
            0.01435803770539115,
            0.0010788776162041173,
            -0.010646303441415301,
            -0.0037107738650337834,
            -0.011419785111563949,
            0.003518206511760467,
            0.001321839978706648,
            -0.00323996549235028,
            -0.004063507557583903,
            0.006012491106016037,
            0.0013485712072762337,
            2.9515939427817693e-05,
            0.00930490929160042,
            0.0002579324409505998,
            0.001801253810720949,
            0.00135565208955439,
            0.0002387990035196719,
            -0.0035188583343696346,
            -0.00015510012831657978
        ],
        [
            -0.16041891803607564,
            -0.12012902886817979,
            0.002590512111137841,
            -0.01611438625466232,
            -0.009564595308842457,
            -0.06426086795045793,
            -0.020530152784224265,
            -0.00323996549235028,
            0.230540384174688,
            0.017669742473633645,
            0.2986073319033349,
            0.07776926054771828,
            0.01221978988902638,
            0.019496294107734985,
            0.0015746645222657007,
            -0.07248381973832732,
            0.02448015224356372,
            0.017304771637707234,
            -0.1733794635195998,
            -0.005949208346650885
        ],
        [
            -0.08189157507007926,
            -0.04545229770260832,
            -0.0033334754895064304,
            0.03302309193210921,
            0.011405465379753033,
            0.03701324611789019,
            -0.00840770446892337,
            -0.004063507557583903,
            0.017669742473633645,
            0.012825857109328624,
            -0.005104769559139611,
            0.001207637013681045,
            0.0001985875981058185,
            -0.028494955452762084,
            -0.0007093788601701737,
            -0.005265659752227326,
            -0.0012908808692418774,
            -5.5169954611940284e-05,
            0.004314481433870255,
            0.0002375888424831101
        ],
        [
            0.03829160132381897,
            0.01816684911131502,
            0.004457251812641914,
            -0.03840511002016499,
            -0.01773285915105583,
            0.023190013308648907,
            0.11328989623824541,
            0.006012491106016037,
            0.2986073319033349,
            -0.005104769559139611,
            0.5665229931133245,
            0.20954128868012056,
            0.014132678751211191,
            0.030651917309201984,
            0.0038813419528898655,
            -0.02598165740045039,
            0.09321166410325854,
            0.029400940421428448,
            -0.28976439236953594,
            -0.01072582589303376
        ],
        [
            0.01830149313754281,
            0.021128426132807944,
            -0.003729089287810957,
            0.03322627880394235,
            0.011343049004000376,
            0.12015446757592976,
            0.08903198211833334,
            0.0013485712072762337,
            0.07776926054771828,
            0.001207637013681045,
            0.20954128868012056,
            0.14181343460268908,
            -0.004675681778410526,
            0.017627144876224844,
            0.002793627200125044,
            0.15852423876787794,
            0.13694061205810767,
            0.0070437679734242165,
            -0.05543632616684667,
            -0.0024387158605960776
        ],
        [
            -0.0015992609791230365,
            -0.0008732962113787545,
            0.0004973591104822144,
            -0.004129055143692563,
            -0.0017183994940357366,
            -0.007844590463729914,
            -0.0014999366242169395,
            2.9515939427817693e-05,
            0.01221978988902638,
            0.0001985875981058185,
            0.014132678751211191,
            -0.004675681778410526,
            0.0020769270094350627,
            -0.00704386568442783,
            -0.00029413380207531564,
            -0.031908722027216764,
            -0.01709175160786601,
            0.0014222089993335234,
            -0.015874385961856734,
            -0.0005312909063313259
        ],
        [
            0.07604847276922647,
            -0.02297988710623864,
            0.015005401598795822,
            -0.14064171458500715,
            -0.05045967565818167,
            -0.2878738718978164,
            -0.0875324792620298,
            0.00930490929160042,
            0.019496294107734985,
            -0.028494955452762084,
            0.030651917309201984,
            0.017627144876224844,
            -0.00704386568442783,
            0.23697668079144102,
            0.006580412537287048,
            0.19836925585397405,
            0.13888977386526466,
            -0.0021742364508145567,
            0.01244988147896559,
            0.0005224946167257521
        ],
        [
            0.0021602392157405027,
            -0.000343135312876961,
            0.0003209980303224922,
            -0.0030415147346726946,
            -0.001097269371326804,
            -0.005468180583338149,
            -0.0008832744600179024,
            0.0002579324409505998,
            0.0015746645222657007,
            -0.0007093788601701737,
            0.0038813419528898655,
            0.002793627200125044,
            -0.00029413380207531564,
            0.006580412537287048,
            0.0002210786204134939,
            0.008262027773189967,
            0.006112389172858483,
            3.0397295273059716e-05,
            -0.0002755869740098317,
            -1.550735396611836e-05
        ],
        [
            -0.0024632439598006005,
            -0.029478142290238242,
            -0.00343543225500507,
            0.026220907797376215,
            0.01152194430101907,
            0.05191118123302501,
            0.020791499337618733,
            0.001801253810720949,
            -0.07248381973832732,
            -0.005265659752227326,
            -0.02598165740045039,
            0.15852423876787794,
            -0.031908722027216764,
            0.19836925585397405,
            0.008262027773189967,
            0.5922011992940543,
            0.36949149998807257,
            -0.014028975443069757,
            0.16848770063175889,
            0.005406285266906189
        ],
        [
            -0.02506147327615448,
            -0.03917705216729577,
            -0.0010084588979920137,
            0.007400783496144226,
            0.0029483166401677425,
            0.018432186457031364,
            0.019109922237468692,
            0.00135565208955439,
            0.02448015224356372,
            -0.0012908808692418774,
            0.09321166410325854,
            0.13694061205810767,
            -0.01709175160786601,
            0.13888977386526466,
            0.006112389172858483,
            0.36949149998807257,
            0.2541095673578849,
            -0.0030736692216533127,
            0.04905599344265969,
            0.0013666969668910914
        ],
        [
            0.0008196265980776757,
            0.0005464698842743414,
            0.00033308025197167435,
            -0.0027752211233142443,
            -0.0012544337669660786,
            -0.0010998681985502528,
            0.004533589916935015,
            0.0002387990035196719,
            0.017304771637707234,
            -5.5169954611940284e-05,
            0.029400940421428448,
            0.0070437679734242165,
            0.0014222089993335234,
            -0.0021742364508145567,
            3.0397295273059716e-05,
            -0.014028975443069757,
            -0.0030736692216533127,
            0.0018030299638833837,
            -0.018457124012816708,
            -0.0006618160004000249
        ],
        [
            -0.02504024289986587,
            -0.010986221912450791,
            -0.0053623439508713195,
            0.046586959189917586,
            0.019349788286239056,
            0.047403429971993344,
            -0.03443764909307258,
            -0.0035188583343696346,
            -0.1733794635195998,
            0.004314481433870255,
            -0.28976439236953594,
            -0.05543632616684667,
            -0.015874385961856734,
            0.01244988147896559,
            -0.0002755869740098317,
            0.16848770063175889,
            0.04905599344265969,
            -0.018457124012816708,
            0.1925451871392403,
            0.006849738637241926
        ],
        [
            -0.0017832102094792438,
            -0.001085407254991933,
            -0.0001736113767573837,
            0.0015324728799093266,
            0.000636116558270822,
            0.0009019494512321591,
            -0.0018556757045814474,
            -0.00015510012831657978,
            -0.005949208346650885,
            0.0002375888424831101,
            -0.01072582589303376,
            -0.0024387158605960776,
            -0.0005312909063313259,
            0.0005224946167257521,
            -1.550735396611836e-05,
            0.005406285266906189,
            0.0013666969668910914,
            -0.0006618160004000249,
            0.006849738637241926,
            0.0002469316988001124
        ]
    ]
}