{
    "opt_E": -2.1619919726762236,
    "HF_E": -2.1304752824235886,
    "B3LYP_E": -2.1327528250400287,
    "sto-3G_E": -2.105900673814444,
    "proj": [
        [
            0.5808655816860352,
            0.3831577559236123,
            -0.05099359536168718,
            -0.15937616841340593,
            -0.004110836969806608,
            -0.022097270801652368,
            0.1598959242762756,
            -0.09523628827298551,
            -0.16481826050372334,
            0.0007290146409528808,
            0.02173725032668951,
            0.028399707256088254,
            -0.014330310618458079,
            0.061913317219499955,
            0.0023551320792964616,
            -0.0023661795427825563,
            -0.025873690156984437,
            0.0017454657849987777,
            -0.018408626862402133,
            0.0014698177614242145
        ],
        [
            0.3831577559236123,
            0.2707370241290524,
            -0.018268564740341307,
            -0.06406986264789874,
            -0.0019552047852819006,
            0.07206977104431497,
            0.13851742442653622,
            -0.052910932955884074,
            -0.11308393528724016,
            -0.00025171772412441515,
            0.029569869534725814,
            0.02726517425814878,
            0.0021181635083260945,
            -0.025418207820480446,
            -0.0007649520832810294,
            -0.038806574522434745,
            -0.0402167834973597,
            0.001395457132339021,
            -0.028631053186651798,
            0.0018513870407177461
        ],
        [
            -0.05099359536168718,
            -0.018268564740341307,
            0.025205871783721388,
            0.06594931024507494,
            0.0012630757485112467,
            0.10376300359557218,
            0.01993762369373628,
            0.025213407772532666,
            -0.020390965306977205,
            -0.003220004647060908,
            -0.01847125595338321,
            0.014514509225531087,
            0.015814013414250035,
            -0.055653254034234316,
            -0.00789685479279499,
            0.013068973171749234,
            0.006199387203992403,
            -0.0025850290551685307,
            0.02958451714176392,
            -0.002579406146830144
        ],
        [
            -0.15937616841340593,
            -0.06406986264789874,
            0.06594931024507494,
            0.17551910615399954,
            0.00342434665367551,
            0.26950369185901557,
            0.0480526397603939,
            0.0655247382096493,
            -0.02661474936858652,
            -0.006867227473947192,
            -0.02225606357798512,
            0.0408218915270859,
            0.0406373993116028,
            -0.15060973854815968,
            -0.018613606714614286,
            0.025429853570324634,
            0.015327085780420795,
            -0.005668872200652887,
            0.055438438607495824,
            -0.005003963985527327
        ],
        [
            -0.004110836969806608,
            -0.0019552047852819006,
            0.0012630757485112467,
            0.00342434665367551,
            6.952351524862543e-05,
            0.004745484935735936,
            0.0004603496371231955,
            0.0013687049999676227,
            -4.8205987547224934e-05,
            -0.00011968333755426655,
            -0.0004743386853223459,
            0.0005033786583753029,
            0.0007450789154036411,
            -0.0030006453080808535,
            -0.0003064631006405493,
            -1.8698674549170593e-05,
            2.860491946342672e-05,
            -9.074789706266757e-05,
            0.0008406455232115037,
            -8.00310374586153e-05
        ],
        [
            -0.022097270801652368,
            0.07206977104431497,
            0.10376300359557218,
            0.26950369185901557,
            0.004745484935735936,
            0.5464435573016834,
            0.1994169754988618,
            0.06949801711281643,
            -0.07942144618892388,
            -0.008584377927571333,
            0.06337137694493057,
            0.1266711738329523,
            0.07282846178808182,
            -0.27498492458992413,
            -0.03210150812619346,
            0.05549960588457262,
            0.03311279120524262,
            -0.007753682603102281,
            0.03865281154926524,
            -0.004126903850534496
        ],
        [
            0.1598959242762756,
            0.13851742442653622,
            0.01993762369373628,
            0.0480526397603939,
            0.0004603496371231955,
            0.1994169754988618,
            0.1331925181673295,
            -0.013618867851893677,
            -0.030016404346275043,
            0.0009713787834249988,
            0.10597803053297969,
            0.07953301364633869,
            0.020331333383466568,
            -0.07779888342892105,
            -0.007886231532339277,
            0.032686436207596425,
            0.022496960586057206,
            -0.0003080583833880556,
            -0.0383328831043519,
            0.0028447584089830473
        ],
        [
            -0.09523628827298551,
            -0.052910932955884074,
            0.025213407772532666,
            0.0655247382096493,
            0.0013687049999676227,
            0.06949801711281643,
            -0.013618867851893677,
            0.036240692202350155,
            -0.03294977929352466,
            -0.005309218386244495,
            -0.07451731089354369,
            -0.013331052319266911,
            0.014129943308168764,
            -0.05050766564965722,
            -0.007983861776291028,
            -0.004463186459067517,
            -0.009184857922758171,
            -0.003441133115274321,
            0.057552823807491466,
            -0.0048952947059837165
        ],
        [
            -0.16481826050372334,
            -0.11308393528724016,
            -0.020390965306977205,
            -0.02661474936858652,
            -4.8205987547224934e-05,
            -0.07942144618892388,
            -0.030016404346275043,
            -0.03294977929352466,
            0.2664880308634753,
            0.0181640173829362,
            0.2946732137358078,
            0.04470263224202577,
            -0.018864501350743478,
            0.015197973100088762,
            0.02335710452777772,
            -0.0411686850710658,
            0.02125569802571828,
            0.011734566985671607,
            -0.23058644488249952,
            0.01879126780634487
        ],
        [
            0.0007290146409528808,
            -0.00025171772412441515,
            -0.003220004647060908,
            -0.006867227473947192,
            -0.00011968333755426655,
            -0.008584377927571333,
            0.0009713787834249988,
            -0.005309218386244495,
            0.0181640173829362,
            0.0015455848609873058,
            0.025005973451107617,
            0.00458192538518685,
            -0.002129234834409325,
            0.004329923800773179,
            0.0020046854769036697,
            -0.0020111253219689067,
            0.0020713611382255593,
            0.0009978726008972678,
            -0.019154754562299765,
            0.0015736140007747892
        ],
        [
            0.02173725032668951,
            0.029569869534725814,
            -0.01847125595338321,
            -0.02225606357798512,
            -0.0004743386853223459,
            0.06337137694493057,
            0.10597803053297969,
            -0.07451731089354369,
            0.2946732137358078,
            0.025005973451107617,
            0.4977899711324952,
            0.16086536698623904,
            -0.010906553665941864,
            0.007531374347058313,
            0.020499962221441678,
            0.060293345951029156,
            0.09919271947255043,
            0.013514296965087718,
            -0.3142449954913312,
            0.025945220088315915
        ],
        [
            0.028399707256088254,
            0.02726517425814878,
            0.014514509225531087,
            0.0408218915270859,
            0.0005033786583753029,
            0.1266711738329523,
            0.07953301364633869,
            -0.013331052319266911,
            0.04470263224202577,
            0.00458192538518685,
            0.16086536698623904,
            0.11607876695921936,
            0.009735110317293768,
            0.0241698302762278,
            -0.008199007038397302,
            0.17638928858795688,
            0.12739307429230953,
            -0.0016409311862545938,
            -0.025134445524099207,
            0.002937186715558691
        ],
        [
            -0.014330310618458079,
            0.0021181635083260945,
            0.015814013414250035,
            0.0406373993116028,
            0.0007450789154036411,
            0.07282846178808182,
            0.020331333383466568,
            0.014129943308168764,
            -0.018864501350743478,
            -0.002129234834409325,
            -0.010906553665941864,
            0.009735110317293768,
            0.010677399824480127,
            -0.040681231931312636,
            -0.005059540524750071,
            0.0021350737464933996,
            -0.0008222064021368882,
            -0.0015249873003123154,
            0.016431340191248756,
            -0.0015066126023952154
        ],
        [
            0.061913317219499955,
            -0.025418207820480446,
            -0.055653254034234316,
            -0.15060973854815968,
            -0.0030006453080808535,
            -0.27498492458992413,
            -0.07779888342892105,
            -0.05050766564965722,
            0.015197973100088762,
            0.004329923800773179,
            0.007531374347058313,
            0.0241698302762278,
            -0.040681231931312636,
            0.2760051406477036,
            0.004040646848129586,
            0.23631470435409369,
            0.15179016518672434,
            -0.002232491077238075,
            0.06226752049118631,
            -0.002817338034828968
        ],
        [
            0.0023551320792964616,
            -0.0007649520832810294,
            -0.00789685479279499,
            -0.018613606714614286,
            -0.0003064631006405493,
            -0.03210150812619346,
            -0.007886231532339277,
            -0.007983861776291028,
            0.02335710452777772,
            0.0020046854769036697,
            0.020499962221441678,
            -0.008199007038397302,
            -0.005059540524750071,
            0.004040646848129586,
            0.004596517271194093,
            -0.028640862551500387,
            -0.01482588388285223,
            0.0019598216371286264,
            -0.02959171465477244,
            0.0023039167430690074
        ],
        [
            -0.0023661795427825563,
            -0.038806574522434745,
            0.013068973171749234,
            0.025429853570324634,
            -1.8698674549170593e-05,
            0.05549960588457262,
            0.032686436207596425,
            -0.004463186459067517,
            -0.0411686850710658,
            -0.0020111253219689067,
            0.060293345951029156,
            0.17638928858795688,
            0.0021350737464933996,
            0.23631470435409369,
            -0.028640862551500387,
            0.53082560561345,
            0.33983926636106726,
            -0.013885749499930673,
            0.18335485586995637,
            -0.01152443418829944
        ],
        [
            -0.025873690156984437,
            -0.0402167834973597,
            0.006199387203992403,
            0.015327085780420795,
            2.860491946342672e-05,
            0.03311279120524262,
            0.022496960586057206,
            -0.009184857922758171,
            0.02125569802571828,
            0.0020713611382255593,
            0.09919271947255043,
            0.12739307429230953,
            -0.0008222064021368882,
            0.15179016518672434,
            -0.01482588388285223,
            0.33983926636106726,
            0.2265215085753113,
            -0.006914798067436583,
            0.07499065423075707,
            -0.003902526361701134
        ],
        [
            0.0017454657849987777,
            0.001395457132339021,
            -0.0025850290551685307,
            -0.005668872200652887,
            -9.074789706266757e-05,
            -0.007753682603102281,
            -0.0003080583833880556,
            -0.003441133115274321,
            0.011734566985671607,
            0.0009978726008972678,
            0.013514296965087718,
            -0.0016409311862545938,
            -0.0015249873003123154,
            -0.002232491077238075,
            0.0019598216371286264,
            -0.013885749499930673,
            -0.006914798067436583,
            0.000949386899996655,
            -0.01597779301529203,
            0.0012310423781762294
        ],
        [
            -0.018408626862402133,
            -0.028631053186651798,
            0.02958451714176392,
            0.055438438607495824,
            0.0008406455232115037,
            0.03865281154926524,
            -0.0383328831043519,
            0.057552823807491466,
            -0.23058644488249952,
            -0.019154754562299765,
            -0.3142449954913312,
            -0.025134445524099207,
            0.016431340191248756,
            0.06226752049118631,
            -0.02959171465477244,
            0.18335485586995637,
            0.07499065423075707,
            -0.01597779301529203,
            0.29841555274535564,
            -0.02324829345019608
        ],
        [
            0.0014698177614242145,
            0.0018513870407177461,
            -0.002579406146830144,
            -0.005003963985527327,
            -8.00310374586153e-05,
            -0.004126903850534496,
            0.0028447584089830473,
            -0.0048952947059837165,
            0.01879126780634487,
            0.0015736140007747892,
            0.025945220088315915,
            0.002937186715558691,
            -0.0015066126023952154,
            -0.002817338034828968,
            0.0023039167430690074,
            -0.01152443418829944,
            -0.003902526361701134,
            0.0012310423781762294,
            -0.02324829345019608,
            0.0018326596669113542
        ]
    ]
}