{
    "opt_E": -2.176173876662303,
    "HF_E": -2.1446495112136366,
    "B3LYP_E": -2.147067065595094,
    "sto-3G_E": -2.1256966203423384,
    "proj": [
        [
            0.5357225726191369,
            0.3402806360286445,
            0.01576234676416979,
            -0.17704702801809685,
            0.027782614280985284,
            0.054129720651207774,
            0.17731346312284887,
            0.01775258703002395,
            -0.23470882408534038,
            0.05767180158786024,
            0.052178857904431865,
            0.03164242603094359,
            0.003204607188197898,
            0.04209879920213821,
            -0.0012672120703370834,
            -0.0010917442519707498,
            -0.036352022680347186,
            -0.008088089941548885,
            -0.023622358098995405,
            0.003652691093091925
        ],
        [
            0.3402806360286445,
            0.22569904835061833,
            0.006587746605644999,
            -0.07140320562245205,
            0.009944064952974119,
            0.09745105340194306,
            0.1296927201369757,
            0.010380456213831622,
            -0.14572539925100697,
            0.03195560295566998,
            0.036028326066068664,
            0.022941717809207295,
            0.003495835022034071,
            -0.02155887969189916,
            -0.0018314636817039574,
            -0.028107302888442688,
            -0.04043388442058679,
            -0.004844882704883236,
            -0.016952209548770462,
            0.0022731663876186334
        ],
        [
            0.01576234676416979,
            0.006587746605644999,
            0.00197216081044378,
            -0.023416029661543058,
            0.00425572398556491,
            -0.0254163330262372,
            -0.0015362032615940612,
            0.000519845183576087,
            -0.004216239497634686,
            0.0038630244460769784,
            0.0056937975913076855,
            -0.0019188643557754232,
            -0.0023899068713563597,
            0.018621680190507698,
            0.0010496033539836385,
            -0.0013435999586716015,
            -0.001225252890010656,
            -0.0017865463945106958,
            -0.005667845970482294,
            0.0006128655399818444
        ],
        [
            -0.17704702801809685,
            -0.07140320562245205,
            -0.023416029661543058,
            0.2793795036492542,
            -0.05085669267646019,
            0.3127891816018536,
            0.028286487002075988,
            -0.006805462839238063,
            0.05479229239522378,
            -0.0445479740463907,
            -0.04733679802054021,
            0.03601570211319993,
            0.029029202906968556,
            -0.21843918642584378,
            -0.012858302491173312,
            0.02961935894088318,
            0.02648836698758354,
            0.01964759438314996,
            0.0616946327751553,
            -0.006691658330689681
        ],
        [
            0.027782614280985284,
            0.009944064952974119,
            0.00425572398556491,
            -0.05085669267646019,
            0.009307459417219346,
            -0.05939157674153357,
            -0.006936408025098747,
            0.0010279933675245581,
            -0.0071565837942332445,
            0.00783903874049039,
            0.009621386820008912,
            -0.006772237167723647,
            -0.00565463816683972,
            0.04071839893341019,
            0.0024845169177196867,
            -0.006079810926283507,
            -0.004715941688849474,
            -0.00380454687896995,
            -0.012101825898653435,
            0.0012876326638396774
        ],
        [
            0.054129720651207774,
            0.09745105340194306,
            -0.0254163330262372,
            0.3127891816018536,
            -0.05939157674153357,
            0.5138180820245539,
            0.1668015125769759,
            -0.004207560614468174,
            -0.010632138556819796,
            -0.029485864089193653,
            0.0454080104083789,
            0.10423364349049867,
            0.03815356537621684,
            -0.2974495501551108,
            -0.017866045619551896,
            0.03400936172750302,
            0.027536638850390396,
            0.013418720893733242,
            0.035508744832320374,
            -0.00393660561364864
        ],
        [
            0.17731346312284887,
            0.1296927201369757,
            -0.0015362032615940612,
            0.028286487002075988,
            -0.006936408025098747,
            0.1668015125769759,
            0.12057799417041967,
            -0.000878197246254787,
            -0.021247911496025423,
            0.01331890512891545,
            0.12759908794442407,
            0.08085224947153831,
            0.005217787331676856,
            -0.051661209795271494,
            -0.0035345009013637383,
            0.022210836355706334,
            0.02376039253505315,
            -0.010659947802468822,
            -0.04194481453744825,
            0.0041955042480436916
        ],
        [
            0.01775258703002395,
            0.010380456213831622,
            0.000519845183576087,
            -0.006805462839238063,
            0.0010279933675245581,
            -0.004207560614468174,
            -0.000878197246254787,
            0.0022002984273924,
            -0.024205746745311882,
            0.0010599189742459656,
            -0.0274820242855159,
            -0.009132320676531592,
            0.002789427306445181,
            0.0017346072415293787,
            -0.0008396857370765299,
            0.006214506491393225,
            -0.0025511683604104805,
            0.0036763111553204074,
            0.014457286491843252,
            -0.0012563583189168365
        ],
        [
            -0.23470882408534038,
            -0.14572539925100697,
            -0.004216239497634686,
            0.05479229239522378,
            -0.0071565837942332445,
            -0.010632138556819796,
            -0.021247911496025423,
            -0.024205746745311882,
            0.2750144585612448,
            -0.012819679560055445,
            0.2812206212739106,
            0.08279258791928815,
            -0.03371486041029705,
            0.006913754158335508,
            0.01081953723797195,
            -0.07139709234837548,
            0.02534019142104123,
            -0.039600113196502786,
            -0.15473483018761525,
            0.013397892847953247
        ],
        [
            0.05767180158786024,
            0.03195560295566998,
            0.0038630244460769784,
            -0.0445479740463907,
            0.00783903874049039,
            -0.029485864089193653,
            0.01331890512891545,
            0.0010599189742459656,
            -0.012819679560055445,
            0.009807300912412317,
            0.027672323636953176,
            0.006362630357579469,
            -0.00414424713360624,
            0.030869870395360235,
            0.0016620587568599364,
            -0.00040070493972263504,
            -7.739610610520935e-05,
            -0.004982129658759275,
            -0.016836119296722005,
            0.0017827595531890899
        ],
        [
            0.052178857904431865,
            0.036028326066068664,
            0.0056937975913076855,
            -0.04733679802054021,
            0.009621386820008912,
            0.0454080104083789,
            0.12759908794442407,
            -0.0274820242855159,
            0.2812206212739106,
            0.027672323636953176,
            0.5581235154725191,
            0.20884933367702438,
            -0.04670456047279433,
            0.07230075698157512,
            0.014183774947786765,
            -0.032962791658885375,
            0.07802258859599993,
            -0.07328792909747056,
            -0.27722627975338343,
            0.025655587646317892
        ],
        [
            0.03164242603094359,
            0.022941717809207295,
            -0.0019188643557754232,
            0.03601570211319993,
            -0.006772237167723647,
            0.10423364349049867,
            0.08085224947153831,
            -0.009132320676531592,
            0.08279258791928815,
            0.006362630357579469,
            0.20884933367702438,
            0.13937212992325979,
            0.007445102895708502,
            0.030071031514419824,
            -0.004338404685288507,
            0.1584654096081707,
            0.14078213973823203,
            -0.015050209705819995,
            -0.053928109650263144,
            0.005554722933055825
        ],
        [
            0.003204607188197898,
            0.003495835022034071,
            -0.0023899068713563597,
            0.029029202906968556,
            -0.00565463816683972,
            0.03815356537621684,
            0.005217787331676856,
            0.002789427306445181,
            -0.03371486041029705,
            -0.00414424713360624,
            -0.04670456047279433,
            0.007445102895708502,
            0.014169357083008243,
            -0.009714546085391034,
            -0.005202583942646279,
            0.06878107910521353,
            0.036380023192045245,
            0.011183995424877375,
            0.043233959053806885,
            -0.003789822706872925
        ],
        [
            0.04209879920213821,
            -0.02155887969189916,
            0.018621680190507698,
            -0.21843918642584378,
            0.04071839893341019,
            -0.2974495501551108,
            -0.051661209795271494,
            0.0017346072415293787,
            0.006913754158335508,
            0.030869870395360235,
            0.07230075698157512,
            0.030071031514419824,
            -0.009714546085391034,
            0.2618333297310305,
            0.005540171768375874,
            0.16731013657933852,
            0.11925441094860018,
            -0.01072093730172126,
            -0.023906498175460256,
            0.003570546463066967
        ],
        [
            -0.0012672120703370834,
            -0.0018314636817039574,
            0.0010496033539836385,
            -0.012858302491173312,
            0.0024845169177196867,
            -0.017866045619551896,
            -0.0035345009013637383,
            -0.0008396857370765299,
            0.01081953723797195,
            0.0016620587568599364,
            0.014183774947786765,
            -0.004338404685288507,
            -0.005202583942646279,
            0.005540171768375874,
            0.0019524835789234477,
            -0.024916641614695617,
            -0.01369002263156739,
            -0.0038343048698583457,
            -0.014713739819354593,
            0.0012920117199691449
        ],
        [
            -0.0010917442519707498,
            -0.028107302888442688,
            -0.0013435999586716015,
            0.02961935894088318,
            -0.006079810926283507,
            0.03400936172750302,
            0.022210836355706334,
            0.006214506491393225,
            -0.07139709234837548,
            -0.00040070493972263504,
            -0.032962791658885375,
            0.1584654096081707,
            0.06878107910521353,
            0.16731013657933852,
            -0.024916641614695617,
            0.589601685193252,
            0.3820256614814518,
            0.03801890656590788,
            0.16243440737598816,
            -0.012719949629002927
        ],
        [
            -0.036352022680347186,
            -0.04043388442058679,
            -0.001225252890010656,
            0.02648836698758354,
            -0.004715941688849474,
            0.027536638850390396,
            0.02376039253505315,
            -0.0025511683604104805,
            0.02534019142104123,
            -7.739610610520935e-05,
            0.07802258859599993,
            0.14078213973823203,
            0.036380023192045245,
            0.11925441094860018,
            -0.01369002263156739,
            0.3820256614814518,
            0.2690940007344339,
            0.012078687188704777,
            0.05731286180351549,
            -0.003908470236593599
        ],
        [
            -0.008088089941548885,
            -0.004844882704883236,
            -0.0017865463945106958,
            0.01964759438314996,
            -0.00380454687896995,
            0.013418720893733242,
            -0.010659947802468822,
            0.0036763111553204074,
            -0.039600113196502786,
            -0.004982129658759275,
            -0.07328792909747056,
            -0.015050209705819995,
            0.011183995424877375,
            -0.01072093730172126,
            -0.0038343048698583457,
            0.03801890656590788,
            0.012078687188704777,
            0.012160472335328593,
            0.046459237937902076,
            -0.004202883535707993
        ],
        [
            -0.023622358098995405,
            -0.016952209548770462,
            -0.005667845970482294,
            0.0616946327751553,
            -0.012101825898653435,
            0.035508744832320374,
            -0.04194481453744825,
            0.014457286491843252,
            -0.15473483018761525,
            -0.016836119296722005,
            -0.27722627975338343,
            -0.053928109650263144,
            0.043233959053806885,
            -0.023906498175460256,
            -0.014713739819354593,
            0.16243440737598816,
            0.05731286180351549,
            0.046459237937902076,
            0.17873910558499564,
            -0.016051827274530948
        ],
        [
            0.003652691093091925,
            0.0022731663876186334,
            0.0006128655399818444,
            -0.006691658330689681,
            0.0012876326638396774,
            -0.00393660561364864,
            0.0041955042480436916,
            -0.0012563583189168365,
            0.013397892847953247,
            0.0017827595531890899,
            0.025655587646317892,
            0.005554722933055825,
            -0.003789822706872925,
            0.003570546463066967,
            0.0012920117199691449,
            -0.012719949629002927,
            -0.003908470236593599,
            -0.004202883535707993,
            -0.016051827274530948,
            0.0014550414205533626
        ]
    ]
}