{
    "opt_E": -2.2217466524958454,
    "HF_E": -2.1897430090808854,
    "B3LYP_E": -2.192116501779746,
    "sto-3G_E": -2.1783026054543493,
    "proj": [
        [
            0.5882256291163378,
            0.35344756978337977,
            0.039641721789017884,
            -0.16385600409417367,
            0.03472778450980926,
            -0.019949126013403158,
            0.1616003265181438,
            0.07823660095579554,
            -0.2195615496436324,
            0.05284192983430788,
            0.028179549859647386,
            0.024542482726645578,
            0.009560583644371875,
            0.040089121962534315,
            0.00022871737352258466,
            -0.004767068898239419,
            -0.02327413017727155,
            0.00830709316403658,
            -0.016570482417431816,
            -0.005349956600980469
        ],
        [
            0.35344756978337977,
            0.2388082216375914,
            0.007496137168516733,
            -0.03919096843503708,
            0.008092708442043284,
            0.11099581975071103,
            0.14347438856815758,
            0.03359927692764716,
            -0.1303889592930675,
            0.02639141721339881,
            0.010412962188670749,
            0.026236089236730303,
            -0.00849209889315819,
            -0.0320377663703161,
            0.0036276293864261964,
            -0.025857544023367932,
            -0.0287242480174238,
            0.001948121661937958,
            -0.007571618949969549,
            -0.0010523566009647152
        ],
        [
            0.039641721789017884,
            0.007496137168516733,
            0.013747179929654024,
            -0.05036540512037305,
            0.010887341233616779,
            -0.08156445366762527,
            -0.01800043079831805,
            0.016063614284009726,
            -0.009279542262817072,
            0.006458625316260302,
            0.019774893334311993,
            -0.006576165892551661,
            0.014014140921995393,
            0.030501529921053726,
            -0.00563053647597585,
            -0.005661356713897826,
            -0.0018030056336460747,
            0.00587701229372231,
            -0.015060554816609083,
            -0.004826318436970735
        ],
        [
            -0.16385600409417367,
            -0.03919096843503708,
            -0.05036540512037305,
            0.1863861056387876,
            -0.04013336028055081,
            0.29518760173742886,
            0.06281991937691773,
            -0.05726739010240673,
            0.05144156283184837,
            -0.025906562653689253,
            -0.04752469437567504,
            0.029547560759309376,
            -0.047125423338109075,
            -0.11618567028632819,
            0.01735670888522808,
            0.011616059880138375,
            0.006467168050064986,
            -0.01734954239253606,
            0.040154084147889735,
            0.013867289906258674
        ],
        [
            0.03472778450980926,
            0.008092708442043284,
            0.010887341233616779,
            -0.04013336028055081,
            0.008659826962733904,
            -0.06352725687253981,
            -0.013166429673552946,
            0.012700566877082228,
            -0.009611910104256782,
            0.00544923526596443,
            0.013454610526429035,
            -0.005159046535747365,
            0.010473371943066571,
            0.024870063118684792,
            -0.003983813697380233,
            -0.0024332139292400083,
            -0.0007300072263513042,
            0.004186654790493032,
            -0.010220262432259222,
            -0.003389405657469709
        ],
        [
            -0.019949126013403158,
            0.11099581975071103,
            -0.08156445366762527,
            0.29518760173742886,
            -0.06352725687253981,
            0.6030343553261546,
            0.22842012317395155,
            -0.06794768443650095,
            0.01123520801168871,
            -0.02656519894909476,
            -0.021573183720709162,
            0.09797437457292293,
            -0.0862842831692194,
            -0.22201996349335174,
            0.03144169022743296,
            0.022112828801122617,
            0.012563654877916738,
            -0.02275685577426418,
            0.04398191504447772,
            0.018088704680770454
        ],
        [
            0.1616003265181438,
            0.14347438856815758,
            -0.01800043079831805,
            0.06281991937691773,
            -0.013166429673552946,
            0.22842012317395155,
            0.1504282292352928,
            0.008691610500666818,
            -0.024059575943934472,
            0.002900681442262896,
            0.0926116165900651,
            0.08560995913327042,
            -0.023613896073119842,
            -0.06979445179321309,
            0.007400652169365906,
            0.028346574061856086,
            0.028246250432668367,
            0.005366352941548387,
            -0.02781037624578856,
            -0.004950075809931114
        ],
        [
            0.07823660095579554,
            0.03359927692764716,
            0.016063614284009726,
            -0.05726739010240673,
            0.012700566877082228,
            -0.06794768443650095,
            0.008691610500666818,
            0.02878481094817863,
            0.002581413250291125,
            0.007637165776501827,
            0.08807723224046074,
            0.021549938270754257,
            0.019992892061587327,
            0.023856026608038518,
            -0.010391480277630961,
            -0.00821421627579927,
            0.007677527569484542,
            0.015611102063679575,
            -0.04899776193836629,
            -0.013428933171638445
        ],
        [
            -0.2195615496436324,
            -0.1303889592930675,
            -0.009279542262817072,
            0.05144156283184837,
            -0.009611910104256782,
            0.01123520801168871,
            -0.024059575943934472,
            0.002581413250291125,
            0.17443903011459946,
            -0.026032514245714424,
            0.22192190685035176,
            0.06769788660898904,
            0.025216775183817836,
            -0.04006484436961709,
            -0.022103364973601575,
            -0.03355511043056704,
            0.03027940866172947,
            0.032366936313650146,
            -0.1185275530265649,
            -0.029768408581661517
        ],
        [
            0.05284192983430788,
            0.02639141721339881,
            0.006458625316260302,
            -0.025906562653689253,
            0.00544923526596443,
            -0.02656519894909476,
            0.002900681442262896,
            0.007637165776501827,
            -0.026032514245714424,
            0.00622304761767225,
            -0.01128969957348447,
            -0.0051565266975113384,
            0.001857294853582792,
            0.01632781943159583,
            0.0007290620055581179,
            0.006210518934903417,
            -0.0007052631277148768,
            -0.0009373886425396524,
            0.006080782710544053,
            0.0011386829788713087
        ],
        [
            0.028179549859647386,
            0.010412962188670749,
            0.019774893334311993,
            -0.04752469437567504,
            0.013454610526429035,
            -0.021573183720709162,
            0.0926116165900651,
            0.08807723224046074,
            0.22192190685035176,
            -0.01128969957348447,
            0.6006706491735356,
            0.21952677619958028,
            0.06728417504378599,
            -0.015172480278542459,
            -0.048107100438987214,
            -0.002746841084160391,
            0.10834031360488611,
            0.08671157074847505,
            -0.2991389912566648,
            -0.0770951823906679
        ],
        [
            0.024542482726645578,
            0.026236089236730303,
            -0.006576165892551661,
            0.029547560759309376,
            -0.005159046535747365,
            0.09797437457292293,
            0.08560995913327042,
            0.021549938270754257,
            0.06769788660898904,
            -0.0051565266975113384,
            0.21952677619958028,
            0.14601085066498384,
            -0.011251644832102729,
            0.022902254598551646,
            0.0062889269070539175,
            0.16650226328312634,
            0.14127954475844326,
            0.017171246262771684,
            -0.05809134288648286,
            -0.014866792081899697
        ],
        [
            0.009560583644371875,
            -0.00849209889315819,
            0.014014140921995393,
            -0.047125423338109075,
            0.010473371943066571,
            -0.0862842831692194,
            -0.023613896073119842,
            0.019992892061587327,
            0.025216775183817836,
            0.001857294853582792,
            0.06728417504378599,
            -0.011251644832102729,
            0.02888720926759899,
            -0.0007556036793072694,
            -0.0179383199252957,
            -0.07786863419463384,
            -0.035641192736107385,
            0.017553674687797657,
            -0.05880953370842403,
            -0.01562224486436521
        ],
        [
            0.040089121962534315,
            -0.0320377663703161,
            0.030501529921053726,
            -0.11618567028632819,
            0.024870063118684792,
            -0.22201996349335174,
            -0.06979445179321309,
            0.023856026608038518,
            -0.04006484436961709,
            0.01632781943159583,
            -0.015172480278542459,
            0.022902254598551646,
            -0.0007556036793072694,
            0.17953790693145286,
            0.01689125719612887,
            0.2253456458354599,
            0.13172080465483826,
            -0.010666830683119485,
            0.06001488614799342,
            0.011414333327043459
        ],
        [
            0.00022871737352258466,
            0.0036276293864261964,
            -0.00563053647597585,
            0.01735670888522808,
            -0.003983813697380233,
            0.03144169022743296,
            0.007400652169365906,
            -0.010391480277630961,
            -0.022103364973601575,
            0.0007290620055581179,
            -0.048107100438987214,
            0.0062889269070539175,
            -0.0179383199252957,
            0.01689125719612887,
            0.012711785541036457,
            0.06638648394827198,
            0.03158071516420158,
            -0.01233549344252995,
            0.04365322722195856,
            0.01115863973398779
        ],
        [
            -0.004767068898239419,
            -0.025857544023367932,
            -0.005661356713897826,
            0.011616059880138375,
            -0.0024332139292400083,
            0.022112828801122617,
            0.028346574061856086,
            -0.00821421627579927,
            -0.03355511043056704,
            0.006210518934903417,
            -0.002746841084160391,
            0.16650226328312634,
            -0.07786863419463384,
            0.2253456458354599,
            0.06638648394827198,
            0.5757063333316697,
            0.3500329818969549,
            -0.040369334383789104,
            0.16210060851233066,
            0.038321498281398726
        ],
        [
            -0.02327413017727155,
            -0.0287242480174238,
            -0.0018030056336460747,
            0.006467168050064986,
            -0.0007300072263513042,
            0.012563654877916738,
            0.028246250432668367,
            0.007677527569484542,
            0.03027940866172947,
            -0.0007052631277148768,
            0.10834031360488611,
            0.14127954475844326,
            -0.035641192736107385,
            0.13172080465483826,
            0.03158071516420158,
            0.3500329818969549,
            0.234089755852663,
            -0.008936182576582479,
            0.04406716128820317,
            0.009326715750359345
        ],
        [
            0.00830709316403658,
            0.001948121661937958,
            0.00587701229372231,
            -0.01734954239253606,
            0.004186654790493032,
            -0.02275685577426418,
            0.005366352941548387,
            0.015611102063679575,
            0.032366936313650146,
            -0.0009373886425396524,
            0.08671157074847505,
            0.017171246262771684,
            0.017553674687797657,
            -0.010666830683119485,
            -0.01233549344252995,
            -0.040369334383789104,
            -0.008936182576582479,
            0.01585772221647903,
            -0.05516167016051044,
            -0.01418901588748334
        ],
        [
            -0.016570482417431816,
            -0.007571618949969549,
            -0.015060554816609083,
            0.040154084147889735,
            -0.010220262432259222,
            0.04398191504447772,
            -0.02781037624578856,
            -0.04899776193836629,
            -0.1185275530265649,
            0.006080782710544053,
            -0.2991389912566648,
            -0.05809134288648286,
            -0.05880953370842403,
            0.06001488614799342,
            0.04365322722195856,
            0.16210060851233066,
            0.04406716128820317,
            -0.05516167016051044,
            0.1950706553234054,
            0.049620283134658195
        ],
        [
            -0.005349956600980469,
            -0.0010523566009647152,
            -0.004826318436970735,
            0.013867289906258674,
            -0.003389405657469709,
            0.018088704680770454,
            -0.004950075809931114,
            -0.013428933171638445,
            -0.029768408581661517,
            0.0011386829788713087,
            -0.0770951823906679,
            -0.014866792081899697,
            -0.01562224486436521,
            0.011414333327043459,
            0.01115863973398779,
            0.038321498281398726,
            0.009326715750359345,
            -0.01418901588748334,
            0.049620283134658195,
            0.012720695170173123
        ]
    ]
}