{
    "opt_E": -2.215237467843364,
    "HF_E": -2.1850791759181125,
    "B3LYP_E": -2.186648197123825,
    "sto-3G_E": -2.176972128808997,
    "proj": [
        [
            0.547821166050502,
            0.33960339524540817,
            0.001232184771705376,
            -0.159593551310587,
            -0.07318869030956097,
            0.03289436088294172,
            0.17761587413544253,
            0.01093064234193485,
            -0.22821025971991188,
            -0.12044669130010563,
            0.011628214327647391,
            0.03313679353364773,
            0.0009453206137840146,
            0.01648102419510084,
            -0.007529302983900386,
            -0.0064385493093337635,
            -0.022927334779742393,
            0.0049700402976543346,
            -0.007893509116238234,
            -0.001274340745265236
        ],
        [
            0.33960339524540817,
            0.22509091448700833,
            -0.0005964447977615987,
            -0.052815504513344845,
            -0.022919395012461853,
            0.10750735562126872,
            0.14095986079726852,
            0.0046620581392839335,
            -0.12854702714098656,
            -0.06215823238335024,
            0.020388759256169384,
            0.031580331864230864,
            -0.007470705771770768,
            -0.032235644151140004,
            0.0013079466679477526,
            -0.025271499163482366,
            -0.022678970084185242,
            0.00447358269299885,
            -0.01610840256473397,
            -9.109028915393755e-05
        ],
        [
            0.001232184771705376,
            -0.0005964447977615987,
            0.0003478531130991823,
            -0.006876292747321662,
            -0.003627008410614633,
            -0.01142815683967388,
            -0.0023974589910866297,
            0.0018965246732501409,
            0.0016888881092695586,
            -0.002704312710596016,
            0.008078963969598335,
            0.0003951157845577639,
            0.0037069273718547493,
            0.0018545607548714786,
            -0.0006351426424957995,
            -0.0026699275453812774,
            -0.0005585776533329758,
            0.0025965635293408954,
            -0.006167980535472325,
            0.00026443033995960573
        ],
        [
            -0.159593551310587,
            -0.052815504513344845,
            -0.006876292747321662,
            0.21678523304577443,
            0.10686163281443603,
            0.3052253045802117,
            0.0505346061959804,
            -0.025178704568021723,
            0.07788273204346557,
            0.08655415896916703,
            -0.038251346266320534,
            0.026378409260220354,
            -0.05893002334416188,
            -0.10797023168973503,
            0.021466796484588012,
            0.009379738685562898,
            0.012326716746354749,
            -0.024325872191630772,
            0.03966123921395978,
            -0.0008745549279796961
        ],
        [
            -0.07318869030956097,
            -0.022919395012461853,
            -0.003627008410614633,
            0.10686163281443603,
            0.053137173476806576,
            0.1525568917838944,
            0.025080293315983392,
            -0.014658995724606213,
            0.030705905852466055,
            0.042980579858411874,
            -0.033652813079551605,
            0.008959517111967625,
            -0.03208871975902779,
            -0.051087554979547596,
            0.010509353292319836,
            0.006240268385066242,
            0.0044557744341364265,
            -0.015446538265842425,
            0.02881804322725386,
            -0.0008640209122405028
        ],
        [
            0.03289436088294172,
            0.10750735562126872,
            -0.01142815683967388,
            0.3052253045802117,
            0.1525568917838944,
            0.587625417797269,
            0.20808819593630914,
            -0.033476679910663706,
            0.02409197905067759,
            0.08459464755921635,
            -0.018140793038764178,
            0.08569109763855202,
            -0.10210280410638176,
            -0.19502950232280689,
            0.03554592700087523,
            0.01657849830948861,
            0.01835750387570443,
            -0.03267587005898912,
            0.04334696602474507,
            -0.001259553716448856
        ],
        [
            0.17761587413544253,
            0.14095986079726852,
            -0.0023974589910866297,
            0.0505346061959804,
            0.025080293315983392,
            0.20808819593630914,
            0.13891576199428676,
            0.004614161661066825,
            -0.0305508392241285,
            -0.015875716625774354,
            0.08656002820674115,
            0.0779399615083322,
            -0.025041926344117362,
            -0.057624769324633895,
            0.009440387415231826,
            0.032537510124232394,
            0.03066424014614418,
            0.006307385710518383,
            -0.029350256471770093,
            0.0009389967771353882
        ],
        [
            0.01093064234193485,
            0.0046620581392839335,
            0.0018965246732501409,
            -0.025178704568021723,
            -0.014658995724606213,
            -0.033476679910663706,
            0.004614161661066825,
            0.014890548126763799,
            0.024283644537698473,
            -0.014804990900947185,
            0.08537443731498674,
            0.022742693135307728,
            0.020964865965833225,
            -0.0014600072888251942,
            -0.0017107023530117831,
            -0.007648738996496534,
            0.008179799486528153,
            0.02096444166573323,
            -0.05388183053284109,
            0.002348179328382595
        ],
        [
            -0.22821025971991188,
            -0.12854702714098656,
            0.0016888881092695586,
            0.07788273204346557,
            0.030705905852466055,
            0.02409197905067759,
            -0.0305508392241285,
            0.024283644537698473,
            0.17347448324094558,
            0.03887535998754369,
            0.19942536266316838,
            0.057154719184889555,
            0.02990307852790229,
            -0.052412907736612356,
            0.006802465466262952,
            -0.013429368518143211,
            0.03402719115065806,
            0.0422653416011497,
            -0.11943194136117043,
            0.0061132445603107105
        ],
        [
            -0.12044669130010563,
            -0.06215823238335024,
            -0.002704312710596016,
            0.08655415896916703,
            0.042980579858411874,
            0.08459464755921635,
            -0.015875716625774354,
            -0.014804990900947185,
            0.03887535998754369,
            0.04506823152790842,
            -0.05421007677283376,
            -0.013334355188532375,
            -0.022584313887019845,
            -0.03255654117068289,
            0.0072698084135964635,
            -0.004390685790671499,
            -0.004737844287714191,
            -0.01577630109251302,
            0.03391169582108117,
            -0.0010036697080559984
        ],
        [
            0.011628214327647391,
            0.020388759256169384,
            0.008078963969598335,
            -0.038251346266320534,
            -0.033652813079551605,
            -0.018140793038764178,
            0.08656002820674115,
            0.08537443731498674,
            0.19942536266316838,
            -0.05421007677283376,
            0.5723708297835647,
            0.20747146265389324,
            0.08811834906841011,
            -0.040116343679341096,
            0.00026588384814239834,
            0.04505168960428209,
            0.1184284817036807,
            0.11921657265432858,
            -0.3175695072123744,
            0.01393857749465149
        ],
        [
            0.03313679353364773,
            0.031580331864230864,
            0.0003951157845577639,
            0.026378409260220354,
            0.008959517111967625,
            0.08569109763855202,
            0.0779399615083322,
            0.022742693135307728,
            0.057154719184889555,
            -0.013334355188532375,
            0.20747146265389324,
            0.13630573400427,
            -0.013346931789218109,
            0.030978936619211233,
            0.0016561144360307607,
            0.17602861543931453,
            0.13767592535714648,
            0.020071275815114968,
            -0.05425583823695376,
            0.0018156081818294458
        ],
        [
            0.0009453206137840146,
            -0.007470705771770768,
            0.0037069273718547493,
            -0.05893002334416188,
            -0.03208871975902779,
            -0.10210280410638176,
            -0.025041926344117362,
            0.020964865965833225,
            0.02990307852790229,
            -0.022584313887019845,
            0.08811834906841011,
            -0.013346931789218109,
            0.05000855844570444,
            -0.021996980133067088,
            -0.003687440206499412,
            -0.09929980673646334,
            -0.046356963587124635,
            0.03559658472191452,
            -0.09112509828079643,
            0.004266436033056003
        ],
        [
            0.01648102419510084,
            -0.032235644151140004,
            0.0018545607548714786,
            -0.10797023168973503,
            -0.051087554979547596,
            -0.19502950232280689,
            -0.057624769324633895,
            -0.0014600072888251942,
            -0.052412907736612356,
            -0.03255654117068289,
            -0.040116343679341096,
            0.030978936619211233,
            -0.021996980133067088,
            0.19382129188439945,
            -0.018363106865663305,
            0.24963029219483282,
            0.13531643974747443,
            -0.029442634773569943,
            0.10290865383531084,
            -0.005798937772866701
        ],
        [
            -0.007529302983900386,
            0.0013079466679477526,
            -0.0006351426424957995,
            0.021466796484588012,
            0.010509353292319836,
            0.03554592700087523,
            0.009440387415231826,
            -0.0017107023530117831,
            0.006802465466262952,
            0.0072698084135964635,
            0.00026588384814239834,
            0.0016561144360307607,
            -0.003687440206499412,
            -0.018363106865663305,
            0.002607113153739116,
            -0.01121007925860436,
            -0.005469875162795601,
            -0.00027865383126810363,
            -0.002495971967555424,
            0.00022466621447849336
        ],
        [
            -0.0064385493093337635,
            -0.025271499163482366,
            -0.0026699275453812774,
            0.009379738685562898,
            0.006240268385066242,
            0.01657849830948861,
            0.032537510124232394,
            -0.007648738996496534,
            -0.013429368518143211,
            -0.004390685790671499,
            0.04505168960428209,
            0.17602861543931453,
            -0.09929980673646334,
            0.24963029219483282,
            -0.01121007925860436,
            0.5467100985095181,
            0.3293019076361103,
            -0.05636866192789307,
            0.16849225106201213,
            -0.009402614290217852
        ],
        [
            -0.022927334779742393,
            -0.022678970084185242,
            -0.0005585776533329758,
            0.012326716746354749,
            0.0044557744341364265,
            0.01835750387570443,
            0.03066424014614418,
            0.008179799486528153,
            0.03402719115065806,
            -0.004737844287714191,
            0.1184284817036807,
            0.13767592535714648,
            -0.046356963587124635,
            0.13531643974747443,
            -0.005469875162795601,
            0.3293019076361103,
            0.21409113615697287,
            -0.014718497642436894,
            0.048818152316370475,
            -0.003244228288393443
        ],
        [
            0.0049700402976543346,
            0.00447358269299885,
            0.0025965635293408954,
            -0.024325872191630772,
            -0.015446538265842425,
            -0.03267587005898912,
            0.006307385710518383,
            0.02096444166573323,
            0.0422653416011497,
            -0.01577630109251302,
            0.11921657265432858,
            0.020071275815114968,
            0.03559658472191452,
            -0.029442634773569943,
            -0.00027865383126810363,
            -0.05636866192789307,
            -0.014718497642436894,
            0.0340264668210269,
            -0.09079383174950383,
            0.004185875431127427
        ],
        [
            -0.007893509116238234,
            -0.01610840256473397,
            -0.006167980535472325,
            0.03966123921395978,
            0.02881804322725386,
            0.04334696602474507,
            -0.029350256471770093,
            -0.05388183053284109,
            -0.11943194136117043,
            0.03391169582108117,
            -0.3175695072123744,
            -0.05425583823695376,
            -0.09112509828079643,
            0.10290865383531084,
            -0.002495971967555424,
            0.16849225106201213,
            0.048818152316370475,
            -0.09079383174950383,
            0.2463540788705474,
            -0.011494249899083937
        ],
        [
            -0.001274340745265236,
            -9.109028915393755e-05,
            0.00026443033995960573,
            -0.0008745549279796961,
            -0.0008640209122405028,
            -0.001259553716448856,
            0.0009389967771353882,
            0.002348179328382595,
            0.0061132445603107105,
            -0.0010036697080559984,
            0.01393857749465149,
            0.0018156081818294458,
            0.004266436033056003,
            -0.005798937772866701,
            0.00022466621447849336,
            -0.009402614290217852,
            -0.003244228288393443,
            0.004185875431127427,
            -0.011494249899083937,
            0.0005479095098930846
        ]
    ]
}