{
    "opt_E": -2.1774206147172213,
    "HF_E": -2.144765677941506,
    "B3LYP_E": -2.148006902907998,
    "sto-3G_E": -2.1167155418809456,
    "proj": [
        [
            0.5534911569351406,
            0.35382975096355224,
            -0.02784254020477908,
            -0.18074580890723554,
            0.0003396885408519186,
            0.025307614179361282,
            0.1683563724414655,
            -0.03434555063279073,
            -0.22620244514364962,
            0.029470961714064756,
            0.04497437080310289,
            0.028673475766136377,
            -0.0016492535298987014,
            0.04508876854410485,
            0.003166851406820715,
            -0.0021639843012101986,
            -0.0313161941477822,
            0.009674430358285531,
            -0.014806621653617897,
            0.01048635905427799
        ],
        [
            0.35382975096355224,
            0.24025826443520007,
            -0.009975534391367233,
            -0.06470500075430459,
            -0.0019361775488394232,
            0.09877291613031935,
            0.13078968739712915,
            -0.020654220381797254,
            -0.14943150240315722,
            0.010596403455329844,
            0.01904331983793932,
            0.020414616886481777,
            -0.00698458862191699,
            -0.023162593151572854,
            -0.012455187814066465,
            -0.021887209740214242,
            -0.03573805530445697,
            0.0020018432591325593,
            -0.005812799603783086,
            0.002043056701699164
        ],
        [
            -0.02784254020477908,
            -0.009975534391367233,
            0.006024384711814752,
            0.03911118474219598,
            -0.0012772252296212433,
            0.04741197887287879,
            0.005726687380578423,
            0.002052182546287223,
            0.007196623570544498,
            -0.006915203955349152,
            -0.00955741443017121,
            0.0025880820004327704,
            -0.005138842541040179,
            -0.0298772941120227,
            -0.010536143930279815,
            0.0012656127400300136,
            0.0008971388975617732,
            -0.0039723899109996895,
            0.005776999165969418,
            -0.004227316569448027
        ],
        [
            -0.18074580890723554,
            -0.06470500075430459,
            0.03911118474219598,
            0.25501043756350456,
            -0.008394439603388567,
            0.31300763904944734,
            0.04303780643377253,
            0.0151960938094764,
            0.05817364699203094,
            -0.04073516383646362,
            -0.03723471535379887,
            0.028001738841534424,
            -0.031502840457805846,
            -0.19196967188188352,
            -0.06610159712889803,
            0.00743898874636663,
            0.010323448635193517,
            -0.022161449062100522,
            0.028587212326478043,
            -0.023847396342205635
        ],
        [
            0.0003396885408519186,
            -0.0019361775488394232,
            -0.0012772252296212433,
            -0.008394439603388567,
            0.00035353926226651725,
            -0.013738132937774258,
            -0.004290182407468269,
            -0.0002981294036985989,
            -0.00010503565543965428,
            0.0010945148974648518,
            -0.00033447975979055187,
            -0.0020222429146236364,
            0.0011914322116260252,
            0.0074729805151072465,
            0.0025549160686647817,
            0.00020754082993493713,
            4.232805333296754e-05,
            0.0005855060375197123,
            -0.0004570249579661483,
            0.0006495382920657503
        ],
        [
            0.025307614179361282,
            0.09877291613031935,
            0.04741197887287879,
            0.31300763904944734,
            -0.013738132937774258,
            0.5384229710343839,
            0.184956805042264,
            0.010727710924739628,
            -3.628107489944541e-05,
            -0.03612903242307477,
            0.04296086368878308,
            0.09695378821797493,
            -0.046269444777582124,
            -0.27907589337549055,
            -0.09823306748860657,
            0.008692605659623568,
            0.012977403777798522,
            -0.019065566878764113,
            0.010052013427211494,
            -0.02142773063396706
        ],
        [
            0.1683563724414655,
            0.13078968739712915,
            0.005726687380578423,
            0.04303780643377253,
            -0.004290182407468269,
            0.184956805042264,
            0.12759226319841369,
            -0.0003357550507085285,
            -0.02273100750856177,
            0.013494036324849286,
            0.1218841242272121,
            0.08802783187724739,
            -0.010395429156882945,
            -0.05311900814761431,
            -0.022601017832331687,
            0.028987331500068082,
            0.03237700067192756,
            0.00954347868225524,
            -0.03071368747146926,
            0.009121977497719149
        ],
        [
            -0.03434555063279073,
            -0.020654220381797254,
            0.002052182546287223,
            0.0151960938094764,
            -0.0002981294036985989,
            0.010727710924739628,
            -0.0003357550507085285,
            0.0059019772092272415,
            0.03475586929433432,
            0.005525209248217853,
            0.04039614045290106,
            0.013430841641896646,
            0.005202391699786703,
            -0.005650695818589687,
            0.005421809519850675,
            -0.019263665014251117,
            -0.002358004952607855,
            0.006620583253337227,
            -0.01760169487794332,
            0.006409836977477411
        ],
        [
            -0.22620244514364962,
            -0.14943150240315722,
            0.007196623570544498,
            0.05817364699203094,
            -0.00010503565543965428,
            -3.628107489944541e-05,
            -0.02273100750856177,
            0.03475586929433432,
            0.21977240582837687,
            0.03799723255399144,
            0.2510813618639347,
            0.0908221966708153,
            0.030788356532085535,
            0.01621717446791521,
            0.03842819889280533,
            -0.055410706376340754,
            0.02946778730132157,
            0.04042725657053142,
            -0.10119974311435571,
            0.03972560682595404
        ],
        [
            0.029470961714064756,
            0.010596403455329844,
            -0.006915203955349152,
            -0.04073516383646362,
            0.0010945148974648518,
            -0.03612903242307477,
            0.013494036324849286,
            0.005525209248217853,
            0.03799723255399144,
            0.02445683667211034,
            0.10663673199950303,
            0.03450301778218378,
            0.015716219269208444,
            0.03749434659678032,
            0.02384932766569698,
            -0.02511524414756445,
            0.002597343543149654,
            0.01982584432707048,
            -0.0446969571647484,
            0.019897804987407782
        ],
        [
            0.04497437080310289,
            0.01904331983793932,
            -0.00955741443017121,
            -0.03723471535379887,
            -0.00033447975979055187,
            0.04296086368878308,
            0.1218841242272121,
            0.04039614045290106,
            0.2510813618639347,
            0.10663673199950303,
            0.5803135695349159,
            0.2400835042524799,
            0.055467904618207574,
            0.08266079557257643,
            0.07428911233492981,
            -0.06104412410442576,
            0.07321959652229576,
            0.0913756895010288,
            -0.21949398551688773,
            0.09086783980416416
        ],
        [
            0.028673475766136377,
            0.020414616886481777,
            0.0025880820004327704,
            0.028001738841534424,
            -0.0020222429146236364,
            0.09695378821797493,
            0.08802783187724739,
            0.013430841641896646,
            0.0908221966708153,
            0.03450301778218378,
            0.2400835042524799,
            0.15267761880915262,
            -0.0034800208327184137,
            0.03268154784778054,
            -0.0041735832782024635,
            0.13493556081133845,
            0.137339730969332,
            0.02473726857374824,
            -0.0593335661285924,
            0.024999732060318466
        ],
        [
            -0.0016492535298987014,
            -0.00698458862191699,
            -0.005138842541040179,
            -0.031502840457805846,
            0.0011914322116260252,
            -0.046269444777582124,
            -0.010395429156882945,
            0.005202391699786703,
            0.030788356532085535,
            0.015716219269208444,
            0.055467904618207574,
            -0.0034800208327184137,
            0.018691704836594308,
            0.016145232145343084,
            0.02577199778572286,
            -0.07915617559106432,
            -0.04191023435303765,
            0.015370835310618093,
            -0.03602072850372694,
            0.015167854558297911
        ],
        [
            0.04508876854410485,
            -0.023162593151572854,
            -0.0298772941120227,
            -0.19196967188188352,
            0.0074729805151072465,
            -0.27907589337549055,
            -0.05311900814761431,
            -0.005650695818589687,
            0.01621717446791521,
            0.03749434659678032,
            0.08266079557257643,
            0.03268154784778054,
            0.016145232145343084,
            0.20695774093880734,
            0.04713377127465456,
            0.13692879674596212,
            0.10551734033594502,
            0.018160521132734322,
            -0.018605835395758104,
            0.020189215047829924
        ],
        [
            0.003166851406820715,
            -0.012455187814066465,
            -0.010536143930279815,
            -0.06610159712889803,
            0.0025549160686647817,
            -0.09823306748860657,
            -0.022601017832331687,
            0.005421809519850675,
            0.03842819889280533,
            0.02384932766569698,
            0.07428911233492981,
            -0.0041735832782024635,
            0.02577199778572286,
            0.04713377127465456,
            0.038848146800703844,
            -0.08492922070906052,
            -0.042344673276727765,
            0.02109286878406251,
            -0.046185135965888295,
            0.021102015100215674
        ],
        [
            -0.0021639843012101986,
            -0.021887209740214242,
            0.0012656127400300136,
            0.00743898874636663,
            0.00020754082993493713,
            0.008692605659623568,
            0.028987331500068082,
            -0.019263665014251117,
            -0.055410706376340754,
            -0.02511524414756445,
            -0.06104412410442576,
            0.13493556081133845,
            -0.07915617559106432,
            0.13692879674596212,
            -0.08492922070906052,
            0.6091214491863503,
            0.3974237475718367,
            -0.04560759527464542,
            0.1287085593701116,
            -0.042544281271163005
        ],
        [
            -0.0313161941477822,
            -0.03573805530445697,
            0.0008971388975617732,
            0.010323448635193517,
            4.232805333296754e-05,
            0.012977403777798522,
            0.03237700067192756,
            -0.002358004952607855,
            0.02946778730132157,
            0.002597343543149654,
            0.07321959652229576,
            0.137339730969332,
            -0.04191023435303765,
            0.10551734033594502,
            -0.042344673276727765,
            0.3974237475718367,
            0.2842831770280076,
            -0.012870262505753433,
            0.04318813665452062,
            -0.010971153791313772
        ],
        [
            0.009674430358285531,
            0.0020018432591325593,
            -0.0039723899109996895,
            -0.022161449062100522,
            0.0005855060375197123,
            -0.019065566878764113,
            0.00954347868225524,
            0.006620583253337227,
            0.04042725657053142,
            0.01982584432707048,
            0.0913756895010288,
            0.02473726857374824,
            0.015370835310618093,
            0.018160521132734322,
            0.02109286878406251,
            -0.04560759527464542,
            -0.012870262505753433,
            0.017735828070305146,
            -0.041986843365998026,
            0.017594434276570096
        ],
        [
            -0.014806621653617897,
            -0.005812799603783086,
            0.005776999165969418,
            0.028587212326478043,
            -0.0004570249579661483,
            0.010052013427211494,
            -0.03071368747146926,
            -0.01760169487794332,
            -0.10119974311435571,
            -0.0446969571647484,
            -0.21949398551688773,
            -0.0593335661285924,
            -0.03602072850372694,
            -0.018605835395758104,
            -0.046185135965888295,
            0.1287085593701116,
            0.04318813665452062,
            -0.041986843365998026,
            0.10260573194463062,
            -0.041373162423720175
        ],
        [
            0.01048635905427799,
            0.002043056701699164,
            -0.004227316569448027,
            -0.023847396342205635,
            0.0006495382920657503,
            -0.02142773063396706,
            0.009121977497719149,
            0.006409836977477411,
            0.03972560682595404,
            0.019897804987407782,
            0.09086783980416416,
            0.024999732060318466,
            0.015167854558297911,
            0.020189215047829924,
            0.021102015100215674,
            -0.042544281271163005,
            -0.010971153791313772,
            0.017594434276570096,
            -0.041373162423720175,
            0.017480796000094164
        ]
    ]
}