{
    "opt_E": -2.151847326751519,
    "HF_E": -2.120659379864751,
    "B3LYP_E": -2.122920060962172,
    "sto-3G_E": -2.098414065666736,
    "proj": [
        [
            0.5721531335394987,
            0.3729999201237882,
            0.0627716354844512,
            -0.1545424091545171,
            -0.040868497642668804,
            -0.002114838520726857,
            0.16428527531820206,
            0.10455696577081205,
            -0.1628913307724407,
            -0.07228949973176864,
            0.027054927160192206,
            0.03019960256492677,
            0.007756014972922254,
            0.05822247202835397,
            -0.009326739293054019,
            -0.003938494864334984,
            -0.026625011323085656,
            -0.0027864937846756544,
            -0.023562451545198242,
            0.004139302586840722
        ],
        [
            0.3729999201237882,
            0.2579478061332739,
            0.023848180750089352,
            -0.0640997094962888,
            -0.015281309821124047,
            0.07641038608841969,
            0.13584721445712086,
            0.05950294467543988,
            -0.11051571707769572,
            -0.04023828923183192,
            0.03093521256017315,
            0.026224672633384294,
            5.502305119863397e-05,
            -0.023998382631008217,
            0.001105792531399477,
            -0.03516153649073509,
            -0.03758651833511498,
            -0.0032855627447672575,
            -0.028275118542681794,
            0.004804686304347294
        ],
        [
            0.0627716354844512,
            0.023848180750089352,
            0.03665233866220378,
            -0.07772662968884643,
            -0.024348396749279792,
            -0.12081081679016958,
            -0.022045446730844347,
            0.02555647666408752,
            0.022217501986868105,
            -0.020584489577549506,
            0.018675742720845653,
            -0.014725345578706403,
            -0.0003874940722791801,
            0.07307063137630153,
            -0.0018922520604044693,
            -0.017165932608247777,
            -0.009128075685122979,
            -0.007093297192230266,
            -0.03326955488860152,
            0.008372207331780195
        ],
        [
            -0.1545424091545171,
            -0.0640997094962888,
            -0.07772662968884643,
            0.16717324213523355,
            0.051550398402490226,
            0.2540418934114782,
            0.04341487305605232,
            -0.056636939180391636,
            -0.02230278949505255,
            0.044414094283828594,
            -0.01489381316148371,
            0.03570639771507575,
            -0.001651988369493994,
            -0.15658795581605015,
            0.006510577776806233,
            0.031053501331061644,
            0.02026722391388151,
            0.011515864022577973,
            0.05181948827441539,
            -0.013446633140202882
        ],
        [
            -0.040868497642668804,
            -0.015281309821124047,
            -0.024348396749279792,
            0.051550398402490226,
            0.016178111922686887,
            0.08036585470508524,
            0.014782621344337622,
            -0.016891860700655584,
            -0.01566162329432347,
            0.013649213478662938,
            -0.013344362071712919,
            0.009507694959891346,
            0.0003118511465759063,
            -0.04868448571701791,
            0.0012107078300602307,
            0.011206929775673556,
            0.005776864408054009,
            0.004819787870025227,
            0.022658463702769298,
            -0.005692707142871016
        ],
        [
            -0.002114838520726857,
            0.07641038608841969,
            -0.12081081679016958,
            0.2540418934114782,
            0.08036585470508524,
            0.528068563220459,
            0.1947170634383656,
            -0.05508757866523509,
            -0.07742380002524084,
            0.04609578657398189,
            0.07187444946017969,
            0.11586275642018642,
            -0.00509352146391691,
            -0.2889894825183668,
            0.014035692923830228,
            0.05947258760273984,
            0.036784878770467155,
            0.011345438693257846,
            0.0348890181716057,
            -0.012051015687942332
        ],
        [
            0.16428527531820206,
            0.13584721445712086,
            -0.022045446730844347,
            0.04341487305605232,
            0.014782621344337622,
            0.1947170634383656,
            0.12927254341114458,
            0.013527443063686499,
            -0.030560292834590802,
            -0.00862134607512568,
            0.10294744469740705,
            0.07473718260133985,
            -0.002896083874885212,
            -0.07958281353844937,
            0.005207298062318894,
            0.03296272190380439,
            0.022386972028772285,
            -0.004286623570042807,
            -0.03499411457245753,
            0.006183857064794273
        ],
        [
            0.10455696577081205,
            0.05950294467543988,
            0.02555647666408752,
            -0.056636939180391636,
            -0.016891860700655584,
            -0.05508757866523509,
            0.013527443063686499,
            0.026297757989358607,
            -0.005879443878758426,
            -0.019807565550425885,
            0.022991404642740517,
            0.004164808734561294,
            0.001468395443347956,
            0.0479970003723651,
            -0.003041724847791967,
            0.005073790517170435,
            0.002139596187558022,
            -0.004034739652911763,
            -0.020274741590350094,
            0.004892686012475169
        ],
        [
            -0.1628913307724407,
            -0.11051571707769572,
            0.022217501986868105,
            -0.02230278949505255,
            -0.01566162329432347,
            -0.07742380002524084,
            -0.030560292834590802,
            -0.005879443878758426,
            0.28014190508299486,
            -0.007950690660463274,
            0.3016483043593837,
            0.0572275985265712,
            -0.025696008469484177,
            0.03160195869006014,
            0.024242021281380827,
            -0.043086234915194116,
            0.02125425377979909,
            -0.042957446281064134,
            -0.22636220662917894,
            0.05240165368192777
        ],
        [
            -0.07228949973176864,
            -0.04023828923183192,
            -0.020584489577549506,
            0.044414094283828594,
            0.013649213478662938,
            0.04609578657398189,
            -0.00862134607512568,
            -0.019807565550425885,
            -0.007950690660463274,
            0.015469732339802852,
            -0.030576679842123672,
            -0.0054686021906691275,
            9.346241951670713e-06,
            -0.03828368251189124,
            0.0012626908427565853,
            -0.0018049765687649848,
            -0.0024576718585006866,
            0.0049713576368927035,
            0.02540927310998741,
            -0.006039396090465208
        ],
        [
            0.027054927160192206,
            0.03093521256017315,
            0.018675742720845653,
            -0.01489381316148371,
            -0.013344362071712919,
            0.07187444946017969,
            0.10294744469740705,
            0.022991404642740517,
            0.3016483043593837,
            -0.030576679842123672,
            0.4906575528209326,
            0.16934230210185416,
            -0.026643247999526276,
            0.01970773858989391,
            0.02476019195550521,
            0.05620902880292907,
            0.09605473682483363,
            -0.05477087950781018,
            -0.2981608542803642,
            0.0676895790050909
        ],
        [
            0.03019960256492677,
            0.026224672633384294,
            -0.014725345578706403,
            0.03570639771507575,
            0.009507694959891346,
            0.11586275642018642,
            0.07473718260133985,
            0.004164808734561294,
            0.0572275985265712,
            -0.0054686021906691275,
            0.16934230210185416,
            0.11463259853631624,
            0.00511416239789878,
            0.025563435550816055,
            -0.007247967273434927,
            0.17171883481644926,
            0.12612372212443185,
            -0.005741768673534385,
            -0.032950507069648555,
            0.007464310452736486
        ],
        [
            0.007756014972922254,
            5.502305119863397e-05,
            -0.0003874940722791801,
            -0.001651988369493994,
            0.0003118511465759063,
            -0.00509352146391691,
            -0.002896083874885212,
            0.001468395443347956,
            -0.025696008469484177,
            9.346241951670713e-06,
            -0.026643247999526276,
            0.00511416239789878,
            0.0067007426746293,
            0.024981460702902056,
            -0.007741564550478057,
            0.048436201695239746,
            0.026709969603782663,
            0.006444120499675166,
            0.03621531322763029,
            -0.007959198322949728
        ],
        [
            0.05822247202835397,
            -0.023998382631008217,
            0.07307063137630153,
            -0.15658795581605015,
            -0.04868448571701791,
            -0.2889894825183668,
            -0.07958281353844937,
            0.0479970003723651,
            0.03160195869006014,
            -0.03828368251189124,
            0.01970773858989391,
            0.025563435550816055,
            0.024981460702902056,
            0.2882192622182654,
            -0.03566783354309687,
            0.22117523053295124,
            0.14414907382884004,
            0.003768692480755859,
            0.04068240411909687,
            -0.005711724641944142
        ],
        [
            -0.009326739293054019,
            0.001105792531399477,
            -0.0018922520604044693,
            0.006510577776806233,
            0.0012107078300602307,
            0.014035692923830228,
            0.005207298062318894,
            -0.003041724847791967,
            0.024242021281380827,
            0.0012626908427565853,
            0.02476019195550521,
            -0.007247967273434927,
            -0.007741564550478057,
            -0.03566783354309687,
            0.009194140273545192,
            -0.05887091387964231,
            -0.03360220626577882,
            -0.006646053333719263,
            -0.038034124605671155,
            0.00824261638848918
        ],
        [
            -0.003938494864334984,
            -0.03516153649073509,
            -0.017165932608247777,
            0.031053501331061644,
            0.011206929775673556,
            0.05947258760273984,
            0.03296272190380439,
            0.005073790517170435,
            -0.043086234915194116,
            -0.0018049765687649848,
            0.05620902880292907,
            0.17171883481644926,
            0.048436201695239746,
            0.22117523053295124,
            -0.05887091387964231,
            0.535625625089305,
            0.342860606206085,
            0.031179704552318634,
            0.17947290160441556,
            -0.03836916447302795
        ],
        [
            -0.026625011323085656,
            -0.03758651833511498,
            -0.009128075685122979,
            0.02026722391388151,
            0.005776864408054009,
            0.036784878770467155,
            0.022386972028772285,
            0.002139596187558022,
            0.02125425377979909,
            -0.0024576718585006866,
            0.09605473682483363,
            0.12612372212443185,
            0.026709969603782663,
            0.14414907382884004,
            -0.03360220626577882,
            0.342860606206085,
            0.22842314574500777,
            0.012432773742087126,
            0.07471282610100563,
            -0.015332569583868881
        ],
        [
            -0.0027864937846756544,
            -0.0032855627447672575,
            -0.007093297192230266,
            0.011515864022577973,
            0.004819787870025227,
            0.011345438693257846,
            -0.004286623570042807,
            -0.004034739652911763,
            -0.042957446281064134,
            0.0049713576368927035,
            -0.05477087950781018,
            -0.005741768673534385,
            0.006444120499675166,
            0.003768692480755859,
            -0.006646053333719263,
            0.031179704552318634,
            0.012432773742087126,
            0.009249703132329442,
            0.05017483585963902,
            -0.011358590504731753
        ],
        [
            -0.023562451545198242,
            -0.028275118542681794,
            -0.03326955488860152,
            0.05181948827441539,
            0.022658463702769298,
            0.0348890181716057,
            -0.03499411457245753,
            -0.020274741590350094,
            -0.22636220662917894,
            0.02540927310998741,
            -0.2981608542803642,
            -0.032950507069648555,
            0.03621531322763029,
            0.04068240411909687,
            -0.038034124605671155,
            0.17947290160441556,
            0.07471282610100563,
            0.05017483585963902,
            0.2739859660712012,
            -0.06172685323164502
        ],
        [
            0.004139302586840722,
            0.004804686304347294,
            0.008372207331780195,
            -0.013446633140202882,
            -0.005692707142871016,
            -0.012051015687942332,
            0.006183857064794273,
            0.004892686012475169,
            0.05240165368192777,
            -0.006039396090465208,
            0.0676895790050909,
            0.007464310452736486,
            -0.007959198322949728,
            -0.005711724641944142,
            0.00824261638848918,
            -0.03836916447302795,
            -0.015332569583868881,
            -0.011358590504731753,
            -0.06172685323164502,
            0.013956129001811736
        ]
    ]
}