{
    "opt_E": -2.1362193379301244,
    "HF_E": -2.1060846189792573,
    "B3LYP_E": -2.1078160969086337,
    "sto-3G_E": -2.0826373507532265,
    "proj": [
        [
            0.5603802575866605,
            0.3758925122498109,
            0.03537387750333776,
            -0.16527845599820454,
            -0.04922336946302398,
            0.0046712170563611285,
            0.17048817104520952,
            0.04281437122016355,
            -0.17117444457415773,
            -0.0834801907170795,
            0.02835076789108776,
            0.02882302685177357,
            -0.005254161124109266,
            0.061267902038853496,
            -0.0039983323956638474,
            0.0027677675057309194,
            -0.028388414855337597,
            0.0004945253788995074,
            -0.025117609490694873,
            0.0007081381436300777
        ],
        [
            0.3758925122498109,
            0.2668742627497833,
            0.016593494639468732,
            -0.07837118147189776,
            -0.022295593118481925,
            0.0681519614607995,
            0.1389826102778695,
            0.0258682738275689,
            -0.10660395298335415,
            -0.05011184625407796,
            0.04173645964393135,
            0.022807499600917543,
            0.001058012125214731,
            -0.02352890689372149,
            0.0025245184541617194,
            -0.04236886814845268,
            -0.044454358181728326,
            0.0010879556041322204,
            -0.04832407925074326,
            0.0024858678786530046
        ],
        [
            0.03537387750333776,
            0.016593494639468732,
            0.01023555735148221,
            -0.046258411726829776,
            -0.01572439314396609,
            -0.06234858851475884,
            -0.008735625959561026,
            0.0013909663756789634,
            0.00956913915299895,
            -0.012076150211598661,
            0.007540822323767006,
            -0.009922343521641614,
            -0.006703061112530824,
            0.03770905705280428,
            -0.002615480600182635,
            -0.0059660479766300125,
            -0.006083964579858631,
            -0.00010496869737633474,
            -0.017587641588185265,
            0.0017429343365123473
        ],
        [
            -0.16527845599820454,
            -0.07837118147189776,
            -0.046258411726829776,
            0.20927509771357009,
            0.07094782229783564,
            0.2812278166567891,
            0.03897565159927577,
            -0.00749018592707738,
            -0.03543612465872938,
            0.054713250339851055,
            -0.025852199431349896,
            0.04664111643736739,
            0.029833529748096804,
            -0.17018980393753794,
            0.011974110638771723,
            0.028140420882100097,
            0.029124729131142422,
            0.0004947380866304909,
            0.07345800241833848,
            -0.007407085886754908
        ],
        [
            -0.04922336946302398,
            -0.022295593118481925,
            -0.01572439314396609,
            0.07094782229783564,
            0.024252635564391556,
            0.0975193544956113,
            0.015061330925204898,
            -0.0013621047906528122,
            -0.019334950459104053,
            0.018136783116524578,
            -0.014375494090375493,
            0.01591405838193035,
            0.010603585555627505,
            -0.05684866459970854,
            0.0038803452593004664,
            0.011770021307785018,
            0.010519559936720843,
            0.00013322913465095906,
            0.030736437593419253,
            -0.0029896744243508465
        ],
        [
            0.0046712170563611285,
            0.0681519614607995,
            -0.06234858851475884,
            0.2812278166567891,
            0.0975193544956113,
            0.5222174865715857,
            0.18280916225407465,
            -0.00030463485844300795,
            -0.08266976262000715,
            0.047269330683876155,
            0.07508686768182139,
            0.12689072968625795,
            0.04631082881361208,
            -0.27895632470816123,
            0.022007077675359258,
            0.060019291427381764,
            0.04979279577795184,
            0.001610158415715922,
            0.039327141549027986,
            -0.007047730336836415
        ],
        [
            0.17048817104520952,
            0.1389826102778695,
            -0.008735625959561026,
            0.03897565159927577,
            0.015061330925204898,
            0.18280916225407465,
            0.12557111790219333,
            0.006499572184692744,
            -0.03167485031878595,
            -0.013867468852281146,
            0.1042222470432902,
            0.07190396661970397,
            0.01075760128373519,
            -0.07142435124643352,
            0.007362503972705017,
            0.0363355863374723,
            0.022910289085730527,
            0.0008825751982132106,
            -0.0423037300125698,
            0.0014029225275736098
        ],
        [
            0.04281437122016355,
            0.0258682738275689,
            0.0013909663756789634,
            -0.00749018592707738,
            -0.0013621047906528122,
            -0.00030463485844300795,
            0.006499572184692744,
            0.0073730578860198796,
            -0.043881159681215635,
            -0.003641202638735481,
            -0.03894082469766601,
            -0.005224680956362579,
            0.001864867548528072,
            0.008731139038598526,
            -0.0014508493498026757,
            0.00519002978255197,
            -0.0019514689549757394,
            -0.00019818200585326073,
            0.03334982281449794,
            -0.002630200342872749
        ],
        [
            -0.17117444457415773,
            -0.10660395298335415,
            0.00956913915299895,
            -0.03543612465872938,
            -0.019334950459104053,
            -0.08266976262000715,
            -0.03167485031878595,
            -0.043881159681215635,
            0.2991778283413119,
            -0.004001705721692949,
            0.2963431315568146,
            0.03537901169314195,
            -0.02333023445456567,
            0.011417836427763057,
            0.00530692406115904,
            -0.022647389650297032,
            0.015462467275566154,
            0.0011505676329836901,
            -0.257979215249287,
            0.020609002928373577
        ],
        [
            -0.0834801907170795,
            -0.05011184625407796,
            -0.012076150211598661,
            0.054713250339851055,
            0.018136783116524578,
            0.047269330683876155,
            -0.013867468852281146,
            -0.003641202638735481,
            -0.004001705721692949,
            0.01943093900377743,
            -0.03072195016426972,
            -0.004115381906048704,
            0.006770314727317344,
            -0.04260252760013428,
            0.002503080352965574,
            -0.009693775257182275,
            -0.002865645156098543,
            6.476189476703389e-05,
            0.02672334605982027,
            -0.0021860251837664047
        ],
        [
            0.02835076789108776,
            0.04173645964393135,
            0.007540822323767006,
            -0.025852199431349896,
            -0.014375494090375493,
            0.07508686768182139,
            0.1042222470432902,
            -0.03894082469766601,
            0.2963431315568146,
            -0.03072195016426972,
            0.4650959059513411,
            0.14381508421199168,
            -0.018010839615162214,
            0.007972337013369132,
            0.009014900909282067,
            0.10285540026701905,
            0.09715868869325565,
            0.0014011052596520901,
            -0.3111813769321554,
            0.02274877877035838
        ],
        [
            0.02882302685177357,
            0.022807499600917543,
            -0.009922343521641614,
            0.04664111643736739,
            0.01591405838193035,
            0.12689072968625795,
            0.07190396661970397,
            -0.005224680956362579,
            0.03537901169314195,
            -0.004115381906048704,
            0.14381508421199168,
            0.10713065952016873,
            0.005481988144893638,
            0.027428446783610352,
            0.0009587421240014257,
            0.17992607862437687,
            0.1236413548496456,
            -0.0006076327341327441,
            -0.008982095726179615,
            -0.000766482184478112
        ],
        [
            -0.005254161124109266,
            0.001058012125214731,
            -0.006703061112530824,
            0.029833529748096804,
            0.010603585555627505,
            0.04631082881361208,
            0.01075760128373519,
            0.001864867548528072,
            -0.02333023445456567,
            0.006770314727317344,
            -0.018010839615162214,
            0.005481988144893638,
            0.005512654406453336,
            -0.025466718676054687,
            0.001496685537425201,
            0.004316581085374456,
            0.00235937369998258,
            3.706737302141137e-05,
            0.02276750725107338,
            -0.0020742882229903407
        ],
        [
            0.061267902038853496,
            -0.02352890689372149,
            0.03770905705280428,
            -0.17018980393753794,
            -0.05684866459970854,
            -0.27895632470816123,
            -0.07142435124643352,
            0.008731139038598526,
            0.011417836427763057,
            -0.04260252760013428,
            0.007972337013369132,
            0.027428446783610352,
            -0.025466718676054687,
            0.31629182309030696,
            -0.023030603497464462,
            0.24953993736971766,
            0.150674152984451,
            -0.003299881635242274,
            0.07990709126833848,
            -0.004714846632034681
        ],
        [
            -0.0039983323956638474,
            0.0025245184541617194,
            -0.002615480600182635,
            0.011974110638771723,
            0.0038803452593004664,
            0.022007077675359258,
            0.007362503972705017,
            -0.0014508493498026757,
            0.00530692406115904,
            0.002503080352965574,
            0.009014900909282067,
            0.0009587421240014257,
            0.001496685537425201,
            -0.023030603497464462,
            0.0018750236266397002,
            -0.016159081280590914,
            -0.009027795285224655,
            0.000270682331363605,
            -0.012273091024947391,
            0.0008147058632113752
        ],
        [
            0.0027677675057309194,
            -0.04236886814845268,
            -0.0059660479766300125,
            0.028140420882100097,
            0.011770021307785018,
            0.060019291427381764,
            0.0363355863374723,
            0.00519002978255197,
            -0.022647389650297032,
            -0.009693775257182275,
            0.10285540026701905,
            0.17992607862437687,
            0.004316581085374456,
            0.24953993736971766,
            -0.016159081280590914,
            0.5020774558994731,
            0.3244470392047753,
            -0.004135196391093376,
            0.1751021943023577,
            -0.014972518403116239
        ],
        [
            -0.028388414855337597,
            -0.044454358181728326,
            -0.006083964579858631,
            0.029124729131142422,
            0.010519559936720843,
            0.04979279577795184,
            0.022910289085730527,
            -0.0019514689549757394,
            0.015462467275566154,
            -0.002865645156098543,
            0.09715868869325565,
            0.1236413548496456,
            0.00235937369998258,
            0.150674152984451,
            -0.009027795285224655,
            0.3244470392047753,
            0.21371492521999474,
            -0.0025148233149914403,
            0.0903060115645333,
            -0.00796125265360452
        ],
        [
            0.0004945253788995074,
            0.0010879556041322204,
            -0.00010496869737633474,
            0.0004947380866304909,
            0.00013322913465095906,
            0.001610158415715922,
            0.0008825751982132106,
            -0.00019818200585326073,
            0.0011505676329836901,
            6.476189476703389e-05,
            0.0014011052596520901,
            -0.0006076327341327441,
            3.706737302141137e-05,
            -0.003299881635242274,
            0.000270682331363605,
            -0.004135196391093376,
            -0.0025148233149914403,
            5.1999567359633444e-05,
            -0.0029642266496730874,
            0.00022203810979514797
        ],
        [
            -0.025117609490694873,
            -0.04832407925074326,
            -0.017587641588185265,
            0.07345800241833848,
            0.030736437593419253,
            0.039327141549027986,
            -0.0423037300125698,
            0.03334982281449794,
            -0.257979215249287,
            0.02672334605982027,
            -0.3111813769321554,
            -0.008982095726179615,
            0.02276750725107338,
            0.07990709126833848,
            -0.012273091024947391,
            0.1751021943023577,
            0.0903060115645333,
            -0.0029642266496730874,
            0.34135585366008436,
            -0.026580808947130545
        ],
        [
            0.0007081381436300777,
            0.0024858678786530046,
            0.0017429343365123473,
            -0.007407085886754908,
            -0.0029896744243508465,
            -0.007047730336836415,
            0.0014029225275736098,
            -0.002630200342872749,
            0.020609002928373577,
            -0.0021860251837664047,
            0.02274877877035838,
            -0.000766482184478112,
            -0.0020742882229903407,
            -0.004714846632034681,
            0.0008147058632113752,
            -0.014972518403116239,
            -0.00796125265360452,
            0.00022203810979514797,
            -0.026580808947130545,
            0.0021054583874022597
        ]
    ]
}