{
    "opt_E": -2.1711767922154843,
    "HF_E": -2.1405881648458505,
    "B3LYP_E": -2.1422771379201317,
    "sto-3G_E": -2.1236592917543677,
    "proj": [
        [
            0.5339232400570948,
            0.3484265374294229,
            0.001838900985104549,
            -0.17948586350070161,
            -0.04066283542430099,
            0.04285503132091121,
            0.18076335393571705,
            -0.005448496102948922,
            -0.2197181712698443,
            -0.06312356870443599,
            0.04750346868171726,
            0.030679103122224903,
            0.007282430665299447,
            0.03849723587674052,
            0.0015571196889658289,
            -0.0007215098209466653,
            -0.03256842151710688,
            -0.011304693614106884,
            -0.029137420047182023,
            0.0007474681017197726
        ],
        [
            0.3484265374294229,
            0.23710371783786466,
            0.0013006431977964548,
            -0.07863825564656515,
            -0.017249621023742265,
            0.08895119537512956,
            0.1356336285145472,
            -0.0037442010771846826,
            -0.13780215772469892,
            -0.03688312661053231,
            0.04022815862995841,
            0.0232659503065035,
            0.00135300028336528,
            -0.02368359971467948,
            -0.00032830366766363115,
            -0.032874937918567305,
            -0.03905883306949435,
            -0.010533316716833285,
            -0.029810143270861,
            0.0005015363212853774
        ],
        [
            0.001838900985104549,
            0.0013006431977964548,
            2.3038928061571283e-05,
            5.7458325893980074e-05,
            1.2092823086995864e-05,
            0.0015762341609013573,
            0.0014636122168785928,
            -0.0001173672712680824,
            0.0003871156842123395,
            -0.00011618673967223462,
            0.0025248533797467758,
            0.001489575940910758,
            0.00012782796749437672,
            0.00011544241412731146,
            5.18723176184542e-06,
            0.001514537260214935,
            0.0011890191149383188,
            -0.00035437643332802456,
            -0.0008369518874855417,
            2.8923455493724055e-05
        ],
        [
            -0.17948586350070161,
            -0.07863825564656515,
            5.7458325893980074e-05,
            0.2821471404965494,
            0.06776181608734202,
            0.3206917461848909,
            0.026659724855903257,
            0.006264765359919675,
            0.03167605608042485,
            0.03975536877782402,
            -0.0491151586635256,
            0.04246336151945592,
            0.028970788608960664,
            -0.20279674918770785,
            -0.015434499745305235,
            0.024065508458242443,
            0.028077155037150556,
            0.028758319476126858,
            0.06885001253055632,
            -0.0042355331970251086
        ],
        [
            -0.04066283542430099,
            -0.017249621023742265,
            1.2092823086995864e-05,
            0.06776181608734202,
            0.016303456831304297,
            0.07797929124915601,
            0.0069388872941447055,
            0.0016337905044207744,
            0.004805685749247551,
            0.009245677307566908,
            -0.01449657388925421,
            0.00965131012114951,
            0.007436436591766992,
            -0.049138294555903496,
            -0.003842949660331198,
            0.005942020308582955,
            0.006314640609465592,
            0.007585314953791762,
            0.018247281963732057,
            -0.0010900991884933338
        ],
        [
            0.04285503132091121,
            0.08895119537512956,
            0.0015762341609013573,
            0.3206917461848909,
            0.07797929124915601,
            0.5246387761207252,
            0.1660258761171902,
            0.0019565190029798727,
            -0.030313647550958812,
            0.025428137884434897,
            0.04166140873785251,
            0.11133291335459952,
            0.03861846907164591,
            -0.284679122593234,
            -0.019732511315520052,
            0.03816529208992408,
            0.03697010088344464,
            0.017260594730878428,
            0.037311453917562645,
            -0.00407213563413603
        ],
        [
            0.18076335393571705,
            0.1356336285145472,
            0.0014636122168785928,
            0.026659724855903257,
            0.0069388872941447055,
            0.1660258761171902,
            0.12148963144588877,
            -0.0056251719763300585,
            -0.026163598900705295,
            -0.011118279581130193,
            0.11812466375836561,
            0.07447492078476715,
            0.005924193620351888,
            -0.05561929422605293,
            -0.0022279351390475555,
            0.02951175369878173,
            0.024590019374555253,
            -0.0176028072988439,
            -0.0455267227257729,
            0.0009718827437888846
        ],
        [
            -0.005448496102948922,
            -0.0037442010771846826,
            -0.0001173672712680824,
            0.006264765359919675,
            0.0016337905044207744,
            0.0019565190029798727,
            -0.0056251719763300585,
            0.0013907965221376243,
            -0.013476080617562886,
            0.00026225804929930224,
            -0.026356943941943572,
            -0.006999443685663568,
            0.0036665717129907203,
            -0.0030303511572968324,
            -0.0011236995331738412,
            0.0019256664410751713,
            -0.0019517090592776943,
            0.006450490615121569,
            0.016400117498625667,
            -0.0006499571522704507
        ],
        [
            -0.2197181712698443,
            -0.13780215772469892,
            0.0003871156842123395,
            0.03167605608042485,
            0.004805685749247551,
            -0.030313647550958812,
            -0.026163598900705295,
            -0.013476080617562886,
            0.2768747364873907,
            0.03175646264847428,
            0.2847799389497775,
            0.06216660398123476,
            -0.05022569686848002,
            -0.0030621810300681977,
            0.012252819703978818,
            -0.04397522624481984,
            0.02698690595591169,
            -0.07164631821201922,
            -0.18339540955886197,
            0.007338071321720485
        ],
        [
            -0.06312356870443599,
            -0.03688312661053231,
            -0.00011618673967223462,
            0.03975536877782402,
            0.009245677307566908,
            0.025428137884434897,
            -0.011118279581130193,
            0.00026225804929930224,
            0.03175646264847428,
            0.009580649253267251,
            0.005850240872034742,
            0.0028123277058019706,
            -0.00155344463205271,
            -0.024450771552415856,
            -0.0008030790955781978,
            -0.006688622224223506,
            0.001787629915090408,
            -0.0007691998658078143,
            -0.002760212200801532,
            -2.0938295611797826e-05
        ],
        [
            0.04750346868171726,
            0.04022815862995841,
            0.0025248533797467758,
            -0.0491151586635256,
            -0.01449657388925421,
            0.04166140873785251,
            0.11812466375836561,
            -0.026356943941943572,
            0.2847799389497775,
            0.005850240872034742,
            0.5273304681505652,
            0.17391169781139781,
            -0.054736045405920225,
            0.036823423272530326,
            0.01756451087124807,
            0.03447796044128979,
            0.09093634712702998,
            -0.1170622693442156,
            -0.29501084156104246,
            0.011523449891629475
        ],
        [
            0.030679103122224903,
            0.0232659503065035,
            0.001489575940910758,
            0.04246336151945592,
            0.00965131012114951,
            0.11133291335459952,
            0.07447492078476715,
            -0.006999443685663568,
            0.06216660398123476,
            0.0028123277058019706,
            0.17391169781139781,
            0.12321678896369527,
            0.02168683529061242,
            0.02662952664646664,
            -0.001613023053419185,
            0.17835615672723676,
            0.13541169244349063,
            -0.015558086737887734,
            -0.031180590487590063,
            0.0011906007594816382
        ],
        [
            0.007282430665299447,
            0.00135300028336528,
            0.00012782796749437672,
            0.028970788608960664,
            0.007436436591766992,
            0.03861846907164591,
            0.005924193620351888,
            0.0036665717129907203,
            -0.05022569686848002,
            -0.00155344463205271,
            -0.054736045405920225,
            0.02168683529061242,
            0.030361539417843662,
            0.01833191414389394,
            -0.0058466147621143725,
            0.10590702318158642,
            0.05908317477551544,
            0.026339392049724165,
            0.0719749038048491,
            -0.0027209745195003756
        ],
        [
            0.03849723587674052,
            -0.02368359971467948,
            0.00011544241412731146,
            -0.20279674918770785,
            -0.049138294555903496,
            -0.284679122593234,
            -0.05561929422605293,
            -0.0030303511572968324,
            -0.0030621810300681977,
            -0.024450771552415856,
            0.036823423272530326,
            0.02662952664646664,
            0.01833191414389394,
            0.2632631290872436,
            0.008105428044739281,
            0.21022624783909638,
            0.12810651722691135,
            0.0026725289861039875,
            0.023189509651955147,
            0.0011764809725247414
        ],
        [
            0.0015571196889658289,
            -0.00032830366766363115,
            5.18723176184542e-06,
            -0.015434499745305235,
            -0.003842949660331198,
            -0.019732511315520052,
            -0.0022279351390475555,
            -0.0011236995331738412,
            0.012252819703978818,
            -0.0008030790955781978,
            0.01756451087124807,
            -0.001613023053419185,
            -0.0058466147621143725,
            0.008105428044739281,
            0.0016995740134279824,
            -0.012049106191780361,
            -0.005658312545229382,
            -0.006307805398849933,
            -0.016318796231804943,
            0.0007087497786952654
        ],
        [
            -0.0007215098209466653,
            -0.032874937918567305,
            0.001514537260214935,
            0.024065508458242443,
            0.005942020308582955,
            0.03816529208992408,
            0.02951175369878173,
            0.0019256664410751713,
            -0.04397522624481984,
            -0.006688622224223506,
            0.03447796044128979,
            0.17835615672723676,
            0.10590702318158642,
            0.21022624783909638,
            -0.012049106191780361,
            0.5469249011585621,
            0.3480217492258672,
            0.05543533707797588,
            0.17033543991248748,
            -0.005257668459369467
        ],
        [
            -0.03256842151710688,
            -0.03905883306949435,
            0.0011890191149383188,
            0.028077155037150556,
            0.006314640609465592,
            0.03697010088344464,
            0.024590019374555253,
            -0.0019517090592776943,
            0.02698690595591169,
            0.001787629915090408,
            0.09093634712702998,
            0.13541169244349063,
            0.05908317477551544,
            0.12810651722691135,
            -0.005658312545229382,
            0.3480217492258672,
            0.23350643555674228,
            0.019909442003989006,
            0.06927975241422153,
            -0.001855753331454131
        ],
        [
            -0.011304693614106884,
            -0.010533316716833285,
            -0.00035437643332802456,
            0.028758319476126858,
            0.007585314953791762,
            0.017260594730878428,
            -0.0176028072988439,
            0.006450490615121569,
            -0.07164631821201922,
            -0.0007691998658078143,
            -0.1170622693442156,
            -0.015558086737887734,
            0.026339392049724165,
            0.0026725289861039875,
            -0.006307805398849933,
            0.05543533707797588,
            0.019909442003989006,
            0.03426903911355885,
            0.08955631210086386,
            -0.003452599964000828
        ],
        [
            -0.029137420047182023,
            -0.029810143270861,
            -0.0008369518874855417,
            0.06885001253055632,
            0.018247281963732057,
            0.037311453917562645,
            -0.0455267227257729,
            0.016400117498625667,
            -0.18339540955886197,
            -0.002760212200801532,
            -0.29501084156104246,
            -0.031180590487590063,
            0.0719749038048491,
            0.023189509651955147,
            -0.016318796231804943,
            0.17033543991248748,
            0.06927975241422153,
            0.08955631210086386,
            0.23559416992905394,
            -0.008966651817418991
        ],
        [
            0.0007474681017197726,
            0.0005015363212853774,
            2.8923455493724055e-05,
            -0.0042355331970251086,
            -0.0010900991884933338,
            -0.00407213563413603,
            0.0009718827437888846,
            -0.0006499571522704507,
            0.007338071321720485,
            -2.0938295611797826e-05,
            0.011523449891629475,
            0.0011906007594816382,
            -0.0027209745195003756,
            0.0011764809725247414,
            0.0007087497786952654,
            -0.005257668459369467,
            -0.001855753331454131,
            -0.003452599964000828,
            -0.008966651817418991,
            0.0003587706290229327
        ]
    ]
}