{
    "opt_E": -2.1768735385600397,
    "HF_E": -2.147453336087546,
    "B3LYP_E": -2.149122999577271,
    "sto-3G_E": -2.135028327896583,
    "proj": [
        [
            0.5468133072697552,
            0.35265660352687905,
            -0.014397842992190829,
            -0.17880457264839436,
            -0.038348306911490694,
            0.022775693841716856,
            0.1782711194581038,
            -0.010568156554506247,
            -0.2181497444910311,
            -0.05707260892937399,
            0.04305372724943896,
            0.029694476295073068,
            0.004556073621056591,
            0.04253690908356139,
            0.0031336250512467084,
            0.0017777274152529633,
            -0.028854167037570225,
            0.0010592980483944778,
            -0.032795607390686474,
            0.006893183003521393
        ],
        [
            0.35265660352687905,
            0.2408449902803499,
            -0.0061103370170061235,
            -0.07200745005741882,
            -0.015073660391838469,
            0.08816994919321568,
            0.13905113609453496,
            -0.007524309351471515,
            -0.13464509266739133,
            -0.03209430757868506,
            0.03781105625438792,
            0.024075379922167798,
            -0.003778946159943681,
            -0.030080834082606034,
            0.0029978052889320203,
            -0.03336814224123583,
            -0.03690837771332157,
            0.00018860675334541206,
            -0.03530312589389295,
            0.006150296830416761
        ],
        [
            -0.014397842992190829,
            -0.0061103370170061235,
            0.0014036125557144402,
            0.01926528177873723,
            0.004287788977456942,
            0.022817586507209036,
            0.0021890085016432886,
            -0.0007072877201809694,
            0.00300734128008787,
            0.0027003121678057487,
            -0.003465602800440935,
            0.0027189321838039992,
            -0.002665511115589284,
            -0.012867523470964742,
            -0.0017496064061597292,
            0.0005684794728734963,
            0.0013257561460354487,
            -0.00011261498134741994,
            0.005137449485260553,
            -0.0012541767777497358
        ],
        [
            -0.17880457264839436,
            -0.07200745005741882,
            0.01926528177873723,
            0.2662312664495611,
            0.05936765069871705,
            0.3249682687144858,
            0.03829584673883409,
            -0.011664976544112816,
            0.025482610071746285,
            0.035186236741275974,
            -0.05516013256306655,
            0.04342535423747246,
            -0.03823327051778824,
            -0.16998164533636,
            -0.02781188221750404,
            0.027121051366338668,
            0.028043041626679338,
            -0.0014286674661321225,
            0.08500221023679817,
            -0.01997705284516222
        ],
        [
            -0.038348306911490694,
            -0.015073660391838469,
            0.004287788977456942,
            0.05936765069871705,
            0.01326036371411566,
            0.07282266770072306,
            0.008633113273753169,
            -0.0029430310413952393,
            0.003389777621036854,
            0.007649636623403897,
            -0.015150178225778996,
            0.008889794611782782,
            -0.008686442810822436,
            -0.037992602337006715,
            -0.006465002571769105,
            0.005636403610053754,
            0.005575675637917192,
            -0.00032337833984970456,
            0.02078665364262643,
            -0.004814923473673225
        ],
        [
            0.022775693841716856,
            0.08816994919321568,
            0.022817586507209036,
            0.3249682687144858,
            0.07282266770072306,
            0.5485793116999531,
            0.18149272550375808,
            -0.015944544135045636,
            -0.03243988118578124,
            0.02664977593486684,
            0.024565970615094794,
            0.11375464705133255,
            -0.05586454806961973,
            -0.2596092116192399,
            -0.034910321154559346,
            0.04747383971420805,
            0.04119606603777697,
            -0.0016109002669666133,
            0.05870783585565774,
            -0.01681104238457056
        ],
        [
            0.1782711194581038,
            0.13905113609453496,
            0.0021890085016432886,
            0.03829584673883409,
            0.008633113273753169,
            0.18149272550375808,
            0.12766738656746535,
            0.0002284176894414526,
            -0.031416986213777476,
            -0.007940360119238,
            0.10635083810185773,
            0.07353666398922058,
            -0.012294004150187703,
            -0.06482895154552666,
            -0.0034565192767126614,
            0.03287193831964797,
            0.02456516998813446,
            4.684704239103264e-05,
            -0.04358359252898571,
            0.007029502792801241
        ],
        [
            -0.010568156554506247,
            -0.007524309351471515,
            -0.0007072877201809694,
            -0.011664976544112816,
            -0.0029430310413952393,
            -0.015944544135045636,
            0.0002284176894414526,
            0.006095956514622444,
            0.0351941858274672,
            0.0013509431367814428,
            0.0507000658307219,
            0.010144188987555309,
            0.004101148803000892,
            0.0031930268276415433,
            0.006382875409288428,
            -0.0020768537651883524,
            0.0050887182797128136,
            8.837477643084016e-05,
            -0.037729587448093675,
            0.007458534260287303
        ],
        [
            -0.2181497444910311,
            -0.13464509266739133,
            0.00300734128008787,
            0.025482610071746285,
            0.003389777621036854,
            -0.03243988118578124,
            -0.031416986213777476,
            0.0351941858274672,
            0.2573388088701267,
            0.027745255391203053,
            0.26897458904494975,
            0.054026680752397256,
            0.01511334895900314,
            -0.035117244738478375,
            0.032642730937698664,
            -0.026368043511040457,
            0.029233381407940004,
            -0.000147111806395266,
            -0.1996204722675387,
            0.03856968526520984
        ],
        [
            -0.05707260892937399,
            -0.03209430757868506,
            0.0027003121678057487,
            0.035186236741275974,
            0.007649636623403897,
            0.02664977593486684,
            -0.007940360119238,
            0.0013509431367814428,
            0.027745255391203053,
            0.007799623875317219,
            0.00589560004802923,
            0.0032450877491754953,
            -0.0029105157281846756,
            -0.022665022850105587,
            -0.00037545187950826554,
            -0.004798081198525514,
            0.0020171467846866885,
            -0.00023558695015500424,
            -0.0028154079726789255,
            0.00014819732664908195
        ],
        [
            0.04305372724943896,
            0.03781105625438792,
            -0.003465602800440935,
            -0.05516013256306655,
            -0.015150178225778996,
            0.024565970615094794,
            0.10635083810185773,
            0.0507000658307219,
            0.26897458904494975,
            0.00589560004802923,
            0.5153814503722243,
            0.16627262573011065,
            0.022641558917509196,
            0.0014864703638328084,
            0.04269470070407567,
            0.07344306335538488,
            0.10309464348191075,
            0.0011601552792922538,
            -0.325999520712653,
            0.06360554372852636
        ],
        [
            0.029694476295073068,
            0.024075379922167798,
            0.0027189321838039992,
            0.04342535423747246,
            0.008889794611782782,
            0.11375464705133255,
            0.07353666398922058,
            0.010144188987555309,
            0.054026680752397256,
            0.0032450877491754953,
            0.16627262573011065,
            0.11856753869107262,
            -0.005272585524991467,
            0.03218045486170373,
            -0.011523851103028804,
            0.18185966232657005,
            0.1303632199652597,
            0.0011058930187013156,
            -0.027448264323556355,
            0.005543280071498623
        ],
        [
            0.004556073621056591,
            -0.003778946159943681,
            -0.002665511115589284,
            -0.03823327051778824,
            -0.008686442810822436,
            -0.05586454806961973,
            -0.012294004150187703,
            0.004101148803000892,
            0.01511334895900314,
            -0.0029105157281846756,
            0.022641558917509196,
            -0.005272585524991467,
            0.007024386130463019,
            0.02448559183746608,
            0.006415417752146231,
            -0.007070977261801655,
            -0.003032018655278043,
            0.0001943669921175081,
            -0.024525061838637053,
            0.005302747686104945
        ],
        [
            0.04253690908356139,
            -0.030080834082606034,
            -0.012867523470964742,
            -0.16998164533636,
            -0.037992602337006715,
            -0.2596092116192399,
            -0.06482895154552666,
            0.0031930268276415433,
            -0.035117244738478375,
            -0.022665022850105587,
            0.0014864703638328084,
            0.03218045486170373,
            0.02448559183746608,
            0.27578519424418535,
            -0.01546584152988206,
            0.25244557612094193,
            0.14547884692943788,
            0.0027769184572779253,
            0.07914438333102725,
            -0.010626072665913944
        ],
        [
            0.0031336250512467084,
            0.0029978052889320203,
            -0.0017496064061597292,
            -0.02781188221750404,
            -0.006465002571769105,
            -0.034910321154559346,
            -0.0034565192767126614,
            0.006382875409288428,
            0.032642730937698664,
            -0.00037545187950826554,
            0.04269470070407567,
            -0.011523851103028804,
            0.006415417752146231,
            -0.01546584152988206,
            0.013505447522845125,
            -0.0584835638891237,
            -0.03136511870292433,
            -0.00021368649759884726,
            -0.05816264183105566,
            0.011214047672663558
        ],
        [
            0.0017777274152529633,
            -0.03336814224123583,
            0.0005684794728734963,
            0.027121051366338668,
            0.005636403610053754,
            0.04747383971420805,
            0.03287193831964797,
            -0.0020768537651883524,
            -0.026368043511040457,
            -0.004798081198525514,
            0.07344306335538488,
            0.18185966232657005,
            -0.007070977261801655,
            0.25244557612094193,
            -0.0584835638891237,
            0.5216306609187316,
            0.32615492961695036,
            0.0035149609724258036,
            0.17494779791374626,
            -0.030477843795873868
        ],
        [
            -0.028854167037570225,
            -0.03690837771332157,
            0.0013257561460354487,
            0.028043041626679338,
            0.005575675637917192,
            0.04119606603777697,
            0.02456516998813446,
            0.0050887182797128136,
            0.029233381407940004,
            0.0020171467846866885,
            0.10309464348191075,
            0.1303632199652597,
            -0.003032018655278043,
            0.14547884692943788,
            -0.03136511870292433,
            0.32615492961695036,
            0.21285159124002737,
            0.0021697712394503237,
            0.07103516330205217,
            -0.011779232753358638
        ],
        [
            0.0010592980483944778,
            0.00018860675334541206,
            -0.00011261498134741994,
            -0.0014286674661321225,
            -0.00032337833984970456,
            -0.0016109002669666133,
            4.684704239103264e-05,
            8.837477643084016e-05,
            -0.000147111806395266,
            -0.00023558695015500424,
            0.0011601552792922538,
            0.0011058930187013156,
            0.0001943669921175081,
            0.0027769184572779253,
            -0.00021368649759884726,
            0.0035149609724258036,
            0.0021697712394503237,
            3.3685831191439055e-05,
            0.0005071103378884454,
            -5.312907459456125e-05
        ],
        [
            -0.032795607390686474,
            -0.03530312589389295,
            0.005137449485260553,
            0.08500221023679817,
            0.02078665364262643,
            0.05870783585565774,
            -0.04358359252898571,
            -0.037729587448093675,
            -0.1996204722675387,
            -0.0028154079726789255,
            -0.325999520712653,
            -0.027448264323556355,
            -0.024525061838637053,
            0.07914438333102725,
            -0.05816264183105566,
            0.17494779791374626,
            0.07103516330205217,
            0.0005071103378884454,
            0.3077730021763412,
            -0.059049645211073414
        ],
        [
            0.006893183003521393,
            0.006150296830416761,
            -0.0012541767777497358,
            -0.01997705284516222,
            -0.004814923473673225,
            -0.01681104238457056,
            0.007029502792801241,
            0.007458534260287303,
            0.03856968526520984,
            0.00014819732664908195,
            0.06360554372852636,
            0.005543280071498623,
            0.005302747686104945,
            -0.010626072665913944,
            0.011214047672663558,
            -0.030477843795873868,
            -0.011779232753358638,
            -5.312907459456125e-05,
            -0.059049645211073414,
            0.011412415075936802
        ]
    ]
}