{
    "opt_E": -2.182718726370818,
    "HF_E": -2.152203446894576,
    "B3LYP_E": -2.1541144727049466,
    "sto-3G_E": -2.137869372015872,
    "proj": [
        [
            0.5139574581527744,
            0.31470466524338025,
            -0.004958366334540605,
            -0.1747347324632485,
            -0.0013415396933027246,
            0.09085669530154734,
            0.18221891999677392,
            -0.010499999399266553,
            -0.26932084466312767,
            0.012441226709050712,
            0.05031952253001314,
            0.033035805577393614,
            1.3879348439276003e-06,
            0.021707427248811154,
            -0.005574287667721098,
            -0.00020638674927379898,
            -0.03512068733858769,
            -8.601726644177214e-05,
            -0.02352562759608166,
            0.006119976164535339
        ],
        [
            0.31470466524338025,
            0.20136935063216208,
            -0.0015794889202696717,
            -0.06332927709351527,
            -0.001725736935834753,
            0.1157137079061805,
            0.1268859799747299,
            -0.0055223228060869555,
            -0.1527503186585992,
            0.005827763563670254,
            0.0348155618892094,
            0.024284912984532434,
            0.00017393131780978047,
            -0.02982029938692556,
            -0.007390585636331099,
            -0.02438659671805772,
            -0.03524450539162203,
            -2.0629660770259562e-05,
            -0.016759556679455247,
            0.0037762104207435185
        ],
        [
            -0.004958366334540605,
            -0.0015794889202696717,
            0.000349271649952232,
            0.010752098012216963,
            -0.00019113103762356706,
            0.011194499021779259,
            0.0010322028785203104,
            0.0002886598397248187,
            0.003380669420485105,
            -0.0007516794972578505,
            -0.0022772248409328373,
            0.001219777058264716,
            7.168499379309413e-06,
            -0.00711560606538293,
            -0.0014691592534051311,
            0.0008878240327790683,
            0.0008559383798843167,
            -1.5969855530204242e-05,
            0.0025823351009337677,
            -0.0005588385121853158
        ],
        [
            -0.1747347324632485,
            -0.06332927709351527,
            0.010752098012216963,
            0.332141101461888,
            -0.005693041750727106,
            0.33255046315964326,
            0.022701872966348027,
            0.009191419973689663,
            0.11604735047984546,
            -0.02300531332067116,
            -0.06830881333395178,
            0.037319491081664276,
            0.00020710869166735174,
            -0.2134992495813992,
            -0.044088673981840514,
            0.03086941881220873,
            0.030696294858236616,
            -0.0004738921165733995,
            0.07859080260957783,
            -0.017032427970876056
        ],
        [
            -0.0013415396933027246,
            -0.001725736935834753,
            -0.00019113103762356706,
            -0.005693041750727106,
            0.0001462330343540945,
            -0.00838715266808934,
            -0.002383143964143763,
            -9.76926783908844e-05,
            0.0003839797042328316,
            0.0004171181607758931,
            0.0012461468528598412,
            -0.0015397042033269304,
            1.5799026114874625e-06,
            0.004041522247413298,
            0.0011996812513712662,
            -0.002225617826111124,
            -0.0012867755056926613,
            1.5759821471368392e-05,
            -0.002039416250324069,
            0.0004080166735776652
        ],
        [
            0.09085669530154734,
            0.1157137079061805,
            0.011194499021779259,
            0.33255046315964326,
            -0.00838715266808934,
            0.5105193909285174,
            0.1613378665720676,
            0.005415663961062207,
            0.02203764526463425,
            -0.015954880655004028,
            0.016605097543433395,
            0.0977791966657717,
            0.0005054188932552885,
            -0.27072659455165,
            -0.05617425844829491,
            0.03214209978663654,
            0.027043780026092076,
            -0.0003542478003462182,
            0.04985906309509866,
            -0.011139668500950824
        ],
        [
            0.18221891999677392,
            0.1268859799747299,
            0.0010322028785203104,
            0.022701872966348027,
            -0.002383143964143763,
            0.1613378665720676,
            0.11838258329372299,
            -0.0023774236858383415,
            -0.029632398081752935,
            0.009690512838006083,
            0.12601500628873102,
            0.07916585976190123,
            0.00033794559562853367,
            -0.04624697485852608,
            -0.00864480731659932,
            0.022033714713588417,
            0.02445113354771078,
            0.00029704645086021475,
            -0.04483678258715566,
            0.008960119055811176
        ],
        [
            -0.010499999399266553,
            -0.0055223228060869555,
            0.0002886598397248187,
            0.009191419973689663,
            -9.76926783908844e-05,
            0.005415663961062207,
            -0.0023774236858383415,
            0.0003368671769475069,
            0.005254172400721856,
            -0.0007920559495889678,
            -0.0037973127266970157,
            -0.0005818983965730318,
            2.82397506532155e-06,
            -0.005061016165897423,
            -0.0008842645847110577,
            -0.00016577929822582496,
            0.00026378578130023734,
            -1.3946080990100446e-05,
            0.002578329199689763,
            -0.0005641842018312482
        ],
        [
            -0.26932084466312767,
            -0.1527503186585992,
            0.003380669420485105,
            0.11604735047984546,
            0.0003839797042328316,
            0.02203764526463425,
            -0.029632398081752935,
            0.005254172400721856,
            0.2797185693528858,
            0.01677747364151828,
            0.24411704819255456,
            0.0776463747003341,
            0.0009487875239474012,
            -0.039610896252403244,
            0.02324857794482188,
            -0.05695616969789915,
            0.03196384370637155,
            0.0012597010173449445,
            -0.1336282068195451,
            0.02453637959793607
        ],
        [
            0.012441226709050712,
            0.005827763563670254,
            -0.0007516794972578505,
            -0.02300531332067116,
            0.0004171181607758931,
            -0.015954880655004028,
            0.009690512838006083,
            -0.0007920559495889678,
            0.01677747364151828,
            0.006242459743475274,
            0.0562245465946077,
            0.016333139336095467,
            0.00013549123601914873,
            0.01529710340075342,
            0.007036662421897678,
            -0.0067346024918556015,
            0.004368259656387262,
            0.00025424737729615095,
            -0.03221781077628417,
            0.00633970378136356
        ],
        [
            0.05031952253001314,
            0.0348155618892094,
            -0.0022772248409328373,
            -0.06830881333395178,
            0.0012461468528598412,
            0.016605097543433395,
            0.12601500628873102,
            -0.0037973127266970157,
            0.24411704819255456,
            0.0562245465946077,
            0.585830637520378,
            0.2111694051525079,
            0.0015262634333390358,
            0.05677373539592577,
            0.05028609522254129,
            -0.030927861306947184,
            0.08221253507471807,
            0.002490541166038836,
            -0.3060612643462672,
            0.059581024010288273
        ],
        [
            0.033035805577393614,
            0.024284912984532434,
            0.001219777058264716,
            0.037319491081664276,
            -0.0015397042033269304,
            0.0977791966657717,
            0.07916585976190123,
            -0.0005818983965730318,
            0.0776463747003341,
            0.016333139336095467,
            0.2111694051525079,
            0.14236788841485074,
            5.521220296491169e-06,
            0.03227096650891909,
            -0.007121527221780053,
            0.16451368532553545,
            0.14466964382698,
            0.0004581549797731448,
            -0.0554746086870073,
            0.01187957911936444
        ],
        [
            1.3879348439276003e-06,
            0.00017393131780978047,
            7.168499379309413e-06,
            0.00020710869166735174,
            1.5799026114874625e-06,
            0.0005054188932552885,
            0.00033794559562853367,
            2.82397506532155e-06,
            0.0009487875239474012,
            0.00013549123601914873,
            0.0015262634333390358,
            5.521220296491169e-06,
            1.2424302051688643e-05,
            -0.0008968642583732315,
            0.00026676188996823904,
            -0.0021936425771099553,
            -0.001139489721163863,
            1.0795120506122165e-05,
            -0.001300851297672395,
            0.00023420823344850577
        ],
        [
            0.021707427248811154,
            -0.02982029938692556,
            -0.00711560606538293,
            -0.2134992495813992,
            0.004041522247413298,
            -0.27072659455165,
            -0.04624697485852608,
            -0.005061016165897423,
            -0.039610896252403244,
            0.01529710340075342,
            0.05677373539592577,
            0.03227096650891909,
            -0.0008968642583732315,
            0.23412538231279348,
            0.01740768981180152,
            0.18703858443552995,
            0.12415578441018969,
            -7.219549838091115e-06,
            -0.007578785186059402,
            0.004121456688332679
        ],
        [
            -0.005574287667721098,
            -0.007390585636331099,
            -0.0014691592534051311,
            -0.044088673981840514,
            0.0011996812513712662,
            -0.05617425844829491,
            -0.00864480731659932,
            -0.0008842645847110577,
            0.02324857794482188,
            0.007036662421897678,
            0.05028609522254129,
            -0.007121527221780053,
            0.00026676188996823904,
            0.01740768981180152,
            0.015274461158986393,
            -0.057172425319917876,
            -0.02881378486272497,
            0.0003704975650093881,
            -0.04614077826976282,
            0.00874307397789095
        ],
        [
            -0.00020638674927379898,
            -0.02438659671805772,
            0.0008878240327790683,
            0.03086941881220873,
            -0.002225617826111124,
            0.03214209978663654,
            0.022033714713588417,
            -0.00016577929822582496,
            -0.05695616969789915,
            -0.0067346024918556015,
            -0.030927861306947184,
            0.16451368532553545,
            -0.0021936425771099553,
            0.18703858443552995,
            -0.057172425319917876,
            0.5830023041089554,
            0.3746139925093402,
            -0.0013986573940930021,
            0.171176353121557,
            -0.028845455441125652
        ],
        [
            -0.03512068733858769,
            -0.03524450539162203,
            0.0008559383798843167,
            0.030696294858236616,
            -0.0012867755056926613,
            0.027043780026092076,
            0.02445113354771078,
            0.00026378578130023734,
            0.03196384370637155,
            0.004368259656387262,
            0.08221253507471807,
            0.14466964382698,
            -0.001139489721163863,
            0.12415578441018969,
            -0.02881378486272497,
            0.3746139925093402,
            0.26255153702277406,
            -0.00045780796022615577,
            0.05900184311225193,
            -0.008741134504129623
        ],
        [
            -8.601726644177214e-05,
            -2.0629660770259562e-05,
            -1.5969855530204242e-05,
            -0.0004738921165733995,
            1.5759821471368392e-05,
            -0.0003542478003462182,
            0.00029704645086021475,
            -1.3946080990100446e-05,
            0.0012597010173449445,
            0.00025424737729615095,
            0.002490541166038836,
            0.0004581549797731448,
            1.0795120506122165e-05,
            -7.219549838091115e-06,
            0.0003704975650093881,
            -0.0013986573940930021,
            -0.00045780796022615577,
            1.3704575621389083e-05,
            -0.0016704525641391779,
            0.00031574410910716386
        ],
        [
            -0.02352562759608166,
            -0.016759556679455247,
            0.0025823351009337677,
            0.07859080260957783,
            -0.002039416250324069,
            0.04985906309509866,
            -0.04483678258715566,
            0.002578329199689763,
            -0.1336282068195451,
            -0.03221781077628417,
            -0.3060612643462672,
            -0.0554746086870073,
            -0.001300851297672395,
            -0.007578785186059402,
            -0.04614077826976282,
            0.171176353121557,
            0.05900184311225193,
            -0.0016704525641391779,
            0.20618878200198507,
            -0.03913450152588241
        ],
        [
            0.006119976164535339,
            0.0037762104207435185,
            -0.0005588385121853158,
            -0.017032427970876056,
            0.0004080166735776652,
            -0.011139668500950824,
            0.008960119055811176,
            -0.0005641842018312482,
            0.02453637959793607,
            0.00633970378136356,
            0.059581024010288273,
            0.01187957911936444,
            0.00023420823344850577,
            0.004121456688332679,
            0.00874307397789095,
            -0.028845455441125652,
            -0.008741134504129623,
            0.00031574410910716386,
            -0.03913450152588241,
            0.007469593154924499
        ]
    ]
}