{
    "opt_E": -2.1866408694236417,
    "HF_E": -2.1551553751237575,
    "B3LYP_E": -2.157496142592776,
    "sto-3G_E": -2.139037408963871,
    "proj": [
        [
            0.5451925678812171,
            0.3456870338570961,
            -0.0024074228058087684,
            -0.1799552578533806,
            -0.0021162141650660268,
            0.03781273199605247,
            0.17606931463907682,
            -0.017407466903811203,
            -0.23567667676508497,
            0.004697922807463363,
            0.050977682375754445,
            0.029553370862540253,
            -0.0012386258557078608,
            0.04774232690414395,
            -6.135997099444581e-06,
            -0.0005667289507081245,
            -0.03593686933655225,
            -0.005277196651782466,
            -0.025800950479793597,
            0.005180491667747112
        ],
        [
            0.3456870338570961,
            0.23124002965155838,
            -5.6012883672874686e-05,
            -0.06823725735671322,
            -0.0012591785072802492,
            0.09655982170430902,
            0.1327466592976575,
            -0.00801896751574135,
            -0.14632650722284393,
            0.0017782633679868098,
            0.034633242892356135,
            0.022944034381138886,
            0.00407515261186836,
            -0.02285018957962171,
            -0.0024327127248343784,
            -0.029654807042706642,
            -0.040941438309552595,
            -0.003031270463056871,
            -0.018485292806988032,
            0.0030337352903251342
        ],
        [
            -0.0024074228058087684,
            -5.6012883672874686e-05,
            0.0002613953794095257,
            0.008108613242624995,
            1.1509983499480916e-05,
            0.011014852240847086,
            0.002269795710884737,
            0.0007675944337750675,
            -0.00026267302462888687,
            -0.0003477506527492261,
            -0.002057730882982852,
            0.0016227037975181018,
            0.001323904055551978,
            -0.006247318527935244,
            -0.0009260557984701396,
            0.002179517023206507,
            0.0013113204587051704,
            0.00039936974763738397,
            0.002682925064237961,
            -0.0004315835672108189
        ],
        [
            -0.1799552578533806,
            -0.06823725735671322,
            0.008108613242624995,
            0.27536273037422476,
            0.0008192196819706666,
            0.320621282924931,
            0.03480110189231932,
            0.024592648597433698,
            0.05169016693074072,
            -0.01022232307023086,
            -0.05378313775191824,
            0.03857151031942783,
            0.03619348485024654,
            -0.20643750891671203,
            -0.02426573391199162,
            0.028771021416428497,
            0.025813101275628126,
            0.010780771143364745,
            0.06636240594071859,
            -0.011456808729850604
        ],
        [
            -0.0021162141650660268,
            -0.0012591785072802492,
            1.1509983499480916e-05,
            0.0008192196819706666,
            9.846293081789595e-06,
            4.1247807305770485e-05,
            -0.0006634437446888409,
            7.629670804189485e-05,
            0.0009705735942020362,
            -2.0804291286060626e-05,
            -0.00025181352021263424,
            -0.0003689274269712859,
            -3.187680009869568e-05,
            -0.0006445887236900283,
            4.5154584994363655e-05,
            -0.0009314433971616556,
            -0.00047443030983585936,
            2.199995665379901e-06,
            -0.00010088454842138797,
            1.7690760937301624e-06
        ],
        [
            0.03781273199605247,
            0.09655982170430902,
            0.011014852240847086,
            0.320621282924931,
            4.1247807305770485e-05,
            0.5298046760780967,
            0.17466966396748657,
            0.020919134781508822,
            -0.010514579223183336,
            -0.008828288879037208,
            0.03243658112691183,
            0.10790640714936954,
            0.049946795049797155,
            -0.2895146626943379,
            -0.03292788420348428,
            0.03712201782744449,
            0.029880216791819087,
            0.007844704178602962,
            0.042500211279439475,
            -0.00841877038477546
        ],
        [
            0.17606931463907682,
            0.1327466592976575,
            0.002269795710884737,
            0.03480110189231932,
            -0.0006634437446888409,
            0.17466966396748657,
            0.12493787428130683,
            -0.007408476803512345,
            -0.022941733609314084,
            0.0037762656816301386,
            0.12422704238721577,
            0.08136987870366663,
            0.00886301371758858,
            -0.05699617898986855,
            -0.005296506934767487,
            0.023195070967851138,
            0.02367304953229405,
            -0.00550044909029551,
            -0.04258442010609547,
            0.005827138954262764
        ],
        [
            -0.017407466903811203,
            -0.00801896751574135,
            0.0007675944337750675,
            0.024592648597433698,
            7.629670804189485e-05,
            0.020919134781508822,
            -0.007408476803512345,
            0.005796955240842192,
            -0.01865894120342616,
            -0.0030938854164524886,
            -0.0493199433152937,
            -0.012791406190461367,
            0.0058662006606015685,
            -0.0186340407551651,
            -0.004481534308798536,
            0.006616429579829669,
            -0.0029176566395188283,
            0.003937773450364474,
            0.02926734092938189,
            -0.004270303936594207
        ],
        [
            -0.23567667676508497,
            -0.14632650722284393,
            -0.00026267302462888687,
            0.05169016693074072,
            0.0009705735942020362,
            -0.010514579223183336,
            -0.022941733609314084,
            -0.01865894120342616,
            0.26611941966882674,
            0.013599476558601758,
            0.2759358930541318,
            0.07737543523838358,
            -0.023826915297200102,
            -0.007644759989128703,
            0.020795319926103752,
            -0.06585319618223674,
            0.02566047378253303,
            -0.019438013878040873,
            -0.1596227652842425,
            0.021529378702370996
        ],
        [
            0.004697922807463363,
            0.0017782633679868098,
            -0.0003477506527492261,
            -0.01022232307023086,
            -2.0804291286060626e-05,
            -0.008828288879037208,
            0.0037762656816301386,
            -0.0030938854164524886,
            0.013599476558601758,
            0.0017196436697227053,
            0.02892348242820772,
            0.007865819834391637,
            -0.003133559654406747,
            0.008086966849987809,
            0.0024553550976102335,
            -0.004363214084727031,
            0.0018716474725161444,
            -0.0022374316801224313,
            -0.016939906335960087,
            0.002434461637222137
        ],
        [
            0.050977682375754445,
            0.034633242892356135,
            -0.002057730882982852,
            -0.05378313775191824,
            -0.00025181352021263424,
            0.03243658112691183,
            0.12422704238721577,
            -0.0493199433152937,
            0.2759358930541318,
            0.02892348242820772,
            0.5628734006411121,
            0.20341687223296878,
            -0.03770197392246203,
            0.05544981866433458,
            0.03133511469270206,
            -0.02198531854283016,
            0.0817739257929124,
            -0.03811485625200044,
            -0.2936970386758678,
            0.0414757545481328
        ],
        [
            0.029553370862540253,
            0.022944034381138886,
            0.0016227037975181018,
            0.03857151031942783,
            -0.0003689274269712859,
            0.10790640714936954,
            0.08136987870366663,
            -0.012791406190461367,
            0.07737543523838358,
            0.007865819834391637,
            0.20341687223296878,
            0.13770107949259236,
            0.006098897005451058,
            0.027312876527151565,
            -0.005510657002927291,
            0.16334220268616725,
            0.1402868095023767,
            -0.007536640782848328,
            -0.051959940755219744,
            0.007883560203548225
        ],
        [
            -0.0012386258557078608,
            0.00407515261186836,
            0.001323904055551978,
            0.03619348485024654,
            -3.187680009869568e-05,
            0.049946795049797155,
            0.00886301371758858,
            0.0058662006606015685,
            -0.023826915297200102,
            -0.003133559654406747,
            -0.03770197392246203,
            0.006098897005451058,
            0.009922648432024832,
            -0.019568200432858382,
            -0.007833123279876916,
            0.04135117894094447,
            0.020514631125148522,
            0.00452318196093135,
            0.03507386505037542,
            -0.0049824332780725195
        ],
        [
            0.04774232690414395,
            -0.02285018957962171,
            -0.006247318527935244,
            -0.20643750891671203,
            -0.0006445887236900283,
            -0.2895146626943379,
            -0.05699617898986855,
            -0.0186340407551651,
            -0.007644759989128703,
            0.008086966849987809,
            0.05544981866433458,
            0.027312876527151565,
            -0.019568200432858382,
            0.2522577858151692,
            0.008754349354816083,
            0.18805289601394012,
            0.12615320709624017,
            -0.0039023417046623577,
            -0.006364752684644685,
            0.0036852649613219124
        ],
        [
            -6.135997099444581e-06,
            -0.0024327127248343784,
            -0.0009260557984701396,
            -0.02426573391199162,
            4.5154584994363655e-05,
            -0.03292788420348428,
            -0.005296506934767487,
            -0.004481534308798536,
            0.020795319926103752,
            0.0024553550976102335,
            0.03133511469270206,
            -0.005510657002927291,
            -0.007833123279876916,
            0.008754349354816083,
            0.006395766178965526,
            -0.04075865581590432,
            -0.021058178231432727,
            -0.003777899597127647,
            -0.03002822646779714,
            0.004179110023919171
        ],
        [
            -0.0005667289507081245,
            -0.029654807042706642,
            0.002179517023206507,
            0.028771021416428497,
            -0.0009314433971616556,
            0.03712201782744449,
            0.023195070967851138,
            0.006616429579829669,
            -0.06585319618223674,
            -0.004363214084727031,
            -0.02198531854283016,
            0.16334220268616725,
            0.04135117894094447,
            0.18805289601394012,
            -0.04075865581590432,
            0.5826815574075478,
            0.3742220065477713,
            0.01783735301318031,
            0.1686780891973372,
            -0.020577651535266278
        ],
        [
            -0.03593686933655225,
            -0.040941438309552595,
            0.0013113204587051704,
            0.025813101275628126,
            -0.00047443030983585936,
            0.029880216791819087,
            0.02367304953229405,
            -0.0029176566395188283,
            0.02566047378253303,
            0.0018716474725161444,
            0.0817739257929124,
            0.1402868095023767,
            0.020514631125148522,
            0.12615320709624017,
            -0.021058178231432727,
            0.3742220065477713,
            0.26034526576633465,
            0.0052745019710855046,
            0.059566343445343575,
            -0.006449723294091879
        ],
        [
            -0.005277196651782466,
            -0.003031270463056871,
            0.00039936974763738397,
            0.010780771143364745,
            2.199995665379901e-06,
            0.007844704178602962,
            -0.00550044909029551,
            0.003937773450364474,
            -0.019438013878040873,
            -0.0022374316801224313,
            -0.03811485625200044,
            -0.007536640782848328,
            0.00452318196093135,
            -0.0039023417046623577,
            -0.003777899597127647,
            0.01783735301318031,
            0.0052745019710855046,
            0.0032044325434502792,
            0.025154669448306154,
            -0.0035138631267451204
        ],
        [
            -0.025800950479793597,
            -0.018485292806988032,
            0.002682925064237961,
            0.06636240594071859,
            -0.00010088454842138797,
            0.042500211279439475,
            -0.04258442010609547,
            0.02926734092938189,
            -0.1596227652842425,
            -0.016939906335960087,
            -0.2936970386758678,
            -0.051959940755219744,
            0.03507386505037542,
            -0.006364752684644685,
            -0.03002822646779714,
            0.1686780891973372,
            0.059566343445343575,
            0.025154669448306154,
            0.20031695455814605,
            -0.027667010058895592
        ],
        [
            0.005180491667747112,
            0.0030337352903251342,
            -0.0004315835672108189,
            -0.011456808729850604,
            1.7690760937301624e-06,
            -0.00841877038477546,
            0.005827138954262764,
            -0.004270303936594207,
            0.021529378702370996,
            0.002434461637222137,
            0.0414757545481328,
            0.007883560203548225,
            -0.0049824332780725195,
            0.0036852649613219124,
            0.004179110023919171,
            -0.020577651535266278,
            -0.006449723294091879,
            -0.0035138631267451204,
            -0.027667010058895592,
            0.0038559706463697557
        ]
    ]
}