{
    "opt_E": -2.2027393349576396,
    "HF_E": -2.1704634460357313,
    "B3LYP_E": -2.173148278023261,
    "sto-3G_E": -2.152833041464413,
    "proj": [
        [
            0.5720717391833905,
            0.35482981701096095,
            0.012721502289363971,
            -0.1800020792064264,
            -0.0019641654918002597,
            -0.00023549304269560148,
            0.16742558885607445,
            0.03702399877262816,
            -0.22346151761182892,
            -0.006374031743345955,
            0.046465359049117035,
            0.02199354932238112,
            -0.001040023041751561,
            0.05182249034863896,
            -0.0008432948088497738,
            -0.002805249891070939,
            -0.030880515211767687,
            0.01297760555384202,
            -0.02229100136528373,
            -0.0005409880464634456
        ],
        [
            0.35482981701096095,
            0.2407240399115511,
            0.002000010863091905,
            -0.053007794966877624,
            -0.0002989664778920539,
            0.10360762659961428,
            0.13741141178796756,
            0.01613636826120655,
            -0.14311232946631552,
            -0.0023987970775546565,
            0.018071260744991404,
            0.02129033721414746,
            -0.010261005906447117,
            -0.027935651169607667,
            0.001599321859330824,
            -0.025634086462298034,
            -0.03582757599239973,
            0.003402490295125843,
            -0.008587438478267102,
            -0.00010799735261270629
        ],
        [
            0.012721502289363971,
            0.002000010863091905,
            0.002093674680401951,
            -0.021952254558876068,
            -0.0003256421923354974,
            -0.03185391802562207,
            -0.0070367154930063855,
            0.0029489554657264913,
            -0.0031640346947401994,
            -0.00061901165471929,
            0.0038977535541514486,
            -0.0045962533203391595,
            0.004376211440971854,
            0.016595442986891692,
            -0.0007206960359517572,
            -0.0017357726498705409,
            -0.0014573767445753144,
            0.0023961609055992827,
            -0.003985508068383473,
            -9.39784316625455e-05
        ],
        [
            -0.1800020792064264,
            -0.053007794966877624,
            -0.021952254558876068,
            0.2348282305940678,
            0.0034205069362527665,
            0.31464546416605554,
            0.05147811453205309,
            -0.03397580470019779,
            0.04725276979249972,
            0.0069811009443239164,
            -0.054720018830815016,
            0.037856581981195764,
            -0.04384055371595378,
            -0.17120904460328565,
            0.007295051973618247,
            0.013663573064832672,
            0.012741036688184871,
            -0.026923282397011784,
            0.045846908503256144,
            0.0010474946940413241
        ],
        [
            -0.0019641654918002597,
            -0.0002989664778920539,
            -0.0003256421923354974,
            0.0034205069362527665,
            5.088087755504047e-05,
            0.00492341502946138,
            0.0010265306135822207,
            -0.0004985547129906646,
            0.0003157959716283783,
            0.00010400306037838204,
            -0.0009736595193720644,
            0.0005718704315587351,
            -0.0007179877364553173,
            -0.0026017211535937492,
            0.00011512646319843265,
            0.000265278368820408,
            0.00015492388923462125,
            -0.00044373627312425696,
            0.0007796461332043637,
            1.68472802011901e-05
        ],
        [
            -0.00023549304269560148,
            0.10360762659961428,
            -0.03185391802562207,
            0.31464546416605554,
            0.00492341502946138,
            0.5661406809439479,
            0.20067635562926456,
            -0.03084048494480935,
            -0.003698352570334332,
            0.007137694982550616,
            0.008585302976552722,
            0.10986040969566467,
            -0.06994224030059717,
            -0.2717747280739081,
            0.011820669231235354,
            0.020631895733522396,
            0.0187784002808897,
            -0.024883344138110778,
            0.033594392173232505,
            0.0010687012085843224
        ],
        [
            0.16742558885607445,
            0.13741141178796756,
            -0.0070367154930063855,
            0.05147811453205309,
            0.0010265306135822207,
            0.20067635562926456,
            0.1370767635572214,
            0.01092129993655709,
            -0.023096180202893356,
            -0.001492185257893357,
            0.1134862860604312,
            0.08695971371745566,
            -0.01741160245957167,
            -0.06535417734621062,
            0.0030855045006813265,
            0.02623184033238289,
            0.028149550780901676,
            0.012507592514693347,
            -0.03293853160646066,
            -0.000354165544602327
        ],
        [
            0.03702399877262816,
            0.01613636826120655,
            0.0029489554657264913,
            -0.03397580470019779,
            -0.0004985547129906646,
            -0.03084048494480935,
            0.01092129993655709,
            0.012101772742126758,
            0.018332649266483148,
            -0.0023576659604756644,
            0.07130644945935968,
            0.01837496576450337,
            0.013029781722920289,
            0.021841658857271982,
            -0.001448357045933312,
            -0.010308985772711485,
            0.003817531197045213,
            0.016605166357799843,
            -0.03578763362279033,
            -0.0005391992038053194
        ],
        [
            -0.22346151761182892,
            -0.14311232946631552,
            -0.0031640346947401994,
            0.04725276979249972,
            0.0003157959716283783,
            -0.003698352570334332,
            -0.023096180202893356,
            0.018332649266483148,
            0.22026323492019267,
            -0.0038651812714407827,
            0.2594821506647685,
            0.07768267697654802,
            0.04163719006243495,
            -0.009944484616495365,
            -0.002898260203292111,
            -0.054980739129169856,
            0.026922936885809424,
            0.05495699644404789,
            -0.12732987387053535,
            -0.0016290852652947906
        ],
        [
            -0.006374031743345955,
            -0.0023987970775546565,
            -0.00061901165471929,
            0.0069811009443239164,
            0.00010400306037838204,
            0.007137694982550616,
            -0.001492185257893357,
            -0.0023576659604756644,
            -0.0038651812714407827,
            0.00046304790900565055,
            -0.013773255398678482,
            -0.0034241059186963557,
            -0.002612924317654264,
            -0.004842385279738217,
            0.00030187871211469295,
            0.001667233039519157,
            -0.0009893389723916392,
            -0.0032267882880827165,
            0.006904612704442565,
            0.00010555385565362982
        ],
        [
            0.046465359049117035,
            0.018071260744991404,
            0.0038977535541514486,
            -0.054720018830815016,
            -0.0009736595193720644,
            0.008585302976552722,
            0.1134862860604312,
            0.07130644945935968,
            0.2594821506647685,
            -0.013773255398678482,
            0.5964433624917385,
            0.21391808888395272,
            0.07142145799945743,
            0.046638550317190344,
            -0.0060791804320951305,
            -0.032553993957117326,
            0.08567842989631458,
            0.12101697246374239,
            -0.2711279221112753,
            -0.003796786178452017
        ],
        [
            0.02199354932238112,
            0.02129033721414746,
            -0.0045962533203391595,
            0.037856581981195764,
            0.0005718704315587351,
            0.10986040969566467,
            0.08695971371745566,
            0.01837496576450337,
            0.07768267697654802,
            -0.0034241059186963557,
            0.21391808888395272,
            0.14496070788998694,
            -0.01575316375943698,
            0.020934215729708352,
            0.0010856395684953391,
            0.1602903563352059,
            0.1420047397614842,
            0.024102437130552816,
            -0.05149465730796095,
            -0.0008756892883882819
        ],
        [
            -0.001040023041751561,
            -0.010261005906447117,
            0.004376211440971854,
            -0.04384055371595378,
            -0.0007179877364553173,
            -0.06994224030059717,
            -0.01741160245957167,
            0.013029781722920289,
            0.04163719006243495,
            -0.002612924317654264,
            0.07142145799945743,
            -0.01575316375943698,
            0.03375143053559274,
            0.007138529805444012,
            -0.0028112810968345552,
            -0.10415590681884661,
            -0.05444482849291546,
            0.02610469612720278,
            -0.05963336338849447,
            -0.0007532827973254637
        ],
        [
            0.05182249034863896,
            -0.027935651169607667,
            0.016595442986891692,
            -0.17120904460328565,
            -0.0026017211535937492,
            -0.2717747280739081,
            -0.06535417734621062,
            0.021841658857271982,
            -0.009944484616495365,
            -0.004842385279738217,
            0.046638550317190344,
            0.020934215729708352,
            0.007138529805444012,
            0.20209395396420932,
            -0.005062599391526664,
            0.18010470151564267,
            0.11944821244591386,
            0.006145070536610949,
            0.00506099379158925,
            -0.0005406865770032693
        ],
        [
            -0.0008432948088497738,
            0.001599321859330824,
            -0.0007206960359517572,
            0.007295051973618247,
            0.00011512646319843265,
            0.011820669231235354,
            0.0030855045006813265,
            -0.001448357045933312,
            -0.002898260203292111,
            0.00030187871211469295,
            -0.0060791804320951305,
            0.0010856395684953391,
            -0.0028112810968345552,
            -0.005062599391526664,
            0.00033448635570652857,
            0.004352604179673014,
            0.0018255031713824092,
            -0.002100498690421246,
            0.004376649590345056,
            6.83689126244648e-05
        ],
        [
            -0.002805249891070939,
            -0.025634086462298034,
            -0.0017357726498705409,
            0.013663573064832672,
            0.000265278368820408,
            0.020631895733522396,
            0.02623184033238289,
            -0.010308985772711485,
            -0.054980739129169856,
            0.001667233039519157,
            -0.032553993957117326,
            0.1602903563352059,
            -0.10415590681884661,
            0.18010470151564267,
            0.004352604179673014,
            0.5899900210661548,
            0.3748018551466102,
            -0.057646028241942905,
            0.15146777325872296,
            0.001216019952591496
        ],
        [
            -0.030880515211767687,
            -0.03582757599239973,
            -0.0014573767445753144,
            0.012741036688184871,
            0.00015492388923462125,
            0.0187784002808897,
            0.028149550780901676,
            0.003817531197045213,
            0.026922936885809424,
            -0.0009893389723916392,
            0.08567842989631458,
            0.1420047397614842,
            -0.05444482849291546,
            0.11944821244591386,
            0.0018255031713824092,
            0.3748018551466102,
            0.25960786578702155,
            -0.015946203674398002,
            0.04951949755327242,
            0.00012894590517442884
        ],
        [
            0.01297760555384202,
            0.003402490295125843,
            0.0023961609055992827,
            -0.026923282397011784,
            -0.00044373627312425696,
            -0.024883344138110778,
            0.012507592514693347,
            0.016605166357799843,
            0.05495699644404789,
            -0.0032267882880827165,
            0.12101697246374239,
            0.024102437130552816,
            0.02610469612720278,
            0.006145070536610949,
            -0.002100498690421246,
            -0.057646028241942905,
            -0.015946203674398002,
            0.03009198526567104,
            -0.06830660298297686,
            -0.0009070724920850089
        ],
        [
            -0.02229100136528373,
            -0.008587438478267102,
            -0.003985508068383473,
            0.045846908503256144,
            0.0007796461332043637,
            0.033594392173232505,
            -0.03293853160646066,
            -0.03578763362279033,
            -0.12732987387053535,
            0.006904612704442565,
            -0.2711279221112753,
            -0.05149465730796095,
            -0.05963336338849447,
            0.00506099379158925,
            0.004376649590345056,
            0.15146777325872296,
            0.04951949755327242,
            -0.06830660298297686,
            0.156884027155378,
            0.0020234513433098756
        ],
        [
            -0.0005409880464634456,
            -0.00010799735261270629,
            -9.39784316625455e-05,
            0.0010474946940413241,
            1.68472802011901e-05,
            0.0010687012085843224,
            -0.000354165544602327,
            -0.0005391992038053194,
            -0.0016290852652947906,
            0.00010555385565362982,
            -0.003796786178452017,
            -0.0008756892883882819,
            -0.0007532827973254637,
            -0.0005406865770032693,
            6.83689126244648e-05,
            0.001216019952591496,
            0.00012894590517442884,
            -0.0009070724920850089,
            0.0020234513433098756,
            2.8094169079473325e-05
        ]
    ]
}