{
    "opt_E": -2.190353081948417,
    "HF_E": -2.160279473483762,
    "B3LYP_E": -2.1626259129916208,
    "sto-3G_E": -2.1467765620704253,
    "proj": [
        [
            0.5227785042753389,
            0.31704660866745665,
            0.02602880175385592,
            -0.1699068017263969,
            -0.011550553318287408,
            0.07975017365553494,
            0.18209359655893068,
            0.058753962015056525,
            -0.2661999691869379,
            -0.022934968121716928,
            0.04280964865391939,
            0.03253529047291792,
            0.004140484021217291,
            0.023439880068507724,
            -0.002073824249317332,
            0.0024476236846891837,
            -0.031977471083288585,
            -0.004360848974573745,
            -0.020234480796177907,
            0.0023739990734918774
        ],
        [
            0.31704660866745665,
            0.2023075228976117,
            0.007428897112563497,
            -0.058577762544713856,
            -0.003620111923720314,
            0.11445404585105434,
            0.1290387738607668,
            0.029156415174818824,
            -0.14865455632399416,
            -0.011460248776225984,
            0.03238851546650202,
            0.025103038679457724,
            -0.003701500905290242,
            -0.030968293388012567,
            0.0004394774905894576,
            -0.022669277690025465,
            -0.033593119975334394,
            -0.0030323404873734954,
            -0.01498112116777495,
            0.0015853756708406786
        ],
        [
            0.02602880175385592,
            0.007428897112563497,
            0.010329525065919316,
            -0.0554865399298255,
            -0.004219620682241363,
            -0.06247986106572179,
            -0.006512520193944719,
            0.011182160446551353,
            -0.014338998945655972,
            -0.004021994408010875,
            0.0166305629939888,
            -0.004692602656370183,
            0.0030496078305047806,
            0.03779147709813972,
            4.989815134291457e-05,
            -0.007941259285281816,
            -0.00420669896209605,
            -0.004113572190152069,
            -0.016214497015746662,
            0.001980364504194574
        ],
        [
            -0.1699068017263969,
            -0.058577762544713856,
            -0.0554865399298255,
            0.30115022471383407,
            0.022727028834108855,
            0.32498514559895975,
            0.027846197105811838,
            -0.06052604469618417,
            0.10424583476949435,
            0.02213187335980969,
            -0.06437471683199031,
            0.032147944370742594,
            -0.017245225120032175,
            -0.19912108579552754,
            0.0005338243015035927,
            0.038326123687398156,
            0.027090114317171395,
            0.01875123420901003,
            0.07342678289296035,
            -0.009071632230369825
        ],
        [
            -0.011550553318287408,
            -0.003620111923720314,
            -0.004219620682241363,
            0.022727028834108855,
            0.0017256795542471655,
            0.025051344810191056,
            0.0022554254146181824,
            -0.004630427265115168,
            0.006335143957076272,
            0.0016690975359586959,
            -0.0068035613655807806,
            0.00175040845066787,
            -0.0012626021791050939,
            -0.015388777252479452,
            -4.372404590817562e-06,
            0.002936834520861132,
            0.0015894861192829457,
            0.001654494256398097,
            0.006523407039909133,
            -0.0007973464814458903
        ],
        [
            0.07975017365553494,
            0.11445404585105434,
            -0.06247986106572179,
            0.32498514559895975,
            0.025051344810191056,
            0.5232339532564749,
            0.16860091827146273,
            -0.04488926366122352,
            0.021544078537268578,
            0.016293863804110006,
            0.011042403819503594,
            0.09335521384357054,
            -0.02576714173945929,
            -0.2719623911889833,
            0.0017720908874239133,
            0.04043017407824012,
            0.023796261434075268,
            0.01451746773657398,
            0.05248614408804841,
            -0.006970789010203078
        ],
        [
            0.18209359655893068,
            0.1290387738607668,
            -0.006512520193944719,
            0.027846197105811838,
            0.0022554254146181824,
            0.16860091827146273,
            0.12234551025103306,
            0.014583452710659084,
            -0.027538396931314883,
            -0.004731516990104402,
            0.12386248169019473,
            0.08016238627060775,
            -0.007650755385962442,
            -0.05290574407836105,
            0.001713278872353529,
            0.017710679253149206,
            0.02173869243306081,
            -0.009569198697687534,
            -0.04240242871750941,
            0.004605577071883906
        ],
        [
            0.058753962015056525,
            0.029156415174818824,
            0.011182160446551353,
            -0.06052604469618417,
            -0.004630427265115168,
            -0.04488926366122352,
            0.014583452710659084,
            0.01633209530791202,
            -0.014263210865098918,
            -0.005655519832854868,
            0.053083417469346424,
            0.012679498609923383,
            0.0018528047799456747,
            0.036200137903776304,
            0.0006692123163370747,
            -0.007581403002629122,
            0.0006149779641000868,
            -0.007983651953876413,
            -0.032572954187689025,
            0.0038289712238353374
        ],
        [
            -0.2661999691869379,
            -0.14865455632399416,
            -0.014338998945655972,
            0.10424583476949435,
            0.006335143957076272,
            0.021544078537268578,
            -0.027538396931314883,
            -0.014263210865098918,
            0.2677305285139041,
            0.0086642437876809,
            0.24567766682795056,
            0.08256268363533427,
            -0.01678700825474026,
            -0.03533755347444397,
            0.00933866934838562,
            -0.05838023213670146,
            0.03201122905775015,
            -0.030601136495995343,
            -0.12692967656726367,
            0.014280250188747144
        ],
        [
            -0.022934968121716928,
            -0.011460248776225984,
            -0.004021994408010875,
            0.02213187335980969,
            0.0016690975359586959,
            0.016293863804110006,
            -0.004731516990104402,
            -0.005655519832854868,
            0.0086642437876809,
            0.0020156460239596865,
            -0.013634751280664974,
            -0.0025443330510899775,
            -0.0008793710313544054,
            -0.012872240330596096,
            -9.468783380046443e-05,
            0.002151498163609612,
            0.000625279506160495,
            0.0022114726388933114,
            0.008978625480238719,
            -0.001066096413598914
        ],
        [
            0.04280964865391939,
            0.03238851546650202,
            0.0166305629939888,
            -0.06437471683199031,
            -0.0068035613655807806,
            0.011042403819503594,
            0.12386248169019473,
            0.053083417469346424,
            0.24567766682795056,
            -0.013634751280664974,
            0.58966263496969,
            0.22406960030842382,
            -0.016609602521887114,
            0.054158820978482965,
            0.013319688501645192,
            -0.04263317962184026,
            0.08491028123928296,
            -0.07105633756573605,
            -0.29493078263977013,
            0.03365517528708834
        ],
        [
            0.03253529047291792,
            0.025103038679457724,
            -0.004692602656370183,
            0.032147944370742594,
            0.00175040845066787,
            0.09335521384357054,
            0.08016238627060775,
            0.012679498609923383,
            0.08256268363533427,
            -0.0025443330510899775,
            0.22406960030842382,
            0.1481962636112955,
            0.004647336738680882,
            0.03287548307239605,
            -0.0021860744949349937,
            0.15825091461580074,
            0.14459631071221896,
            -0.014779955259607892,
            -0.06186408725978792,
            0.007098393597444075
        ],
        [
            0.004140484021217291,
            -0.003701500905290242,
            0.0030496078305047806,
            -0.017245225120032175,
            -0.0012626021791050939,
            -0.02576714173945929,
            -0.007650755385962442,
            0.0018528047799456747,
            -0.01678700825474026,
            -0.0008793710313544054,
            -0.016609602521887114,
            0.004647336738680882,
            0.006733157046696493,
            0.031503386584730717,
            -0.002895545657248938,
            0.052548167933228584,
            0.030447798803822725,
            0.004238440768339427,
            0.01821213866157634,
            -0.0019612297929341273
        ],
        [
            0.023439880068507724,
            -0.030968293388012567,
            0.03779147709813972,
            -0.19912108579552754,
            -0.015388777252479452,
            -0.2719623911889833,
            -0.05290574407836105,
            0.036200137903776304,
            -0.03533755347444397,
            -0.012872240330596096,
            0.054158820978482965,
            0.03287548307239605,
            0.031503386584730717,
            0.22622851630730906,
            -0.009119716407565537,
            0.17921027976873583,
            0.12425455844480557,
            -0.003337254636610831,
            -0.00891742771120894,
            0.001806096564307175
        ],
        [
            -0.002073824249317332,
            0.0004394774905894576,
            4.989815134291457e-05,
            0.0005338243015035927,
            -4.372404590817562e-06,
            0.0017720908874239133,
            0.001713278872353529,
            0.0006692123163370747,
            0.00933866934838562,
            -9.468783380046443e-05,
            0.013319688501645192,
            -0.0021860744949349937,
            -0.002895545657248938,
            -0.009119716407565537,
            0.0014988027492801401,
            -0.027049974190014987,
            -0.014779200275660143,
            -0.003040371789055997,
            -0.012763187339395079,
            0.0014200973353032701
        ],
        [
            0.0024476236846891837,
            -0.022669277690025465,
            -0.007941259285281816,
            0.038326123687398156,
            0.002936834520861132,
            0.04043017407824012,
            0.017710679253149206,
            -0.007581403002629122,
            -0.05838023213670146,
            0.002151498163609612,
            -0.04263317962184026,
            0.15825091461580074,
            0.052548167933228584,
            0.17921027976873583,
            -0.027049974190014987,
            0.5923267467343967,
            0.3763784299997413,
            0.03973825204050211,
            0.16717253477303332,
            -0.018436273383662622
        ],
        [
            -0.031977471083288585,
            -0.033593119975334394,
            -0.00420669896209605,
            0.027090114317171395,
            0.0015894861192829457,
            0.023796261434075268,
            0.02173869243306081,
            0.0006149779641000868,
            0.03201122905775015,
            0.000625279506160495,
            0.08491028123928296,
            0.14459631071221896,
            0.030447798803822725,
            0.12425455844480557,
            -0.014779200275660143,
            0.3763784299997413,
            0.26390335220689554,
            0.012237811419878852,
            0.05239118402974807,
            -0.005571220058606145
        ],
        [
            -0.004360848974573745,
            -0.0030323404873734954,
            -0.004113572190152069,
            0.01875123420901003,
            0.001654494256398097,
            0.01451746773657398,
            -0.009569198697687534,
            -0.007983651953876413,
            -0.030601136495995343,
            0.0022114726388933114,
            -0.07105633756573605,
            -0.014779955259607892,
            0.004238440768339427,
            -0.003337254636610831,
            -0.003040371789055997,
            0.03973825204050211,
            0.012237811419878852,
            0.01094568979053335,
            0.0453612444981526,
            -0.005165826396339819
        ],
        [
            -0.020234480796177907,
            -0.01498112116777495,
            -0.016214497015746662,
            0.07342678289296035,
            0.006523407039909133,
            0.05248614408804841,
            -0.04240242871750941,
            -0.032572954187689025,
            -0.12692967656726367,
            0.008978625480238719,
            -0.29493078263977013,
            -0.06186408725978792,
            0.01821213866157634,
            -0.00891742771120894,
            -0.012763187339395079,
            0.16717253477303332,
            0.05239118402974807,
            0.0453612444981526,
            0.18811717604986858,
            -0.021405448676060194
        ],
        [
            0.0023739990734918774,
            0.0015853756708406786,
            0.001980364504194574,
            -0.009071632230369825,
            -0.0007973464814458903,
            -0.006970789010203078,
            0.004605577071883906,
            0.0038289712238353374,
            0.014280250188747144,
            -0.001066096413598914,
            0.03365517528708834,
            0.007098393597444075,
            -0.0019612297929341273,
            0.001806096564307175,
            0.0014200973353032701,
            -0.018436273383662622,
            -0.005571220058606145,
            -0.005165826396339819,
            -0.021405448676060194,
            0.002438470673798773
        ]
    ]
}