{
    "opt_E": -2.18611404255889,
    "HF_E": -2.1567922777147217,
    "B3LYP_E": -2.1587766309882443,
    "sto-3G_E": -2.1454019460073726,
    "proj": [
        [
            0.5655768895849822,
            0.3547098158767814,
            -0.03205018443531938,
            -0.17859652116249286,
            -0.0206732568543198,
            0.0023391491819089705,
            0.17103689108604433,
            -0.052034147915251044,
            -0.21518704069790973,
            -0.03270978085177733,
            0.0450970418410153,
            0.02460194627464058,
            0.0012696625218975412,
            0.048047535458758006,
            0.0019380512328676495,
            0.0018114999439229472,
            -0.027623908726038364,
            0.010850100037854873,
            -0.03651515011533793,
            0.0041100955627986074
        ],
        [
            0.3547098158767814,
            0.24082422132776563,
            -0.01014707792465157,
            -0.05959563959689474,
            -0.006557699203714985,
            0.0947910363156246,
            0.1395498692781216,
            -0.02669992366926763,
            -0.13578400464682522,
            -0.017270443395791507,
            0.029685031016609388,
            0.023268725831405775,
            0.0033626678090510932,
            -0.03315049249451434,
            0.0012808712125730178,
            -0.02983449039184212,
            -0.034210380556037395,
            0.006829257815753186,
            -0.027495589716186496,
            0.002380673464745461
        ],
        [
            -0.03205018443531938,
            -0.01014707792465157,
            0.008568965750282443,
            0.04541588477093236,
            0.0055238811628659686,
            0.06010890851319693,
            0.00967773235974687,
            0.006751617187873649,
            0.002351255224324667,
            0.003795359848632789,
            -0.013255515712942492,
            0.007682604646433755,
            -0.0036607297295913545,
            -0.030058516859982027,
            -0.001977644097000283,
            0.004067474800686068,
            0.003865721576575689,
            -0.005330292537153624,
            0.016745259460802447,
            -0.0020314723279359786
        ],
        [
            -0.17859652116249286,
            -0.05959563959689474,
            0.04541588477093236,
            0.24124143966596512,
            0.029286471510399033,
            0.3170560603697722,
            0.05035656790483626,
            0.036260888940289414,
            0.02359860802972182,
            0.020542319418936177,
            -0.05660947122000684,
            0.04478099496661177,
            -0.018215373889706468,
            -0.1588321605007194,
            -0.009981119868347184,
            0.02421125706644701,
            0.024258693823240352,
            -0.025961125675638817,
            0.08064889474516689,
            -0.009967256469824345
        ],
        [
            -0.0206732568543198,
            -0.006557699203714985,
            0.0055238811628659686,
            0.029286471510399033,
            0.0035612429907361572,
            0.03881015470278566,
            0.006311399912500103,
            0.0043498287716345055,
            0.0016719155967178162,
            0.0024471211276275713,
            -0.008209066215252803,
            0.005142246385589166,
            -0.0023720341756281555,
            -0.019275839854167733,
            -0.0012774677426224145,
            0.0029160057477848706,
            0.002712626658820255,
            -0.003406725632263067,
            0.010695430311464634,
            -0.0012995859998870844
        ],
        [
            0.0023391491819089705,
            0.0947910363156246,
            0.06010890851319693,
            0.3170560603697722,
            0.03881015470278566,
            0.5615207471843967,
            0.19875589144198788,
            0.03349285020530921,
            -0.029100239612715233,
            0.017837189131662077,
            0.014761260106661888,
            0.11735604525537666,
            -0.02148643054232857,
            -0.25948013483305027,
            -0.012461922149135654,
            0.04384083890613867,
            0.03826714436442599,
            -0.023032433187365076,
            0.062021896843137685,
            -0.009435121701596976
        ],
        [
            0.17103689108604433,
            0.1395498692781216,
            0.00967773235974687,
            0.05035656790483626,
            0.006311399912500103,
            0.19875589144198788,
            0.1341030897278464,
            -0.005187486197157301,
            -0.03174567846687912,
            -0.003733537977789173,
            0.09948726114784774,
            0.07590263828825483,
            -0.000981379023029243,
            -0.07330840112631325,
            -0.0011030422713423885,
            0.033151618561837376,
            0.025394184559114286,
            0.00843659274465836,
            -0.03623542965401222,
            0.002558304915421925
        ],
        [
            -0.052034147915251044,
            -0.02669992366926763,
            0.006751617187873649,
            0.036260888940289414,
            0.0043498287716345055,
            0.03349285020530921,
            -0.005187486197157301,
            0.006978964973380636,
            0.014038011515240829,
            0.004130791083178388,
            -0.01162600457937326,
            0.0009127590025872855,
            -0.001468510302890343,
            -0.022275786547163747,
            -0.0010040204722510796,
            -0.0028679459391123185,
            0.0006015530921781766,
            -0.0033825401291537084,
            0.010515754444102458,
            -0.0012926327645638534
        ],
        [
            -0.21518704069790973,
            -0.13578400464682522,
            0.002351255224324667,
            0.02359860802972182,
            0.0016719155967178162,
            -0.029100239612715233,
            -0.03174567846687912,
            0.014038011515240829,
            0.24581617772088252,
            0.011449751176858671,
            0.26754064257181664,
            0.056340789747476305,
            0.03592248234935286,
            -0.03506868265549083,
            0.01413318028345132,
            -0.023924263702395934,
            0.03066202321208202,
            0.05269681995671842,
            -0.18920480631699407,
            0.018428939139588856
        ],
        [
            -0.03270978085177733,
            -0.017270443395791507,
            0.003795359848632789,
            0.020542319418936177,
            0.0024471211276275713,
            0.017837189131662077,
            -0.003733537977789173,
            0.004130791083178388,
            0.011449751176858671,
            0.002491376768526518,
            -0.003036673153855918,
            0.0010362413724499958,
            -0.00028402568047574935,
            -0.012896052715521307,
            -0.00035041152403347283,
            -0.0022339765662932874,
            0.0005804033273658069,
            -0.0011596810369259951,
            0.0032604679420963367,
            -0.00046592113755938836
        ],
        [
            0.0450970418410153,
            0.029685031016609388,
            -0.013255515712942492,
            -0.05660947122000684,
            -0.008209066215252803,
            0.014761260106661888,
            0.09948726114784774,
            -0.01162600457937326,
            0.26754064257181664,
            -0.003036673153855918,
            0.5273143398809088,
            0.1684763927020731,
            0.04660351528333842,
            -0.00041510699403085133,
            0.019759635561778097,
            0.07107931578569314,
            0.10482340516689091,
            0.09085477851785259,
            -0.32373018763189204,
            0.03178716019213815
        ],
        [
            0.02460194627464058,
            0.023268725831405775,
            0.007682604646433755,
            0.04478099496661177,
            0.005142246385589166,
            0.11735604525537666,
            0.07590263828825483,
            0.0009127590025872855,
            0.056340789747476305,
            0.0010362413724499958,
            0.1684763927020731,
            0.12165430544946362,
            -0.014498186175341668,
            0.028623448823340177,
            -0.004947605781632416,
            0.18256349006373618,
            0.1315903484120942,
            0.007903459847127838,
            -0.027481803961453624,
            0.0024010845619938334
        ],
        [
            0.0012696625218975412,
            0.0033626678090510932,
            -0.0036607297295913545,
            -0.018215373889706468,
            -0.0023720341756281555,
            -0.02148643054232857,
            -0.000981379023029243,
            -0.001468510302890343,
            0.03592248234935286,
            -0.00028402568047574935,
            0.04660351528333842,
            -0.014498186175341668,
            0.018675316646546047,
            -0.03370883824531747,
            0.007031810081534644,
            -0.0787213617854209,
            -0.042397847512103355,
            0.01787703358873494,
            -0.06546007178654265,
            0.0063603284530874505
        ],
        [
            0.048047535458758006,
            -0.03315049249451434,
            -0.030058516859982027,
            -0.1588321605007194,
            -0.019275839854167733,
            -0.25948013483305027,
            -0.07330840112631325,
            -0.022275786547163747,
            -0.03506868265549083,
            -0.012896052715521307,
            -0.00041510699403085133,
            0.028623448823340177,
            -0.03370883824531747,
            0.2662210287892733,
            -0.009340005202475755,
            0.24931282729854667,
            0.14318103725548392,
            -0.016469650959452613,
            0.07642710387168197,
            -0.005263863490866217
        ],
        [
            0.0019380512328676495,
            0.0012808712125730178,
            -0.001977644097000283,
            -0.009981119868347184,
            -0.0012774677426224145,
            -0.012461922149135654,
            -0.0011030422713423885,
            -0.0010040204722510796,
            0.01413318028345132,
            -0.00035041152403347283,
            0.019759635561778097,
            -0.004947605781632416,
            0.007031810081534644,
            -0.009340005202475755,
            0.002704934657775166,
            -0.027422551257604903,
            -0.014519475404484963,
            0.0070821701175507795,
            -0.025665133395350773,
            0.002527841497917737
        ],
        [
            0.0018114999439229472,
            -0.02983449039184212,
            0.004067474800686068,
            0.02421125706644701,
            0.0029160057477848706,
            0.04384083890613867,
            0.033151618561837376,
            -0.0028679459391123185,
            -0.023924263702395934,
            -0.0022339765662932874,
            0.07107931578569314,
            0.18256349006373618,
            -0.0787213617854209,
            0.24931282729854667,
            -0.027422551257604903,
            0.5225647476002832,
            0.32543509367244133,
            -0.04367230050295914,
            0.16979469054966878,
            -0.015698640200849084
        ],
        [
            -0.027623908726038364,
            -0.034210380556037395,
            0.003865721576575689,
            0.024258693823240352,
            0.002712626658820255,
            0.03826714436442599,
            0.025394184559114286,
            0.0006015530921781766,
            0.03066202321208202,
            0.0005804033273658069,
            0.10482340516689091,
            0.1315903484120942,
            -0.042397847512103355,
            0.14318103725548392,
            -0.014519475404484963,
            0.32543509367244133,
            0.2119921206260618,
            -0.016409860110274534,
            0.0665599822885588,
            -0.0060385549574514625
        ],
        [
            0.010850100037854873,
            0.006829257815753186,
            -0.005330292537153624,
            -0.025961125675638817,
            -0.003406725632263067,
            -0.023032433187365076,
            0.00843659274465836,
            -0.0033825401291537084,
            0.05269681995671842,
            -0.0011596810369259951,
            0.09085477851785259,
            0.007903459847127838,
            0.01787703358873494,
            -0.016469650959452613,
            0.0070821701175507795,
            -0.04367230050295914,
            -0.016409860110274534,
            0.022554086723920078,
            -0.08109996937806273,
            0.007988715470052926
        ],
        [
            -0.03651515011533793,
            -0.027495589716186496,
            0.016745259460802447,
            0.08064889474516689,
            0.010695430311464634,
            0.062021896843137685,
            -0.03623542965401222,
            0.010515754444102458,
            -0.18920480631699407,
            0.0032604679420963367,
            -0.32373018763189204,
            -0.027481803961453624,
            -0.06546007178654265,
            0.07642710387168197,
            -0.025665133395350773,
            0.16979469054966878,
            0.0665599822885588,
            -0.08109996937806273,
            0.2928030539932407,
            -0.028681872421367053
        ],
        [
            0.0041100955627986074,
            0.002380673464745461,
            -0.0020314723279359786,
            -0.009967256469824345,
            -0.0012995859998870844,
            -0.009435121701596976,
            0.002558304915421925,
            -0.0012926327645638534,
            0.018428939139588856,
            -0.00046592113755938836,
            0.03178716019213815,
            0.0024010845619938334,
            0.0063603284530874505,
            -0.005263863490866217,
            0.002527841497917737,
            -0.015698640200849084,
            -0.0060385549574514625,
            0.007988715470052926,
            -0.028681872421367053,
            0.0028329499377634545
        ]
    ]
}