{
    "opt_E": -2.2077547208903536,
    "HF_E": -2.1756000551095553,
    "B3LYP_E": -2.17851787731587,
    "sto-3G_E": -2.162427734260988,
    "proj": [
        [
            0.5912573332835277,
            0.3716572711467719,
            -0.032506603146586446,
            -0.15813034989849697,
            -0.03244117659911276,
            -0.03301546428213344,
            0.16092871439803444,
            -0.06253361971467357,
            -0.19101762480934906,
            -0.04586399740534292,
            0.03779171473989777,
            0.020022130834306404,
            -0.0035452004411356815,
            0.06171773252180538,
            0.005531658091684266,
            -0.0012392104590988472,
            -0.024962621473081415,
            -0.0004492669714881342,
            -0.025113879604669948,
            0.0014027883966389629
        ],
        [
            0.3716572711467719,
            0.2563486051725917,
            -0.008468704254963691,
            -0.048236438452692994,
            -0.009604374546407482,
            0.08870240197674342,
            0.14201006922659865,
            -0.03128180175968597,
            -0.12763039290470674,
            -0.026916397203864125,
            0.02093411797620112,
            0.022291408884801127,
            0.003557347040984568,
            -0.0255449363126327,
            -0.002898362211979681,
            -0.029169997715302494,
            -0.03654585710120486,
            -0.0003552358840696983,
            -0.013822228635870681,
            0.0004529696066961582
        ],
        [
            -0.032506603146586446,
            -0.008468704254963691,
            0.009247920660969666,
            0.040039092218907654,
            0.008414540208266824,
            0.06688464319736277,
            0.013733669927654108,
            0.008761810186446088,
            -0.0014826713741917564,
            0.002817888426525888,
            -0.01465490481716153,
            0.007564966809887989,
            0.0035224021159999354,
            -0.03151983287798202,
            -0.0054665607348093745,
            0.00835300493868487,
            0.002519515108601005,
            -0.00040907111018519517,
            0.015032771313118008,
            -0.0009644134015840439
        ],
        [
            -0.15813034989849697,
            -0.048236438452692994,
            0.040039092218907654,
            0.17437191410997402,
            0.03658540875869526,
            0.28512539699551287,
            0.05517394723001979,
            0.03849516400559724,
            0.007576578787102286,
            0.014301176950701232,
            -0.04986334376362238,
            0.034528636822508195,
            0.015014235888654085,
            -0.1385203222857749,
            -0.022496407653624227,
            0.02832345339476662,
            0.009741409424226296,
            -0.0014755709285142905,
            0.055657709820439535,
            -0.003641233942087662
        ],
        [
            -0.03244117659911276,
            -0.009604374546407482,
            0.008414540208266824,
            0.03658540875869526,
            0.007680911787338013,
            0.059978023822199425,
            0.011591361586506694,
            0.008108292859216267,
            0.0006046794154337583,
            0.0028717879186700855,
            -0.011897250590172673,
            0.00673440502781733,
            0.003169562258797725,
            -0.02915028296725383,
            -0.004795872749524823,
            0.0058771567432653205,
            0.0016779860674796816,
            -0.0003290293591562065,
            0.012412284834179046,
            -0.0008078402708087723
        ],
        [
            -0.03301546428213344,
            0.08870240197674342,
            0.06688464319736277,
            0.28512539699551287,
            0.059978023822199425,
            0.5930732289014965,
            0.21648765902107542,
            0.04448256740202975,
            -0.037839256653255667,
            0.011513203124569936,
            0.000811594891042779,
            0.11407360351314552,
            0.029590023421668717,
            -0.26624933167235026,
            -0.04066346797578061,
            0.04965485213701571,
            0.018757743378248058,
            -0.0021622707168118924,
            0.05770879322896844,
            -0.0042638914808754745
        ],
        [
            0.16092871439803444,
            0.14201006922659865,
            0.013733669927654108,
            0.05517394723001979,
            0.011591361586506694,
            0.21648765902107542,
            0.1473822457101408,
            -0.007856309041778331,
            -0.02064739294534869,
            -0.003969487255379544,
            0.11189373923655167,
            0.0871344908480517,
            0.009325421694210224,
            -0.07986677187575149,
            -0.009054800191236813,
            0.020083356134929186,
            0.020447338220054567,
            0.00031246122213921397,
            -0.03705148529412121,
            0.0018284854443000927
        ],
        [
            -0.06253361971467357,
            -0.03128180175968597,
            0.008761810186446088,
            0.03849516400559724,
            0.008108292859216267,
            0.04448256740202975,
            -0.007856309041778331,
            0.011838884542158569,
            -0.0013059878242411762,
            0.003619798081098831,
            -0.040663712169841194,
            -0.0084539069879038,
            0.0027640743727355777,
            -0.0267615898616334,
            -0.0050975342446574895,
            0.0013082566240820161,
            -0.004784362065029184,
            -0.0005526464627033098,
            0.025060419979765103,
            -0.0015345718963430035
        ],
        [
            -0.19101762480934906,
            -0.12763039290470674,
            -0.0014826713741917564,
            0.007576578787102286,
            0.0006046794154337583,
            -0.037839256653255667,
            -0.02064739294534869,
            -0.0013059878242411762,
            0.21332121848997926,
            0.029367921893065085,
            0.2750624206327548,
            0.07522700974034734,
            -0.003383546502512493,
            -0.013556455988642769,
            0.017388145229185945,
            -0.0604656845931782,
            0.02754907143340984,
            0.004565155471567798,
            -0.16098722025271098,
            0.009325509894444032
        ],
        [
            -0.04586399740534292,
            -0.026916397203864125,
            0.002817888426525888,
            0.014301176950701232,
            0.0028717879186700855,
            0.011513203124569936,
            -0.003969487255379544,
            0.003619798081098831,
            0.029367921893065085,
            0.005280620780689173,
            0.02660896263351006,
            0.009073957336266283,
            0.0005169786681475742,
            -0.011027234146718955,
            0.0006442278246398571,
            -0.006675246101959583,
            0.003288060780858457,
            0.0004536979598449704,
            -0.014534083191708944,
            0.0008160279891078025
        ],
        [
            0.03779171473989777,
            0.02093411797620112,
            -0.01465490481716153,
            -0.04986334376362238,
            -0.011897250590172673,
            0.000811594891042779,
            0.11189373923655167,
            -0.040663712169841194,
            0.2750624206327548,
            0.02660896263351006,
            0.5776873160864398,
            0.21059954984088025,
            -0.005117180746420674,
            0.011936364575823458,
            0.0286938029931701,
            -0.017892243280026025,
            0.09988470179878148,
            0.007490809485810793,
            -0.3044656939037586,
            0.017806313386143975
        ],
        [
            0.020022130834306404,
            0.022291408884801127,
            0.007564966809887989,
            0.034528636822508195,
            0.00673440502781733,
            0.11407360351314552,
            0.0871344908480517,
            -0.0084539069879038,
            0.07522700974034734,
            0.009073957336266283,
            0.21059954984088025,
            0.1430919917082868,
            0.0024398719139253804,
            0.02072562526756965,
            -0.0026854801958350666,
            0.16326237530406806,
            0.1391520529959623,
            0.0006919705388527401,
            -0.05637895102112842,
            0.0037563062649245945
        ],
        [
            -0.0035452004411356815,
            0.003557347040984568,
            0.0035224021159999354,
            0.015014235888654085,
            0.003169562258797725,
            0.029590023421668717,
            0.009325421694210224,
            0.0027640743727355777,
            -0.003383546502512493,
            0.0005169786681475742,
            -0.005117180746420674,
            0.0024398719139253804,
            0.0015670822491696947,
            -0.015529290365799031,
            -0.0021266273573998713,
            -0.0022211864980676566,
            -0.0028979122398827026,
            -0.0001235321842551339,
            0.004285864920748678,
            -0.00031384775283358786
        ],
        [
            0.06171773252180538,
            -0.0255449363126327,
            -0.03151983287798202,
            -0.1385203222857749,
            -0.02915028296725383,
            -0.26624933167235026,
            -0.07986677187575149,
            -0.0267615898616334,
            -0.013556455988642769,
            -0.011027234146718955,
            0.011936364575823458,
            0.02072562526756965,
            -0.015529290365799031,
            0.2233187801422037,
            0.010908844778837948,
            0.21833583781753704,
            0.1413572844280123,
            -0.0013569218254906694,
            0.03284821050092424,
            -0.0005810332424867697
        ],
        [
            0.005531658091684266,
            -0.002898362211979681,
            -0.0054665607348093745,
            -0.022496407653624227,
            -0.004795872749524823,
            -0.04066346797578061,
            -0.009054800191236813,
            -0.0050975342446574895,
            0.017388145229185945,
            0.0006442278246398571,
            0.0286938029931701,
            -0.0026854801958350666,
            -0.0021266273573998713,
            0.010908844778837948,
            0.0048734622561688095,
            -0.023735137027294354,
            -0.008503585947512651,
            0.0007127949509425064,
            -0.024397691765894958,
            0.0014108891179130574
        ],
        [
            -0.0012392104590988472,
            -0.029169997715302494,
            0.00835300493868487,
            0.02832345339476662,
            0.0058771567432653205,
            0.04965485213701571,
            0.020083356134929186,
            0.0013082566240820161,
            -0.0604656845931782,
            -0.006675246101959583,
            -0.017892243280026025,
            0.16326237530406806,
            -0.0022211864980676566,
            0.21833583781753704,
            -0.023735137027294354,
            0.5850872966833766,
            0.3599538906477183,
            -0.006212719904215941,
            0.1718996012351254,
            -0.007838535903893613
        ],
        [
            -0.024962621473081415,
            -0.03654585710120486,
            0.002519515108601005,
            0.009741409424226296,
            0.0016779860674796816,
            0.018757743378248058,
            0.020447338220054567,
            -0.004784362065029184,
            0.02754907143340984,
            0.003288060780858457,
            0.09988470179878148,
            0.1391520529959623,
            -0.0028979122398827026,
            0.1413572844280123,
            -0.008503585947512651,
            0.3599538906477183,
            0.24477010208845806,
            -0.002328176675199832,
            0.04749066356891,
            -0.0013725447462700085
        ],
        [
            -0.0004492669714881342,
            -0.0003552358840696983,
            -0.00040907111018519517,
            -0.0014755709285142905,
            -0.0003290293591562065,
            -0.0021622707168118924,
            0.00031246122213921397,
            -0.0005526464627033098,
            0.004565155471567798,
            0.0004536979598449704,
            0.007490809485810793,
            0.0006919705388527401,
            -0.0001235321842551339,
            -0.0013569218254906694,
            0.0007127949509425064,
            -0.006212719904215941,
            -0.002328176675199832,
            0.00016484954046104433,
            -0.005730867543519832,
            0.00031576872129925217
        ],
        [
            -0.025113879604669948,
            -0.013822228635870681,
            0.015032771313118008,
            0.055657709820439535,
            0.012412284834179046,
            0.05770879322896844,
            -0.03705148529412121,
            0.025060419979765103,
            -0.16098722025271098,
            -0.014534083191708944,
            -0.3044656939037586,
            -0.05637895102112842,
            0.004285864920748678,
            0.03284821050092424,
            -0.024397691765894958,
            0.1718996012351254,
            0.04749066356891,
            -0.005730867543519832,
            0.20897367104727083,
            -0.011686480839491984
        ],
        [
            0.0014027883966389629,
            0.0004529696066961582,
            -0.0009644134015840439,
            -0.003641233942087662,
            -0.0008078402708087723,
            -0.0042638914808754745,
            0.0018284854443000927,
            -0.0015345718963430035,
            0.009325509894444032,
            0.0008160279891078025,
            0.017806313386143975,
            0.0037563062649245945,
            -0.00031384775283358786,
            -0.0005810332424867697,
            0.0014108891179130574,
            -0.007838535903893613,
            -0.0013725447462700085,
            0.00031576872129925217,
            -0.011686480839491984,
            0.0006625647592997018
        ]
    ]
}