{
    "opt_E": -2.148287252584909,
    "HF_E": -2.115995653219512,
    "B3LYP_E": -2.11907471173393,
    "sto-3G_E": -2.0898582466011364,
    "proj": [
        [
            0.5682664104970664,
            0.3798899784292485,
            0.012703030549679608,
            -0.17414774867358238,
            -0.006966997706950796,
            0.008501099666317577,
            0.16202626968203715,
            0.015449243994655793,
            -0.17996025977397523,
            -0.016471748506318436,
            0.0464857190650299,
            0.026396698234565388,
            0.0039792572509874955,
            0.07732065227067048,
            0.008062691951492862,
            0.0020363068458394136,
            -0.038272394572855,
            -0.005950381135065882,
            -0.027986412216819086,
            -0.007802693692496157
        ],
        [
            0.3798899784292485,
            0.26637034949134336,
            0.005586587435111736,
            -0.07703793343526026,
            -0.0025771468931627952,
            0.0734331465010695,
            0.13020493369854289,
            0.009274211271534185,
            -0.12789277247454148,
            -0.010565912368305397,
            0.03746220482721314,
            0.02071377361995442,
            0.0018486557322882102,
            -0.007948131734869687,
            0.0024036820073165097,
            -0.035416250677443986,
            -0.04943057318303837,
            -0.004250906281501651,
            -0.023955076152718736,
            -0.005803435883065884
        ],
        [
            0.012703030549679608,
            0.005586587435111736,
            0.001238473051642466,
            -0.016525632681312748,
            -0.0007928448185204039,
            -0.020352963228561262,
            -0.0026245813544759464,
            0.0004815731421464139,
            0.0032198605872170777,
            -0.0004932648592383582,
            0.0038327485194219317,
            -0.002392129167992772,
            -0.0009206145999310146,
            0.016795526538430163,
            -0.0004170847995369617,
            -0.001633589361557644,
            -0.0015433028288592123,
            -0.00107977839167445,
            -0.005203222390211723,
            -0.0013600001964744598
        ],
        [
            -0.17414774867358238,
            -0.07703793343526026,
            -0.016525632681312748,
            0.22249827393634927,
            0.010822290155801623,
            0.2794573901060627,
            0.041118637898949054,
            -0.007363563504976581,
            -0.021120515880739984,
            0.006445617035507871,
            -0.020362218911620027,
            0.0430568357698691,
            0.01095611997498596,
            -0.2219287340671788,
            0.004292390662414464,
            0.02209653759496018,
            0.025582080270394242,
            0.011473966239430805,
            0.05360396962637016,
            0.014289854881109221
        ],
        [
            -0.006966997706950796,
            -0.0025771468931627952,
            -0.0007928448185204039,
            0.010822290155801623,
            0.0005443964912107041,
            0.014950393575987948,
            0.0032437308037571253,
            -0.0003906153557811552,
            -1.7868237709222913e-05,
            0.00025266415173945503,
            0.0016299158988742756,
            0.003134778170364647,
            0.00044887148424302886,
            -0.01093637913422121,
            0.00012371880004154065,
            0.0009070506880264359,
            0.0013836646373183087,
            0.0003148987267608339,
            0.001278934026372219,
            0.0003731946124747923
        ],
        [
            0.008501099666317577,
            0.0734331465010695,
            -0.020352963228561262,
            0.2794573901060627,
            0.014950393575987948,
            0.4957605362384852,
            0.17929735307118885,
            -0.007067006817059748,
            -0.05514244014458728,
            0.0011145002823147127,
            0.10264418042226153,
            0.12462288770984843,
            0.015191801606586645,
            -0.31852841966509254,
            0.006505601190033689,
            0.03411433137402664,
            0.036054914169175285,
            0.004965616656892031,
            0.01509741243392589,
            0.00521856080233972
        ],
        [
            0.16202626968203715,
            0.13020493369854289,
            -0.0026245813544759464,
            0.041118637898949054,
            0.0032437308037571253,
            0.17929735307118885,
            0.12125380868979807,
            0.0001386033433265414,
            -0.018486357664700942,
            -0.005013766886334391,
            0.1238910695150709,
            0.07956646938655812,
            0.0038494534276159423,
            -0.0670409216722072,
            0.002800233288791756,
            0.027162676765626264,
            0.022493653553335352,
            -0.0069663203219966375,
            -0.039273372640937845,
            -0.009551022195239551
        ],
        [
            0.015449243994655793,
            0.009274211271534185,
            0.0004815731421464139,
            -0.007363563504976581,
            -0.0003906153557811552,
            -0.007067006817059748,
            0.0001386033433265414,
            0.0008106385282870334,
            -0.012603865911262519,
            -0.0003706517713274027,
            -0.011499614211641113,
            -0.0037806257255670224,
            0.0007283310978573384,
            0.004869347195377162,
            0.0009529538314012124,
            0.002889862213657917,
            -0.0009628636952406225,
            0.0010692230017923469,
            0.006132225468718267,
            0.0014208655788856578
        ],
        [
            -0.17996025977397523,
            -0.12789277247454148,
            0.0032198605872170777,
            -0.021120515880739984,
            -1.7868237709222913e-05,
            -0.05514244014458728,
            -0.018486357664700942,
            -0.012603865911262519,
            0.3181200682143555,
            0.0019737328758434565,
            0.3184532182685543,
            0.06811839987930209,
            -0.026302934074249402,
            0.07838573501819353,
            -0.02555838037106727,
            -0.07694182900378241,
            0.008973164988658277,
            -0.03728992592302557,
            -0.20216130876754898,
            -0.04871898563501019
        ],
        [
            -0.016471748506318436,
            -0.010565912368305397,
            -0.0004932648592383582,
            0.006445617035507871,
            0.00025266415173945503,
            0.0011145002823147127,
            -0.005013766886334391,
            -0.0003706517713274027,
            0.0019737328758434565,
            0.0005393110203862424,
            -0.005802062197822658,
            -0.002622878755678667,
            -2.5377561947794695e-05,
            -0.005234615700047008,
            -0.00026019473907835266,
            -0.0024415334770261856,
            -0.0011298230140385822,
            0.0005718168389263801,
            0.0027694191842348955,
            0.0007415191860332311
        ],
        [
            0.0464857190650299,
            0.03746220482721314,
            0.0038327485194219317,
            -0.020362218911620027,
            0.0016299158988742756,
            0.10264418042226153,
            0.1238910695150709,
            -0.011499614211641113,
            0.3184532182685543,
            -0.005802062197822658,
            0.5031820914287255,
            0.17886827874446534,
            -0.021636189136717332,
            0.06858875382447965,
            -0.019437080261818236,
            0.0015285435196650146,
            0.06938125267895714,
            -0.04917004424152562,
            -0.263786336777281,
            -0.06456906589625672
        ],
        [
            0.026396698234565388,
            0.02071377361995442,
            -0.002392129167992772,
            0.0430568357698691,
            0.003134778170364647,
            0.12462288770984843,
            0.07956646938655812,
            -0.0037806257255670224,
            0.06811839987930209,
            -0.002622878755678667,
            0.17886827874446534,
            0.12396879488742514,
            0.008513898198230854,
            0.01684911695669477,
            0.01117272764774634,
            0.16478996198633855,
            0.13376724572144347,
            -0.008069057862913153,
            -0.03713529034548963,
            -0.010660814878828057
        ],
        [
            0.0039792572509874955,
            0.0018486557322882102,
            -0.0009206145999310146,
            0.01095611997498596,
            0.00044887148424302886,
            0.015191801606586645,
            0.0038494534276159423,
            0.0007283310978573384,
            -0.026302934074249402,
            -2.5377561947794695e-05,
            -0.021636189136717332,
            0.008513898198230854,
            0.005344028309863331,
            -0.0008876032176377516,
            0.005909079324446035,
            0.046226970720499,
            0.02751627623999129,
            0.00460844504913071,
            0.026625804138844994,
            0.006048289149046939
        ],
        [
            0.07732065227067048,
            -0.007948131734869687,
            0.016795526538430163,
            -0.2219287340671788,
            -0.01093637913422121,
            -0.31852841966509254,
            -0.0670409216722072,
            0.004869347195377162,
            0.07838573501819353,
            -0.005234615700047008,
            0.06858875382447965,
            0.01684911695669477,
            -0.0008876032176377516,
            0.3148856911976821,
            0.010520759425282456,
            0.16745734796709769,
            0.11632848508267907,
            -0.009346322480929814,
            -0.03163912457406911,
            -0.011146887717439696
        ],
        [
            0.008062691951492862,
            0.0024036820073165097,
            -0.0004170847995369617,
            0.004292390662414464,
            0.00012371880004154065,
            0.006505601190033689,
            0.002800233288791756,
            0.0009529538314012124,
            -0.02555838037106727,
            -0.00026019473907835266,
            -0.019437080261818236,
            0.01117272764774634,
            0.005909079324446035,
            0.010520759425282456,
            0.006965913081460628,
            0.05821769197730907,
            0.035549839789007796,
            0.0046270912267370665,
            0.027632023914567486,
            0.0061120180507945425
        ],
        [
            0.0020363068458394136,
            -0.035416250677443986,
            -0.001633589361557644,
            0.02209653759496018,
            0.0009070506880264359,
            0.03411433137402664,
            0.027162676765626264,
            0.002889862213657917,
            -0.07694182900378241,
            -0.0024415334770261856,
            0.0015285435196650146,
            0.16478996198633855,
            0.046226970720499,
            0.16745734796709769,
            0.05821769197730907,
            0.5713096833048552,
            0.3828312601929087,
            0.024869217957009703,
            0.16224016707265054,
            0.033202106048040164
        ],
        [
            -0.038272394572855,
            -0.04943057318303837,
            -0.0015433028288592123,
            0.025582080270394242,
            0.0013836646373183087,
            0.036054914169175285,
            0.022493653553335352,
            -0.0009628636952406225,
            0.008973164988658277,
            -0.0011298230140385822,
            0.06938125267895714,
            0.13376724572144347,
            0.02751627623999129,
            0.11632848508267907,
            0.035549839789007796,
            0.3828312601929087,
            0.2695648084936939,
            0.010073774289463256,
            0.07305697827072105,
            0.01359481503269822
        ],
        [
            -0.005950381135065882,
            -0.004250906281501651,
            -0.00107977839167445,
            0.011473966239430805,
            0.0003148987267608339,
            0.004965616656892031,
            -0.0069663203219966375,
            0.0010692230017923469,
            -0.03728992592302557,
            0.0005718168389263801,
            -0.04917004424152562,
            -0.008069057862913153,
            0.00460844504913071,
            -0.009346322480929814,
            0.0046270912267370665,
            0.024869217957009703,
            0.010073774289463256,
            0.006290538513721263,
            0.034620992670242955,
            0.008246282060105838
        ],
        [
            -0.027986412216819086,
            -0.023955076152718736,
            -0.005203222390211723,
            0.05360396962637016,
            0.001278934026372219,
            0.01509741243392589,
            -0.039273372640937845,
            0.006132225468718267,
            -0.20216130876754898,
            0.0027694191842348955,
            -0.263786336777281,
            -0.03713529034548963,
            0.026625804138844994,
            -0.03163912457406911,
            0.027632023914567486,
            0.16224016707265054,
            0.07305697827072105,
            0.034620992670242955,
            0.19227186156729145,
            0.04545162428235523
        ],
        [
            -0.007802693692496157,
            -0.005803435883065884,
            -0.0013600001964744598,
            0.014289854881109221,
            0.0003731946124747923,
            0.00521856080233972,
            -0.009551022195239551,
            0.0014208655788856578,
            -0.04871898563501019,
            0.0007415191860332311,
            -0.06456906589625672,
            -0.010660814878828057,
            0.006048289149046939,
            -0.011146887717439696,
            0.0061120180507945425,
            0.033202106048040164,
            0.01359481503269822,
            0.008246282060105838,
            0.04545162428235523,
            0.010814323056356389
        ]
    ]
}