{
    "opt_E": -2.2003902101758244,
    "HF_E": -2.1686997383781317,
    "B3LYP_E": -2.171244856693207,
    "sto-3G_E": -2.1552911756917648,
    "proj": [
        [
            0.5631494512432363,
            0.35648257277701556,
            0.021358731549772605,
            -0.16342851339632727,
            -0.04953784883234889,
            0.007701672320520102,
            0.17426554478285325,
            0.042154014138064126,
            -0.21020838459598898,
            -0.08070343671645266,
            0.03832430675452593,
            0.026554123203703615,
            7.417559561989515e-05,
            0.05291519646788307,
            0.0023628352563541634,
            0.00046100707933438746,
            -0.030368811401506046,
            0.004118780906614064,
            -0.022111908928391693,
            0.00015577003907470488
        ],
        [
            0.35648257277701556,
            0.2414103938638991,
            0.006631419168803827,
            -0.05795761948682904,
            -0.016619571657657626,
            0.09149381373826816,
            0.13896839036088976,
            0.0223001524607229,
            -0.13192549435834905,
            -0.04483628205950832,
            0.029355876482790852,
            0.023880397646098003,
            -0.002195376316287955,
            -0.02450620381433699,
            -0.001114739430913955,
            -0.030386296093889244,
            -0.038679733274407595,
            0.002742692676903071,
            -0.017647143878779803,
            -0.00011320111934259015
        ],
        [
            0.021358731549772605,
            0.006631419168803827,
            0.004833329843716614,
            -0.03169252495526017,
            -0.010275167009001926,
            -0.046242769006234564,
            -0.006853241264893825,
            0.004471757884950037,
            -0.0005133972424440203,
            -0.00594229363515047,
            0.01050541960728886,
            -0.0049759714525561705,
            0.003134651619431221,
            0.024782906387060762,
            0.0021877071617595147,
            -0.00699827320675433,
            -0.0034716336189258663,
            0.0015344322830838154,
            -0.01146288787585354,
            0.0004021856712287446
        ],
        [
            -0.16342851339632727,
            -0.05795761948682904,
            -0.03169252495526017,
            0.2100856004506582,
            0.06776312307689297,
            0.2978316377546677,
            0.04000846677968183,
            -0.029741283929817848,
            0.025077434213406587,
            0.04248263376637727,
            -0.04838110681094655,
            0.03440199906258624,
            -0.01835127001814791,
            -0.16670102579766571,
            -0.01333246843105651,
            0.029696630175568794,
            0.017875447960675885,
            -0.008255037824472936,
            0.05966802353810861,
            -0.0022442281121037313
        ],
        [
            -0.04953784883234889,
            -0.016619571657657626,
            -0.010275167009001926,
            0.06776312307689297,
            0.02191417536044694,
            0.09717869913729871,
            0.013422762312731625,
            -0.009630713151455722,
            0.00445887490824293,
            0.01324320188646086,
            -0.019811110934037243,
            0.010166811388636428,
            -0.00625380496719757,
            -0.05382598125283244,
            -0.004486348145490452,
            0.010981018583099304,
            0.005655251738278456,
            -0.002982771747922035,
            0.02190942533836764,
            -0.000792918838096552
        ],
        [
            0.007701672320520102,
            0.09149381373826816,
            -0.046242769006234564,
            0.2978316377546677,
            0.09717869913729871,
            0.5657618998618297,
            0.1886498153944481,
            -0.02822967008637579,
            -0.0269112188184812,
            0.036014729678631396,
            0.013729581901586418,
            0.10814402979206661,
            -0.030261886752513352,
            -0.28181591359585656,
            -0.021027257969794735,
            0.04715207437262286,
            0.026346510778389183,
            -0.007526765184845807,
            0.05391833758183119,
            -0.0030256161573236737
        ],
        [
            0.17426554478285325,
            0.13896839036088976,
            -0.006853241264893825,
            0.04000846677968183,
            0.013422762312731625,
            0.1886498153944481,
            0.13508337679245908,
            0.008926716990029384,
            -0.01886108302339341,
            -0.011452696721875037,
            0.1219174040365215,
            0.08374810469437786,
            -0.005371808603116295,
            -0.06742048839044801,
            -0.0028788579360287682,
            0.018698756289521848,
            0.020934001808792433,
            0.005610144358677787,
            -0.04349991574523442,
            0.0003855006842287678
        ],
        [
            0.042154014138064126,
            0.0223001524607229,
            0.004471757884950037,
            -0.029741283929817848,
            -0.009630713151455722,
            -0.02822967008637579,
            0.008926716990029384,
            0.006076114592777233,
            0.00012514650158765918,
            -0.007581709995591142,
            0.030815874497390795,
            0.007376989704316537,
            0.002776066659944381,
            0.020905359236395717,
            0.0021476143960486235,
            -0.0014101002838789675,
            0.0022762797466240577,
            0.002540419849488254,
            -0.01913782697763958,
            0.0005263377726414727
        ],
        [
            -0.21020838459598898,
            -0.13192549435834905,
            -0.0005133972424440203,
            0.025077434213406587,
            0.00445887490824293,
            -0.0269112188184812,
            -0.01886108302339341,
            0.00012514650158765918,
            0.23515563352864347,
            0.03308998908886433,
            0.27791573746730974,
            0.07740415171664669,
            0.017967504745718108,
            -0.009050547188094643,
            0.010149589208098813,
            -0.06188673138310253,
            0.02644660292982331,
            0.019677694230283413,
            -0.163619968733344,
            0.004148098248936942
        ],
        [
            -0.08070343671645266,
            -0.04483628205950832,
            -0.00594229363515047,
            0.04248263376637727,
            0.01324320188646086,
            0.036014729678631396,
            -0.011452696721875037,
            -0.007581709995591142,
            0.03308998908886433,
            0.014211183293587067,
            0.002827597635986273,
            0.003713461790454452,
            -0.0011676073243437853,
            -0.028837233654717603,
            -0.0013700176257892978,
            -0.005277967481206437,
            0.0022024869826646276,
            -0.00035986253292266543,
            0.0005580969933672015,
            -7.914819251162167e-05
        ],
        [
            0.03832430675452593,
            0.029355876482790852,
            0.01050541960728886,
            -0.04838110681094655,
            -0.019811110934037243,
            0.013729581901586418,
            0.1219174040365215,
            0.030815874497390795,
            0.27791573746730974,
            0.002827597635986273,
            0.5689387026465386,
            0.20863039056975677,
            0.025921399090082568,
            0.03221780299160538,
            0.017964093739816125,
            -0.01878454888845733,
            0.0907724356855394,
            0.037733566844300286,
            -0.30198933774556636,
            0.007287224031010545
        ],
        [
            0.026554123203703615,
            0.023880397646098003,
            -0.0049759714525561705,
            0.03440199906258624,
            0.010166811388636428,
            0.10814402979206661,
            0.08374810469437786,
            0.007376989704316537,
            0.07740415171664669,
            0.003713461790454452,
            0.20863039056975677,
            0.1405200075845868,
            -0.005742244554053608,
            0.025070417593892353,
            0.0005046431666613486,
            0.1630646370771792,
            0.13959410180782103,
            0.007671280520353284,
            -0.055618433719290615,
            0.0011781490240419558
        ],
        [
            7.417559561989515e-05,
            -0.002195376316287955,
            0.003134651619431221,
            -0.01835127001814791,
            -0.00625380496719757,
            -0.030261886752513352,
            -0.005371808603116295,
            0.002776066659944381,
            0.017967504745718108,
            -0.0011676073243437853,
            0.025921399090082568,
            -0.005742244554053608,
            0.004915234489031795,
            0.003201114874403866,
            0.0024559516324056192,
            -0.03782994272682958,
            -0.018977066063079005,
            0.0031696509358706826,
            -0.026477602640738895,
            0.0007003456267373831
        ],
        [
            0.05291519646788307,
            -0.02450620381433699,
            0.024782906387060762,
            -0.16670102579766571,
            -0.05382598125283244,
            -0.28181591359585656,
            -0.06742048839044801,
            0.020905359236395717,
            -0.009050547188094643,
            -0.028837233654717603,
            0.03221780299160538,
            0.025070417593892353,
            0.003201114874403866,
            0.23848884736775247,
            0.00876730106583801,
            0.203584756204598,
            0.13485757936340897,
            -8.400757337768059e-05,
            0.014386567893866484,
            0.0007035316199708541
        ],
        [
            0.0023628352563541634,
            -0.001114739430913955,
            0.0021877071617595147,
            -0.01333246843105651,
            -0.004486348145490452,
            -0.021027257969794735,
            -0.0028788579360287682,
            0.0021476143960486235,
            0.010149589208098813,
            -0.0013700176257892978,
            0.017964093739816125,
            0.0005046431666613486,
            0.0024559516324056192,
            0.00876730106583801,
            0.0014926560216584487,
            -0.010274367492902997,
            -0.003157477983301035,
            0.0017435750167128436,
            -0.01401458223549248,
            0.0003950342079344646
        ],
        [
            0.00046100707933438746,
            -0.030386296093889244,
            -0.00699827320675433,
            0.029696630175568794,
            0.010981018583099304,
            0.04715207437262286,
            0.018698756289521848,
            -0.0014101002838789675,
            -0.06188673138310253,
            -0.005277967481206437,
            -0.01878454888845733,
            0.1630646370771792,
            -0.03782994272682958,
            0.203584756204598,
            -0.010274367492902997,
            0.5826121343647036,
            0.3668716047450578,
            -0.0186589289837732,
            0.1728702075023907,
            -0.0037521876096880437
        ],
        [
            -0.030368811401506046,
            -0.038679733274407595,
            -0.0034716336189258663,
            0.017875447960675885,
            0.005655251738278456,
            0.026346510778389183,
            0.020934001808792433,
            0.0022762797466240577,
            0.02644660292982331,
            0.0022024869826646276,
            0.0907724356855394,
            0.13959410180782103,
            -0.018977066063079005,
            0.13485757936340897,
            -0.003157477983301035,
            0.3668716047450578,
            0.2521184221289835,
            -0.0050844996484580825,
            0.05501334703274598,
            -0.0010179633676448638
        ],
        [
            0.004118780906614064,
            0.002742692676903071,
            0.0015344322830838154,
            -0.008255037824472936,
            -0.002982771747922035,
            -0.007526765184845807,
            0.005610144358677787,
            0.002540419849488254,
            0.019677694230283413,
            -0.00035986253292266543,
            0.037733566844300286,
            0.007671280520353284,
            0.0031696509358706826,
            -8.400757337768059e-05,
            0.0017435750167128436,
            -0.0186589289837732,
            -0.0050844996484580825,
            0.0031164008297867043,
            -0.025509270678411352,
            0.000623883957489605
        ],
        [
            -0.022111908928391693,
            -0.017647143878779803,
            -0.01146288787585354,
            0.05966802353810861,
            0.02190942533836764,
            0.05391833758183119,
            -0.04349991574523442,
            -0.01913782697763958,
            -0.163619968733344,
            0.0005580969933672015,
            -0.30198933774556636,
            -0.055618433719290615,
            -0.026477602640738895,
            0.014386567893866484,
            -0.01401458223549248,
            0.1728702075023907,
            0.05501334703274598,
            -0.025509270678411352,
            0.20998663524799666,
            -0.005097940173717381
        ],
        [
            0.00015577003907470488,
            -0.00011320111934259015,
            0.0004021856712287446,
            -0.0022442281121037313,
            -0.000792918838096552,
            -0.0030256161573236737,
            0.0003855006842287678,
            0.0005263377726414727,
            0.004148098248936942,
            -7.914819251162167e-05,
            0.007287224031010545,
            0.0011781490240419558,
            0.0007003456267373831,
            0.0007035316199708541,
            0.0003950342079344646,
            -0.0037521876096880437,
            -0.0010179633676448638,
            0.000623883957489605,
            -0.005097940173717381,
            0.00012980048770832334
        ]
    ]
}