{
    "opt_E": -2.1889277414512804,
    "HF_E": -2.159829555535146,
    "B3LYP_E": -2.1615062219578496,
    "sto-3G_E": -2.1506751618643953,
    "proj": [
        [
            0.5399127794360609,
            0.3364321392383766,
            -0.005748884690577491,
            -0.1823039593355125,
            -0.0027766563606955435,
            0.041294339893801574,
            0.17919477931822997,
            -0.013002923988065374,
            -0.24724478060552257,
            -0.0023296871529894783,
            0.049849093344792,
            0.027441489331058555,
            0.0006629740479374784,
            0.036310478148907706,
            0.0031586638600270456,
            0.003289642081272162,
            -0.031546850247516106,
            -0.0037915297494913983,
            -0.03444215709080845,
            -0.007135673680799672
        ],
        [
            0.3364321392383766,
            0.22341183220861557,
            -0.0017207916897751829,
            -0.06451101477462522,
            -0.0009913196459662606,
            0.1027204781190995,
            0.1354814755639383,
            -0.006698489519668412,
            -0.14534225654477742,
            -0.0022573269804087442,
            0.03629021213994251,
            0.023111884326955812,
            0.0008871026191113982,
            -0.033833810128189104,
            -0.002453390879333462,
            -0.029421711043502486,
            -0.03628051509366352,
            -0.002642227717776908,
            -0.029052561500189582,
            -0.005486852988033925
        ],
        [
            -0.005748884690577491,
            -0.0017207916897751829,
            0.00042993613461035835,
            0.011179937750730463,
            0.00017393432378225192,
            0.013393337113584789,
            0.0019265608363716927,
            0.0004661776199129137,
            0.001580477236312194,
            -0.00024975725027701686,
            -0.002995266091847353,
            0.0021930468962298674,
            0.0005384106376178298,
            -0.006566498648026139,
            0.00014146942334922254,
            0.0019947639230678956,
            0.001697475865754041,
            0.00036969623486462626,
            0.004232812613028213,
            0.0008513176235914418
        ],
        [
            -0.1823039593355125,
            -0.06451101477462522,
            0.011179937750730463,
            0.29441165741781056,
            0.0045603416698891935,
            0.33664527297487584,
            0.03804913187659663,
            0.012463843954410846,
            0.06492225836763527,
            -0.005770412021065643,
            -0.06879413703439646,
            0.049313029753450734,
            0.012170044228002396,
            -0.1812349564329808,
            0.00035572860741466667,
            0.026388389948438725,
            0.03159739346398149,
            0.008449579882409108,
            0.09338724116902235,
            0.01907488795271885
        ],
        [
            -0.0027766563606955435,
            -0.0009913196459662606,
            0.00017393432378225192,
            0.0045603416698891935,
            7.238720582115727e-05,
            0.005344246402198198,
            0.000775294082396505,
            0.00017684623911636176,
            0.001290786867682915,
            -7.550015312244759e-05,
            -0.0003398310054256515,
            0.001206704114948348,
            0.00019935554240611963,
            -0.002538170282557741,
            4.042998949456562e-05,
            0.0011152671346372968,
            0.0010187912299712899,
            0.00011346085705846462,
            0.001257550573958609,
            0.00025678125107991666
        ],
        [
            0.041294339893801574,
            0.1027204781190995,
            0.013393337113584789,
            0.33664527297487584,
            0.005344246402198198,
            0.5436877612585468,
            0.17960219179996653,
            0.009476711409280627,
            -0.0036813726951749966,
            -0.008042246322997174,
            0.0071736368602666155,
            0.11567387415685158,
            0.016343587235150933,
            -0.2603233286706429,
            -0.001840381923656592,
            0.042672062503465766,
            0.040287825760775,
            0.006460161667058555,
            0.06855054432622384,
            0.014701236779862426
        ],
        [
            0.17919477931822997,
            0.1354814755639383,
            0.0019265608363716927,
            0.03804913187659663,
            0.000775294082396505,
            0.17960219179996653,
            0.12591737212428347,
            -0.0032744959788793843,
            -0.03126831294085725,
            -0.0008154787858811516,
            0.10887814719887363,
            0.07461307218757506,
            0.00290523359976395,
            -0.06298032304047443,
            -0.002506684001880189,
            0.031140722154079124,
            0.024578231968056707,
            -0.0034419778674397356,
            -0.0429736703372156,
            -0.00792925946599395
        ],
        [
            -0.013002923988065374,
            -0.006698489519668412,
            0.0004661776199129137,
            0.012463843954410846,
            0.00017684623911636176,
            0.009476711409280627,
            -0.0032744959788793843,
            0.0008213286075747692,
            -0.00033288457391196383,
            -0.00043421560507229034,
            -0.013989282856793982,
            -0.002521121099664412,
            0.0006629483477662116,
            -0.006359364492867812,
            0.0003800411983174057,
            -0.0008246562083867443,
            -0.0009866702271670443,
            0.000843206184996935,
            0.010048277406211718,
            0.0019668517014925476
        ],
        [
            -0.24724478060552257,
            -0.14534225654477742,
            0.001580477236312194,
            0.06492225836763527,
            0.001290786867682915,
            -0.0036813726951749966,
            -0.03126831294085725,
            -0.00033288457391196383,
            0.263383528536495,
            0.008496545842091757,
            0.25616579575462106,
            0.05917370401950338,
            -0.010598772689103968,
            -0.047699665676462465,
            -0.018886973286347832,
            -0.03018808015474028,
            0.0318202840099831,
            -0.013247005994522283,
            -0.17720262401506578,
            -0.03329881216024364
        ],
        [
            -0.0023296871529894783,
            -0.0022573269804087442,
            -0.00024975725027701686,
            -0.005770412021065643,
            -7.550015312244759e-05,
            -0.008042246322997174,
            -0.0008154787858811516,
            -0.00043421560507229034,
            0.008496545842091757,
            0.0005156059355852146,
            0.014047885304836123,
            0.0018380232747049413,
            -0.0007783116093987401,
            0.002607283444275151,
            -0.0008443402771328612,
            -0.00186530063984275,
            0.0005305080536762716,
            -0.0008525370907128356,
            -0.010776082055093122,
            -0.00206863534185856
        ],
        [
            0.049849093344792,
            0.03629021213994251,
            -0.002995266091847353,
            -0.06879413703439646,
            -0.0003398310054256515,
            0.0071736368602666155,
            0.10887814719887363,
            -0.013989282856793982,
            0.25616579575462106,
            0.014047885304836123,
            0.5461664074330574,
            0.16984286485180927,
            -0.015798674249768448,
            0.010741940252170639,
            -0.022146064249234383,
            0.052010467631175984,
            0.09672464051820036,
            -0.02686401960404389,
            -0.3387130569595214,
            -0.06476242096823424
        ],
        [
            0.027441489331058555,
            0.023111884326955812,
            0.0021930468962298674,
            0.049313029753450734,
            0.001206704114948348,
            0.11567387415685158,
            0.07461307218757506,
            -0.002521121099664412,
            0.05917370401950338,
            0.0018380232747049413,
            0.16984286485180927,
            0.12537890767652177,
            0.005720400819144615,
            0.029475093423058554,
            0.009336587323048463,
            0.18448440742395267,
            0.1370389528006168,
            -0.0027064764814025265,
            -0.028015543552840343,
            -0.005774360810393811
        ],
        [
            0.0006629740479374784,
            0.0008871026191113982,
            0.0005384106376178298,
            0.012170044228002396,
            0.00019935554240611963,
            0.016343587235150933,
            0.00290523359976395,
            0.0006629483477662116,
            -0.010598772689103968,
            -0.0007783116093987401,
            -0.015798674249768448,
            0.005720400819144615,
            0.002015479197498942,
            0.003612279671823229,
            0.003026149298840369,
            0.02319320971231289,
            0.012867689374976305,
            0.0016036211636338343,
            0.021128076851690648,
            0.003977636967254922
        ],
        [
            0.036310478148907706,
            -0.033833810128189104,
            -0.006566498648026139,
            -0.1812349564329808,
            -0.002538170282557741,
            -0.2603233286706429,
            -0.06298032304047443,
            -0.006359364492867812,
            -0.047699665676462465,
            0.002607283444275151,
            0.010741940252170639,
            0.029475093423058554,
            0.003612279671823229,
            0.2620704028425626,
            0.027930986508199748,
            0.2421247221171078,
            0.14126413043941025,
            0.002966293462221499,
            0.059338203459855,
            0.009289168374827534
        ],
        [
            0.0031586638600270456,
            -0.002453390879333462,
            0.00014146942334922254,
            0.00035572860741466667,
            4.042998949456562e-05,
            -0.001840381923656592,
            -0.002506684001880189,
            0.0003800411983174057,
            -0.018886973286347832,
            -0.0008443402771328612,
            -0.022146064249234383,
            0.009336587323048463,
            0.003026149298840369,
            0.027930986508199748,
            0.006534868887482808,
            0.051649426668975845,
            0.029023140822030398,
            0.002483457518411105,
            0.034434477779820914,
            0.006320594730967792
        ],
        [
            0.003289642081272162,
            -0.029421711043502486,
            0.0019947639230678956,
            0.026388389948438725,
            0.0011152671346372968,
            0.042672062503465766,
            0.031140722154079124,
            -0.0008246562083867443,
            -0.03018808015474028,
            -0.00186530063984275,
            0.052010467631175984,
            0.18448440742395267,
            0.02319320971231289,
            0.2421247221171078,
            0.051649426668975845,
            0.5293624300569222,
            0.33622192492584085,
            0.011822900786350753,
            0.17638622499648204,
            0.03141768569904329
        ],
        [
            -0.031546850247516106,
            -0.03628051509366352,
            0.001697475865754041,
            0.03159739346398149,
            0.0010187912299712899,
            0.040287825760775,
            0.024578231968056707,
            -0.0009866702271670443,
            0.0318202840099831,
            0.0005305080536762716,
            0.09672464051820036,
            0.1370389528006168,
            0.012867689374976305,
            0.14126413043941025,
            0.029023140822030398,
            0.33622192492584085,
            0.22442345849808243,
            0.004475889645539952,
            0.07200307367686977,
            0.012422858924447153
        ],
        [
            -0.0037915297494913983,
            -0.002642227717776908,
            0.00036969623486462626,
            0.008449579882409108,
            0.00011346085705846462,
            0.006460161667058555,
            -0.0034419778674397356,
            0.000843206184996935,
            -0.013247005994522283,
            -0.0008525370907128356,
            -0.02686401960404389,
            -0.0027064764814025265,
            0.0016036211636338343,
            0.002966293462221499,
            0.002483457518411105,
            0.011822900786350753,
            0.004475889645539952,
            0.0017806605820531421,
            0.022995062135742615,
            0.004354291512738776
        ],
        [
            -0.03444215709080845,
            -0.029052561500189582,
            0.004232812613028213,
            0.09338724116902235,
            0.001257550573958609,
            0.06855054432622384,
            -0.0429736703372156,
            0.010048277406211718,
            -0.17720262401506578,
            -0.010776082055093122,
            -0.3387130569595214,
            -0.028015543552840343,
            0.021128076851690648,
            0.059338203459855,
            0.034434477779820914,
            0.17638622499648204,
            0.07200307367686977,
            0.022995062135742615,
            0.29903094150137716,
            0.05645175838389101
        ],
        [
            -0.007135673680799672,
            -0.005486852988033925,
            0.0008513176235914418,
            0.01907488795271885,
            0.00025678125107991666,
            0.014701236779862426,
            -0.00792925946599395,
            0.0019668517014925476,
            -0.03329881216024364,
            -0.00206863534185856,
            -0.06476242096823424,
            -0.005774360810393811,
            0.003977636967254922,
            0.009289168374827534,
            0.006320594730967792,
            0.03141768569904329,
            0.012422858924447153,
            0.004354291512738776,
            0.05645175838389101,
            0.010672254459038017
        ]
    ]
}