{
    "opt_E": -2.195592814152012,
    "HF_E": -2.1657396357660463,
    "B3LYP_E": -2.167378355688122,
    "sto-3G_E": -2.1572212206586343,
    "proj": [
        [
            0.5373174046096152,
            0.3315294677831252,
            0.01831942468116064,
            -0.18250414092301617,
            0.0030472824676030133,
            0.04713153239030555,
            0.1791392362845112,
            0.020683681605506106,
            -0.2528282160681057,
            0.0022846339555382795,
            0.05012368695301707,
            0.02752076657993366,
            0.0004799482368408158,
            0.03167916564121786,
            -0.0016761243635591819,
            0.0008769895698815652,
            -0.03013643672842847,
            -0.009450496071185114,
            -0.03303138592334437,
            0.0031372078306115474
        ],
        [
            0.3315294677831252,
            0.21858164540352856,
            0.0065524814500722076,
            -0.06035772742484321,
            0.00112472434310259,
            0.10933950657161073,
            0.13461634223279506,
            0.011899543201763604,
            -0.1474012480303585,
            0.0020392379582318885,
            0.032256652882881015,
            0.023423551327978034,
            0.004311087420005422,
            -0.03422828467176121,
            0.001863381442053901,
            -0.027442003300553457,
            -0.033627453067600566,
            -0.005483812733872291,
            -0.023536670845888886,
            0.002095186203635905
        ],
        [
            0.01831942468116064,
            0.0065524814500722076,
            0.002532869377892676,
            -0.027471954678476462,
            0.00041222228379935106,
            -0.029901437494600263,
            -0.0025124640763380425,
            0.0004669328249920063,
            -0.007646816745874871,
            -0.00036824880161467335,
            0.007803864287038332,
            -0.003066037544108741,
            -0.0035993022369427943,
            0.016728628795855367,
            -0.0005550534587781008,
            -0.0004681678177460026,
            -0.0012766112947357176,
            -0.0021231398922090796,
            -0.00796323521473685,
            0.0007891729998529615
        ],
        [
            -0.18250414092301617,
            -0.06035772742484321,
            -0.027471954678476462,
            0.29954730402269,
            -0.004494817710257318,
            0.3378792223388016,
            0.03863056935273663,
            -0.0050943865722219515,
            0.07952442411554698,
            0.003965149057557064,
            -0.07227462980184586,
            0.0455071734078495,
            0.04140721040672324,
            -0.1776704347440147,
            0.0054803190770831,
            0.02465263909694346,
            0.026903183468319544,
            0.022961194922659925,
            0.08679883198474173,
            -0.008590831925719104
        ],
        [
            0.0030472824676030133,
            0.00112472434310259,
            0.00041222228379935106,
            -0.004494817710257318,
            6.786966480980306e-05,
            -0.004923581668252198,
            -0.000493935166047867,
            0.00010637777029985441,
            -0.0014550992706073508,
            -5.037990950509018e-05,
            0.0008197905306071071,
            -0.0007945263347533956,
            -0.0006036240922683387,
            0.002535660599880785,
            -7.647011629388826e-05,
            -0.000567208947320122,
            -0.0005824249994181013,
            -0.00032015919675505564,
            -0.0012013668854631851,
            0.00011904176574794922
        ],
        [
            0.04713153239030555,
            0.10933950657161073,
            -0.029901437494600263,
            0.3378792223388016,
            -0.004923581668252198,
            0.5430851539632775,
            0.1807942555529365,
            -0.001022824646443214,
            0.00828200575177438,
            0.005385934991852865,
            0.0019029861819052137,
            0.11005741268710292,
            0.0547819382516051,
            -0.25367078725402614,
            0.008766266725950376,
            0.035831943884675914,
            0.03308856779341385,
            0.018099926069474463,
            0.061727380212511486,
            -0.006446299437563898
        ],
        [
            0.1791392362845112,
            0.13461634223279506,
            -0.0025124640763380425,
            0.03863056935273663,
            -0.000493935166047867,
            0.1807942555529365,
            0.12642147526976963,
            -0.0004277115720893746,
            -0.03076004896020448,
            6.903051473736034e-05,
            0.10998361946409518,
            0.0762201514762376,
            0.009534601765406386,
            -0.06086145308870768,
            0.0028590233167465552,
            0.029476351346508015,
            0.025689738382299813,
            -0.008794463220045958,
            -0.04201535359283326,
            0.003780763105256016
        ],
        [
            0.020683681605506106,
            0.011899543201763604,
            0.0004669328249920063,
            -0.0050943865722219515,
            0.00010637777029985441,
            -0.001022824646443214,
            -0.0004277115720893746,
            0.003591921145223971,
            -0.029261293186597103,
            0.001039359065846035,
            -0.03710853273042989,
            -0.010488964629069935,
            0.004043127629333655,
            0.004488977544620971,
            -0.0008807383618612291,
            0.0027190414262203604,
            -0.005184361464856076,
            0.004991202588061951,
            0.023166198068029494,
            -0.002167938347139606
        ],
        [
            -0.2528282160681057,
            -0.1474012480303585,
            -0.007646816745874871,
            0.07952442411554698,
            -0.0014550992706073508,
            0.00828200575177438,
            -0.03076004896020448,
            -0.029261293186597103,
            0.25608543083735624,
            -0.007592709782212224,
            0.2460452644690428,
            0.06399573042395384,
            -0.028887964588153,
            -0.050362743339123335,
            0.007370443702465316,
            -0.034731233996675395,
            0.03250346902154387,
            -0.03327497069498145,
            -0.15778882339098282,
            0.014725426155164843
        ],
        [
            0.0022846339555382795,
            0.0020392379582318885,
            -0.00036824880161467335,
            0.003965149057557064,
            -5.037990950509018e-05,
            0.005385934991852865,
            6.903051473736034e-05,
            0.001039359065846035,
            -0.007592709782212224,
            0.0004041442705408683,
            -0.013582471932949253,
            -0.0027815141735101035,
            0.0020255448340119396,
            -0.0017504723768762944,
            -0.00018327969396435398,
            0.0011584714840675073,
            -0.0012625062881655923,
            0.0020519085180964623,
            0.009147962744209743,
            -0.0008644655912798935
        ],
        [
            0.05012368695301707,
            0.032256652882881015,
            0.007803864287038332,
            -0.07227462980184586,
            0.0008197905306071071,
            0.0019029861819052137,
            0.10998361946409518,
            -0.03710853273042989,
            0.2460452644690428,
            -0.013582471932949253,
            0.5630967122879943,
            0.18159429181409562,
            -0.05305487609349555,
            0.011334141952973819,
            0.007368849147095649,
            0.032979078811870094,
            0.09773701989885941,
            -0.0739752108533164,
            -0.33154420691148734,
            0.031189916620573164
        ],
        [
            0.02752076657993366,
            0.023423551327978034,
            -0.003066037544108741,
            0.0455071734078495,
            -0.0007945263347533956,
            0.11005741268710292,
            0.0762201514762376,
            -0.010488964629069935,
            0.06399573042395384,
            -0.0027815141735101035,
            0.18159429181409562,
            0.13028423965032332,
            0.013450202469713658,
            0.029193104974622897,
            -0.003454681321773867,
            0.18152708103960816,
            0.13921702929018565,
            -0.009152681084377414,
            -0.036561601410641645,
            0.0035157626860010294
        ],
        [
            0.0004799482368408158,
            0.004311087420005422,
            -0.0035993022369427943,
            0.04140721040672324,
            -0.0006036240922683387,
            0.0547819382516051,
            0.009534601765406386,
            0.004043127629333655,
            -0.028887964588153,
            0.0020255448340119396,
            -0.05305487609349555,
            0.013450202469713658,
            0.018204786021027503,
            0.003304782860550503,
            -0.0027867000527528898,
            0.06473085399078814,
            0.03379164004423826,
            0.013147267765502556,
            0.06023774923540182,
            -0.005651137992501414
        ],
        [
            0.03167916564121786,
            -0.03422828467176121,
            0.016728628795855367,
            -0.1776704347440147,
            0.002535660599880785,
            -0.25367078725402614,
            -0.06086145308870768,
            0.004488977544620971,
            -0.050362743339123335,
            -0.0017504723768762944,
            0.011334141952973819,
            0.029193104974622897,
            0.003304782860550503,
            0.24176859078122204,
            -0.015918784243866,
            0.23559051051540672,
            0.13844209122437004,
            0.00646970314028476,
            0.051976265673030604,
            -0.004267152061550579
        ],
        [
            -0.0016761243635591819,
            0.001863381442053901,
            -0.0005550534587781008,
            0.0054803190770831,
            -7.647011629388826e-05,
            0.008766266725950376,
            0.0028590233167465552,
            -0.0008807383618612291,
            0.007370443702465316,
            -0.00018327969396435398,
            0.007368849147095649,
            -0.003454681321773867,
            -0.0027867000527528898,
            -0.015918784243866,
            0.0014126766217135798,
            -0.02395779299077675,
            -0.01340781253182177,
            -0.002329424585029841,
            -0.012087946048339763,
            0.0010951188316711015
        ],
        [
            0.0008769895698815652,
            -0.027442003300553457,
            -0.0004681678177460026,
            0.02465263909694346,
            -0.000567208947320122,
            0.035831943884675914,
            0.029476351346508015,
            0.0027190414262203604,
            -0.034731233996675395,
            0.0011584714840675073,
            0.032979078811870094,
            0.18152708103960816,
            0.06473085399078814,
            0.23559051051540672,
            -0.02395779299077675,
            0.5440392776014592,
            0.34205965226594626,
            0.033253101885776994,
            0.17510705294330883,
            -0.01584093684635959
        ],
        [
            -0.03013643672842847,
            -0.033627453067600566,
            -0.0012766112947357176,
            0.026903183468319544,
            -0.0005824249994181013,
            0.03308856779341385,
            0.025689738382299813,
            -0.005184361464856076,
            0.03250346902154387,
            -0.0012625062881655923,
            0.09773701989885941,
            0.13921702929018565,
            0.03379164004423826,
            0.13844209122437004,
            -0.01340781253182177,
            0.34205965226594626,
            0.22864249741147924,
            0.011088890323650851,
            0.06464099808343939,
            -0.005708853099334123
        ],
        [
            -0.009450496071185114,
            -0.005483812733872291,
            -0.0021231398922090796,
            0.022961194922659925,
            -0.00032015919675505564,
            0.018099926069474463,
            -0.008794463220045958,
            0.004991202588061951,
            -0.03327497069498145,
            0.0020519085180964623,
            -0.0739752108533164,
            -0.009152681084377414,
            0.013147267765502556,
            0.00646970314028476,
            -0.002329424585029841,
            0.033253101885776994,
            0.011088890323650851,
            0.012822032517885986,
            0.05856662764346959,
            -0.005486505697083424
        ],
        [
            -0.03303138592334437,
            -0.023536670845888886,
            -0.00796323521473685,
            0.08679883198474173,
            -0.0012013668854631851,
            0.061727380212511486,
            -0.04201535359283326,
            0.023166198068029494,
            -0.15778882339098282,
            0.009147962744209743,
            -0.33154420691148734,
            -0.036561601410641645,
            0.06023774923540182,
            0.051976265673030604,
            -0.012087946048339763,
            0.17510705294330883,
            0.06464099808343939,
            0.05856662764346959,
            0.2697357790697906,
            -0.025212696250064795
        ],
        [
            0.0031372078306115474,
            0.002095186203635905,
            0.0007891729998529615,
            -0.008590831925719104,
            0.00011904176574794922,
            -0.006446299437563898,
            0.003780763105256016,
            -0.002167938347139606,
            0.014725426155164843,
            -0.0008644655912798935,
            0.031189916620573164,
            0.0035157626860010294,
            -0.005651137992501414,
            -0.004267152061550579,
            0.0010951188316711015,
            -0.01584093684635959,
            -0.005708853099334123,
            -0.005486505697083424,
            -0.025212696250064795,
            0.0023581894724003026
        ]
    ]
}