{
    "opt_E": -2.1918904545918343,
    "HF_E": -2.1603675971505125,
    "B3LYP_E": -2.163124105050048,
    "sto-3G_E": -2.1452586748040328,
    "proj": [
        [
            0.5912297996266332,
            0.37467212509842934,
            -0.04736639378565063,
            -0.15512351876937425,
            -0.03744573994261614,
            -0.030283917991809104,
            0.1592136882117857,
            -0.07176069224822244,
            -0.17334743943190928,
            -0.07029753953793158,
            0.034692396237869724,
            0.022859623015665256,
            0.0044960809371605214,
            0.06365212557538369,
            -0.00716898083191179,
            -0.003899438476761281,
            -0.023570310382289995,
            -0.0008119506020213985,
            -0.027118605326784857,
            0.005088965442508708
        ],
        [
            0.37467212509842934,
            0.2588797962247871,
            -0.014564306920595798,
            -0.050995356918877736,
            -0.010684484383902767,
            0.08405442040498012,
            0.14027586121970878,
            -0.04078058799787651,
            -0.12000584757183622,
            -0.03533961380596441,
            0.023780512408177683,
            0.023898151526375703,
            -0.0017651598263150748,
            -0.026280326909788054,
            0.0033078817693657147,
            -0.03188825961234338,
            -0.03582306632219202,
            -0.000836867087974117,
            -0.018648711385094604,
            0.0030422947554037483
        ],
        [
            -0.04736639378565063,
            -0.014564306920595798,
            0.017413511681054834,
            0.05342819443706474,
            0.01460878030192675,
            0.08872384767823921,
            0.01794994538004041,
            0.008635876360047291,
            -0.006826161817437087,
            0.014358970116293788,
            -0.016654305524316786,
            0.010554181863225959,
            -0.004756864013497617,
            -0.045007217881337123,
            0.0025766170082680657,
            0.0114999187685539,
            0.0035030786228581845,
            -5.0404291846522745e-05,
            0.021252359365180832,
            -0.0050263295383929365
        ],
        [
            -0.15512351876937425,
            -0.050995356918877736,
            0.05342819443706474,
            0.16447147349210878,
            0.044716471710026635,
            0.2706327342393457,
            0.05371096588464346,
            0.028074606883266035,
            -0.009856097573011643,
            0.04403789091138828,
            -0.03845202723443428,
            0.034829220521043786,
            -0.014160532670070239,
            -0.13994162709343197,
            0.009045279502436197,
            0.030500079107229985,
            0.01064236293905998,
            -0.0001925743479122205,
            0.05630178148018841,
            -0.013414980083071534
        ],
        [
            -0.03744573994261614,
            -0.010684484383902767,
            0.01460878030192675,
            0.044716471710026635,
            0.01227711692288233,
            0.07497770285155869,
            0.015554989599836401,
            0.006910653144900047,
            -0.007899457071715908,
            0.012012314574549774,
            -0.016211789903718132,
            0.00844454276867834,
            -0.00407749593820835,
            -0.037578402443678875,
            0.0019780863564174923,
            0.010365670017048674,
            0.002843540783588304,
            -3.724940723763547e-05,
            0.019384928340281236,
            -0.004569820449286693
        ],
        [
            -0.030283917991809104,
            0.08405442040498012,
            0.08872384767823921,
            0.2706327342393457,
            0.07497770285155869,
            0.5741189764203168,
            0.21435782932429495,
            0.026657887062801484,
            -0.0598954840425351,
            0.05243395216887423,
            0.0250478159131235,
            0.11671338160528534,
            -0.025738171437039752,
            -0.2729236142825656,
            0.02078445529443657,
            0.057438925350617,
            0.023132632376226484,
            -0.001149851489385814,
            0.05401549864789799,
            -0.014396317859234651
        ],
        [
            0.1592136882117857,
            0.14027586121970878,
            0.01794994538004041,
            0.05371096588464346,
            0.015554989599836401,
            0.21435782932429495,
            0.1430083506658767,
            -0.007921784390174422,
            -0.025701958928224602,
            -0.0065658655243032524,
            0.10545326112827472,
            0.08256278034074721,
            -0.006097022166682482,
            -0.0831268810173464,
            0.009211461162406615,
            0.026798981750688396,
            0.02116321568528291,
            -0.0009357190129318744,
            -0.034454496778868395,
            0.006536394056322441
        ],
        [
            -0.07176069224822244,
            -0.04078058799787651,
            0.008635876360047291,
            0.028074606883266035,
            0.006910653144900047,
            0.026657887062801484,
            -0.007921784390174422,
            0.01024844353113014,
            0.02810456064595727,
            0.009306636531722135,
            0.012769506498203843,
            0.004986816439006977,
            -0.0010669192561978205,
            -0.022098697140463523,
            0.00333939208261564,
            -0.005922760343715588,
            0.0013164117168965512,
            -2.5102892499918704e-05,
            -0.006543816349397135,
            0.001469035842430473
        ],
        [
            -0.17334743943190928,
            -0.12000584757183622,
            -0.006826161817437087,
            -0.009856097573011643,
            -0.007899457071715908,
            -0.0598954840425351,
            -0.025701958928224602,
            0.02810456064595727,
            0.2341392221957838,
            -0.008275446207408605,
            0.28869842537790574,
            0.06827723234625763,
            0.01106552702146891,
            -0.0013317010474909016,
            0.01841080138006092,
            -0.05477758344613043,
            0.02917520674858602,
            -0.0007172034629535815,
            -0.18819979777598206,
            0.04256249772490547
        ],
        [
            -0.07029753953793158,
            -0.03533961380596441,
            0.014358970116293788,
            0.04403789091138828,
            0.012012314574549774,
            0.05243395216887423,
            -0.0065658655243032524,
            0.009306636531722135,
            -0.008275446207408605,
            0.015725484174208926,
            -0.04329480052915109,
            -0.0076331516624368835,
            -0.003969361873112059,
            -0.0330351510133384,
            0.0011082795938557497,
            0.0020209994135248184,
            -0.004889918349369196,
            0.00011603553208970832,
            0.030548992723077418,
            -0.006925513063351681
        ],
        [
            0.034692396237869724,
            0.023780512408177683,
            -0.016654305524316786,
            -0.03845202723443428,
            -0.016211789903718132,
            0.0250478159131235,
            0.10545326112827472,
            0.012769506498203843,
            0.28869842537790574,
            -0.04329480052915109,
            0.5417476402640475,
            0.19283785278697943,
            0.015485106898014524,
            0.009153062177863573,
            0.023192241079718293,
            0.0145855502499125,
            0.10486694779385884,
            -0.0017679165779557887,
            -0.30565016455390465,
            0.06822316703199406
        ],
        [
            0.022859623015665256,
            0.023898151526375703,
            0.010554181863225959,
            0.034829220521043786,
            0.00844454276867834,
            0.11671338160528534,
            0.08256278034074721,
            0.004986816439006977,
            0.06827723234625763,
            -0.0076331516624368835,
            0.19283785278697943,
            0.13086602493502056,
            0.0002925721843751431,
            0.021917724245833225,
            -0.004760868664476678,
            0.1682567067803065,
            0.1331080024619128,
            -0.00040245339208661913,
            -0.04734212951857104,
            0.010393958590546476
        ],
        [
            0.0044960809371605214,
            -0.0017651598263150748,
            -0.004756864013497617,
            -0.014160532670070239,
            -0.00407749593820835,
            -0.025738171437039752,
            -0.006097022166682482,
            -0.0010669192561978205,
            0.01106552702146891,
            -0.003969361873112059,
            0.015485106898014524,
            0.0002925721843751431,
            0.0016732259802738484,
            0.012551617161052372,
            -0.00015415078515938993,
            -0.0033102366789342836,
            0.0013794129341412871,
            -7.083881483744643e-06,
            -0.01224787199001702,
            0.0028358959828541147
        ],
        [
            0.06365212557538369,
            -0.026280326909788054,
            -0.045007217881337123,
            -0.13994162709343197,
            -0.037578402443678875,
            -0.2729236142825656,
            -0.0831268810173464,
            -0.022098697140463523,
            -0.0013317010474909016,
            -0.0330351510133384,
            0.009153062177863573,
            0.021917724245833225,
            0.012551617161052372,
            0.24838582296428705,
            -0.03699380815650932,
            0.2256501876250737,
            0.145059954921265,
            0.0011622278822522166,
            0.04279356639725287,
            -0.008031171536145132
        ],
        [
            -0.00716898083191179,
            0.0033078817693657147,
            0.0025766170082680657,
            0.009045279502436197,
            0.0019780863564174923,
            0.02078445529443657,
            0.009211461162406615,
            0.00333939208261564,
            0.01841080138006092,
            0.0011082795938557497,
            0.023192241079718293,
            -0.004760868664476678,
            -0.00015415078515938993,
            -0.03699380815650932,
            0.008341759618729221,
            -0.05808307057487844,
            -0.03159231413745029,
            -0.00028146472418165495,
            -0.030094962500928475,
            0.006532418729946288
        ],
        [
            -0.003899438476761281,
            -0.03188825961234338,
            0.0114999187685539,
            0.030500079107229985,
            0.010365670017048674,
            0.057438925350617,
            0.026798981750688396,
            -0.005922760343715588,
            -0.05477758344613043,
            0.0020209994135248184,
            0.0145855502499125,
            0.1682567067803065,
            -0.0033102366789342836,
            0.2256501876250737,
            -0.05808307057487844,
            0.5661972203016215,
            0.34708449906938277,
            0.001499213874288663,
            0.17764797530516255,
            -0.03878637179190819
        ],
        [
            -0.023570310382289995,
            -0.03582306632219202,
            0.0035030786228581845,
            0.01064236293905998,
            0.002843540783588304,
            0.023132632376226484,
            0.02116321568528291,
            0.0013164117168965512,
            0.02917520674858602,
            -0.004889918349369196,
            0.10486694779385884,
            0.1331080024619128,
            0.0013794129341412871,
            0.145059954921265,
            -0.03159231413745029,
            0.34708449906938277,
            0.23158761860717383,
            0.0006702132038930296,
            0.0526672733431766,
            -0.011106862122025982
        ],
        [
            -0.0008119506020213985,
            -0.000836867087974117,
            -5.0404291846522745e-05,
            -0.0001925743479122205,
            -3.724940723763547e-05,
            -0.001149851489385814,
            -0.0009357190129318744,
            -2.5102892499918704e-05,
            -0.0007172034629535815,
            0.00011603553208970832,
            -0.0017679165779557887,
            -0.00040245339208661913,
            -7.083881483744643e-06,
            0.0011622278822522166,
            -0.00028146472418165495,
            0.001499213874288663,
            0.0006702132038930296,
            1.3602261461420925e-05,
            0.0014029848293939256,
            -0.0003041562547861501
        ],
        [
            -0.027118605326784857,
            -0.018648711385094604,
            0.021252359365180832,
            0.05630178148018841,
            0.019384928340281236,
            0.05401549864789799,
            -0.034454496778868395,
            -0.006543816349397135,
            -0.18819979777598206,
            0.030548992723077418,
            -0.30565016455390465,
            -0.04734212951857104,
            -0.01224787199001702,
            0.04279356639725287,
            -0.030094962500928475,
            0.17764797530516255,
            0.0526672733431766,
            0.0014029848293939256,
            0.23784649784062392,
            -0.05301024918581018
        ],
        [
            0.005088965442508708,
            0.0030422947554037483,
            -0.0050263295383929365,
            -0.013414980083071534,
            -0.004569820449286693,
            -0.014396317859234651,
            0.006536394056322441,
            0.001469035842430473,
            0.04256249772490547,
            -0.006925513063351681,
            0.06822316703199406,
            0.010393958590546476,
            0.0028358959828541147,
            -0.008031171536145132,
            0.006532418729946288,
            -0.03878637179190819,
            -0.011106862122025982,
            -0.0003041562547861501,
            -0.05301024918581018,
            0.011828412291978615
        ]
    ]
}