{
    "opt_E": -2.1805147285455897,
    "HF_E": -2.1499129991179564,
    "B3LYP_E": -2.151995645417942,
    "sto-3G_E": -2.134726133647391,
    "proj": [
        [
            0.5433471040409873,
            0.341098026429369,
            -0.02804423894501361,
            -0.17676200094276887,
            0.017715168374659994,
            0.044429046298242764,
            0.17694473091672802,
            -0.0574794775967484,
            -0.23247433728761718,
            0.03277237502795072,
            0.0500700782271627,
            0.030922497564320015,
            -0.0004261174525850173,
            0.046179892449265444,
            0.0008809369767074537,
            0.00010937604313017644,
            -0.036271023392574785,
            -0.0026207255294706908,
            -0.02833485009031568,
            -0.0005952774145251295
        ],
        [
            0.341098026429369,
            0.22591670568984715,
            -0.009528111920227992,
            -0.06767684965220468,
            0.006275211296819878,
            0.0972899794054102,
            0.13178050384048826,
            -0.030776784638725546,
            -0.14095725444338753,
            0.01767113963778795,
            0.03774385767936725,
            0.02378846239838802,
            0.0019689343114038605,
            -0.02556559404673864,
            -0.0002916231883613703,
            -0.030974366941740612,
            -0.0412137911487061,
            -0.0016647000899821436,
            -0.023479653362509435,
            -0.0004382255202389126
        ],
        [
            -0.02804423894501361,
            -0.009528111920227992,
            0.009112486046509027,
            0.04928381979149131,
            -0.005499737103157633,
            0.05934093412444562,
            0.0074799029292705425,
            0.008318651566065241,
            0.004460234003473806,
            -0.00439708139479003,
            -0.011855335810135812,
            0.007470937372703797,
            0.0030321599126160977,
            -0.03808908247331309,
            -0.00020791938532773252,
            0.007684139755963501,
            0.005936596524344285,
            0.0006651924544964686,
            0.015995966850267516,
            0.0005805711818719476
        ],
        [
            -0.17676200094276887,
            -0.06767684965220468,
            0.04928381979149131,
            0.268448652054785,
            -0.029784478994681937,
            0.3117371955645616,
            0.03288672441193431,
            0.046193578530361906,
            0.04526502567489785,
            -0.024738595339653495,
            -0.04969899321087937,
            0.04103798157442411,
            0.015570708768200181,
            -0.20521251749484407,
            -0.001365328370403919,
            0.033294922347943214,
            0.031019086399644222,
            0.0032962497531899356,
            0.07474539096044358,
            0.002747825353913311
        ],
        [
            0.017715168374659994,
            0.006275211296819878,
            -0.005499737103157633,
            -0.029784478994681937,
            0.0033209703101540105,
            -0.03537899413395254,
            -0.00410373300308381,
            -0.005088621950641983,
            -0.002954662806129385,
            0.002690899036972857,
            0.00744340225649165,
            -0.0042299919537690306,
            -0.0018126838093227436,
            0.022998004087243472,
            0.00012785232649555544,
            -0.004282795201154465,
            -0.0033690077473751212,
            -0.0004051886035421014,
            -0.009669962544045969,
            -0.00034996685194115516
        ],
        [
            0.044429046298242764,
            0.0972899794054102,
            0.05934093412444562,
            0.3117371955645616,
            -0.03537899413395254,
            0.5211156690448576,
            0.17245161903072193,
            0.03423229796372899,
            -0.018836459231700124,
            -0.018218566824855432,
            0.0361200435901285,
            0.1101197945844583,
            0.022388429085012342,
            -0.29087924679184185,
            -0.0023796403766247823,
            0.04630606080702378,
            0.036688648211102126,
            0.001944011396877214,
            0.05015124760170268,
            0.0023890632485259983
        ],
        [
            0.17694473091672802,
            0.13178050384048826,
            0.0074799029292705425,
            0.03288672441193431,
            -0.00410373300308381,
            0.17245161903072193,
            0.12215342265062999,
            -0.012067119208040992,
            -0.024691535832457527,
            0.005932598901690071,
            0.119205228326185,
            0.07751964180038876,
            0.004827155821439254,
            -0.05927345828117915,
            -0.0010134561736111465,
            0.02623820559073248,
            0.022789884451718166,
            -0.001937206500692333,
            -0.04361831900886787,
            -0.0010340881733727106
        ],
        [
            -0.0574794775967484,
            -0.030776784638725546,
            0.008318651566065241,
            0.046193578530361906,
            -0.005088621950641983,
            0.03423229796372899,
            -0.012067119208040992,
            0.010692561831101137,
            0.00805490677617783,
            -0.005564432194434685,
            -0.0329291490393923,
            -0.006031064075274254,
            0.0023593379506126936,
            -0.0316605732859922,
            -8.520687999422912e-05,
            0.0006502142214586785,
            0.0002561570058662831,
            0.0010095610685801027,
            0.023539628966924405,
            0.000767733307745855
        ],
        [
            -0.23247433728761718,
            -0.14095725444338753,
            0.004460234003473806,
            0.04526502567489785,
            -0.002954662806129385,
            -0.018836459231700124,
            -0.024691535832457527,
            0.00805490677617783,
            0.2758743325689703,
            -0.009034313145287236,
            0.2823845499793725,
            0.07126101626964915,
            -0.007863810775606559,
            -0.009300159151332628,
            -0.00350439856038052,
            -0.05939458119950478,
            0.025097087791914715,
            -0.005276924941162242,
            -0.18293829561713018,
            -0.005853507394675488
        ],
        [
            0.03277237502795072,
            0.01767113963778795,
            -0.00439708139479003,
            -0.024738595339653495,
            0.002690899036972857,
            -0.018218566824855432,
            0.005932598901690071,
            -0.005564432194434685,
            -0.009034313145287236,
            0.0029867462646104045,
            0.01099824150129097,
            0.0011878721061893036,
            -0.0011033621322726543,
            0.016559374156745105,
            0.00010758372223829523,
            0.00011158644998007372,
            -0.001049662090871435,
            -0.00041314961074993145,
            -0.008607012061836169,
            -0.0002847449860423314
        ],
        [
            0.0500700782271627,
            0.03774385767936725,
            -0.011855335810135812,
            -0.04969899321087937,
            0.00744340225649165,
            0.0361200435901285,
            0.119205228326185,
            -0.0329291490393923,
            0.2823845499793725,
            0.01099824150129097,
            0.5479817984362092,
            0.18963129466136883,
            -0.011002007568431296,
            0.04700046905037015,
            -0.004260794244765016,
            -5.619302888307966e-05,
            0.08264573525349367,
            -0.010767669470315287,
            -0.31510081931603834,
            -0.009811411545256674
        ],
        [
            0.030922497564320015,
            0.02378846239838802,
            0.007470937372703797,
            0.04103798157442411,
            -0.0042299919537690306,
            0.1101197945844583,
            0.07751964180038876,
            -0.006031064075274254,
            0.07126101626964915,
            0.0011878721061893036,
            0.18963129466136883,
            0.13060435602106216,
            0.003674404407994793,
            0.027924096114207677,
            0.00031768011492597036,
            0.17030460554225962,
            0.13846396337913117,
            -0.0020783763445248573,
            -0.045607885470138915,
            -0.0012843627386211422
        ],
        [
            -0.0004261174525850173,
            0.0019689343114038605,
            0.0030321599126160977,
            0.015570708768200181,
            -0.0018126838093227436,
            0.022388429085012342,
            0.004827155821439254,
            0.0023593379506126936,
            -0.007863810775606559,
            -0.0011033621322726543,
            -0.011002007568431296,
            0.003674404407994793,
            0.0014663013997122608,
            -0.009716599977601518,
            0.00013541112960371935,
            0.012997241785724777,
            0.006902710291047159,
            0.00041773091804386397,
            0.01288732828082164,
            0.0004361165222580578
        ],
        [
            0.046179892449265444,
            -0.02556559404673864,
            -0.03808908247331309,
            -0.20521251749484407,
            0.022998004087243472,
            -0.29087924679184185,
            -0.05927345828117915,
            -0.0316605732859922,
            -0.009300159151332628,
            0.016559374156745105,
            0.04700046905037015,
            0.027924096114207677,
            -0.009716599977601518,
            0.2729213644639722,
            0.004090380581883143,
            0.20346098567203413,
            0.13251447371465896,
            -0.000988583912246527,
            0.0035440126750410704,
            -0.0003635372037433692
        ],
        [
            0.0008809369767074537,
            -0.0002916231883613703,
            -0.00020791938532773252,
            -0.001365328370403919,
            0.00012785232649555544,
            -0.0023796403766247823,
            -0.0010134561736111465,
            -8.520687999422912e-05,
            -0.00350439856038052,
            0.00010758372223829523,
            -0.004260794244765016,
            0.00031768011492597036,
            0.00013541112960371935,
            0.004090380581883143,
            0.00014677189071106154,
            0.0073444309950777865,
            0.003981310323311433,
            0.00012254619720001228,
            0.004488462097555325,
            0.000135960007096487
        ],
        [
            0.00010937604313017644,
            -0.030974366941740612,
            0.007684139755963501,
            0.033294922347943214,
            -0.004282795201154465,
            0.04630606080702378,
            0.02623820559073248,
            0.0006502142214586785,
            -0.05939458119950478,
            0.00011158644998007372,
            -5.619302888307966e-05,
            0.17030460554225962,
            0.012997241785724777,
            0.20346098567203413,
            0.0073444309950777865,
            0.565532473286318,
            0.3659671194618827,
            0.004308658962360572,
            0.1805390365009921,
            0.005616131039702702
        ],
        [
            -0.036271023392574785,
            -0.0412137911487061,
            0.005936596524344285,
            0.031019086399644222,
            -0.0033690077473751212,
            0.036688648211102126,
            0.022789884451718166,
            0.0002561570058662831,
            0.025097087791914715,
            -0.001049662090871435,
            0.08264573525349367,
            0.13846396337913117,
            0.006902710291047159,
            0.13251447371465896,
            0.003981310323311433,
            0.3659671194618827,
            0.2529181875647629,
            0.001318951850827938,
            0.06976169133793604,
            0.002152610975751189
        ],
        [
            -0.0026207255294706908,
            -0.0016647000899821436,
            0.0006651924544964686,
            0.0032962497531899356,
            -0.0004051886035421014,
            0.001944011396877214,
            -0.001937206500692333,
            0.0010095610685801027,
            -0.005276924941162242,
            -0.00041314961074993145,
            -0.010767669470315287,
            -0.0020783763445248573,
            0.00041773091804386397,
            -0.000988583912246527,
            0.00012254619720001228,
            0.004308658962360572,
            0.001318951850827938,
            0.00026086910879532626,
            0.007831199348428084,
            0.0002467502391484851
        ],
        [
            -0.02833485009031568,
            -0.023479653362509435,
            0.015995966850267516,
            0.07474539096044358,
            -0.009669962544045969,
            0.05015124760170268,
            -0.04361831900886787,
            0.023539628966924405,
            -0.18293829561713018,
            -0.008607012061836169,
            -0.31510081931603834,
            -0.045607885470138915,
            0.01288732828082164,
            0.0035440126750410704,
            0.004488462097555325,
            0.1805390365009921,
            0.06976169133793604,
            0.007831199348428084,
            0.2449549027158381,
            0.007714120605345945
        ],
        [
            -0.0005952774145251295,
            -0.0004382255202389126,
            0.0005805711818719476,
            0.002747825353913311,
            -0.00034996685194115516,
            0.0023890632485259983,
            -0.0010340881733727106,
            0.000767733307745855,
            -0.005853507394675488,
            -0.0002847449860423314,
            -0.009811411545256674,
            -0.0012843627386211422,
            0.0004361165222580578,
            -0.0003635372037433692,
            0.000135960007096487,
            0.005616131039702702,
            0.002152610975751189,
            0.0002467502391484851,
            0.007714120605345945,
            0.00024432461016659355
        ]
    ]
}