{
    "opt_E": -2.1787791904921114,
    "HF_E": -2.1465719660535543,
    "B3LYP_E": -2.1494172793093966,
    "sto-3G_E": -2.127039569124615,
    "proj": [
        [
            0.5736554091455959,
            0.37100303261831763,
            -0.030539050258571263,
            -0.1716858021497602,
            -0.023254299841595168,
            -0.003428336749395377,
            0.16344152978478374,
            -0.047980432299636055,
            -0.19128344246963963,
            -0.02168454200187736,
            0.04908554147945635,
            0.024989880822646818,
            0.0026211355857803558,
            0.06900926135596235,
            0.0043088735951455175,
            -0.0007442342162642052,
            -0.033520848966940874,
            -8.666068290411662e-05,
            -0.02905070425457355,
            0.010290017989677118
        ],
        [
            0.37100303261831763,
            0.2562459371520366,
            -0.010748361488377293,
            -0.06414677356413245,
            -0.008939610737661169,
            0.08336723838802251,
            0.134353929549346,
            -0.027763702575322433,
            -0.13263636302648085,
            -0.014806799497569518,
            0.0314523397545921,
            0.021353266046336496,
            -0.0002085786440841797,
            -0.01840664131691208,
            -0.0034123111954600938,
            -0.03209151077722796,
            -0.042703176336001646,
            -0.0002740672533575356,
            -0.019229108360359164,
            0.005286447798564776
        ],
        [
            -0.030539050258571263,
            -0.010748361488377293,
            0.007596145825748021,
            0.040082953376537396,
            0.005235790592553415,
            0.055423619003065985,
            0.009485086704252823,
            0.004307093865740031,
            -0.0016690769271856922,
            -0.0003241878543504573,
            -0.00879846879500433,
            0.006914505024331857,
            -0.0015998525546455315,
            -0.03620245250136781,
            -0.00796408835479296,
            0.00464682953461802,
            0.0034665905982343877,
            -0.00018343560392902565,
            0.01112581464367094,
            -0.0037128939431927362
        ],
        [
            -0.1716858021497602,
            -0.06414677356413245,
            0.040082953376537396,
            0.21189759026002786,
            0.027671475973826735,
            0.2891648371003533,
            0.04731266205371158,
            0.02361704263211029,
            0.0008825474174638026,
            -0.00035027499935158095,
            -0.03810054499539504,
            0.038181143327873264,
            -0.008219383551138779,
            -0.18948230050668505,
            -0.04045003290426068,
            0.022769326619657186,
            0.019307897979731935,
            -0.0009207593928565635,
            0.05364762658346571,
            -0.01826082132553761
        ],
        [
            -0.023254299841595168,
            -0.008939610737661169,
            0.005235790592553415,
            0.027671475973826735,
            0.003623133605172123,
            0.037002539684039354,
            0.005371949165258303,
            0.0031214409536757344,
            -0.0004365210380637548,
            -0.0001526539332572115,
            -0.006789991348100208,
            0.003915197129654044,
            -0.0010885731530936805,
            -0.02505374258896716,
            -0.005263157655580846,
            0.0018828828346554702,
            0.0015763224055155476,
            -0.000123228011199658,
            0.007591252279397546,
            -0.0025533052124549803
        ],
        [
            -0.003428336749395377,
            0.08336723838802251,
            0.055423619003065985,
            0.2891648371003533,
            0.037002539684039354,
            0.534821501485126,
            0.19309331786932696,
            0.018617212393948764,
            -0.04399672781311,
            -0.0030575131111079904,
            0.054477965682698644,
            0.11700144908746102,
            -0.01184245710878471,
            -0.30058776965250855,
            -0.06086583916026622,
            0.03595430187243982,
            0.02985367958299528,
            -0.0013881155907188819,
            0.03084634046736093,
            -0.014113372997249154
        ],
        [
            0.16344152978478374,
            0.134353929549346,
            0.009485086704252823,
            0.04731266205371158,
            0.005371949165258303,
            0.19309331786932696,
            0.1307169131682313,
            -0.006240979600407201,
            -0.021659254450088667,
            0.0005341420943186477,
            0.11809237731764687,
            0.08240943523478811,
            -0.001933774822849534,
            -0.07145551551588741,
            -0.012879116957526164,
            0.02567367638760466,
            0.023501540355943283,
            -0.00023063067962687993,
            -0.037570838270459726,
            0.008915246770876756
        ],
        [
            -0.047980432299636055,
            -0.027763702575322433,
            0.004307093865740031,
            0.02361704263211029,
            0.0031214409536757344,
            0.018617212393948764,
            -0.006240979600407201,
            0.004786299377965846,
            0.018727445978091433,
            0.0023879354823071533,
            0.0037692775714668943,
            0.0021043822309867477,
            -0.0004750508466387926,
            -0.01760281622314094,
            -0.0009342575039907614,
            -0.0055200638782918615,
            0.00038705120723178703,
            -1.1345995703228185e-05,
            -0.0014799821113894744,
            -0.00010811370190124547
        ],
        [
            -0.19128344246963963,
            -0.13263636302648085,
            -0.0016690769271856922,
            0.0008825474174638026,
            -0.0004365210380637548,
            -0.04399672781311,
            -0.021659254450088667,
            0.018727445978091433,
            0.2660344226191157,
            0.03922349499123096,
            0.29914931672513495,
            0.0745866438856543,
            0.006761346735988261,
            0.028581237786668927,
            0.047911393576479624,
            -0.06794238887970114,
            0.01937626126451901,
            0.001393396746209356,
            -0.17725357388498175,
            0.04643913835572083
        ],
        [
            -0.02168454200187736,
            -0.014806799497569518,
            -0.0003241878543504573,
            -0.00035027499935158095,
            -0.0001526539332572115,
            -0.0030575131111079904,
            0.0005341420943186477,
            0.0023879354823071533,
            0.03922349499123096,
            0.005910214390724264,
            0.04899816230783621,
            0.013195747567425111,
            0.0010324355374422768,
            0.003379817612991668,
            0.00726722584849346,
            -0.010596775499918951,
            0.0028049666151903217,
            0.00021094743610037007,
            -0.028554988081666635,
            0.007477489109155265
        ],
        [
            0.04908554147945635,
            0.0314523397545921,
            -0.00879846879500433,
            -0.03810054499539504,
            -0.006789991348100208,
            0.054477965682698644,
            0.11809237731764687,
            0.0037692775714668943,
            0.29914931672513495,
            0.04899816230783621,
            0.5416310527717366,
            0.19489604517855125,
            0.009608991649618492,
            0.05345769828435908,
            0.05593855035746159,
            -0.009256313359863343,
            0.07989025335699067,
            0.0018263296969406122,
            -0.27989313047082254,
            0.07482491219193123
        ],
        [
            0.024989880822646818,
            0.021353266046336496,
            0.006914505024331857,
            0.038181143327873264,
            0.003915197129654044,
            0.11700144908746102,
            0.08240943523478811,
            0.0021043822309867477,
            0.0745866438856543,
            0.013195747567425111,
            0.19489604517855125,
            0.13290758059639068,
            0.00040206620380456244,
            0.02219234819361388,
            -0.011723921122947484,
            0.16387003148248483,
            0.13632158878032777,
            0.0002020650980260237,
            -0.04667540103724436,
            0.013755199482155549
        ],
        [
            0.0026211355857803558,
            -0.0002085786440841797,
            -0.0015998525546455315,
            -0.008219383551138779,
            -0.0010885731530936805,
            -0.01184245710878471,
            -0.001933774822849534,
            -0.0004750508466387926,
            0.006761346735988261,
            0.0010324355374422768,
            0.009608991649618492,
            0.00040206620380456244,
            0.0004963148589785528,
            0.00757060234441733,
            0.0029130892018991283,
            -0.0036477024310834914,
            -0.0009047052394771341,
            7.229336610115079e-05,
            -0.007099378251755077,
            0.002009004155039078
        ],
        [
            0.06900926135596235,
            -0.01840664131691208,
            -0.03620245250136781,
            -0.18948230050668505,
            -0.02505374258896716,
            -0.30058776965250855,
            -0.07145551551588741,
            -0.01760281622314094,
            0.028581237786668927,
            0.003379817612991668,
            0.05345769828435908,
            0.02219234819361388,
            0.00757060234441733,
            0.2643953023565466,
            0.01821307142020738,
            0.18706271952606315,
            0.12696245485431942,
            0.0008491368166021888,
            -0.005630228147987288,
            0.008174615761623141
        ],
        [
            0.0043088735951455175,
            -0.0034123111954600938,
            -0.00796408835479296,
            -0.04045003290426068,
            -0.005263157655580846,
            -0.06086583916026622,
            -0.012879116957526164,
            -0.0009342575039907614,
            0.047911393576479624,
            0.00726722584849346,
            0.05593855035746159,
            -0.011723921122947484,
            0.0029130892018991283,
            0.01821307142020738,
            0.022716843380410325,
            -0.0758587888132299,
            -0.04000316798531103,
            0.0004577231746800632,
            -0.05524498461250938,
            0.014482246182648656
        ],
        [
            -0.0007442342162642052,
            -0.03209151077722796,
            0.00464682953461802,
            0.022769326619657186,
            0.0018828828346554702,
            0.03595430187243982,
            0.02567367638760466,
            -0.0055200638782918615,
            -0.06794238887970114,
            -0.010596775499918951,
            -0.009256313359863343,
            0.16387003148248483,
            -0.0036477024310834914,
            0.18706271952606315,
            -0.0758587888132299,
            0.5780904031131492,
            0.3738318294951555,
            -0.0007206430956485253,
            0.1639422403694844,
            -0.03591525620483549
        ],
        [
            -0.033520848966940874,
            -0.042703176336001646,
            0.0034665905982343877,
            0.019307897979731935,
            0.0015763224055155476,
            0.02985367958299528,
            0.023501540355943283,
            0.00038705120723178703,
            0.01937626126451901,
            0.0028049666151903217,
            0.07989025335699067,
            0.13632158878032777,
            -0.0009047052394771341,
            0.12696245485431942,
            -0.04000316798531103,
            0.3738318294951555,
            0.25830586210948825,
            -0.00015219263932939105,
            0.06205643062015099,
            -0.011601332131208477
        ],
        [
            -8.666068290411662e-05,
            -0.0002740672533575356,
            -0.00018343560392902565,
            -0.0009207593928565635,
            -0.000123228011199658,
            -0.0013881155907188819,
            -0.00023063067962687993,
            -1.1345995703228185e-05,
            0.001393396746209356,
            0.00021094743610037007,
            0.0018263296969406122,
            0.0002020650980260237,
            7.229336610115079e-05,
            0.0008491368166021888,
            0.0004577231746800632,
            -0.0007206430956485253,
            -0.00015219263932939105,
            1.1544159089272058e-05,
            -0.0012738082948758045,
            0.0003483913597706765
        ],
        [
            -0.02905070425457355,
            -0.019229108360359164,
            0.01112581464367094,
            0.05364762658346571,
            0.007591252279397546,
            0.03084634046736093,
            -0.037570838270459726,
            -0.0014799821113894744,
            -0.17725357388498175,
            -0.028554988081666635,
            -0.27989313047082254,
            -0.04667540103724436,
            -0.007099378251755077,
            -0.005630228147987288,
            -0.05524498461250938,
            0.1639422403694844,
            0.06205643062015099,
            -0.0012738082948758045,
            0.19301048193090245,
            -0.05002234956126938
        ],
        [
            0.010290017989677118,
            0.005286447798564776,
            -0.0037128939431927362,
            -0.01826082132553761,
            -0.0025533052124549803,
            -0.014113372997249154,
            0.008915246770876756,
            -0.00010811370190124547,
            0.04643913835572083,
            0.007477489109155265,
            0.07482491219193123,
            0.013755199482155549,
            0.002009004155039078,
            0.008174615761623141,
            0.014482246182648656,
            -0.03591525620483549,
            -0.011601332131208477,
            0.0003483913597706765,
            -0.05002234956126938,
            0.013147047693564274
        ]
    ]
}