{
    "opt_E": -2.2130033556449633,
    "HF_E": -2.181484871459515,
    "B3LYP_E": -2.1841138079871647,
    "sto-3G_E": -2.1715090880206183,
    "proj": [
        [
            0.605262343738522,
            0.3747904489155536,
            0.0101511727175444,
            -0.15136378532098763,
            -0.04679067636604075,
            -0.053906565958333735,
            0.15201336717155398,
            0.029896048258757815,
            -0.185465686109387,
            -0.07719759633273185,
            0.03288442204366724,
            0.015175219453959637,
            0.010902602315656554,
            0.0561273990466341,
            9.496311855569005e-05,
            0.0013165991162260343,
            -0.023157463397010993,
            -0.00044203690937505,
            -0.029384012928985855,
            0.0011635685340417594
        ],
        [
            0.3747904489155536,
            0.26057234619114833,
            0.0017809537204525182,
            -0.03986882356190938,
            -0.011395021327609205,
            0.09240428885687339,
            0.1462086793692227,
            0.010539391597556097,
            -0.12288639338117006,
            -0.03985504433845504,
            0.015161472406256966,
            0.023196067727453307,
            -0.005625439942035764,
            -0.03000974108589595,
            0.000162624281871149,
            -0.02793491344195297,
            -0.03243044950230887,
            -0.0004400416078238515,
            -0.015339346213423814,
            0.0003317401441962098
        ],
        [
            0.0101511727175444,
            0.0017809537204525182,
            0.0010615962347281956,
            -0.012571996454079809,
            -0.004114284513753597,
            -0.02334325658673299,
            -0.005947774525667112,
            0.0025369769505628726,
            0.0014970694342663167,
            -0.002695778892511348,
            0.006764797099344435,
            -0.002955197311843638,
            0.002145846526127695,
            0.007648685346707567,
            0.0006382423269005488,
            -0.0031663087875174693,
            -0.0014308957845131623,
            -0.0004926828919694898,
            -0.007233065786197508,
            0.0006303567734169065
        ],
        [
            -0.15136378532098763,
            -0.03986882356190938,
            -0.012571996454079809,
            0.15291776359644468,
            0.04966481181711873,
            0.27553956319928674,
            0.06581211110878198,
            -0.028050504211618872,
            0.007852416080147227,
            0.035490955509925315,
            -0.05117486043885837,
            0.037936394349893016,
            -0.025962884054490126,
            -0.10464021605725903,
            -0.005336995351670257,
            0.019243347323234197,
            0.011656189596794094,
            0.0038048776776377297,
            0.06155378068438946,
            -0.005261721934741046
        ],
        [
            -0.04679067636604075,
            -0.011395021327609205,
            -0.004114284513753597,
            0.04966481181711873,
            0.016165946788562587,
            0.09009640870711963,
            0.021762692471427186,
            -0.009416728814745872,
            2.9421354473424844e-05,
            0.01130371003349562,
            -0.020020047685758914,
            0.011763435894245982,
            -0.00845911126921815,
            -0.033100746881836764,
            -0.0019449826802574448,
            0.0074476650573946914,
            0.0038930454214353414,
            0.0014435427327095648,
            0.022534258541124563,
            -0.0019409235777551176
        ],
        [
            -0.053906565958333735,
            0.09240428885687339,
            -0.02334325658673299,
            0.27553956319928674,
            0.09009640870711963,
            0.6145811202972576,
            0.24157952269127725,
            -0.041651150609312446,
            -0.03283712766967569,
            0.04359665751129445,
            -0.017142925656382424,
            0.12139314508772397,
            -0.05426249213341354,
            -0.22781132456962525,
            -0.008678305431392667,
            0.0400592043298317,
            0.025300983706027305,
            0.004366463906442777,
            0.07422976795881217,
            -0.006784917813277066
        ],
        [
            0.15201336717155398,
            0.1462086793692227,
            -0.005947774525667112,
            0.06581211110878198,
            0.021762692471427186,
            0.24157952269127725,
            0.15915248189436867,
            0.00037866169630090005,
            -0.02631846978119624,
            -0.005149632080167957,
            0.09208921073688134,
            0.08637650046979721,
            -0.01819600622065929,
            -0.083987427639872,
            -0.0005358043352680889,
            0.026471530057083265,
            0.02305184541146658,
            -0.0023001888699788853,
            -0.029137997512387402,
            0.0021627826516675535
        ],
        [
            0.029896048258757815,
            0.010539391597556097,
            0.0025369769505628726,
            -0.028050504211618872,
            -0.009416728814745872,
            -0.041651150609312446,
            0.00037866169630090005,
            0.009961517044527666,
            0.02099744702415204,
            -0.006831204974688594,
            0.06062638467612809,
            0.011305992375234025,
            0.0046017580419197915,
            0.01071072661575206,
            0.0028729429931347353,
            -0.0026104337185305373,
            0.006018580621373654,
            -0.003080229204426531,
            -0.04170497474793087,
            0.003688769158656357
        ],
        [
            -0.185465686109387,
            -0.12288639338117006,
            0.0014970694342663167,
            0.007852416080147227,
            2.9421354473424844e-05,
            -0.03283712766967569,
            -0.02631846978119624,
            0.02099744702415204,
            0.18381833939499542,
            0.017934828511626873,
            0.25075946309063374,
            0.05994885758741285,
            0.0029315363624409898,
            -0.04100778218130519,
            0.012436366806457228,
            -0.030666131894217012,
            0.027723152056777854,
            -0.013485871210664354,
            -0.1657980665107935,
            0.015305467892473976
        ],
        [
            -0.07719759633273185,
            -0.03985504433845504,
            -0.002695778892511348,
            0.035490955509925315,
            0.01130371003349562,
            0.04359665751129445,
            -0.005149632080167957,
            -0.006831204974688594,
            0.017934828511626873,
            0.012189189074095266,
            -0.011987799249207383,
            0.0016459443928620756,
            -0.004880843367299223,
            -0.02266694552073502,
            -0.0005145929433262575,
            -0.0032651615381498046,
            -4.5410989052043655e-05,
            0.0004748697162865735,
            0.010333834178820367,
            -0.0007670155145326705
        ],
        [
            0.03288442204366724,
            0.015161472406256966,
            0.006764797099344435,
            -0.05117486043885837,
            -0.020020047685758914,
            -0.017142925656382424,
            0.09208921073688134,
            0.06062638467612809,
            0.25075946309063374,
            -0.011987799249207383,
            0.56874627712496,
            0.1899621972049449,
            0.00980139540012466,
            -0.03126340410904543,
            0.020484991115155907,
            0.040910722750132716,
            0.10861432068156622,
            -0.0259076396693279,
            -0.3358447364848042,
            0.030182714461087688
        ],
        [
            0.015175219453959637,
            0.023196067727453307,
            -0.002955197311843638,
            0.037936394349893016,
            0.011763435894245982,
            0.12139314508772397,
            0.08637650046979721,
            0.011305992375234025,
            0.05994885758741285,
            0.0016459443928620756,
            0.1899621972049449,
            0.13567228399852682,
            -0.0020303195529548968,
            0.023462927207372704,
            -0.00322819460481052,
            0.17840194243847557,
            0.13654144291870535,
            -0.0029552982751852473,
            -0.04291522691934662,
            0.0041394806908206854
        ],
        [
            0.010902602315656554,
            -0.005625439942035764,
            0.002145846526127695,
            -0.025962884054490126,
            -0.00845911126921815,
            -0.05426249213341354,
            -0.01819600622065929,
            0.0046017580419197915,
            0.0029315363624409898,
            -0.004880843367299223,
            0.00980139540012466,
            -0.0020303195529548968,
            0.005685474113141567,
            0.030023427013924818,
            -6.13857271267926e-06,
            0.01672968325880199,
            0.011052659412103198,
            -0.0001298995301246532,
            -0.004410593732654743,
            0.0004354965448995318
        ],
        [
            0.0561273990466341,
            -0.03000974108589595,
            0.007648685346707567,
            -0.10464021605725903,
            -0.033100746881836764,
            -0.22781132456962525,
            -0.083987427639872,
            0.01071072661575206,
            -0.04100778218130519,
            -0.02266694552073502,
            -0.03126340410904543,
            0.023462927207372704,
            0.030023427013924818,
            0.2309841744628427,
            -0.012974904637114244,
            0.2578826807881454,
            0.14926545963598442,
            0.00885471325935272,
            0.0932356353044013,
            -0.00782532769887881
        ],
        [
            9.496311855569005e-05,
            0.000162624281871149,
            0.0006382423269005488,
            -0.005336995351670257,
            -0.0019449826802574448,
            -0.008678305431392667,
            -0.0005358043352680889,
            0.0028729429931347353,
            0.012436366806457228,
            -0.0005145929433262575,
            0.020484991115155907,
            -0.00322819460481052,
            -6.13857271267926e-06,
            -0.012974904637114244,
            0.002382777990886388,
            -0.027733101717626173,
            -0.013825710113216538,
            -0.0018875457615890752,
            -0.02322168976629584,
            0.0020297738385063914
        ],
        [
            0.0013165991162260343,
            -0.02793491344195297,
            -0.0031663087875174693,
            0.019243347323234197,
            0.0074476650573946914,
            0.0400592043298317,
            0.026471530057083265,
            -0.0026104337185305373,
            -0.030666131894217012,
            -0.0032651615381498046,
            0.040910722750132716,
            0.17840194243847557,
            0.01672968325880199,
            0.2578826807881454,
            -0.027733101717626173,
            0.5411431509213112,
            0.33551704380978115,
            0.015259543484478727,
            0.17251783371662094,
            -0.014339167814302183
        ],
        [
            -0.023157463397010993,
            -0.03243044950230887,
            -0.0014308957845131623,
            0.011656189596794094,
            0.0038930454214353414,
            0.025300983706027305,
            0.02305184541146658,
            0.006018580621373654,
            0.027723152056777854,
            -4.5410989052043655e-05,
            0.10861432068156622,
            0.13654144291870535,
            0.011052659412103198,
            0.14926545963598442,
            -0.013825710113216538,
            0.33551704380978115,
            0.22165369935049373,
            0.005430018328467734,
            0.056146576719144456,
            -0.004266579912736065
        ],
        [
            -0.00044203690937505,
            -0.0004400416078238515,
            -0.0004926828919694898,
            0.0038048776776377297,
            0.0014435427327095648,
            0.004366463906442777,
            -0.0023001888699788853,
            -0.003080229204426531,
            -0.013485871210664354,
            0.0004748697162865735,
            -0.0259076396693279,
            -0.0029552982751852473,
            -0.0001298995301246532,
            0.00885471325935272,
            -0.0018875457615890752,
            0.015259543484478727,
            0.005430018328467734,
            0.0017361398853652705,
            0.021726612753259912,
            -0.0019194826830212569
        ],
        [
            -0.029384012928985855,
            -0.015339346213423814,
            -0.007233065786197508,
            0.06155378068438946,
            0.022534258541124563,
            0.07422976795881217,
            -0.029137997512387402,
            -0.04170497474793087,
            -0.1657980665107935,
            0.010333834178820367,
            -0.3358447364848042,
            -0.04291522691934662,
            -0.004410593732654743,
            0.0932356353044013,
            -0.02322168976629584,
            0.17251783371662094,
            0.056146576719144456,
            0.021726612753259912,
            0.27416865802343926,
            -0.024217011429976617
        ],
        [
            0.0011635685340417594,
            0.0003317401441962098,
            0.0006303567734169065,
            -0.005261721934741046,
            -0.0019409235777551176,
            -0.006784917813277066,
            0.0021627826516675535,
            0.003688769158656357,
            0.015305467892473976,
            -0.0007670155145326705,
            0.030182714461087688,
            0.0041394806908206854,
            0.0004354965448995318,
            -0.00782532769887881,
            0.0020297738385063914,
            -0.014339167814302183,
            -0.004266579912736065,
            -0.0019194826830212569,
            -0.024217011429976617,
            0.0021447198743841855
        ]
    ]
}