{
    "opt_E": -2.2004770321648723,
    "HF_E": -2.172153086576025,
    "B3LYP_E": -2.1734924032070393,
    "sto-3G_E": -2.1694422589577678,
    "proj": [
        [
            0.5208427222061187,
            0.3224525042453821,
            -0.00028572681668282345,
            -0.17647656874313153,
            0.005833970442122624,
            0.0661515522592534,
            0.18667584980654975,
            -0.006052030971307657,
            -0.2681206911535188,
            0.008137740920007842,
            0.03267745025917194,
            0.028185038875858156,
            -0.0014987443254411363,
            0.014025127538120791,
            0.0025508270662434685,
            0.006050813005065467,
            -0.022603187410676056,
            0.0030816351106656573,
            -0.02315048078575558,
            -0.005982022250962133
        ],
        [
            0.3224525042453821,
            0.21171696694689168,
            0.00018801393402762624,
            -0.061388238329442096,
            0.002194881566629617,
            0.11325155155286218,
            0.13814186260429984,
            -0.0019097559349667843,
            -0.14847696345446343,
            0.003979046715501319,
            0.030592334095847384,
            0.024953501826287167,
            0.007003264343250447,
            -0.03897559485750453,
            -0.000209130019808984,
            -0.02427866490786526,
            -0.02673390902024186,
            0.004051378124084405,
            -0.026306933622572838,
            -0.0055273345567850695
        ],
        [
            -0.00028572681668282345,
            0.00018801393402762624,
            4.8959242506733055e-05,
            0.0032178516910783576,
            -8.733814013639143e-05,
            0.004028232487779423,
            0.0005305152366845373,
            0.0004395230594836498,
            -0.0006876903812958818,
            -1.6654134145975e-05,
            -0.0030707849220472276,
            0.00024195100541864924,
            1.247251960165346e-05,
            -0.0005285832447209566,
            0.0005351854239838387,
            0.0012277953334607894,
            0.000429314897676582,
            -0.0005377995505150903,
            0.0029810560223338853,
            0.0006174334419310194
        ],
        [
            -0.17647656874313153,
            -0.061388238329442096,
            0.0032178516910783576,
            0.3292768175851903,
            -0.00944959411711722,
            0.3596757949245913,
            0.03458165056222247,
            0.024078443437454657,
            0.11332700820869179,
            -0.006671587652241028,
            -0.0825913764473145,
            0.04752620882384685,
            0.019567475412060515,
            -0.1393428072313852,
            0.020858523578220284,
            0.022571137164088775,
            0.023733578336059883,
            -0.018269555384175493,
            0.10271553376553112,
            0.023240818130593505
        ],
        [
            0.005833970442122624,
            0.002194881566629617,
            -8.733814013639143e-05,
            -0.00944959411711722,
            0.00027684955591602536,
            -0.009853722890799646,
            -0.0005532819028038626,
            -0.0006895476134521996,
            -0.0036298657354725517,
            0.00019654034916194476,
            0.0026572887260502584,
            -0.0007239197856643992,
            -0.0006862530362917995,
            0.004673797857465988,
            -0.0004209336060748305,
            0.0008681200033334573,
            0.00021250068383533869,
            0.000436391343820126,
            -0.002474406595019415,
            -0.0005797067303040022
        ],
        [
            0.0661515522592534,
            0.11325155155286218,
            0.004028232487779423,
            0.3596757949245913,
            -0.009853722890799646,
            0.5617052528553179,
            0.1796682219330139,
            0.024474975736166357,
            0.032776537908915646,
            -0.005633677904854808,
            -0.020511561243738582,
            0.10731404413180015,
            0.030949895621579918,
            -0.20793512240555476,
            0.024798827973540643,
            0.03247185944936029,
            0.029161007444204093,
            -0.01465109314921191,
            0.07937649288655128,
            0.01891550737833473
        ],
        [
            0.18667584980654975,
            0.13814186260429984,
            0.0005305152366845373,
            0.03458165056222247,
            -0.0005532819028038626,
            0.1796682219330139,
            0.12923414336938488,
            -0.0032790806103801993,
            -0.03583622867879719,
            -0.00022101593622235355,
            0.10509510649880557,
            0.07341062740861759,
            0.010301689152347707,
            -0.05964407217230756,
            0.001773612989344206,
            0.029700797275094188,
            0.02588571727109566,
            0.007651559427382483,
            -0.04517697144896556,
            -0.008771975289536172
        ],
        [
            -0.006052030971307657,
            -0.0019097559349667843,
            0.0004395230594836498,
            0.024078443437454657,
            -0.0006895476134521996,
            0.024474975736166357,
            -0.0032790806103801993,
            0.0050020885790864516,
            -0.013159262776167496,
            0.00017236444318227662,
            -0.04675998695117796,
            -0.008812830961078625,
            -0.00021367184216557086,
            -0.003293749614422719,
            0.004651010461175943,
            -2.2070156054961885e-05,
            -0.005441517657345865,
            -0.006121246398319546,
            0.034065382920556046,
            0.007011515675125831
        ],
        [
            -0.2681206911535188,
            -0.14847696345446343,
            -0.0006876903812958818,
            0.11332700820869179,
            -0.0036298657354725517,
            0.032776537908915646,
            -0.03583622867879719,
            -0.013159262776167496,
            0.2457097012868538,
            -0.007893120015775936,
            0.2090705674831837,
            0.0585326285556062,
            0.015015700272713085,
            -0.07669470387468168,
            -0.018858547198851345,
            -0.012824703653512844,
            0.039678051508747515,
            0.025475967584532033,
            -0.1387399925028414,
            -0.026744545057013052
        ],
        [
            0.008137740920007842,
            0.003979046715501319,
            -1.6654134145975e-05,
            -0.006671587652241028,
            0.00019654034916194476,
            -0.005633677904854808,
            -0.00022101593622235355,
            0.00017236444318227662,
            -0.007893120015775936,
            0.00029429301042103697,
            -0.006091690328115434,
            -0.0029838650145239407,
            -0.0005970274895406385,
            0.0034366203418114763,
            0.00022610192867671082,
            -0.0010180916747526204,
            -0.002134488163783039,
            -0.0005542115941318876,
            0.003008539271324876,
            0.0005499751715432218
        ],
        [
            0.03267745025917194,
            0.030592334095847384,
            -0.0030707849220472276,
            -0.0825913764473145,
            0.0026572887260502584,
            -0.020511561243738582,
            0.10509510649880557,
            -0.04675998695117796,
            0.2090705674831837,
            -0.006091690328115434,
            0.5523186782539244,
            0.1764251924244153,
            0.012218324033127358,
            -0.03335458880824137,
            -0.036798936731468,
            0.07734758446079122,
            0.12006037530762408,
            0.061692561715135485,
            -0.34382146346499753,
            -0.0697371515799008
        ],
        [
            0.028185038875858156,
            0.024953501826287167,
            0.00024195100541864924,
            0.04752620882384685,
            -0.0007239197856643992,
            0.10731404413180015,
            0.07341062740861759,
            -0.008812830961078625,
            0.0585326285556062,
            -0.0029838650145239407,
            0.1764251924244153,
            0.12720147918525906,
            -0.005799401192221273,
            0.03446222728690954,
            0.011665906285511425,
            0.1870230691484258,
            0.13574003263752574,
            0.005355950618303163,
            -0.031095768383600862,
            -0.00670565622487786
        ],
        [
            -0.0014987443254411363,
            0.007003264343250447,
            1.247251960165346e-05,
            0.019567475412060515,
            -0.0006862530362917995,
            0.030949895621579918,
            0.010301689152347707,
            -0.00021367184216557086,
            0.015015700272713085,
            -0.0005970274895406385,
            0.012218324033127358,
            -0.005799401192221273,
            0.00748506020719117,
            -0.042249430868660474,
            -0.005791340112728394,
            -0.04841843114015166,
            -0.025589598513751397,
            0.004643624594872093,
            -0.02569184472435528,
            -0.004712755590699463
        ],
        [
            0.014025127538120791,
            -0.03897559485750453,
            -0.0005285832447209566,
            -0.1393428072313852,
            0.004673797857465988,
            -0.20793512240555476,
            -0.05964407217230756,
            -0.003293749614422719,
            -0.07669470387468168,
            0.0034366203418114763,
            -0.03335458880824137,
            0.03446222728690954,
            -0.042249430868660474,
            0.242911440383121,
            0.027748900146902362,
            0.2657362993698906,
            0.1436413863119205,
            -0.020715219853951722,
            0.11448727952613123,
            0.020290062503922787
        ],
        [
            0.0025508270662434685,
            -0.000209130019808984,
            0.0005351854239838387,
            0.020858523578220284,
            -0.0004209336060748305,
            0.024798827973540643,
            0.001773612989344206,
            0.004651010461175943,
            -0.018858547198851345,
            0.00022610192867671082,
            -0.036798936731468,
            0.011665906285511425,
            -0.005791340112728394,
            0.027748900146902362,
            0.010728559981086743,
            0.056974564533969596,
            0.028790752608761672,
            -0.00925549587425207,
            0.0511769199252774,
            0.010117536674773893
        ],
        [
            0.006050813005065467,
            -0.02427866490786526,
            0.0012277953334607894,
            0.022571137164088775,
            0.0008681200033334573,
            0.03247185944936029,
            0.029700797275094188,
            -2.2070156054961885e-05,
            -0.012824703653512844,
            -0.0010180916747526204,
            0.07734758446079122,
            0.1870230691484258,
            -0.04841843114015166,
            0.2657362993698906,
            0.056974564533969596,
            0.5178023695470927,
            0.31458696395807284,
            -0.030686357614361653,
            0.1685037708616374,
            0.03125041793058777
        ],
        [
            -0.022603187410676056,
            -0.02673390902024186,
            0.000429314897676582,
            0.023733578336059883,
            0.00021250068383533869,
            0.029161007444204093,
            0.02588571727109566,
            -0.005441517657345865,
            0.039678051508747515,
            -0.002134488163783039,
            0.12006037530762408,
            0.13574003263752574,
            -0.025589598513751397,
            0.1436413863119205,
            0.028790752608761672,
            0.31458696395807284,
            0.20331405015228188,
            -0.009953742673289714,
            0.05430707695296711,
            0.009468570152961549
        ],
        [
            0.0030816351106656573,
            0.004051378124084405,
            -0.0005377995505150903,
            -0.018269555384175493,
            0.000436391343820126,
            -0.01465109314921191,
            0.007651559427382483,
            -0.006121246398319546,
            0.025475967584532033,
            -0.0005542115941318876,
            0.061692561715135485,
            0.005355950618303163,
            0.004643624594872093,
            -0.020715219853951722,
            -0.00925549587425207,
            -0.030686357614361653,
            -0.009953742673289714,
            0.010108043466954698,
            -0.05611013083074994,
            -0.011208004142603843
        ],
        [
            -0.02315048078575558,
            -0.026306933622572838,
            0.0029810560223338853,
            0.10271553376553112,
            -0.002474406595019415,
            0.07937649288655128,
            -0.04517697144896556,
            0.034065382920556046,
            -0.1387399925028414,
            0.003008539271324876,
            -0.34382146346499753,
            -0.031095768383600862,
            -0.02569184472435528,
            0.11448727952613123,
            0.0511769199252774,
            0.1685037708616374,
            0.05430707695296711,
            -0.05611013083074994,
            0.3115488582789669,
            0.06224987523818204
        ],
        [
            -0.005982022250962133,
            -0.0055273345567850695,
            0.0006174334419310194,
            0.023240818130593505,
            -0.0005797067303040022,
            0.01891550737833473,
            -0.008771975289536172,
            0.007011515675125831,
            -0.026744545057013052,
            0.0005499751715432218,
            -0.0697371515799008,
            -0.00670565622487786,
            -0.004712755590699463,
            0.020290062503922787,
            0.010117536674773893,
            0.03125041793058777,
            0.009468570152961549,
            -0.011208004142603843,
            0.06224987523818204,
            0.012473665906433447
        ]
    ]
}