{
    "opt_E": -2.1758471480331236,
    "HF_E": -2.145724542323551,
    "B3LYP_E": -2.147523518599013,
    "sto-3G_E": -2.1313024053418044,
    "proj": [
        [
            0.5250999040676383,
            0.335139670703097,
            -0.010753155888288925,
            -0.1783159691633649,
            0.015700288406240666,
            0.06387022309726488,
            0.1818508408874436,
            -0.024478728353799384,
            -0.24505930818954558,
            0.012598142852720267,
            0.05058802219060694,
            0.03432824461382772,
            -0.0005805639043476287,
            0.03428212609539246,
            -0.004085789297413531,
            0.0007792996242119153,
            -0.035399404646010824,
            -0.0018901398351673666,
            -0.027090720750931826,
            -0.003238186655495901
        ],
        [
            0.335139670703097,
            0.22261472773263588,
            -0.0042081160007833435,
            -0.07682632259854412,
            0.007088138624363743,
            0.09611668908074329,
            0.13183259589572102,
            -0.013640546900656586,
            -0.14589989358250352,
            0.008010378008217835,
            0.04329430026566501,
            0.024692790952434648,
            0.0011434310205476245,
            -0.024395572981042637,
            0.0025359104589673742,
            -0.032220075840938237,
            -0.04084795050434306,
            -0.0013094896285593368,
            -0.028531608998407607,
            -0.001961818708088782
        ],
        [
            -0.010753155888288925,
            -0.0042081160007833435,
            0.0016355543705737776,
            0.022326846713732244,
            -0.0017155140142102018,
            0.02476823782607851,
            0.0023291297229179977,
            0.0018957025448593252,
            0.0024840423437349816,
            0.0011247080931590311,
            -0.005833444460551503,
            0.002849691840792175,
            0.0012944721302216929,
            -0.015250973282645198,
            0.003930423848999132,
            0.003629836863241446,
            0.00275695289212202,
            0.00025457490533417653,
            0.00743075494660286,
            0.0005164872066232914
        ],
        [
            -0.1783159691633649,
            -0.07682632259854412,
            0.022326846713732244,
            0.30838585087200077,
            -0.023928030299179632,
            0.3282803449970958,
            0.023573597450213712,
            0.025912331820599863,
            0.06404936399130015,
            0.011365348339355458,
            -0.05718176624507285,
            0.0399063869714349,
            0.01655921392403596,
            -0.21078813236645233,
            0.05061126345417331,
            0.03442874017072728,
            0.0339546780324384,
            0.003077199955735816,
            0.08227422462822949,
            0.006409055581493132
        ],
        [
            0.015700288406240666,
            0.007088138624363743,
            -0.0017155140142102018,
            -0.023928030299179632,
            0.0018728565366684668,
            -0.02455716324143101,
            -0.0011938766564356315,
            -0.0020077435364524274,
            -0.006716312736869369,
            -0.000647281414726148,
            0.0033379630104016667,
            -0.0027690884145644785,
            -0.0011958522076805057,
            0.016712956291483245,
            -0.003692631662892342,
            -0.0008806587259089673,
            -0.001803829608556541,
            -0.0002121576337867921,
            -0.005059324140586902,
            -0.0004545393283447945
        ],
        [
            0.06387022309726488,
            0.09611668908074329,
            0.02476823782607851,
            0.3282803449970958,
            -0.02455716324143101,
            0.5154724255143236,
            0.1613523087685672,
            0.01863273643448034,
            -0.010010251121692066,
            0.014636739802504737,
            0.03419602924042252,
            0.10574419695810228,
            0.02141240346526336,
            -0.2791514895126698,
            0.06392574567453581,
            0.0452606218343098,
            0.03745542225062621,
            0.001929705866791024,
            0.049593430192689344,
            0.005067143440309645
        ],
        [
            0.1818508408874436,
            0.13183259589572102,
            0.0023291297229179977,
            0.023573597450213712,
            -0.0011938766564356315,
            0.1613523087685672,
            0.11905461931374946,
            -0.006975265836380272,
            -0.027752679564164138,
            -0.0025727178502329357,
            0.12244035775866652,
            0.07566729699722893,
            0.003472755578583063,
            -0.051111397452915236,
            0.009013255779429016,
            0.026475557842852833,
            0.022969951712710837,
            -0.0015016988767454962,
            -0.04848434469468538,
            -0.00200578447069782
        ],
        [
            -0.024478728353799384,
            -0.013640546900656586,
            0.0018957025448593252,
            0.025912331820599863,
            -0.0020077435364524274,
            0.01863273643448034,
            -0.006975265836380272,
            0.0031744019629764684,
            -0.0010823889331633186,
            0.0026692404470749975,
            -0.025612567715730474,
            -0.005348863024756142,
            0.0015544860612128476,
            -0.01593717561736724,
            0.004863094881433485,
            0.001730563709853376,
            -0.00043174722943815935,
            0.0005608653670842758,
            0.01807385874083708,
            0.0010076496657700886
        ],
        [
            -0.24505930818954558,
            -0.14589989358250352,
            0.0024840423437349816,
            0.06404936399130015,
            -0.006716312736869369,
            -0.010010251121692066,
            -0.027752679564164138,
            -0.0010823889331633186,
            0.28105071138695503,
            -0.038563694984060135,
            0.2702168881584371,
            0.0680462718568429,
            -0.007184444787634054,
            -0.02419597691231558,
            -0.020594368531341497,
            -0.05386689754282458,
            0.027891934735651144,
            -0.003919088210409695,
            -0.17823057433407685,
            -0.006186099385334607
        ],
        [
            0.012598142852720267,
            0.008010378008217835,
            0.0011247080931590311,
            0.011365348339355458,
            -0.000647281414726148,
            0.014636739802504737,
            -0.0025727178502329357,
            0.0026692404470749975,
            -0.038563694984060135,
            0.0073018818519460064,
            -0.05726563655763142,
            -0.013734350539388427,
            0.0021614131329656945,
            -0.008512865670509765,
            0.006511285947151914,
            0.008982093197049007,
            -0.003899134080121087,
            0.0009791828364982367,
            0.0386348258565858,
            0.0016372916727563384
        ],
        [
            0.05058802219060694,
            0.04329430026566501,
            -0.005833444460551503,
            -0.05718176624507285,
            0.0033379630104016667,
            0.03419602924042252,
            0.12244035775866652,
            -0.025612567715730474,
            0.2702168881584371,
            -0.05726563655763142,
            0.5432513143685146,
            0.18721208798859612,
            -0.012269031985488557,
            0.03926573210197565,
            -0.039104396001435594,
            0.009624644952555998,
            0.08596681751062435,
            -0.008404347030697703,
            -0.3182082678854835,
            -0.013689852122608724
        ],
        [
            0.03432824461382772,
            0.024692790952434648,
            0.002849691840792175,
            0.0399063869714349,
            -0.0027690884145644785,
            0.10574419695810228,
            0.07566729699722893,
            -0.005348863024756142,
            0.0680462718568429,
            -0.013734350539388427,
            0.18721208798859612,
            0.12840077037927589,
            0.002495540062371051,
            0.03159002286471163,
            0.003931202174938082,
            0.1724228453832894,
            0.13773633928886314,
            -0.0015447375940318454,
            -0.044557841148446256,
            -0.002434619119736976
        ],
        [
            -0.0005805639043476287,
            0.0011434310205476245,
            0.0012944721302216929,
            0.01655921392403596,
            -0.0011958522076805057,
            0.02141240346526336,
            0.003472755578583063,
            0.0015544860612128476,
            -0.007184444787634054,
            0.0021614131329656945,
            -0.012269031985488557,
            0.002495540062371051,
            0.001398906189809467,
            -0.009345698003034137,
            0.004093760989055982,
            0.011009936853259255,
            0.005554482595806435,
            0.0003545306171960339,
            0.013238697938786226,
            0.0006468571549827695
        ],
        [
            0.03428212609539246,
            -0.024395572981042637,
            -0.015250973282645198,
            -0.21078813236645233,
            0.016712956291483245,
            -0.2791514895126698,
            -0.051111397452915236,
            -0.01593717561736724,
            -0.02419597691231558,
            -0.008512865670509765,
            0.03926573210197565,
            0.03159002286471163,
            -0.009345698003034137,
            0.2670937206253037,
            -0.03237785418738725,
            0.21340798130668123,
            0.13461962535953687,
            -0.000775240452981427,
            0.01555140635076198,
            -0.0027597486946709126
        ],
        [
            -0.004085789297413531,
            0.0025359104589673742,
            0.003930423848999132,
            0.05061126345417331,
            -0.003692631662892342,
            0.06392574567453581,
            0.009013255779429016,
            0.004863094881433485,
            -0.020594368531341497,
            0.006511285947151914,
            -0.039104396001435594,
            0.003931202174938082,
            0.004093760989055982,
            -0.03237785418738725,
            0.012148315956298344,
            0.023640582166271698,
            0.010510585960110532,
            0.0010507772866748147,
            0.03801601082002793,
            0.0019361321153049185
        ],
        [
            0.0007792996242119153,
            -0.032220075840938237,
            0.003629836863241446,
            0.03442874017072728,
            -0.0008806587259089673,
            0.0452606218343098,
            0.026475557842852833,
            0.001730563709853376,
            -0.05386689754282458,
            0.008982093197049007,
            0.009624644952555998,
            0.1724228453832894,
            0.011009936853259255,
            0.21340798130668123,
            0.023640582166271698,
            0.5600599743070311,
            0.3597227595271575,
            0.0032471097538069992,
            0.1815020904568014,
            0.004541465602003126
        ],
        [
            -0.035399404646010824,
            -0.04084795050434306,
            0.00275695289212202,
            0.0339546780324384,
            -0.001803829608556541,
            0.03745542225062621,
            0.022969951712710837,
            -0.00043174722943815935,
            0.027891934735651144,
            -0.003899134080121087,
            0.08596681751062435,
            0.13773633928886314,
            0.005554482595806435,
            0.13461962535953687,
            0.010510585960110532,
            0.3597227595271575,
            0.24652130691872767,
            0.000974183499465123,
            0.07007936903448791,
            0.0011557079427556274
        ],
        [
            -0.0018901398351673666,
            -0.0013094896285593368,
            0.00025457490533417653,
            0.003077199955735816,
            -0.0002121576337867921,
            0.001929705866791024,
            -0.0015016988767454962,
            0.0005608653670842758,
            -0.003919088210409695,
            0.0009791828364982367,
            -0.008404347030697703,
            -0.0015447375940318454,
            0.0003545306171960339,
            -0.000775240452981427,
            0.0010507772866748147,
            0.0032471097538069992,
            0.000974183499465123,
            0.00016365113823190006,
            0.006303165149410705,
            0.0002716033658871574
        ],
        [
            -0.027090720750931826,
            -0.028531608998407607,
            0.00743075494660286,
            0.08227422462822949,
            -0.005059324140586902,
            0.049593430192689344,
            -0.04848434469468538,
            0.01807385874083708,
            -0.17823057433407685,
            0.0386348258565858,
            -0.3182082678854835,
            -0.044557841148446256,
            0.013238697938786226,
            0.01555140635076198,
            0.03801601082002793,
            0.1815020904568014,
            0.07007936903448791,
            0.006303165149410705,
            0.25483947361351617,
            0.010233164758197971
        ],
        [
            -0.003238186655495901,
            -0.001961818708088782,
            0.0005164872066232914,
            0.006409055581493132,
            -0.0004545393283447945,
            0.005067143440309645,
            -0.00200578447069782,
            0.0010076496657700886,
            -0.006186099385334607,
            0.0016372916727563384,
            -0.013689852122608724,
            -0.002434619119736976,
            0.0006468571549827695,
            -0.0027597486946709126,
            0.0019361321153049185,
            0.004541465602003126,
            0.0011557079427556274,
            0.0002716033658871574,
            0.010233164758197971,
            0.0004596328938236171
        ]
    ]
}