{
    "opt_E": -2.192680882286572,
    "HF_E": -2.161467441213567,
    "B3LYP_E": -2.1634413205140897,
    "sto-3G_E": -2.1467022745359072,
    "proj": [
        [
            0.5577351524742898,
            0.3508310744015118,
            -0.023629812248106247,
            -0.1734005602743266,
            -0.030224773757067433,
            0.017870566071517078,
            0.17534164515238584,
            -0.05325442250688453,
            -0.22090563760030618,
            -0.05911126142929136,
            0.036192410476796166,
            0.027771206032769228,
            -0.009433614109091845,
            0.04519311925913826,
            0.004358933973117044,
            -0.0018195161864593631,
            -0.03220251972256043,
            0.004941968318178614,
            -0.022492210245348906,
            -0.006989108808012334
        ],
        [
            0.3508310744015118,
            0.23594938673611582,
            -0.006727642908768591,
            -0.061248626285837916,
            -0.009003003396094979,
            0.09612838470271602,
            0.13774192019729142,
            -0.025760260360244955,
            -0.13590611110908438,
            -0.031873165169611146,
            0.02872382291026051,
            0.02541639729837552,
            0.004977329554090395,
            -0.02792467429534337,
            0.0037314850475977353,
            -0.029924257782534772,
            -0.03676828960017525,
            0.0039279759173924175,
            -0.019338588751716144,
            -0.005229048843851761
        ],
        [
            -0.023629812248106247,
            -0.006727642908768591,
            0.006481479469870207,
            0.038872232482490464,
            0.007948782871013634,
            0.05294616205175539,
            0.008031488853994725,
            0.008720982920986418,
            0.0019769770223179483,
            0.006507051377428693,
            -0.011684955565752499,
            0.006117622017736469,
            0.004592155455345804,
            -0.02901765895764441,
            0.004380738533456554,
            0.004206720234438066,
            0.0030826922398646418,
            -0.003414405776014572,
            0.012779777212652162,
            0.003612942628496439
        ],
        [
            -0.1734005602743266,
            -0.061248626285837916,
            0.038872232482490464,
            0.236322587486536,
            0.047929075864760806,
            0.3086700228502785,
            0.04017111669005946,
            0.05158773020002188,
            0.03831134927020322,
            0.040333941245893394,
            -0.04589443118835842,
            0.04165032942088984,
            0.02809064305539461,
            -0.1716321839995229,
            0.02337820292063367,
            0.02419307107044331,
            0.023350649861544486,
            -0.01677187402141632,
            0.06196789003219806,
            0.017717008096738224
        ],
        [
            -0.030224773757067433,
            -0.009003003396094979,
            0.007948782871013634,
            0.047929075864760806,
            0.009781297973331403,
            0.065238654906633,
            0.01027500345260284,
            0.010394067911693996,
            0.004902525861046133,
            0.00788876250490875,
            -0.010387371040088366,
            0.009012674906728569,
            0.005686457173698714,
            -0.0353224212195687,
            0.005181382896872625,
            0.006007142268836101,
            0.004982092545145897,
            -0.0037097848596328226,
            0.013742008134164166,
            0.00389844638665412
        ],
        [
            0.017870566071517078,
            0.09612838470271602,
            0.05294616205175539,
            0.3086700228502785,
            0.065238654906633,
            0.5532903476443624,
            0.1858142585506426,
            0.05087099244657179,
            -0.01892703025070468,
            0.03199815311993364,
            0.02030069743602525,
            0.11368274194572811,
            0.04606940634027377,
            -0.27284989122829567,
            0.03713214481143016,
            0.03890999784107761,
            0.032508739473912654,
            -0.015194189500161447,
            0.049688411355118464,
            0.014556854648627809
        ],
        [
            0.17534164515238584,
            0.13774192019729142,
            0.008031488853994725,
            0.04017111669005946,
            0.01027500345260284,
            0.1858142585506426,
            0.13040851959422606,
            -0.01030654891890248,
            -0.02579965350119313,
            -0.01327686292982724,
            0.11241507405235864,
            0.07961485117169632,
            0.012754048579671128,
            -0.06443174196247992,
            0.0080065609939638,
            0.026890724332403037,
            0.024076483682618607,
            0.008686952713004976,
            -0.03968465018743799,
            -0.010896433503962724
        ],
        [
            -0.05325442250688453,
            -0.025760260360244955,
            0.008720982920986418,
            0.05158773020002188,
            0.010394067911693996,
            0.05087099244657179,
            -0.01030654891890248,
            0.017121915689614742,
            -0.011992660036292218,
            0.01258035430089958,
            -0.06394258809481845,
            -0.012068642018585575,
            0.004096631258552563,
            -0.03433024296904122,
            0.0076502696701480416,
            0.0018403669418442469,
            -0.004155844395278694,
            -0.010517367784603304,
            0.04165285457885193,
            0.011539429399512236
        ],
        [
            -0.22090563760030618,
            -0.13590611110908438,
            0.0019769770223179483,
            0.03831134927020322,
            0.004902525861046133,
            -0.01892703025070468,
            -0.02579965350119313,
            -0.011992660036292218,
            0.23795740074834312,
            0.006249049828858965,
            0.26833547822628023,
            0.0624926714934556,
            0.013893157039236033,
            -0.01595220511856366,
            -0.029928009524835816,
            -0.043455663647447594,
            0.025929588944691304,
            0.04154313759128443,
            -0.16684761613935423,
            -0.04454586136199308
        ],
        [
            -0.05911126142929136,
            -0.031873165169611146,
            0.006507051377428693,
            0.040333941245893394,
            0.00788876250490875,
            0.03199815311993364,
            -0.01327686292982724,
            0.01258035430089958,
            0.006249049828858965,
            0.010337706226053988,
            -0.03553311829665427,
            -0.007973598698868435,
            0.0036772683635126046,
            -0.02551455156164721,
            0.0036360400674296965,
            -0.0029337933129136053,
            -0.002851219540010903,
            -0.005642665204777379,
            0.022353704647532495,
            0.006304256527273754
        ],
        [
            0.036192410476796166,
            0.02872382291026051,
            -0.011684955565752499,
            -0.04589443118835842,
            -0.010387371040088366,
            0.02030069743602525,
            0.11241507405235864,
            -0.06394258809481845,
            0.26833547822628023,
            -0.03553311829665427,
            0.5548127610571585,
            0.18395468259092243,
            0.011817780278133702,
            0.027931852710316448,
            -0.038783792168579335,
            0.018721757276278353,
            0.09099523848773095,
            0.07586498959204241,
            -0.30729549808027884,
            -0.08381772794185269
        ],
        [
            0.027771206032769228,
            0.02541639729837552,
            0.006117622017736469,
            0.04165032942088984,
            0.009012674906728569,
            0.11368274194572811,
            0.07961485117169632,
            -0.012068642018585575,
            0.0624926714934556,
            -0.007973598698868435,
            0.18395468259092243,
            0.13038433465322166,
            -0.004955814298231429,
            0.024828558015553878,
            0.01564278145515955,
            0.1765432441661463,
            0.13859915879537507,
            0.008774675867035028,
            -0.037577018778607814,
            -0.012060601615742624
        ],
        [
            -0.009433614109091845,
            0.004977329554090395,
            0.004592155455345804,
            0.02809064305539461,
            0.005686457173698714,
            0.04606940634027377,
            0.012754048579671128,
            0.004096631258552563,
            0.013893157039236033,
            0.0036772683635126046,
            0.011817780278133702,
            -0.004955814298231429,
            0.010549828135441018,
            -0.04739558804368316,
            -0.005297694264492068,
            -0.055114187805285555,
            -0.032199291995418065,
            0.0047745586246421235,
            -0.0203858076502996,
            -0.004743519975593895
        ],
        [
            0.04519311925913826,
            -0.02792467429534337,
            -0.02901765895764441,
            -0.1716321839995229,
            -0.0353224212195687,
            -0.27284989122829567,
            -0.06443174196247992,
            -0.03433024296904122,
            -0.01595220511856366,
            -0.02551455156164721,
            0.027931852710316448,
            0.024828558015553878,
            -0.04739558804368316,
            0.23582143507149952,
            0.008592040290097537,
            0.20864741908098983,
            0.13085674856106977,
            -0.005207070173201564,
            0.027200590375141453,
            0.004074565541153385
        ],
        [
            0.004358933973117044,
            0.0037314850475977353,
            0.004380738533456554,
            0.02337820292063367,
            0.005181382896872625,
            0.03713214481143016,
            0.0080065609939638,
            0.0076502696701480416,
            -0.029928009524835816,
            0.0036360400674296965,
            -0.038783792168579335,
            0.01564278145515955,
            -0.005297694264492068,
            0.008592040290097537,
            0.014492806284884856,
            0.07174088025115691,
            0.04005225878445527,
            -0.012129673313287214,
            0.04841597501161091,
            0.012409166692036394
        ],
        [
            -0.0018195161864593631,
            -0.029924257782534772,
            0.004206720234438066,
            0.02419307107044331,
            0.006007142268836101,
            0.03890999784107761,
            0.026890724332403037,
            0.0018403669418442469,
            -0.043455663647447594,
            -0.0029337933129136053,
            0.018721757276278353,
            0.1765432441661463,
            -0.055114187805285555,
            0.20864741908098983,
            0.07174088025115691,
            0.5524045383299321,
            0.3545285898066029,
            -0.04217849689961641,
            0.17108048475142001,
            0.04005302234085815
        ],
        [
            -0.03220251972256043,
            -0.03676828960017525,
            0.0030826922398646418,
            0.023350649861544486,
            0.004982092545145897,
            0.032508739473912654,
            0.024076483682618607,
            -0.004155844395278694,
            0.025929588944691304,
            -0.002851219540010903,
            0.09099523848773095,
            0.13859915879537507,
            -0.032199291995418065,
            0.13085674856106977,
            0.04005225878445527,
            0.3545285898066029,
            0.24121313344097792,
            -0.01619776602244333,
            0.06579307684120739,
            0.013808968927115233
        ],
        [
            0.004941968318178614,
            0.0039279759173924175,
            -0.003414405776014572,
            -0.01677187402141632,
            -0.0037097848596328226,
            -0.015194189500161447,
            0.008686952713004976,
            -0.010517367784603304,
            0.04154313759128443,
            -0.005642665204777379,
            0.07586498959204241,
            0.008774675867035028,
            0.0047745586246421235,
            -0.005207070173201564,
            -0.012129673313287214,
            -0.04217849689961641,
            -0.01619776602244333,
            0.014403442116486512,
            -0.05804063616934702,
            -0.015334984837858454
        ],
        [
            -0.022492210245348906,
            -0.019338588751716144,
            0.012779777212652162,
            0.06196789003219806,
            0.013742008134164166,
            0.049688411355118464,
            -0.03968465018743799,
            0.04165285457885193,
            -0.16684761613935423,
            0.022353704647532495,
            -0.30729549808027884,
            -0.037577018778607814,
            -0.0203858076502996,
            0.027200590375141453,
            0.04841597501161091,
            0.17108048475142001,
            0.06579307684120739,
            -0.05804063616934702,
            0.23414083749775794,
            0.06182364540017954
        ],
        [
            -0.006989108808012334,
            -0.005229048843851761,
            0.003612942628496439,
            0.017717008096738224,
            0.00389844638665412,
            0.014556854648627809,
            -0.010896433503962724,
            0.011539429399512236,
            -0.04454586136199308,
            0.006304256527273754,
            -0.08381772794185269,
            -0.012060601615742624,
            -0.004743519975593895,
            0.004074565541153385,
            0.012409166692036394,
            0.04005302234085815,
            0.013808968927115233,
            -0.015334984837858454,
            0.06182364540017954,
            0.016391089369895973
        ]
    ]
}