{
    "opt_E": -2.1787253746295336,
    "HF_E": -2.148095943180206,
    "B3LYP_E": -2.1498162634083084,
    "sto-3G_E": -2.1319323277241744,
    "proj": [
        [
            0.5271868485536455,
            0.33680768528028115,
            -0.0013067482394216008,
            -0.18380229736682313,
            -0.004488391639688782,
            0.059586588257437706,
            0.1802405446656572,
            -0.018012537863558758,
            -0.24271263344539906,
            -0.007770909596457206,
            0.05060871291665599,
            0.027694994926069878,
            0.007722103707504127,
            0.031636824243901185,
            -0.008769785289105915,
            -0.0011707080895355024,
            -0.03529280160972705,
            -0.007542734945918505,
            -0.02711312733100047,
            0.013423637372227558
        ],
        [
            0.33680768528028115,
            0.2244955436803152,
            0.0006666436548981104,
            -0.07481555105906557,
            -0.00189447413926693,
            0.10042545893149472,
            0.13229429748066784,
            -0.009385796559566777,
            -0.14812636887956251,
            -0.0026975781540664575,
            0.03730092518510646,
            0.02204542968237071,
            0.007838207182538783,
            -0.02521650449529259,
            0.0002015212218148723,
            -0.02849380461678121,
            -0.03726891756116113,
            -0.00527722192188395,
            -0.023085004837911934,
            0.009812569464046883
        ],
        [
            -0.0013067482394216008,
            0.0006666436548981104,
            0.0003093742722324049,
            0.009072269470638562,
            0.00020303351443322787,
            0.012364300445139751,
            0.0031809167307727377,
            0.000566933821739095,
            0.0011164949067172334,
            0.0004576785585010207,
            0.0004171829359263705,
            0.0026603408170808953,
            0.0013140511306402904,
            -0.00682015375253573,
            -7.039033096599091e-05,
            0.0010087020116809331,
            0.0012900829761685847,
            0.0003689446808017844,
            0.0011049358448230033,
            -0.0006864571292983841
        ],
        [
            -0.18380229736682313,
            -0.07481555105906557,
            0.009072269470638562,
            0.3125409082413029,
            0.007498925384414313,
            0.3314485561160967,
            0.02952496547188112,
            0.026883586286499932,
            0.07061153088501532,
            0.016316199481983658,
            -0.058702289647857384,
            0.046443216316573645,
            0.03854385456987303,
            -0.21080446444385303,
            -0.0023747953973701093,
            0.017536172860966964,
            0.03129988534182803,
            0.019258700664259346,
            0.0648769637428362,
            -0.035146195231318934
        ],
        [
            -0.004488391639688782,
            -0.00189447413926693,
            0.00020303351443322787,
            0.007498925384414313,
            0.00020634527777423556,
            0.007341068579651751,
            -0.00013547634551384287,
            0.0010108101312474478,
            -0.00016958022214504117,
            0.00045480010538113215,
            -0.00514924603492456,
            -0.0003872050971683211,
            0.0011025236838263176,
            -0.005397862967128822,
            -0.0002367349546718861,
            -0.00037078226862478897,
            -0.00028410485539466117,
            0.0008913764382811726,
            0.0032334166747982965,
            -0.0016077948279966132
        ],
        [
            0.059586588257437706,
            0.10042545893149472,
            0.012364300445139751,
            0.3314485561160967,
            0.007341068579651751,
            0.5186148650689503,
            0.16851343248900272,
            0.018960525709551743,
            -0.0035316942820670934,
            0.017072866128276933,
            0.030271586030223827,
            0.1104932662830295,
            0.05342690029893767,
            -0.2780647239808115,
            -0.0015015700253174918,
            0.024525351853577827,
            0.03494821511147751,
            0.012207394554177253,
            0.033249849977351656,
            -0.02265507209191362
        ],
        [
            0.1802405446656572,
            0.13229429748066784,
            0.0031809167307727377,
            0.02952496547188112,
            -0.00013547634551384287,
            0.16851343248900272,
            0.12062136323890885,
            -0.009638478902069267,
            -0.03028321628255668,
            0.00045486850215546373,
            0.11607779367403939,
            0.07614880580835522,
            0.012490550604228717,
            -0.05215154541493981,
            0.0003242883324891877,
            0.03114547613158833,
            0.02736558406011383,
            -0.009453418170400024,
            -0.03956600406162,
            0.01649994632093133
        ],
        [
            -0.018012537863558758,
            -0.009385796559566777,
            0.000566933821739095,
            0.026883586286499932,
            0.0010108101312474478,
            0.018960525709551743,
            -0.009638478902069267,
            0.007705370837955739,
            -0.021692521572731552,
            0.00225783548120889,
            -0.05918791987738711,
            -0.013729498183382587,
            0.007277043117744292,
            -0.017757357966553672,
            -0.005303756922451204,
            0.003677402859832869,
            -0.0034827568244900644,
            0.008646993047690295,
            0.033855318016446874,
            -0.015703313178149252
        ],
        [
            -0.24271263344539906,
            -0.14812636887956251,
            0.0011164949067172334,
            0.07061153088501532,
            -0.00016958022214504117,
            -0.0035316942820670934,
            -0.03028321628255668,
            -0.021692521572731552,
            0.2688494081413684,
            -0.0016433076875530062,
            0.2661829448678197,
            0.06678430526043426,
            -0.031306560262066165,
            -0.014868697053152923,
            0.03779069604029223,
            -0.044989476979388994,
            0.027419938903013953,
            -0.03661134032340287,
            -0.15090817020716207,
            0.06705291468862548
        ],
        [
            -0.007770909596457206,
            -0.0026975781540664575,
            0.0004576785585010207,
            0.016316199481983658,
            0.00045480010538113215,
            0.017072866128276933,
            0.00045486850215546373,
            0.00225783548120889,
            -0.0016433076875530062,
            0.0010140766686583585,
            -0.011884687415908115,
            -0.001096776255009415,
            0.0025046255411604362,
            -0.012518447697740288,
            -0.00046948540078059476,
            -0.0016296546731466258,
            -0.0013621508926270408,
            0.002003607691091335,
            0.007218133748787879,
            -0.003602886487397133
        ],
        [
            0.05060871291665599,
            0.03730092518510646,
            0.0004171829359263705,
            -0.058702289647857384,
            -0.00514924603492456,
            0.030271586030223827,
            0.11607779367403939,
            -0.05918791987738711,
            0.2661829448678197,
            -0.011884687415908115,
            0.557468948548814,
            0.18155038952778502,
            -0.0433846549998266,
            0.051976143814414094,
            0.04468688981531004,
            0.01463867181759273,
            0.08236768610754046,
            -0.07194027966720898,
            -0.2859810341169764,
            0.12993590962846574
        ],
        [
            0.027694994926069878,
            0.02204542968237071,
            0.0026603408170808953,
            0.046443216316573645,
            -0.0003872050971683211,
            0.1104932662830295,
            0.07614880580835522,
            -0.013729498183382587,
            0.06678430526043426,
            -0.001096776255009415,
            0.18155038952778502,
            0.12974008351743893,
            0.01490414359703669,
            0.024166479082642925,
            -0.01733786156923692,
            0.17745490948385073,
            0.14060491161136146,
            -0.010515371194421622,
            -0.033630176500447174,
            0.016256918557237945
        ],
        [
            0.007722103707504127,
            0.007838207182538783,
            0.0013140511306402904,
            0.03854385456987303,
            0.0011025236838263176,
            0.05342690029893767,
            0.012490550604228717,
            0.007277043117744292,
            -0.031306560262066165,
            0.0025046255411604362,
            -0.0433846549998266,
            0.01490414359703669,
            0.015927024481742432,
            -0.011688488464416577,
            -0.015118811929703864,
            0.06122552371890925,
            0.03479977387330612,
            0.01078991411151815,
            0.04526180208228811,
            -0.020487440476819267
        ],
        [
            0.031636824243901185,
            -0.02521650449529259,
            -0.00682015375253573,
            -0.21080446444385303,
            -0.005397862967128822,
            -0.2780647239808115,
            -0.05215154541493981,
            -0.017757357966553672,
            -0.014868697053152923,
            -0.012518447697740288,
            0.051976143814414094,
            0.024166479082642925,
            -0.011688488464416577,
            0.23902650987935672,
            -0.032843363919698866,
            0.1917931739945971,
            0.11681028135720274,
            -0.003912749857576701,
            0.0067751973422415694,
            0.00420634187256755
        ],
        [
            -0.008769785289105915,
            0.0002015212218148723,
            -7.039033096599091e-05,
            -0.0023747953973701093,
            -0.0002367349546718861,
            -0.0015015700253174918,
            0.0003242883324891877,
            -0.005303756922451204,
            0.03779069604029223,
            -0.00046948540078059476,
            0.04468688981531004,
            -0.01733786156923692,
            -0.015118811929703864,
            -0.032843363919698866,
            0.022892893726351563,
            -0.10139867391163652,
            -0.05831199421904394,
            -0.011786121755626813,
            -0.05364318875402762,
            0.022891990100807197
        ],
        [
            -0.0011707080895355024,
            -0.02849380461678121,
            0.0010087020116809331,
            0.017536172860966964,
            -0.00037078226862478897,
            0.024525351853577827,
            0.03114547613158833,
            0.003677402859832869,
            -0.044989476979388994,
            -0.0016296546731466258,
            0.01463867181759273,
            0.17745490948385073,
            0.06122552371890925,
            0.1917931739945971,
            -0.10139867391163652,
            0.5551242449558188,
            0.35929924252086415,
            0.03108360865514428,
            0.15952522067732874,
            -0.06479017444672883
        ],
        [
            -0.03529280160972705,
            -0.03726891756116113,
            0.0012900829761685847,
            0.03129988534182803,
            -0.00028410485539466117,
            0.03494821511147751,
            0.02736558406011383,
            -0.0034827568244900644,
            0.027419938903013953,
            -0.0013621508926270408,
            0.08236768610754046,
            0.14060491161136146,
            0.03479977387330612,
            0.11681028135720274,
            -0.05831199421904394,
            0.35929924252086415,
            0.24609321622935226,
            0.011237502868978453,
            0.06692161004269742,
            -0.025853655986563303
        ],
        [
            -0.007542734945918505,
            -0.00527722192188395,
            0.0003689446808017844,
            0.019258700664259346,
            0.0008913764382811726,
            0.012207394554177253,
            -0.009453418170400024,
            0.008646993047690295,
            -0.03661134032340287,
            0.002003607691091335,
            -0.07194027966720898,
            -0.010515371194421622,
            0.01078991411151815,
            -0.003912749857576701,
            -0.011786121755626813,
            0.03108360865514428,
            0.011237502868978453,
            0.011674566717385211,
            0.048044030559527655,
            -0.02160592118838684
        ],
        [
            -0.02711312733100047,
            -0.023085004837911934,
            0.0011049358448230033,
            0.0648769637428362,
            0.0032334166747982965,
            0.033249849977351656,
            -0.03956600406162,
            0.033855318016446874,
            -0.15090817020716207,
            0.007218133748787879,
            -0.2859810341169764,
            -0.033630176500447174,
            0.04526180208228811,
            0.0067751973422415694,
            -0.05364318875402762,
            0.15952522067732874,
            0.06692161004269742,
            0.048044030559527655,
            0.20041082226426146,
            -0.08939639228565949
        ],
        [
            0.013423637372227558,
            0.009812569464046883,
            -0.0006864571292983841,
            -0.035146195231318934,
            -0.0016077948279966132,
            -0.02265507209191362,
            0.01649994632093133,
            -0.015703313178149252,
            0.06705291468862548,
            -0.003602886487397133,
            0.12993590962846574,
            0.016256918557237945,
            -0.020487440476819267,
            0.00420634187256755,
            0.022891990100807197,
            -0.06479017444672883,
            -0.025853655986563303,
            -0.02160592118838684,
            -0.08939639228565949,
            0.04009758569836707
        ]
    ]
}