{
    "opt_E": -2.20360655853364,
    "HF_E": -2.171941551703918,
    "B3LYP_E": -2.1744383738426127,
    "sto-3G_E": -2.159955949374838,
    "proj": [
        [
            0.5771840411995449,
            0.3566299574212166,
            0.02856170945878645,
            -0.16419831667677515,
            -0.04908765433925707,
            -0.004398043694924733,
            0.16348776510989824,
            0.054301654983226984,
            -0.2081398091353194,
            -0.08466372428702275,
            0.04071921148586383,
            0.02324157504407075,
            0.0015068460167690445,
            0.052020001570488306,
            -0.0023701059132470413,
            -0.0014249818312099443,
            -0.027976668187930192,
            0.004561610591418819,
            -0.026530375789309522,
            0.007953965486478733
        ],
        [
            0.3566299574212166,
            0.24016819464428807,
            0.007603433840217797,
            -0.0504007987119246,
            -0.013739850538003294,
            0.09804434309084141,
            0.13744373737687895,
            0.027206222199595738,
            -0.13158576687160645,
            -0.043033321306246,
            0.02348096128720895,
            0.023442459842348932,
            -0.001978795495950882,
            -0.029101692037077593,
            0.0004881592507290747,
            -0.02693349658156527,
            -0.03439192216958515,
            0.0022686091308150805,
            -0.015074482863332182,
            0.0035729078606746597
        ],
        [
            0.02856170945878645,
            0.007603433840217797,
            0.00742815841711135,
            -0.038011415465517916,
            -0.012241160210058794,
            -0.05747033133215554,
            -0.011501635302173845,
            0.006680797248003462,
            -0.0018470848827864407,
            -0.00951988551944114,
            0.012930791303267656,
            -0.006699759348817397,
            0.0032034406472272966,
            0.028942164786403282,
            0.0024657621134571163,
            -0.006976224831322123,
            -0.0035561522648658414,
            0.0016573842015750674,
            -0.013471448230813352,
            0.004388655429894053
        ],
        [
            -0.16419831667677515,
            -0.0504007987119246,
            -0.038011415465517916,
            0.19588505628405045,
            0.06278315101035147,
            0.28957819471381535,
            0.05471261371455752,
            -0.03477040917997873,
            0.026218158772480238,
            0.05055552887254971,
            -0.04896207228247986,
            0.036344522589278776,
            -0.015038144377438585,
            -0.15084628854888193,
            -0.0096246682649784,
            0.02545608211107418,
            0.015856485719806492,
            -0.007266388479141779,
            0.056777015903981584,
            -0.01890724871272742
        ],
        [
            -0.04908765433925707,
            -0.013739850538003294,
            -0.012241160210058794,
            0.06278315101035147,
            0.020195893517222657,
            0.09402050535636959,
            0.018178594690147442,
            -0.011132029900670843,
            0.004414690789487618,
            0.015929445818237763,
            -0.020703657328529704,
            0.010274942790064086,
            -0.005079646282184558,
            -0.04867422212888032,
            -0.003598832963555494,
            0.008599772499356508,
            0.00427034958932957,
            -0.002622669971726112,
            0.021019345703028523,
            -0.006896306307160105
        ],
        [
            -0.004398043694924733,
            0.09804434309084141,
            -0.05747033133215554,
            0.28957819471381535,
            0.09402050535636959,
            0.5686556362372888,
            0.2108841885828718,
            -0.034759372898130525,
            -0.022418911928539724,
            0.05079333822924839,
            0.006855745154695121,
            0.11047492658180154,
            -0.02536646247066195,
            -0.26916654102244125,
            -0.012592432814910013,
            0.040390563043826454,
            0.024220404509487165,
            -0.0070174953869138485,
            0.05228298031117296,
            -0.01969952908236045
        ],
        [
            0.16348776510989824,
            0.13744373737687895,
            -0.011501635302173845,
            0.05471261371455752,
            0.018178594690147442,
            0.2108841885828718,
            0.13975815724290613,
            0.006815607493654915,
            -0.024147793827457964,
            -0.007752511620256125,
            0.10387316308287643,
            0.08270477029925082,
            -0.006285868956225905,
            -0.0773833123839074,
            0.00032150196274674357,
            0.025970656888060297,
            0.02375914304603338,
            0.0034477363098331265,
            -0.03191060406905169,
            0.007880578560604767
        ],
        [
            0.054301654983226984,
            0.027206222199595738,
            0.006680797248003462,
            -0.03477040917997873,
            -0.011132029900670843,
            -0.034759372898130525,
            0.006815607493654915,
            0.008447679977152968,
            -0.004923544311700835,
            -0.011721365631541204,
            0.03020605205143366,
            0.005490248977719313,
            0.0025709496027085392,
            0.022953191319202242,
            0.002442436371372065,
            -0.000695569627433791,
            0.0017687187255192214,
            0.0023128983477248887,
            -0.019172748340920462,
            0.005924953076998457
        ],
        [
            -0.2081398091353194,
            -0.13158576687160645,
            -0.0018470848827864407,
            0.026218158772480238,
            0.004414690789487618,
            -0.022418911928539724,
            -0.024147793827457964,
            -0.004923544311700835,
            0.2223754921804865,
            0.02132588538668387,
            0.2703886519133506,
            0.07355232496152185,
            0.013599590729045322,
            -0.016034537845184132,
            0.030844622242781436,
            -0.05020330691285871,
            0.02804565168646906,
            0.015986173139418275,
            -0.15632177478722017,
            0.0458278078735272
        ],
        [
            -0.08466372428702275,
            -0.043033321306246,
            -0.00951988551944114,
            0.05055552887254971,
            0.015929445818237763,
            0.05079333822924839,
            -0.007752511620256125,
            -0.011721365631541204,
            0.02132588538668387,
            0.0172906704106344,
            -0.020432039739806344,
            -0.0004747956364522667,
            -0.002748035488238261,
            -0.03407214397156262,
            -0.0012755338133875855,
            -0.0014949465703885567,
            0.0002856894204741915,
            -0.0019997727355830497,
            0.014903282245238616,
            -0.004816431290191081
        ],
        [
            0.04071921148586383,
            0.02348096128720895,
            0.012930791303267656,
            -0.04896207228247986,
            -0.020703657328529704,
            0.006855745154695121,
            0.10387316308287643,
            0.03020605205143366,
            0.2703886519133506,
            -0.020432039739806344,
            0.5747536481279663,
            0.20342152284657722,
            0.021187425276834627,
            0.021234161057411285,
            0.04616912549887752,
            -0.003762364965790341,
            0.09536637801786463,
            0.03255284733215159,
            -0.30241212848383126,
            0.08887875689527219
        ],
        [
            0.02324157504407075,
            0.023442459842348932,
            -0.006699759348817397,
            0.036344522589278776,
            0.010274942790064086,
            0.11047492658180154,
            0.08270477029925082,
            0.005490248977719313,
            0.07355232496152185,
            -0.0004747956364522667,
            0.20342152284657722,
            0.13906143308561736,
            -0.005645094929331483,
            0.023117769707294445,
            -0.00787806842797155,
            0.168647863818222,
            0.13943922164594766,
            0.00597946059315341,
            -0.05026386668717929,
            0.014861271413224283
        ],
        [
            0.0015068460167690445,
            -0.001978795495950882,
            0.0032034406472272966,
            -0.015038144377438585,
            -0.005079646282184558,
            -0.02536646247066195,
            -0.006285868956225905,
            0.0025709496027085392,
            0.013599590729045322,
            -0.002748035488238261,
            0.021187425276834627,
            -0.005645094929331483,
            0.003411179411694469,
            0.0011331693030051132,
            0.00615391609363604,
            -0.030916472110651336,
            -0.015688343914105975,
            0.0022771421590965877,
            -0.021911319439948923,
            0.0064725565809664815
        ],
        [
            0.052020001570488306,
            -0.029101692037077593,
            0.028942164786403282,
            -0.15084628854888193,
            -0.04867422212888032,
            -0.26916654102244125,
            -0.0773833123839074,
            0.022953191319202242,
            -0.016034537845184132,
            -0.03407214397156262,
            0.021234161057411285,
            0.023117769707294445,
            0.0011331693030051132,
            0.22639313537768152,
            -0.02332074298970747,
            0.21161019812038653,
            0.13467881360473624,
            -0.0010408979911714009,
            0.027738273473120034,
            -0.004793403872913836
        ],
        [
            -0.0023701059132470413,
            0.0004881592507290747,
            0.0024657621134571163,
            -0.0096246682649784,
            -0.003598832963555494,
            -0.012592432814910013,
            0.00032150196274674357,
            0.002442436371372065,
            0.030844622242781436,
            -0.0012755338133875855,
            0.04616912549887752,
            -0.00787806842797155,
            0.00615391609363604,
            -0.02332074298970747,
            0.014154323568972218,
            -0.07692297527318483,
            -0.04004257691981129,
            0.004709706523926472,
            -0.047095740108858766,
            0.013515888004789051
        ],
        [
            -0.0014249818312099443,
            -0.02693349658156527,
            -0.006976224831322123,
            0.02545608211107418,
            0.008599772499356508,
            0.040390563043826454,
            0.025970656888060297,
            -0.000695569627433791,
            -0.05020330691285871,
            -0.0014949465703885567,
            -0.003762364965790341,
            0.168647863818222,
            -0.030916472110651336,
            0.21161019812038653,
            -0.07692297527318483,
            0.5710806735455074,
            0.35773047775294703,
            -0.01534666581768253,
            0.167779114383443,
            -0.04643213371063785
        ],
        [
            -0.027976668187930192,
            -0.03439192216958515,
            -0.0035561522648658414,
            0.015856485719806492,
            0.00427034958932957,
            0.024220404509487165,
            0.02375914304603338,
            0.0017687187255192214,
            0.02804565168646906,
            0.0002856894204741915,
            0.09536637801786463,
            0.13943922164594766,
            -0.015688343914105975,
            0.13467881360473624,
            -0.04004257691981129,
            0.35773047775294703,
            0.2427274010548546,
            -0.004198387383333804,
            0.053947756248133,
            -0.014038118823655198
        ],
        [
            0.004561610591418819,
            0.0022686091308150805,
            0.0016573842015750674,
            -0.007266388479141779,
            -0.002622669971726112,
            -0.0070174953869138485,
            0.0034477363098331265,
            0.0023128983477248887,
            0.015986173139418275,
            -0.0019997727355830497,
            0.03255284733215159,
            0.00597946059315341,
            0.0022771421590965877,
            -0.0010408979911714009,
            0.004709706523926472,
            -0.01534666581768253,
            -0.004198387383333804,
            0.0023239109451872937,
            -0.02203280850090751,
            0.00645043227082898
        ],
        [
            -0.026530375789309522,
            -0.015074482863332182,
            -0.013471448230813352,
            0.056777015903981584,
            0.021019345703028523,
            0.05228298031117296,
            -0.03191060406905169,
            -0.019172748340920462,
            -0.15632177478722017,
            0.014903282245238616,
            -0.30241212848383126,
            -0.05026386668717929,
            -0.021911319439948923,
            0.027738273473120034,
            -0.047095740108858766,
            0.167779114383443,
            0.053947756248133,
            -0.02203280850090751,
            0.21073428383966294,
            -0.061454142917709134
        ],
        [
            0.007953965486478733,
            0.0035729078606746597,
            0.004388655429894053,
            -0.01890724871272742,
            -0.006896306307160105,
            -0.01969952908236045,
            0.007880578560604767,
            0.005924953076998457,
            0.0458278078735272,
            -0.004816431290191081,
            0.08887875689527219,
            0.014861271413224283,
            0.0064725565809664815,
            -0.004793403872913836,
            0.013515888004789051,
            -0.04643213371063785,
            -0.014038118823655198,
            0.00645043227082898,
            -0.061454142917709134,
            0.017971030932170225
        ]
    ]
}