{
    "opt_E": -2.1550307384496454,
    "HF_E": -2.124097678739263,
    "B3LYP_E": -2.1259045873621982,
    "sto-3G_E": -2.100739012373431,
    "proj": [
        [
            0.5510330334791821,
            0.3683652468638889,
            -0.02842295786027177,
            -0.17897228096071746,
            -0.031378538725349146,
            0.01865692933292202,
            0.1717581479064394,
            -0.020797338823799038,
            -0.19225798269732539,
            -0.05165154263077348,
            0.04272064068188996,
            0.029519135869767205,
            0.007927162087293882,
            0.0557601347303193,
            0.007145290498020381,
            0.001296064391430741,
            -0.03341784852924993,
            0.0037981337306102047,
            -0.028726287613985404,
            -0.009436966611859278
        ],
        [
            0.3683652468638889,
            0.2581630184667609,
            -0.01348024542336907,
            -0.08230541294144593,
            -0.013700672419918299,
            0.0761664712954966,
            0.13535587821322748,
            -0.013843829461597002,
            -0.12542504198815535,
            -0.03194633552137634,
            0.042097251737306864,
            0.022733242398463003,
            -0.0018678058587193098,
            -0.01852914405666506,
            -0.0011465333969381767,
            -0.038848179654513246,
            -0.045092456541840985,
            0.0026268875431926,
            -0.036293879122430435,
            -0.010408571136804294
        ],
        [
            -0.02842295786027177,
            -0.01348024542336907,
            0.005669453311285354,
            0.037679527022498306,
            0.007224940055899888,
            0.04413802446424612,
            0.0042367763024411835,
            -0.0022022989542248134,
            -0.001233435102177086,
            0.0044073234768164425,
            -0.006639818127962274,
            0.0060388394588479785,
            -0.008939621339126567,
            -0.029782624503875997,
            0.0012510321995410527,
            0.00240097693818645,
            0.0034632269581216144,
            -0.0013806052262573124,
            0.010217103804366615,
            0.0032826471244773985
        ],
        [
            -0.17897228096071746,
            -0.08230541294144593,
            0.037679527022498306,
            0.2508822763704714,
            0.048189967636763184,
            0.30145841809492313,
            0.03514304456929528,
            -0.014112539612047335,
            -0.007904166020288837,
            0.02846837857570328,
            -0.03451540127069925,
            0.046082080230463285,
            -0.05996427325582365,
            -0.19819920184629058,
            0.008856283872866294,
            0.02198644512835929,
            0.02732620434316574,
            -0.008876153394559574,
            0.06476706086681525,
            0.020812402469273104
        ],
        [
            -0.031378538725349146,
            -0.013700672419918299,
            0.007224940055899888,
            0.048189967636763184,
            0.009279671992071631,
            0.059577997892011854,
            0.008195397388766219,
            -0.0029394690728844555,
            -0.002970123432184956,
            0.00523522594993947,
            -0.00637019702660563,
            0.009634945645370268,
            -0.011814637547899158,
            -0.03820947164494312,
            0.0019468739644378933,
            0.005375026914704545,
            0.005819764495782051,
            -0.0017323853286423678,
            0.012875303680085956,
            0.004111846621096127
        ],
        [
            0.01865692933292202,
            0.0761664712954966,
            0.04413802446424612,
            0.30145841809492313,
            0.059577997892011854,
            0.5129533222871204,
            0.1737251707353485,
            -0.017848046935910942,
            -0.05464677245824854,
            0.016155363284955142,
            0.07165334520640475,
            0.12214444947647725,
            -0.08355990190476482,
            -0.28648387727817226,
            0.011726069888081931,
            0.04273012444534927,
            0.04135865496502811,
            -0.006990601812088169,
            0.025290671477616777,
            0.009515158530226426
        ],
        [
            0.1717581479064394,
            0.13535587821322748,
            0.0042367763024411835,
            0.03514304456929528,
            0.008195397388766219,
            0.1737251707353485,
            0.12098440978058136,
            0.00028872123903460594,
            -0.02732464251821277,
            -0.011540795231052973,
            0.11285640256020196,
            0.07455871852951382,
            -0.017371262475698496,
            -0.06113523569304244,
            0.0033291898174478566,
            0.03481464898998719,
            0.024991738255873218,
            0.0026972158705167513,
            -0.04239504156459847,
            -0.01254678381387719
        ],
        [
            -0.020797338823799038,
            -0.013843829461597002,
            -0.0022022989542248134,
            -0.014112539612047335,
            -0.0029394690728844555,
            -0.017848046935910942,
            0.00028872123903460594,
            0.015329577575362362,
            0.06375596459459107,
            0.0002479961088908496,
            0.07679488192356387,
            0.013217430602494314,
            0.012321861216586707,
            0.011114057663226005,
            -0.008025123394068885,
            -0.009337322677574459,
            0.003845420453043049,
            0.00461825308568648,
            -0.05541455103207211,
            -0.016378174037512256
        ],
        [
            -0.19225798269732539,
            -0.12542504198815535,
            -0.001233435102177086,
            -0.007904166020288837,
            -0.002970123432184956,
            -0.05464677245824854,
            -0.02732464251821277,
            0.06375596459459107,
            0.2873116768544048,
            0.012077705093011355,
            0.2947455698242848,
            0.048594323233108326,
            0.043899727917419314,
            0.018976123722257168,
            -0.033342621622517506,
            -0.04107486539429911,
            0.019654202134293003,
            0.017149604360141638,
            -0.21248647383517125,
            -0.062444165302397166
        ],
        [
            -0.05165154263077348,
            -0.03194633552137634,
            0.0044073234768164425,
            0.02846837857570328,
            0.00523522594993947,
            0.016155363284955142,
            -0.011540795231052973,
            0.0002479961088908496,
            0.012077705093011355,
            0.005631142828040876,
            -0.009062436690738992,
            -0.002153021718669475,
            -0.004198084230962585,
            -0.018563303721618768,
            -0.0005860115294441035,
            -0.004365189913248477,
            0.00014103186681117407,
            -0.0009234468208905299,
            0.006310346539909296,
            0.002123481117169391
        ],
        [
            0.04272064068188996,
            0.042097251737306864,
            -0.006639818127962274,
            -0.03451540127069925,
            -0.00637019702660563,
            0.07165334520640475,
            0.11285640256020196,
            0.07679488192356387,
            0.2947455698242848,
            -0.009062436690738992,
            0.49663050183797336,
            0.15732414229885028,
            0.042173789359135856,
            0.029577120200810457,
            -0.02714790430794467,
            0.054751271461178946,
            0.08807157190162741,
            0.024897987690571503,
            -0.29509147884407105,
            -0.08829275152995664
        ],
        [
            0.029519135869767205,
            0.022733242398463003,
            0.0060388394588479785,
            0.046082080230463285,
            0.009634945645370268,
            0.12214444947647725,
            0.07455871852951382,
            0.013217430602494314,
            0.048594323233108326,
            -0.002153021718669475,
            0.15732414229885028,
            0.11562999195865466,
            -0.013507251840711386,
            0.0235072485026106,
            0.01877149850271438,
            0.1791662134114992,
            0.1309250462156576,
            0.0033927329911077548,
            -0.020871559290222805,
            -0.008504246396612607
        ],
        [
            0.007927162087293882,
            -0.0018678058587193098,
            -0.008939621339126567,
            -0.05996427325582365,
            -0.011814637547899158,
            -0.08355990190476482,
            -0.017371262475698496,
            0.012321861216586707,
            0.043899727917419314,
            -0.004198084230962585,
            0.042173789359135856,
            -0.013507251840711386,
            0.021533747600783186,
            0.04084881746187051,
            -0.009868291399806356,
            -0.03307873089423391,
            -0.018096631532128264,
            0.004521595288201439,
            -0.049259535882565375,
            -0.014564452399656322
        ],
        [
            0.0557601347303193,
            -0.01852914405666506,
            -0.029782624503875997,
            -0.19819920184629058,
            -0.03820947164494312,
            -0.28648387727817226,
            -0.06113523569304244,
            0.011114057663226005,
            0.018976123722257168,
            -0.018563303721618768,
            0.029577120200810457,
            0.0235072485026106,
            0.04084881746187051,
            0.2841861286413477,
            0.027203369435146074,
            0.22026615801259666,
            0.13486207968607633,
            0.004064648103507981,
            0.03350873932390087,
            0.004780631974852077
        ],
        [
            0.007145290498020381,
            -0.0011465333969381767,
            0.0012510321995410527,
            0.008856283872866294,
            0.0019468739644378933,
            0.011726069888081931,
            0.0033291898174478566,
            -0.008025123394068885,
            -0.033342621622517506,
            -0.0005860115294441035,
            -0.02714790430794467,
            0.01877149850271438,
            -0.009868291399806356,
            0.027203369435146074,
            0.014757614015542486,
            0.07946827795115136,
            0.047071766412086005,
            -0.0029445852573048424,
            0.0493153953954694,
            0.013423329187177481
        ],
        [
            0.001296064391430741,
            -0.038848179654513246,
            0.00240097693818645,
            0.02198644512835929,
            0.005375026914704545,
            0.04273012444534927,
            0.03481464898998719,
            -0.009337322677574459,
            -0.04107486539429911,
            -0.004365189913248477,
            0.054751271461178946,
            0.1791662134114992,
            -0.03307873089423391,
            0.22026615801259666,
            0.07946827795115136,
            0.5334924316971366,
            0.3451949740495225,
            -0.006293511463661248,
            0.17303789146681112,
            0.043033875004455484
        ],
        [
            -0.03341784852924993,
            -0.045092456541840985,
            0.0034632269581216144,
            0.02732620434316574,
            0.005819764495782051,
            0.04135865496502811,
            0.024991738255873218,
            0.003845420453043049,
            0.019654202134293003,
            0.00014103186681117407,
            0.08807157190162741,
            0.1309250462156576,
            -0.018096631532128264,
            0.13486207968607633,
            0.047071766412086005,
            0.3451949740495225,
            0.2318652120684293,
            -0.0015951335530608613,
            0.0793677055948728,
            0.018289656365709187
        ],
        [
            0.0037981337306102047,
            0.0026268875431926,
            -0.0013806052262573124,
            -0.008876153394559574,
            -0.0017323853286423678,
            -0.006990601812088169,
            0.0026972158705167513,
            0.00461825308568648,
            0.017149604360141638,
            -0.0009234468208905299,
            0.024897987690571503,
            0.0033927329911077548,
            0.004521595288201439,
            0.004064648103507981,
            -0.0029445852573048424,
            -0.006293511463661248,
            -0.0015951335530608613,
            0.0016086954287309247,
            -0.01941179011170306,
            -0.005711994124436278
        ],
        [
            -0.028726287613985404,
            -0.036293879122430435,
            0.010217103804366615,
            0.06476706086681525,
            0.012875303680085956,
            0.025290671477616777,
            -0.04239504156459847,
            -0.05541455103207211,
            -0.21248647383517125,
            0.006310346539909296,
            -0.29509147884407105,
            -0.020871559290222805,
            -0.049259535882565375,
            0.03350873932390087,
            0.0493153953954694,
            0.17303789146681112,
            0.0793677055948728,
            -0.01941179011170306,
            0.2613708162300295,
            0.0750770916762247
        ],
        [
            -0.009436966611859278,
            -0.010408571136804294,
            0.0032826471244773985,
            0.020812402469273104,
            0.004111846621096127,
            0.009515158530226426,
            -0.01254678381387719,
            -0.016378174037512256,
            -0.062444165302397166,
            0.002123481117169391,
            -0.08829275152995664,
            -0.008504246396612607,
            -0.014564452399656322,
            0.004780631974852077,
            0.013423329187177481,
            0.043033875004455484,
            0.018289656365709187,
            -0.005711994124436278,
            0.0750770916762247,
            0.021687277576092415
        ]
    ]
}