{
    "opt_E": -2.21130169157808,
    "HF_E": -2.1810930912806374,
    "B3LYP_E": -2.1829987123225947,
    "sto-3G_E": -2.174437806202031,
    "proj": [
        [
            0.5767930915003632,
            0.35836897799566486,
            0.034502280827128785,
            -0.1735127141382329,
            -0.018070282607586752,
            -0.021925800129900464,
            0.16768273983204346,
            0.05052193287554109,
            -0.21839165165389554,
            -0.01812331538784764,
            0.03752436255747448,
            0.020050731652551675,
            -0.004267498945508439,
            0.03730660593951212,
            0.007383990689755899,
            0.002787164585941323,
            -0.020857104126165177,
            -0.008068982209465014,
            -0.032321867644416115,
            0.007042052476463883
        ],
        [
            0.35836897799566486,
            0.2461299053449306,
            0.009709011787310613,
            -0.04945034699077005,
            -0.005374400870095505,
            0.09989142132791144,
            0.1462462648797824,
            0.02669221846811445,
            -0.13493708299853707,
            -0.012895243326345186,
            0.018956772628922803,
            0.023225755107020334,
            0.00010613078005229496,
            -0.03491864924425509,
            -0.004910958175711985,
            -0.027029628790873023,
            -0.027907511577482138,
            -0.0038312218481325495,
            -0.02062016835558393,
            0.002930032397136144
        ],
        [
            0.034502280827128785,
            0.009709011787310613,
            0.008819046439721374,
            -0.04392212002643663,
            -0.004358296828970556,
            -0.06439434331798007,
            -0.011986382226237692,
            0.005143037313617754,
            -0.0071360217204731015,
            0.0011169323809334805,
            0.014670861531060982,
            -0.007215953285640858,
            -0.005246432894410545,
            0.022195784246547466,
            0.008202594815240124,
            -0.002547449566312312,
            -0.0021784911271643193,
            -0.004067254240688048,
            -0.015751366048664606,
            0.002979458214244481
        ],
        [
            -0.1735127141382329,
            -0.04945034699077005,
            -0.04392212002643663,
            0.21886367029663287,
            0.021721695951762925,
            0.32114729958041166,
            0.06059415472398796,
            -0.02593731591014942,
            0.03935072811880737,
            -0.004843836893914687,
            -0.06563449084305582,
            0.03903109187803797,
            0.025775061248035802,
            -0.11054978970360667,
            -0.04049966166395316,
            0.015486252919696188,
            0.013636192158762155,
            0.019447155901263558,
            0.07477537136675204,
            -0.014317520691887986
        ],
        [
            -0.018070282607586752,
            -0.005374400870095505,
            -0.004358296828970556,
            0.021721695951762925,
            0.0021650265875316024,
            0.031563306432306204,
            0.005712642408946373,
            -0.0026739535861343435,
            0.004686026438725791,
            -0.0003563693144915359,
            -0.005947046194065311,
            0.0034351004396661338,
            0.0022422449619957695,
            -0.012045170625665621,
            -0.003782770089674546,
            -0.00030484441961422387,
            0.0004163845294975332,
            0.0016966987037832304,
            0.006292537692123456,
            -0.0012841774948724165
        ],
        [
            -0.021925800129900464,
            0.09989142132791144,
            -0.06439434331798007,
            0.32114729958041166,
            0.031563306432306204,
            0.6079282908488131,
            0.22153548352586563,
            -0.02489874300859129,
            -0.0033349283310107974,
            -0.010962418272713928,
            -0.021034950724289462,
            0.11097744449523797,
            0.038493618057107,
            -0.20996475147466404,
            -0.06649893818855628,
            0.028405773267570773,
            0.02584377278038463,
            0.020825074780830514,
            0.06980360002431675,
            -0.016007178891562977
        ],
        [
            0.16768273983204346,
            0.1462462648797824,
            -0.011986382226237692,
            0.06059415472398796,
            0.005712642408946373,
            0.22153548352586563,
            0.14870675430320782,
            0.004000018686366751,
            -0.02930522244809386,
            -0.0015154055876832988,
            0.09200384074352157,
            0.0799459596724911,
            0.00680550045008551,
            -0.0723513566863146,
            -0.01668966400328316,
            0.030682614396162614,
            0.027348084442514457,
            -0.005634079891083747,
            -0.033726849959647774,
            0.003215029493583347
        ],
        [
            0.05052193287554109,
            0.02669221846811445,
            0.005143037313617754,
            -0.02593731591014942,
            -0.0026739535861343435,
            -0.02489874300859129,
            0.004000018686366751,
            0.005693705107158307,
            -0.02515844924045338,
            -0.0024944036306279627,
            -0.009215687211591491,
            -0.005158410112322082,
            8.778950764185708e-05,
            0.016027678945636517,
            0.0016189046940610899,
            0.003621491152048757,
            -0.002172368446438994,
            0.0007538280176919445,
            0.00503936729380396,
            -0.00018224603933800218
        ],
        [
            -0.21839165165389554,
            -0.13493708299853707,
            -0.0071360217204731015,
            0.03935072811880737,
            0.004686026438725791,
            -0.0033349283310107974,
            -0.02930522244809386,
            -0.02515844924045338,
            0.19486026083233804,
            0.03053888726831238,
            0.22834710557274504,
            0.05878832730256977,
            -0.025317069007407513,
            -0.061464490340427023,
            0.020763957322481662,
            -0.016330729567843014,
            0.03464153312166065,
            -0.03285602000894412,
            -0.15340098237593733,
            0.020084912586516786
        ],
        [
            -0.01812331538784764,
            -0.012895243326345186,
            0.0011169323809334805,
            -0.004843836893914687,
            -0.0003563693144915359,
            -0.010962418272713928,
            -0.0015154055876832988,
            -0.0024944036306279627,
            0.03053888726831238,
            0.005708937107216641,
            0.050161434193298715,
            0.011965308648901345,
            -0.005970152114060582,
            -0.007352505365586013,
            0.005634685938400508,
            -0.0026340281906327367,
            0.006534044306099979,
            -0.007525806645987958,
            -0.03443518828918068,
            0.004754746121786758
        ],
        [
            0.03752436255747448,
            0.018956772628922803,
            0.014670861531060982,
            -0.06563449084305582,
            -0.005947046194065311,
            -0.021034950724289462,
            0.09200384074352157,
            -0.009215687211591491,
            0.22834710557274504,
            0.050161434193298715,
            0.5497450290338067,
            0.18453100674788891,
            -0.04612800702699036,
            -0.044367672572402775,
            0.043392381708053436,
            0.07657316037212303,
            0.12262594384040883,
            -0.07243639702693878,
            -0.3304547494636061,
            0.04658340473679378
        ],
        [
            0.020050731652551675,
            0.023225755107020334,
            -0.007215953285640858,
            0.03903109187803797,
            0.0034351004396661338,
            0.11097744449523797,
            0.0799459596724911,
            -0.005158410112322082,
            0.05878832730256977,
            0.011965308648901345,
            0.18453100674788891,
            0.12867736034958324,
            0.011331919799965904,
            0.029065855697594564,
            -0.010921299553286464,
            0.18151087890396242,
            0.13232101331610505,
            -0.008765623414558648,
            -0.03929879886368037,
            0.006087178714662423
        ],
        [
            -0.004267498945508439,
            0.00010613078005229496,
            -0.005246432894410545,
            0.025775061248035802,
            0.0022422449619957695,
            0.038493618057107,
            0.00680550045008551,
            8.778950764185708e-05,
            -0.025317069007407513,
            -0.005970152114060582,
            -0.04612800702699036,
            0.011331919799965904,
            0.014976926513036766,
            0.029063872819977587,
            -0.013400282683989772,
            0.06309766109151697,
            0.030294576053541362,
            0.012629308708686776,
            0.0585826914559724,
            -0.00786269224508783
        ],
        [
            0.03730660593951212,
            -0.03491864924425509,
            0.022195784246547466,
            -0.11054978970360667,
            -0.012045170625665621,
            -0.20996475147466404,
            -0.0723513566863146,
            0.016027678945636517,
            -0.061464490340427023,
            -0.007352505365586013,
            -0.044367672572402775,
            0.029065855697594564,
            0.029063872819977587,
            0.24301474910799337,
            -0.005826095950531302,
            0.27312368438326456,
            0.14413819050260904,
            0.02284359623223015,
            0.12390433050319387,
            -0.011887030137583274
        ],
        [
            0.007383990689755899,
            -0.004910958175711985,
            0.008202594815240124,
            -0.04049966166395316,
            -0.003782770089674546,
            -0.06649893818855628,
            -0.01668966400328316,
            0.0016189046940610899,
            0.020763957322481662,
            0.005634685938400508,
            0.043392381708053436,
            -0.010921299553286464,
            -0.013400282683989772,
            -0.005826095950531302,
            0.014193518951834832,
            -0.041740670475328215,
            -0.01914660894540473,
            -0.011242518873784666,
            -0.05021989224596751,
            0.007242164893267464
        ],
        [
            0.002787164585941323,
            -0.027029628790873023,
            -0.002547449566312312,
            0.015486252919696188,
            -0.00030484441961422387,
            0.028405773267570773,
            0.030682614396162614,
            0.003621491152048757,
            -0.016330729567843014,
            -0.0026340281906327367,
            0.07657316037212303,
            0.18151087890396242,
            0.06309766109151697,
            0.27312368438326456,
            -0.041740670475328215,
            0.5270576137194917,
            0.3136275830194071,
            0.03240672856588746,
            0.16549546309913005,
            -0.01780602506623064
        ],
        [
            -0.020857104126165177,
            -0.027907511577482138,
            -0.0021784911271643193,
            0.013636192158762155,
            0.0004163845294975332,
            0.02584377278038463,
            0.027348084442514457,
            -0.002172368446438994,
            0.03464153312166065,
            0.006534044306099979,
            0.12262594384040883,
            0.13232101331610505,
            0.030294576053541362,
            0.14413819050260904,
            -0.01914660894540473,
            0.3136275830194071,
            0.1992197189379593,
            0.008682114486598494,
            0.04902641898411813,
            -0.003983495911263444
        ],
        [
            -0.008068982209465014,
            -0.0038312218481325495,
            -0.004067254240688048,
            0.019447155901263558,
            0.0016966987037832304,
            0.020825074780830514,
            -0.005634079891083747,
            0.0007538280176919445,
            -0.03285602000894412,
            -0.007525806645987958,
            -0.07243639702693878,
            -0.008765623414558648,
            0.012629308708686776,
            0.02284359623223015,
            -0.011242518873784666,
            0.03240672856588746,
            0.008682114486598494,
            0.013447439062868221,
            0.062113000613062415,
            -0.008477233398297267
        ],
        [
            -0.032321867644416115,
            -0.02062016835558393,
            -0.015751366048664606,
            0.07477537136675204,
            0.006292537692123456,
            0.06980360002431675,
            -0.033726849959647774,
            0.00503936729380396,
            -0.15340098237593733,
            -0.03443518828918068,
            -0.3304547494636061,
            -0.03929879886368037,
            0.0585826914559724,
            0.12390433050319387,
            -0.05021989224596751,
            0.16549546309913005,
            0.04902641898411813,
            0.062113000613062415,
            0.28862083823568985,
            -0.03892895584316996
        ],
        [
            0.007042052476463883,
            0.002930032397136144,
            0.002979458214244481,
            -0.014317520691887986,
            -0.0012841774948724165,
            -0.016007178891562977,
            0.003215029493583347,
            -0.00018224603933800218,
            0.020084912586516786,
            0.004754746121786758,
            0.04658340473679378,
            0.006087178714662423,
            -0.00786269224508783,
            -0.011887030137583274,
            0.007242164893267464,
            -0.01780602506623064,
            -0.003983495911263444,
            -0.008477233398297267,
            -0.03892895584316996,
            0.005378117719823052
        ]
    ]
}