{
    "opt_E": -2.148359569191551,
    "HF_E": -2.117637971698035,
    "B3LYP_E": -2.119885722154371,
    "sto-3G_E": -2.0950998082910326,
    "proj": [
        [
            0.5330410309730363,
            0.35486175707468604,
            -0.01556053230340168,
            -0.1701019749586275,
            0.04113022558550932,
            0.05126376949677066,
            0.17934758510058726,
            -0.01493939250482117,
            -0.2101778359820225,
            0.07748468291860991,
            0.04130599409503094,
            0.033939115303193185,
            0.00019960018058503407,
            0.04581760685501514,
            0.007063721243440973,
            0.0033054186279582957,
            -0.03667667843366055,
            0.001977576232293248,
            -0.022819240197042148,
            -0.00544340492851347
        ],
        [
            0.35486175707468604,
            0.2437010199140982,
            -0.008270982627130658,
            -0.08843555722744832,
            0.020359994298922386,
            0.0767074738831295,
            0.1331296505493627,
            -0.008710118005112262,
            -0.12793019126891922,
            0.047497710778341744,
            0.047372573982082916,
            0.024042092058284784,
            -0.0008299233975194178,
            -0.010583196812135598,
            -0.0018871668238248623,
            -0.03705446969499949,
            -0.04700628103592488,
            0.0021380129606253955,
            -0.03444275901793264,
            -0.007916490981959937
        ],
        [
            -0.01556053230340168,
            -0.008270982627130658,
            0.001865110347785567,
            0.021922644795566177,
            -0.006195231165483283,
            0.02413818671821248,
            0.0011234465203164529,
            -0.00016528740684162098,
            0.0011477510357622938,
            -0.005165216275853927,
            -0.002846968234037518,
            0.002611155883315013,
            -0.002539089423626932,
            -0.01883342006310187,
            -0.00042814700478259433,
            0.0018897826678589559,
            0.0024993503551507634,
            -0.00046928519867373236,
            0.0055716850891848625,
            0.001684503734254656
        ],
        [
            -0.1701019749586275,
            -0.08843555722744832,
            0.021922644795566177,
            0.2583907296082195,
            -0.07314215910513801,
            0.2937500025754031,
            0.02149274241331033,
            -0.001909792638773049,
            0.011649848626033384,
            -0.05920182762513439,
            -0.02396673116559411,
            0.03822356500544502,
            -0.030464196918167184,
            -0.22091952808577783,
            -0.004406336312898368,
            0.032093036083800194,
            0.036183505609238574,
            -0.00537681782458367,
            0.06409644478446146,
            0.019467634189606675
        ],
        [
            0.04113022558550932,
            0.020359994298922386,
            -0.006195231165483283,
            -0.07314215910513801,
            0.020890872597818577,
            -0.08610037157168374,
            -0.007972505063720277,
            0.0012458055087802649,
            0.0038323977848100333,
            0.016330347887934204,
            0.012232845357427198,
            -0.00975163027630708,
            0.009249543563484628,
            0.06456684137389071,
            0.0008124313913217251,
            -0.009521129881744772,
            -0.009252415140385977,
            0.0017690162505840708,
            -0.021879308669170025,
            -0.006510601244323982
        ],
        [
            0.05126376949677066,
            0.0767074738831295,
            0.02413818671821248,
            0.2937500025754031,
            -0.08610037157168374,
            0.49448678031801035,
            0.15841437462325564,
            -0.004472610706732546,
            -0.042945814647192354,
            -0.04155193699934384,
            0.08265831679435015,
            0.10938095319362869,
            -0.04116308151615161,
            -0.30543144877707257,
            -0.009198693731766634,
            0.04423109459955664,
            0.04229294040653353,
            -0.0033606892610294438,
            0.02697738716143529,
            0.011766365163573468
        ],
        [
            0.17934758510058726,
            0.1331296505493627,
            0.0011234465203164529,
            0.02149274241331033,
            -0.007972505063720277,
            0.15841437462325564,
            0.11674445023788003,
            0.000649364668024044,
            -0.02125620069967052,
            0.017123602867222483,
            0.12316876021428812,
            0.073778344130568,
            -0.006490257210711071,
            -0.05148912155555163,
            -0.003920028155231362,
            0.027037415007026378,
            0.02108090829314548,
            0.002910887782887414,
            -0.04726507676071799,
            -0.01088523689117885
        ],
        [
            -0.01493939250482117,
            -0.008710118005112262,
            -0.00016528740684162098,
            -0.001909792638773049,
            0.0012458055087802649,
            -0.004472610706732546,
            0.000649364668024044,
            0.0033921079946393966,
            0.031576911916389845,
            0.00022086989749384205,
            0.03572874977070706,
            0.009004000128277082,
            0.0029935882619653415,
            0.0060060115915232795,
            -0.002909893505980638,
            -0.0057496744026243355,
            0.0021668952389799806,
            0.001535234404222699,
            -0.023851244274938,
            -0.006215904643089805
        ],
        [
            -0.2101778359820225,
            -0.12793019126891922,
            0.0011477510357622938,
            0.011649848626033384,
            0.0038323977848100333,
            -0.042945814647192354,
            -0.02125620069967052,
            0.031576911916389845,
            0.30513061014904763,
            -0.010514766437989187,
            0.3012079199564766,
            0.0690381486730612,
            0.025967717373237414,
            0.037087043353623096,
            -0.027752730700262494,
            -0.06342281197729387,
            0.015487160444918798,
            0.013059644162243153,
            -0.20570889041598853,
            -0.053554091099417535
        ],
        [
            0.07748468291860991,
            0.047497710778341744,
            -0.005165216275853927,
            -0.05920182762513439,
            0.016330347887934204,
            -0.04155193699934384,
            0.017123602867222483,
            0.00022086989749384205,
            -0.010514766437989187,
            0.017906172820966754,
            0.026301928485338303,
            0.005702293018900999,
            0.005728765948035363,
            0.04644854139921871,
            0.001331683041539295,
            0.004190110641502635,
            -0.0008518660091287921,
            0.0016531172053149067,
            -0.020631602233595368,
            -0.005829364369944209
        ],
        [
            0.04130599409503094,
            0.047372573982082916,
            -0.002846968234037518,
            -0.02396673116559411,
            0.012232845357427198,
            0.08265831679435015,
            0.12316876021428812,
            0.03572874977070706,
            0.3012079199564766,
            0.026301928485338303,
            0.5003982608341135,
            0.1800571667520794,
            0.02567184403371735,
            0.055105842002053707,
            -0.027545900659957163,
            0.01920991090677417,
            0.07666330345900677,
            0.018762438260024418,
            -0.28584736637437236,
            -0.07374124080566642
        ],
        [
            0.033939115303193185,
            0.024042092058284784,
            0.002611155883315013,
            0.03822356500544502,
            -0.00975163027630708,
            0.10938095319362869,
            0.073778344130568,
            0.009004000128277082,
            0.0690381486730612,
            0.005702293018900999,
            0.1800571667520794,
            0.12120121257010642,
            -0.004451982286821482,
            0.029198975224959067,
            0.007359651362827923,
            0.1678063841894688,
            0.13275983574135483,
            0.003521248279340617,
            -0.04089103999544192,
            -0.010750230868776786
        ],
        [
            0.00019960018058503407,
            -0.0008299233975194178,
            -0.002539089423626932,
            -0.030464196918167184,
            0.009249543563484628,
            -0.04116308151615161,
            -0.006490257210711071,
            0.0029935882619653415,
            0.025967717373237414,
            0.005728765948035363,
            0.02567184403371735,
            -0.004451982286821482,
            0.006514855118112239,
            0.024159974760366555,
            -0.003512574093046637,
            -0.025218195390940255,
            -0.013728114387145822,
            0.0018930706439585047,
            -0.028909331216478443,
            -0.007767336596640239
        ],
        [
            0.04581760685501514,
            -0.010583196812135598,
            -0.01883342006310187,
            -0.22091952808577783,
            0.06456684137389071,
            -0.30543144877707257,
            -0.05148912155555163,
            0.0060060115915232795,
            0.037087043353623096,
            0.04644854139921871,
            0.055105842002053707,
            0.029198975224959067,
            0.024159974760366555,
            0.304745035222109,
            0.026165067620865644,
            0.1898887036480686,
            0.12415619897874267,
            0.003385714511742205,
            -0.011377243195819583,
            -0.007470348575425228
        ],
        [
            0.007063721243440973,
            -0.0018871668238248623,
            -0.00042814700478259433,
            -0.004406336312898368,
            0.0008124313913217251,
            -0.009198693731766634,
            -0.003920028155231362,
            -0.002909893505980638,
            -0.027752730700262494,
            0.001331683041539295,
            -0.027545900659957163,
            0.007359651362827923,
            -0.003512574093046637,
            0.026165067620865644,
            0.00913755828466346,
            0.06245745521809301,
            0.03666552954500914,
            -0.001856980413227383,
            0.03557113554490242,
            0.008716089322499216
        ],
        [
            0.0033054186279582957,
            -0.03705446969499949,
            0.0018897826678589559,
            0.032093036083800194,
            -0.009521129881744772,
            0.04423109459955664,
            0.027037415007026378,
            -0.0057496744026243355,
            -0.06342281197729387,
            0.004190110641502635,
            0.01920991090677417,
            0.1678063841894688,
            -0.025218195390940255,
            0.1898887036480686,
            0.06245745521809301,
            0.5573006135469399,
            0.36906637690206195,
            -0.007667663505963697,
            0.17410861837308736,
            0.041746914614001866
        ],
        [
            -0.03667667843366055,
            -0.04700628103592488,
            0.0024993503551507634,
            0.036183505609238574,
            -0.009252415140385977,
            0.04229294040653353,
            0.02108090829314548,
            0.0021668952389799806,
            0.015487160444918798,
            -0.0008518660091287921,
            0.07666330345900677,
            0.13275983574135483,
            -0.013728114387145822,
            0.12415619897874267,
            0.03666552954500914,
            0.36906637690206195,
            0.25635382068130114,
            -0.0027595201894005093,
            0.07874812401583622,
            0.01825942990385729
        ],
        [
            0.001977576232293248,
            0.0021380129606253955,
            -0.00046928519867373236,
            -0.00537681782458367,
            0.0017690162505840708,
            -0.0033606892610294438,
            0.002910887782887414,
            0.001535234404222699,
            0.013059644162243153,
            0.0016531172053149067,
            0.018762438260024418,
            0.003521248279340617,
            0.0018930706439585047,
            0.003385714511742205,
            -0.001856980413227383,
            -0.007667663505963697,
            -0.0027595201894005093,
            0.0009032103446329055,
            -0.014257596765892461,
            -0.0036919871990194783
        ],
        [
            -0.022819240197042148,
            -0.03444275901793264,
            0.0055716850891848625,
            0.06409644478446146,
            -0.021879308669170025,
            0.02697738716143529,
            -0.04726507676071799,
            -0.023851244274938,
            -0.20570889041598853,
            -0.020631602233595368,
            -0.28584736637437236,
            -0.04089103999544192,
            -0.028909331216478443,
            -0.011377243195819583,
            0.03557113554490242,
            0.17410861837308736,
            0.07874812401583622,
            -0.014257596765892461,
            0.23256220950466816,
            0.059580177411201696
        ],
        [
            -0.00544340492851347,
            -0.007916490981959937,
            0.001684503734254656,
            0.019467634189606675,
            -0.006510601244323982,
            0.011766365163573468,
            -0.01088523689117885,
            -0.006215904643089805,
            -0.053554091099417535,
            -0.005829364369944209,
            -0.07374124080566642,
            -0.010750230868776786,
            -0.007767336596640239,
            -0.007470348575425228,
            0.008716089322499216,
            0.041746914614001866,
            0.01825942990385729,
            -0.0036919871990194783,
            0.059580177411201696,
            0.015334338931851236
        ]
    ]
}