{
    "opt_E": -2.2015954030826985,
    "HF_E": -2.1700670783738047,
    "B3LYP_E": -2.1723160921823395,
    "sto-3G_E": -2.156950425798647,
    "proj": [
        [
            0.5863619684134309,
            0.36728867226503226,
            -0.03160631384629587,
            -0.17281012422884376,
            -0.00971963782903859,
            -0.02770532583575235,
            0.16021983396256287,
            -0.04805161115364232,
            -0.19947305023951406,
            -0.026855161653564476,
            0.044677322150089585,
            0.02150699234856364,
            0.0017865433420751903,
            0.05574163105729075,
            -0.007025458293499745,
            -0.0018449842114840608,
            -0.025701830344480668,
            0.007100272450859179,
            -0.030103716768709727,
            -0.013686099811357743
        ],
        [
            0.36728867226503226,
            0.2536968728851979,
            -0.009041339104963297,
            -0.05159992855258933,
            -0.00231859921601783,
            0.09353957399756668,
            0.14146790614205332,
            -0.025156688048282725,
            -0.1332386275411452,
            -0.011421695162803933,
            0.02200877742088226,
            0.022878744609927563,
            0.00038802924417191264,
            -0.03034201833410462,
            0.002083851526321985,
            -0.030413372874409265,
            -0.034396145171699664,
            0.0030490610097726185,
            -0.01786414521869779,
            -0.006001109394929827
        ],
        [
            -0.03160631384629587,
            -0.009041339104963297,
            0.007258843457845467,
            0.03835711477777856,
            0.002557662986022227,
            0.05710717549501378,
            0.011386721613689945,
            0.004830892782059845,
            0.0011715111809240818,
            0.004972502007391349,
            -0.012491470800113093,
            0.006483254897862465,
            -0.002843677336967046,
            -0.02743723789703711,
            0.007433305304154305,
            0.0034541658905377676,
            0.0019950574468141523,
            -0.0030191893130494855,
            0.011992104270713124,
            0.004926015825230592
        ],
        [
            -0.17281012422884376,
            -0.05159992855258933,
            0.03835711477777856,
            0.20308258111398236,
            0.013480266676687865,
            0.30161525051041504,
            0.060414315049592014,
            0.02606273997218798,
            0.01533128442759873,
            0.02536426427879727,
            -0.05282662021045639,
            0.038159592845901424,
            -0.014001715600808392,
            -0.14582919452659043,
            0.0375598071463391,
            0.017809990738913043,
            0.01265948406637481,
            -0.014392466552300335,
            0.05583687978263578,
            0.023659109253271682
        ],
        [
            -0.00971963782903859,
            -0.00231859921601783,
            0.002557662986022227,
            0.013480266676687865,
            0.0009160150499126627,
            0.02069618568364273,
            0.004615346502596531,
            0.0015837101530410706,
            -0.0006572917879737078,
            0.0017972526387010465,
            -0.004901206419041002,
            0.002930424162910823,
            -0.0013040380075172724,
            -0.008762016527886956,
            0.003119063056716102,
            0.003558001159757639,
            0.0019653075976008407,
            -0.0012760907842578532,
            0.005302202254090431,
            0.002047165453787747
        ],
        [
            -0.02770532583575235,
            0.09353957399756668,
            0.05710717549501378,
            0.30161525051041504,
            0.02069618568364273,
            0.5808453578787841,
            0.21790373085053683,
            0.026230710330053076,
            -0.030903537825039514,
            0.02834346844119189,
            0.007140597720128716,
            0.1149784841994757,
            -0.020505745398245977,
            -0.2594956130133244,
            0.05985204959255999,
            0.03536066431073049,
            0.025743266765808414,
            -0.014451843682934404,
            0.04536930615531323,
            0.023767931983359285
        ],
        [
            0.16021983396256287,
            0.14146790614205332,
            0.011386721613689945,
            0.060414315049592014,
            0.004615346502596531,
            0.21790373085053683,
            0.1440335585474882,
            -0.0035712862513487403,
            -0.029204501703925984,
            -0.0035205994052278145,
            0.09791061135374984,
            0.08232417329007927,
            -0.003446102174867846,
            -0.07811681635611488,
            0.014141323756576594,
            0.03160801919134237,
            0.02655513758120478,
            0.004926405817497813,
            -0.031232492237268962,
            -0.007846387914241219
        ],
        [
            -0.04805161115364232,
            -0.025156688048282725,
            0.004830892782059845,
            0.02606273997218798,
            0.0015837101530410706,
            0.026230710330053076,
            -0.0035712862513487403,
            0.005008070918322504,
            0.016609322461947535,
            0.003027652532111587,
            -0.0006663566967220176,
            0.002160737578499452,
            -0.0001874042969149124,
            -0.017921386087856712,
            0.001751296261121784,
            -0.004319289216630996,
            -5.354498234803311e-05,
            -0.0004960718081712747,
            0.0008789491287410617,
            0.0010735148700715172
        ],
        [
            -0.19947305023951406,
            -0.1332386275411452,
            0.0011715111809240818,
            0.01533128442759873,
            -0.0006572917879737078,
            -0.030903537825039514,
            -0.029204501703925984,
            0.016609322461947535,
            0.22251828999943293,
            -0.017263613941291566,
            0.26904846355417694,
            0.06455481549811987,
            0.025117111556945463,
            -0.023478125739581236,
            -0.04265965948348991,
            -0.038152047037789086,
            0.029890240106112746,
            0.03412945275126175,
            -0.16470219754221604,
            -0.051441305891799224
        ],
        [
            -0.026855161653564476,
            -0.011421695162803933,
            0.004972502007391349,
            0.02536426427879727,
            0.0017972526387010465,
            0.02834346844119189,
            -0.0035205994052278145,
            0.003027652532111587,
            -0.017263613941291566,
            0.0064592283287498685,
            -0.04795686031882574,
            -0.009127206683902909,
            -0.00478797611391674,
            -0.011787906043565855,
            0.009441104510498328,
            0.005700192518062969,
            -0.0025682420560779722,
            -0.006650496890490396,
            0.030757745398756024,
            0.010395570215143313
        ],
        [
            0.044677322150089585,
            0.02200877742088226,
            -0.012491470800113093,
            -0.05282662021045639,
            -0.004901206419041002,
            0.007140597720128716,
            0.09791061135374984,
            -0.0006663566967220176,
            0.26904846355417694,
            -0.04795686031882574,
            0.556476748073824,
            0.1880052828964691,
            0.03636566752390591,
            0.0029274356902882132,
            -0.06233773095493872,
            0.032246531561774566,
            0.10465912329736324,
            0.06305868207613399,
            -0.30174986779833834,
            -0.09720390497994717
        ],
        [
            0.02150699234856364,
            0.022878744609927563,
            0.006483254897862465,
            0.038159592845901424,
            0.002930424162910823,
            0.1149784841994757,
            0.08232417329007927,
            0.002160737578499452,
            0.06455481549811987,
            -0.009127206683902909,
            0.1880052828964691,
            0.1307530116241671,
            -0.008154416982606402,
            0.022702893098961677,
            0.01632154292652329,
            0.17505628934862072,
            0.1346136306307752,
            0.008713289320306265,
            -0.041017009865573134,
            -0.013897252680085579
        ],
        [
            0.0017865433420751903,
            0.00038802924417191264,
            -0.002843677336967046,
            -0.014001715600808392,
            -0.0013040380075172724,
            -0.020505745398245977,
            -0.003446102174867846,
            -0.0001874042969149124,
            0.025117111556945463,
            -0.00478797611391674,
            0.03636566752390591,
            -0.008154416982606402,
            0.0090460441769162,
            -0.01631456930718576,
            -0.015525125016729232,
            -0.05606441320411863,
            -0.028336305288810027,
            0.00815933981031321,
            -0.04008716195010657,
            -0.012368289497114297
        ],
        [
            0.05574163105729075,
            -0.03034201833410462,
            -0.02743723789703711,
            -0.14582919452659043,
            -0.008762016527886956,
            -0.2594956130133244,
            -0.07811681635611488,
            -0.017921386087856712,
            -0.023478125739581236,
            -0.011787906043565855,
            0.0029274356902882132,
            0.022702893098961677,
            -0.01631456930718576,
            0.23119563688670963,
            0.012963292327012266,
            0.232299776597045,
            0.1371416381910287,
            -0.007965024727125817,
            0.05718522914375408,
            0.010312323835741545
        ],
        [
            -0.007025458293499745,
            0.002083851526321985,
            0.007433305304154305,
            0.0375598071463391,
            0.003119063056716102,
            0.05985204959255999,
            0.014141323756576594,
            0.001751296261121784,
            -0.04265965948348991,
            0.009441104510498328,
            -0.06233773095493872,
            0.01632154292652329,
            -0.015525125016729232,
            0.012963292327012266,
            0.02783466628964152,
            0.08928161857546597,
            0.04473550586820304,
            -0.014131288971118044,
            0.06810789916083909,
            0.02153762874326577
        ],
        [
            -0.0018449842114840608,
            -0.030413372874409265,
            0.0034541658905377676,
            0.017809990738913043,
            0.003558001159757639,
            0.03536066431073049,
            0.03160801919134237,
            -0.004319289216630996,
            -0.038152047037789086,
            0.005700192518062969,
            0.032246531561774566,
            0.17505628934862072,
            -0.05606441320411863,
            0.232299776597045,
            0.08928161857546597,
            0.5527229171197372,
            0.33948252862856093,
            -0.030936569415808225,
            0.16483239859512883,
            0.045350041875983065
        ],
        [
            -0.025701830344480668,
            -0.034396145171699664,
            0.0019950574468141523,
            0.01265948406637481,
            0.0019653075976008407,
            0.025743266765808414,
            0.02655513758120478,
            -5.354498234803311e-05,
            0.029890240106112746,
            -0.0025682420560779722,
            0.10465912329736324,
            0.1346136306307752,
            -0.028336305288810027,
            0.1371416381910287,
            0.04473550586820304,
            0.33948252862856093,
            0.22319223509343233,
            -0.009211046408747956,
            0.053951527322171317,
            0.012936796484142041
        ],
        [
            0.007100272450859179,
            0.0030490610097726185,
            -0.0030191893130494855,
            -0.014392466552300335,
            -0.0012760907842578532,
            -0.014451843682934404,
            0.004926405817497813,
            -0.0004960718081712747,
            0.03412945275126175,
            -0.006650496890490396,
            0.06305868207613399,
            0.008713289320306265,
            0.00815933981031321,
            -0.007965024727125817,
            -0.014131288971118044,
            -0.030936569415808225,
            -0.009211046408747956,
            0.009615071515464304,
            -0.046498118240056945,
            -0.01471686089764906
        ],
        [
            -0.030103716768709727,
            -0.01786414521869779,
            0.011992104270713124,
            0.05583687978263578,
            0.005302202254090431,
            0.04536930615531323,
            -0.031232492237268962,
            0.0008789491287410617,
            -0.16470219754221604,
            0.030757745398756024,
            -0.30174986779833834,
            -0.041017009865573134,
            -0.04008716195010657,
            0.05718522914375408,
            0.06810789916083909,
            0.16483239859512883,
            0.053951527322171317,
            -0.046498118240056945,
            0.2264314160203197,
            0.07102086213208414
        ],
        [
            -0.013686099811357743,
            -0.006001109394929827,
            0.004926015825230592,
            0.023659109253271682,
            0.002047165453787747,
            0.023767931983359285,
            -0.007846387914241219,
            0.0010735148700715172,
            -0.051441305891799224,
            0.010395570215143313,
            -0.09720390497994717,
            -0.013897252680085579,
            -0.012368289497114297,
            0.010312323835741545,
            0.02153762874326577,
            0.045350041875983065,
            0.012936796484142041,
            -0.01471686089764906,
            0.07102086213208414,
            0.02255146660664081
        ]
    ]
}