{
    "opt_E": -2.2092557411778615,
    "HF_E": -2.17818385222984,
    "B3LYP_E": -2.180551159651818,
    "sto-3G_E": -2.1686231380302776,
    "proj": [
        [
            0.5382085463810682,
            0.3316247685904698,
            -0.01786081227567675,
            -0.1698243552428928,
            -0.03729488495768075,
            0.047691913654021124,
            0.1793301261058273,
            -0.023900948020570696,
            -0.2531429164182861,
            -0.065325308513781,
            0.04057268725907854,
            0.028750401902112824,
            0.0007637358978212062,
            0.030051429694807976,
            0.0002687882979510561,
            0.0006660201468316399,
            -0.028217710697067754,
            0.006084945032678019,
            -0.021200155522756933,
            0.0012093601551677858
        ],
        [
            0.3316247685904698,
            0.2176017108352255,
            -0.006028729615060306,
            -0.05544456520531492,
            -0.011490365247476758,
            0.11005477350329818,
            0.13522532635782394,
            -0.013981599380056232,
            -0.14558624778573795,
            -0.03394298723961804,
            0.02724584377060155,
            0.02425564493419238,
            -0.004815557384639011,
            -0.029764392591069624,
            8.591294412192421e-05,
            -0.024280148465542564,
            -0.032506283689464094,
            0.0032143747189428396,
            -0.01400505570031544,
            0.0006244263372066018
        ],
        [
            -0.01786081227567675,
            -0.006028729615060306,
            0.0026724851580581504,
            0.02675206368121216,
            0.006206512084388141,
            0.032193527852697794,
            0.003698819855895635,
            0.0006347787943685606,
            0.009839957744218942,
            0.004798163449591168,
            -0.005527359182180597,
            0.002842676931561236,
            -0.0035950101704500755,
            -0.017362630693980977,
            -0.0005327554506086525,
            0.0006791099974793163,
            0.0005362617619525852,
            -0.0013339946291814648,
            0.005421418821621169,
            -0.0004679949414442284
        ],
        [
            -0.1698243552428928,
            -0.05544456520531492,
            0.02675206368121216,
            0.26930923414443625,
            0.06262967068686535,
            0.3276987531092833,
            0.03910396803978024,
            0.004627319357368622,
            0.08647200611014329,
            0.04732627029049555,
            -0.07022663336827245,
            0.030380976893269657,
            -0.039780058805888856,
            -0.1671507086506469,
            -0.006586730889395299,
            0.03152694781352368,
            0.017343408277941032,
            -0.015758808258105706,
            0.06767227301637155,
            -0.0056939910658578554
        ],
        [
            -0.03729488495768075,
            -0.011490365247476758,
            0.006206512084388141,
            0.06262967068686535,
            0.014594326409240313,
            0.07707395142023933,
            0.009415841138864655,
            0.0007289602087407704,
            0.01764657106230612,
            0.01082986551716111,
            -0.019573879178312333,
            0.00612821528847509,
            -0.009650873700471137,
            -0.038976425304690025,
            -0.001650547112773193,
            0.008075344457880839,
            0.0036933456621484942,
            -0.003994434255660725,
            0.01750629002084541,
            -0.0014604522330733845
        ],
        [
            0.047691913654021124,
            0.11005477350329818,
            0.032193527852697794,
            0.3276987531092833,
            0.07707395142023933,
            0.5590672628178178,
            0.18510843492538445,
            -0.0010356504670464145,
            0.022518452025870175,
            0.03652373043628117,
            -0.010712063225842101,
            0.0939932518781571,
            -0.05634173653669728,
            -0.25375806590981653,
            -0.008010192880363571,
            0.03725670661747437,
            0.018193756059680675,
            -0.014130206164675726,
            0.055899728792343215,
            -0.005405580684425138
        ],
        [
            0.1793301261058273,
            0.13522532635782394,
            0.003698819855895635,
            0.03910396803978024,
            0.009415841138864655,
            0.18510843492538445,
            0.13208522224347924,
            0.00028255779124805445,
            -0.024201919333280895,
            -0.010358065769120238,
            0.11976656905100114,
            0.08365232664448828,
            -0.008499385406183448,
            -0.060081124702998465,
            0.0002922155623583497,
            0.017846547923142872,
            0.023356717834551354,
            0.007380127915607688,
            -0.04067844546527855,
            0.0026060772864326814
        ],
        [
            -0.023900948020570696,
            -0.013981599380056232,
            0.0006347787943685606,
            0.004627319357368622,
            0.0007289602087407704,
            -0.0010356504670464145,
            0.00028255779124805445,
            0.004276972526156112,
            0.030322139703182337,
            0.0024700198202466227,
            0.04170534838710219,
            0.014072021354048267,
            0.00408965157941904,
            -0.0026172646301558735,
            0.0013623277912045238,
            -0.008142323682944166,
            0.004972785604030219,
            0.003994935040921185,
            -0.021688938777512407,
            0.0016501166815454966
        ],
        [
            -0.2531429164182861,
            -0.14558624778573795,
            0.009839957744218942,
            0.08647200611014329,
            0.01764657106230612,
            0.022518452025870175,
            -0.024201919333280895,
            0.030322139703182337,
            0.23506208487090588,
            0.031184890459246547,
            0.2360976146851335,
            0.08101056686671453,
            0.0206631798275373,
            -0.04242499658198296,
            0.007659908712224491,
            -0.053295616628621,
            0.03168720203852498,
            0.02154374803288581,
            -0.12114843438822169,
            0.009216145636641589
        ],
        [
            -0.065325308513781,
            -0.03394298723961804,
            0.004798163449591168,
            0.04732627029049555,
            0.01082986551716111,
            0.03652373043628117,
            -0.010358065769120238,
            0.0024700198202466227,
            0.031184890459246547,
            0.011281481772485204,
            -0.013609030479875989,
            -0.0006074861642751065,
            -0.004696500247891977,
            -0.024976606975733933,
            -0.0007214872767395666,
            -0.0009400207325999701,
            0.0011257401940831325,
            -0.0024012871811027476,
            0.009707137962487837,
            -0.0007769573639189118
        ],
        [
            0.04057268725907854,
            0.02724584377060155,
            -0.005527359182180597,
            -0.07022663336827245,
            -0.019573879178312333,
            -0.010712063225842101,
            0.11976656905100114,
            0.04170534838710219,
            0.2360976146851335,
            -0.013609030479875989,
            0.602484518859931,
            0.22957849368684594,
            0.05342196375504714,
            0.02589466081237945,
            0.016936052705685635,
            -0.03904054979701428,
            0.09501607244971565,
            0.05694144998070239,
            -0.2980234114052714,
            0.02252811145931838
        ],
        [
            0.028750401902112824,
            0.02425564493419238,
            0.002842676931561236,
            0.030380976893269657,
            0.00612821528847509,
            0.0939932518781571,
            0.08365232664448828,
            0.014072021354048267,
            0.08101056686671453,
            -0.0006074861642751065,
            0.22957849368684594,
            0.15172352681668372,
            -0.003532549571238768,
            0.027984109101066742,
            -0.00030512714610082017,
            0.1580865661753354,
            0.14454277613965388,
            0.012766069310890455,
            -0.0644545490688904,
            0.004804757957738447
        ],
        [
            0.0007637358978212062,
            -0.004815557384639011,
            -0.0035950101704500755,
            -0.039780058805888856,
            -0.009650873700471137,
            -0.05634173653669728,
            -0.008499385406183448,
            0.00408965157941904,
            0.0206631798275373,
            -0.004696500247891977,
            0.05342196375504714,
            -0.003532549571238768,
            0.014517293491329743,
            0.008833881043909045,
            0.00389657067741779,
            -0.057367757961678034,
            -0.02543406930374633,
            0.008372451494081936,
            -0.0436217522175502,
            0.0033703829894223374
        ],
        [
            0.030051429694807976,
            -0.029764392591069624,
            -0.017362630693980977,
            -0.1671507086506469,
            -0.038976425304690025,
            -0.25375806590981653,
            -0.060081124702998465,
            -0.0026172646301558735,
            -0.04242499658198296,
            -0.024976606975733933,
            0.02589466081237945,
            0.027984109101066742,
            0.008833881043909045,
            0.20277534928162097,
            -0.0029409928707116845,
            0.20192106576187507,
            0.13066729779252295,
            -9.119341153335952e-05,
            0.016979812188175666,
            -0.0005882241221542414
        ],
        [
            0.0002687882979510561,
            8.591294412192421e-05,
            -0.0005327554506086525,
            -0.006586730889395299,
            -0.001650547112773193,
            -0.008010192880363571,
            0.0002922155623583497,
            0.0013623277912045238,
            0.007659908712224491,
            -0.0007214872767395666,
            0.016936052705685635,
            -0.00030512714610082017,
            0.00389657067741779,
            -0.0029409928707116845,
            0.0012039962519132667,
            -0.020755926157638424,
            -0.009685389611474145,
            0.002546266891028341,
            -0.013705719629796399,
            0.0010360706227082496
        ],
        [
            0.0006660201468316399,
            -0.024280148465542564,
            0.0006791099974793163,
            0.03152694781352368,
            0.008075344457880839,
            0.03725670661747437,
            0.017846547923142872,
            -0.008142323682944166,
            -0.053295616628621,
            -0.0009400207325999701,
            -0.03904054979701428,
            0.1580865661753354,
            -0.057367757961678034,
            0.20192106576187507,
            -0.020755926157638424,
            0.5952329352255138,
            0.3679226155476412,
            -0.02815383467153828,
            0.16538418909910482,
            -0.012074827297025846
        ],
        [
            -0.028217710697067754,
            -0.032506283689464094,
            0.0005362617619525852,
            0.017343408277941032,
            0.0036933456621484942,
            0.018193756059680675,
            0.023356717834551354,
            0.004972785604030219,
            0.03168720203852498,
            0.0011257401940831325,
            0.09501607244971565,
            0.14454277613965388,
            -0.02543406930374633,
            0.13066729779252295,
            -0.009685389611474145,
            0.3679226155476412,
            0.25359675373984336,
            -0.006626140063831454,
            0.04533354130305127,
            -0.0031305629110708593
        ],
        [
            0.006084945032678019,
            0.0032143747189428396,
            -0.0013339946291814648,
            -0.015758808258105706,
            -0.003994434255660725,
            -0.014130206164675726,
            0.007380127915607688,
            0.003994935040921185,
            0.02154374803288581,
            -0.0024012871811027476,
            0.05694144998070239,
            0.012766069310890455,
            0.008372451494081936,
            -9.119341153335952e-05,
            0.002546266891028341,
            -0.02815383467153828,
            -0.006626140063831454,
            0.006655121217365612,
            -0.035098495737456055,
            0.0026588390606749495
        ],
        [
            -0.021200155522756933,
            -0.01400505570031544,
            0.005421418821621169,
            0.06767227301637155,
            0.01750629002084541,
            0.055899728792343215,
            -0.04067844546527855,
            -0.021688938777512407,
            -0.12114843438822169,
            0.009707137962487837,
            -0.2980234114052714,
            -0.0644545490688904,
            -0.0436217522175502,
            0.016979812188175666,
            -0.013705719629796399,
            0.16538418909910482,
            0.04533354130305127,
            -0.035098495737456055,
            0.18658466703699186,
            -0.014086162372968941
        ],
        [
            0.0012093601551677858,
            0.0006244263372066018,
            -0.0004679949414442284,
            -0.0056939910658578554,
            -0.0014604522330733845,
            -0.005405580684425138,
            0.0026060772864326814,
            0.0016501166815454966,
            0.009216145636641589,
            -0.0007769573639189118,
            0.02252811145931838,
            0.004804757957738447,
            0.0033703829894223374,
            -0.0005882241221542414,
            0.0010360706227082496,
            -0.012074827297025846,
            -0.0031305629110708593,
            0.0026588390606749495,
            -0.014086162372968941,
            0.0010665109199345844
        ]
    ]
}