{
    "opt_E": -2.163740855707648,
    "HF_E": -2.1331948672267425,
    "B3LYP_E": -2.1351086284070178,
    "sto-3G_E": -2.1150904974597555,
    "proj": [
        [
            0.5515484580392096,
            0.3589197228640808,
            -0.02897402411965495,
            -0.1778337143650812,
            0.002666582603567164,
            0.025497134885560567,
            0.17555831111472478,
            -0.05622573039506815,
            -0.2072234016885182,
            0.0037850364610772717,
            0.04536689560446712,
            0.027521430504635857,
            2.735031330909149e-05,
            0.05770167522511775,
            0.0033762951855609877,
            0.001464163307522613,
            -0.036316984903174934,
            -0.0016373922346528491,
            -0.031040471921411503,
            -0.004025598595020473
        ],
        [
            0.3589197228640808,
            0.24589679045380156,
            -0.011257942821261673,
            -0.07641150522229201,
            0.0011800155924365835,
            0.0829654066244843,
            0.13557887883216313,
            -0.03212170790737816,
            -0.13066591373376368,
            0.0017868791495379375,
            0.04172188523149536,
            0.021939978278508274,
            0.002213176585923013,
            -0.020839495399709744,
            -0.0004719988319483791,
            -0.03662184460589247,
            -0.04527276576408735,
            -0.0012906439176432443,
            -0.03459388316852017,
            -0.004147439133451451
        ],
        [
            -0.02897402411965495,
            -0.011257942821261673,
            0.009099778436996834,
            0.047875933857189495,
            -0.0007176334575815966,
            0.0596998648565333,
            0.008225626000933234,
            0.007548938066103502,
            -0.0019431349280942276,
            -0.0009553059661622368,
            -0.008556078417745208,
            0.009842195162041762,
            0.002979677082861654,
            -0.03930457330193433,
            0.0008634759485382508,
            0.006387451884620616,
            0.006625720531272064,
            0.00020607486468376436,
            0.01584065394670278,
            0.002118988504319668
        ],
        [
            -0.1778337143650812,
            -0.07641150522229201,
            0.047875933857189495,
            0.25343620717043874,
            -0.003781963710789368,
            0.30383106746157873,
            0.03372855535339978,
            0.041272389723703125,
            0.006547200314846228,
            -0.005044614811221513,
            -0.03884408806956447,
            0.04953579897943613,
            0.015028509770059869,
            -0.20532138310951908,
            0.003665473073362397,
            0.028384524559946292,
            0.03391815752492028,
            0.0010378734363320947,
            0.07611164535198922,
            0.010231297564571404
        ],
        [
            0.002666582603567164,
            0.0011800155924365835,
            -0.0007176334575815966,
            -0.003781963710789368,
            5.972944307972052e-05,
            -0.004286733166594397,
            -0.00021141413771587597,
            -0.0006713337740628601,
            0.0006582812258442129,
            7.891120701478294e-05,
            0.0018574169904751344,
            -0.0002725940937299435,
            -0.00023282513425295677,
            0.0031534399533293877,
            -8.206437408118666e-05,
            -0.0001453845894478088,
            -0.00018361036295961054,
            -3.085912459241682e-05,
            -0.001856782421073922,
            -0.0002462264983737462
        ],
        [
            0.025497134885560567,
            0.0829654066244843,
            0.0596998648565333,
            0.30383106746157873,
            -0.004286733166594397,
            0.5158624018226794,
            0.17293415415352892,
            0.030373118369805708,
            -0.04640796034202025,
            -0.005624601730556998,
            0.05868975033466625,
            0.12355703953110822,
            0.023002817466248004,
            -0.2960306941170109,
            0.004432814349812656,
            0.04877077896008634,
            0.04615731360272449,
            -0.0004536103300658307,
            0.04316017112288458,
            0.006268848834064598
        ],
        [
            0.17555831111472478,
            0.13557887883216313,
            0.008225626000933234,
            0.03372855535339978,
            -0.00021141413771587597,
            0.17293415415352892,
            0.12240588319462622,
            -0.011933896151656348,
            -0.026273785678331406,
            -0.00023429619597825082,
            0.11493267540777725,
            0.07439708380745184,
            0.006064143445157384,
            -0.06262482861843628,
            0.00041265166226415556,
            0.03159628775695139,
            0.0227484656309,
            -0.001644286536729069,
            -0.04497195486976524,
            -0.0056342629927177475
        ],
        [
            -0.05622573039506815,
            -0.03212170790737816,
            0.007548938066103502,
            0.041272389723703125,
            -0.0006713337740628601,
            0.030373118369805708,
            -0.011933896151656348,
            0.00939631156493083,
            0.0021058689951342626,
            -0.000892764884148868,
            -0.02825747700562495,
            -0.004587184355258499,
            0.0018599967356539506,
            -0.031199221898481417,
            0.00040339565474636614,
            -0.005040227473867475,
            -0.0013723652893753203,
            0.0004668385656067614,
            0.021256832480120818,
            0.0028216348169936094
        ],
        [
            -0.2072234016885182,
            -0.13066591373376368,
            -0.0019431349280942276,
            0.006547200314846228,
            0.0006582812258442129,
            -0.04640796034202025,
            -0.026273785678331406,
            0.0021058689951342626,
            0.29307277449589886,
            0.0007175507209281441,
            0.2975311012670089,
            0.05283273067209641,
            -0.008312257244047907,
            0.008899458194137818,
            -0.01653328832865631,
            -0.046515856412711616,
            0.017393146493182847,
            -0.003501484123378018,
            -0.22192801897966405,
            -0.028314648737669458
        ],
        [
            0.0037850364610772717,
            0.0017868791495379375,
            -0.0009553059661622368,
            -0.005044614811221513,
            7.891120701478294e-05,
            -0.005624601730556998,
            -0.00023429619597825082,
            -0.000892764884148868,
            0.0007175507209281441,
            0.00010531806096489808,
            0.0022606068631506404,
            -0.0006020793291514317,
            -0.00031288334293467227,
            0.003841244957512891,
            -0.00014576774244621168,
            -0.0008734599304443763,
            -0.0007234410652117357,
            -4.059514665889093e-05,
            -0.0025822553198878084,
            -0.00033833225061801516
        ],
        [
            0.04536689560446712,
            0.04172188523149536,
            -0.008556078417745208,
            -0.03884408806956447,
            0.0018574169904751344,
            0.05868975033466625,
            0.11493267540777725,
            -0.02825747700562495,
            0.2975311012670089,
            0.0022606068631506404,
            0.5087495755550496,
            0.16042115723783001,
            -0.006216961086972694,
            0.03634677603057086,
            -0.015191894138041243,
            0.046994438233353183,
            0.08330634920010976,
            -0.006381422246326504,
            -0.31682145985405485,
            -0.04081949316148603
        ],
        [
            0.027521430504635857,
            0.021939978278508274,
            0.009842195162041762,
            0.04953579897943613,
            -0.0002725940937299435,
            0.12355703953110822,
            0.07439708380745184,
            -0.004587184355258499,
            0.05283273067209641,
            -0.0006020793291514317,
            0.16042115723783001,
            0.11894450380625836,
            0.005349871493736982,
            0.023095705588666863,
            0.007393292979550073,
            0.18018856695248997,
            0.13419842401047152,
            -0.0015637339441706042,
            -0.023414720871819537,
            -0.003706205506077468
        ],
        [
            2.735031330909149e-05,
            0.002213176585923013,
            0.002979677082861654,
            0.015028509770059869,
            -0.00023282513425295677,
            0.023002817466248004,
            0.006064143445157384,
            0.0018599967356539506,
            -0.008312257244047907,
            -0.00031288334293467227,
            -0.006216961086972694,
            0.005349871493736982,
            0.0013074151630631523,
            -0.010704132307300369,
            0.0010346308827727422,
            0.00959269200551945,
            0.00597790812083593,
            0.00011309573958154789,
            0.010718973983746062,
            0.0013706314619865176
        ],
        [
            0.05770167522511775,
            -0.020839495399709744,
            -0.03930457330193433,
            -0.20532138310951908,
            0.0031534399533293877,
            -0.2960306941170109,
            -0.06262482861843628,
            -0.031199221898481417,
            0.008899458194137818,
            0.003841244957512891,
            0.03634677603057086,
            0.023095705588666863,
            -0.010704132307300369,
            0.30063265312466536,
            0.012687387980866887,
            0.22104060274580406,
            0.1364536845208979,
            -0.00011808295807000987,
            0.02331492702487154,
            0.0012795470548835164
        ],
        [
            0.0033762951855609877,
            -0.0004719988319483791,
            0.0008634759485382508,
            0.003665473073362397,
            -8.206437408118666e-05,
            0.004432814349812656,
            0.00041265166226415556,
            0.00040339565474636614,
            -0.01653328832865631,
            -0.00014576774244621168,
            -0.015191894138041243,
            0.007393292979550073,
            0.0010346308827727422,
            0.012687387980866887,
            0.0030876176895903236,
            0.03552052446700559,
            0.021130464231643824,
            0.0002801231235768647,
            0.024380540059688555,
            0.002955051546324124
        ],
        [
            0.001464163307522613,
            -0.03662184460589247,
            0.006387451884620616,
            0.028384524559946292,
            -0.0001453845894478088,
            0.04877077896008634,
            0.03159628775695139,
            -0.005040227473867475,
            -0.046515856412711616,
            -0.0008734599304443763,
            0.046994438233353183,
            0.18018856695248997,
            0.00959269200551945,
            0.22104060274580406,
            0.03552052446700559,
            0.5343960705396678,
            0.3513086732955119,
            0.0008156167119733416,
            0.17982135343010064,
            0.020422009700080408
        ],
        [
            -0.036316984903174934,
            -0.04527276576408735,
            0.006625720531272064,
            0.03391815752492028,
            -0.00018361036295961054,
            0.04615731360272449,
            0.0227484656309,
            -0.0013723652893753203,
            0.017393146493182847,
            -0.0007234410652117357,
            0.08330634920010976,
            0.13419842401047152,
            0.00597790812083593,
            0.1364536845208979,
            0.021130464231643824,
            0.3513086732955119,
            0.23980940798192293,
            -4.86064752176835e-05,
            0.08503895950725515,
            0.009197801637977702
        ],
        [
            -0.0016373922346528491,
            -0.0012906439176432443,
            0.00020607486468376436,
            0.0010378734363320947,
            -3.085912459241682e-05,
            -0.0004536103300658307,
            -0.001644286536729069,
            0.0004668385656067614,
            -0.003501484123378018,
            -4.059514665889093e-05,
            -0.006381422246326504,
            -0.0015637339441706042,
            0.00011309573958154789,
            -0.00011808295807000987,
            0.0002801231235768647,
            0.0008156167119733416,
            -4.86064752176835e-05,
            8.59107868005631e-05,
            0.004557318980188395,
            0.0005803502628706278
        ],
        [
            -0.031040471921411503,
            -0.03459388316852017,
            0.01584065394670278,
            0.07611164535198922,
            -0.001856782421073922,
            0.04316017112288458,
            -0.04497195486976524,
            0.021256832480120818,
            -0.22192801897966405,
            -0.0025822553198878084,
            -0.31682145985405485,
            -0.023414720871819537,
            0.010718973983746062,
            0.02331492702487154,
            0.024380540059688555,
            0.17982135343010064,
            0.08503895950725515,
            0.004557318980188395,
            0.2875629384711631,
            0.03608260761337277
        ],
        [
            -0.004025598595020473,
            -0.004147439133451451,
            0.002118988504319668,
            0.010231297564571404,
            -0.0002462264983737462,
            0.006268848834064598,
            -0.0056342629927177475,
            0.0028216348169936094,
            -0.028314648737669458,
            -0.00033833225061801516,
            -0.04081949316148603,
            -0.003706205506077468,
            0.0013706314619865176,
            0.0012795470548835164,
            0.002955051546324124,
            0.020422009700080408,
            0.009197801637977702,
            0.0005803502628706278,
            0.03608260761337277,
            0.004540254199192864
        ]
    ]
}