{
    "opt_E": -2.175380515473962,
    "HF_E": -2.1446370970038573,
    "B3LYP_E": -2.146390767499908,
    "sto-3G_E": -2.1265908953760735,
    "proj": [
        [
            0.5577669023077064,
            0.36178583251634094,
            -0.012744729930942202,
            -0.18059302177996087,
            -0.012107037295235427,
            0.01076303114603019,
            0.17132699071896731,
            -0.010152196506212437,
            -0.21131310550973606,
            -0.041301864627134935,
            0.039330206401974294,
            0.030653422597910176,
            0.0031955628621944373,
            0.05024110288316127,
            -0.010105942738761715,
            -0.0012170371905505099,
            -0.031856457583154266,
            0.0037543398927470718,
            -0.027457417849722405,
            -0.003591742069177472
        ],
        [
            0.36178583251634094,
            0.2492256296087229,
            -0.005292053639186742,
            -0.07201401254680051,
            -0.003665109478813456,
            0.08465836179846581,
            0.1370369441800826,
            -0.006787745990855254,
            -0.13435820470140833,
            -0.02051858908495663,
            0.03564312391805186,
            0.025610874104113716,
            -0.0013945381765441752,
            -0.026300114491358266,
            0.004330291950650035,
            -0.03599290323418911,
            -0.04044900682735107,
            0.0029119305979322663,
            -0.030783994725244637,
            -0.001976860179031921
        ],
        [
            -0.012744729930942202,
            -0.005292053639186742,
            0.001093148497907715,
            0.01656413429246889,
            0.0015344873815071659,
            0.020235962031234598,
            0.002414388660966601,
            -0.00032572935615763607,
            0.0016156449379855862,
            0.0036408675515657773,
            -0.0029923599009911883,
            0.0023158903213840024,
            -0.0019507508104092326,
            -0.011806929006822571,
            0.003990996253722404,
            0.0005630474978532155,
            0.0010312424012148113,
            -0.000600888427323323,
            0.004258576817431315,
            0.0004085995255783759
        ],
        [
            -0.18059302177996087,
            -0.07201401254680051,
            0.01656413429246889,
            0.25179866203439144,
            0.023537875928595214,
            0.31521364144501396,
            0.04375414566329772,
            -0.005422385211671735,
            0.018095197910421402,
            0.05514219720435356,
            -0.042815992320004735,
            0.04205362492632614,
            -0.0310201899014963,
            -0.1746697244972813,
            0.06221349103499404,
            0.023718548322876936,
            0.024687071121399895,
            -0.009542649468724755,
            0.06964126877751815,
            0.0062674895494558396
        ],
        [
            -0.012107037295235427,
            -0.003665109478813456,
            0.0015344873815071659,
            0.023537875928595214,
            0.0023061276923800494,
            0.031350148006151914,
            0.005518698822812029,
            -0.001004341279908106,
            -0.0031894514906234427,
            0.005864223419131413,
            -0.008100438430451943,
            0.004062559426830846,
            -0.0035170177617163765,
            -0.015467111893844133,
            0.006583652470493603,
            0.005011224708705797,
            0.003248485759256093,
            -0.0012836630562340693,
            0.010517204936416592,
            0.0007484908737198226
        ],
        [
            0.01076303114603019,
            0.08465836179846581,
            0.020235962031234598,
            0.31521364144501396,
            0.031350148006151914,
            0.5413261249081953,
            0.18600118165796317,
            -0.008180977649131298,
            -0.0373845759272057,
            0.05352101126236878,
            0.040757725688416915,
            0.11598192397179649,
            -0.04463568280482318,
            -0.2651712755514862,
            0.09150789225413807,
            0.044981642277377415,
            0.038524318188971556,
            -0.008027574142839127,
            0.04398222254057951,
            0.005535308043488822
        ],
        [
            0.17132699071896731,
            0.1370369441800826,
            0.002414388660966601,
            0.04375414566329772,
            0.005518698822812029,
            0.18600118165796317,
            0.12724128382632496,
            -3.571879023502581e-05,
            -0.03196024831466948,
            -0.008740558081708883,
            0.1060264580761572,
            0.07687526424402845,
            -0.009608866570036569,
            -0.06416888628724825,
            0.021160780198481936,
            0.0352421651110938,
            0.02619236846049077,
            0.003248596591851844,
            -0.0390236875711728,
            -0.0018023699263381595
        ],
        [
            -0.010152196506212437,
            -0.006787745990855254,
            -0.00032572935615763607,
            -0.005422385211671735,
            -0.001004341279908106,
            -0.008180977649131298,
            -3.571879023502581e-05,
            0.003230859155985626,
            0.026818583582664247,
            -0.007080390227494124,
            0.03666614369890415,
            0.007239395909514167,
            0.0035884328909896665,
            0.0010754616912916123,
            -0.004940629945829767,
            -0.004651304617831493,
            0.0022456693744650202,
            0.0027702686603045053,
            -0.027075085865082917,
            -0.0013395755412463687
        ],
        [
            -0.21131310550973606,
            -0.13435820470140833,
            0.0016156449379855862,
            0.018095197910421402,
            -0.0031894514906234427,
            -0.0373845759272057,
            -0.03196024831466948,
            0.026818583582664247,
            0.2547178650715877,
            -0.041613643314272995,
            0.2735447613111556,
            0.05312841217304025,
            0.024628547489748024,
            -0.019100857628077353,
            -0.03085288351462966,
            -0.03625809379570086,
            0.024832616291219196,
            0.020011167291391314,
            -0.19983288629218973,
            -0.009137456932851114
        ],
        [
            -0.041301864627134935,
            -0.02051858908495663,
            0.0036408675515657773,
            0.05514219720435356,
            0.005864223419131413,
            0.05352101126236878,
            -0.008740558081708883,
            -0.007080390227494124,
            -0.041613643314272995,
            0.025567052531998154,
            -0.09193505044833802,
            -0.016805073412372626,
            -0.011422133755813593,
            -0.030560128648619993,
            0.018755257556610967,
            0.004621774821536117,
            -0.005319221889259475,
            -0.007437741014358194,
            0.06858519859891035,
            0.003997122689972236
        ],
        [
            0.039330206401974294,
            0.03564312391805186,
            -0.0029923599009911883,
            -0.042815992320004735,
            -0.008100438430451943,
            0.040757725688416915,
            0.1060264580761572,
            0.03666614369890415,
            0.2735447613111556,
            -0.09193505044833802,
            0.5179605544287275,
            0.16899760427946647,
            0.03063669100293965,
            0.00942900176514527,
            -0.04015280060037698,
            0.05325379417800238,
            0.09575121875987001,
            0.032997190787642634,
            -0.3206976893275181,
            -0.01692060608086385
        ],
        [
            0.030653422597910176,
            0.025610874104113716,
            0.0023158903213840024,
            0.04205362492632614,
            0.004062559426830846,
            0.11598192397179649,
            0.07687526424402845,
            0.007239395909514167,
            0.05312841217304025,
            -0.016805073412372626,
            0.16899760427946647,
            0.1193135172757885,
            -0.00855615691470645,
            0.029504818274906607,
            0.01152350301151904,
            0.17721914084627458,
            0.13081298163248548,
            0.0038839986411335807,
            -0.031500040724182915,
            -0.003177350385950775
        ],
        [
            0.0031955628621944373,
            -0.0013945381765441752,
            -0.0019507508104092326,
            -0.0310201899014963,
            -0.0035170177617163765,
            -0.04463568280482318,
            -0.009608866570036569,
            0.0035884328909896665,
            0.024628547489748024,
            -0.011422133755813593,
            0.03063669100293965,
            -0.00855615691470645,
            0.008028261404399993,
            0.007461690472221356,
            -0.0121600501863007,
            -0.033643195002850124,
            -0.017842454203300613,
            0.003952600979884188,
            -0.038131698101680975,
            -0.0018487032947635761
        ],
        [
            0.05024110288316127,
            -0.026300114491358266,
            -0.011806929006822571,
            -0.1746697244972813,
            -0.015467111893844133,
            -0.2651712755514862,
            -0.06416888628724825,
            0.0010754616912916123,
            -0.019100857628077353,
            -0.030560128648619993,
            0.00942900176514527,
            0.029504818274906607,
            0.007461690472221356,
            0.26629753140111656,
            -0.036648248036781496,
            0.2412277900658393,
            0.14518813299425481,
            -0.0024084751215612535,
            0.06250726782053237,
            -0.0020397384651193594
        ],
        [
            -0.010105942738761715,
            0.004330291950650035,
            0.003990996253722404,
            0.06221349103499404,
            0.006583652470493603,
            0.09150789225413807,
            0.021160780198481936,
            -0.004940629945829767,
            -0.03085288351462966,
            0.018755257556610967,
            -0.04015280060037698,
            0.01152350301151904,
            -0.0121600501863007,
            -0.036648248036781496,
            0.020945266914078182,
            0.026638300781102263,
            0.01326806756105911,
            -0.005204094928928782,
            0.046370143344063294,
            0.002726610149028899
        ],
        [
            -0.0012170371905505099,
            -0.03599290323418911,
            0.0005630474978532155,
            0.023718548322876936,
            0.005011224708705797,
            0.044981642277377415,
            0.0352421651110938,
            -0.004651304617831493,
            -0.03625809379570086,
            0.004621774821536117,
            0.05325379417800238,
            0.17721914084627458,
            -0.033643195002850124,
            0.2412277900658393,
            0.026638300781102263,
            0.5341632633957495,
            0.3399648584005502,
            -0.014329992650613162,
            0.1796154044020049,
            0.0026174690814953503
        ],
        [
            -0.031856457583154266,
            -0.04044900682735107,
            0.0010312424012148113,
            0.024687071121399895,
            0.003248485759256093,
            0.038524318188971556,
            0.02619236846049077,
            0.0022456693744650202,
            0.024832616291219196,
            -0.005319221889259475,
            0.09575121875987001,
            0.13081298163248548,
            -0.017842454203300613,
            0.14518813299425481,
            0.01326806756105911,
            0.3399648584005502,
            0.2262165850020757,
            -0.0051403186403925355,
            0.07411865630923019,
            -0.00018692557515631787
        ],
        [
            0.0037543398927470718,
            0.0029119305979322663,
            -0.000600888427323323,
            -0.009542649468724755,
            -0.0012836630562340693,
            -0.008027574142839127,
            0.003248596591851844,
            0.0027702686603045053,
            0.020011167291391314,
            -0.007437741014358194,
            0.032997190787642634,
            0.0038839986411335807,
            0.003952600979884188,
            -0.0024084751215612535,
            -0.005204094928928782,
            -0.014329992650613162,
            -0.0051403186403925355,
            0.002859030703896227,
            -0.028474466974749688,
            -0.0013421659230659845
        ],
        [
            -0.027457417849722405,
            -0.030783994725244637,
            0.004258576817431315,
            0.06964126877751815,
            0.010517204936416592,
            0.04398222254057951,
            -0.0390236875711728,
            -0.027075085865082917,
            -0.19983288629218973,
            0.06858519859891035,
            -0.3206976893275181,
            -0.031500040724182915,
            -0.038131698101680975,
            0.06250726782053237,
            0.046370143344063294,
            0.1796154044020049,
            0.07411865630923019,
            -0.028474466974749688,
            0.2892638846966504,
            0.012880850125633711
        ],
        [
            -0.003591742069177472,
            -0.001976860179031921,
            0.0004085995255783759,
            0.0062674895494558396,
            0.0007484908737198226,
            0.005535308043488822,
            -0.0018023699263381595,
            -0.0013395755412463687,
            -0.009137456932851114,
            0.003997122689972236,
            -0.01692060608086385,
            -0.003177350385950775,
            -0.0018487032947635761,
            -0.0020397384651193594,
            0.002726610149028899,
            0.0026174690814953503,
            -0.00018692557515631787,
            -0.0013421659230659845,
            0.012880850125633711,
            0.000678449142316442
        ]
    ]
}