{
    "opt_E": -2.1454097300458232,
    "HF_E": -2.1140467726655707,
    "B3LYP_E": -2.1160231239434806,
    "sto-3G_E": -2.0860602612569874,
    "proj": [
        [
            0.55473989958478,
            0.36904258863430306,
            -0.0518252596091239,
            -0.1635556740835457,
            -0.05139897246654163,
            0.015227893442488089,
            0.16870262665132493,
            -0.07044084051063777,
            -0.1748560576546472,
            -0.09371168810492499,
            0.030405684667222974,
            0.02947079055055776,
            -0.00970722943306038,
            0.04820715983508517,
            -0.007258146873112487,
            -0.0017537493727520434,
            -0.0284655055001113,
            0.011094039320207387,
            -0.022835039739929727,
            -0.0005390360177802006
        ],
        [
            0.36904258863430306,
            0.25694887975082814,
            -0.022831181864017457,
            -0.07419239015183852,
            -0.02107569632231557,
            0.07676556191945778,
            0.13461098354758178,
            -0.04120026452933519,
            -0.11720839252094523,
            -0.054661508904880696,
            0.033930794650962985,
            0.024373193059969586,
            -0.002636368177636694,
            -0.021026092284443375,
            0.0020383407432192175,
            -0.03413982243599977,
            -0.03806874521396804,
            0.011499792775249104,
            -0.029698071847821157,
            0.0001156186651630489
        ],
        [
            -0.0518252596091239,
            -0.022831181864017457,
            0.02292393759933045,
            0.06680874465328744,
            0.02512117076039615,
            0.09101614656385434,
            0.012327544524278694,
            0.010804867509045996,
            -0.01132879163551386,
            0.022670912775197376,
            -0.01512498806510024,
            0.011000763930150538,
            -0.011530008999924703,
            -0.06049942412521294,
            0.010822442163480075,
            0.006464027401140693,
            0.006228326923674145,
            -0.01251516822543946,
            0.020098635012480662,
            -0.0008218404248930443
        ],
        [
            -0.1635556740835457,
            -0.07419239015183852,
            0.06680874465328744,
            0.19684363470443217,
            0.07319571122191476,
            0.26746226642126303,
            0.0372466943577849,
            0.03494595177266803,
            -0.009782970904186183,
            0.06468191029408446,
            -0.01450038937946571,
            0.04023607656257615,
            -0.02872704449540213,
            -0.1747303741474747,
            0.031159897283469642,
            0.020245709372221664,
            0.022908460235659952,
            -0.028017106491748135,
            0.04143509617854463,
            -0.0018899150441057026
        ],
        [
            -0.05139897246654163,
            -0.02107569632231557,
            0.02512117076039615,
            0.07319571122191476,
            0.027608387269138106,
            0.1031162885131959,
            0.016505263654699988,
            0.011404200314422226,
            -0.013614427987788827,
            0.024096313908981672,
            -0.0142849394194426,
            0.013814301801244903,
            -0.0130256954089615,
            -0.06700236228903642,
            0.012073606750046276,
            0.00846819720581874,
            0.00768951946217559,
            -0.013455866830072043,
            0.021391966342152114,
            -0.0009158052550682308
        ],
        [
            0.015227893442488089,
            0.07676556191945778,
            0.09101614656385434,
            0.26746226642126303,
            0.1031162885131959,
            0.5138680578829692,
            0.18136523682662675,
            0.03003059193249993,
            -0.06211224822596861,
            0.05616854887167736,
            0.07904188368228374,
            0.1166137822332191,
            -0.044561162624295325,
            -0.2910097886867575,
            0.05221790789833507,
            0.037022290442070144,
            0.035923296915154966,
            -0.01973161778115098,
            0.010977598066146906,
            -0.0023165872219736254
        ],
        [
            0.16870262665132493,
            0.13461098354758178,
            0.012327544524278694,
            0.0372466943577849,
            0.016505263654699988,
            0.18136523682662675,
            0.12259103322793741,
            -0.007071074698560205,
            -0.029231901411242586,
            -0.0174034553177984,
            0.10600578840400901,
            0.07368199580333457,
            -0.011226319626267788,
            -0.06860851552257967,
            0.013874852723740972,
            0.03366972662804197,
            0.02516713167468995,
            0.014269855310661985,
            -0.037506303010853136,
            -0.0001280051112212433
        ],
        [
            -0.07044084051063777,
            -0.04120026452933519,
            0.010804867509045996,
            0.03494595177266803,
            0.011404200314422226,
            0.03003059193249993,
            -0.007071074698560205,
            0.013040565697949827,
            0.03804982394625789,
            0.01237226767235644,
            0.02782086619951497,
            0.005963524121859808,
            0.006786288916523603,
            -0.027464574092850427,
            0.0035324215405898684,
            -0.013005963306410379,
            -0.0012345188413222926,
            0.007730005768795482,
            -0.0183605415148662,
            0.0006899468423514914
        ],
        [
            -0.1748560576546472,
            -0.11720839252094523,
            -0.01132879163551386,
            -0.009782970904186183,
            -0.013614427987788827,
            -0.06211224822596861,
            -0.029231901411242586,
            0.03804982394625789,
            0.27244500648620246,
            -0.016509128271100123,
            0.2967805273953991,
            0.05294283889554351,
            0.06903893840775263,
            0.04425156818071021,
            -0.011881348611010006,
            -0.03161687570754624,
            0.020319757385304137,
            0.09767687958240708,
            -0.1957576843203887,
            0.006509122774619193
        ],
        [
            -0.09371168810492499,
            -0.054661508904880696,
            0.022670912775197376,
            0.06468191029408446,
            0.024096313908981672,
            0.05616854887167736,
            -0.0174034553177984,
            0.01237226767235644,
            -0.016509128271100123,
            0.030580680459189324,
            -0.05827146551393503,
            -0.012044358133046109,
            -0.011051137532767595,
            -0.05453381906237102,
            0.008940105031489816,
            -0.008510519709166324,
            -0.005965169839761888,
            -0.02088217612571071,
            0.0381082267537084,
            -0.001021551289319896
        ],
        [
            0.030405684667222974,
            0.033930794650962985,
            -0.01512498806510024,
            -0.01450038937946571,
            -0.0142849394194426,
            0.07904188368228374,
            0.10600578840400901,
            0.02782086619951497,
            0.2967805273953991,
            -0.05827146551393503,
            0.49928040454555284,
            0.16184671669751532,
            0.06542545060271047,
            0.03666153252818421,
            -0.005616236837347598,
            0.05252572888663598,
            0.0857726519927307,
            0.13657445023858317,
            -0.27726389758574493,
            0.007300041203811487
        ],
        [
            0.02947079055055776,
            0.024373193059969586,
            0.011000763930150538,
            0.04023607656257615,
            0.013814301801244903,
            0.1166137822332191,
            0.07368199580333457,
            0.005963524121859808,
            0.05294283889554351,
            -0.012044358133046109,
            0.16184671669751532,
            0.11571263985715799,
            -0.026070605920815993,
            0.023933141134275027,
            0.006904113001952033,
            0.17776425428530085,
            0.1307902493425043,
            0.013595242440332753,
            -0.023052749992159446,
            -0.0012200702172563318
        ],
        [
            -0.00970722943306038,
            -0.002636368177636694,
            -0.011530008999924703,
            -0.02872704449540213,
            -0.0130256954089615,
            -0.044561162624295325,
            -0.011226319626267788,
            0.006786288916523603,
            0.06903893840775263,
            -0.011051137532767595,
            0.06542545060271047,
            -0.026070605920815993,
            0.044382679913620056,
            -0.015230772658888746,
            -0.005846262841932806,
            -0.12062063922973902,
            -0.07040241039022792,
            0.040962549515679174,
            -0.08782810915494788,
            0.0036977830623184204
        ],
        [
            0.04820715983508517,
            -0.021026092284443375,
            -0.06049942412521294,
            -0.1747303741474747,
            -0.06700236228903642,
            -0.2910097886867575,
            -0.06860851552257967,
            -0.027464574092850427,
            0.04425156818071021,
            -0.05453381906237102,
            0.03666153252818421,
            0.023933141134275027,
            -0.015230772658888746,
            0.2727384763328665,
            -0.0335233071405657,
            0.2030233066738181,
            0.12904749995192885,
            0.002444843163927058,
            0.02594028930917448,
            -0.0015676535360442448
        ],
        [
            -0.007258146873112487,
            0.0020383407432192175,
            0.010822442163480075,
            0.031159897283469642,
            0.012073606750046276,
            0.05221790789833507,
            0.013874852723740972,
            0.0035324215405898684,
            -0.011881348611010006,
            0.008940105031489816,
            -0.005616236837347598,
            0.006904113001952033,
            -0.005846262841932806,
            -0.0335233071405657,
            0.0058143430470189335,
            0.0003159144173937837,
            0.00047495549943114905,
            -0.005638203699462174,
            0.008222075491304805,
            -0.00039506627740276316
        ],
        [
            -0.0017537493727520434,
            -0.03413982243599977,
            0.006464027401140693,
            0.020245709372221664,
            0.00846819720581874,
            0.037022290442070144,
            0.03366972662804197,
            -0.013005963306410379,
            -0.03161687570754624,
            -0.008510519709166324,
            0.05252572888663598,
            0.17776425428530085,
            -0.12062063922973902,
            0.2030233066738181,
            0.0003159144173937837,
            0.532379754607927,
            0.3480084359199083,
            -0.0665811684320774,
            0.16660663878767992,
            -0.009293813540826494
        ],
        [
            -0.0284655055001113,
            -0.03806874521396804,
            0.006228326923674145,
            0.022908460235659952,
            0.00768951946217559,
            0.035923296915154966,
            0.02516713167468995,
            -0.0012345188413222926,
            0.020319757385304137,
            -0.005965169839761888,
            0.0857726519927307,
            0.1307902493425043,
            -0.07040241039022792,
            0.12904749995192885,
            0.00047495549943114905,
            0.3480084359199083,
            0.2345653879534766,
            -0.029062965664796568,
            0.07895519222030856,
            -0.005186255714730147
        ],
        [
            0.011094039320207387,
            0.011499792775249104,
            -0.01251516822543946,
            -0.028017106491748135,
            -0.013455866830072043,
            -0.01973161778115098,
            0.014269855310661985,
            0.007730005768795482,
            0.09767687958240708,
            -0.02088217612571071,
            0.13657445023858317,
            0.013595242440332753,
            0.040962549515679174,
            0.002444843163927058,
            -0.005638203699462174,
            -0.0665811684320774,
            -0.029062965664796568,
            0.05254132181178577,
            -0.10921674134125592,
            0.0037538052563279023
        ],
        [
            -0.022835039739929727,
            -0.029698071847821157,
            0.020098635012480662,
            0.04143509617854463,
            0.021391966342152114,
            0.010977598066146906,
            -0.037506303010853136,
            -0.0183605415148662,
            -0.1957576843203887,
            0.0381082267537084,
            -0.27726389758574493,
            -0.023052749992159446,
            -0.08782810915494788,
            0.02594028930917448,
            0.008222075491304805,
            0.16660663878767992,
            0.07895519222030856,
            -0.10921674134125592,
            0.23067704150183263,
            -0.008042139285265162
        ],
        [
            -0.0005390360177802006,
            0.0001156186651630489,
            -0.0008218404248930443,
            -0.0018899150441057026,
            -0.0009158052550682308,
            -0.0023165872219736254,
            -0.0001280051112212433,
            0.0006899468423514914,
            0.006509122774619193,
            -0.001021551289319896,
            0.007300041203811487,
            -0.0012200702172563318,
            0.0036977830623184204,
            -0.0015676535360442448,
            -0.00039506627740276316,
            -0.009293813540826494,
            -0.005186255714730147,
            0.0037538052563279023,
            -0.008042139285265162,
            0.00031786776600378167
        ]
    ]
}