{
    "opt_E": -2.190279872013331,
    "HF_E": -2.1581787030587285,
    "B3LYP_E": -2.160821569443438,
    "sto-3G_E": -2.1410616519448857,
    "proj": [
        [
            0.5811706150542458,
            0.36770499376314986,
            -0.027055537002421418,
            -0.1678538613538919,
            0.010126859083461994,
            -0.012550079508709377,
            0.1633215582394313,
            -0.053562086103953195,
            -0.19915621817360407,
            0.03492102839814704,
            0.04168858366543878,
            0.02450889081382344,
            -0.003176645649534727,
            0.06595600053590767,
            0.011407454629617909,
            -0.0019485385126565156,
            -0.032749007462433095,
            -0.004070311378366514,
            -0.026252177503602057,
            -0.000898265473857964
        ],
        [
            0.36770499376314986,
            0.25210189278733597,
            -0.007799006627369048,
            -0.05599646166531843,
            0.0020721990522439312,
            0.08855825587674825,
            0.13700313252153834,
            -0.02765203053347647,
            -0.13335426059457126,
            0.014365489293620472,
            0.026083199650907073,
            0.023461994939294732,
            0.0017491479740310472,
            -0.02394868852563557,
            -0.004699069658152557,
            -0.031260999257243155,
            -0.04116301364188316,
            -0.0022115017088347355,
            -0.016296878690688354,
            -0.000676862321826115
        ],
        [
            -0.027055537002421418,
            -0.007799006627369048,
            0.0066811343067954086,
            0.03632206850503109,
            -0.0030591628966131655,
            0.05407885673230594,
            0.010199843229841573,
            0.006347594225631808,
            -0.0015223746145758305,
            -0.007089256963585515,
            -0.010214553110380975,
            0.007081542100195266,
            0.003836326727788594,
            -0.030834699174477995,
            -0.006887635389906598,
            0.006737303377137415,
            0.003864419771973628,
            0.0014335283507246172,
            0.012762259604017117,
            0.0009571498946408204
        ],
        [
            -0.1678538613538919,
            -0.05599646166531843,
            0.03632206850503109,
            0.19909412412255206,
            -0.016454961527561932,
            0.28892174341029575,
            0.050390278531672446,
            0.035042045036922244,
            0.010580384728341621,
            -0.036974686882702994,
            -0.038792027492686926,
            0.03963589875137642,
            0.019237894629641383,
            -0.16982240622573616,
            -0.03678764591336291,
            0.025302703659955038,
            0.017911878810260448,
            0.0065568668903937255,
            0.05633234923170621,
            0.004100090521616169
        ],
        [
            0.010126859083461994,
            0.0020721990522439312,
            -0.0030591628966131655,
            -0.016454961527561932,
            0.0014199837792123933,
            -0.02529581118001482,
            -0.005186682792818806,
            -0.002856209811985616,
            0.002795906767111484,
            0.0034301198888051195,
            0.006637082129192302,
            -0.0029860299413461606,
            -0.0019222200849585186,
            0.014001620940391125,
            0.003235424269741753,
            -0.004023072813791341,
            -0.0018940046201114057,
            -0.0007912326539858233,
            -0.007252030270171907,
            -0.000556352398811182
        ],
        [
            -0.012550079508709377,
            0.08855825587674825,
            0.05407885673230594,
            0.28892174341029575,
            -0.02529581118001482,
            0.5540812323355009,
            0.19991478945368021,
            0.034071081422247206,
            -0.03873979181250603,
            -0.04208388470716519,
            0.03390498742902264,
            0.11897141535149125,
            0.031637314892271465,
            -0.2867447073044882,
            -0.06198412556605281,
            0.04624174374557318,
            0.030303083877829838,
            0.00556690894666098,
            0.04654253489700644,
            0.0036594724984294613
        ],
        [
            0.1633215582394313,
            0.13700313252153834,
            0.010199843229841573,
            0.050390278531672446,
            -0.005186682792818806,
            0.19991478945368021,
            0.13527888157304155,
            -0.008208418085223424,
            -0.02362214080966681,
            0.0056889541829037785,
            0.11343392970769373,
            0.08367418947236689,
            0.00723991448470005,
            -0.0739477050431372,
            -0.015827597774812716,
            0.026413039444306296,
            0.022835282876593737,
            -0.003927583436184755,
            -0.03688202199209352,
            -0.002509894140933892
        ],
        [
            -0.053562086103953195,
            -0.02765203053347647,
            0.006347594225631808,
            0.035042045036922244,
            -0.002856209811985616,
            0.034071081422247206,
            -0.008208418085223424,
            0.008780009763860933,
            -0.0017902727908642585,
            -0.00968169986087717,
            -0.033881083822956445,
            -0.006441481089587219,
            0.003531007644036337,
            -0.02664297087452998,
            -0.005986596024019826,
            0.0014107602283276385,
            -0.0015160691777768463,
            0.0024847082443392545,
            0.022518152119072637,
            0.0016528748782369612
        ],
        [
            -0.19915621817360407,
            -0.13335426059457126,
            -0.0015223746145758305,
            0.010580384728341621,
            0.002795906767111484,
            -0.03873979181250603,
            -0.02362214080966681,
            -0.0017902727908642585,
            0.24474118876673162,
            0.02961474187448373,
            0.28636435018617384,
            0.06849267820595459,
            -0.018100571768963934,
            0.004332901230970507,
            0.011103965093628832,
            -0.061246656995446645,
            0.021558636187332534,
            -0.017701172068799696,
            -0.18006716496900327,
            -0.014708942011027498
        ],
        [
            0.03492102839814704,
            0.014365489293620472,
            -0.007089256963585515,
            -0.036974686882702994,
            0.0034301198888051195,
            -0.04208388470716519,
            0.0056889541829037785,
            -0.00968169986087717,
            0.02961474187448373,
            0.013804371397601576,
            0.06853650973441017,
            0.014399689154230025,
            -0.0058886631297675185,
            0.02970141401888895,
            0.0078044364569179155,
            -0.00841471764053236,
            0.004061788517169218,
            -0.004668717357949314,
            -0.044512457133783434,
            -0.00343562398325964
        ],
        [
            0.04168858366543878,
            0.026083199650907073,
            -0.010214553110380975,
            -0.038792027492686926,
            0.006637082129192302,
            0.03390498742902264,
            0.11343392970769373,
            -0.033881083822956445,
            0.28636435018617384,
            0.06853650973441017,
            0.5532538228255068,
            0.19269808087159584,
            -0.02323485132114143,
            0.03516985653602164,
            0.017762816546732573,
            -0.004085230639824576,
            0.08585501474081486,
            -0.031216936158200814,
            -0.30507630527804147,
            -0.023819237722191355
        ],
        [
            0.02450889081382344,
            0.023461994939294732,
            0.007081542100195266,
            0.03963589875137642,
            -0.0029860299413461606,
            0.11897141535149125,
            0.08367418947236689,
            -0.006441481089587219,
            0.06849267820595459,
            0.014399689154230025,
            0.19269808087159584,
            0.13312398364731565,
            0.006810525435871794,
            0.02181925328893031,
            -0.0020340202455460593,
            0.16717939543032143,
            0.136778282370141,
            -0.005466220345631695,
            -0.0465808581229004,
            -0.0030091334510965306
        ],
        [
            -0.003176645649534727,
            0.0017491479740310472,
            0.003836326727788594,
            0.019237894629641383,
            -0.0019222200849585186,
            0.031637314892271465,
            0.00723991448470005,
            0.003531007644036337,
            -0.018100571768963934,
            -0.0058886631297675185,
            -0.02323485132114143,
            0.006810525435871794,
            0.004563718202538903,
            -0.006644498381890302,
            -0.0038052582286014678,
            0.033145523395722874,
            0.017390191176064378,
            0.0025148631481883713,
            0.02562053908091752,
            0.0021137848569442795
        ],
        [
            0.06595600053590767,
            -0.02394868852563557,
            -0.030834699174477995,
            -0.16982240622573616,
            0.014001620940391125,
            -0.2867447073044882,
            -0.0739477050431372,
            -0.02664297087452998,
            0.004332901230970507,
            0.02970141401888895,
            0.03516985653602164,
            0.02181925328893031,
            -0.006644498381890302,
            0.2511332233324924,
            0.04044255616942686,
            0.2042459688689436,
            0.1361980664100619,
            -0.0003243148107881011,
            0.013792381674004064,
            0.002030146370864184
        ],
        [
            0.011407454629617909,
            -0.004699069658152557,
            -0.006887635389906598,
            -0.03678764591336291,
            0.003235424269741753,
            -0.06198412556605281,
            -0.015827597774812716,
            -0.005986596024019826,
            0.011103965093628832,
            0.0078044364569179155,
            0.017762816546732573,
            -0.0020340202455460593,
            -0.0038052582286014678,
            0.04044255616942686,
            0.00822537985515445,
            0.00818472800521916,
            0.00812734711468146,
            -0.0015380557413480094,
            -0.013251300286579972,
            -0.0009698961265249141
        ],
        [
            -0.0019485385126565156,
            -0.031260999257243155,
            0.006737303377137415,
            0.025302703659955038,
            -0.004023072813791341,
            0.04624174374557318,
            0.026413039444306296,
            0.0014107602283276385,
            -0.061246656995446645,
            -0.00841471764053236,
            -0.004085230639824576,
            0.16717939543032143,
            0.033145523395722874,
            0.2042459688689436,
            0.00818472800521916,
            0.5709642031902088,
            0.36702506993683287,
            0.015032461545919204,
            0.17490376768811697,
            0.0157784062625887
        ],
        [
            -0.032749007462433095,
            -0.04116301364188316,
            0.003864419771973628,
            0.017911878810260448,
            -0.0018940046201114057,
            0.030303083877829838,
            0.022835282876593737,
            -0.0015160691777768463,
            0.021558636187332534,
            0.004061788517169218,
            0.08585501474081486,
            0.136778282370141,
            0.017390191176064378,
            0.1361980664100619,
            0.00812734711468146,
            0.36702506993683287,
            0.25266379084502855,
            0.00473124260382765,
            0.06347180450360723,
            0.0062473319299838894
        ],
        [
            -0.004070311378366514,
            -0.0022115017088347355,
            0.0014335283507246172,
            0.0065568668903937255,
            -0.0007912326539858233,
            0.00556690894666098,
            -0.003927583436184755,
            0.0024847082443392545,
            -0.017701172068799696,
            -0.004668717357949314,
            -0.031216936158200814,
            -0.005466220345631695,
            0.0025148631481883713,
            -0.0003243148107881011,
            -0.0015380557413480094,
            0.015032461545919204,
            0.00473124260382765,
            0.0022208791247215376,
            0.02227917222373169,
            0.0017898161564531376
        ],
        [
            -0.026252177503602057,
            -0.016296878690688354,
            0.012762259604017117,
            0.05633234923170621,
            -0.007252030270171907,
            0.04654253489700644,
            -0.03688202199209352,
            0.022518152119072637,
            -0.18006716496900327,
            -0.044512457133783434,
            -0.30507630527804147,
            -0.0465808581229004,
            0.02562053908091752,
            0.013792381674004064,
            -0.013251300286579972,
            0.17490376768811697,
            0.06347180450360723,
            0.02227917222373169,
            0.22521677396040998,
            0.01820948149295848
        ],
        [
            -0.000898265473857964,
            -0.000676862321826115,
            0.0009571498946408204,
            0.004100090521616169,
            -0.000556352398811182,
            0.0036594724984294613,
            -0.002509894140933892,
            0.0016528748782369612,
            -0.014708942011027498,
            -0.00343562398325964,
            -0.023819237722191355,
            -0.0030091334510965306,
            0.0021137848569442795,
            0.002030146370864184,
            -0.0009698961265249141,
            0.0157784062625887,
            0.0062473319299838894,
            0.0017898161564531376,
            0.01820948149295848,
            0.0014807911297433547
        ]
    ]
}