3.073827392274569 

[[-1.6516164243,  0.4055707912,  0.0872788561,  0.1278747513],
[ 0.4055707912, -1.9777353163,  0.1944411240, -0.0388960823],
[ 0.0872788561,  0.1944411240, -1.7119807850,  0.0587337697],
[ 0.1278747513, -0.0388960823,  0.0587337697, -0.8282609935]]

       
       
[[[[ 6.9589137372e-01, -1.1574039744e-01,  1.9882032188e-04,
1.0295607775e-01],
[-1.1574039744e-01,  5.0037316693e-01, -1.4298699329e-02,
5.5498848132e-03],
[ 1.9882032188e-04, -1.4298699329e-02,  4.9110231497e-01,
-7.6190438097e-02],
[ 1.0295607775e-01,  5.5498848132e-03, -7.6190438097e-02,
5.6192258233e-01]],

[[-1.1574039744e-01,  8.6982746623e-02, -1.1062086305e-02,
-6.7839210312e-02],
[ 8.6982746623e-02, -9.7349569932e-03, -1.3636842069e-02,
-3.0946410895e-02],
[-1.1062086305e-02, -1.3636842069e-02, -2.2501515788e-02,
5.4412274267e-02],
[-6.7839210312e-02, -3.0946410895e-02,  5.4412274267e-02,
-2.8719382405e-02]],

[[ 1.9882032188e-04, -1.1062086305e-02,  3.4600326950e-02,
1.5590382846e-02],
[-1.1062086305e-02,  3.4733903261e-03,  3.6248807740e-02,
4.2942472737e-02],
[ 3.4600326950e-02,  3.6248807740e-02,  2.8375700128e-02,
-1.6984396373e-03],
[ 1.5590382846e-02,  4.2942472737e-02, -1.6984396373e-03,
-1.2182308619e-02]],

[[ 1.0295607775e-01, -6.7839210312e-02,  1.5590382846e-02,
1.3327816423e-01],
[-6.7839210312e-02, -5.8613357866e-03,  1.0752711280e-01,
2.2028869795e-02],
[ 1.5590382846e-02,  1.0752711280e-01,  3.5983283412e-02,
-1.9051233071e-03],
[ 1.3327816423e-01,  2.2028869795e-02, -1.9051233071e-03,
-3.3227642406e-02]]],


[[[-1.1574039744e-01,  8.6982746623e-02, -1.1062086305e-02,
-6.7839210312e-02],
[ 8.6982746623e-02, -9.7349569932e-03, -1.3636842069e-02,
-3.0946410895e-02],
[-1.1062086305e-02, -1.3636842069e-02, -2.2501515788e-02,
5.4412274267e-02],
[-6.7839210312e-02, -3.0946410895e-02,  5.4412274267e-02,
-2.8719382405e-02]],

[[ 5.0037316693e-01, -9.7349569932e-03,  3.4733903261e-03,
-5.8613357866e-03],
[-9.7349569932e-03,  5.1055753208e-01, -2.9287860512e-02,
2.5329892707e-02],
[ 3.4733903261e-03, -2.9287860512e-02,  5.0599670237e-01,
-3.7931103829e-02],
[-5.8613357866e-03,  2.5329892707e-02, -3.7931103829e-02,
5.2264261991e-01]],

[[-1.4298699329e-02, -1.3636842069e-02,  3.6248807740e-02,
1.0752711280e-01],
[-1.3636842069e-02, -2.9287860512e-02,  2.0527455556e-01,
2.5239270089e-02],
[ 3.6248807740e-02,  2.0527455556e-01,  3.8668524409e-02,
6.9224731819e-02],
[ 1.0752711280e-01,  2.5239270089e-02,  6.9224731819e-02,
-1.1722667435e-01]],

[[ 5.5498848132e-03, -3.0946410895e-02,  4.2942472737e-02,
2.2028869795e-02],
[-3.0946410895e-02,  2.5329892707e-02,  2.5239270089e-02,
8.7744539838e-02],
[ 4.2942472737e-02,  2.5239270089e-02,  6.4344664861e-02,
-4.1819663420e-02],
[ 2.2028869795e-02,  8.7744539838e-02, -4.1819663420e-02,
9.4239478669e-03]]],


[[[ 1.9882032188e-04, -1.1062086305e-02,  3.4600326950e-02,
1.5590382846e-02],
[-1.1062086305e-02,  3.4733903261e-03,  3.6248807740e-02,
4.2942472737e-02],
[ 3.4600326950e-02,  3.6248807740e-02,  2.8375700128e-02,
-1.6984396373e-03],
[ 1.5590382846e-02,  4.2942472737e-02, -1.6984396373e-03,
-1.2182308619e-02]],

[[-1.4298699329e-02, -1.3636842069e-02,  3.6248807740e-02,
1.0752711280e-01],
[-1.3636842069e-02, -2.9287860512e-02,  2.0527455556e-01,
2.5239270089e-02],
[ 3.6248807740e-02,  2.0527455556e-01,  3.8668524409e-02,
6.9224731819e-02],
[ 1.0752711280e-01,  2.5239270089e-02,  6.9224731819e-02,
-1.1722667435e-01]],

[[ 4.9110231497e-01, -2.2501515788e-02,  2.8375700128e-02,
3.5983283412e-02],
[-2.2501515788e-02,  5.0599670237e-01,  3.8668524409e-02,
6.4344664861e-02],
[ 2.8375700128e-02,  3.8668524409e-02,  5.3954416746e-01,
-3.5342881805e-02],
[ 3.5983283412e-02,  6.4344664861e-02, -3.5342881805e-02,
4.8877990946e-01]],

[[-7.6190438097e-02,  5.4412274267e-02, -1.6984396373e-03,
-1.9051233071e-03],
[ 5.4412274267e-02, -3.7931103829e-02,  6.9224731819e-02,
-4.1819663420e-02],
[-1.6984396373e-03,  6.9224731819e-02, -3.5342881805e-02,
8.5031779796e-02],
[-1.9051233071e-03, -4.1819663420e-02,  8.5031779796e-02,
-8.7641392046e-02]]],


[[[ 1.0295607775e-01, -6.7839210312e-02,  1.5590382846e-02,
1.3327816423e-01],
[-6.7839210312e-02, -5.8613357866e-03,  1.0752711280e-01,
2.2028869795e-02],
[ 1.5590382846e-02,  1.0752711280e-01,  3.5983283412e-02,
-1.9051233071e-03],
[ 1.3327816423e-01,  2.2028869795e-02, -1.9051233071e-03,
-3.3227642406e-02]],

[[ 5.5498848132e-03, -3.0946410895e-02,  4.2942472737e-02,
2.2028869795e-02],
[-3.0946410895e-02,  2.5329892707e-02,  2.5239270089e-02,
8.7744539838e-02],
[ 4.2942472737e-02,  2.5239270089e-02,  6.4344664861e-02,
-4.1819663420e-02],
[ 2.2028869795e-02,  8.7744539838e-02, -4.1819663420e-02,
9.4239478669e-03]],

[[-7.6190438097e-02,  5.4412274267e-02, -1.6984396373e-03,
-1.9051233071e-03],
[ 5.4412274267e-02, -3.7931103829e-02,  6.9224731819e-02,
-4.1819663420e-02],
[-1.6984396373e-03,  6.9224731819e-02, -3.5342881805e-02,
8.5031779796e-02],
[-1.9051233071e-03, -4.1819663420e-02,  8.5031779796e-02,
-8.7641392046e-02]],

[[ 5.6192258233e-01, -2.8719382405e-02, -1.2182308619e-02,
-3.3227642406e-02],
[-2.8719382405e-02,  5.2264261991e-01, -1.1722667435e-01,
9.4239478669e-03],
[-1.2182308619e-02, -1.1722667435e-01,  4.8877990946e-01,
-8.7641392046e-02],
[-3.3227642406e-02,  9.4239478669e-03, -8.7641392046e-02,
6.2187724067e-01]]]]
