{"HF": -422.83410823234, "coordinates": [[0.071611288, 0.610786439, 1.025913692], [-0.00654384, 0.129830321, -0.40810365], [0.850897805, 0.36103936, -1.227509755], [-1.236717205, -0.714483859, -0.769840114], [-1.020599433, -2.145126129, -0.365105661], [-0.069255113, -3.184762656, -0.986915132], [-1.048148402, -4.306868054, -0.489494561], [-1.931652317, -3.20444869, 0.108524489], [-1.114873815, -2.46981446, 1.033962938], [1.043162565, 1.067502205, 1.21763318], [-0.71957134, 1.348785438, 1.206899109], [-0.110574542, -0.22136761, 1.71353494], [-2.128583057, -0.334677497, -0.260883502], [-1.378958106, -0.654402926, -1.852398296], [-0.018705359, -3.1230133, -2.076103055], [0.942158302, -3.188713022, -0.575579206], [-1.525552118, -4.842674162, -1.313046529], [-0.653490514, -5.02309111, 0.234527954], [-3.001686282, -3.195405633, 0.285328757]], "elements": ["C", "C", "O", "C", "C", "C", "C", "C", "O", "H", "H", "H", "H", "H", "H", "H", "H", "H", "H"], "Enn": 452.8032392622, "S": [[1.0, 0.325565, 0.151774, 0.0, -0.0, -0.0, 0.0, -0.0, -0.0, -0.0, -0.0, 0.0, -0.0, 0.0, 0.0, 0.015533, 0.053443, 0.019183, 0.001046, 0.006434, 0.10334, 0.005632, 0.034659, 0.016602, 0.001663, 0.010235, -0.001671, 0.000558, 0.0, 0.0, 0.001672, 0.0, -0.0, 0.0, 0.005054, -0.001748, 0.00056, 0.0, -0.0, 0.0, 0.0, -0.0, 0.0, 4.7e-05, 0.007224, 1.1e-05, 8e-06, 8e-06, 0.012663, 0.009226, 0.009346, 0.0, 1e-06, 1e-06, -0.0, 1e-06, 0.0, 0.0, 0.001155, 0.0, 0.0, 0.0, 0.001168, 0.000917, 0.002313, -0.0, 0.0, 0.0, -0.0, 0.0, 0.0, 0.0, 3.4e-05, 0.0, 0.0, 0.0, 2.8e-05, 2e-06, 5.3e-05, 0.0, 0.0, 0.0, 0.0, 0.0, 0.0, 0.0, 1e-06, 0.0, 0.0, 0.0, 0.0, 0.0, 1e-06, 0.0, 0.0, 0.0, 0.0, 0.0, 0.0, 0.0, 2.2e-05, 0.0, 0.0, 0.0, 8e-06, 1.7e-05, 3.3e-05, 0.0, 0.0, 0.0, 0.0, 0.0, 0.0, 0.0, 2e-05, 0.0, 0.0, 0.0, -0.0, 2.2e-05, 5.7e-05, 0.0, 0.0, 0.0, 0.0, 0.0, 0.050492, 0.087087, -0.014628, -0.074127, -0.034846, 0.049445, 0.086567, -0.01334, 0.058314, -0.054395, 0.049804, 0.086746, -0.05129, 0.013589, 0.062071, 6e-06, 0.006257, 0.0, 0.0, 0.0, 0.0, 0.000888, 0.0, 0.0, 0.0, 0.0, 7e-06, 0.0, 0.0, 0.0, 0.0, 7.7e-05, 0.0, 0.0, 0.0, 0.0, 0.0, 0.0, 0.0, 0.0, 0.0, 0.0, 0.0, 0.0, 0.0, 0.0, 4e-06, 0.0, 0.0, 0.0], [0.325565, 1.0, 0.798485, -0.0, 0.0, 0.0, 0.0, 0.0, 0.0, 0.0, 0.0, 0.0, -0.0, 0.0, 0.015533, 0.192372, 0.355531, 0.206797, 0.011271, 0.069358, 0.52329, 0.02852, 0.175507, 0.146463, 0.014673, 0.090295, -0.014742, 0.004921, -8.1e-05, 0.003669, 0.038979, 0.004023, -0.001391, 0.000446, 0.089509, -0.030954, 0.00992, 0.004923, -0.003157, 0.001012, 0.00049, -0.00035, 4.7e-05, 0.008153, 0.075337, 0.006322, 0.004606, 0.004666, 0.11515, 0.083895, 0.084981, 0.001679, 0.004584, 0.004644, -4.4e-05, 0.003383, 0.0, 0.00045, 0.018182, 0.000171, 0.000135, 0.00034, 0.018134, 0.014239, 0.035928, -5.9e-05, 6.3e-05, 0.000159, -0.000132, 0.000125, 0.0, 2e-06, 0.00118, 0.0, 0.0, 1e-06, 0.001224, 8.6e-05, 0.002308, -0.0, 0.0, 0.0, -0.0, 0.0, 0.0, 0.0, 4.5e-05, 0.0, 0.0, 0.0, 2.4e-05, 1.8e-05, 7.7e-05, -0.0, 0.0, 0.0, -0.0, 0.0, 0.0, 1e-06, 0.000849, 0.0, 0.0, 0.0, 0.000386, 0.000842, 0.001604, -0.0, 0.0, 0.0, -0.0, 0.0, -0.0, 2.6e-05, 0.002203, -0.0, 1e-05, 2.6e-05, -1.6e-05, 0.002314, 0.006008, -2.2e-05, -0.0, -0.0, -2.8e-05, 2.6e-05, 0.36952, 0.521917, -0.063787, -0.323246, -0.151954, 0.36537, 0.519461, -0.059409, 0.259708, -0.24225, 0.366798, 0.520308, -0.226767, 0.060082, 0.274432, 0.003104, 0.065688, 0.001139, 0.001947, 0.000837, 9.6e-05, 0.014124, 3.1e-05, 1.6e-05, 1.4e-05, 0.0, 0.000294, 0.0, 0.0, 0.0, 1e-06, 0.002054, 0.0, -0.0, 0.0, 0.0, 3e-06, 0.0, 0.0, 0.0, 0.0, 1.3e-05, 0.0, 0.0, 0.0, 0.0, 0.000217, 0.0, 0.0, 0.0], [0.151774, 0.798485, 1.0, -0.0, -0.0, -0.0, -0.0, -0.0, -0.0, -0.0, 0.0, 0.0, -0.0, 0.0, 0.053443, 0.355531, 0.585004, 0.191959, 0.010462, 0.064381, 0.546369, 0.029778, 0.183247, 0.058314, 0.005842, 0.035951, -0.00587, 0.001959, -0.006916, 0.057004, 0.155942, 0.03578, -0.012374, 0.003965, 0.20977, -0.072543, 0.023249, 0.018513, -0.011872, 0.003805, 0.001842, -0.001316, 0.007224, 0.075337, 0.209234, 0.044677, 0.03255, 0.032972, 0.226126, 0.164748, 0.166881, 0.007663, 0.020919, 0.02119, -0.000199, 0.015438, 0.001155, 0.018182, 0.081573, 0.007441, 0.005842, 0.014742, 0.063522, 0.049877, 0.125851, -0.002504, 0.00268, 0.006762, -0.005646, 0.005309, 3.4e-05, 0.00118, 0.013317, 0.000564, 3.9e-05, 0.001064, 0.013055, 0.000914, 0.024618, -0.000143, 2.2e-05, 0.000598, -0.000563, 4.2e-05, 1e-06, 4.5e-05, 0.00153, 1.3e-05, 9e-06, 4.1e-05, 0.000957, 0.000707, 0.003105, -1.1e-05, 3e-06, 1.4e-05, -2.2e-05, 1e-05, 2.2e-05, 0.000849, 0.010707, 0.000181, 0.000394, 0.000751, 0.004705, 0.010273, 0.019566, -0.000262, 9.9e-05, 0.000188, -0.000284, 0.000411, -0.000645, 0.007175, 0.031751, -1.5e-05, 0.002184, 0.005671, -0.000146, 0.021557, 0.055972, -0.002426, -7e-06, -1.9e-05, -0.003117, 0.002819, 0.455286, 0.764094, -0.032765, -0.166039, -0.078053, 0.452919, 0.761667, -0.030756, 0.13445, -0.125412, 0.453735, 0.762505, -0.11708, 0.03102, 0.141689, 0.04651, 0.188778, 0.018211, 0.031137, 0.01338, 0.008654, 0.066935, 0.006421, 0.003236, 0.002822, 0.000128, 0.004916, 6.6e-05, 2e-06, 7.9e-05, 0.001058, 0.018229, 0.000352, -0.000191, 0.000835, 1e-06, 0.000201, 0.0, 0.0, 0.0, 4e-06, 0.000601, 0.0, 0.0, 3e-06, 9.2e-05, 0.004005, 1.1e-05, 4.5e-05, 5.6e-05], [0.0, -0.0, -0.0, 1.0, 0.0, 0.0, 0.531899, 0.0, -0.0, -0.0, 0.0, -0.0, 0.0, 0.0, -0.019183, -0.206797, -0.191959, -0.2325, -0.016494, -0.101501, -0.154136, -0.019091, -0.117481, -0.171229, -0.023748, -0.146144, 0.029763, -0.009935, 3.1e-05, -0.003408, -0.040507, -0.003793, 0.00142, -0.000455, -0.091833, 0.037267, -0.011944, -0.005085, 0.003585, -0.001149, -0.0006, 0.000429, -1.1e-05, -0.006322, -0.044677, -0.004501, -0.003892, -0.003943, -0.052142, -0.059256, -0.060024, -0.000642, -0.003591, -0.003637, 3.9e-05, -0.003058, -0.0, -0.000171, -0.007441, -4.5e-05, -4.8e-05, -0.000121, -0.00342, -0.006716, -0.016947, 2.4e-05, -1.5e-05, -3.8e-05, 4.1e-05, -3.8e-05, 0.0, -0.0, -0.000564, -0.0, -0.0, -0.0, -0.000454, -4.5e-05, -0.001203, 0.0, -0.0, -0.0, 0.0, -0.0, 0.0, -0.0, -1.3e-05, 0.0, 0.0, 0.0, -3e-06, -5e-06, -2.2e-05, 0.0, 0.0, 0.0, 0.0, 0.0, 0.0, -0.0, -0.000181, -0.0, -0.0, -0.0, 3.4e-05, -0.000194, -0.000369, 0.0, -0.0, -0.0, 0.0, -0.0, -0.0, 0.0, 6e-06, 0.0, 0.0, 0.0, 0.000526, 7e-06, 1.7e-05, -0.0, 0.0, 1e-06, -0.0, 0.0, 0.069076, 0.036652, 0.1858, -0.095834, -0.045051, 0.064265, 0.034424, 0.184572, 0.072316, -0.067455, 0.245396, 0.131019, -0.037977, 0.063674, 0.29084, -0.001544, -0.026237, -0.000389, -0.000898, -0.000386, -6.1e-05, -0.011219, -1.2e-05, -6e-06, -6e-06, -0.0, -0.00019, 0.0, 0.0, 0.0, -0.0, -0.000787, -0.0, 0.0, -0.0, 0.0, -1e-06, 0.0, 0.0, 0.0, 0.0, -2e-06, 0.0, 0.0, 0.0, -0.0, -3.3e-05, 0.0, 0.0, 0.0], [-0.0, 0.0, -0.0, 0.0, 1.0, 0.0, 0.0, 0.531899, 0.0, -0.0, -0.0, 0.0, 0.0, -0.0, -0.001046, -0.011271, -0.010462, -0.016494, 0.069236, -0.005532, -0.019091, 0.195104, -0.006403, -0.019507, 0.106173, -0.009935, 0.007497, 0.035609, -1.1e-05, 0.001179, 0.014008, 0.00142, -0.000178, 0.000157, 0.037267, 0.003044, 0.00413, 0.00225, -0.000518, 0.000429, -7.6e-05, -5.7e-05, -8e-06, -0.004606, -0.03255, -0.003892, -0.001994, -0.002873, -0.059256, -0.013982, -0.043731, -0.001425, -0.00226, -0.003058, 0.000581, -0.001668, -0.0, -0.000135, -0.005842, -4.8e-05, -2.2e-05, -9.5e-05, -0.006716, -0.000139, -0.013307, 1.2e-05, -1e-05, -3.8e-05, 3.6e-05, -1.9e-05, 0.0, -0.0, -3.9e-05, -0.0, 0.0, -0.0, -4.5e-05, 0.000181, -8.4e-05, 0.0, 0.0, -0.0, 0.0, 0.0, 0.0, -0.0, -9e-06, 0.0, 0.0, 0.0, -5e-06, -0.0, -1.6e-05, 0.0, 0.0, 0.0, 0.0, 0.0, 0.0, -0.0, -0.000394, -0.0, -0.0, -0.0, -0.000194, -0.0003, -0.000806, 0.0, -0.0, -0.0, 0.0, -0.0, 0.0, -4e-06, -0.000839, 0.0, -1e-06, -4e-06, 7e-06, -0.000451, -0.002536, 3e-06, 0.0, 0.0, 5e-06, -3e-06, 0.350046, 0.185738, -0.095834, -0.280934, -0.228296, -0.280938, -0.150485, 0.072316, -0.115017, 0.294881, -0.065018, -0.034713, 0.063674, 0.185478, -0.077058, -0.002639, -0.044861, -0.000898, -0.0014, -0.00066, -3.1e-05, -0.005654, -6e-06, -3e-06, -3e-06, -0.0, -6e-06, 0.0, 0.0, 0.0, 0.0, 0.000428, 0.0, -0.0, 0.0, 0.0, -1e-06, 0.0, 0.0, 0.0, 0.0, -2e-06, 0.0, 0.0, 0.0, -0.0, -0.000136, 0.0, 0.0, 0.0], [-0.0, 0.0, -0.0, 0.0, 0.0, 1.0, -0.0, 0.0, 0.531899, 0.0, 0.0, -0.0, 0.0, 0.0, -0.006434, -0.069358, -0.064381, -0.101501, -0.005532, 0.036092, -0.117481, -0.006403, 0.156742, -0.120044, -0.009935, 0.046647, -0.026169, 0.002542, 3e-06, -0.000378, -0.004489, -0.000455, 0.000157, 0.000263, -0.011944, 0.00413, 0.014608, -0.000721, 0.000429, 0.000682, -0.000157, -0.000236, -8e-06, -0.004666, -0.032972, -0.003943, -0.002873, -0.002068, -0.060024, -0.043731, -0.015107, -0.001443, -0.003058, -0.002339, -0.000531, -0.001704, -0.0, -0.00034, -0.014742, -0.000121, -9.5e-05, -0.000224, -0.016947, -0.013307, -0.028441, 2.9e-05, -3.8e-05, -9.1e-05, 6.9e-05, -7.1e-05, 0.0, -1e-06, -0.001064, -0.0, -0.0, -0.0, -0.001203, -8.4e-05, -0.002085, 0.0, -0.0, -0.0, 0.0, -0.0, 0.0, -0.0, -4.1e-05, 0.0, 0.0, 0.0, -2.2e-05, -1.6e-05, -6.9e-05, 0.0, 0.0, 0.0, 0.0, 0.0, 0.0, -0.0, -0.000751, -0.0, -0.0, -0.0, -0.000369, -0.000806, -0.001413, 0.0, -0.0, -0.0, 0.0, -0.0, 0.0, -1.1e-05, -0.002179, 0.0, -4e-06, -1e-05, 1.7e-05, -0.002536, -0.006059, 9e-06, 0.0, 0.0, 1.1e-05, -1e-05, 0.164553, 0.087313, -0.045051, -0.228296, 0.097391, 0.262053, 0.14037, -0.067455, 0.294881, -0.073944, -0.296976, -0.158558, 0.29084, -0.077058, -0.149623, -0.001134, -0.019278, -0.000386, -0.00066, -0.000147, -2.7e-05, -0.004932, -6e-06, -3e-06, -2e-06, -0.0, -0.000229, 0.0, 0.0, 0.0, -1e-06, -0.001867, -0.0, 0.0, -0.0, 0.0, -2e-06, 0.0, 0.0, 0.0, 0.0, -1.2e-05, 0.0, 0.0, 0.0, -0.0, -0.000168, 0.0, 0.0, 0.0], [0.0, 0.0, -0.0, 0.531899, 0.0, -0.0, 1.0, 0.0, 0.0, 0.0, 0.0, 0.0, 0.0, 0.0, -0.10334, -0.52329, -0.546369, -0.154136, -0.019091, -0.117481, -0.064882, -0.032698, -0.201218, 0.016324, -0.006032, -0.037122, 0.012924, -0.004314, 0.016407, -0.125211, -0.279006, -0.073401, 0.031937, -0.010235, -0.305903, 0.146998, -0.04711, -0.031108, 0.028163, -0.009026, -0.005486, 0.003919, -0.012663, -0.11515, -0.226126, -0.052142, -0.059256, -0.060024, -0.122295, -0.206602, -0.209277, 0.007677, -0.029799, -0.030185, 0.000428, -0.033252, -0.001168, -0.018134, -0.063522, -0.00342, -0.006716, -0.016947, -0.002958, -0.044529, -0.112358, 0.006291, -0.001553, -0.003919, 0.007513, -0.007064, -2.8e-05, -0.001224, -0.013055, -0.000454, -4.5e-05, -0.001203, -0.007847, -0.001003, -0.027036, 0.000301, -2e-05, -0.000544, 0.000701, -5.2e-05, -0.0, -2.4e-05, -0.000957, -3e-06, -5e-06, -2.2e-05, -0.000131, -0.000481, -0.002115, 8e-06, -1e-06, -4e-06, 1.2e-05, -6e-06, -8e-06, -0.000386, -0.004705, 3.4e-05, -0.000194, -0.000369, 0.002723, -0.005043, -0.009604, 0.000178, 1.6e-05, 3e-05, 0.000153, -0.000222, -4e-06, 4.2e-05, 0.000172, 0.001604, 1.5e-05, 3.8e-05, 0.01952, 0.000131, 0.00034, -2.6e-05, 0.000907, 0.002356, -2.4e-05, 2.2e-05, 0.099323, 0.093382, 0.2585, -0.045628, -0.021449, 0.093209, 0.087853, 0.257809, 0.034851, -0.032508, 0.354855, 0.334176, 0.151041, 0.030558, 0.139577, -0.050508, -0.13965, -0.008074, -0.040545, -0.017423, -0.016988, -0.102588, -0.012542, -0.00728, -0.00635, -0.000161, -0.006695, -7.4e-05, -2e-06, -0.0001, -0.00089, -0.01412, -0.000183, 0.000173, -0.000756, -0.0, -0.000163, -0.0, -0.0, -0.0, -1e-06, -0.000179, 0.0, -0.0, -1e-06, -2.7e-05, -0.001283, 3e-06, -1.3e-05, -1.6e-05], [-0.0, 0.0, -0.0, 0.0, 0.531899, 0.0, 0.0, 1.0, 0.0, 0.0, 0.0, 0.0, 0.0, 0.0, -0.005632, -0.02852, -0.029778, -0.019091, 0.195104, -0.006403, -0.032698, 0.533287, -0.010967, -0.010942, 0.124632, -0.004314, 0.007535, 0.0418, -0.005674, 0.043301, 0.096487, 0.031937, 0.007906, 0.00354, 0.146998, 0.068328, 0.016292, 0.023225, 0.008586, 0.003919, -0.005301, 0.000952, -0.009226, -0.083895, -0.164748, -0.059256, -0.013982, -0.043731, -0.206602, 0.010754, -0.152473, -0.020835, -0.011884, -0.033252, 0.01557, -0.008771, -0.000917, -0.014239, -0.049877, -0.006716, -0.000139, -0.013307, -0.044529, 0.01879, -0.088222, 0.001454, -0.000237, -0.007064, 0.007911, -0.000469, -2e-06, -8.6e-05, -0.000914, -4.5e-05, 0.000181, -8.4e-05, -0.001003, 0.00642, -0.001892, 8e-06, 0.000105, -5.2e-05, 5.7e-05, 0.000197, -0.0, -1.8e-05, -0.000707, -5e-06, -0.0, -1.6e-05, -0.000481, 0.000165, -0.001562, 4e-06, -0.0, -6e-06, 1e-05, -1e-06, -1.7e-05, -0.000842, -0.010273, -0.000194, -0.0003, -0.000806, -0.005043, -0.005979, -0.020972, 0.000269, -8.5e-05, -0.000222, 0.000403, -0.000352, 0.000547, -0.006208, -0.025343, 1.5e-05, -0.000559, -0.005618, 0.000131, 0.000217, -0.050123, 0.002238, 2e-06, 2.2e-05, 0.004455, -0.000853, 0.503326, 0.47322, -0.045628, 0.036282, -0.108695, -0.407466, -0.384052, 0.034851, 0.11343, 0.14211, -0.094019, -0.08854, 0.030558, 0.258279, -0.036981, -0.08636, -0.238777, -0.040545, -0.053687, -0.02979, -0.008561, -0.051701, -0.00728, -0.001765, -0.0032, -5e-06, -0.000195, -2e-06, 9e-06, -3e-06, 0.000484, 0.007676, 0.000173, 4.2e-05, 0.000411, -0.0, -0.000111, -0.0, -0.0, -0.0, -1e-06, -0.000164, -0.0, 0.0, -0.0, -0.00011, -0.005323, -1.3e-05, -4.8e-05, -6.7e-05], [-0.0, 0.0, -0.0, -0.0, 0.0, 0.531899, 0.0, 0.0, 1.0, -0.0, 0.0, 0.0, -0.0, 0.0, -0.034659, -0.175507, -0.183247, -0.117481, -0.006403, 0.156742, -0.201218, -0.010967, 0.467583, -0.067333, -0.004314, 0.098784, -0.037701, 0.005384, 0.001818, -0.013877, -0.030922, -0.010235, 0.00354, 0.017816, -0.04711, 0.016292, 0.113942, -0.007443, 0.003919, 0.019559, -0.002915, -0.006764, -0.009346, -0.084981, -0.166881, -0.060024, -0.043731, -0.015107, -0.209277, -0.152473, 0.00683, -0.021104, -0.033252, -0.01274, -0.01514, -0.009282, -0.002313, -0.035928, -0.125851, -0.016947, -0.013307, -0.028441, -0.112358, -0.088222, -0.168852, 0.00367, -0.007064, -0.015262, 0.009807, -0.011984, -5.3e-05, -0.002308, -0.024618, -0.001203, -8.4e-05, -0.002085, -0.027036, -0.001892, -0.044491, 0.00022, -5.2e-05, -0.001298, 0.001122, -9.1e-05, -1e-06, -7.7e-05, -0.003105, -2.2e-05, -1.6e-05, -6.9e-05, -0.002115, -0.001562, -0.006342, 1.9e-05, -6e-06, -2.4e-05, 3.6e-05, -1.8e-05, -3.3e-05, -0.001604, -0.019566, -0.000369, -0.000806, -0.001413, -0.009604, -0.020972, -0.034908, 0.000512, -0.000222, -0.00039, 0.000504, -0.000852, 0.00142, -0.016118, -0.0658, 3.8e-05, -0.005618, -0.012981, 0.00034, -0.050123, -0.110618, 0.005811, 2.2e-05, 5e-05, 0.006856, -0.007424, 0.236608, 0.222456, -0.021449, -0.108695, 0.216408, 0.380076, 0.358236, -0.032508, 0.14211, 0.133224, -0.429443, -0.404417, 0.139577, -0.036981, 0.09746, -0.037111, -0.102607, -0.017423, -0.02979, 0.002837, -0.007467, -0.045094, -0.00635, -0.0032, -0.000887, -0.000194, -0.008058, -0.0001, -3e-06, -0.000111, -0.002111, -0.0335, -0.000756, 0.000411, -0.001658, -1e-06, -0.000379, -0.0, -0.0, -0.0, -7e-06, -0.001273, -1e-06, -0.0, -4e-06, -0.000136, -0.006592, -1.6e-05, -6.7e-05, -7.7e-05], [-0.0, 0.0, -0.0, -0.0, -0.0, 0.0, 0.0, 0.0, -0.0, 1.0, 0.0, 0.0, 0.0, -0.0, 0.016602, 0.146463, 0.058314, 0.171229, 0.019507, 0.120044, -0.016324, 0.010942, 0.067333, 0.119141, 0.031658, 0.194821, -0.052846, 0.017641, -3e-06, 0.002049, 0.027334, 0.002198, -0.00093, 0.000298, 0.058949, -0.032718, 0.010486, 0.003194, -0.0026, 0.000833, 0.000483, -0.000345, 0.0, 0.001679, 0.007663, 0.000642, 0.001425, 0.001443, -0.007677, 0.020835, 0.021104, -0.000602, 0.00089, 0.000902, -1.6e-05, 0.001262, -0.0, -5.9e-05, -0.002504, -2.4e-05, -1.2e-05, -2.9e-05, -0.006291, -0.001454, -0.00367, 0.0, -4e-06, -1.1e-05, 6e-06, -6e-06, 0.0, -0.0, -0.000143, -0.0, -0.0, -0.0, -0.000301, -8e-06, -0.00022, -0.0, -0.0, -0.0, 0.0, -0.0, 0.0, -0.0, -1.1e-05, 0.0, 0.0, 0.0, -8e-06, -4e-06, -1.9e-05, 0.0, 0.0, 0.0, 0.0, 0.0, 0.0, -0.0, -0.000262, -0.0, -0.0, -0.0, -0.000178, -0.000269, -0.000512, 0.0, -0.0, -0.0, 0.0, -0.0, 0.0, -1e-06, -0.000893, 0.0, -0.0, -1e-06, 1e-05, -0.001001, -0.002598, 1e-06, 0.0, 0.0, 1e-06, -1e-06, -0.136997, -0.022161, 0.121183, 0.093861, 0.044123, -0.137809, -0.022576, 0.113296, -0.080073, 0.07469, 0.027602, 0.004502, 0.204192, 0.042176, 0.192645, -0.000413, -0.004778, -0.000178, -0.000137, -5.9e-05, 2e-05, 0.004462, 2e-06, 1e-06, 1e-06, 0.0, 2.3e-05, 0.0, 0.0, 0.0, -0.0, -0.000395, -0.0, 0.0, -0.0, 0.0, -0.0, 0.0, 0.0, 0.0, 0.0, -4e-06, 0.0, 0.0, 0.0, -0.0, -7.1e-05, 0.0, 0.0, 0.0], [-0.0, 0.0, 0.0, 0.0, -0.0, 0.0, 0.0, 0.0, 0.0, 0.0, 1.0, 0.0, 0.0, 0.0, 0.001663, 0.014673, 0.005842, 0.023748, -0.106173, 0.009935, 0.006032, -0.124632, 0.004314, 0.031658, -0.18085, 0.019766, -0.015978, -0.073098, 2e-06, -0.001314, -0.017528, -0.001522, 0.000276, -0.00018, -0.045927, -0.002243, -0.005879, -0.0026, 0.00087, -0.000537, 1.9e-05, 0.000102, 1e-06, 0.004584, 0.020919, 0.003591, 0.00226, 0.003058, 0.029799, 0.011884, 0.033252, 0.00089, 0.002252, 0.002867, -0.000503, 0.001864, 0.0, 6.3e-05, 0.00268, 1.5e-05, 1e-05, 3.8e-05, 0.001553, 0.000237, 0.007064, -4e-06, 2e-06, 9e-06, -1e-05, 6e-06, 0.0, 0.0, 2.2e-05, 0.0, -0.0, 0.0, 2e-05, -0.000105, 5.2e-05, -0.0, -0.0, 0.0, -0.0, -0.0, 0.0, 0.0, 3e-06, 0.0, 0.0, 0.0, 1e-06, 0.0, 6e-06, 0.0, 0.0, 0.0, 0.0, 0.0, 0.0, 0.0, 9.9e-05, 0.0, 0.0, 0.0, -1.6e-05, 8.5e-05, 0.000222, -0.0, 0.0, 0.0, -0.0, 0.0, 0.0, -0.0, -3e-06, -0.0, -0.0, -0.0, -0.000248, -2e-06, -9e-06, 0.0, -0.0, -0.0, 0.0, -0.0, 0.081925, 0.013252, 0.268822, -0.100561, -0.075135, -0.061856, -0.010134, -0.217286, -0.043228, 0.091472, -0.054454, -0.008882, 0.019499, 0.189903, -0.090867, 0.001673, 0.019338, 0.000361, 0.000726, 0.000336, 2.3e-05, 0.005016, 2e-06, 1e-06, 1e-06, 0.0, 4e-06, 0.0, 0.0, 0.0, -0.0, -0.000189, -0.0, 0.0, -0.0, 0.0, 0.0, 0.0, 0.0, 0.0, 0.0, 0.0, 0.0, 0.0, 0.0, 0.0, 2.4e-05, 0.0, 0.0, 0.0], [0.0, 0.0, 0.0, -0.0, 0.0, -0.0, 0.0, 0.0, 0.0, 0.0, 0.0, 1.0, 0.0, 0.0, 0.010235, 0.090295, 0.035951, 0.146144, 0.009935, -0.046647, 0.037122, 0.004314, -0.098784, 0.194821, 0.019766, -0.062426, 0.050463, -0.0041, -1e-06, 0.000421, 0.005618, 0.000488, -0.00018, -0.000227, 0.014719, -0.005879, -0.018704, 0.000833, -0.000537, -0.000632, 0.000183, 0.000232, 1e-06, 0.004644, 0.02119, 0.003637, 0.003058, 0.002339, 0.030185, 0.033252, 0.01274, 0.000902, 0.002867, 0.002326, 0.000449, 0.001901, 0.0, 0.000159, 0.006762, 3.8e-05, 3.8e-05, 9.1e-05, 0.003919, 0.007064, 0.015262, -1.1e-05, 9e-06, 2.1e-05, -2e-05, 2e-05, 0.0, 0.0, 0.000598, 0.0, 0.0, 0.0, 0.000544, 5.2e-05, 0.001298, -0.0, 0.0, 0.0, -0.0, 0.0, 0.0, 0.0, 1.4e-05, 0.0, 0.0, 0.0, 4e-06, 6e-06, 2.4e-05, 0.0, 0.0, 0.0, 0.0, 0.0, 0.0, 0.0, 0.000188, 0.0, 0.0, 0.0, -3e-05, 0.000222, 0.00039, -0.0, 0.0, 0.0, -0.0, 0.0, 0.0, -0.0, -7e-06, -0.0, -0.0, -0.0, -0.000643, -9e-06, -2.2e-05, 0.0, -0.0, -0.0, 0.0, -0.0, 0.038512, 0.00623, 0.12637, -0.075135, 0.023951, 0.057698, 0.009452, 0.20268, 0.091472, -0.030487, -0.248723, -0.040569, 0.089062, -0.090867, -0.205247, 0.000719, 0.00831, 0.000155, 0.000336, 8.8e-05, 2e-05, 0.004375, 2e-06, 1e-06, 1e-06, 0.0, 0.000175, 0.0, 0.0, 0.0, 0.0, 0.000826, 0.0, -0.0, 0.0, 0.0, 1e-06, 0.0, 0.0, 0.0, 0.0, 2e-06, 0.0, 0.0, 0.0, 0.0, 3e-05, 0.0, 0.0, 0.0], [-0.0, -0.0, -0.0, 0.0, 0.0, 0.0, 0.0, 0.0, -0.0, 0.0, 0.0, 0.0, 1.0, -0.0, -0.001671, -0.014742, -0.00587, -0.029763, -0.007497, 0.026169, -0.012924, -0.007535, 0.037701, -0.052846, -0.015978, 0.050463, 0.016054, -0.001304, -0.0, 0.000204, 0.00272, 0.000251, 1.1e-05, 5.9e-05, 0.00823, 0.004274, 0.003194, 0.000483, 1.9e-05, 0.000183, -2.1e-05, -3.1e-05, -0.0, -4.4e-05, -0.000199, -3.9e-05, -0.000581, 0.000531, -0.000428, -0.01557, 0.01514, -1.6e-05, -0.000503, 0.000449, -0.000628, -2.2e-05, -0.0, -0.000132, -0.005646, -4.1e-05, -3.6e-05, -6.9e-05, -0.007513, -0.007911, -0.009807, 6e-06, -1e-05, -2e-05, 1.3e-05, -1.8e-05, 0.0, -0.0, -0.000563, -0.0, -0.0, -0.0, -0.000701, -5.7e-05, -0.001122, 0.0, -0.0, -0.0, 0.0, -0.0, 0.0, -0.0, -2.2e-05, 0.0, 0.0, 0.0, -1.2e-05, -1e-05, -3.6e-05, 0.0, 0.0, 0.0, 0.0, 0.0, 0.0, -0.0, -0.000284, -0.0, -0.0, -0.0, -0.000153, -0.000403, -0.000504, 0.0, -0.0, -0.0, 0.0, -0.0, 0.0, -2e-06, -0.001148, 0.0, -0.0, -1e-06, 1e-05, -0.001717, -0.003172, 1e-06, 0.0, 0.0, 1e-06, -1e-06, 0.161708, 0.026158, -0.062256, -0.015124, -0.289504, 0.017566, 0.002878, -0.00637, -0.211871, -0.249581, -0.143288, -0.023372, 0.197575, -0.107933, 0.014791, 0.001166, 0.013479, 0.000319, 0.000449, 0.000276, 1e-06, 0.000302, 0.0, -0.0, 0.0, -0.0, -0.000105, 0.0, 0.0, 0.0, -0.0, -0.000929, -0.0, 0.0, -0.0, 0.0, -1e-06, 0.0, 0.0, 0.0, 0.0, -7e-06, 0.0, 0.0, 0.0, -0.0, -2.7e-05, 0.0, 0.0, 0.0], [0.0, 0.0, 0.0, 0.0, -0.0, 0.0, 0.0, 0.0, 0.0, -0.0, 0.0, 0.0, -0.0, 1.0, 0.000558, 0.004921, 0.001959, 0.009935, -0.035609, -0.002542, 0.004314, -0.0418, -0.005384, 0.017641, -0.073098, -0.0041, -0.001304, 0.012582, 0.0, -0.000146, -0.001943, -0.00018, 3.1e-05, 7.8e-05, -0.005879, -0.000249, 0.006468, -0.000345, 0.000102, 0.000232, -3.1e-05, -4.2e-05, 1e-06, 0.003383, 0.015438, 0.003058, 0.001668, 0.001704, 0.033252, 0.008771, 0.009282, 0.001262, 0.001864, 0.001901, -2.2e-05, 0.001102, 0.0, 0.000125, 0.005309, 3.8e-05, 1.9e-05, 7.1e-05, 0.007064, 0.000469, 0.011984, -6e-06, 6e-06, 2e-05, -1.8e-05, 1.1e-05, 0.0, 0.0, 4.2e-05, 0.0, -0.0, 0.0, 5.2e-05, -0.000197, 9.1e-05, -0.0, -0.0, 0.0, -0.0, -0.0, 0.0, 0.0, 1e-05, 0.0, 0.0, 0.0, 6e-06, 1e-06, 1.8e-05, 0.0, 0.0, 0.0, 0.0, 0.0, 0.0, 0.0, 0.000411, 0.0, 0.0, 0.0, 0.000222, 0.000352, 0.000852, -0.0, 0.0, 0.0, -0.0, 0.0, -0.0, 2e-06, 0.001038, -0.0, 0.0, 1e-06, -9e-06, 0.000686, 0.003203, -1e-06, -0.0, -0.0, -1e-06, 1e-06, 0.195162, 0.03157, -0.075135, -0.239557, 0.121374, -0.25223, -0.041321, 0.091472, -0.176268, 0.133275, 0.065899, 0.010749, -0.090867, -0.229819, 0.05438, 0.001229, 0.014208, 0.000336, 0.000533, 0.00015, 1e-05, 0.002205, 1e-06, 0.0, 0.0, 0.0, 5e-06, 0.0, 0.0, 0.0, -0.0, -0.000449, -0.0, 0.0, -0.0, 0.0, 1e-06, 0.0, 0.0, 0.0, 0.0, 2e-06, 0.0, 0.0, 0.0, 0.0, 0.000125, 0.0, 0.0, 0.0], [0.0, 0.015533, 0.053443, -0.019183, -0.001046, -0.006434, -0.10334, -0.005632, -0.034659, 0.016602, 0.001663, 0.010235, -0.001671, 0.000558, 1.0, 0.325565, 0.151774, -0.0, -0.0, 0.0, -0.0, -0.0, 0.0, -0.0, 0.0, 0.0, -0.0, -0.0, -1e-06, 0.013256, 0.06816, 0.012152, -0.012716, -0.003429, 0.100269, -0.104923, -0.028292, 0.006912, -0.030356, -0.008185, 0.014728, 0.008565, 0.0, 0.014286, 0.051928, 0.004331, 0.01473, 0.01011, 0.025212, 0.085738, 0.058845, -0.007217, 0.005663, 0.003887, 0.005093, 0.013218, 0.0, 8.9e-05, 0.009016, -1e-06, 1.5e-05, 3.4e-05, -0.000392, 0.00925, 0.020752, -2e-06, -0.0, -0.0, -3e-06, 3e-06, 0.0, 0.0, 0.000879, 0.0, 0.0, 0.0, 0.000353, 3.8e-05, 0.002024, -0.0, 0.0, 0.0, -0.0, 0.0, 0.0, 0.0, 1.2e-05, 0.0, 0.0, 0.0, 0.0, 4e-06, 1.8e-05, 0.0, 0.0, 0.0, 0.0, 0.0, 0.0, 0.0, 0.000159, -0.0, 0.0, 0.0, -4.3e-05, 0.000161, 0.000279, 0.0, 0.0, 0.0, 0.0, 0.0, 0.0, 0.0, 4e-05, 0.0, 0.0, 0.0, -5.8e-05, 4.5e-05, 0.000105, 0.0, 0.0, 0.0, 0.0, 0.0, 0.000346, 0.020253, -3.1e-05, -2e-05, -1.8e-05, 0.000357, 0.02044, -3.3e-05, 1.5e-05, -2.5e-05, 0.000341, 0.020156, -4e-05, 2e-06, 7e-06, 0.000293, 0.019277, -2e-06, 3.1e-05, 7e-06, 0.000367, 0.020597, 3.1e-05, 2.9e-05, 1.7e-05, 0.0, 0.000496, 0.0, 0.0, 0.0, 0.0, 0.000907, 0.0, 0.0, 0.0, 0.0, 1e-06, 0.0, 0.0, 0.0, 0.0, 1e-06, 0.0, 0.0, 0.0, 0.0, 2.4e-05, 0.0, 0.0, 0.0], [0.015533, 0.192372, 0.355531, -0.206797, -0.011271, -0.069358, -0.52329, -0.02852, -0.175507, 0.146463, 0.014673, 0.090295, -0.014742, 0.004921, 0.325565, 1.0, 0.798485, 0.0, -0.0, 0.0, 0.0, -0.0, -0.0, 0.0, 0.0, 0.0, -0.0, 0.0, -0.029127, 0.225014, 0.426135, 0.134507, -0.14075, -0.037953, 0.400079, -0.41865, -0.112889, 0.029027, -0.127479, -0.034375, 0.061848, 0.03597, 0.014286, 0.183829, 0.347692, 0.049409, 0.168027, 0.115324, 0.128744, 0.437827, 0.300497, -0.06989, 0.054842, 0.03764, 0.049325, 0.128004, 8.9e-05, 0.011571, 0.089463, -0.000227, 0.005363, 0.012032, -0.003343, 0.078835, 0.17686, -0.005564, -0.000136, -0.000304, -0.006447, 0.007172, 0.0, 0.000292, 0.014701, 4.3e-05, 5e-06, 0.000248, 0.005947, 0.000644, 0.034053, -6.9e-05, 1e-06, 4.5e-05, -0.000128, 5e-06, 0.0, 0.0, 0.000524, 0.0, 0.0, 0.0, 2e-05, 0.000255, 0.001088, -0.0, 0.0, 0.0, -0.0, 0.0, 0.0, 2e-05, 0.003896, -2e-06, 6e-06, 1.1e-05, -0.001198, 0.004465, 0.007734, -3e-06, -1e-06, -1e-06, -2e-06, 4e-06, -0.0, 5.8e-05, 0.003504, -2.8e-05, 2.2e-05, 5.1e-05, -0.004576, 0.003517, 0.008249, -1.9e-05, -2.8e-05, -6.5e-05, -4.8e-05, 5e-05, 0.025452, 0.16559, -0.020266, -0.013085, -0.011689, 0.025877, 0.166792, -0.020553, 0.009074, -0.015512, 0.025231, 0.164961, -0.026161, 0.001283, 0.00433, 0.023284, 0.159274, -0.001642, 0.023667, 0.005181, 0.026235, 0.167796, 0.018699, 0.017768, 0.010153, 3.4e-05, 0.008924, 5e-06, 0.0, 1e-05, 0.0001, 0.014356, 2e-06, -1.1e-05, 3.8e-05, 0.0, 7e-05, 0.0, 0.0, 0.0, 0.0, 8.2e-05, -0.0, 0.0, 0.0, 0.0, 0.000819, -0.0, 0.0, 0.0], [0.053443, 0.355531, 0.585004, -0.191959, -0.010462, -0.064381, -0.546369, -0.029778, -0.183247, 0.058314, 0.005842, 0.035951, -0.00587, 0.001959, 0.151774, 0.798485, 1.0, 0.0, 0.0, 0.0, 0.0, 0.0, -0.0, -0.0, 0.0, 0.0, -0.0, 0.0, -0.049837, 0.320038, 0.586633, 0.078382, -0.08202, -0.022117, 0.297229, -0.311026, -0.083868, 0.00659, -0.02894, -0.007804, 0.014041, 0.008166, 0.051928, 0.347692, 0.576424, 0.047264, 0.160731, 0.110316, 0.135648, 0.461305, 0.316611, -0.028819, 0.022614, 0.015521, 0.020339, 0.052783, 0.009016, 0.089463, 0.23447, -0.001289, 0.030389, 0.068176, -0.006121, 0.144351, 0.323841, -0.019381, -0.000472, -0.001059, -0.022454, 0.024981, 0.000879, 0.014701, 0.070856, 0.002461, 0.000267, 0.014094, 0.022713, 0.002461, 0.130064, -0.004125, 5e-05, 0.002656, -0.007603, 0.000288, 1.2e-05, 0.000524, 0.007782, 1e-05, 0.000122, 0.00052, 0.000296, 0.003788, 0.016137, -0.000186, 3e-06, 1.1e-05, -0.000289, 0.000144, 0.000159, 0.003896, 0.029391, -0.000524, 0.001954, 0.003385, -0.007859, 0.029286, 0.050724, -0.001259, -0.000303, -0.000526, -0.001131, 0.001959, -0.000946, 0.010027, 0.041058, -0.003759, 0.002889, 0.006776, -0.034113, 0.026218, 0.061496, -0.00121, -0.00175, -0.004106, -0.003028, 0.003156, 0.128392, 0.35223, -0.069907, -0.045138, -0.04032, 0.129418, 0.353952, -0.070052, 0.030928, -0.052873, 0.127856, 0.351327, -0.090815, 0.004453, 0.015033, 0.123016, 0.34311, -0.006041, 0.087081, 0.019062, 0.130275, 0.355389, 0.063101, 0.059961, 0.034263, 0.005243, 0.049106, 0.002143, 1.6e-05, 0.004179, 0.008809, 0.067674, 0.000381, -0.002158, 0.007549, 2.7e-05, 0.001873, 3e-06, 6e-06, 1.9e-05, 3.2e-05, 0.002081, -3e-06, 3e-06, 2.4e-05, 0.00039, 0.009806, -5e-05, 0.000218, 0.000242], [0.019183, 0.206797, 0.191959, -0.2325, -0.016494, -0.101501, -0.154136, -0.019091, -0.117481, 0.171229, 0.023748, 0.146144, -0.029763, 0.009935, -0.0, 0.0, 0.0, 1.0, 0.0, 0.0, 0.531899, 0.0, 0.0, -0.0, 0.0, -0.0, 0.0, -0.0, 0.029869, -0.201082, -0.225548, -0.078651, 0.17573, 0.047386, 0.024852, 0.27121, 0.073132, 0.072, 0.113389, 0.030575, -0.109202, -0.063511, -0.004331, -0.049409, -0.047264, 0.047656, -0.061155, -0.041973, 0.16915, -0.073741, -0.050611, 0.063957, 0.058194, 0.039941, -0.02463, -0.063918, 1e-06, 0.000227, 0.001289, 0.001355, 0.000117, 0.000262, 0.035973, 0.001358, 0.003047, -0.00017, 0.000752, 0.001686, -0.000154, 0.000172, -0.0, -4.3e-05, -0.002461, 3e-06, -1e-06, -3.4e-05, 0.002819, -0.000124, -0.006541, 9e-06, 0.0, 1e-06, 1.4e-05, -1e-06, 0.0, -0.0, -1e-05, 0.0, -0.0, -0.0, 6.8e-05, -5e-06, -2.1e-05, 0.0, 0.0, 0.0, 0.0, -0.0, 0.0, 2e-06, 0.000524, 0.0, 0.0, 1e-06, 0.000605, 0.000671, 0.001162, -0.0, 0.0, 0.0, -0.0, 0.0, -0.0, 1.4e-05, 0.001717, -5e-06, 5e-06, 1.2e-05, -0.00159, 0.001922, 0.004508, -7e-06, -6e-06, -1.3e-05, -1.2e-05, 1.2e-05, 0.022833, 0.089867, -0.017603, -0.013567, -0.012119, 0.023129, 0.089973, -0.017771, 0.00939, -0.016052, 0.029494, 0.116798, -0.031949, 0.001732, 0.005845, 0.001862, 0.007803, 0.002826, 0.002168, 0.000475, -0.021022, -0.080986, -0.0138, -0.016506, -0.009432, -1.1e-05, -0.003969, -1e-06, -0.0, -2e-06, -4e-06, -0.000664, 1e-06, 0.0, -1e-06, -0.0, -1.2e-05, 0.0, 0.0, 0.0, 0.0, 1e-05, 0.0, 0.0, 0.0, 0.0, 0.000127, -0.0, 0.0, 0.0], [0.001046, 0.011271, 0.010462, -0.016494, 0.069236, -0.005532, -0.019091, 0.195104, -0.006403, 0.019507, -0.106173, 0.009935, -0.007497, -0.035609, -0.0, -0.0, 0.0, 0.0, 1.0, 0.0, 0.0, 0.531899, 0.0, -0.0, -0.0, -0.0, 0.0, -0.0, -0.031256, 0.210416, 0.236018, 0.17573, -0.094604, -0.049585, 0.27121, 0.000232, -0.076527, 0.118117, -0.128791, -0.063511, 0.002578, 0.036341, -0.01473, -0.168027, -0.160731, -0.061155, -0.142335, -0.14274, -0.073741, -0.05994, -0.172116, 0.069273, -0.067964, -0.063918, 0.001819, -0.158633, -1.5e-05, -0.005363, -0.030389, 0.000117, -0.001399, -0.00619, 0.001358, 0.004002, -0.071854, 0.002707, 4.5e-05, 0.000172, 0.004396, -0.002358, -0.0, -5e-06, -0.000267, -1e-06, 9e-06, -4e-06, -0.000124, 0.003948, -0.000709, 1e-06, 1e-06, -1e-06, 2e-06, 6e-06, 0.0, -0.0, -0.000122, -0.0, -0.0, -0.0, -5e-06, 5e-06, -0.000272, 0.0, -0.0, -0.0, 0.0, -0.0, -0.0, -6e-06, -0.001954, 0.0, -1e-06, -3e-06, 0.000671, -0.001714, -0.004328, 0.0, 0.0, 0.0, 0.0, -1e-06, 0.0, -1.1e-05, -0.001319, 5e-06, -3e-06, -9e-06, 0.001922, -0.000566, -0.003465, 3e-06, 4e-06, 1.2e-05, 1e-05, -7e-06, 0.014743, 0.058025, -0.013567, -0.005351, -0.007825, -0.010212, -0.039723, 0.00939, -0.000649, 0.007087, -0.001446, -0.005727, 0.001732, 0.003279, -0.000287, -0.026841, -0.112478, 0.002168, -0.028269, -0.00684, -0.019976, -0.076955, -0.016506, -0.012114, -0.008962, -0.0, -2.9e-05, -0.0, 0.0, -0.0, 2.1e-05, 0.003763, 0.0, -1e-06, 5e-06, -0.0, -2e-05, 0.0, 0.0, 0.0, -0.0, -1e-05, 0.0, 0.0, 0.0, -0.0, -0.000549, 0.0, -0.0, -0.0], [0.006434, 0.069358, 0.064381, -0.101501, -0.005532, 0.036092, -0.117481, -0.006403, 0.156742, 0.120044, 0.009935, -0.046647, 0.026169, -0.002542, 0.0, 0.0, 0.0, 0.0, 0.0, 1.0, 0.0, 0.0, 0.531899, 0.0, -0.0, -0.0, 0.0, 0.0, -0.008428, 0.056739, 0.063642, 0.047386, -0.049585, 0.075913, 0.073132, -0.076527, 0.263396, 0.03185, -0.063511, 0.089613, 0.060931, -0.093773, -0.01011, -0.115324, -0.110316, -0.041973, -0.14274, -0.032329, -0.050611, -0.172116, 0.072704, 0.047545, -0.063918, -0.018705, -0.116224, -0.06361, -3.4e-05, -0.012032, -0.068176, 0.000262, -0.00619, -0.012528, 0.003047, -0.071854, -0.125169, 0.006073, 0.000172, 0.000353, 0.006475, -0.008333, -0.0, -0.000248, -0.014094, -3.4e-05, -4e-06, -0.000184, -0.006541, -0.000709, -0.033495, 4.1e-05, -1e-06, -2.8e-05, 7.6e-05, -3e-06, 0.0, -0.0, -0.00052, -0.0, -0.0, -0.0, -2.1e-05, -0.000272, -0.001088, 0.0, -0.0, -0.0, 0.0, -0.0, -0.0, -1.1e-05, -0.003385, 1e-06, -3e-06, -5e-06, 0.001162, -0.004328, -0.006712, 1e-06, 0.0, 0.0, 1e-06, -1e-06, 0.0, -2.5e-05, -0.003095, 1.2e-05, -9e-06, -2e-05, 0.004508, -0.003465, -0.007216, 7e-06, 1.2e-05, 2.7e-05, 1.8e-05, -2.1e-05, 0.013169, 0.051832, -0.012119, -0.007825, -0.003581, 0.017457, 0.067909, -0.016052, 0.007087, -0.008619, -0.004882, -0.019334, 0.005845, -0.000287, 0.002397, -0.005875, -0.024621, 0.000475, -0.00684, 0.00148, -0.011415, -0.043974, -0.009432, -0.008962, -0.001551, -2.1e-05, -0.00774, -2e-06, -0.0, -3e-06, -7.3e-05, -0.013164, -1e-06, 5e-06, -1.7e-05, -0.0, -6.6e-05, 0.0, 0.0, 0.0, -0.0, -8.1e-05, 0.0, 0.0, 0.0, -0.0, -0.00061, 0.0, -0.0, -0.0], [0.10334, 0.52329, 0.546369, -0.154136, -0.019091, -0.117481, -0.064882, -0.032698, -0.201218, -0.016324, 0.006032, 0.037122, -0.012924, 0.004314, -0.0, 0.0, 0.0, 0.531899, 0.0, 0.0, 1.0, 0.0, 0.0, -0.0, -0.0, 0.0, 0.0, 0.0, 0.059389, -0.325467, -0.43812, 0.052662, 0.100339, 0.027057, 0.283837, 0.265148, 0.071497, 0.060211, -0.022082, -0.005954, -0.019857, -0.011549, -0.025212, -0.128744, -0.135648, 0.16915, -0.073741, -0.050611, 0.488403, -0.127609, -0.087583, 0.051415, 0.091934, 0.063098, -0.011257, -0.029213, 0.000392, 0.003343, 0.006121, 0.035973, 0.001358, 0.003047, 0.184001, 0.004379, 0.009824, -0.001751, 0.014757, 0.033106, -0.00119, 0.001324, -0.000353, -0.005947, -0.022713, 0.002819, -0.000124, -0.006541, 0.037279, -0.000903, -0.047712, 0.003143, 6.1e-05, 0.003213, 0.00407, -0.000154, -0.0, -2e-05, -0.000296, 6.8e-05, -5e-06, -2.1e-05, 0.003456, -0.00016, -0.000683, 1e-05, 1.9e-05, 8.1e-05, 1.3e-05, -6e-06, 4.3e-05, 0.001198, 0.007859, 0.000605, 0.000671, 0.001162, 0.013964, 0.008862, 0.015349, -0.000636, 0.000363, 0.000628, -0.000437, 0.000757, -0.001038, 0.011051, 0.04091, -0.002373, 0.00366, 0.008585, -0.012049, 0.029355, 0.068853, -0.003668, -0.001283, -0.003008, -0.004412, 0.004597, 0.200858, 0.344726, -0.07883, -0.086736, -0.077478, 0.201334, 0.344249, -0.077829, 0.05911, -0.101052, 0.260889, 0.44864, -0.172379, 0.01116, 0.037674, 0.01733, 0.03035, 0.051578, 0.015054, 0.003295, -0.181402, -0.309203, -0.051443, -0.102588, -0.058621, -0.005602, -0.042628, -0.001571, -1.9e-05, -0.005044, -0.001008, -0.00604, 0.001897, 0.000283, -0.000991, -8e-06, -0.000693, 0.0, -2e-06, -6e-06, 7e-06, 0.000551, 1e-06, 1e-06, 5e-06, 0.000125, 0.003142, 2.2e-05, 7.3e-05, 8.1e-05], [0.005632, 0.02852, 0.029778, -0.019091, 0.195104, -0.006403, -0.032698, 0.533287, -0.010967, 0.010942, -0.124632, 0.004314, -0.007535, -0.0418, -0.0, -0.0, 0.0, 0.0, 0.531899, 0.0, 0.0, 1.0, 0.0, 0.0, -0.0, 0.0, -0.0, 0.0, -0.062146, 0.340575, 0.458457, 0.100339, 0.043554, -0.028312, 0.265148, 0.259768, -0.074816, 0.046131, 0.017387, -0.011549, -0.042232, -0.004906, -0.085738, -0.437827, -0.461305, -0.073741, -0.05994, -0.172116, -0.127609, 0.091961, -0.297847, -0.006062, -0.011849, -0.029213, 0.066169, -0.027657, -0.00925, -0.078835, -0.144351, 0.001358, 0.004002, -0.071854, 0.004379, 0.080916, -0.231681, 0.015693, -3.7e-05, 0.001324, 0.04285, 0.001935, -3.8e-05, -0.000644, -0.002461, -0.000124, 0.003948, -0.000709, -0.000903, 0.045513, -0.005169, 0.000189, 0.000806, -0.000154, 0.000529, 0.004618, -4e-06, -0.000255, -0.003788, -5e-06, 5e-06, -0.000272, -0.00016, 0.001417, -0.00874, 9.4e-05, 0.0, -6e-06, 0.000183, 1e-06, -0.000161, -0.004465, -0.029286, 0.000671, -0.001714, -0.004328, 0.008862, -0.016681, -0.057195, 0.001537, 0.000308, 0.000757, 0.00211, -0.001991, 0.000798, -0.008493, -0.031442, 0.00366, -0.000423, -0.006598, 0.029355, 0.003584, -0.052918, 0.000623, 0.000311, 0.004597, 0.004658, -0.00056, 0.12969, 0.222583, -0.086736, -0.000501, -0.050026, -0.08889, -0.151987, 0.05911, 0.029958, 0.044614, -0.012792, -0.021998, 0.01116, 0.054667, -0.001847, -0.249799, -0.437464, 0.015054, -0.164371, -0.047499, -0.172374, -0.293814, -0.102588, -0.040964, -0.055704, -4.1e-05, -0.000311, -1.9e-05, 0.001015, -3.7e-05, 0.005712, 0.034215, 0.000283, 0.000342, 0.005614, -1.4e-05, -0.001163, -2e-06, -1e-06, -9e-06, -7e-06, -0.000555, 1e-06, 1e-06, -5e-06, -0.000541, -0.01357, 7.3e-05, -0.000278, -0.000351], [0.034659, 0.175507, 0.183247, -0.117481, -0.006403, 0.156742, -0.201218, -0.010967, 0.467583, 0.067333, 0.004314, -0.098784, 0.037701, -0.005384, 0.0, -0.0, -0.0, 0.0, 0.0, 0.531899, 0.0, 0.0, 1.0, 0.0, 0.0, -0.0, 0.0, -0.0, -0.016758, 0.091836, 0.123623, 0.027057, -0.028312, 0.140916, 0.071497, -0.074816, 0.517049, 0.012439, -0.011549, 0.057101, 0.022594, -0.059752, -0.058845, -0.300497, -0.316611, -0.050611, -0.172116, 0.072704, -0.087583, -0.297847, 0.321504, -0.004161, -0.029213, 0.010664, -0.097962, 0.036266, -0.020752, -0.17686, -0.323841, 0.003047, -0.071854, -0.125169, 0.009824, -0.231681, -0.335572, 0.035205, 0.001324, 0.002344, 0.029807, -0.055274, -0.002024, -0.034053, -0.130064, -0.006541, -0.000709, -0.033495, -0.047712, -0.005169, -0.227615, 0.009968, -0.000154, -0.007333, 0.018671, -0.000794, -1.8e-05, -0.001088, -0.016137, -2.1e-05, -0.000272, -0.001088, -0.000683, -0.00874, -0.033758, 0.000402, -6e-06, -2.6e-05, 0.000616, -0.000327, -0.000279, -0.007734, -0.050724, 0.001162, -0.004328, -0.006712, 0.015349, -0.057195, -0.082719, 0.002661, 0.000757, 0.001183, 0.001991, -0.004408, 0.001871, -0.019921, -0.07375, 0.008585, -0.006598, -0.013086, 0.068853, -0.052918, -0.097977, 0.001461, 0.004597, 0.009134, 0.00498, -0.00702, 0.115848, 0.198827, -0.077478, -0.050026, 0.010815, 0.151961, 0.259828, -0.101052, 0.044614, -0.020216, -0.043185, -0.074264, 0.037674, -0.001847, 0.048978, -0.05468, -0.095759, 0.003295, -0.047499, 0.042225, -0.098499, -0.167893, -0.058621, -0.055704, 0.024687, -0.010924, -0.083132, -0.005044, -3.7e-05, -0.008821, -0.019982, -0.119682, -0.000991, 0.005614, -0.017689, -4.5e-05, -0.003807, -6e-06, -9e-06, -2.9e-05, -5.7e-05, -0.004419, 5e-06, -5e-06, -3.9e-05, -0.000601, -0.015065, 8.1e-05, -0.000351, -0.000351], [0.016602, 0.146463, 0.058314, -0.171229, -0.019507, -0.120044, 0.016324, -0.010942, -0.067333, 0.119141, 0.031658, 0.194821, -0.052846, 0.017641, -0.0, 0.0, -0.0, -0.0, -0.0, 0.0, -0.0, 0.0, 0.0, 1.0, 0.0, 0.0, 0.0, 0.0, -0.011396, 0.056744, 0.030918, -0.072853, -0.139716, -0.037674, -0.159984, -0.147777, -0.039848, -0.203457, 0.005306, 0.001431, 0.15169, 0.088221, -0.007217, -0.06989, -0.028819, -0.063957, -0.069273, -0.047545, -0.051415, 0.006062, 0.004161, 0.034717, -0.096373, -0.066145, -0.018358, -0.047642, -2e-06, -0.005564, -0.019381, 0.00017, -0.002707, -0.006073, 0.001751, -0.015693, -0.035205, 0.003001, 0.0001, 0.000225, 0.003315, -0.003688, -0.0, -6.9e-05, -0.004125, -9e-06, -1e-06, -4.1e-05, -0.003143, -0.000189, -0.009968, 6e-06, -0.0, -5e-06, 1.1e-05, -0.0, 0.0, -0.0, -0.000186, -0.0, -0.0, -0.0, -1e-05, -9.4e-05, -0.000402, 0.0, 0.0, 0.0, 0.0, 0.0, 0.0, -3e-06, -0.001259, 0.0, -0.0, -1e-06, 0.000636, -0.001537, -0.002661, 0.0, 0.0, 0.0, 0.0, -0.0, 0.0, -2e-06, -0.000558, 1e-06, -0.0, -1e-06, 0.001539, -0.000445, -0.001043, -0.0, 1e-06, 2e-06, 1e-06, -1e-06, 0.009574, 0.018536, -0.005841, -0.00793, -0.007084, 0.009545, 0.018221, -0.005725, 0.005441, -0.009302, 0.025393, 0.049527, -0.029408, 0.001847, 0.006237, -0.012015, -0.025095, 0.001429, -0.013476, -0.00295, 0.00505, 0.009527, 0.000788, 0.006502, 0.003716, -2e-06, -0.001035, -0.0, -0.0, -0.0, -1.9e-05, -0.004188, -0.0, 1e-06, -2e-06, 0.0, -2.2e-05, 0.0, 0.0, 0.0, 0.0, -2.7e-05, 0.0, 0.0, 0.0, -0.0, -0.000264, 0.0, 0.0, 0.0], [0.001663, 0.014673, 0.005842, -0.023748, 0.106173, -0.009935, -0.006032, 0.124632, -0.004314, 0.031658, -0.18085, 0.019766, -0.015978, -0.073098, 0.0, 0.0, 0.0, 0.0, -0.0, -0.0, -0.0, -0.0, 0.0, 0.0, 1.0, 0.0, 0.0, 0.0, 0.050047, -0.249207, -0.135784, -0.159589, 0.178315, 0.080211, 0.002704, 0.01369, 0.050584, 0.005306, 0.150854, 0.067432, -0.030949, -0.075264, 0.005663, 0.054842, 0.022614, -0.058194, 0.067964, 0.063918, -0.091934, 0.011849, 0.029213, -0.096373, -0.071789, -0.064097, 0.006289, 0.100034, -0.0, -0.000136, -0.000472, -0.000752, -4.5e-05, -0.000172, -0.014757, 3.7e-05, -0.001324, 0.0001, -0.000272, -0.000927, 0.000122, -7.7e-05, 0.0, 1e-06, 5e-05, -0.0, -1e-06, 1e-06, -6.1e-05, -0.000806, 0.000154, -0.0, 0.0, -0.0, -0.0, -1e-06, 0.0, 0.0, 3e-06, -0.0, 0.0, 0.0, -1.9e-05, -0.0, 6e-06, 0.0, 0.0, 0.0, 0.0, 0.0, 0.0, -1e-06, -0.000303, -0.0, -0.0, -0.0, -0.000363, -0.000308, -0.000757, 0.0, -0.0, -0.0, 0.0, -0.0, 0.0, -2e-06, -0.000806, 1e-06, -0.0, -2e-06, 0.000874, -0.000445, -0.002344, 1e-06, 1e-06, 2e-06, 2e-06, -1e-06, 0.017126, 0.033156, -0.015728, -0.007987, -0.010456, -0.011817, -0.022557, 0.010852, -0.001724, 0.00946, -0.002189, -0.00427, 0.002777, 0.004627, -0.000498, -0.002781, -0.005809, -0.003856, -0.003383, -0.000803, 0.020721, 0.039092, 0.016474, 0.015315, 0.010749, 0.0, 1.5e-05, 0.0, -0.0, 0.0, -1e-06, -0.000194, 0.0, 0.0, -0.0, 0.0, 4e-06, 0.0, 0.0, 0.0, 0.0, -1e-06, 0.0, 0.0, 0.0, -0.0, -0.0001, 0.0, 0.0, 0.0], [0.010235, 0.090295, 0.035951, -0.146144, -0.009935, 0.046647, -0.037122, -0.004314, 0.098784, 0.194821, 0.019766, -0.062426, 0.050463, -0.0041, 0.0, 0.0, 0.0, -0.0, -0.0, -0.0, 0.0, 0.0, -0.0, 0.0, 0.0, 1.0, 0.0, 0.0, 0.013495, -0.067199, -0.036614, -0.043033, 0.080211, -0.097519, 0.000729, 0.050584, -0.160261, 0.001431, 0.067432, -0.081034, -0.107348, 0.149932, 0.003887, 0.03764, 0.015521, -0.039941, 0.063918, 0.018705, -0.063098, 0.029213, -0.010664, -0.066145, -0.064097, -0.022391, 0.064517, 0.04546, -0.0, -0.000304, -0.001059, -0.001686, -0.000172, -0.000353, -0.033106, -0.001324, -0.002344, 0.000225, -0.000927, -0.001938, 0.000195, -0.000243, 0.0, 4.5e-05, 0.002656, -1e-06, 1e-06, 2.8e-05, -0.003213, 0.000154, 0.007333, -5e-06, -0.0, -0.0, -8e-06, 0.0, 0.0, 0.0, 1.1e-05, -0.0, 0.0, 0.0, -8.1e-05, 6e-06, 2.6e-05, 0.0, 0.0, 0.0, 0.0, 0.0, 0.0, -1e-06, -0.000526, -0.0, -0.0, -0.0, -0.000628, -0.000757, -0.001183, 0.0, -0.